-506890026
-1700175075
-726361611
560337951
509471389
-2017606411
1127662933
1666716021
-492558246
-1366390465
-1864594838
1800449133
-1418687006
-2098219348
-1242183615
2076153689
1754778894
-686115779
-1402353156
322223602
68082121
446675842
-985716213
-1219385830
-793366320
-1573266444
289901986
-716657110
-254296349
-887452036
-1002000399
-1895624504
2079811488
-295055014
-68418126
-761989491
1772074522
1551357492
1793749712
-1780383468
-1251467059
-229969571
-2092381286
227449481
14835463
522698367
722553072
1251330577
-661581835
-288980151
-1719206056
-467229112
607229754
2075067802
-169147479
-64115054
-186680605
2084931194
290738013
-1409844144
1360742293
368216204
-590962780
949208791
1388034245
2073083756
606503309
687799371
1494443517
-1847908044
-551417735
1261115823
944430913
2082777780
-428008721
1149552421
-1699096934
-669652158
317560584
-1032917404
1841131334
-2065413546
1213424552
105479471
1562511869
2009044890
2045789837
851114029
1684485270
-1150647077
-1790611135
1951890942
1917440293
-2019853746
-1080646143
-2083043587
-228261245
-686428537
43
