0 3 : 000100000100010010100010000010000010010100
0 1 : 000100000100010010110010000010000000010000
0 2 : 000100000100010010110010000010001000010000
0 2 : 000101000100010010101010010010000010010100
0 1 : 001000011010100000000001001101100000001000
0 3 : 001000100011001100000001000100110001001010
0 1 : 001000100011001100000001000100110001101010
0 3 : 011010100011000100000001000100110001001010
0 2 : 101000000010000001000001101100100100001000
0 1 : 101000000010000001000001101100100100001001
0 1 : 101000000010000001000101101100100100001000
