0.4814527 0.2572624 -0.1058215 -3.175244 0.2079017 -0.08237269 0.2079017 -3.347372 -0.04199128 -0.08237269 -0.04199128 -3.407869
0.8410008 0.4577879 -0.2066302 -2.987009 0.3372296 -0.1494231 0.3372296 -3.275266 -0.07873302 -0.1494231 -0.07873302 -3.369415
1.126663 0.620584 -0.3027746 -2.86689 0.4284152 -0.2034864 0.4284152 -3.229822 -0.1112487 -0.2034864 -0.1112487 -3.348795
1.364596 0.7687465 -0.3971683 -2.787265 0.5016938 -0.2494491 0.5016938 -3.195046 -0.1427951 -0.2494491 -0.1427951 -3.334423
1.574151 0.9177186 -0.4823694 -2.735861 0.5630471 -0.2858035 0.5630471 -3.161677 -0.1705018 -0.2858035 -0.1705018 -3.328871
1.770286 1.068484 -0.5634732 -2.702711 0.6141283 -0.3163505 0.6141283 -3.135654 -0.1954431 -0.3163505 -0.1954431 -3.327665
1.964097 1.2238 -0.6461444 -2.683464 0.6559561 -0.3416149 0.6559561 -3.115294 -0.2168259 -0.3416149 -0.2168259 -3.330549
2.159802 1.38789 -0.7412822 -2.674924 0.6904764 -0.3632225 0.6904764 -3.103007 -0.2373088 -0.3632225 -0.2373088 -3.33077
2.361815 1.564549 -0.852099 -2.674919 0.7186944 -0.3809461 0.7186944 -3.095119 -0.2557214 -0.3809461 -0.2557214 -3.333398
2.575173 1.760997 -0.9712515 -2.681645 0.7411965 -0.3956761 0.7411965 -3.089587 -0.2719691 -0.3956761 -0.2719691 -3.337474
2.809795 1.97652 -1.107965 -2.694087 0.7589199 -0.4077729 0.7589199 -3.089937 -0.2848951 -0.4077729 -0.2848951 -3.344077
3.068685 2.212414 -1.26388 -2.712017 0.7727059 -0.4167964 0.7727059 -3.096199 -0.2955544 -0.4167964 -0.2955544 -3.355399
3.349037 2.472091 -1.429591 -2.734596 0.782873 -0.4236909 0.782873 -3.107548 -0.3026342 -0.4236909 -0.3026342 -3.365203
3.656243 2.753125 -1.615239 -2.761556 0.7898987 -0.4281363 0.7898987 -3.123194 -0.3073529 -0.4281363 -0.3073529 -3.374796
3.995092 3.076166 -1.825541 -2.79279 0.7934865 -0.4299937 0.7934865 -3.144133 -0.3095763 -0.4299937 -0.3095763 -3.387237
4.358461 3.430217 -2.060257 -2.827583 0.7945294 -0.4301007 0.7945294 -3.169166 -0.3091628 -0.4301007 -0.3091628 -3.401677
4.767615 3.828322 -2.351821 -2.867006 0.7920629 -0.4264065 0.7920629 -3.198436 -0.3056105 -0.4264065 -0.3056105 -3.422166
5.225439 4.273191 -2.702067 -2.911377 0.7865794 -0.4191847 0.7865794 -3.232672 -0.2980926 -0.4191847 -0.2980926 -3.448567
5.702053 4.733675 -3.097875 -2.958807 0.7807078 -0.4100016 0.7807078 -3.269354 -0.2870933 -0.4100016 -0.2870933 -3.481077
6.184351 5.186377 -3.546192 -3.00823 0.7759624 -0.3988716 0.7759624 -3.305586 -0.2731821 -0.3988716 -0.2731821 -3.519829
6.707067 5.728072 -4.067688 -3.061403 0.7675419 -0.3860277 0.7675419 -3.346814 -0.2501365 -0.3860277 -0.2501365 -3.562355
7.162791 6.306945 -4.58422 -3.110219 0.7607812 -0.3773296 0.7607812 -3.393751 -0.2227818 -0.3773296 -0.2227818 -3.605689
7.596207 6.97492 -5.184276 -3.157862 0.754923 -0.3693689 0.754923 -3.450987 -0.1866469 -0.3693689 -0.1866469 -3.657673
7.986796 7.780181 -5.876791 -3.201949 0.7491241 -0.3652479 0.7491241 -3.523063 -0.1387637 -0.3652479 -0.1387637 -3.720568
8.399903 8.813736 -6.794264 -3.24855 0.7433489 -0.3597761 0.7433489 -3.61772 -0.07038142 -0.3597761 -0.07038142 -3.802116
8.831811 9.80765 -7.685429 -3.298482 0.7378436 -0.3546858 0.7378436 -3.708958 -0.002587151 -0.3546858 -0.002587151 -3.879981
9.268513 10.5855 -8.39465 -3.350462 0.7324384 -0.3514554 0.7324384 -3.779564 0.04978464 -0.3514554 0.04978464 -3.944229
9.692006 11.37242 -9.074849 -3.404404 0.7290446 -0.3509348 0.7290446 -3.855144 0.1011501 -0.3509348 0.1011501 -4.008835
10.10696 12.1497 -9.69041 -3.46007 0.726761 -0.352606 0.726761 -3.933349 0.1488242 -0.352606 0.1488242 -4.068819
10.52571 13.06775 -10.4234 -3.518093 0.7247901 -0.355936 0.7247901 -4.025448 0.2087095 -0.355936 0.2087095 -4.1419
10.92661 13.92162 -11.13213 -3.577056 0.7243838 -0.3617634 0.7243838 -4.110413 0.2669845 -0.3617634 0.2669845 -4.216609
11.32397 14.63451 -11.73678 -3.636921 0.72511 -0.3687897 0.72511 -4.182591 0.3154615 -0.3687897 0.3154615 -4.283223
11.74938 15.3423 -12.38524 -3.701307 0.7262939 -0.376683 0.7262939 -4.254161 0.3663487 -0.376683 0.3663487 -4.356147
12.17765 15.9688 -12.97951 -3.768892 0.7281345 -0.3881341 0.7281345 -4.316592 0.4128307 -0.3881341 0.4128307 -4.428489
12.54549 16.55222 -13.49705 -3.832193 0.7319178 -0.4023128 0.7319178 -4.377041 0.4566648 -0.4023128 0.4566648 -4.492034
12.87516 17.12448 -14.05992 -3.890687 0.7374899 -0.4150378 0.7374899 -4.438672 0.5027896 -0.4150378 0.5027896 -4.560211
13.17876 17.76585 -14.69473 -3.947826 0.743741 -0.4303835 0.743741 -4.507122 0.5568492 -0.4303835 0.5568492 -4.638176
13.48108 18.4856 -15.44765 -4.005955 0.7517542 -0.4436956 0.7517542 -4.585176 0.619703 -0.4436956 0.619703 -4.724329
13.73847 19.20722 -16.17322 -4.065919 0.7649176 -0.4617958 0.7649176 -4.671132 0.6818603 -0.4617958 0.6818603 -4.81164
14.10099 19.75437 -16.64648 -4.133614 0.7729917 -0.4759158 0.7729917 -4.74325 0.7166283 -0.4759158 0.7166283 -4.873831
14.47812 20.20108 -16.96848 -4.20669 0.7823131 -0.4919719 0.7823131 -4.803783 0.7409792 -0.4919719 0.7409792 -4.923962
14.7997 20.73998 -17.37962 -4.276878 0.7968097 -0.5066975 0.7968097 -4.881313 0.7711899 -0.5066975 0.7711899 -4.981971
15.07153 21.27566 -17.79154 -4.338917 0.8117291 -0.5174019 0.8117291 -4.964383 0.7951176 -0.5174019 0.7951176 -5.041204
15.34292 21.91271 -18.19884 -4.40664 0.8275711 -0.5330477 0.8275711 -5.062459 0.8193063 -0.5330477 0.8193063 -5.106382
15.60556 22.57407 -18.63076 -4.47366 0.8420241 -0.5527971 0.8420241 -5.158401 0.8468915 -0.5527971 0.8468915 -5.178421
15.84099 23.22975 -19.1257 -4.539146 0.8581414 -0.5746395 0.8581414 -5.250998 0.8806271 -0.5746395 0.8806271 -5.257674
16.03473 23.83341 -19.57043 -4.605552 0.8782043 -0.6021741 0.8782043 -5.340863 0.9145734 -0.6021741 0.9145734 -5.335186
16.28438 24.63062 -20.22318 -4.689422 0.9027774 -0.6383689 0.9027774 -5.44911 0.970023 -0.6383689 0.970023 -5.437632
16.54278 25.66412 -21.23128 -4.782545 0.9311478 -0.6811875 0.9311478 -5.573579 1.058911 -0.6811875 1.058911 -5.576611
16.78347 26.93779 -22.56047 -4.884285 0.9636722 -0.7358494 0.9636722 -5.725309 1.17838 -0.7358494 1.17838 -5.755874
17.17792 27.84614 -23.53342 -4.99971 0.9868007 -0.7929941 0.9868007 -5.838496 1.263267 -0.7929941 1.263267 -5.910341
17.52284 28.77595 -24.53031 -5.113702 1.013001 -0.8559157 1.013001 -5.94435 1.358923 -0.8559157 1.358923 -6.072747
17.84919 29.67928 -25.49541 -5.223835 1.036135 -0.9165323 1.036135 -6.036844 1.453007 -0.9165323 1.453007 -6.22923
18.25772 30.04361 -25.83342 -5.336621 1.054347 -0.9615846 1.054347 -6.079451 1.49551 -0.9615846 1.49551 -6.297606
18.63618 30.3569 -26.11194 -5.449726 1.073492 -1.010269 1.073492 -6.117698 1.534939 -1.010269 1.534939 -6.363436
19.05888 30.46044 -26.13744 -5.563505 1.088634 -1.054346 1.088634 -6.134919 1.550427 -1.054346 1.550427 -6.401169
19.37819 30.49228 -26.15625 -5.661269 1.106096 -1.093547 1.106096 -6.146988 1.561657 -1.093547 1.561657 -6.435211
19.71541 30.52365 -26.21624 -5.765719 1.124479 -1.135145 1.124479 -6.159091 1.575475 -1.135145 1.575475 -6.47515
20.03228 30.56349 -26.33719 -5.874346 1.145204 -1.182754 1.145204 -6.172445 1.593313 -1.182754 1.593313 -6.529147
20.39882 30.4929 -26.19121 -5.987584 1.165246 -1.2286 1.165246 -6.182406 1.595749 -1.2286 1.595749 -6.553486
20.70813 30.48901 -26.14876 -6.093899 1.18678 -1.271131 1.18678 -6.194934 1.601151 -1.271131 1.601151 -6.583288
21.09719 30.43781 -26.04815 -6.223079 1.216509 -1.321894 1.216509 -6.20658 1.607377 -1.321894 1.607377 -6.61104
21.53035 30.38909 -25.85775 -6.365296 1.247187 -1.383621 1.247187 -6.219983 1.611914 -1.383621 1.611914 -6.639678
21.92989 30.44021 -25.80194 -6.524801 1.284495 -1.459709 1.284495 -6.242982 1.627982 -1.459709 1.627982 -6.69134
22.42523 30.51873 -25.7209 -6.722059 1.328561 -1.56218 1.328561 -6.27411 1.650582 -1.56218 1.650582 -6.766032
22.5249 30.75634 -25.95827 -6.900257 1.39055 -1.690202 1.39055 -6.327612 1.698559 -1.690202 1.698559 -6.899844
