0.5477699 0.2881927 -0.09865922 -3.099529 0.25413 -0.0816895 0.25413 -3.29717 -0.04848077 -0.0816895 -0.04848077 -3.375283
0.952043 0.5173317 -0.2265164 -2.848007 0.4188285 -0.1795836 0.4188285 -3.209504 -0.09835151 -0.1795836 -0.09835151 -3.330806
1.246015 0.6890955 -0.3322882 -2.694262 0.5317254 -0.2537054 0.5317254 -3.151956 -0.1431728 -0.2537054 -0.1431728 -3.30277
1.469968 0.8294011 -0.4246537 -2.5918 0.6217339 -0.3153407 0.6217339 -3.104584 -0.1858065 -0.3153407 -0.1858065 -3.283038
1.645546 0.9565002 -0.500658 -2.526626 0.6994668 -0.3636335 0.6994668 -3.055168 -0.2257651 -0.3636335 -0.2257651 -3.271918
1.790519 1.071146 -0.5633303 -2.48541 0.7652439 -0.4031035 0.7652439 -3.009352 -0.2624343 -0.4031035 -0.2624343 -3.264878
1.91862 1.175203 -0.6171786 -2.46119 0.818751 -0.434019 0.818751 -2.970219 -0.2930476 -0.434019 -0.2930476 -3.263061
2.034134 1.26994 -0.6690223 -2.448946 0.8627158 -0.4626547 0.8627158 -2.940628 -0.324718 -0.4626547 -0.324718 -3.257138
2.14093 1.358299 -0.7198062 -2.446545 0.8987957 -0.4877249 0.8987957 -2.917258 -0.3562194 -0.4877249 -0.3562194 -3.248147
2.240364 1.440075 -0.7657453 -2.451058 0.9295597 -0.5093042 0.9295597 -2.892403 -0.3879434 -0.5093042 -0.3879434 -3.239053
2.337291 1.518849 -0.8087798 -2.459449 0.9553445 -0.528178 0.9553445 -2.873719 -0.4152622 -0.528178 -0.4152622 -3.232451
2.433851 1.595836 -0.8515325 -2.470862 0.9769538 -0.5443981 0.9769538 -2.862671 -0.438492 -0.5443981 -0.438492 -3.230394
2.529849 1.672381 -0.8933943 -2.484931 0.9954749 -0.5587326 0.9954749 -2.856741 -0.4586848 -0.5587326 -0.4586848 -3.228504
2.625829 1.748152 -0.9342871 -2.500805 1.011348 -0.5717113 1.011348 -2.85585 -0.4757116 -0.5717113 -0.4757116 -3.226096
2.720625 1.822178 -0.9739931 -2.518268 1.025554 -0.583341 1.025554 -2.857585 -0.4914032 -0.583341 -0.4914032 -3.224435
2.814483 1.895624 -1.012373 -2.537031 1.03825 -0.5936706 1.03825 -2.860981 -0.5054876 -0.5936706 -0.5054876 -3.223317
2.907113 1.968278 -1.05173 -2.556912 1.049659 -0.602989 1.049659 -2.865912 -0.51903 -0.602989 -0.51903 -3.223463
2.999049 2.040445 -1.092689 -2.577575 1.060064 -0.6116865 1.060064 -2.872951 -0.5312211 -0.6116865 -0.5312211 -3.225154
3.090231 2.113338 -1.134176 -2.598857 1.069773 -0.6199901 1.069773 -2.882202 -0.5414868 -0.6199901 -0.5414868 -3.228564
3.181251 2.185086 -1.176882 -2.62057 1.078671 -0.6281434 1.078671 -2.892981 -0.550054 -0.6281434 -0.550054 -3.233019
3.271761 2.254722 -1.219462 -2.642593 1.086406 -0.6360077 1.086406 -2.902046 -0.5572521 -0.6360077 -0.5572521 -3.237712
3.361423 2.324332 -1.261741 -2.664936 1.093162 -0.64335 1.093162 -2.909546 -0.5631485 -0.64335 -0.5631485 -3.242824
3.449761 2.395382 -1.303644 -2.687545 1.099586 -0.6503051 1.099586 -2.917902 -0.5684333 -0.6503051 -0.5684333 -3.249141
3.53698 2.467388 -1.344455 -2.710364 1.105729 -0.6571366 1.105729 -2.927121 -0.573271 -0.6571366 -0.573271 -3.256259
3.623718 2.538223 -1.38383 -2.733367 1.111805 -0.6640626 1.111805 -2.937223 -0.5777337 -0.6640626 -0.5777337 -3.263363
3.710647 2.607213 -1.423744 -2.75647 1.117799 -0.6718239 1.117799 -2.948123 -0.5800567 -0.6718239 -0.5800567 -3.269328
3.798136 2.675478 -1.466567 -2.779729 1.123768 -0.6804074 1.123768 -2.959399 -0.5794428 -0.6804074 -0.5794428 -3.276153
3.885221 2.744535 -1.508728 -2.803177 1.129844 -0.689252 1.129844 -2.971753 -0.5781998 -0.689252 -0.5781998 -3.284856
3.971767 2.81383 -1.549869 -2.826813 1.135883 -0.6979348 1.135883 -2.98439 -0.5772449 -0.6979348 -0.5772449 -3.295209
4.057825 2.882846 -1.58993 -2.850631 1.14196 -0.7065173 1.14196 -2.997037 -0.5765302 -0.7065173 -0.5765302 -3.307105
4.143197 2.951534 -1.629791 -2.87453 1.147872 -0.7149002 1.147872 -3.00926 -0.5759664 -0.7149002 -0.5759664 -3.320224
4.227746 3.020182 -1.669013 -2.898564 1.153948 -0.7235395 1.153948 -3.022457 -0.5751034 -0.7235395 -0.5751034 -3.333014
4.311924 3.087408 -1.70724 -2.922744 1.16026 -0.7326423 1.16026 -3.03705 -0.5740233 -0.7326423 -0.5740233 -3.344562
4.395804 3.153364 -1.745098 -2.947081 1.166542 -0.741867 1.166542 -3.051726 -0.5728578 -0.741867 -0.5728578 -3.356362
4.479255 3.219553 -1.781677 -2.971558 1.172606 -0.7508966 1.172606 -3.066046 -0.5712931 -0.7508966 -0.5712931 -3.366928
4.561848 3.286135 -1.820165 -2.996105 1.178604 -0.7596332 1.178604 -3.08056 -0.5690424 -0.7596332 -0.5690424 -3.376701
4.643802 3.35267 -1.860202 -3.02072 1.184423 -0.768405 1.184423 -3.094782 -0.5660687 -0.768405 -0.5660687 -3.386811
4.725164 3.419228 -1.90047 -3.045463 1.190257 -0.7768813 1.190257 -3.109203 -0.5626513 -0.7768813 -0.5626513 -3.395578
4.805834 3.486102 -1.939765 -3.070308 1.196256 -0.7849608 1.196256 -3.124536 -0.5596547 -0.7849608 -0.5596547 -3.403801
4.886095 3.552915 -1.975571 -3.095144 1.202435 -0.7929199 1.202435 -3.140507 -0.5576834 -0.7929199 -0.5576834 -3.412956
4.966276 3.61989 -2.009355 -3.120086 1.20872 -0.8007242 1.20872 -3.156285 -0.5561423 -0.8007242 -0.5561423 -3.423812
5.046039 3.686861 -2.041128 -3.145135 1.215181 -0.8081331 1.215181 -3.172806 -0.5553412 -0.8081331 -0.5553412 -3.434108
5.124935 3.754428 -2.072358 -3.170113 1.221635 -0.8148696 1.221635 -3.190238 -0.5553408 -0.8148696 -0.5553408 -3.443266
5.203566 3.822794 -2.102036 -3.195019 1.227796 -0.8211817 1.227796 -3.207691 -0.5561482 -0.8211817 -0.5561482 -3.452777
5.281602 3.891514 -2.129557 -3.219894 1.233694 -0.8277444 1.233694 -3.224554 -0.5571884 -0.8277444 -0.5571884 -3.463344
5.359097 3.959975 -2.157463 -3.244869 1.239691 -0.8347759 1.239691 -3.241459 -0.5576638 -0.8347759 -0.5576638 -3.474524
5.435861 4.028488 -2.186158 -3.27007 1.245921 -0.8421371 1.245921 -3.258873 -0.5577478 -0.8421371 -0.5577478 -3.486161
5.512592 4.09621 -2.212958 -3.29544 1.25229 -0.8499111 1.25229 -3.276591 -0.5577106 -0.8499111 -0.5577106 -3.497306
5.589211 4.162852 -2.238951 -3.320875 1.258723 -0.8579483 1.258723 -3.294421 -0.5573775 -0.8579483 -0.5573775 -3.507746
5.665385 4.230261 -2.266715 -3.346323 1.265033 -0.8664981 1.265033 -3.312522 -0.5562924 -0.8664981 -0.5562924 -3.519225
5.741378 4.297549 -2.296448 -3.371777 1.271167 -0.8753436 1.271167 -3.33035 -0.5546657 -0.8753436 -0.5546657 -3.531965
5.817224 4.364389 -2.329705 -3.397331 1.277333 -0.8840763 1.277333 -3.347822 -0.5527039 -0.8840763 -0.5527039 -3.546432
5.893532 4.429619 -2.366772 -3.422917 1.283032 -0.8923417 1.283032 -3.363199 -0.5503689 -0.8923417 -0.5503689 -3.561717
5.971152 4.493888 -2.404543 -3.448621 1.288354 -0.9000157 1.288354 -3.377335 -0.547186 -0.9000157 -0.547186 -3.574247
6.049305 4.55735 -2.442938 -3.474459 1.293321 -0.9077076 1.293321 -3.390828 -0.5434816 -0.9077076 -0.5434816 -3.585365
6.12758 4.619788 -2.481479 -3.500305 1.297968 -0.9153335 1.297968 -3.403552 -0.53986 -0.9153335 -0.53986 -3.596373
6.205692 4.681163 -2.519547 -3.526277 1.302687 -0.9229145 1.302687 -3.416197 -0.5362856 -0.9229145 -0.5362856 -3.607015
6.283747 4.741581 -2.55758 -3.552364 1.307568 -0.9305635 1.307568 -3.429131 -0.5325809 -0.9305635 -0.5325809 -3.617034
6.361259 4.80204 -2.596565 -3.578521 1.312557 -0.9383823 1.312557 -3.442449 -0.528663 -0.9383823 -0.528663 -3.627558
6.437791 4.863914 -2.634302 -3.604822 1.317853 -0.9462239 1.317853 -3.456638 -0.5250775 -0.9462239 -0.5250775 -3.639388
6.513217 4.926003 -2.669704 -3.631167 1.323239 -0.9537788 1.323239 -3.470863 -0.5223567 -0.9537788 -0.5223567 -3.651172
6.587888 4.986193 -2.702522 -3.657628 1.328793 -0.9612282 1.328793 -3.484527 -0.5201278 -0.9612282 -0.5201278 -3.662268
6.661805 5.04598 -2.733588 -3.684157 1.334368 -0.9688674 1.334368 -3.497754 -0.5176836 -0.9688674 -0.5176836 -3.673231
6.735352 5.105192 -2.762108 -3.710764 1.339854 -0.9764522 1.339854 -3.510835 -0.5160763 -0.9764522 -0.5160763 -3.684166
6.808274 5.1661 -2.790258 -3.737401 1.345339 -0.9841741 1.345339 -3.524386 -0.5144719 -0.9841741 -0.5144719 -3.695888
6.87989 5.228982 -2.818475 -3.764201 1.351146 -0.9922762 1.351146 -3.539012 -0.5126034 -0.9922762 -0.5126034 -3.70853
