2.130758 1.561719 -0.921723
1.899077 1.68276 -0.4676471
1.9209 0.9570595 -1.066871
1.9209 0.9570595 -1.066871
1.9209 0.9570595 -1.066871
1.9209 0.9570595 -1.066871
1.9209 0.9570595 -1.066871
1.9209 0.9570595 -1.066871
1.9209 0.9570595 -1.066871
2.208443 1.548907 -1.129881
2.208443 1.548907 -1.129881
2.208443 1.548907 -1.129881
2.208443 1.548907 -1.129881
2.208443 1.548907 -1.129881
2.231263 1.939416 -1.027064
2.231263 1.939416 -1.027064
2.231263 1.939416 -1.027064
2.231263 1.939416 -1.027064
2.231263 1.939416 -1.027064
2.231263 1.939416 -1.027064
2.231263 1.939416 -1.027064
2.306023 1.73925 -1.244747
2.306023 1.73925 -1.244747
2.306023 1.73925 -1.244747
2.306023 1.73925 -1.244747
2.306023 1.73925 -1.244747
2.306023 1.73925 -1.244747
2.224149 2.242476 -1.011549
2.28172 2.095149 -0.9185223
2.28172 2.095149 -0.9185223
2.28172 2.095149 -0.9185223
2.369087 1.793067 -1.109808
2.404371 1.961549 -1.340609
2.404371 1.961549 -1.340609
2.329113 1.841515 -1.193856
2.397415 2.010547 -1.535041
2.204116 2.512113 -1.04282
2.072626 1.827778 -0.6252329
2.072626 1.827778 -0.6252329
2.685464 2.758424 -1.813894
2.835482 2.509317 -2.091929
2.835482 2.509317 -2.091929
2.473208 2.117267 -1.1686
2.473208 2.117267 -1.1686
2.125551 1.553925 -0.7565783
2.001892 1.51986 -0.5100751
2.633181 2.424308 -1.614612
2.633181 2.424308 -1.614612
2.633181 2.424308 -1.614612
2.633181 2.424308 -1.614612
2.633181 2.424308 -1.614612
2.633181 2.424308 -1.614612
2.633181 2.424308 -1.614612
2.633181 2.424308 -1.614612
2.431846 1.714622 -1.473765
2.431846 1.714622 -1.473765
2.431846 1.714622 -1.473765
2.431846 1.714622 -1.473765
2.431846 1.714622 -1.473765
2.664341 2.081708 -1.838454
2.5184 2.520167 -1.592576
2.727567 2.148006 -2.182071
2.727567 2.148006 -2.182071
2.352261 2.202023 -1.55311
2.352261 2.202023 -1.55311
2.298707 2.550952 -1.224115
2.458332 1.938953 -1.645792
2.458332 1.938953 -1.645792
2.458332 1.938953 -1.645792
2.324601 2.571308 -1.180154
2.292978 2.139221 -1.226359
2.292978 2.139221 -1.226359
2.717776 2.608126 -1.936446
2.717776 2.608126 -1.936446
3.247609 2.82036 -2.19757
2.777721 3.086051 -1.592116
2.777721 3.086051 -1.592116
2.777721 3.086051 -1.592116
2.777721 3.086051 -1.592116
2.741456 2.798001 -1.743376
2.741456 2.798001 -1.743376
2.741456 2.798001 -1.743376
2.741456 2.798001 -1.743376
2.741456 2.798001 -1.743376
2.741456 2.798001 -1.743376
2.741456 2.798001 -1.743376
2.741456 2.798001 -1.743376
2.741456 2.798001 -1.743376
2.741456 2.798001 -1.743376
2.741456 2.798001 -1.743376
2.712004 2.628824 -1.654856
2.712004 2.628824 -1.654856
2.712004 2.628824 -1.654856
2.712004 2.628824 -1.654856
2.712004 2.628824 -1.654856
2.712004 2.628824 -1.654856
2.989862 2.587167 -2.075347
2.989862 2.587167 -2.075347
2.594999 2.457159 -1.571845
2.952628 2.707603 -1.890144
2.952628 2.707603 -1.890144
3.111694 2.533683 -2.410673
3.065639 2.437353 -2.455316
2.59539 2.359666 -1.860777
2.59539 2.359666 -1.860777
2.59539 2.359666 -1.860777
2.59539 2.359666 -1.860777
2.582667 2.698144 -1.431094
2.582667 2.698144 -1.431094
2.582667 2.698144 -1.431094
2.811973 2.320599 -2.342184
2.811973 2.320599 -2.342184
2.811973 2.320599 -2.342184
2.811973 2.320599 -2.342184
2.811973 2.320599 -2.342184
2.925338 2.871423 -2.143797
2.925338 2.871423 -2.143797
2.925338 2.871423 -2.143797
2.925338 2.871423 -2.143797
2.763199 2.170496 -2.281076
2.994581 2.486133 -2.143134
2.994581 2.486133 -2.143134
2.808329 2.391554 -2.332677
2.808329 2.391554 -2.332677
2.808329 2.391554 -2.332677
2.540143 2.475561 -2.02788
2.540143 2.475561 -2.02788
2.735848 1.957379 -2.559207
2.920398 2.914352 -2.306781
2.920398 2.914352 -2.306781
2.745986 3.044583 -1.742567
2.950716 2.949745 -2.368188
2.48793 2.645788 -1.249961
2.48793 2.645788 -1.249961
2.686069 2.318814 -1.862315
2.686069 2.318814 -1.862315
2.686069 2.318814 -1.862315
2.686069 2.318814 -1.862315
2.686069 2.318814 -1.862315
2.686069 2.318814 -1.862315
3.070444 2.982895 -2.27592
3.070444 2.982895 -2.27592
3.017317 2.913228 -2.127288
2.933663 2.588582 -2.471578
2.933663 2.588582 -2.471578
2.84595 3.066148 -1.722941
2.84595 3.066148 -1.722941
2.84595 3.066148 -1.722941
2.998135 2.282459 -2.238138
2.627127 2.959304 -1.576041
3.176923 3.307682 -2.266817
2.971102 2.5204 -2.179815
2.971102 2.5204 -2.179815
2.971102 2.5204 -2.179815
2.785408 2.623548 -2.152245
2.962117 3.16452 -2.039431
2.962117 3.16452 -2.039431
2.962117 3.16452 -2.039431
3.07315 2.981162 -2.748194
3.07315 2.981162 -2.748194
3.153867 2.140542 -2.91793
3.152881 2.801518 -2.268096
2.822578 2.717475 -2.102861
2.822578 2.717475 -2.102861
2.822578 2.717475 -2.102861
2.822578 2.717475 -2.102861
2.822578 2.717475 -2.102861
2.822578 2.717475 -2.102861
2.679373 2.183134 -2.121889
2.679373 2.183134 -2.121889
2.679373 2.183134 -2.121889
2.96412 2.408368 -2.515497
2.726687 2.394577 -2.077279
2.726687 2.394577 -2.077279
2.726687 2.394577 -2.077279
2.726687 2.394577 -2.077279
2.726687 2.394577 -2.077279
2.726687 2.394577 -2.077279
2.726687 2.394577 -2.077279
2.726687 2.394577 -2.077279
2.715827 2.73627 -2.114192
2.715827 2.73627 -2.114192
2.715827 2.73627 -2.114192
2.612785 2.439495 -1.540792
3.127682 2.490264 -2.788581
2.683534 1.634468 -2.228002
2.515468 2.9729 -1.233223
2.68344 3.341609 -1.694826
2.871834 2.864902 -2.06305
2.871834 2.864902 -2.06305
2.871834 2.864902 -2.06305
2.871834 2.864902 -2.06305
2.456153 2.542419 -1.778524
3.148847 2.971551 -2.232118
2.661389 2.323818 -1.920544
2.661389 2.323818 -1.920544
2.661389 2.323818 -1.920544
2.661389 2.323818 -1.920544
2.875625 2.666085 -2.196926
