1.826996 1.502051 -1.280006
2.030416 1.335176 -0.8105154
1.770864 1.184406 -0.5128375
1.726313 0.9868395 -0.2900782
2.215718 1.966682 -1.581634
2.107121 1.794692 -1.293375
2.107121 1.794692 -1.293375
2.107121 1.794692 -1.293375
2.107121 1.794692 -1.293375
2.060734 1.517341 -1.385186
2.196015 2.274104 -0.9890149
2.109177 2.041539 -0.959405
2.090912 1.844873 -0.8840482
2.090912 1.844873 -0.8840482
2.090912 1.844873 -0.8840482
2.090912 1.844873 -0.8840482
2.090912 1.844873 -0.8840482
2.090912 1.844873 -0.8840482
1.928227 1.712736 -0.9210998
1.928227 1.712736 -0.9210998
2.125101 1.991579 -1.082469
2.034104 1.674222 -1.105538
2.034104 1.674222 -1.105538
2.197089 1.832658 -1.685852
2.197089 1.832658 -1.685852
2.197089 1.832658 -1.685852
2.197089 1.832658 -1.685852
2.197089 1.832658 -1.685852
1.848499 1.751273 -0.8744822
2.167829 1.792033 -0.992171
2.167829 1.792033 -0.992171
2.551967 2.941326 -1.682547
2.50889 2.282319 -1.426577
2.065723 1.771048 -1.10251
2.065723 1.771048 -1.10251
2.065723 1.771048 -1.10251
2.065723 1.771048 -1.10251
2.123428 1.952193 -1.080324
2.123428 1.952193 -1.080324
2.187588 2.007973 -1.082048
2.459851 2.328127 -1.796087
2.459851 2.328127 -1.796087
2.459851 2.328127 -1.796087
2.645771 2.683871 -1.954732
2.565837 2.210311 -1.916001
2.565837 2.210311 -1.916001
2.565837 2.210311 -1.916001
2.565837 2.210311 -1.916001
2.35013 2.429542 -1.595044
2.620991 2.638608 -1.747238
2.245974 1.636154 -1.64398
2.435918 2.750978 -1.338562
2.760789 2.325083 -2.125518
2.760789 2.325083 -2.125518
2.760789 2.325083 -2.125518
2.55534 2.906885 -1.484324
2.718936 2.406134 -1.962412
2.718936 2.406134 -1.962412
2.695383 3.33415 -1.696551
2.695383 3.33415 -1.696551
2.432449 2.705496 -1.570387
2.676017 2.664714 -2.070688
2.676017 2.664714 -2.070688
2.676017 2.664714 -2.070688
2.676017 2.664714 -2.070688
2.676017 2.664714 -2.070688
2.676017 2.664714 -2.070688
2.676017 2.664714 -2.070688
2.676017 2.664714 -2.070688
2.676017 2.664714 -2.070688
2.676017 2.664714 -2.070688
2.676017 2.664714 -2.070688
2.703333 3.12083 -1.845066
2.703333 3.12083 -1.845066
2.703333 3.12083 -1.845066
2.560125 2.628599 -1.677411
2.741603 2.975658 -2.014003
2.741603 2.975658 -2.014003
2.629622 2.289872 -1.799568
2.629622 2.289872 -1.799568
2.458701 2.6992 -1.714932
2.458701 2.6992 -1.714932
2.458701 2.6992 -1.714932
2.458701 2.6992 -1.714932
2.491225 2.451921 -1.624259
2.513548 2.879344 -1.536785
2.513548 2.879344 -1.536785
2.689797 2.495904 -2.241546
2.783773 2.577141 -2.222455
2.379549 2.691374 -1.416957
2.479673 2.499721 -2.005503
2.479673 2.499721 -2.005503
2.479673 2.499721 -2.005503
2.410635 2.645446 -1.467187
2.841681 2.456839 -2.131706
2.841681 2.456839 -2.131706
2.841681 2.456839 -2.131706
2.841681 2.456839 -2.131706
2.841681 2.456839 -2.131706
2.498964 2.35204 -2.050394
2.626183 2.422398 -2.026988
2.626183 2.422398 -2.026988
2.626183 2.422398 -2.026988
2.626183 2.422398 -2.026988
2.626183 2.422398 -2.026988
2.626183 2.422398 -2.026988
2.626183 2.422398 -2.026988
2.626183 2.422398 -2.026988
2.848538 2.968151 -2.099379
2.650502 2.374344 -2.15418
2.650502 2.374344 -2.15418
2.71961 2.464967 -2.213713
2.71961 2.464967 -2.213713
2.71961 2.464967 -2.213713
2.544656 2.826669 -1.961865
3.057874 2.903525 -2.222587
3.008611 2.563935 -2.174219
2.575238 2.547837 -1.587634
2.575238 2.547837 -1.587634
2.575238 2.547837 -1.587634
2.575238 2.547837 -1.587634
2.87411 2.754996 -2.305048
2.87411 2.754996 -2.305048
2.87411 2.754996 -2.305048
2.87411 2.754996 -2.305048
2.87411 2.754996 -2.305048
2.764741 2.555953 -1.861394
2.764741 2.555953 -1.861394
2.764741 2.555953 -1.861394
2.88778 2.869775 -2.39994
2.88778 2.869775 -2.39994
2.88778 2.869775 -2.39994
2.88778 2.869775 -2.39994
2.837355 2.291892 -2.244516
2.837355 2.291892 -2.244516
2.837355 2.291892 -2.244516
2.983333 2.960033 -2.481948
2.983333 2.960033 -2.481948
2.669511 2.377693 -2.222285
2.669511 2.377693 -2.222285
3.029546 2.853772 -2.419678
3.029546 2.853772 -2.419678
3.029546 2.853772 -2.419678
3.029546 2.853772 -2.419678
3.029546 2.853772 -2.419678
3.029546 2.853772 -2.419678
3.029546 2.853772 -2.419678
3.029546 2.853772 -2.419678
3.029546 2.853772 -2.419678
3.029546 2.853772 -2.419678
3.029546 2.853772 -2.419678
2.753046 2.218974 -2.093873
2.781872 2.830413 -2.068902
2.781872 2.830413 -2.068902
2.781872 2.830413 -2.068902
2.781872 2.830413 -2.068902
2.781872 2.830413 -2.068902
2.781872 2.830413 -2.068902
2.730608 2.483352 -2.088159
2.730608 2.483352 -2.088159
2.730608 2.483352 -2.088159
2.730608 2.483352 -2.088159
2.887311 2.528976 -2.418519
2.887311 2.528976 -2.418519
3.065437 2.689034 -2.333049
2.519233 2.552517 -1.572165
2.519233 2.552517 -1.572165
2.519233 2.552517 -1.572165
2.520649 2.544377 -1.458519
2.732423 2.383832 -2.012904
2.732423 2.383832 -2.012904
2.732423 2.383832 -2.012904
2.732423 2.383832 -2.012904
2.502498 2.218626 -2.008457
2.502498 2.218626 -2.008457
2.502498 2.218626 -2.008457
2.502498 2.218626 -2.008457
2.502498 2.218626 -2.008457
2.352344 2.177214 -1.692568
2.394897 2.42354 -1.517687
2.608598 2.296419 -2.345752
2.152395 2.130218 -1.429524
2.89188 3.355882 -2.306988
2.89188 3.355882 -2.306988
2.401718 2.173552 -2.104912
2.861292 2.599683 -2.605297
2.996118 2.801967 -2.159655
2.837684 2.748546 -2.534916
2.837684 2.748546 -2.534916
2.652102 2.714453 -2.053477
2.42123 2.41929 -1.710771
2.760977 2.74126 -1.842495
2.688875 2.876076 -1.832982
2.688875 2.876076 -1.832982
2.688875 2.876076 -1.832982
2.688875 2.876076 -1.832982
2.688875 2.876076 -1.832982
2.688875 2.876076 -1.832982
2.688875 2.876076 -1.832982
