1.552822 0.2530375 0.8723959
1.660346 1.329898 0.3608594
1.793521 0.5361401 -0.9319361
1.620818 0.8171276 -0.5694131
1.725835 1.484882 -0.5130216
1.690608 0.7467338 -0.2897758
1.790542 1.425725 -1.159999
1.882465 1.779362 -0.5102182
1.774299 1.620282 -0.4121857
2.100839 2.000181 -1.016015
2.148002 1.708316 -1.040246
1.763464 1.494163 -0.8762119
1.802662 1.378019 -0.4838849
2.044365 2.179356 -1.11014
1.843139 1.293514 -0.9274511
2.443161 1.867051 -1.280188
2.443161 1.867051 -1.280188
2.038412 1.844136 -1.363299
1.84687 1.298026 -0.6641053
1.988787 1.729172 -0.8834986
1.988787 1.729172 -0.8834986
1.988787 1.729172 -0.8834986
1.988787 1.729172 -0.8834986
1.988787 1.729172 -0.8834986
1.988787 1.729172 -0.8834986
1.988787 1.729172 -0.8834986
2.452052 2.461891 -1.510369
2.452052 2.461891 -1.510369
2.452052 2.461891 -1.510369
2.452052 2.461891 -1.510369
2.452052 2.461891 -1.510369
2.315997 1.918788 -1.163128
2.315997 1.918788 -1.163128
2.512561 2.421913 -1.693714
2.512561 2.421913 -1.693714
2.422337 2.096107 -1.776205
2.422337 2.096107 -1.776205
2.422337 2.096107 -1.776205
1.883778 1.78669 -1.02349
1.883778 1.78669 -1.02349
2.334613 2.296145 -1.26109
2.334613 2.296145 -1.26109
2.278641 2.190779 -1.269158
2.278641 2.190779 -1.269158
2.278641 2.190779 -1.269158
2.278641 2.190779 -1.269158
2.278641 2.190779 -1.269158
2.278641 2.190779 -1.269158
2.474652 2.524404 -1.743216
2.420712 1.981568 -1.209101
2.385222 2.169196 -1.42183
2.372068 1.987709 -1.232428
2.834665 2.881753 -1.844077
2.351928 2.208227 -1.676732
2.279231 2.205461 -1.180078
2.279231 2.205461 -1.180078
2.629853 2.080612 -1.855148
2.147705 1.649616 -1.164863
2.57588 2.753897 -1.894818
2.481458 2.299335 -1.347409
2.652337 2.433743 -1.597189
2.652337 2.433743 -1.597189
2.355309 1.864287 -1.558527
2.355309 1.864287 -1.558527
2.24742 2.426463 -1.304196
2.620486 2.510209 -1.98042
2.620486 2.510209 -1.98042
2.571973 2.154389 -2.203591
2.550079 2.7493 -1.606424
2.550079 2.7493 -1.606424
2.931015 2.552642 -2.233854
2.435086 2.409754 -1.83265
2.541199 2.397092 -2.11989
2.793513 2.205197 -2.249807
2.517519 2.449329 -1.890067
2.592733 1.976072 -2.158914
2.592733 1.976072 -2.158914
2.592733 1.976072 -2.158914
2.592733 1.976072 -2.158914
2.592733 1.976072 -2.158914
2.889837 2.779862 -2.177964
2.889837 2.779862 -2.177964
2.497384 2.303928 -1.802982
2.497384 2.303928 -1.802982
2.497384 2.303928 -1.802982
2.497384 2.303928 -1.802982
2.908602 2.954071 -1.953845
2.908602 2.954071 -1.953845
2.908602 2.954071 -1.953845
2.908602 2.954071 -1.953845
2.908602 2.954071 -1.953845
2.908602 2.954071 -1.953845
2.567333 2.466316 -1.774522
2.567333 2.466316 -1.774522
2.64869 2.356266 -1.932626
2.64869 2.356266 -1.932626
2.64869 2.356266 -1.932626
2.697574 2.851637 -1.771566
2.697574 2.851637 -1.771566
2.868153 3.175465 -1.622655
3.117649 2.917716 -2.287674
3.033869 3.136264 -2.448086
3.033869 3.136264 -2.448086
2.707502 3.261974 -1.787827
2.640922 2.291318 -2.107889
2.796699 2.63928 -2.566611
2.796699 2.63928 -2.566611
2.796699 2.63928 -2.566611
2.493728 2.058454 -1.732509
2.493728 2.058454 -1.732509
2.728804 2.072645 -2.365081
2.532723 2.806357 -1.788261
2.667437 2.663895 -2.028144
2.667437 2.663895 -2.028144
2.667437 2.663895 -2.028144
2.667437 2.663895 -2.028144
2.71546 2.523627 -2.23863
3.035215 2.764018 -2.348327
3.035215 2.764018 -2.348327
2.867403 2.954619 -2.189612
2.867403 2.954619 -2.189612
2.867403 2.954619 -2.189612
2.867403 2.954619 -2.189612
2.867403 2.954619 -2.189612
2.867403 2.954619 -2.189612
2.855106 2.517766 -2.590232
2.778358 2.70461 -2.377602
2.762207 2.957719 -2.065337
2.616652 2.741185 -1.801613
2.616652 2.741185 -1.801613
2.616652 2.741185 -1.801613
2.569457 2.827223 -1.636633
2.569457 2.827223 -1.636633
2.569457 2.827223 -1.636633
2.506955 2.489166 -1.660887
2.506955 2.489166 -1.660887
2.506955 2.489166 -1.660887
2.622827 2.675442 -1.886889
2.622827 2.675442 -1.886889
2.961895 2.92164 -2.295106
2.961895 2.92164 -2.295106
2.991602 2.39681 -2.39114
2.991602 2.39681 -2.39114
3.007849 2.257647 -2.560855
2.764254 2.592109 -1.984912
2.764254 2.592109 -1.984912
2.764254 2.592109 -1.984912
2.704565 2.74804 -1.940961
2.704565 2.74804 -1.940961
2.704565 2.74804 -1.940961
2.853377 2.870149 -2.18248
2.853377 2.870149 -2.18248
2.962418 2.962615 -2.150415
2.962418 2.962615 -2.150415
2.888791 2.366015 -2.543349
2.888791 2.366015 -2.543349
2.888791 2.366015 -2.543349
2.888791 2.366015 -2.543349
2.888791 2.366015 -2.543349
2.888791 2.366015 -2.543349
2.888791 2.366015 -2.543349
2.581261 2.381654 -2.114636
2.915543 3.251614 -2.166978
2.658005 2.472677 -2.049498
2.658005 2.472677 -2.049498
2.658005 2.472677 -2.049498
3.037363 3.153777 -2.066944
3.037363 3.153777 -2.066944
2.973831 3.115055 -2.347354
2.973831 3.115055 -2.347354
2.973831 3.115055 -2.347354
2.973831 3.115055 -2.347354
2.622175 2.482178 -2.018518
2.622175 2.482178 -2.018518
2.635982 2.780029 -1.899926
2.635982 2.780029 -1.899926
2.553932 2.555264 -1.805528
2.553932 2.555264 -1.805528
2.553932 2.555264 -1.805528
2.553932 2.555264 -1.805528
3.222225 2.84363 -2.717809
3.222225 2.84363 -2.717809
3.222225 2.84363 -2.717809
2.548997 2.48358 -2.242454
2.548997 2.48358 -2.242454
2.789298 3.105924 -1.709107
2.789298 3.105924 -1.709107
2.971289 2.736101 -2.271184
2.971289 2.736101 -2.271184
2.971289 2.736101 -2.271184
2.971289 2.736101 -2.271184
2.971289 2.736101 -2.271184
2.961349 2.456363 -2.540305
2.850257 2.553554 -2.060261
2.850257 2.553554 -2.060261
3.087776 2.792713 -2.651621
3.087776 2.792713 -2.651621
3.179933 3.122053 -2.757081
3.179933 3.122053 -2.757081
