1.454669 0.9433883 0.1917956
1.468111 0.6112366 -0.5914129
1.748862 0.8496663 -0.745635
1.564075 0.8184705 -0.2435754
1.561113 1.060345 -0.2598584
1.683024 1.100305 -0.4451074
1.581435 0.8572508 -1.013587
1.862828 1.028036 -0.7745209
1.862828 1.028036 -0.7745209
1.862828 1.028036 -0.7745209
2.039364 1.432147 -0.6794625
2.039364 1.432147 -0.6794625
1.593158 1.436364 -0.2797423
1.593158 1.436364 -0.2797423
1.593158 1.436364 -0.2797423
1.896858 1.502649 -0.5254441
1.896858 1.502649 -0.5254441
1.972805 1.398706 -0.6392142
2.069445 2.338253 -0.5294684
2.07094 1.38185 -0.9391986
2.07094 1.38185 -0.9391986
2.28113 2.02239 -1.768591
2.28113 2.02239 -1.768591
2.28113 2.02239 -1.768591
2.28113 2.02239 -1.768591
2.651991 2.700065 -1.583442
2.651991 2.700065 -1.583442
2.594003 2.501166 -1.59697
2.618532 2.965921 -1.451644
2.252769 2.097716 -1.600238
2.130225 1.869241 -1.169098
2.111847 2.2894 -1.127198
2.111847 2.2894 -1.127198
2.23005 2.265089 -1.259232
2.49454 2.473182 -1.490583
2.49454 2.473182 -1.490583
2.49454 2.473182 -1.490583
2.49454 2.473182 -1.490583
2.49454 2.473182 -1.490583
2.49454 2.473182 -1.490583
2.849189 2.123765 -2.450744
2.993102 2.803715 -2.1554
2.353716 2.203269 -1.121637
2.419186 2.888718 -1.35577
2.620315 2.449165 -1.496779
2.359805 2.596654 -1.453374
2.359805 2.596654 -1.453374
2.229496 1.866984 -1.582543
2.414004 2.820495 -1.481822
2.256588 1.742083 -1.333087
2.410187 2.38069 -1.508383
2.410187 2.38069 -1.508383
2.410187 2.38069 -1.508383
2.410187 2.38069 -1.508383
2.410187 2.38069 -1.508383
2.691146 2.533245 -1.945052
2.691146 2.533245 -1.945052
2.691146 2.533245 -1.945052
2.320547 2.225521 -1.398151
2.452212 2.250066 -1.685581
2.452212 2.250066 -1.685581
2.452212 2.250066 -1.685581
2.452212 2.250066 -1.685581
2.727833 2.711675 -1.877833
2.727833 2.711675 -1.877833
2.727833 2.711675 -1.877833
2.727833 2.711675 -1.877833
2.678173 3.098251 -1.620262
2.315434 2.570084 -1.329198
2.463609 2.535059 -1.643997
2.463609 2.535059 -1.643997
2.463609 2.535059 -1.643997
2.463609 2.535059 -1.643997
2.706159 2.34769 -1.807385
2.878209 2.416827 -2.234941
2.878209 2.416827 -2.234941
2.867505 3.155784 -1.985889
2.599702 2.276712 -1.877485
2.599702 2.276712 -1.877485
2.63432 2.810073 -1.654242
2.63432 2.810073 -1.654242
2.63432 2.810073 -1.654242
2.562587 2.612001 -1.830067
2.562587 2.612001 -1.830067
2.562587 2.612001 -1.830067
2.779522 2.839599 -2.065057
2.779522 2.839599 -2.065057
2.779522 2.839599 -2.065057
2.515109 2.340817 -1.932229
2.589735 2.974646 -2.011256
2.641137 2.98795 -2.015329
2.76363 2.654422 -2.369383
2.76363 2.654422 -2.369383
2.828953 3.315781 -1.954446
2.904121 2.249986 -2.605532
2.371622 2.427237 -1.786731
2.788755 2.599087 -2.120157
2.788755 2.599087 -2.120157
2.788755 2.599087 -2.120157
2.788755 2.599087 -2.120157
2.788755 2.599087 -2.120157
2.788755 2.599087 -2.120157
2.781577 3.131931 -2.098616
2.781577 3.131931 -2.098616
2.608497 2.525369 -1.881901
2.608497 2.525369 -1.881901
2.73963 2.271534 -2.160479
2.73963 2.271534 -2.160479
2.73963 2.271534 -2.160479
2.623613 2.798928 -1.496338
2.565096 3.114021 -1.554663
2.530612 2.196164 -1.974156
2.851963 2.999119 -2.038363
2.851963 2.999119 -2.038363
2.851963 2.999119 -2.038363
2.851963 2.999119 -2.038363
2.851963 2.999119 -2.038363
2.464103 2.709205 -1.656737
2.464103 2.709205 -1.656737
2.603759 2.72711 -1.777943
2.603759 2.72711 -1.777943
2.603759 2.72711 -1.777943
2.603759 2.72711 -1.777943
2.603759 2.72711 -1.777943
2.603759 2.72711 -1.777943
2.603759 2.72711 -1.777943
2.85303 2.945277 -2.127071
2.85303 2.945277 -2.127071
2.85303 2.945277 -2.127071
2.85303 2.945277 -2.127071
2.85303 2.945277 -2.127071
2.85303 2.945277 -2.127071
2.891028 2.804664 -2.322152
2.891028 2.804664 -2.322152
2.891028 2.804664 -2.322152
2.891028 2.804664 -2.322152
2.891028 2.804664 -2.322152
2.891028 2.804664 -2.322152
2.891028 2.804664 -2.322152
2.891028 2.804664 -2.322152
2.891028 2.804664 -2.322152
2.891028 2.804664 -2.322152
2.595472 2.520947 -1.982156
2.571833 2.422414 -1.934355
2.571833 2.422414 -1.934355
2.571833 2.422414 -1.934355
2.857525 2.40669 -2.241467
2.857525 2.40669 -2.241467
2.857525 2.40669 -2.241467
2.905694 2.443122 -2.56202
2.905694 2.443122 -2.56202
2.905694 2.443122 -2.56202
2.905694 2.443122 -2.56202
2.905694 2.443122 -2.56202
2.905694 2.443122 -2.56202
2.905694 2.443122 -2.56202
2.905694 2.443122 -2.56202
2.976775 2.7484 -2.565707
2.976775 2.7484 -2.565707
2.976775 2.7484 -2.565707
2.976775 2.7484 -2.565707
2.976775 2.7484 -2.565707
2.976775 2.7484 -2.565707
2.976775 2.7484 -2.565707
2.976775 2.7484 -2.565707
2.976775 2.7484 -2.565707
2.976775 2.7484 -2.565707
2.976775 2.7484 -2.565707
2.976775 2.7484 -2.565707
2.976775 2.7484 -2.565707
2.937827 2.827936 -2.052624
2.905523 2.444233 -2.370905
2.905523 2.444233 -2.370905
2.905523 2.444233 -2.370905
2.905523 2.444233 -2.370905
2.789765 2.69675 -1.942541
2.875558 2.887464 -2.23401
2.875558 2.887464 -2.23401
2.875558 2.887464 -2.23401
2.875558 2.887464 -2.23401
2.735752 2.916172 -2.158246
2.735664 2.804731 -2.097835
2.735664 2.804731 -2.097835
2.684558 2.513409 -2.122565
2.684558 2.513409 -2.122565
2.684558 2.513409 -2.122565
2.684558 2.513409 -2.122565
2.493871 2.72794 -1.6679
2.493871 2.72794 -1.6679
2.721135 2.710071 -1.721231
2.721135 2.710071 -1.721231
2.721135 2.710071 -1.721231
3.117391 2.970422 -2.273174
2.908228 3.148348 -2.109297
2.908228 3.148348 -2.109297
2.908228 3.148348 -2.109297
2.908228 3.148348 -2.109297
2.908228 3.148348 -2.109297
2.825768 3.268061 -1.987034
