-560250139
1091267593
302856137
1717635351
-670230616
-845721099
135252457
-32065050
-1470881577
1091993937
1356130227
-784131624
327991941
1120865151
129499179
-2085843809
1128494594
554745817
-1537834025
1648148209
909419778
-377084861
330214390
828238170
641478857
-919323963
-750790187
932387936
-1415755299
-1761635490
367850675
1325583206
1476070154
13846649
1488317536
-1120224725
-1975529584
1322109131
683162978
-172877618
-1753901690
-2035661999
-1519664965
-1995999192
1141449824
-1111656939
1215834089
31189268
1405447091
2003167585
-1520412540
109247487
-1893801650
1792019823
917774013
-938419070
-378592416
549391803
2029651222
1983509339
-1910856195
402010347
-1795545351
-1873227213
1524842907
-1723175507
-547958465
1866993320
-2084678323
122198604
932721902
-1309554083
288549947
-1669738757
-1962057033
-429556627
2070736398
-1139791903
351377150
-125117605
1374317215
447152024
-2053197447
-1259252841
1281949576
-1595770176
-1639352651
1556893457
1068022104
1074261370
-946918805
25390551
783554330
1214093727
-1029435998
1397726399
581241948
-187303858
33
