0 0 0 -3 -3 -3
-0.002376238 -0.2185474 0.01912962 -2.923715 -2.433824 -2.994328
0.0392873 -0.3760402 0.0992933 -2.92124 -2.082987 -2.977034
0.06530997 -0.4832438 0.1725208 -2.936514 -1.869259 -2.98024
0.08082403 -0.568864 0.2331953 -2.959524 -1.755782 -2.998892
0.08274506 -0.6473726 0.2894332 -2.985472 -1.690508 -3.025289
0.0874873 -0.7244003 0.3496752 -3.018382 -1.650663 -3.052372
0.0974479 -0.8022994 0.4139489 -3.056683 -1.626469 -3.078872
0.1110623 -0.8819497 0.4807026 -3.09905 -1.612299 -3.105741
0.123768 -0.9631764 0.5489701 -3.144069 -1.604512 -3.133614
0.1327785 -1.045343 0.6177597 -3.190667 -1.601342 -3.163374
0.1414895 -1.128153 0.6855047 -3.239636 -1.602821 -3.196719
0.1508854 -1.21078 0.7526828 -3.290881 -1.608097 -3.232921
0.1618514 -1.292767 0.8192428 -3.344083 -1.616619 -3.271833
0.1741977 -1.373918 0.8852402 -3.399006 -1.627468 -3.313293
0.1885414 -1.454339 0.9509987 -3.45557 -1.640358 -3.356879
0.2054442 -1.533757 1.016193 -3.51364 -1.655109 -3.402785
0.2247642 -1.611658 1.080285 -3.572921 -1.671442 -3.45136
0.2425697 -1.688093 1.142611 -3.631326 -1.688653 -3.502221
0.2580545 -1.763031 1.203524 -3.688375 -1.706398 -3.554799
0.2723587 -1.836651 1.264046 -3.744953 -1.724457 -3.608914
0.2873594 -1.908978 1.323024 -3.801963 -1.742574 -3.665289
0.3023921 -1.980373 1.38092 -3.859388 -1.760761 -3.723664
0.3174448 -2.051068 1.437933 -3.917276 -1.779032 -3.783878
0.3327698 -2.12119 1.493791 -3.975799 -1.797408 -3.845841
0.3479769 -2.1907 1.547557 -4.034782 -1.81592 -3.909323
0.3628302 -2.259662 1.599331 -4.094129 -1.834567 -3.974045
0.3772898 -2.328843 1.65028 -4.153971 -1.85345 -4.03939
0.3913758 -2.398266 1.700865 -4.214378 -1.872556 -4.105187
0.4050149 -2.467864 1.75131 -4.275476 -1.891846 -4.171169
0.4178125 -2.537981 1.80222 -4.337629 -1.911323 -4.236249
0.4296017 -2.608312 1.853595 -4.400911 -1.930942 -4.300537
0.4395695 -2.678548 1.905386 -4.465618 -1.950667 -4.36422
0.4478411 -2.748614 1.957535 -4.531632 -1.970483 -4.427517
0 0 0 0 0 0
