0 0 0 -3 -3 -3
0.008969609 -0.1833132 0.03742336 -2.948593 -2.584166 -2.989845
0.04177957 -0.3160739 0.1129622 -2.944587 -2.310959 -2.983575
0.06656236 -0.4249307 0.1817625 -2.959666 -2.144066 -2.99589
0.08025485 -0.5284422 0.2419704 -2.983596 -2.039585 -3.021676
0.0814399 -0.6374096 0.3035149 -3.010295 -1.972701 -3.054339
0.08863105 -0.7615569 0.3717437 -3.046949 -1.933496 -3.090419
0.1016667 -0.9114372 0.4461309 -3.09143 -1.916919 -3.129795
0.1192132 -1.102348 0.5256997 -3.142848 -1.922322 -3.17344
0.1323192 -1.358357 0.6101892 -3.196517 -1.952675 -3.221856
0.1426315 -1.714749 0.6983367 -3.253187 -2.015688 -3.27605
0.1532702 -2.215276 0.7892173 -3.314601 -2.121693 -3.336592
0.1660379 -2.875016 0.8838334 -3.381283 -2.273868 -3.403315
0.1817008 -3.613751 0.9816364 -3.452824 -2.450607 -3.476373
0.1999625 -4.382936 1.083107 -3.529234 -2.63855 -3.555911
0.2230383 -5.140056 1.189162 -3.611706 -2.826484 -3.642096
0.2523954 -5.853531 1.297989 -3.701091 -3.006006 -3.73482
0.2856873 -6.517663 1.409666 -3.795681 -3.175251 -3.834223
0.3124877 -6.94059 1.517881 -3.883206 -3.281788 -3.93624
0.3337299 -7.238256 1.629384 -3.96712 -3.356199 -4.043319
0.3559888 -7.466963 1.741013 -4.05236 -3.413173 -4.155948
0.3787397 -7.644049 1.853317 -4.140216 -3.457093 -4.274917
0.4020195 -7.796234 1.967086 -4.231102 -3.495125 -4.40091
0.4258725 -7.935761 2.083046 -4.325436 -3.530528 -4.534633
0.4512845 -8.068202 2.198013 -4.424465 -3.564798 -4.674354
0.4764491 -8.195242 2.308685 -4.526815 -3.598414 -4.817945
0.5015372 -8.324215 2.417343 -4.633018 -3.633349 -4.966889
0.5265451 -8.500312 2.529868 -4.743918 -3.682179 -5.122081
0.5516632 -8.71034 2.648201 -4.860068 -3.741251 -5.286004
0.5764858 -8.975903 2.773764 -4.982567 -3.816532 -5.456349
0.6005038 -9.327903 2.908915 -5.112579 -3.916656 -5.631939
0.6225065 -9.733451 3.056909 -5.250554 -4.032566 -5.817629
0.640878 -10.15831 3.221204 -5.397225 -4.154758 -6.018041
0.6558494 -10.59345 3.405594 -5.553446 -4.280712 -6.238073
0 0 0 0 0 0
