0.1025241 0.2141035 0.67002
0.1025241 0.2141035 0.67002
0.7184068 -0.235378 -0.2489287
0.7184068 -0.235378 -0.2489287
0.7184068 -0.235378 -0.2489287
0.7184068 -0.235378 -0.2489287
0.6081467 -0.3872739 -0.4525295
0.6081467 -0.3872739 -0.4525295
0.6081467 -0.3872739 -0.4525295
0.6081467 -0.3872739 -0.4525295
0.6081467 -0.3872739 -0.4525295
0.6081467 -0.3872739 -0.4525295
1.41179 -0.5387957 -0.8515727
1.41179 -0.5387957 -0.8515727
1.41179 -0.5387957 -0.8515727
1.41179 -0.5387957 -0.8515727
1.086338 -1.296666 -0.6767657
1.086338 -1.296666 -0.6767657
1.086338 -1.296666 -0.6767657
1.086338 -1.296666 -0.6767657
1.086338 -1.296666 -0.6767657
1.086338 -1.296666 -0.6767657
1.086338 -1.296666 -0.6767657
1.086338 -1.296666 -0.6767657
1.086338 -1.296666 -0.6767657
1.086338 -1.296666 -0.6767657
1.086338 -1.296666 -0.6767657
1.086338 -1.296666 -0.6767657
1.086338 -1.296666 -0.6767657
1.086338 -1.296666 -0.6767657
1.086338 -1.296666 -0.6767657
1.086338 -1.296666 -0.6767657
1.086338 -1.296666 -0.6767657
1.086338 -1.296666 -0.6767657
1.086338 -1.296666 -0.6767657
0.3160351 -1.690589 0.8482354
0.3160351 -1.690589 0.8482354
0.3160351 -1.690589 0.8482354
0.3160351 -1.690589 0.8482354
0.3160351 -1.690589 0.8482354
0.3160351 -1.690589 0.8482354
0.3160351 -1.690589 0.8482354
0.8250047 -1.990429 1.153749
0.8250047 -1.990429 1.153749
0.8250047 -1.990429 1.153749
0.8250047 -1.990429 1.153749
0.8250047 -1.990429 1.153749
0.8250047 -1.990429 1.153749
0.8250047 -1.990429 1.153749
0.8250047 -1.990429 1.153749
0.5963196 -2.474176 0.8567681
0.5963196 -2.474176 0.8567681
0.5963196 -2.474176 0.8567681
0.5963196 -2.474176 0.8567681
0.5963196 -2.474176 0.8567681
0.5963196 -2.474176 0.8567681
0.5963196 -2.474176 0.8567681
0.5963196 -2.474176 0.8567681
0.5963196 -2.474176 0.8567681
0.5963196 -2.474176 0.8567681
0.5963196 -2.474176 0.8567681
0.5697108 -2.902152 0.8742932
0.5697108 -2.902152 0.8742932
0.5697108 -2.902152 0.8742932
0.5697108 -2.902152 0.8742932
0.5697108 -2.902152 0.8742932
0.5697108 -2.902152 0.8742932
0.5697108 -2.902152 0.8742932
0.5697108 -2.902152 0.8742932
0.5697108 -2.902152 0.8742932
0.5697108 -2.902152 0.8742932
0.5697108 -2.902152 0.8742932
0.5697108 -2.902152 0.8742932
0.5697108 -2.902152 0.8742932
0.5697108 -2.902152 0.8742932
0.5697108 -2.902152 0.8742932
0.5697108 -2.902152 0.8742932
0.5697108 -2.902152 0.8742932
0.5697108 -2.902152 0.8742932
0.5697108 -2.902152 0.8742932
0.5697108 -2.902152 0.8742932
0.5697108 -2.902152 0.8742932
0.5697108 -2.902152 0.8742932
0.5697108 -2.902152 0.8742932
0.5697108 -2.902152 0.8742932
0.5697108 -2.902152 0.8742932
0.5697108 -2.902152 0.8742932
0.5697108 -2.902152 0.8742932
0.5697108 -2.902152 0.8742932
0.5697108 -2.902152 0.8742932
0.5697108 -2.902152 0.8742932
0.5697108 -2.902152 0.8742932
0.5697108 -2.902152 0.8742932
0.5697108 -2.902152 0.8742932
0.5697108 -2.902152 0.8742932
0.5697108 -2.902152 0.8742932
0.5697108 -2.902152 0.8742932
0.5697108 -2.902152 0.8742932
0.5697108 -2.902152 0.8742932
0.5697108 -2.902152 0.8742932
0.5697108 -2.902152 0.8742932
0.5697108 -2.902152 0.8742932
0.5697108 -2.902152 0.8742932
0.5697108 -2.902152 0.8742932
0.5697108 -2.902152 0.8742932
-0.4998037 -3.599768 0.4611218
-0.4998037 -3.599768 0.4611218
-0.4998037 -3.599768 0.4611218
-0.4998037 -3.599768 0.4611218
-0.4998037 -3.599768 0.4611218
-0.4998037 -3.599768 0.4611218
-0.4998037 -3.599768 0.4611218
-0.4998037 -3.599768 0.4611218
-0.4998037 -3.599768 0.4611218
-0.4998037 -3.599768 0.4611218
-0.4998037 -3.599768 0.4611218
-0.4998037 -3.599768 0.4611218
-0.4998037 -3.599768 0.4611218
-0.4998037 -3.599768 0.4611218
-0.4998037 -3.599768 0.4611218
-0.4998037 -3.599768 0.4611218
-0.4813818 -3.725749 0.4893229
-0.4813818 -3.725749 0.4893229
-0.4813818 -3.725749 0.4893229
-0.4813818 -3.725749 0.4893229
-0.4813818 -3.725749 0.4893229
-0.4813818 -3.725749 0.4893229
-0.4813818 -3.725749 0.4893229
-0.4813818 -3.725749 0.4893229
-0.4813818 -3.725749 0.4893229
-0.4813818 -3.725749 0.4893229
-0.4813818 -3.725749 0.4893229
-0.4813818 -3.725749 0.4893229
-0.4813818 -3.725749 0.4893229
0.4659219 -2.545776 0.162627
0.4659219 -2.545776 0.162627
0.4659219 -2.545776 0.162627
0.4659219 -2.545776 0.162627
0.4659219 -2.545776 0.162627
0.4659219 -2.545776 0.162627
0.4659219 -2.545776 0.162627
0.4659219 -2.545776 0.162627
0.4659219 -2.545776 0.162627
0.4659219 -2.545776 0.162627
0.4659219 -2.545776 0.162627
0.4659219 -2.545776 0.162627
0.4659219 -2.545776 0.162627
0.4659219 -2.545776 0.162627
0.4659219 -2.545776 0.162627
0.4659219 -2.545776 0.162627
0.4659219 -2.545776 0.162627
0.4659219 -2.545776 0.162627
0.4659219 -2.545776 0.162627
0.4659219 -2.545776 0.162627
0.4659219 -2.545776 0.162627
0.4659219 -2.545776 0.162627
0.4659219 -2.545776 0.162627
0.4659219 -2.545776 0.162627
0.4659219 -2.545776 0.162627
0.4659219 -2.545776 0.162627
0.4659219 -2.545776 0.162627
0.4659219 -2.545776 0.162627
0.4659219 -2.545776 0.162627
0.4659219 -2.545776 0.162627
0.4659219 -2.545776 0.162627
0.4659219 -2.545776 0.162627
0.4659219 -2.545776 0.162627
0.4659219 -2.545776 0.162627
0.4659219 -2.545776 0.162627
0.4659219 -2.545776 0.162627
0.4659219 -2.545776 0.162627
0.4659219 -2.545776 0.162627
0.4659219 -2.545776 0.162627
0.4659219 -2.545776 0.162627
0.4659219 -2.545776 0.162627
0.4659219 -2.545776 0.162627
0.4659219 -2.545776 0.162627
0.4659219 -2.545776 0.162627
0.4659219 -2.545776 0.162627
0.4659219 -2.545776 0.162627
0.4659219 -2.545776 0.162627
0.4610086 -2.637477 0.1941918
0.4610086 -2.637477 0.1941918
0.4610086 -2.637477 0.1941918
0.4610086 -2.637477 0.1941918
0.4610086 -2.637477 0.1941918
0.4610086 -2.637477 0.1941918
0.4610086 -2.637477 0.1941918
0.1234683 -3.316725 0.5653207
0.1234683 -3.316725 0.5653207
0.1234683 -3.316725 0.5653207
0.1234683 -3.316725 0.5653207
0.1234683 -3.316725 0.5653207
0.1234683 -3.316725 0.5653207
0.1234683 -3.316725 0.5653207
0.1234683 -3.316725 0.5653207
0.1234683 -3.316725 0.5653207
0.567562 -2.785147 0.4778057
0.5162 -2.4847 0.3213796
0.5162 -2.4847 0.3213796
0.5162 -2.4847 0.3213796
0.5162 -2.4847 0.3213796
0.5162 -2.4847 0.3213796
0.5162 -2.4847 0.3213796
0.5162 -2.4847 0.3213796
0.5162 -2.4847 0.3213796
0.5162 -2.4847 0.3213796
0.5162 -2.4847 0.3213796
0.5162 -2.4847 0.3213796
0.5162 -2.4847 0.3213796
0.5162 -2.4847 0.3213796
0.5162 -2.4847 0.3213796
0.5162 -2.4847 0.3213796
0.5162 -2.4847 0.3213796
0.5162 -2.4847 0.3213796
0.5162 -2.4847 0.3213796
0.5162 -2.4847 0.3213796
0.5162 -2.4847 0.3213796
0.5162 -2.4847 0.3213796
0.5162 -2.4847 0.3213796
0.5162 -2.4847 0.3213796
0.5162 -2.4847 0.3213796
0.5162 -2.4847 0.3213796
0.5162 -2.4847 0.3213796
0.5162 -2.4847 0.3213796
0.5162 -2.4847 0.3213796
0.5162 -2.4847 0.3213796
0.5162 -2.4847 0.3213796
0.267235 -2.106229 0.6333527
0.267235 -2.106229 0.6333527
0.267235 -2.106229 0.6333527
0.267235 -2.106229 0.6333527
0.267235 -2.106229 0.6333527
0.267235 -2.106229 0.6333527
0.267235 -2.106229 0.6333527
0.267235 -2.106229 0.6333527
0.267235 -2.106229 0.6333527
0.267235 -2.106229 0.6333527
0.267235 -2.106229 0.6333527
0.267235 -2.106229 0.6333527
0.267235 -2.106229 0.6333527
0.2433206 -2.17282 0.6413444
0.2433206 -2.17282 0.6413444
0.2433206 -2.17282 0.6413444
0.2433206 -2.17282 0.6413444
0.2433206 -2.17282 0.6413444
0.2433206 -2.17282 0.6413444
0.2433206 -2.17282 0.6413444
0.2433206 -2.17282 0.6413444
0.2433206 -2.17282 0.6413444
0.2433206 -2.17282 0.6413444
0.2433206 -2.17282 0.6413444
-0.5603072 -3.118796 0.2618725
-0.5603072 -3.118796 0.2618725
-0.5603072 -3.118796 0.2618725
-0.5603072 -3.118796 0.2618725
-0.5603072 -3.118796 0.2618725
-0.5603072 -3.118796 0.2618725
-0.5603072 -3.118796 0.2618725
-0.5603072 -3.118796 0.2618725
-0.5603072 -3.118796 0.2618725
-0.5603072 -3.118796 0.2618725
-0.5603072 -3.118796 0.2618725
-0.5603072 -3.118796 0.2618725
-0.5603072 -3.118796 0.2618725
-0.5603072 -3.118796 0.2618725
-0.5603072 -3.118796 0.2618725
-0.5603072 -3.118796 0.2618725
-0.5603072 -3.118796 0.2618725
-0.5603072 -3.118796 0.2618725
-0.5603072 -3.118796 0.2618725
-0.5603072 -3.118796 0.2618725
-0.5603072 -3.118796 0.2618725
-0.5603072 -3.118796 0.2618725
-0.5603072 -3.118796 0.2618725
-0.5603072 -3.118796 0.2618725
-0.5603072 -3.118796 0.2618725
-0.5603072 -3.118796 0.2618725
-0.5603072 -3.118796 0.2618725
-0.5603072 -3.118796 0.2618725
0.2564916 -2.618566 0.6263795
0.2564916 -2.618566 0.6263795
0.2564916 -2.618566 0.6263795
0.2564916 -2.618566 0.6263795
0.2564916 -2.618566 0.6263795
0.2564916 -2.618566 0.6263795
0.2564916 -2.618566 0.6263795
0.2564916 -2.618566 0.6263795
0.2564916 -2.618566 0.6263795
0.2564916 -2.618566 0.6263795
0.2564916 -2.618566 0.6263795
0.2564916 -2.618566 0.6263795
0.2564916 -2.618566 0.6263795
0.2564916 -2.618566 0.6263795
0.2564916 -2.618566 0.6263795
0.2564916 -2.618566 0.6263795
0.2564916 -2.618566 0.6263795
0.2564916 -2.618566 0.6263795
0.2564916 -2.618566 0.6263795
0.2564916 -2.618566 0.6263795
0.2564916 -2.618566 0.6263795
0.2463451 -2.680584 0.6424637
0.2463451 -2.680584 0.6424637
0.2463451 -2.680584 0.6424637
0.2463451 -2.680584 0.6424637
0.2463451 -2.680584 0.6424637
0.2463451 -2.680584 0.6424637
0.2463451 -2.680584 0.6424637
0.2463451 -2.680584 0.6424637
0.2463451 -2.680584 0.6424637
0.2463451 -2.680584 0.6424637
0.2463451 -2.680584 0.6424637
0.2463451 -2.680584 0.6424637
0.2463451 -2.680584 0.6424637
0.2463451 -2.680584 0.6424637
0.2463451 -2.680584 0.6424637
0.2463451 -2.680584 0.6424637
0.2463451 -2.680584 0.6424637
0.2463451 -2.680584 0.6424637
0.2463451 -2.680584 0.6424637
0.2463451 -2.680584 0.6424637
0.2463451 -2.680584 0.6424637
0.2463451 -2.680584 0.6424637
0.2463451 -2.680584 0.6424637
0.2463451 -2.680584 0.6424637
0.2463451 -2.680584 0.6424637
0.2463451 -2.680584 0.6424637
0.2463451 -2.680584 0.6424637
0.2463451 -2.680584 0.6424637
0.2463451 -2.680584 0.6424637
0.2463451 -2.680584 0.6424637
0.2463451 -2.680584 0.6424637
0.2463451 -2.680584 0.6424637
0.2463451 -2.680584 0.6424637
0.2463451 -2.680584 0.6424637
0.2463451 -2.680584 0.6424637
0.2463451 -2.680584 0.6424637
0.2463451 -2.680584 0.6424637
0.2463451 -2.680584 0.6424637
0.2463451 -2.680584 0.6424637
0.2463451 -2.680584 0.6424637
0.2463451 -2.680584 0.6424637
0.2463451 -2.680584 0.6424637
0.2463451 -2.680584 0.6424637
0.3549324 -2.638296 0.7368247
0.3549324 -2.638296 0.7368247
0.3549324 -2.638296 0.7368247
0.3549324 -2.638296 0.7368247
0.3549324 -2.638296 0.7368247
0.3549324 -2.638296 0.7368247
0.3549324 -2.638296 0.7368247
0.3549324 -2.638296 0.7368247
0.3549324 -2.638296 0.7368247
0.3549324 -2.638296 0.7368247
0.3549324 -2.638296 0.7368247
0.3549324 -2.638296 0.7368247
0.3549324 -2.638296 0.7368247
0.3549324 -2.638296 0.7368247
0.3549324 -2.638296 0.7368247
0.3549324 -2.638296 0.7368247
0.3549324 -2.638296 0.7368247
0.3480266 -2.709442 0.754232
0.3480266 -2.709442 0.754232
0.3480266 -2.709442 0.754232
0.3480266 -2.709442 0.754232
0.3480266 -2.709442 0.754232
0.3480266 -2.709442 0.754232
0.3480266 -2.709442 0.754232
0.3480266 -2.709442 0.754232
0.3480266 -2.709442 0.754232
0.3480266 -2.709442 0.754232
0.3480266 -2.709442 0.754232
0.3480266 -2.709442 0.754232
0.3480266 -2.709442 0.754232
0.3480266 -2.709442 0.754232
0.3480266 -2.709442 0.754232
0.3480266 -2.709442 0.754232
0.3480266 -2.709442 0.754232
0.3480266 -2.709442 0.754232
0.3480266 -2.709442 0.754232
0.3480266 -2.709442 0.754232
0.3480266 -2.709442 0.754232
0.3480266 -2.709442 0.754232
0.3480266 -2.709442 0.754232
0.3480266 -2.709442 0.754232
0.3480266 -2.709442 0.754232
0.3480266 -2.709442 0.754232
0.3480266 -2.709442 0.754232
0.3480266 -2.709442 0.754232
0.3480266 -2.709442 0.754232
0.3480266 -2.709442 0.754232
0.3480266 -2.709442 0.754232
0.3480266 -2.709442 0.754232
0.3480266 -2.709442 0.754232
0.3480266 -2.709442 0.754232
0.3480266 -2.709442 0.754232
0.3480266 -2.709442 0.754232
0.3480266 -2.709442 0.754232
0.3480266 -2.709442 0.754232
0.3480266 -2.709442 0.754232
0.3480266 -2.709442 0.754232
0.3480266 -2.709442 0.754232
0.3480266 -2.709442 0.754232
0.3480266 -2.709442 0.754232
0.3480266 -2.709442 0.754232
0.3480266 -2.709442 0.754232
0.3480266 -2.709442 0.754232
0.3480266 -2.709442 0.754232
0.3480266 -2.709442 0.754232
0.3480266 -2.709442 0.754232
0.3480266 -2.709442 0.754232
0.3480266 -2.709442 0.754232
0.3480266 -2.709442 0.754232
0.3480266 -2.709442 0.754232
0.3480266 -2.709442 0.754232
0.3480266 -2.709442 0.754232
0.3480266 -2.709442 0.754232
0.3480266 -2.709442 0.754232
0.3480266 -2.709442 0.754232
0.3480266 -2.709442 0.754232
0.3480266 -2.709442 0.754232
0.3409256 -2.797808 0.7708662
0.3409256 -2.797808 0.7708662
0.3409256 -2.797808 0.7708662
0.3409256 -2.797808 0.7708662
0.3409256 -2.797808 0.7708662
0.3409256 -2.797808 0.7708662
0.3409256 -2.797808 0.7708662
0.3409256 -2.797808 0.7708662
0.3409256 -2.797808 0.7708662
0.3409256 -2.797808 0.7708662
0.3409256 -2.797808 0.7708662
0.3409256 -2.797808 0.7708662
0.3409256 -2.797808 0.7708662
0.3409256 -2.797808 0.7708662
0.3409256 -2.797808 0.7708662
0.3409256 -2.797808 0.7708662
0.3409256 -2.797808 0.7708662
0.3409256 -2.797808 0.7708662
0.3409256 -2.797808 0.7708662
0.3409256 -2.797808 0.7708662
0.3409256 -2.797808 0.7708662
0.3409256 -2.797808 0.7708662
0.3409256 -2.797808 0.7708662
0.3409256 -2.797808 0.7708662
0.3409256 -2.797808 0.7708662
0.3409256 -2.797808 0.7708662
0.3409256 -2.797808 0.7708662
0.3409256 -2.797808 0.7708662
0.3409256 -2.797808 0.7708662
0.3409256 -2.797808 0.7708662
0.3409256 -2.797808 0.7708662
0.3409256 -2.797808 0.7708662
0.3409256 -2.797808 0.7708662
0.3409256 -2.797808 0.7708662
0.3409256 -2.797808 0.7708662
0.3409256 -2.797808 0.7708662
0.3409256 -2.797808 0.7708662
0.3409256 -2.797808 0.7708662
0.3409256 -2.797808 0.7708662
0.3409256 -2.797808 0.7708662
0.3409256 -2.797808 0.7708662
0.3409256 -2.797808 0.7708662
0.3409256 -2.797808 0.7708662
0.3409256 -2.797808 0.7708662
0.3409256 -2.797808 0.7708662
0.3409256 -2.797808 0.7708662
0.3409256 -2.797808 0.7708662
0.3409256 -2.797808 0.7708662
0.3409256 -2.797808 0.7708662
0.3409256 -2.797808 0.7708662
0.3409256 -2.797808 0.7708662
0.3409256 -2.797808 0.7708662
0.3409256 -2.797808 0.7708662
0.3409256 -2.797808 0.7708662
0.3409256 -2.797808 0.7708662
0.3409256 -2.797808 0.7708662
0.3409256 -2.797808 0.7708662
0.3409256 -2.797808 0.7708662
0.3409256 -2.797808 0.7708662
0.3409256 -2.797808 0.7708662
0.3337357 -2.911476 0.7867942
0.3337357 -2.911476 0.7867942
0.3337357 -2.911476 0.7867942
0.3337357 -2.911476 0.7867942
0.3337357 -2.911476 0.7867942
0.3337357 -2.911476 0.7867942
0.3337357 -2.911476 0.7867942
0.3337357 -2.911476 0.7867942
0.3337357 -2.911476 0.7867942
0.3337357 -2.911476 0.7867942
0.3337357 -2.911476 0.7867942
0.3337357 -2.911476 0.7867942
0.3337357 -2.911476 0.7867942
-0.09819725 -3.098039 0.797516
-0.09819725 -3.098039 0.797516
-0.09819725 -3.098039 0.797516
-0.09819725 -3.098039 0.797516
-0.09819725 -3.098039 0.797516
-0.09819725 -3.098039 0.797516
-0.09819725 -3.098039 0.797516
-0.09819725 -3.098039 0.797516
-0.09819725 -3.098039 0.797516
-0.09819725 -3.098039 0.797516
-0.09819725 -3.098039 0.797516
-0.09819725 -3.098039 0.797516
-0.09819725 -3.098039 0.797516
-0.09819725 -3.098039 0.797516
-0.09819725 -3.098039 0.797516
-0.09819725 -3.098039 0.797516
-0.09819725 -3.098039 0.797516
-0.09819725 -3.098039 0.797516
-0.09819725 -3.098039 0.797516
-0.09819725 -3.098039 0.797516
-0.09819725 -3.098039 0.797516
-0.09819725 -3.098039 0.797516
-0.09819725 -3.098039 0.797516
-0.09819725 -3.098039 0.797516
-0.09819725 -3.098039 0.797516
-0.09819725 -3.098039 0.797516
-0.09819725 -3.098039 0.797516
-0.09819725 -3.098039 0.797516
-0.09819725 -3.098039 0.797516
-0.09819725 -3.098039 0.797516
-0.09819725 -3.098039 0.797516
-0.09819725 -3.098039 0.797516
-0.09819725 -3.098039 0.797516
-0.09819725 -3.098039 0.797516
-0.09819725 -3.098039 0.797516
-0.09819725 -3.098039 0.797516
-0.09819725 -3.098039 0.797516
-0.09819725 -3.098039 0.797516
-0.09819725 -3.098039 0.797516
-0.09819725 -3.098039 0.797516
-0.09819725 -3.098039 0.797516
-0.09819725 -3.098039 0.797516
-0.09819725 -3.098039 0.797516
-0.09819725 -3.098039 0.797516
-0.09819725 -3.098039 0.797516
-0.09819725 -3.098039 0.797516
-0.09819725 -3.098039 0.797516
-0.1008886 -3.236152 0.8125829
-0.1008886 -3.236152 0.8125829
-0.1008886 -3.236152 0.8125829
-0.1008886 -3.236152 0.8125829
-0.1008886 -3.236152 0.8125829
-0.1008886 -3.236152 0.8125829
-0.1008886 -3.236152 0.8125829
-0.1008886 -3.236152 0.8125829
-0.1008886 -3.236152 0.8125829
-0.1008886 -3.236152 0.8125829
-0.1008886 -3.236152 0.8125829
-0.1008886 -3.236152 0.8125829
-0.1008886 -3.236152 0.8125829
-0.1008886 -3.236152 0.8125829
-0.1008886 -3.236152 0.8125829
-0.1008886 -3.236152 0.8125829
-0.1008886 -3.236152 0.8125829
-0.1008886 -3.236152 0.8125829
-0.1008886 -3.236152 0.8125829
-0.1008886 -3.236152 0.8125829
-0.1008886 -3.236152 0.8125829
-0.1008886 -3.236152 0.8125829
-0.1008886 -3.236152 0.8125829
-0.1008886 -3.236152 0.8125829
-0.1008886 -3.236152 0.8125829
-0.1008886 -3.236152 0.8125829
-0.1008886 -3.236152 0.8125829
-0.1008886 -3.236152 0.8125829
-0.1008886 -3.236152 0.8125829
-0.1008886 -3.236152 0.8125829
-0.1008886 -3.236152 0.8125829
0.1074992 -2.699356 0.6209501
0.1074992 -2.699356 0.6209501
0.1074992 -2.699356 0.6209501
0.1074992 -2.699356 0.6209501
0.1074992 -2.699356 0.6209501
0.1074992 -2.699356 0.6209501
0.1074992 -2.699356 0.6209501
0.1074992 -2.699356 0.6209501
0.1074992 -2.699356 0.6209501
0.1074992 -2.699356 0.6209501
0.1074992 -2.699356 0.6209501
0.1074992 -2.699356 0.6209501
0.1074992 -2.699356 0.6209501
0.1074992 -2.699356 0.6209501
0.1074992 -2.699356 0.6209501
0.1074992 -2.699356 0.6209501
0.1074992 -2.699356 0.6209501
0.1074992 -2.699356 0.6209501
0.1074992 -2.699356 0.6209501
0.1074992 -2.699356 0.6209501
0.1074992 -2.699356 0.6209501
0.1074992 -2.699356 0.6209501
0.1074992 -2.699356 0.6209501
0.1074992 -2.699356 0.6209501
0.1074992 -2.699356 0.6209501
0.1074992 -2.699356 0.6209501
0.1074992 -2.699356 0.6209501
0.1074992 -2.699356 0.6209501
0.1074992 -2.699356 0.6209501
0.1028543 -2.904633 0.6378982
0.1028543 -2.904633 0.6378982
0.1028543 -2.904633 0.6378982
0.1028543 -2.904633 0.6378982
0.1028543 -2.904633 0.6378982
0.1028543 -2.904633 0.6378982
0.1028543 -2.904633 0.6378982
0.1028543 -2.904633 0.6378982
0.1028543 -2.904633 0.6378982
0.1028543 -2.904633 0.6378982
0.1028543 -2.904633 0.6378982
0.1028543 -2.904633 0.6378982
0.1028543 -2.904633 0.6378982
0.1028543 -2.904633 0.6378982
0.1028543 -2.904633 0.6378982
0.1028543 -2.904633 0.6378982
0.1028543 -2.904633 0.6378982
0.1028543 -2.904633 0.6378982
0.1028543 -2.904633 0.6378982
0.1028543 -2.904633 0.6378982
0.1028543 -2.904633 0.6378982
0.1028543 -2.904633 0.6378982
0.1028543 -2.904633 0.6378982
0.1028543 -2.904633 0.6378982
0.1028543 -2.904633 0.6378982
0.1028543 -2.904633 0.6378982
0.1028543 -2.904633 0.6378982
0.1028543 -2.904633 0.6378982
0.1028543 -2.904633 0.6378982
0.1028543 -2.904633 0.6378982
0.1028543 -2.904633 0.6378982
0.1028543 -2.904633 0.6378982
0.1028543 -2.904633 0.6378982
0.1028543 -2.904633 0.6378982
0.1028543 -2.904633 0.6378982
0.1028543 -2.904633 0.6378982
0.1028543 -2.904633 0.6378982
0.1028543 -2.904633 0.6378982
0.1028543 -2.904633 0.6378982
0.1028543 -2.904633 0.6378982
0.1028543 -2.904633 0.6378982
0.1028543 -2.904633 0.6378982
0.1028543 -2.904633 0.6378982
0.1028543 -2.904633 0.6378982
0.1028543 -2.904633 0.6378982
0.1028543 -2.904633 0.6378982
0.1028543 -2.904633 0.6378982
0.1028543 -2.904633 0.6378982
0.1028543 -2.904633 0.6378982
0.1028543 -2.904633 0.6378982
0.1028543 -2.904633 0.6378982
0.1028543 -2.904633 0.6378982
0.1028543 -2.904633 0.6378982
0.1028543 -2.904633 0.6378982
0.1028543 -2.904633 0.6378982
0.1028543 -2.904633 0.6378982
0.1028543 -2.904633 0.6378982
0.1028543 -2.904633 0.6378982
0.1028543 -2.904633 0.6378982
0.1028543 -2.904633 0.6378982
0.098333 -3.127325 0.654224
0.098333 -3.127325 0.654224
0.098333 -3.127325 0.654224
0.098333 -3.127325 0.654224
0.098333 -3.127325 0.654224
0.098333 -3.127325 0.654224
0.098333 -3.127325 0.654224
0.098333 -3.127325 0.654224
0.098333 -3.127325 0.654224
0.1876982 -2.718048 0.7145129
0.1876982 -2.718048 0.7145129
0.1876982 -2.718048 0.7145129
0.1876982 -2.718048 0.7145129
0.1876982 -2.718048 0.7145129
0.1876982 -2.718048 0.7145129
0.1876982 -2.718048 0.7145129
0.1876982 -2.718048 0.7145129
0.1876982 -2.718048 0.7145129
0.1876982 -2.718048 0.7145129
0.1876982 -2.718048 0.7145129
0.1876982 -2.718048 0.7145129
0.1876982 -2.718048 0.7145129
0.1876982 -2.718048 0.7145129
0.1876982 -2.718048 0.7145129
0.1876982 -2.718048 0.7145129
0.1876982 -2.718048 0.7145129
0.1876982 -2.718048 0.7145129
0.1876982 -2.718048 0.7145129
0.1876982 -2.718048 0.7145129
0.1876982 -2.718048 0.7145129
0.1876982 -2.718048 0.7145129
0.1876982 -2.718048 0.7145129
0.1876982 -2.718048 0.7145129
0.1876982 -2.718048 0.7145129
0.1876982 -2.718048 0.7145129
0.1876982 -2.718048 0.7145129
0.1876982 -2.718048 0.7145129
0.1876982 -2.718048 0.7145129
0.1876982 -2.718048 0.7145129
0.1876982 -2.718048 0.7145129
0.1876982 -2.718048 0.7145129
0.1876982 -2.718048 0.7145129
0.1876982 -2.718048 0.7145129
0.1876982 -2.718048 0.7145129
0.1876982 -2.718048 0.7145129
0.1876982 -2.718048 0.7145129
0.1876982 -2.718048 0.7145129
0.1876982 -2.718048 0.7145129
0.1876982 -2.718048 0.7145129
0.1876982 -2.718048 0.7145129
0.1876982 -2.718048 0.7145129
0.1876982 -2.718048 0.7145129
0.1876982 -2.718048 0.7145129
0.1876982 -2.718048 0.7145129
0.1876982 -2.718048 0.7145129
0.1876982 -2.718048 0.7145129
0.1876982 -2.718048 0.7145129
0.1876982 -2.718048 0.7145129
0.1876982 -2.718048 0.7145129
0.1876982 -2.718048 0.7145129
0.1828471 -2.946244 0.7284193
0.1828471 -2.946244 0.7284193
0.1828471 -2.946244 0.7284193
0.1828471 -2.946244 0.7284193
0.1828471 -2.946244 0.7284193
0.1828471 -2.946244 0.7284193
0.1828471 -2.946244 0.7284193
0.1828471 -2.946244 0.7284193
0.1828471 -2.946244 0.7284193
0.1828471 -2.946244 0.7284193
0.1828471 -2.946244 0.7284193
0.1828471 -2.946244 0.7284193
0.1828471 -2.946244 0.7284193
0.1828471 -2.946244 0.7284193
0.1828471 -2.946244 0.7284193
0.1828471 -2.946244 0.7284193
0.1828471 -2.946244 0.7284193
0.1828471 -2.946244 0.7284193
0.1828471 -2.946244 0.7284193
0.1828471 -2.946244 0.7284193
0.1828471 -2.946244 0.7284193
0.1828471 -2.946244 0.7284193
0.1828471 -2.946244 0.7284193
0.1828471 -2.946244 0.7284193
0.1828471 -2.946244 0.7284193
0.1828471 -2.946244 0.7284193
0.1828471 -2.946244 0.7284193
0.1828471 -2.946244 0.7284193
0.1828471 -2.946244 0.7284193
0.1828471 -2.946244 0.7284193
0.1828471 -2.946244 0.7284193
0.1828471 -2.946244 0.7284193
0.1828471 -2.946244 0.7284193
0.1828471 -2.946244 0.7284193
0.1828471 -2.946244 0.7284193
0.1828471 -2.946244 0.7284193
0.1828471 -2.946244 0.7284193
0.1828471 -2.946244 0.7284193
0.1828471 -2.946244 0.7284193
0.1828471 -2.946244 0.7284193
0.1828471 -2.946244 0.7284193
0.1828471 -2.946244 0.7284193
0.1828471 -2.946244 0.7284193
0.1828471 -2.946244 0.7284193
0.1828471 -2.946244 0.7284193
0.1828471 -2.946244 0.7284193
0.1828471 -2.946244 0.7284193
0.1828471 -2.946244 0.7284193
0.1828471 -2.946244 0.7284193
0.1828471 -2.946244 0.7284193
0.1828471 -2.946244 0.7284193
0.1828471 -2.946244 0.7284193
0.1828471 -2.946244 0.7284193
0.1828471 -2.946244 0.7284193
0.1828471 -2.946244 0.7284193
0.1828471 -2.946244 0.7284193
0.1828471 -2.946244 0.7284193
0.1828471 -2.946244 0.7284193
0.1828471 -2.946244 0.7284193
0.1828471 -2.946244 0.7284193
0.1805436 -3.066193 0.7380617
0.1805436 -3.066193 0.7380617
0.1805436 -3.066193 0.7380617
0.1805436 -3.066193 0.7380617
0.1805436 -3.066193 0.7380617
0.1805436 -3.066193 0.7380617
0.1805436 -3.066193 0.7380617
0.1805436 -3.066193 0.7380617
0.1805436 -3.066193 0.7380617
0.1805436 -3.066193 0.7380617
0.1805436 -3.066193 0.7380617
0.1805436 -3.066193 0.7380617
0.1805436 -3.066193 0.7380617
0.1805436 -3.066193 0.7380617
0.1805436 -3.066193 0.7380617
0.1805436 -3.066193 0.7380617
0.1805436 -3.066193 0.7380617
0.1805436 -3.066193 0.7380617
0.1805436 -3.066193 0.7380617
0.1805436 -3.066193 0.7380617
0.1805436 -3.066193 0.7380617
0.1805436 -3.066193 0.7380617
0.1805436 -3.066193 0.7380617
0.1805436 -3.066193 0.7380617
0.1805436 -3.066193 0.7380617
0.1805436 -3.066193 0.7380617
0.1805436 -3.066193 0.7380617
0.1805436 -3.066193 0.7380617
0.1805436 -3.066193 0.7380617
0.1805436 -3.066193 0.7380617
0.1805436 -3.066193 0.7380617
0.1805436 -3.066193 0.7380617
0.1805436 -3.066193 0.7380617
0.1805436 -3.066193 0.7380617
0.1805436 -3.066193 0.7380617
0.1805436 -3.066193 0.7380617
0.1805436 -3.066193 0.7380617
0.1805436 -3.066193 0.7380617
0.1805436 -3.066193 0.7380617
0.1805436 -3.066193 0.7380617
0.1805436 -3.066193 0.7380617
0.1805436 -3.066193 0.7380617
0.1805436 -3.066193 0.7380617
0.1805436 -3.066193 0.7380617
0.1805436 -3.066193 0.7380617
0.1805436 -3.066193 0.7380617
0.1805436 -3.066193 0.7380617
0.1805436 -3.066193 0.7380617
0.1805436 -3.066193 0.7380617
0.1805436 -3.066193 0.7380617
0.1805436 -3.066193 0.7380617
0.1805436 -3.066193 0.7380617
0.1805436 -3.066193 0.7380617
0.1805436 -3.066193 0.7380617
0.1805436 -3.066193 0.7380617
0.1805436 -3.066193 0.7380617
0.1805436 -3.066193 0.7380617
0.1805436 -3.066193 0.7380617
0.1805436 -3.066193 0.7380617
0.1805436 -3.066193 0.7380617
0.1783134 -3.136379 0.7469314
0.1783134 -3.136379 0.7469314
0.2933319 -2.828827 0.7818496
0.2933319 -2.828827 0.7818496
0.2933319 -2.828827 0.7818496
0.2933319 -2.828827 0.7818496
0.2933319 -2.828827 0.7818496
0.2933319 -2.828827 0.7818496
0.2933319 -2.828827 0.7818496
0.2933319 -2.828827 0.7818496
0.2933319 -2.828827 0.7818496
0.2933319 -2.828827 0.7818496
0.2933319 -2.828827 0.7818496
0.2933319 -2.828827 0.7818496
0.2933319 -2.828827 0.7818496
0.2933319 -2.828827 0.7818496
0.2933319 -2.828827 0.7818496
0.2933319 -2.828827 0.7818496
0.2933319 -2.828827 0.7818496
0.2933319 -2.828827 0.7818496
0.2933319 -2.828827 0.7818496
0.2933319 -2.828827 0.7818496
0.2933319 -2.828827 0.7818496
0.2933319 -2.828827 0.7818496
0.2933319 -2.828827 0.7818496
0.2933319 -2.828827 0.7818496
0.2933319 -2.828827 0.7818496
0.2933319 -2.828827 0.7818496
0.2933319 -2.828827 0.7818496
0.2933319 -2.828827 0.7818496
0.2933319 -2.828827 0.7818496
0.2933319 -2.828827 0.7818496
0.2933319 -2.828827 0.7818496
0.2933319 -2.828827 0.7818496
0.2933319 -2.828827 0.7818496
0.2933319 -2.828827 0.7818496
0.2933319 -2.828827 0.7818496
0.2933319 -2.828827 0.7818496
0.2933319 -2.828827 0.7818496
0.2933319 -2.828827 0.7818496
0.2933319 -2.828827 0.7818496
0.2933319 -2.828827 0.7818496
0.2933319 -2.828827 0.7818496
0.2933319 -2.828827 0.7818496
0.2933319 -2.828827 0.7818496
0.2933319 -2.828827 0.7818496
0.2933319 -2.828827 0.7818496
0.2933319 -2.828827 0.7818496
0.2933319 -2.828827 0.7818496
0.2933319 -2.828827 0.7818496
0.2933319 -2.828827 0.7818496
0.2933319 -2.828827 0.7818496
0.2933319 -2.828827 0.7818496
0.2933319 -2.828827 0.7818496
0.2933319 -2.828827 0.7818496
0.2933319 -2.828827 0.7818496
0.2933319 -2.828827 0.7818496
0.2933319 -2.828827 0.7818496
0.2933319 -2.828827 0.7818496
0.2933319 -2.828827 0.7818496
0.2899344 -2.877281 0.7892852
0.2899344 -2.877281 0.7892852
0.2899344 -2.877281 0.7892852
0.2899344 -2.877281 0.7892852
0.2899344 -2.877281 0.7892852
0.2899344 -2.877281 0.7892852
0.2899344 -2.877281 0.7892852
0.2899344 -2.877281 0.7892852
0.2899344 -2.877281 0.7892852
0.2899344 -2.877281 0.7892852
0.2899344 -2.877281 0.7892852
0.2899344 -2.877281 0.7892852
0.2899344 -2.877281 0.7892852
0.2899344 -2.877281 0.7892852
0.2899344 -2.877281 0.7892852
0.2899344 -2.877281 0.7892852
0.2899344 -2.877281 0.7892852
0.3960907 -2.226893 0.6132071
0.3960907 -2.226893 0.6132071
0.3960907 -2.226893 0.6132071
0.3960907 -2.226893 0.6132071
0.3960907 -2.226893 0.6132071
0.3960907 -2.226893 0.6132071
0.3960907 -2.226893 0.6132071
0.3960907 -2.226893 0.6132071
0.3960907 -2.226893 0.6132071
0.3960907 -2.226893 0.6132071
0.3960907 -2.226893 0.6132071
0.3960907 -2.226893 0.6132071
0.3960907 -2.226893 0.6132071
0.3960907 -2.226893 0.6132071
0.3960907 -2.226893 0.6132071
0.3960907 -2.226893 0.6132071
0.3960907 -2.226893 0.6132071
0.3960907 -2.226893 0.6132071
0.3960907 -2.226893 0.6132071
0.3960907 -2.226893 0.6132071
0.3960907 -2.226893 0.6132071
0.3960907 -2.226893 0.6132071
0.3960907 -2.226893 0.6132071
0.3960907 -2.226893 0.6132071
0.3960907 -2.226893 0.6132071
0.3960907 -2.226893 0.6132071
0.3960907 -2.226893 0.6132071
0.3960907 -2.226893 0.6132071
0.3960907 -2.226893 0.6132071
0.3960907 -2.226893 0.6132071
0.3960907 -2.226893 0.6132071
0.3960907 -2.226893 0.6132071
0.3960907 -2.226893 0.6132071
0.3960907 -2.226893 0.6132071
0.3960907 -2.226893 0.6132071
0.3960907 -2.226893 0.6132071
0.3960907 -2.226893 0.6132071
0.3960907 -2.226893 0.6132071
0.3960907 -2.226893 0.6132071
0.3960907 -2.226893 0.6132071
0.3960907 -2.226893 0.6132071
0.3960907 -2.226893 0.6132071
0.3960907 -2.226893 0.6132071
0.3916094 -2.268701 0.6231838
0.3916094 -2.268701 0.6231838
0.3916094 -2.268701 0.6231838
0.3916094 -2.268701 0.6231838
0.3916094 -2.268701 0.6231838
0.3916094 -2.268701 0.6231838
0.3916094 -2.268701 0.6231838
0.3916094 -2.268701 0.6231838
0.3916094 -2.268701 0.6231838
0.3916094 -2.268701 0.6231838
0.3916094 -2.268701 0.6231838
0.3916094 -2.268701 0.6231838
0.3916094 -2.268701 0.6231838
0.3916094 -2.268701 0.6231838
0.3916094 -2.268701 0.6231838
0.3916094 -2.268701 0.6231838
0.3916094 -2.268701 0.6231838
0.3916094 -2.268701 0.6231838
0.3916094 -2.268701 0.6231838
0.3916094 -2.268701 0.6231838
0.3916094 -2.268701 0.6231838
0.3916094 -2.268701 0.6231838
0.3916094 -2.268701 0.6231838
0.3916094 -2.268701 0.6231838
0.3916094 -2.268701 0.6231838
0.3916094 -2.268701 0.6231838
0.3916094 -2.268701 0.6231838
0.3916094 -2.268701 0.6231838
0.3916094 -2.268701 0.6231838
0.3916094 -2.268701 0.6231838
0.3916094 -2.268701 0.6231838
0.3916094 -2.268701 0.6231838
0.3916094 -2.268701 0.6231838
0.3916094 -2.268701 0.6231838
0.3916094 -2.268701 0.6231838
0.3916094 -2.268701 0.6231838
0.3916094 -2.268701 0.6231838
0.3916094 -2.268701 0.6231838
0.3916094 -2.268701 0.6231838
0.3916094 -2.268701 0.6231838
0.3916094 -2.268701 0.6231838
0.3916094 -2.268701 0.6231838
0.3916094 -2.268701 0.6231838
0.3916094 -2.268701 0.6231838
0.3916094 -2.268701 0.6231838
0.3916094 -2.268701 0.6231838
0.3916094 -2.268701 0.6231838
0.3916094 -2.268701 0.6231838
0.3916094 -2.268701 0.6231838
-0.1034233 -2.857723 0.7490829
-0.1034233 -2.857723 0.7490829
-0.1034233 -2.857723 0.7490829
-0.1034233 -2.857723 0.7490829
-0.1034233 -2.857723 0.7490829
-0.1034233 -2.857723 0.7490829
-0.1034233 -2.857723 0.7490829
-0.1034233 -2.857723 0.7490829
-0.1034233 -2.857723 0.7490829
-0.1034233 -2.857723 0.7490829
-0.1034233 -2.857723 0.7490829
-0.1027099 -2.873571 0.7560438
-0.1027099 -2.873571 0.7560438
-0.1027099 -2.873571 0.7560438
-0.1027099 -2.873571 0.7560438
-0.1027099 -2.873571 0.7560438
-0.1027099 -2.873571 0.7560438
-0.1027099 -2.873571 0.7560438
-0.1027099 -2.873571 0.7560438
-0.1027099 -2.873571 0.7560438
-0.1027099 -2.873571 0.7560438
-0.1027099 -2.873571 0.7560438
-0.1027099 -2.873571 0.7560438
-0.1027099 -2.873571 0.7560438
-0.1027099 -2.873571 0.7560438
-0.1027099 -2.873571 0.7560438
-0.1027099 -2.873571 0.7560438
-0.1027099 -2.873571 0.7560438
-0.1027099 -2.873571 0.7560438
-0.1027099 -2.873571 0.7560438
-0.1027099 -2.873571 0.7560438
-0.1027099 -2.873571 0.7560438
-0.1027099 -2.873571 0.7560438
-0.1027099 -2.873571 0.7560438
-0.1027099 -2.873571 0.7560438
-0.1027099 -2.873571 0.7560438
-0.1027099 -2.873571 0.7560438
-0.1027099 -2.873571 0.7560438
-0.1027099 -2.873571 0.7560438
-0.1027099 -2.873571 0.7560438
-0.1027099 -2.873571 0.7560438
-0.1027099 -2.873571 0.7560438
-0.1027099 -2.873571 0.7560438
-0.1027099 -2.873571 0.7560438
-0.1027099 -2.873571 0.7560438
-0.1027099 -2.873571 0.7560438
-0.1027099 -2.873571 0.7560438
-0.1027099 -2.873571 0.7560438
-0.1027099 -2.873571 0.7560438
-0.1027099 -2.873571 0.7560438
-0.1027099 -2.873571 0.7560438
-0.1027099 -2.873571 0.7560438
-0.1027099 -2.873571 0.7560438
-0.1027099 -2.873571 0.7560438
-0.1027099 -2.873571 0.7560438
-0.1027099 -2.873571 0.7560438
-0.1027099 -2.873571 0.7560438
-0.1027099 -2.873571 0.7560438
-0.1027099 -2.873571 0.7560438
-0.1027099 -2.873571 0.7560438
-0.1027099 -2.873571 0.7560438
-0.1027099 -2.873571 0.7560438
-0.1027099 -2.873571 0.7560438
-0.1027099 -2.873571 0.7560438
-0.1027099 -2.873571 0.7560438
-0.1027099 -2.873571 0.7560438
-0.1027099 -2.873571 0.7560438
-0.1027099 -2.873571 0.7560438
-0.1027099 -2.873571 0.7560438
-0.1027099 -2.873571 0.7560438
-0.1027099 -2.873571 0.7560438
-0.0958359 -2.725896 0.7445644
-0.0958359 -2.725896 0.7445644
-0.0958359 -2.725896 0.7445644
-0.0958359 -2.725896 0.7445644
-0.0958359 -2.725896 0.7445644
-0.0958359 -2.725896 0.7445644
-0.0958359 -2.725896 0.7445644
-0.0958359 -2.725896 0.7445644
-0.0958359 -2.725896 0.7445644
-0.0958359 -2.725896 0.7445644
-0.0958359 -2.725896 0.7445644
-0.0958359 -2.725896 0.7445644
-0.0958359 -2.725896 0.7445644
-0.0958359 -2.725896 0.7445644
-0.0958359 -2.725896 0.7445644
-0.0958359 -2.725896 0.7445644
-0.0958359 -2.725896 0.7445644
-0.0958359 -2.725896 0.7445644
-0.0958359 -2.725896 0.7445644
-0.0958359 -2.725896 0.7445644
-0.0958359 -2.725896 0.7445644
-0.0958359 -2.725896 0.7445644
-0.0958359 -2.725896 0.7445644
-0.0958359 -2.725896 0.7445644
-0.0958359 -2.725896 0.7445644
-0.0958359 -2.725896 0.7445644
-0.0958359 -2.725896 0.7445644
-0.0958359 -2.725896 0.7445644
-0.0958359 -2.725896 0.7445644
-0.0958359 -2.725896 0.7445644
-0.0958359 -2.725896 0.7445644
-0.0958359 -2.725896 0.7445644
-0.0958359 -2.725896 0.7445644
-0.0958359 -2.725896 0.7445644
-0.0958359 -2.725896 0.7445644
-0.0958359 -2.725896 0.7445644
-0.0958359 -2.725896 0.7445644
-0.0958359 -2.725896 0.7445644
-0.0958359 -2.725896 0.7445644
-0.0958359 -2.725896 0.7445644
-0.0958359 -2.725896 0.7445644
-0.0958359 -2.725896 0.7445644
-0.0958359 -2.725896 0.7445644
-0.0958359 -2.725896 0.7445644
-0.0958359 -2.725896 0.7445644
-0.0958359 -2.725896 0.7445644
-0.0958359 -2.725896 0.7445644
-0.0958359 -2.725896 0.7445644
-0.0958359 -2.725896 0.7445644
-0.0958359 -2.725896 0.7445644
-0.0958359 -2.725896 0.7445644
-0.0958359 -2.725896 0.7445644
-0.0958359 -2.725896 0.7445644
-0.0958359 -2.725896 0.7445644
-0.0958359 -2.725896 0.7445644
-0.0958359 -2.725896 0.7445644
-0.0958359 -2.725896 0.7445644
-0.0958359 -2.725896 0.7445644
-0.0958359 -2.725896 0.7445644
-0.0958359 -2.725896 0.7445644
-0.09221704 -2.627739 0.7474605
-0.09221704 -2.627739 0.7474605
-0.09221704 -2.627739 0.7474605
-0.09221704 -2.627739 0.7474605
-0.09221704 -2.627739 0.7474605
-0.09221704 -2.627739 0.7474605
-0.09221704 -2.627739 0.7474605
-0.09221704 -2.627739 0.7474605
-0.09221704 -2.627739 0.7474605
-0.09221704 -2.627739 0.7474605
-0.09221704 -2.627739 0.7474605
-0.09221704 -2.627739 0.7474605
-0.09221704 -2.627739 0.7474605
-0.09221704 -2.627739 0.7474605
-0.09221704 -2.627739 0.7474605
-0.09221704 -2.627739 0.7474605
-0.09221704 -2.627739 0.7474605
-0.09221704 -2.627739 0.7474605
-0.09221704 -2.627739 0.7474605
-0.09221704 -2.627739 0.7474605
-0.09221704 -2.627739 0.7474605
-0.09221704 -2.627739 0.7474605
-0.09221704 -2.627739 0.7474605
-0.09221704 -2.627739 0.7474605
-0.09221704 -2.627739 0.7474605
-0.09221704 -2.627739 0.7474605
-0.09221704 -2.627739 0.7474605
-0.09221704 -2.627739 0.7474605
-0.09221704 -2.627739 0.7474605
-0.09221704 -2.627739 0.7474605
-0.09221704 -2.627739 0.7474605
0.4279968 -2.79573 0.4873421
0.4279968 -2.79573 0.4873421
0.4279968 -2.79573 0.4873421
0.4279968 -2.79573 0.4873421
0.4279968 -2.79573 0.4873421
0.4279968 -2.79573 0.4873421
0.4279968 -2.79573 0.4873421
0.4279968 -2.79573 0.4873421
0.4279968 -2.79573 0.4873421
0.4279968 -2.79573 0.4873421
0.4279968 -2.79573 0.4873421
0.4279968 -2.79573 0.4873421
0.4279968 -2.79573 0.4873421
0.4279968 -2.79573 0.4873421
0.4279968 -2.79573 0.4873421
0.4279968 -2.79573 0.4873421
0.4279968 -2.79573 0.4873421
0.1763734 -3.12677 0.6701228
0.1763734 -3.12677 0.6701228
0.1763734 -3.12677 0.6701228
0.1763734 -3.12677 0.6701228
0.1763734 -3.12677 0.6701228
0.1763734 -3.12677 0.6701228
0.1973826 -2.971095 0.6103522
0.1973826 -2.971095 0.6103522
0.1973826 -2.971095 0.6103522
0.1973826 -2.971095 0.6103522
0.1973826 -2.971095 0.6103522
0.1973826 -2.971095 0.6103522
0.06613091 -2.831699 0.6752294
0.06613091 -2.831699 0.6752294
0.06613091 -2.831699 0.6752294
0.06613091 -2.831699 0.6752294
0.06613091 -2.831699 0.6752294
0.06613091 -2.831699 0.6752294
0.06613091 -2.831699 0.6752294
0.06613091 -2.831699 0.6752294
0.06613091 -2.831699 0.6752294
0.06613091 -2.831699 0.6752294
0.06613091 -2.831699 0.6752294
0.06613091 -2.831699 0.6752294
0.06613091 -2.831699 0.6752294
0.06613091 -2.831699 0.6752294
0.06613091 -2.831699 0.6752294
0.06613091 -2.831699 0.6752294
0.06613091 -2.831699 0.6752294
0.06613091 -2.831699 0.6752294
0.06613091 -2.831699 0.6752294
0.06613091 -2.831699 0.6752294
0.06613091 -2.831699 0.6752294
0.06613091 -2.831699 0.6752294
0.06613091 -2.831699 0.6752294
0.06613091 -2.831699 0.6752294
0.06613091 -2.831699 0.6752294
0.06613091 -2.831699 0.6752294
0.06613091 -2.831699 0.6752294
0.06613091 -2.831699 0.6752294
0.06613091 -2.831699 0.6752294
0.06613091 -2.831699 0.6752294
0.06613091 -2.831699 0.6752294
0.06613091 -2.831699 0.6752294
0.06613091 -2.831699 0.6752294
0.06613091 -2.831699 0.6752294
0.06613091 -2.831699 0.6752294
0.06613091 -2.831699 0.6752294
0.06613091 -2.831699 0.6752294
0.06613091 -2.831699 0.6752294
0.06613091 -2.831699 0.6752294
0.06613091 -2.831699 0.6752294
0.06613091 -2.831699 0.6752294
0.06613091 -2.831699 0.6752294
0.06613091 -2.831699 0.6752294
0.06613091 -2.831699 0.6752294
0.06613091 -2.831699 0.6752294
0.06613091 -2.831699 0.6752294
0.06613091 -2.831699 0.6752294
0.06613091 -2.831699 0.6752294
0.06613091 -2.831699 0.6752294
0.06613091 -2.831699 0.6752294
0.06613091 -2.831699 0.6752294
0.06613091 -2.831699 0.6752294
0.06613091 -2.831699 0.6752294
0.06613091 -2.831699 0.6752294
0.06613091 -2.831699 0.6752294
0.06613091 -2.831699 0.6752294
0.06613091 -2.831699 0.6752294
0.06613091 -2.831699 0.6752294
0.06613091 -2.831699 0.6752294
0.06613091 -2.831699 0.6752294
0.07057175 -2.7791 0.6694416
0.07057175 -2.7791 0.6694416
0.07057175 -2.7791 0.6694416
0.07057175 -2.7791 0.6694416
0.07057175 -2.7791 0.6694416
0.07057175 -2.7791 0.6694416
0.07057175 -2.7791 0.6694416
0.07057175 -2.7791 0.6694416
0.07057175 -2.7791 0.6694416
0.07057175 -2.7791 0.6694416
0.07057175 -2.7791 0.6694416
0.07057175 -2.7791 0.6694416
0.07057175 -2.7791 0.6694416
0.07057175 -2.7791 0.6694416
0.07057175 -2.7791 0.6694416
0.07057175 -2.7791 0.6694416
0.07057175 -2.7791 0.6694416
0.07057175 -2.7791 0.6694416
0.07057175 -2.7791 0.6694416
0.07057175 -2.7791 0.6694416
0.07057175 -2.7791 0.6694416
0.07057175 -2.7791 0.6694416
0.07057175 -2.7791 0.6694416
0.07057175 -2.7791 0.6694416
0.07057175 -2.7791 0.6694416
0.07057175 -2.7791 0.6694416
0.07057175 -2.7791 0.6694416
0.07057175 -2.7791 0.6694416
0.07057175 -2.7791 0.6694416
0.07057175 -2.7791 0.6694416
0.07057175 -2.7791 0.6694416
0.07057175 -2.7791 0.6694416
0.07057175 -2.7791 0.6694416
0.07057175 -2.7791 0.6694416
0.07057175 -2.7791 0.6694416
0.07057175 -2.7791 0.6694416
0.07057175 -2.7791 0.6694416
0.07057175 -2.7791 0.6694416
0.07057175 -2.7791 0.6694416
0.07057175 -2.7791 0.6694416
0.07057175 -2.7791 0.6694416
0.07057175 -2.7791 0.6694416
0.07057175 -2.7791 0.6694416
0.07057175 -2.7791 0.6694416
0.07057175 -2.7791 0.6694416
0.07057175 -2.7791 0.6694416
0.07057175 -2.7791 0.6694416
0.07057175 -2.7791 0.6694416
0.07057175 -2.7791 0.6694416
0.07057175 -2.7791 0.6694416
0.07057175 -2.7791 0.6694416
0.07057175 -2.7791 0.6694416
0.07057175 -2.7791 0.6694416
0.07057175 -2.7791 0.6694416
0.07057175 -2.7791 0.6694416
0.07057175 -2.7791 0.6694416
0.07057175 -2.7791 0.6694416
0.07057175 -2.7791 0.6694416
0.07057175 -2.7791 0.6694416
0.07057175 -2.7791 0.6694416
0.07489389 -2.751036 0.6636208
0.07489389 -2.751036 0.6636208
0.07489389 -2.751036 0.6636208
0.07489389 -2.751036 0.6636208
0.07489389 -2.751036 0.6636208
0.07489389 -2.751036 0.6636208
0.07489389 -2.751036 0.6636208
0.07489389 -2.751036 0.6636208
0.07489389 -2.751036 0.6636208
0.07489389 -2.751036 0.6636208
0.07489389 -2.751036 0.6636208
0.07489389 -2.751036 0.6636208
0.07489389 -2.751036 0.6636208
0.07489389 -2.751036 0.6636208
0.07489389 -2.751036 0.6636208
0.07489389 -2.751036 0.6636208
0.07489389 -2.751036 0.6636208
0.07489389 -2.751036 0.6636208
0.07489389 -2.751036 0.6636208
0.07489389 -2.751036 0.6636208
0.07489389 -2.751036 0.6636208
0.07489389 -2.751036 0.6636208
0.07489389 -2.751036 0.6636208
0.07489389 -2.751036 0.6636208
0.07489389 -2.751036 0.6636208
0.07489389 -2.751036 0.6636208
0.07489389 -2.751036 0.6636208
0.07489389 -2.751036 0.6636208
0.07489389 -2.751036 0.6636208
0.07489389 -2.751036 0.6636208
0.07489389 -2.751036 0.6636208
0.07489389 -2.751036 0.6636208
0.07489389 -2.751036 0.6636208
0.07489389 -2.751036 0.6636208
0.07489389 -2.751036 0.6636208
0.07489389 -2.751036 0.6636208
0.07489389 -2.751036 0.6636208
0.07489389 -2.751036 0.6636208
0.07489389 -2.751036 0.6636208
0.07489389 -2.751036 0.6636208
0.07489389 -2.751036 0.6636208
0.07489389 -2.751036 0.6636208
0.07489389 -2.751036 0.6636208
0.07489389 -2.751036 0.6636208
0.07489389 -2.751036 0.6636208
0.07489389 -2.751036 0.6636208
0.07489389 -2.751036 0.6636208
0.07489389 -2.751036 0.6636208
0.07489389 -2.751036 0.6636208
0.07489389 -2.751036 0.6636208
0.07489389 -2.751036 0.6636208
0.07489389 -2.751036 0.6636208
0.07489389 -2.751036 0.6636208
0.07489389 -2.751036 0.6636208
0.07489389 -2.751036 0.6636208
0.07489389 -2.751036 0.6636208
0.07489389 -2.751036 0.6636208
0.07489389 -2.751036 0.6636208
0.07489389 -2.751036 0.6636208
0.07489389 -2.751036 0.6636208
0.0791049 -2.735304 0.6577826
0.0791049 -2.735304 0.6577826
0.0791049 -2.735304 0.6577826
0.0791049 -2.735304 0.6577826
0.0791049 -2.735304 0.6577826
0.0791049 -2.735304 0.6577826
0.0791049 -2.735304 0.6577826
0.0791049 -2.735304 0.6577826
0.0791049 -2.735304 0.6577826
0.0791049 -2.735304 0.6577826
0.0791049 -2.735304 0.6577826
0.0791049 -2.735304 0.6577826
0.0791049 -2.735304 0.6577826
0.0791049 -2.735304 0.6577826
0.1461304 -2.693993 0.529429
0.1461304 -2.693993 0.529429
0.1461304 -2.693993 0.529429
0.1461304 -2.693993 0.529429
0.1461304 -2.693993 0.529429
0.1461304 -2.693993 0.529429
0.1461304 -2.693993 0.529429
0.1461304 -2.693993 0.529429
0.1461304 -2.693993 0.529429
0.1461304 -2.693993 0.529429
0.1461304 -2.693993 0.529429
0.1461304 -2.693993 0.529429
0.1461304 -2.693993 0.529429
0.1461304 -2.693993 0.529429
0.1461304 -2.693993 0.529429
0.1461304 -2.693993 0.529429
0.1461304 -2.693993 0.529429
0.1461304 -2.693993 0.529429
0.1461304 -2.693993 0.529429
0.1461304 -2.693993 0.529429
0.1461304 -2.693993 0.529429
0.1461304 -2.693993 0.529429
0.1461304 -2.693993 0.529429
0.1461304 -2.693993 0.529429
0.1461304 -2.693993 0.529429
0.1461304 -2.693993 0.529429
0.1461304 -2.693993 0.529429
0.1461304 -2.693993 0.529429
0.1461304 -2.693993 0.529429
0.1461304 -2.693993 0.529429
0.1461304 -2.693993 0.529429
0.1461304 -2.693993 0.529429
0.1461304 -2.693993 0.529429
0.1461304 -2.693993 0.529429
0.1461304 -2.693993 0.529429
0.1461304 -2.693993 0.529429
0.1461304 -2.693993 0.529429
0.1461304 -2.693993 0.529429
0.0473496 -2.584465 0.4218995
0.0473496 -2.584465 0.4218995
0.0473496 -2.584465 0.4218995
0.0473496 -2.584465 0.4218995
0.0473496 -2.584465 0.4218995
0.0473496 -2.584465 0.4218995
0.0473496 -2.584465 0.4218995
0.0473496 -2.584465 0.4218995
0.05175285 -2.575392 0.4210582
0.05175285 -2.575392 0.4210582
0.05175285 -2.575392 0.4210582
0.05175285 -2.575392 0.4210582
0.05175285 -2.575392 0.4210582
0.05175285 -2.575392 0.4210582
0.05175285 -2.575392 0.4210582
0.05175285 -2.575392 0.4210582
0.05175285 -2.575392 0.4210582
0.05175285 -2.575392 0.4210582
0.05175285 -2.575392 0.4210582
0.05175285 -2.575392 0.4210582
0.05175285 -2.575392 0.4210582
0.05175285 -2.575392 0.4210582
0.05175285 -2.575392 0.4210582
0.05175285 -2.575392 0.4210582
0.05175285 -2.575392 0.4210582
0.05175285 -2.575392 0.4210582
0.05175285 -2.575392 0.4210582
0.05175285 -2.575392 0.4210582
0.05175285 -2.575392 0.4210582
0.05175285 -2.575392 0.4210582
0.05175285 -2.575392 0.4210582
0.05175285 -2.575392 0.4210582
0.05175285 -2.575392 0.4210582
0.05175285 -2.575392 0.4210582
0.05175285 -2.575392 0.4210582
0.05175285 -2.575392 0.4210582
0.05175285 -2.575392 0.4210582
0.05175285 -2.575392 0.4210582
0.05175285 -2.575392 0.4210582
0.05175285 -2.575392 0.4210582
0.05175285 -2.575392 0.4210582
0.05175285 -2.575392 0.4210582
0.05175285 -2.575392 0.4210582
0.05175285 -2.575392 0.4210582
0.05175285 -2.575392 0.4210582
0.05175285 -2.575392 0.4210582
0.05175285 -2.575392 0.4210582
0.05175285 -2.575392 0.4210582
0.05175285 -2.575392 0.4210582
0.05175285 -2.575392 0.4210582
0.05175285 -2.575392 0.4210582
0.05175285 -2.575392 0.4210582
0.05175285 -2.575392 0.4210582
0.05175285 -2.575392 0.4210582
0.05175285 -2.575392 0.4210582
0.05175285 -2.575392 0.4210582
0.05175285 -2.575392 0.4210582
0.05175285 -2.575392 0.4210582
0.05175285 -2.575392 0.4210582
0.05175285 -2.575392 0.4210582
0.05175285 -2.575392 0.4210582
0.05175285 -2.575392 0.4210582
0.05175285 -2.575392 0.4210582
0.05175285 -2.575392 0.4210582
0.05175285 -2.575392 0.4210582
0.05175285 -2.575392 0.4210582
0.05175285 -2.575392 0.4210582
0.05175285 -2.575392 0.4210582
0.05612997 -2.570207 0.420699
0.05612997 -2.570207 0.420699
0.05612997 -2.570207 0.420699
0.05612997 -2.570207 0.420699
0.05612997 -2.570207 0.420699
0.05612997 -2.570207 0.420699
0.05612997 -2.570207 0.420699
0.05612997 -2.570207 0.420699
0.05612997 -2.570207 0.420699
0.05612997 -2.570207 0.420699
0.05612997 -2.570207 0.420699
0.05612997 -2.570207 0.420699
0.05612997 -2.570207 0.420699
0.05612997 -2.570207 0.420699
0.05612997 -2.570207 0.420699
0.05612997 -2.570207 0.420699
0.05612997 -2.570207 0.420699
0.05612997 -2.570207 0.420699
0.05612997 -2.570207 0.420699
0.05612997 -2.570207 0.420699
0.05612997 -2.570207 0.420699
0.05612997 -2.570207 0.420699
0.05612997 -2.570207 0.420699
0.05612997 -2.570207 0.420699
0.05612997 -2.570207 0.420699
0.05612997 -2.570207 0.420699
0.05612997 -2.570207 0.420699
0.05612997 -2.570207 0.420699
0.05612997 -2.570207 0.420699
0.05612997 -2.570207 0.420699
0.05612997 -2.570207 0.420699
0.05612997 -2.570207 0.420699
0.05612997 -2.570207 0.420699
0.05612997 -2.570207 0.420699
0.05612997 -2.570207 0.420699
0.05612997 -2.570207 0.420699
0.05612997 -2.570207 0.420699
0.05612997 -2.570207 0.420699
0.05612997 -2.570207 0.420699
0.05612997 -2.570207 0.420699
0.05612997 -2.570207 0.420699
0.05612997 -2.570207 0.420699
0.05612997 -2.570207 0.420699
0.05612997 -2.570207 0.420699
0.05612997 -2.570207 0.420699
0.05612997 -2.570207 0.420699
0.05612997 -2.570207 0.420699
0.05612997 -2.570207 0.420699
0.05612997 -2.570207 0.420699
0.05612997 -2.570207 0.420699
0.05612997 -2.570207 0.420699
0.05612997 -2.570207 0.420699
0.05612997 -2.570207 0.420699
0.05612997 -2.570207 0.420699
0.05612997 -2.570207 0.420699
0.05612997 -2.570207 0.420699
0.05612997 -2.570207 0.420699
0.05612997 -2.570207 0.420699
0.05612997 -2.570207 0.420699
0.05612997 -2.570207 0.420699
0.06040062 -2.576184 0.4223325
0.06040062 -2.576184 0.4223325
0.06040062 -2.576184 0.4223325
0.06040062 -2.576184 0.4223325
0.06040062 -2.576184 0.4223325
0.06040062 -2.576184 0.4223325
0.06040062 -2.576184 0.4223325
0.06040062 -2.576184 0.4223325
0.06040062 -2.576184 0.4223325
0.06040062 -2.576184 0.4223325
0.06040062 -2.576184 0.4223325
0.06040062 -2.576184 0.4223325
0.06040062 -2.576184 0.4223325
0.06040062 -2.576184 0.4223325
0.06040062 -2.576184 0.4223325
0.06040062 -2.576184 0.4223325
0.06040062 -2.576184 0.4223325
0.06040062 -2.576184 0.4223325
0.06040062 -2.576184 0.4223325
0.06040062 -2.576184 0.4223325
0.06040062 -2.576184 0.4223325
0.06040062 -2.576184 0.4223325
0.06040062 -2.576184 0.4223325
0.06040062 -2.576184 0.4223325
0.06040062 -2.576184 0.4223325
0.06040062 -2.576184 0.4223325
0.06040062 -2.576184 0.4223325
0.06040062 -2.576184 0.4223325
0.06040062 -2.576184 0.4223325
0.06040062 -2.576184 0.4223325
0.06040062 -2.576184 0.4223325
0.06040062 -2.576184 0.4223325
0.06040062 -2.576184 0.4223325
0.06040062 -2.576184 0.4223325
0.06040062 -2.576184 0.4223325
0.06040062 -2.576184 0.4223325
0.06040062 -2.576184 0.4223325
0.06040062 -2.576184 0.4223325
0.06040062 -2.576184 0.4223325
0.06040062 -2.576184 0.4223325
0.06040062 -2.576184 0.4223325
0.06040062 -2.576184 0.4223325
0.06040062 -2.576184 0.4223325
0.06040062 -2.576184 0.4223325
0.06040062 -2.576184 0.4223325
0.06040062 -2.576184 0.4223325
0.06040062 -2.576184 0.4223325
0.06040062 -2.576184 0.4223325
0.06040062 -2.576184 0.4223325
0.06040062 -2.576184 0.4223325
0.06040062 -2.576184 0.4223325
0.06040062 -2.576184 0.4223325
0.06040062 -2.576184 0.4223325
0.06040062 -2.576184 0.4223325
0.06040062 -2.576184 0.4223325
0.06040062 -2.576184 0.4223325
0.06040062 -2.576184 0.4223325
0.06040062 -2.576184 0.4223325
0.06040062 -2.576184 0.4223325
0.06040062 -2.576184 0.4223325
0.06387375 -2.652327 0.4382372
0.06387375 -2.652327 0.4382372
0.06387375 -2.652327 0.4382372
0.06387375 -2.652327 0.4382372
0.06387375 -2.652327 0.4382372
0.06387375 -2.652327 0.4382372
0.06387375 -2.652327 0.4382372
0.06387375 -2.652327 0.4382372
0.06387375 -2.652327 0.4382372
0.06387375 -2.652327 0.4382372
0.06387375 -2.652327 0.4382372
0.06387375 -2.652327 0.4382372
0.06387375 -2.652327 0.4382372
0.06387375 -2.652327 0.4382372
0.06387375 -2.652327 0.4382372
0.06387375 -2.652327 0.4382372
0.06387375 -2.652327 0.4382372
0.06387375 -2.652327 0.4382372
0.06387375 -2.652327 0.4382372
0.06387375 -2.652327 0.4382372
0.06387375 -2.652327 0.4382372
0.06387375 -2.652327 0.4382372
0.06387375 -2.652327 0.4382372
0.06387375 -2.652327 0.4382372
0.06387375 -2.652327 0.4382372
0.06387375 -2.652327 0.4382372
0.06387375 -2.652327 0.4382372
0.06387375 -2.652327 0.4382372
0.06387375 -2.652327 0.4382372
0.06387375 -2.652327 0.4382372
0.06387375 -2.652327 0.4382372
0.06387375 -2.652327 0.4382372
0.06387375 -2.652327 0.4382372
0.06387375 -2.652327 0.4382372
0.06387375 -2.652327 0.4382372
0.06387375 -2.652327 0.4382372
0.06387375 -2.652327 0.4382372
0.06387375 -2.652327 0.4382372
0.06387375 -2.652327 0.4382372
0.06387375 -2.652327 0.4382372
0.06387375 -2.652327 0.4382372
0.06387375 -2.652327 0.4382372
0.06387375 -2.652327 0.4382372
0.06387375 -2.652327 0.4382372
0.06387375 -2.652327 0.4382372
0.06387375 -2.652327 0.4382372
0.06387375 -2.652327 0.4382372
0.06387375 -2.652327 0.4382372
0.06387375 -2.652327 0.4382372
0.06387375 -2.652327 0.4382372
0.06387375 -2.652327 0.4382372
0.06387375 -2.652327 0.4382372
0.06387375 -2.652327 0.4382372
0.06387375 -2.652327 0.4382372
0.06387375 -2.652327 0.4382372
0.06387375 -2.652327 0.4382372
0.06387375 -2.652327 0.4382372
0.06387375 -2.652327 0.4382372
0.06387375 -2.652327 0.4382372
0.06387375 -2.652327 0.4382372
0.06739455 -2.703761 0.454341
0.06739455 -2.703761 0.454341
0.06739455 -2.703761 0.454341
0.06739455 -2.703761 0.454341
0.06739455 -2.703761 0.454341
0.06739455 -2.703761 0.454341
0.06739455 -2.703761 0.454341
0.06739455 -2.703761 0.454341
0.06739455 -2.703761 0.454341
0.06739455 -2.703761 0.454341
0.06739455 -2.703761 0.454341
0.06739455 -2.703761 0.454341
0.06739455 -2.703761 0.454341
0.06739455 -2.703761 0.454341
0.06739455 -2.703761 0.454341
0.06739455 -2.703761 0.454341
0.06739455 -2.703761 0.454341
0.06739455 -2.703761 0.454341
0.06739455 -2.703761 0.454341
0.06739455 -2.703761 0.454341
0.06739455 -2.703761 0.454341
0.06739455 -2.703761 0.454341
0.06739455 -2.703761 0.454341
0.06739455 -2.703761 0.454341
0.06739455 -2.703761 0.454341
0.06739455 -2.703761 0.454341
0.06739455 -2.703761 0.454341
0.06739455 -2.703761 0.454341
0.06739455 -2.703761 0.454341
0.06739455 -2.703761 0.454341
0.06739455 -2.703761 0.454341
0.06739455 -2.703761 0.454341
0.06739455 -2.703761 0.454341
0.06739455 -2.703761 0.454341
0.06739455 -2.703761 0.454341
0.06739455 -2.703761 0.454341
0.06739455 -2.703761 0.454341
0.06739455 -2.703761 0.454341
0.06739455 -2.703761 0.454341
0.06739455 -2.703761 0.454341
0.06739455 -2.703761 0.454341
0.06739455 -2.703761 0.454341
0.06739455 -2.703761 0.454341
0.06739455 -2.703761 0.454341
0.06739455 -2.703761 0.454341
0.06739455 -2.703761 0.454341
0.06739455 -2.703761 0.454341
0.06739455 -2.703761 0.454341
0.06739455 -2.703761 0.454341
0.06739455 -2.703761 0.454341
0.06739455 -2.703761 0.454341
0.06739455 -2.703761 0.454341
0.06739455 -2.703761 0.454341
0.06739455 -2.703761 0.454341
0.06739455 -2.703761 0.454341
0.06739455 -2.703761 0.454341
0.06739455 -2.703761 0.454341
0.06739455 -2.703761 0.454341
0.06739455 -2.703761 0.454341
0.06739455 -2.703761 0.454341
0.06870061 -2.777324 0.4766132
0.06870061 -2.777324 0.4766132
0.06870061 -2.777324 0.4766132
0.06870061 -2.777324 0.4766132
0.06870061 -2.777324 0.4766132
0.06870061 -2.777324 0.4766132
0.06870061 -2.777324 0.4766132
0.06870061 -2.777324 0.4766132
0.06870061 -2.777324 0.4766132
0.06870061 -2.777324 0.4766132
0.06870061 -2.777324 0.4766132
0.06870061 -2.777324 0.4766132
0.06870061 -2.777324 0.4766132
0.06870061 -2.777324 0.4766132
0.06870061 -2.777324 0.4766132
0.06870061 -2.777324 0.4766132
0.06870061 -2.777324 0.4766132
0.06870061 -2.777324 0.4766132
0.06870061 -2.777324 0.4766132
0.06870061 -2.777324 0.4766132
0.06870061 -2.777324 0.4766132
0.06870061 -2.777324 0.4766132
0.06870061 -2.777324 0.4766132
0.06870061 -2.777324 0.4766132
0.06870061 -2.777324 0.4766132
0.06870061 -2.777324 0.4766132
0.06870061 -2.777324 0.4766132
0.06870061 -2.777324 0.4766132
0.06870061 -2.777324 0.4766132
0.06870061 -2.777324 0.4766132
0.06870061 -2.777324 0.4766132
0.06870061 -2.777324 0.4766132
0.06870061 -2.777324 0.4766132
0.06870061 -2.777324 0.4766132
0.06870061 -2.777324 0.4766132
0.06870061 -2.777324 0.4766132
0.06870061 -2.777324 0.4766132
0.06870061 -2.777324 0.4766132
0.06870061 -2.777324 0.4766132
0.06870061 -2.777324 0.4766132
0.06870061 -2.777324 0.4766132
0.06870061 -2.777324 0.4766132
0.06870061 -2.777324 0.4766132
0.06870061 -2.777324 0.4766132
0.06870061 -2.777324 0.4766132
0.06870061 -2.777324 0.4766132
0.06870061 -2.777324 0.4766132
0.06870061 -2.777324 0.4766132
0.06870061 -2.777324 0.4766132
0.06870061 -2.777324 0.4766132
0.06870061 -2.777324 0.4766132
0.06870061 -2.777324 0.4766132
0.06870061 -2.777324 0.4766132
0.06870061 -2.777324 0.4766132
0.06870061 -2.777324 0.4766132
0.06870061 -2.777324 0.4766132
0.06870061 -2.777324 0.4766132
0.06870061 -2.777324 0.4766132
0.06870061 -2.777324 0.4766132
0.06870061 -2.777324 0.4766132
0.06747498 -2.870501 0.5063444
0.06747498 -2.870501 0.5063444
0.06747498 -2.870501 0.5063444
0.06747498 -2.870501 0.5063444
0.06747498 -2.870501 0.5063444
0.06747498 -2.870501 0.5063444
0.06747498 -2.870501 0.5063444
0.06747498 -2.870501 0.5063444
0.06747498 -2.870501 0.5063444
0.06747498 -2.870501 0.5063444
0.06747498 -2.870501 0.5063444
0.06747498 -2.870501 0.5063444
0.06747498 -2.870501 0.5063444
0.06747498 -2.870501 0.5063444
0.06747498 -2.870501 0.5063444
0.06747498 -2.870501 0.5063444
0.06747498 -2.870501 0.5063444
0.06747498 -2.870501 0.5063444
0.06747498 -2.870501 0.5063444
0.06747498 -2.870501 0.5063444
0.06747498 -2.870501 0.5063444
0.06747498 -2.870501 0.5063444
0.06747498 -2.870501 0.5063444
0.06747498 -2.870501 0.5063444
0.06747498 -2.870501 0.5063444
0.06747498 -2.870501 0.5063444
0.06747498 -2.870501 0.5063444
0.06747498 -2.870501 0.5063444
0.06747498 -2.870501 0.5063444
0.06747498 -2.870501 0.5063444
0.06747498 -2.870501 0.5063444
0.06747498 -2.870501 0.5063444
0.06747498 -2.870501 0.5063444
0.06747498 -2.870501 0.5063444
0.06747498 -2.870501 0.5063444
0.06747498 -2.870501 0.5063444
0.06747498 -2.870501 0.5063444
0.06747498 -2.870501 0.5063444
0.06747498 -2.870501 0.5063444
0.06747498 -2.870501 0.5063444
0.06747498 -2.870501 0.5063444
0.06747498 -2.870501 0.5063444
0.06747498 -2.870501 0.5063444
0.06747498 -2.870501 0.5063444
0.06747498 -2.870501 0.5063444
0.06747498 -2.870501 0.5063444
0.06747498 -2.870501 0.5063444
0.06747498 -2.870501 0.5063444
0.06747498 -2.870501 0.5063444
0.06747498 -2.870501 0.5063444
0.06747498 -2.870501 0.5063444
0.06747498 -2.870501 0.5063444
0.06747498 -2.870501 0.5063444
0.06747498 -2.870501 0.5063444
0.06747498 -2.870501 0.5063444
0.06747498 -2.870501 0.5063444
0.06747498 -2.870501 0.5063444
0.06747498 -2.870501 0.5063444
0.06747498 -2.870501 0.5063444
0.06747498 -2.870501 0.5063444
0.06173608 -2.921221 0.5362651
0.06173608 -2.921221 0.5362651
0.06173608 -2.921221 0.5362651
0.06173608 -2.921221 0.5362651
0.06173608 -2.921221 0.5362651
0.06173608 -2.921221 0.5362651
0.06173608 -2.921221 0.5362651
0.06173608 -2.921221 0.5362651
0.06173608 -2.921221 0.5362651
0.06173608 -2.921221 0.5362651
0.06173608 -2.921221 0.5362651
0.06173608 -2.921221 0.5362651
0.06173608 -2.921221 0.5362651
0.06173608 -2.921221 0.5362651
0.06173608 -2.921221 0.5362651
0.06173608 -2.921221 0.5362651
0.06173608 -2.921221 0.5362651
0.06173608 -2.921221 0.5362651
0.06173608 -2.921221 0.5362651
0.06173608 -2.921221 0.5362651
0.06173608 -2.921221 0.5362651
0.06173608 -2.921221 0.5362651
0.06173608 -2.921221 0.5362651
0.06173608 -2.921221 0.5362651
0.06173608 -2.921221 0.5362651
0.06173608 -2.921221 0.5362651
0.06173608 -2.921221 0.5362651
0.06173608 -2.921221 0.5362651
0.06173608 -2.921221 0.5362651
0.06173608 -2.921221 0.5362651
0.06173608 -2.921221 0.5362651
0.06173608 -2.921221 0.5362651
0.06173608 -2.921221 0.5362651
0.06173608 -2.921221 0.5362651
0.06173608 -2.921221 0.5362651
0.06173608 -2.921221 0.5362651
0.06173608 -2.921221 0.5362651
0.06173608 -2.921221 0.5362651
0.06173608 -2.921221 0.5362651
0.06173608 -2.921221 0.5362651
0.06173608 -2.921221 0.5362651
0.06173608 -2.921221 0.5362651
0.06173608 -2.921221 0.5362651
0.06173608 -2.921221 0.5362651
0.06173608 -2.921221 0.5362651
0.06173608 -2.921221 0.5362651
0.06173608 -2.921221 0.5362651
0.06173608 -2.921221 0.5362651
0.06173608 -2.921221 0.5362651
0.06173608 -2.921221 0.5362651
0.06173608 -2.921221 0.5362651
0.06173608 -2.921221 0.5362651
0.06173608 -2.921221 0.5362651
0.06173608 -2.921221 0.5362651
0.06173608 -2.921221 0.5362651
0.06173608 -2.921221 0.5362651
0.06173608 -2.921221 0.5362651
0.06173608 -2.921221 0.5362651
0.06173608 -2.921221 0.5362651
0.06173608 -2.921221 0.5362651
0.05027732 -2.941258 0.5663324
0.05027732 -2.941258 0.5663324
0.05027732 -2.941258 0.5663324
0.05027732 -2.941258 0.5663324
0.05027732 -2.941258 0.5663324
0.05027732 -2.941258 0.5663324
0.05027732 -2.941258 0.5663324
0.05027732 -2.941258 0.5663324
0.05027732 -2.941258 0.5663324
0.05027732 -2.941258 0.5663324
0.05027732 -2.941258 0.5663324
0.05027732 -2.941258 0.5663324
0.05027732 -2.941258 0.5663324
0.05027732 -2.941258 0.5663324
0.05027732 -2.941258 0.5663324
0.05027732 -2.941258 0.5663324
0.05027732 -2.941258 0.5663324
0.05027732 -2.941258 0.5663324
0.05027732 -2.941258 0.5663324
0.05027732 -2.941258 0.5663324
0.05027732 -2.941258 0.5663324
0.05027732 -2.941258 0.5663324
0.05027732 -2.941258 0.5663324
0.05027732 -2.941258 0.5663324
0.05027732 -2.941258 0.5663324
0.05027732 -2.941258 0.5663324
0.05027732 -2.941258 0.5663324
0.05027732 -2.941258 0.5663324
0.05027732 -2.941258 0.5663324
0.05027732 -2.941258 0.5663324
0.05027732 -2.941258 0.5663324
0.05027732 -2.941258 0.5663324
0.05027732 -2.941258 0.5663324
0.05027732 -2.941258 0.5663324
0.05027732 -2.941258 0.5663324
0.05027732 -2.941258 0.5663324
0.05027732 -2.941258 0.5663324
0.05027732 -2.941258 0.5663324
0.05027732 -2.941258 0.5663324
0.05027732 -2.941258 0.5663324
0.05027732 -2.941258 0.5663324
0.05027732 -2.941258 0.5663324
0.05027732 -2.941258 0.5663324
0.05027732 -2.941258 0.5663324
0.05027732 -2.941258 0.5663324
0.05027732 -2.941258 0.5663324
0.05027732 -2.941258 0.5663324
0.05027732 -2.941258 0.5663324
0.05027732 -2.941258 0.5663324
0.05027732 -2.941258 0.5663324
0.05027732 -2.941258 0.5663324
0.05027732 -2.941258 0.5663324
0.05027732 -2.941258 0.5663324
0.05027732 -2.941258 0.5663324
0.05027732 -2.941258 0.5663324
0.05027732 -2.941258 0.5663324
0.05027732 -2.941258 0.5663324
0.05027732 -2.941258 0.5663324
0.05027732 -2.941258 0.5663324
0.05027732 -2.941258 0.5663324
0.0392914 -2.953199 0.5960286
0.0392914 -2.953199 0.5960286
0.0392914 -2.953199 0.5960286
0.0392914 -2.953199 0.5960286
0.0392914 -2.953199 0.5960286
0.0392914 -2.953199 0.5960286
0.0392914 -2.953199 0.5960286
0.0392914 -2.953199 0.5960286
0.0392914 -2.953199 0.5960286
0.0392914 -2.953199 0.5960286
0.0392914 -2.953199 0.5960286
0.0392914 -2.953199 0.5960286
0.0392914 -2.953199 0.5960286
0.0392914 -2.953199 0.5960286
0.0392914 -2.953199 0.5960286
0.0392914 -2.953199 0.5960286
0.0392914 -2.953199 0.5960286
0.0392914 -2.953199 0.5960286
0.0392914 -2.953199 0.5960286
0.0392914 -2.953199 0.5960286
0.0392914 -2.953199 0.5960286
0.0392914 -2.953199 0.5960286
0.0392914 -2.953199 0.5960286
0.0392914 -2.953199 0.5960286
0.0392914 -2.953199 0.5960286
0.0392914 -2.953199 0.5960286
0.0392914 -2.953199 0.5960286
0.0392914 -2.953199 0.5960286
0.0392914 -2.953199 0.5960286
0.0392914 -2.953199 0.5960286
0.0392914 -2.953199 0.5960286
0.0392914 -2.953199 0.5960286
0.0392914 -2.953199 0.5960286
0.0392914 -2.953199 0.5960286
0.0392914 -2.953199 0.5960286
0.0392914 -2.953199 0.5960286
0.0392914 -2.953199 0.5960286
0.0392914 -2.953199 0.5960286
0.0392914 -2.953199 0.5960286
0.0392914 -2.953199 0.5960286
0 0 0
0 0 0
0 0 0
0 0 0
0 0 0
0 0 0
0 0 0
0 0 0
0 0 0
0 0 0
0 0 0
0 0 0
0 0 0
0 0 0
0 0 0
0 0 0
0 0 0
0 0 0
0 0 0
0 0 0
