311647728
-1386362064
-1743763267
-2013327300
-943310925
-2037660551
440523725
1217792160
-1582754132
-1990112514
1213248317
672072168
-1034587006
-379382808
885918243
-835547747
2134444606
433708028
-2076265687
-506312735
1222440280
-683248946
-638687568
-956286124
603312771
649165892
-1819132910
-1866068212
-1056079987
305870017
1302126656
599494014
632983826
1560919987
110886140
-2120021835
642780962
-1441875275
1299545756
-1277055533
253010742
-1468599332
599395201
-1198785071
-857865991
-673859494
-899317724
-1750736463
-897711911
1669715747
922744456
-1605729298
-1597863513
1744540256
-395490794
-929179107
566757903
-1893402436
582623791
2144673816
-96871506
-234275247
-366338377
1812569507
1001907918
-1133471003
-1603342783
-1044815386
-1056768013
116835466
1076513570
1504713075
-1476978130
-861772167
-1843739445
-1487262381
1786638763
-72580046
-789386139
1063344694
1605523002
1003085125
-528629409
-294809537
-850852793
1273292157
-1499204830
1205230998
708781975
-973321544
410470782
-1449356836
-1456274287
-1190943786
-1197668313
-924168807
619597509
960839309
73
