0 0 0 -3 -3 -3
0.3308836 0.3249543 -0.3032781 -2.48877 -2.520696 -2.720745
0.5861708 0.5697228 -0.5701351 -2.254754 -2.277206 -2.537432
0.8840017 0.8533549 -0.8572986 -2.163884 -2.180738 -2.46968
1.341157 1.276563 -1.216904 -2.180314 -2.187418 -2.482204
2.208343 2.018632 -1.710274 -2.350213 -2.326179 -2.573476
3.973098 3.543133 -2.426752 -2.79965 -2.711388 -2.76622
5.235188 4.659793 -3.092543 -3.122124 -2.988423 -2.963073
6.189618 5.533632 -3.688948 -3.369321 -3.207624 -3.150691
7.559329 6.788615 -4.606488 -3.747284 -3.549051 -3.462542
9.290296 8.36706 -6.091876 -4.239678 -3.995257 -3.985725
11.16343 10.13246 -8.212809 -4.782641 -4.505852 -4.746544
13.06763 12.01267 -10.87703 -5.34343 -5.059508 -5.715024
14.97536 13.99195 -13.94776 -5.913699 -5.651828 -6.844863
16.89863 16.08921 -17.339 -6.496933 -6.289135 -8.10731
18.86633 18.34582 -21.03401 -7.101914 -6.985031 -9.49838
20.68578 19.61382 -25.92631 -7.67005 -7.378803 -11.33746
21.23394 20.58323 -25.07979 -7.844126 -7.684584 -11.00648
20.90281 21.20431 -23.97152 -7.737283 -7.846757 -10.57509
20.76472 22.01353 -23.0344 -7.689802 -8.027792 -10.21065
20.84402 23.19665 -22.2517 -7.708375 -8.311943 -9.904848
21.12708 24.56398 -21.59713 -7.78923 -8.653294 -9.647926
21.53038 25.03348 -21.10529 -7.910406 -8.774098 -9.454304
22.18569 26.05843 -20.72248 -8.105912 -9.061127 -9.30257
22.7742 26.88567 -20.41541 -8.286461 -9.296692 -9.18429
23.35991 27.65858 -20.18073 -8.472891 -9.523934 -9.098493
23.98249 28.44453 -20.01765 -8.67748 -9.762912 -9.044839
24.7533 29.3278 -19.9481 -8.926514 -10.0396 -9.029268
25.77536 30.34998 -19.99725 -9.25295 -10.36634 -9.061221
27.10385 31.52615 -20.21201 -9.674854 -10.74695 -9.158221
28.71452 32.7303 -20.61494 -10.19123 -11.14878 -9.333728
29.91396 33.93487 -21.19843 -10.58398 -11.57497 -9.594056
30.45568 35.21013 -21.58822 -10.77227 -12.03805 -9.797573
31.10328 36.29496 -21.82754 -10.9949 -12.4307 -9.928118
0 0 0 0 0 0
