-0.08789977 0.2596902 1.226079
2.068313 1.841079 -1.197359
2.068313 1.841079 -1.197359
2.421127 2.530468 -1.350628
3.179981 3.700307 -2.4168
2.405108 2.161815 -1.847268
2.405108 2.161815 -1.847268
2.582143 2.342727 -1.988887
2.582143 2.342727 -1.988887
2.582143 2.342727 -1.988887
2.729814 2.500897 -2.097356
2.729814 2.500897 -2.097356
2.729814 2.500897 -2.097356
2.922179 2.70596 -2.217358
2.922179 2.70596 -2.217358
2.922179 2.70596 -2.217358
3.178796 2.953863 -2.353302
2.67024 3.875773 -1.303463
2.67024 3.875773 -1.303463
2.474425 2.986499 -1.52726
2.599433 3.101569 -1.566006
2.599433 3.101569 -1.566006
2.674297 2.666994 -1.956238
2.674297 2.666994 -1.956238
2.674297 2.666994 -1.956238
2.728977 2.796809 -1.863366
2.728977 2.796809 -1.863366
2.728977 2.796809 -1.863366
2.890708 2.927566 -2.082303
2.890708 2.927566 -2.082303
2.890708 2.927566 -2.082303
2.990371 3.002702 -2.295157
2.990371 3.002702 -2.295157
2.990371 3.002702 -2.295157
3.02918 3.034492 -2.42367
3.02918 3.034492 -2.42367
3.02918 3.034492 -2.42367
3.042134 3.045488 -2.487632
3.042134 3.045488 -2.487632
3.042134 3.045488 -2.487632
3.044739 3.046742 -2.516094
3.044739 3.046742 -2.516094
3.044739 3.046742 -2.516094
3.043055 3.04318 -2.527238
3.043055 3.04318 -2.527238
3.043055 3.04318 -2.527238
3.039426 3.037046 -2.530156
3.039426 3.037046 -2.530156
3.039426 3.037046 -2.530156
3.016126 2.953391 -2.566754
3.204483 2.976165 -2.64246
3.204483 2.976165 -2.64246
3.110487 2.918178 -2.222474
2.930517 3.168093 -2.19214
2.930517 3.168093 -2.19214
2.678873 3.25574 -1.689063
2.678873 3.25574 -1.689063
2.678873 3.25574 -1.689063
2.705343 3.355549 -1.692035
2.705343 3.355549 -1.692035
2.705343 3.355549 -1.692035
2.765682 3.34711 -1.736213
2.765682 3.34711 -1.736213
2.765682 3.34711 -1.736213
2.850252 2.907466 -2.01921
2.850252 2.907466 -2.01921
2.908317 3.319765 -1.88527
2.907343 3.26724 -1.905956
2.907343 3.26724 -1.905956
2.907343 3.26724 -1.905956
2.877416 3.019466 -1.978582
2.877416 3.019466 -1.978582
2.877416 3.019466 -1.978582
2.846235 3.02905 -1.970744
2.846235 3.02905 -1.970744
2.846235 3.02905 -1.970744
2.825003 3.026958 -1.964137
2.825003 3.026958 -1.964137
2.825003 3.026958 -1.964137
2.808837 3.008714 -1.964028
2.808837 3.008714 -1.964028
2.808837 3.008714 -1.964028
2.857443 2.993064 -2.000852
2.857443 2.993064 -2.000852
2.857443 2.993064 -2.000852
2.909471 2.98314 -2.053131
2.909471 2.98314 -2.053131
2.909471 2.98314 -2.053131
2.952947 2.97833 -2.124588
2.952947 2.97833 -2.124588
2.976487 2.658178 -2.11691
2.982362 2.678466 -2.165029
2.982362 2.678466 -2.165029
2.982362 2.678466 -2.165029
2.928482 2.674998 -2.170309
2.790036 3.128746 -1.799156
2.790036 3.128746 -1.799156
2.67179 3.07104 -1.703153
2.67179 3.07104 -1.703153
2.67179 3.07104 -1.703153
2.724581 3.035919 -1.804611
2.812295 2.853333 -1.795236
0 0 0
