-0.07245221 0.1789985 -0.7353193
2.523433 2.367511 -1.777925
2.523433 2.367511 -1.777925
2.523433 2.367511 -1.777925
2.523433 2.367511 -1.777925
2.523433 2.367511 -1.777925
2.384671 2.319374 -1.646148
2.553166 2.538418 -1.701677
2.553166 2.538418 -1.701677
2.553166 2.538418 -1.701677
2.776069 2.789219 -1.915392
2.776069 2.789219 -1.915392
2.776069 2.789219 -1.915392
3.066119 2.688692 -2.496547
2.48235 2.130403 -1.708903
2.892766 2.844256 -2.238527
2.96745 2.908884 -2.314172
2.96745 2.908884 -2.314172
2.96745 2.908884 -2.314172
3.015481 2.950039 -2.373171
2.330372 2.148248 -1.622449
2.330372 2.148248 -1.622449
2.391387 2.228651 -1.661606
2.391387 2.228651 -1.661606
2.741965 2.795054 -2.137313
2.876931 2.799499 -2.459167
2.876931 2.799499 -2.459167
2.876931 2.799499 -2.459167
2.882207 2.817098 -2.464683
2.882207 2.817098 -2.464683
2.882207 2.817098 -2.464683
2.889801 2.841058 -2.465292
2.889801 2.841058 -2.465292
2.889801 2.841058 -2.465292
2.895697 2.861127 -2.465047
2.895697 2.861127 -2.465047
2.895697 2.861127 -2.465047
2.900265 2.87751 -2.464927
2.900265 2.87751 -2.464927
2.900265 2.87751 -2.464927
2.904169 2.891709 -2.464902
2.904169 2.891709 -2.464902
2.904169 2.891709 -2.464902
2.907649 2.904216 -2.464919
2.907649 2.904216 -2.464919
2.907649 2.904216 -2.464919
2.910786 2.915078 -2.464951
2.851201 2.564849 -2.624868
2.851201 2.564849 -2.624868
2.854394 2.581928 -2.624869
2.854394 2.581928 -2.624869
1.704235 2.692479 0.8194524
1.809403 3.609923 0.771307
2.736284 3.528323 -0.9171278
1.922364 2.491271 -0.2339551
2.708268 3.921786 -1.392833
2.708268 3.921786 -1.392833
2.651029 3.261073 -1.771938
2.967278 2.891824 -2.54086
2.967278 2.891824 -2.54086
2.967278 2.891824 -2.54086
3.012352 3.077798 -2.611257
3.012352 3.077798 -2.611257
2.744565 2.794589 -2.003238
2.77426 2.929607 -2.074352
2.77426 2.929607 -2.074352
2.77426 2.929607 -2.074352
3.128409 2.906908 -2.703328
3.128409 2.906908 -2.703328
3.128409 2.906908 -2.703328
2.697928 3.265407 -1.795182
2.738892 3.061897 -1.875379
2.738892 3.061897 -1.875379
2.767161 3.193773 -1.89605
2.767161 3.193773 -1.89605
2.767161 3.193773 -1.89605
2.766604 3.146738 -1.916992
2.766604 3.146738 -1.916992
2.768557 2.709848 -2.2223
3.098669 3.038591 -2.694581
3.098669 3.038591 -2.694581
3.098669 3.038591 -2.694581
3.093826 3.029105 -2.668634
3.093826 3.029105 -2.668634
3.093826 3.029105 -2.668634
3.090388 3.025071 -2.638248
3.090388 3.025071 -2.638248
2.965564 3.043531 -2.419258
2.963666 3.041104 -2.394571
2.963666 3.041104 -2.394571
2.963666 3.041104 -2.394571
2.723615 2.830704 -2.207362
2.723615 2.830704 -2.207362
2.723615 2.830704 -2.207362
2.572664 2.719767 -1.802532
2.572664 2.719767 -1.802532
2.572664 2.719767 -1.802532
3.072825 2.540928 -2.722529
3.072825 2.540928 -2.722529
2.995914 2.715862 -2.661574
2.985745 2.719748 -2.611562
2.985745 2.719748 -2.611562
0 0 0
