0 1 : 000100110010000001101000010100000001111001100000000000000
0 1 : 000100110010000001101000010100000001111001100000000100000
0 3 : 000100110010000001101000010110000001111001100000000000000
0 1 : 000100110010000001101000011100000001111001100000001000000
0 1 : 000100110010001001101000010100000001111001100000000100000
0 4 : 111000000100010010000001100000111110000110011011100010000
0 1 : 111000000100010010000001100000111110000110011111100010001
0 1 : 111000000100010010000101100000111110000110011011100011000
0 1 : 111000000100010010000101100000111110000110011011110011000
0 1 : 111000000100110010000001100000111110000110011011100010000
0 3 : 111000001100010010000101100000111110000110011011100010010
0 2 : 111011000101010100010011000001011010000010000011100010100
