0 0 0 -3 -3 -3
0.3932841 0.4040905 -0.1879751 -2.351221 -2.119537 -2.821303
0.6334747 0.6094274 -0.4231931 -2.043578 -1.842374 -2.643656
0.8172465 0.7829784 -0.6583156 -1.876302 -1.748059 -2.393692
0.9864312 0.9567551 -0.8556833 -1.788257 -1.711342 -2.206677
1.155137 1.136567 -1.028947 -1.743536 -1.702768 -2.068443
1.328124 1.321265 -1.193046 -1.730666 -1.715909 -1.99747
1.502271 1.506278 -1.349576 -1.738357 -1.742931 -1.965135
1.673981 1.688823 -1.491209 -1.758506 -1.779569 -1.949046
1.843229 1.867855 -1.623163 -1.78557 -1.819591 -1.942192
2.014121 2.044704 -1.7564 -1.820303 -1.863005 -1.950154
2.18622 2.220374 -1.891799 -1.860391 -1.909331 -1.969396
2.358341 2.395455 -2.027594 -1.903789 -1.957494 -1.995682
2.530423 2.570134 -2.16357 -1.949356 -2.007153 -2.026418
2.70038 2.743506 -2.291349 -1.996678 -2.05798 -2.060177
2.867664 2.916499 -2.408472 -2.044786 -2.109528 -2.095405
3.032481 3.088835 -2.518328 -2.092969 -2.161516 -2.130078
3.194723 3.26024 -2.625978 -2.140871 -2.214241 -2.163985
3.351591 3.423514 -2.730464 -2.188831 -2.266508 -2.198211
3.505174 3.582736 -2.833518 -2.23679 -2.318657 -2.232913
3.658003 3.740483 -2.939951 -2.285057 -2.371008 -2.26947
3.810151 3.89726 -3.048102 -2.333601 -2.42361 -2.307443
3.961601 4.052989 -3.157445 -2.382381 -2.476407 -2.346648
4.112331 4.207615 -3.267674 -2.431356 -2.529351 -2.386952
4.26231 4.3611 -3.378597 -2.480487 -2.582392 -2.428246
4.411504 4.513405 -3.490086 -2.529733 -2.635485 -2.470439
4.559759 4.664575 -3.601309 -2.579034 -2.688596 -2.513256
4.706159 4.815983 -3.707877 -2.628189 -2.741889 -2.555501
4.850428 4.967227 -3.807579 -2.677105 -2.795294 -2.596442
4.993294 5.118402 -3.904218 -2.725868 -2.848799 -2.63683
5.135722 5.269815 -4.003534 -2.774601 -2.90241 -2.677874
5.275411 5.419632 -4.09797 -2.822858 -2.955801 -2.718027
5.413384 5.567771 -4.189752 -2.870534 -3.008922 -2.757735
5.54894 5.714277 -4.280398 -2.917311 -3.060782 -2.797327
0 0 0 0 0 0
