0 0 0 -3 -3 -3
0.325897 0.3128661 -0.1811425 -2.548091 -2.417512 -2.877265
0.5900483 0.5548917 -0.4276304 -2.332859 -2.191088 -2.738985
0.8768726 0.8366498 -0.6940245 -2.226468 -2.104705 -2.619833
1.307634 1.255098 -1.036984 -2.222133 -2.11781 -2.566947
2.131951 1.987907 -1.631153 -2.361761 -2.254985 -2.626319
3.826995 3.177294 -2.95267 -2.76543 -2.549788 -2.942858
6.01372 4.677282 -4.075673 -3.325669 -2.953477 -3.215692
8.188633 6.219153 -4.657551 -3.897972 -3.38544 -3.331227
10.51694 7.882442 -5.353322 -4.519863 -3.854286 -3.493446
12.12501 8.992885 -6.118442 -4.953415 -4.168349 -3.691377
13.41034 9.928067 -6.886724 -5.306759 -4.437361 -3.901706
14.51179 10.83142 -7.520103 -5.617513 -4.701521 -4.077864
15.5144 11.68592 -8.057876 -5.907143 -4.956195 -4.229565
16.15502 12.4717 -8.174968 -6.098779 -5.195254 -4.251447
16.83058 13.38484 -8.172315 -6.308579 -5.479469 -4.239728
17.8227 14.3696 -8.162659 -6.617704 -5.790563 -4.227448
18.91881 15.25142 -8.199044 -6.962405 -6.075591 -4.231942
19.47439 15.74681 -8.203952 -7.148259 -6.247103 -4.228392
20.11538 16.31365 -8.286212 -7.365099 -6.447243 -4.253252
20.84167 16.97752 -8.429184 -7.612965 -6.683666 -4.301384
21.65872 17.73427 -8.622721 -7.894088 -6.955642 -4.369756
22.57903 18.58848 -8.859675 -8.213055 -7.2654 -4.456395
23.6204 19.55194 -9.135705 -8.576327 -7.617699 -4.56031
24.80638 20.64322 -9.449588 -8.992426 -8.019772 -4.681625
26.16737 21.888 -9.803185 -9.47236 -8.481535 -4.821612
27.73993 23.32223 -10.16587 -10.02964 -9.01662 -4.969424
29.56876 25.00385 -10.49931 -10.68104 -9.64572 -5.11137
31.71795 26.98233 -10.80449 -11.44979 -10.38905 -5.248158
34.27376 29.35239 -11.10516 -12.36629 -11.28204 -5.381509
37.32897 32.21206 -11.40246 -13.46508 -12.3636 -5.514239
41.01534 35.69776 -11.7123 -14.79228 -13.68761 -5.658139
45.78661 39.96292 -12.13201 -16.47844 -15.3142 -5.848509
47.44765 41.02841 -12.63536 -17.07653 -15.71107 -6.08202
0 0 0 0 0 0
