0.2268264 0.7932557 -0.3475259
1.625981 2.717781 0.2629799
2.020053 3.281114 -0.4634256
2.020053 3.281114 -0.4634256
2.178683 1.935333 -1.069692
2.130413 1.857959 -1.550362
2.130413 1.857959 -1.550362
2.596383 2.327459 -1.775462
2.596383 2.327459 -1.775462
2.596383 2.327459 -1.775462
2.490627 2.164361 -2.071314
2.666946 2.520769 -2.221293
2.666946 2.520769 -2.221293
3.114727 2.956774 -2.622955
3.114727 2.956774 -2.622955
2.708586 2.47565 -1.953553
2.843385 2.592701 -2.14755
2.843385 2.592701 -2.14755
2.843385 2.592701 -2.14755
2.994258 2.696951 -2.442805
2.994258 2.696951 -2.442805
3.143277 2.644747 -2.806366
3.30224 2.719193 -3.142531
3.30224 2.719193 -3.142531
3.30224 2.719193 -3.142531
3.343643 2.740499 -3.165251
3.55595 3.564875 -3.19204
2.908292 2.545233 -2.572703
2.872146 2.533999 -2.413087
2.872146 2.533999 -2.413087
2.872146 2.533999 -2.413087
2.864871 2.55815 -2.511089
2.864871 2.55815 -2.511089
2.864871 2.55815 -2.511089
2.860569 2.576097 -2.567886
2.860569 2.576097 -2.567886
2.860569 2.576097 -2.567886
2.856543 2.597486 -2.58915
2.856543 2.597486 -2.58915
2.709655 2.383432 -2.495544
2.542526 2.455842 -1.749741
2.701132 2.911011 -1.810954
2.832301 2.791763 -1.995326
2.837706 2.814049 -1.96507
2.837706 2.814049 -1.96507
2.837706 2.814049 -1.96507
3.040492 2.743771 -2.668169
3.040492 2.743771 -2.668169
3.040492 2.743771 -2.668169
3.023772 2.735215 -2.584449
3.023772 2.735215 -2.584449
2.579096 2.416019 -1.850214
2.567222 2.410592 -1.795802
2.747162 2.604431 -2.178487
2.763211 2.657941 -2.199527
2.74926 2.648836 -2.183667
2.74926 2.648836 -2.183667
2.74926 2.648836 -2.183667
2.730809 2.592446 -2.138284
2.730809 2.592446 -2.138284
2.730809 2.592446 -2.138284
2.729435 2.579546 -2.166584
2.729435 2.579546 -2.166584
2.729435 2.579546 -2.166584
2.730452 2.578956 -2.174707
2.730452 2.578956 -2.174707
2.730452 2.578956 -2.174707
2.731272 2.578401 -2.179538
2.731272 2.578401 -2.179538
2.731272 2.578401 -2.179538
2.731921 2.577879 -2.182401
2.731921 2.577879 -2.182401
2.731921 2.577879 -2.182401
2.732419 2.577391 -2.184025
2.732419 2.577391 -2.184025
2.732419 2.577391 -2.184025
2.73279 2.576938 -2.184823
2.73279 2.576938 -2.184823
2.73279 2.576938 -2.184823
2.733053 2.576522 -2.18504
2.733053 2.576522 -2.18504
2.733053 2.576522 -2.18504
2.732598 2.576725 -2.166615
2.732598 2.576725 -2.166615
2.732598 2.576725 -2.166615
2.730853 2.580705 -2.122315
2.730853 2.580705 -2.122315
2.730853 2.580705 -2.122315
2.72941 2.582108 -2.072668
2.72941 2.582108 -2.072668
2.72941 2.582108 -2.072668
2.730004 2.585054 -2.08419
2.730004 2.585054 -2.08419
2.909155 2.580592 -2.290855
2.908848 2.581531 -2.286497
2.908848 2.581531 -2.286497
2.908848 2.581531 -2.286497
3.014465 3.093639 -2.455009
2.495193 2.545573 -1.941254
2.495193 2.545573 -1.941254
2.493275 2.544047 -1.911477
2.493275 2.544047 -1.911477
0 0 0
