0.2413 0.1991479 -0.06162321
2.477684 2.431904 -1.644839
2.477684 2.431904 -1.644839
2.477684 2.431904 -1.644839
2.852896 3.000019 -1.638526
2.639393 2.816329 -1.926448
2.871884 2.610952 -2.356649
3.096475 2.735626 -2.580125
3.096475 2.735626 -2.580125
3.096475 2.735626 -2.580125
3.272473 2.854917 -2.797884
3.272473 2.854917 -2.797884
3.272473 2.854917 -2.797884
3.092749 2.709791 -2.746427
3.089078 2.553887 -2.743653
3.089078 2.553887 -2.743653
3.10375 2.521709 -2.772301
3.10375 2.521709 -2.772301
3.10375 2.521709 -2.772301
3.209852 2.735184 -2.79898
2.546769 2.240603 -1.905752
2.546769 2.240603 -1.905752
2.714156 2.454965 -1.947877
2.714156 2.454965 -1.947877
2.714156 2.454965 -1.947877
2.920768 2.816776 -2.323172
2.920768 2.816776 -2.323172
2.920768 2.816776 -2.323172
3.02842 2.906826 -2.359319
3.02842 2.906826 -2.359319
3.02842 2.906826 -2.359319
2.954868 2.818018 -2.373155
2.954868 2.818018 -2.373155
2.954868 2.818018 -2.373155
2.918809 2.783354 -2.385101
2.792607 3.061226 -2.13683
3.015488 2.766277 -2.517326
2.9952 2.749133 -2.528539
2.9952 2.749133 -2.528539
2.810742 2.908302 -1.970365
2.725152 2.646154 -1.846668
2.725152 2.646154 -1.846668
2.725152 2.646154 -1.846668
2.654222 2.639974 -1.790186
2.654222 2.639974 -1.790186
2.654222 2.639974 -1.790186
2.678693 2.688964 -1.744633
2.678693 2.688964 -1.744633
2.678693 2.688964 -1.744633
2.77234 2.717363 -1.790946
2.622705 2.895832 -1.790718
2.735737 2.239863 -2.101205
2.771479 2.224388 -2.172727
2.532362 2.446049 -1.527576
2.532362 2.446049 -1.527576
2.76343 2.453342 -2.079006
2.76343 2.453342 -2.079006
2.787727 2.569272 -1.981946
2.793297 2.587951 -2.035261
2.793297 2.587951 -2.035261
2.793297 2.587951 -2.035261
2.794845 2.60025 -2.083505
2.794845 2.60025 -2.083505
2.794845 2.60025 -2.083505
2.79461 2.60698 -2.11807
2.79461 2.60698 -2.11807
2.79461 2.60698 -2.11807
2.793456 2.61041 -2.141775
2.793456 2.61041 -2.141775
2.793456 2.61041 -2.141775
2.791705 2.611848 -2.157174
2.791705 2.611848 -2.157174
2.791705 2.611848 -2.157174
2.789502 2.612025 -2.166764
2.789502 2.612025 -2.166764
2.789502 2.612025 -2.166764
2.78692 2.611346 -2.172512
2.78692 2.611346 -2.172512
2.720156 2.66259 -1.912863
2.7143 2.790641 -1.986365
2.7143 2.790641 -1.986365
2.704676 2.673354 -1.857861
2.707146 2.666801 -1.862059
2.707146 2.666801 -1.862059
2.707146 2.666801 -1.862059
2.709444 2.659794 -1.865238
2.910304 2.789944 -2.494688
2.910304 2.789944 -2.494688
2.896156 2.772049 -2.493556
2.662205 2.589762 -1.893024
2.662205 2.589762 -1.893024
2.667739 2.588021 -1.893652
2.667739 2.588021 -1.893652
2.667739 2.588021 -1.893652
2.677276 2.586493 -1.901614
2.677276 2.586493 -1.901614
2.677276 2.586493 -1.901614
2.730551 2.583933 -1.979216
2.730551 2.583933 -1.979216
2.730551 2.583933 -1.979216
2.658308 2.591566 -2.000162
2.918346 2.569044 -2.120631
0 0 0
