204919350
306275335
484777974
1479088237
1363893493
-411995648
1748066964
25750845
1012340082
679305103
513771657
-1119730878
704283460
-1945076976
280872016
808672993
-1159926220
741754802
731870107
-651140939
-2101834121
-1184720073
2019942244
1534324388
859939057
-1331310833
83490356
-211912395
-612016107
-1715674592
1231240561
-1827690630
1481994412
-1361859623
1501381491
1139620941
-102604768
1990597396
-154444623
957702703
-1918211519
873740272
1321940447
365526558
-1084143207
23553387
-1440666130
792025288
-1169379986
-916536891
1132191763
-601105966
421113178
-1314203864
1860079457
1323817732
-1079038585
-1710653405
458161744
-778249576
1125264212
-1802234142
2007341697
1294503156
2019162131
-1088084408
-1964117994
675168154
517623078
-1400759109
-481618475
-1253235653
364736843
465181346
-1948393423
-172688169
-205326255
1066949347
388003495
495797680
-1149469897
1639897536
1275318495
2121922718
-2015955262
-2142842174
-61120735
966949523
1121424595
-353950340
-808545766
-793275024
353953777
-1615039080
-1610276487
-590212478
1313213294
-835277494
61
