0 0 0 -3 -3 -3
0.03354475 -0.2380123 0.09312931 -3.012601 -2.362587 -2.985203
0.04645636 -0.3891274 0.1788469 -3.044709 -2.011572 -2.983067
0.07446238 -0.4902342 0.2654388 -3.067468 -1.82483 -2.980378
0.1078518 -0.5736911 0.3476672 -3.096921 -1.728948 -2.986603
0.1404156 -0.6520984 0.4176247 -3.130284 -1.677544 -3.007879
0.1724813 -0.7292531 0.4816317 -3.168336 -1.645485 -3.037549
0.1966918 -0.806679 0.5454318 -3.210971 -1.624157 -3.070604
0.2153736 -0.8855763 0.6115964 -3.257069 -1.610962 -3.104242
0.2288567 -0.9663212 0.6802295 -3.30681 -1.603502 -3.137205
0.2397668 -1.049095 0.7482876 -3.359789 -1.601912 -3.173251
0.251915 -1.133232 0.8142799 -3.414693 -1.605397 -3.213132
0.2649493 -1.21831 0.8793922 -3.471809 -1.612812 -3.255718
0.2776644 -1.304009 0.9446335 -3.531462 -1.622976 -3.30019
0.2901496 -1.390009 1.010022 -3.59342 -1.63524 -3.346414
0.301665 -1.476119 1.075201 -3.657032 -1.649208 -3.394326
0.3102485 -1.562075 1.13843 -3.719383 -1.664797 -3.444318
0.3197252 -1.647318 1.199662 -3.779651 -1.681753 -3.496628
0.331652 -1.731968 1.26061 -3.840705 -1.699756 -3.550309
0.3456308 -1.816083 1.321407 -3.902552 -1.718583 -3.605418
0.3613163 -1.899709 1.382159 -3.965175 -1.738078 -3.66204
0.3761639 -1.982766 1.442491 -4.027049 -1.757832 -3.720578
0.3908677 -2.065322 1.502362 -4.088521 -1.777847 -3.78109
0.4083186 -2.147409 1.561962 -4.151291 -1.798348 -3.843359
0.4282735 -2.22782 1.619447 -4.21523 -1.81917 -3.907108
0.45047 -2.306222 1.67455 -4.28021 -1.840109 -3.972057
0.4751303 -2.383494 1.728773 -4.345967 -1.861169 -4.038384
0.5020333 -2.4599 1.782544 -4.412376 -1.88234 -4.106064
0.5308406 -2.535481 1.835921 -4.479373 -1.903593 -4.174985
0.5609604 -2.610399 1.88922 -4.546878 -1.924899 -4.244917
0.5901173 -2.685545 1.944339 -4.61465 -1.946203 -4.314968
0.6181233 -2.760939 2.00124 -4.682687 -1.967517 -4.385085
0.645967 -2.835512 2.057969 -4.751368 -1.988834 -4.455807
0.6740208 -2.908203 2.113017 -4.820412 -2.010001 -4.527611
0 0 0 0 0 0
