0 0 0 -3 -3 -3
0.03516473 -0.1946092 0.08731362 -3.022002 -2.523987 -2.998191
0.03979558 -0.3262506 0.1738953 -3.05394 -2.257573 -2.998146
0.07498576 -0.4322657 0.2648518 -3.078574 -2.099296 -3.00272
0.1091836 -0.5346241 0.3483396 -3.111537 -2.003124 -3.020691
0.1473763 -0.6429286 0.4240046 -3.150623 -1.944746 -3.051392
0.1799359 -0.7646094 0.4970598 -3.19574 -1.910029 -3.090745
0.2077025 -0.9082964 0.573643 -3.246724 -1.895673 -3.135622
0.2273736 -1.088865 0.6567398 -3.302967 -1.900343 -3.184685
0.2434084 -1.322939 0.744772 -3.365672 -1.92694 -3.237849
0.2571713 -1.631658 0.8354565 -3.435004 -1.979362 -3.296898
0.2757567 -2.000412 0.9257451 -3.506843 -2.053391 -3.36219
0.2944988 -2.453695 1.019878 -3.584977 -2.153876 -3.433078
0.3135781 -2.999055 1.118224 -3.669388 -2.281894 -3.509797
0.3331193 -3.633807 1.221046 -3.760085 -2.435984 -3.592501
0.3489335 -4.338647 1.325551 -3.852763 -2.610592 -3.679664
0.3610003 -4.986728 1.426637 -3.937283 -2.773022 -3.769514
0.3759058 -5.568637 1.530791 -4.02178 -2.920597 -3.865271
0.3953563 -6.112153 1.641884 -4.110505 -3.06028 -3.96916
0.418838 -6.632674 1.761789 -4.203909 -3.195918 -4.083096
0.4459522 -7.138006 1.892372 -4.302416 -3.329395 -4.20894
0.4678362 -7.714238 2.029771 -4.396442 -3.48312 -4.345435
0.4933235 -8.284974 2.176583 -4.495186 -3.636839 -4.49442
0.5253803 -8.771959 2.330448 -4.602168 -3.768885 -4.654173
0.5643479 -9.023633 2.464637 -4.718097 -3.836178 -4.804105
0.6105604 -9.192266 2.587764 -4.843685 -3.881207 -4.950827
0.6657752 -9.344723 2.714176 -4.979898 -3.92275 -5.105884
0.7302665 -9.485012 2.84387 -5.128081 -3.961817 -5.269274
0.8044097 -9.616174 2.976825 -5.289656 -3.999171 -5.440984
0.8832471 -9.756262 3.120177 -5.460216 -4.039668 -5.624819
0.9563228 -9.947098 3.294197 -5.629206 -4.094799 -5.833894
1.02544 -10.19327 3.504333 -5.799539 -4.165971 -6.073739
1.09849 -10.37313 3.698852 -5.982047 -4.218895 -6.305588
1.174658 -10.4968 3.867818 -6.174787 -4.256459 -6.527087
0 0 0 0 0 0
