0.6704783 0.3795684 0.179363
0.6704783 0.3795684 0.179363
0.6078319 -0.6449473 0.8219691
0.649197 -1.449785 1.258898
-1.161902 -4.134982 1.095531
-1.161902 -4.134982 1.095531
-1.161902 -4.134982 1.095531
-1.161902 -4.134982 1.095531
-1.161902 -4.134982 1.095531
0.05850958 -3.274302 0.5008521
0.05850958 -3.274302 0.5008521
0.05850958 -3.274302 0.5008521
0.05850958 -3.274302 0.5008521
0.05850958 -3.274302 0.5008521
0.05850958 -3.274302 0.5008521
0.05850958 -3.274302 0.5008521
0.05850958 -3.274302 0.5008521
0.05850958 -3.274302 0.5008521
0.05850958 -3.274302 0.5008521
0.05850958 -3.274302 0.5008521
0.05850958 -3.274302 0.5008521
0.05850958 -3.274302 0.5008521
0.05850958 -3.274302 0.5008521
0.05850958 -3.274302 0.5008521
0.05850958 -3.274302 0.5008521
0.05850958 -3.274302 0.5008521
0.05850958 -3.274302 0.5008521
0.05850958 -3.274302 0.5008521
0.05850958 -3.274302 0.5008521
0.05850958 -3.274302 0.5008521
0.05850958 -3.274302 0.5008521
0.05850958 -3.274302 0.5008521
0.05850958 -3.274302 0.5008521
0.05850958 -3.274302 0.5008521
0.05850958 -3.274302 0.5008521
0.05850958 -3.274302 0.5008521
0.05850958 -3.274302 0.5008521
0.05850958 -3.274302 0.5008521
0.05850958 -3.274302 0.5008521
0.05850958 -3.274302 0.5008521
0.05850958 -3.274302 0.5008521
0.05850958 -3.274302 0.5008521
0.05850958 -3.274302 0.5008521
0.05850958 -3.274302 0.5008521
0.05850958 -3.274302 0.5008521
0.05850958 -3.274302 0.5008521
0.05850958 -3.274302 0.5008521
0.05850958 -3.274302 0.5008521
0.05850958 -3.274302 0.5008521
0.05850958 -3.274302 0.5008521
0.05850958 -3.274302 0.5008521
0.05850958 -3.274302 0.5008521
0.05850958 -3.274302 0.5008521
0.05850958 -3.274302 0.5008521
0.05850958 -3.274302 0.5008521
0.05850958 -3.274302 0.5008521
0.05850958 -3.274302 0.5008521
0.05850958 -3.274302 0.5008521
0.05850958 -3.274302 0.5008521
0.05850958 -3.274302 0.5008521
0.05850958 -3.274302 0.5008521
0.08212248 -3.664263 0.5320014
-0.2707663 -3.754351 0.8751775
-0.2707663 -3.754351 0.8751775
-0.2707663 -3.754351 0.8751775
-0.2707663 -3.754351 0.8751775
-0.2707663 -3.754351 0.8751775
-0.2707663 -3.754351 0.8751775
-0.2707663 -3.754351 0.8751775
-0.2707663 -3.754351 0.8751775
-0.2707663 -3.754351 0.8751775
-0.2707663 -3.754351 0.8751775
-0.2707663 -3.754351 0.8751775
-0.2707663 -3.754351 0.8751775
-0.2707663 -3.754351 0.8751775
-0.2707663 -3.754351 0.8751775
-0.2707663 -3.754351 0.8751775
-0.2707663 -3.754351 0.8751775
-0.2707663 -3.754351 0.8751775
-0.2707663 -3.754351 0.8751775
-0.2707663 -3.754351 0.8751775
-0.2707663 -3.754351 0.8751775
-0.2707663 -3.754351 0.8751775
-0.2707663 -3.754351 0.8751775
-0.2707663 -3.754351 0.8751775
-0.2707663 -3.754351 0.8751775
-0.2707663 -3.754351 0.8751775
-0.5126999 -3.389996 0.2072859
-0.5126999 -3.389996 0.2072859
-0.5126999 -3.389996 0.2072859
-0.5126999 -3.389996 0.2072859
-0.5126999 -3.389996 0.2072859
-0.5126999 -3.389996 0.2072859
-0.5126999 -3.389996 0.2072859
-0.5126999 -3.389996 0.2072859
-0.5126999 -3.389996 0.2072859
-0.5126999 -3.389996 0.2072859
-0.5126999 -3.389996 0.2072859
-0.5126999 -3.389996 0.2072859
-0.5126999 -3.389996 0.2072859
-0.5126999 -3.389996 0.2072859
-0.5126999 -3.389996 0.2072859
-0.5126999 -3.389996 0.2072859
-0.5126999 -3.389996 0.2072859
-0.5126999 -3.389996 0.2072859
-0.5126999 -3.389996 0.2072859
-0.5126999 -3.389996 0.2072859
-0.5126999 -3.389996 0.2072859
-0.5126999 -3.389996 0.2072859
-0.5126999 -3.389996 0.2072859
-0.5126999 -3.389996 0.2072859
-0.5126999 -3.389996 0.2072859
-0.5126999 -3.389996 0.2072859
-0.5126999 -3.389996 0.2072859
-0.5126999 -3.389996 0.2072859
-0.5126999 -3.389996 0.2072859
-0.5126999 -3.389996 0.2072859
-0.5126999 -3.389996 0.2072859
-0.5126999 -3.389996 0.2072859
-0.5126999 -3.389996 0.2072859
-0.5126999 -3.389996 0.2072859
0.8409651 -2.170358 0.52765
0.8409651 -2.170358 0.52765
0.8409651 -2.170358 0.52765
0.8409651 -2.170358 0.52765
0.8409651 -2.170358 0.52765
0.8409651 -2.170358 0.52765
0.8409651 -2.170358 0.52765
0.8409651 -2.170358 0.52765
0.8409651 -2.170358 0.52765
0.8409651 -2.170358 0.52765
0.8409651 -2.170358 0.52765
0.8409651 -2.170358 0.52765
0.8409651 -2.170358 0.52765
0.8409651 -2.170358 0.52765
0.8409651 -2.170358 0.52765
0.8409651 -2.170358 0.52765
0.8409651 -2.170358 0.52765
0.8409651 -2.170358 0.52765
0.8409651 -2.170358 0.52765
0.8409651 -2.170358 0.52765
0.8409651 -2.170358 0.52765
0.8409651 -2.170358 0.52765
0.8409651 -2.170358 0.52765
0.8409651 -2.170358 0.52765
0.8409651 -2.170358 0.52765
0.8409651 -2.170358 0.52765
0.8409651 -2.170358 0.52765
0.8409651 -2.170358 0.52765
0.8409651 -2.170358 0.52765
0.8409651 -2.170358 0.52765
0.8409651 -2.170358 0.52765
0.3432894 -2.389632 0.7828687
0.3432894 -2.389632 0.7828687
0.3432894 -2.389632 0.7828687
0.3432894 -2.389632 0.7828687
0.3432894 -2.389632 0.7828687
0.3432894 -2.389632 0.7828687
0.3432894 -2.389632 0.7828687
0.3432894 -2.389632 0.7828687
0.3432894 -2.389632 0.7828687
0.3432894 -2.389632 0.7828687
0.3432894 -2.389632 0.7828687
0.3432894 -2.389632 0.7828687
0.3432894 -2.389632 0.7828687
0.3432894 -2.389632 0.7828687
0.3432894 -2.389632 0.7828687
0.3432894 -2.389632 0.7828687
0.3432894 -2.389632 0.7828687
0.3432894 -2.389632 0.7828687
0.3432894 -2.389632 0.7828687
0.3432894 -2.389632 0.7828687
0.3432894 -2.389632 0.7828687
0.3432894 -2.389632 0.7828687
0.3432894 -2.389632 0.7828687
0.3432894 -2.389632 0.7828687
0.3432894 -2.389632 0.7828687
0.3432894 -2.389632 0.7828687
0.3432894 -2.389632 0.7828687
0.3432894 -2.389632 0.7828687
0.3432894 -2.389632 0.7828687
0.352918 -2.521406 0.8178649
0.352918 -2.521406 0.8178649
0.352918 -2.521406 0.8178649
0.352918 -2.521406 0.8178649
0.352918 -2.521406 0.8178649
0.352918 -2.521406 0.8178649
0.352918 -2.521406 0.8178649
0.352918 -2.521406 0.8178649
0.352918 -2.521406 0.8178649
0.352918 -2.521406 0.8178649
0.352918 -2.521406 0.8178649
0.352918 -2.521406 0.8178649
0.352918 -2.521406 0.8178649
0.352918 -2.521406 0.8178649
0.352918 -2.521406 0.8178649
0.352918 -2.521406 0.8178649
0.352918 -2.521406 0.8178649
0.352918 -2.521406 0.8178649
0.352918 -2.521406 0.8178649
0.352918 -2.521406 0.8178649
0.352918 -2.521406 0.8178649
0.352918 -2.521406 0.8178649
0.352918 -2.521406 0.8178649
0.352918 -2.521406 0.8178649
0.352918 -2.521406 0.8178649
0.352918 -2.521406 0.8178649
0.352918 -2.521406 0.8178649
-0.2222573 -2.777951 0.3031435
-0.2222573 -2.777951 0.3031435
-0.2222573 -2.777951 0.3031435
-0.2222573 -2.777951 0.3031435
-0.2222573 -2.777951 0.3031435
-0.2222573 -2.777951 0.3031435
-0.2222573 -2.777951 0.3031435
-0.2222573 -2.777951 0.3031435
-0.2222573 -2.777951 0.3031435
-0.2222573 -2.777951 0.3031435
-0.2222573 -2.777951 0.3031435
-0.2222573 -2.777951 0.3031435
-0.2222573 -2.777951 0.3031435
-0.2222573 -2.777951 0.3031435
-0.2222573 -2.777951 0.3031435
-0.2222573 -2.777951 0.3031435
-0.2222573 -2.777951 0.3031435
-0.2222573 -2.777951 0.3031435
-0.2222573 -2.777951 0.3031435
-0.2222573 -2.777951 0.3031435
-0.2222573 -2.777951 0.3031435
-0.2222573 -2.777951 0.3031435
-0.2222573 -2.777951 0.3031435
-0.2222573 -2.777951 0.3031435
-0.2222573 -2.777951 0.3031435
-0.2222573 -2.777951 0.3031435
-0.2222573 -2.777951 0.3031435
-0.2222573 -2.777951 0.3031435
-0.2222573 -2.777951 0.3031435
-0.2222573 -2.777951 0.3031435
-0.2222573 -2.777951 0.3031435
-0.2222573 -2.777951 0.3031435
-0.2222573 -2.777951 0.3031435
-0.1998497 -2.845018 0.3260421
-0.1998497 -2.845018 0.3260421
-0.1998497 -2.845018 0.3260421
-0.1998497 -2.845018 0.3260421
-0.1998497 -2.845018 0.3260421
-0.1998497 -2.845018 0.3260421
-0.1998497 -2.845018 0.3260421
-0.1998497 -2.845018 0.3260421
-0.1998497 -2.845018 0.3260421
-0.1998497 -2.845018 0.3260421
-0.1998497 -2.845018 0.3260421
-0.1998497 -2.845018 0.3260421
-0.1998497 -2.845018 0.3260421
-0.1998497 -2.845018 0.3260421
-0.1998497 -2.845018 0.3260421
0.1792587 -2.596396 0.3586569
0.1792587 -2.596396 0.3586569
0.1792587 -2.596396 0.3586569
0.1792587 -2.596396 0.3586569
0.1792587 -2.596396 0.3586569
0.1792587 -2.596396 0.3586569
0.1792587 -2.596396 0.3586569
0.1792587 -2.596396 0.3586569
0.1792587 -2.596396 0.3586569
0.1792587 -2.596396 0.3586569
0.1792587 -2.596396 0.3586569
0.1792587 -2.596396 0.3586569
0.1792587 -2.596396 0.3586569
0.1792587 -2.596396 0.3586569
0.1792587 -2.596396 0.3586569
0.1792587 -2.596396 0.3586569
0.1792587 -2.596396 0.3586569
0.1792587 -2.596396 0.3586569
0.1792587 -2.596396 0.3586569
0.1792587 -2.596396 0.3586569
0.1792587 -2.596396 0.3586569
0.1792587 -2.596396 0.3586569
0.1792587 -2.596396 0.3586569
0.1792587 -2.596396 0.3586569
0.1792587 -2.596396 0.3586569
0.1792587 -2.596396 0.3586569
0.1792587 -2.596396 0.3586569
0.1792587 -2.596396 0.3586569
0.1792587 -2.596396 0.3586569
0.1792587 -2.596396 0.3586569
0.1792587 -2.596396 0.3586569
0.1792587 -2.596396 0.3586569
0.1792587 -2.596396 0.3586569
0.1792587 -2.596396 0.3586569
0.1792587 -2.596396 0.3586569
0.1792587 -2.596396 0.3586569
0.1792587 -2.596396 0.3586569
0.1792587 -2.596396 0.3586569
0.1792587 -2.596396 0.3586569
0.1792587 -2.596396 0.3586569
0.1792587 -2.596396 0.3586569
0.1792587 -2.596396 0.3586569
0.1792587 -2.596396 0.3586569
0.1792587 -2.596396 0.3586569
0.1792587 -2.596396 0.3586569
0.204098 -2.651497 0.3794153
0.204098 -2.651497 0.3794153
0.204098 -2.651497 0.3794153
0.204098 -2.651497 0.3794153
0.204098 -2.651497 0.3794153
0.204098 -2.651497 0.3794153
0.204098 -2.651497 0.3794153
0.204098 -2.651497 0.3794153
0.204098 -2.651497 0.3794153
0.204098 -2.651497 0.3794153
0.204098 -2.651497 0.3794153
0.204098 -2.651497 0.3794153
0.204098 -2.651497 0.3794153
0.204098 -2.651497 0.3794153
0.204098 -2.651497 0.3794153
0.204098 -2.651497 0.3794153
0.204098 -2.651497 0.3794153
0.204098 -2.651497 0.3794153
0.204098 -2.651497 0.3794153
0.204098 -2.651497 0.3794153
0.204098 -2.651497 0.3794153
0.204098 -2.651497 0.3794153
0.204098 -2.651497 0.3794153
0.204098 -2.651497 0.3794153
0.204098 -2.651497 0.3794153
0.204098 -2.651497 0.3794153
0.204098 -2.651497 0.3794153
0.204098 -2.651497 0.3794153
0.204098 -2.651497 0.3794153
0.204098 -2.651497 0.3794153
0.204098 -2.651497 0.3794153
0.204098 -2.651497 0.3794153
0.204098 -2.651497 0.3794153
0.204098 -2.651497 0.3794153
0.204098 -2.651497 0.3794153
0.204098 -2.651497 0.3794153
0.204098 -2.651497 0.3794153
0.204098 -2.651497 0.3794153
0.204098 -2.651497 0.3794153
0.204098 -2.651497 0.3794153
0.204098 -2.651497 0.3794153
0.204098 -2.651497 0.3794153
0.204098 -2.651497 0.3794153
0.204098 -2.651497 0.3794153
0.204098 -2.651497 0.3794153
0.204098 -2.651497 0.3794153
0.204098 -2.651497 0.3794153
-0.1509267 -2.974296 0.5892634
-0.1509267 -2.974296 0.5892634
-0.1509267 -2.974296 0.5892634
-0.1509267 -2.974296 0.5892634
-0.1509267 -2.974296 0.5892634
-0.1509267 -2.974296 0.5892634
-0.1509267 -2.974296 0.5892634
-0.1509267 -2.974296 0.5892634
-0.1509267 -2.974296 0.5892634
-0.1509267 -2.974296 0.5892634
-0.1509267 -2.974296 0.5892634
-0.1509267 -2.974296 0.5892634
-0.1509267 -2.974296 0.5892634
-0.1413458 -3.044131 0.6067574
-0.1413458 -3.044131 0.6067574
-0.1413458 -3.044131 0.6067574
-0.1413458 -3.044131 0.6067574
-0.1413458 -3.044131 0.6067574
-0.1413458 -3.044131 0.6067574
-0.1413458 -3.044131 0.6067574
-0.1413458 -3.044131 0.6067574
-0.1413458 -3.044131 0.6067574
-0.1413458 -3.044131 0.6067574
-0.1413458 -3.044131 0.6067574
-0.1413458 -3.044131 0.6067574
-0.1413458 -3.044131 0.6067574
-0.1413458 -3.044131 0.6067574
-0.1413458 -3.044131 0.6067574
-0.1413458 -3.044131 0.6067574
-0.1413458 -3.044131 0.6067574
-0.1413458 -3.044131 0.6067574
-0.1413458 -3.044131 0.6067574
-0.1413458 -3.044131 0.6067574
-0.1413458 -3.044131 0.6067574
-0.1413458 -3.044131 0.6067574
-0.1413458 -3.044131 0.6067574
-0.1413458 -3.044131 0.6067574
-0.1413458 -3.044131 0.6067574
-0.1413458 -3.044131 0.6067574
-0.1413458 -3.044131 0.6067574
-0.1413458 -3.044131 0.6067574
-0.1413458 -3.044131 0.6067574
-0.1413458 -3.044131 0.6067574
-0.1413458 -3.044131 0.6067574
-0.1413458 -3.044131 0.6067574
-0.1413458 -3.044131 0.6067574
-0.1413458 -3.044131 0.6067574
-0.1413458 -3.044131 0.6067574
-0.1413458 -3.044131 0.6067574
-0.1413458 -3.044131 0.6067574
-0.1413458 -3.044131 0.6067574
-0.1413458 -3.044131 0.6067574
-0.1413458 -3.044131 0.6067574
-0.1413458 -3.044131 0.6067574
-0.1413458 -3.044131 0.6067574
-0.1413458 -3.044131 0.6067574
-0.1413458 -3.044131 0.6067574
-0.1413458 -3.044131 0.6067574
-0.1413458 -3.044131 0.6067574
-0.1413458 -3.044131 0.6067574
-0.1413458 -3.044131 0.6067574
-0.1413458 -3.044131 0.6067574
-0.1413458 -3.044131 0.6067574
-0.1413458 -3.044131 0.6067574
-0.1413458 -3.044131 0.6067574
-0.1413458 -3.044131 0.6067574
-0.1413458 -3.044131 0.6067574
-0.1413458 -3.044131 0.6067574
-0.1413458 -3.044131 0.6067574
-0.1413458 -3.044131 0.6067574
-0.1413458 -3.044131 0.6067574
-0.1413458 -3.044131 0.6067574
-0.1413458 -3.044131 0.6067574
-0.1211016 -3.101896 0.6259629
-0.1211016 -3.101896 0.6259629
-0.1211016 -3.101896 0.6259629
-0.1211016 -3.101896 0.6259629
-0.1211016 -3.101896 0.6259629
-0.1211016 -3.101896 0.6259629
-0.1211016 -3.101896 0.6259629
-0.1211016 -3.101896 0.6259629
-0.1211016 -3.101896 0.6259629
-0.1211016 -3.101896 0.6259629
-0.1211016 -3.101896 0.6259629
-0.1211016 -3.101896 0.6259629
-0.1211016 -3.101896 0.6259629
-0.1211016 -3.101896 0.6259629
-0.1211016 -3.101896 0.6259629
-0.1211016 -3.101896 0.6259629
-0.1211016 -3.101896 0.6259629
-0.1211016 -3.101896 0.6259629
-0.1211016 -3.101896 0.6259629
-0.1211016 -3.101896 0.6259629
-0.1211016 -3.101896 0.6259629
-0.1211016 -3.101896 0.6259629
-0.1211016 -3.101896 0.6259629
-0.1211016 -3.101896 0.6259629
-0.1211016 -3.101896 0.6259629
-0.1211016 -3.101896 0.6259629
-0.1211016 -3.101896 0.6259629
-0.1211016 -3.101896 0.6259629
-0.1211016 -3.101896 0.6259629
-0.1211016 -3.101896 0.6259629
-0.1211016 -3.101896 0.6259629
-0.1211016 -3.101896 0.6259629
-0.1211016 -3.101896 0.6259629
-0.1211016 -3.101896 0.6259629
-0.1211016 -3.101896 0.6259629
-0.1211016 -3.101896 0.6259629
-0.1211016 -3.101896 0.6259629
-0.1211016 -3.101896 0.6259629
-0.1211016 -3.101896 0.6259629
-0.1211016 -3.101896 0.6259629
-0.1211016 -3.101896 0.6259629
-0.1211016 -3.101896 0.6259629
-0.1211016 -3.101896 0.6259629
-0.1211016 -3.101896 0.6259629
-0.1211016 -3.101896 0.6259629
-0.1211016 -3.101896 0.6259629
-0.1211016 -3.101896 0.6259629
-0.1211016 -3.101896 0.6259629
-0.1211016 -3.101896 0.6259629
-0.1211016 -3.101896 0.6259629
-0.1211016 -3.101896 0.6259629
-0.1211016 -3.101896 0.6259629
-0.1211016 -3.101896 0.6259629
-0.1211016 -3.101896 0.6259629
-0.1211016 -3.101896 0.6259629
-0.1211016 -3.101896 0.6259629
-0.1211016 -3.101896 0.6259629
-0.1211016 -3.101896 0.6259629
-0.1211016 -3.101896 0.6259629
-0.1211016 -3.101896 0.6259629
-0.1132176 -3.181352 0.6536198
-0.1132176 -3.181352 0.6536198
-0.1132176 -3.181352 0.6536198
-0.1132176 -3.181352 0.6536198
-0.1132176 -3.181352 0.6536198
-0.1132176 -3.181352 0.6536198
-0.1132176 -3.181352 0.6536198
-0.1132176 -3.181352 0.6536198
-0.1132176 -3.181352 0.6536198
-0.1132176 -3.181352 0.6536198
-0.1132176 -3.181352 0.6536198
-0.1132176 -3.181352 0.6536198
-0.1132176 -3.181352 0.6536198
-0.1132176 -3.181352 0.6536198
-0.1132176 -3.181352 0.6536198
-0.1132176 -3.181352 0.6536198
-0.1132176 -3.181352 0.6536198
-0.1132176 -3.181352 0.6536198
-0.1132176 -3.181352 0.6536198
-0.1132176 -3.181352 0.6536198
-0.1132176 -3.181352 0.6536198
-0.1132176 -3.181352 0.6536198
-0.1132176 -3.181352 0.6536198
-0.1132176 -3.181352 0.6536198
-0.1132176 -3.181352 0.6536198
-0.1132176 -3.181352 0.6536198
-0.1132176 -3.181352 0.6536198
-0.1132176 -3.181352 0.6536198
-0.1132176 -3.181352 0.6536198
-0.1132176 -3.181352 0.6536198
-0.1132176 -3.181352 0.6536198
-0.1132176 -3.181352 0.6536198
-0.1132176 -3.181352 0.6536198
-0.1132176 -3.181352 0.6536198
-0.1132176 -3.181352 0.6536198
-0.1132176 -3.181352 0.6536198
-0.1132176 -3.181352 0.6536198
-0.1132176 -3.181352 0.6536198
-0.1132176 -3.181352 0.6536198
-0.1132176 -3.181352 0.6536198
-0.1132176 -3.181352 0.6536198
-0.1132176 -3.181352 0.6536198
-0.1132176 -3.181352 0.6536198
-0.1132176 -3.181352 0.6536198
-0.1132176 -3.181352 0.6536198
-0.1132176 -3.181352 0.6536198
-0.1132176 -3.181352 0.6536198
-0.1132176 -3.181352 0.6536198
-0.1132176 -3.181352 0.6536198
-0.1132176 -3.181352 0.6536198
-0.1132176 -3.181352 0.6536198
-0.1132176 -3.181352 0.6536198
-0.1132176 -3.181352 0.6536198
-0.1132176 -3.181352 0.6536198
-0.1132176 -3.181352 0.6536198
-0.1132176 -3.181352 0.6536198
-0.1132176 -3.181352 0.6536198
-0.1132176 -3.181352 0.6536198
-0.1132176 -3.181352 0.6536198
-0.1132176 -3.181352 0.6536198
-0.09993583 -3.253752 0.6786859
-0.09993583 -3.253752 0.6786859
-0.09993583 -3.253752 0.6786859
-0.09993583 -3.253752 0.6786859
-0.09993583 -3.253752 0.6786859
-0.09993583 -3.253752 0.6786859
-0.09993583 -3.253752 0.6786859
-0.09993583 -3.253752 0.6786859
-0.09993583 -3.253752 0.6786859
-0.09993583 -3.253752 0.6786859
-0.09993583 -3.253752 0.6786859
-0.09993583 -3.253752 0.6786859
-0.09993583 -3.253752 0.6786859
-0.09993583 -3.253752 0.6786859
-0.09993583 -3.253752 0.6786859
-0.09993583 -3.253752 0.6786859
-0.09993583 -3.253752 0.6786859
-0.09993583 -3.253752 0.6786859
-0.09993583 -3.253752 0.6786859
-0.09993583 -3.253752 0.6786859
-0.09993583 -3.253752 0.6786859
-0.09993583 -3.253752 0.6786859
-0.09993583 -3.253752 0.6786859
-0.09993583 -3.253752 0.6786859
-0.09993583 -3.253752 0.6786859
-0.09993583 -3.253752 0.6786859
-0.09993583 -3.253752 0.6786859
-0.09993583 -3.253752 0.6786859
-0.09993583 -3.253752 0.6786859
-0.09993583 -3.253752 0.6786859
-0.09993583 -3.253752 0.6786859
-0.09993583 -3.253752 0.6786859
-0.09993583 -3.253752 0.6786859
-0.09993583 -3.253752 0.6786859
-0.09993583 -3.253752 0.6786859
-0.09993583 -3.253752 0.6786859
-0.09993583 -3.253752 0.6786859
-0.09993583 -3.253752 0.6786859
-0.09993583 -3.253752 0.6786859
-0.09993583 -3.253752 0.6786859
-0.09993583 -3.253752 0.6786859
-0.09993583 -3.253752 0.6786859
-0.09993583 -3.253752 0.6786859
-0.09993583 -3.253752 0.6786859
-0.09993583 -3.253752 0.6786859
-0.09993583 -3.253752 0.6786859
-0.09993583 -3.253752 0.6786859
-0.09993583 -3.253752 0.6786859
-0.09993583 -3.253752 0.6786859
-0.09993583 -3.253752 0.6786859
-0.09993583 -3.253752 0.6786859
-0.09993583 -3.253752 0.6786859
-0.09993583 -3.253752 0.6786859
-0.09993583 -3.253752 0.6786859
-0.09993583 -3.253752 0.6786859
-0.09993583 -3.253752 0.6786859
-0.09993583 -3.253752 0.6786859
-0.09993583 -3.253752 0.6786859
-0.09993583 -3.253752 0.6786859
-0.09993583 -3.253752 0.6786859
-0.0858259 -3.317444 0.6945336
-0.0858259 -3.317444 0.6945336
-0.0858259 -3.317444 0.6945336
-0.0858259 -3.317444 0.6945336
-0.0858259 -3.317444 0.6945336
-0.0858259 -3.317444 0.6945336
-0.0858259 -3.317444 0.6945336
-0.0858259 -3.317444 0.6945336
-0.0858259 -3.317444 0.6945336
-0.0858259 -3.317444 0.6945336
0.3321426 -2.312731 0.4087537
0.3321426 -2.312731 0.4087537
0.3321426 -2.312731 0.4087537
0.3321426 -2.312731 0.4087537
0.3321426 -2.312731 0.4087537
0.3321426 -2.312731 0.4087537
0.3321426 -2.312731 0.4087537
0.3321426 -2.312731 0.4087537
0.3321426 -2.312731 0.4087537
0.3321426 -2.312731 0.4087537
0.3321426 -2.312731 0.4087537
0.3321426 -2.312731 0.4087537
0.3321426 -2.312731 0.4087537
0.3321426 -2.312731 0.4087537
0.3321426 -2.312731 0.4087537
0.3321426 -2.312731 0.4087537
0.3321426 -2.312731 0.4087537
0.3321426 -2.312731 0.4087537
0.3321426 -2.312731 0.4087537
0.3321426 -2.312731 0.4087537
0.3321426 -2.312731 0.4087537
0.3321426 -2.312731 0.4087537
0.3321426 -2.312731 0.4087537
0.3321426 -2.312731 0.4087537
0.3321426 -2.312731 0.4087537
0.3321426 -2.312731 0.4087537
0.3321426 -2.312731 0.4087537
0.3321426 -2.312731 0.4087537
0.3321426 -2.312731 0.4087537
0.3321426 -2.312731 0.4087537
0.3321426 -2.312731 0.4087537
0.3321426 -2.312731 0.4087537
0.3321426 -2.312731 0.4087537
0.3321426 -2.312731 0.4087537
0.3321426 -2.312731 0.4087537
0.3321426 -2.312731 0.4087537
0.3321426 -2.312731 0.4087537
0.3321426 -2.312731 0.4087537
0.3321426 -2.312731 0.4087537
0.3321426 -2.312731 0.4087537
0.3321426 -2.312731 0.4087537
0.3321426 -2.312731 0.4087537
0.3321426 -2.312731 0.4087537
0.0300028 -2.741785 0.6816283
0.0300028 -2.741785 0.6816283
0.0300028 -2.741785 0.6816283
0.0300028 -2.741785 0.6816283
0.0300028 -2.741785 0.6816283
0.0300028 -2.741785 0.6816283
0.0300028 -2.741785 0.6816283
0.04232286 -2.824527 0.6972961
0.04232286 -2.824527 0.6972961
0.04232286 -2.824527 0.6972961
0.04232286 -2.824527 0.6972961
0.04232286 -2.824527 0.6972961
0.04232286 -2.824527 0.6972961
0.04232286 -2.824527 0.6972961
0.04232286 -2.824527 0.6972961
0.04232286 -2.824527 0.6972961
0.04232286 -2.824527 0.6972961
0.04232286 -2.824527 0.6972961
0.04232286 -2.824527 0.6972961
0.04232286 -2.824527 0.6972961
0.04232286 -2.824527 0.6972961
0.04232286 -2.824527 0.6972961
0.04232286 -2.824527 0.6972961
0.04232286 -2.824527 0.6972961
0.04232286 -2.824527 0.6972961
0.04232286 -2.824527 0.6972961
0.04232286 -2.824527 0.6972961
0.04232286 -2.824527 0.6972961
0.04232286 -2.824527 0.6972961
0.04232286 -2.824527 0.6972961
0.04232286 -2.824527 0.6972961
0.04232286 -2.824527 0.6972961
0.04232286 -2.824527 0.6972961
0.04232286 -2.824527 0.6972961
0.04232286 -2.824527 0.6972961
0.04232286 -2.824527 0.6972961
0.04232286 -2.824527 0.6972961
0.04232286 -2.824527 0.6972961
0.04232286 -2.824527 0.6972961
0.04232286 -2.824527 0.6972961
0.04232286 -2.824527 0.6972961
0.04232286 -2.824527 0.6972961
0.04232286 -2.824527 0.6972961
0.04232286 -2.824527 0.6972961
0.04232286 -2.824527 0.6972961
0.04232286 -2.824527 0.6972961
0.04232286 -2.824527 0.6972961
0.04232286 -2.824527 0.6972961
0.04232286 -2.824527 0.6972961
0.04232286 -2.824527 0.6972961
0.04232286 -2.824527 0.6972961
0.04232286 -2.824527 0.6972961
0.04232286 -2.824527 0.6972961
0.04232286 -2.824527 0.6972961
0.04232286 -2.824527 0.6972961
0.04232286 -2.824527 0.6972961
0.04232286 -2.824527 0.6972961
0.04232286 -2.824527 0.6972961
0.04232286 -2.824527 0.6972961
0.04232286 -2.824527 0.6972961
0.04232286 -2.824527 0.6972961
0.04232286 -2.824527 0.6972961
0.04232286 -2.824527 0.6972961
0.04232286 -2.824527 0.6972961
0.04232286 -2.824527 0.6972961
0.04232286 -2.824527 0.6972961
0.04232286 -2.824527 0.6972961
0.0543677 -2.897924 0.7124047
0.0543677 -2.897924 0.7124047
0.0543677 -2.897924 0.7124047
0.0543677 -2.897924 0.7124047
0.0543677 -2.897924 0.7124047
0.0543677 -2.897924 0.7124047
0.0543677 -2.897924 0.7124047
0.0543677 -2.897924 0.7124047
0.0543677 -2.897924 0.7124047
0.0543677 -2.897924 0.7124047
0.0543677 -2.897924 0.7124047
0.0543677 -2.897924 0.7124047
0.0543677 -2.897924 0.7124047
0.0543677 -2.897924 0.7124047
0.0543677 -2.897924 0.7124047
0.0543677 -2.897924 0.7124047
0.0543677 -2.897924 0.7124047
0.0543677 -2.897924 0.7124047
0.0543677 -2.897924 0.7124047
0.0543677 -2.897924 0.7124047
0.0543677 -2.897924 0.7124047
0.0543677 -2.897924 0.7124047
0.0543677 -2.897924 0.7124047
0.0543677 -2.897924 0.7124047
0.0543677 -2.897924 0.7124047
0.0543677 -2.897924 0.7124047
0.0543677 -2.897924 0.7124047
0.0543677 -2.897924 0.7124047
0.0543677 -2.897924 0.7124047
0.0543677 -2.897924 0.7124047
0.0543677 -2.897924 0.7124047
0.0543677 -2.897924 0.7124047
0.0543677 -2.897924 0.7124047
0.0543677 -2.897924 0.7124047
0.0543677 -2.897924 0.7124047
0.0543677 -2.897924 0.7124047
0.0543677 -2.897924 0.7124047
0.0543677 -2.897924 0.7124047
0.0543677 -2.897924 0.7124047
0.0543677 -2.897924 0.7124047
0.0543677 -2.897924 0.7124047
0.0543677 -2.897924 0.7124047
0.0543677 -2.897924 0.7124047
0.0543677 -2.897924 0.7124047
0.0543677 -2.897924 0.7124047
0.0543677 -2.897924 0.7124047
0.0543677 -2.897924 0.7124047
0.0543677 -2.897924 0.7124047
0.0543677 -2.897924 0.7124047
0.0543677 -2.897924 0.7124047
0.0543677 -2.897924 0.7124047
0.0543677 -2.897924 0.7124047
0.0543677 -2.897924 0.7124047
0.0543677 -2.897924 0.7124047
0.0543677 -2.897924 0.7124047
0.0543677 -2.897924 0.7124047
0.0543677 -2.897924 0.7124047
0.0543677 -2.897924 0.7124047
0.0543677 -2.897924 0.7124047
0.0543677 -2.897924 0.7124047
0.066087 -2.962072 0.7269138
0.066087 -2.962072 0.7269138
0.066087 -2.962072 0.7269138
0.066087 -2.962072 0.7269138
0.066087 -2.962072 0.7269138
0.066087 -2.962072 0.7269138
0.066087 -2.962072 0.7269138
0.066087 -2.962072 0.7269138
0.066087 -2.962072 0.7269138
0.066087 -2.962072 0.7269138
0.066087 -2.962072 0.7269138
0.066087 -2.962072 0.7269138
0.066087 -2.962072 0.7269138
0.066087 -2.962072 0.7269138
0.066087 -2.962072 0.7269138
0.066087 -2.962072 0.7269138
0.066087 -2.962072 0.7269138
0.066087 -2.962072 0.7269138
0.066087 -2.962072 0.7269138
0.066087 -2.962072 0.7269138
0.066087 -2.962072 0.7269138
0.066087 -2.962072 0.7269138
0.066087 -2.962072 0.7269138
0.066087 -2.962072 0.7269138
0.066087 -2.962072 0.7269138
0.066087 -2.962072 0.7269138
0.066087 -2.962072 0.7269138
0.066087 -2.962072 0.7269138
0.066087 -2.962072 0.7269138
0.066087 -2.962072 0.7269138
0.066087 -2.962072 0.7269138
0.066087 -2.962072 0.7269138
0.066087 -2.962072 0.7269138
0.066087 -2.962072 0.7269138
0.066087 -2.962072 0.7269138
0.066087 -2.962072 0.7269138
0.066087 -2.962072 0.7269138
0.066087 -2.962072 0.7269138
0.066087 -2.962072 0.7269138
0.066087 -2.962072 0.7269138
0.066087 -2.962072 0.7269138
0.066087 -2.962072 0.7269138
0.066087 -2.962072 0.7269138
0.066087 -2.962072 0.7269138
0.066087 -2.962072 0.7269138
0.066087 -2.962072 0.7269138
0.066087 -2.962072 0.7269138
0.066087 -2.962072 0.7269138
0.066087 -2.962072 0.7269138
0.066087 -2.962072 0.7269138
0.066087 -2.962072 0.7269138
0.066087 -2.962072 0.7269138
0.066087 -2.962072 0.7269138
0.066087 -2.962072 0.7269138
0.066087 -2.962072 0.7269138
0.066087 -2.962072 0.7269138
0.066087 -2.962072 0.7269138
0.066087 -2.962072 0.7269138
0.066087 -2.962072 0.7269138
0.066087 -2.962072 0.7269138
0.07738131 -3.014593 0.7406906
0.07738131 -3.014593 0.7406906
0.07738131 -3.014593 0.7406906
0.07738131 -3.014593 0.7406906
0.07738131 -3.014593 0.7406906
0.07738131 -3.014593 0.7406906
0.07738131 -3.014593 0.7406906
0.07738131 -3.014593 0.7406906
0.07738131 -3.014593 0.7406906
0.07738131 -3.014593 0.7406906
0.07738131 -3.014593 0.7406906
0.07738131 -3.014593 0.7406906
0.07738131 -3.014593 0.7406906
0.07738131 -3.014593 0.7406906
0.07738131 -3.014593 0.7406906
0.07738131 -3.014593 0.7406906
0.07738131 -3.014593 0.7406906
0.07738131 -3.014593 0.7406906
0.07738131 -3.014593 0.7406906
0.07738131 -3.014593 0.7406906
0.07738131 -3.014593 0.7406906
0.07738131 -3.014593 0.7406906
0.07738131 -3.014593 0.7406906
0.07738131 -3.014593 0.7406906
0.07738131 -3.014593 0.7406906
0.07738131 -3.014593 0.7406906
0.07738131 -3.014593 0.7406906
0.07738131 -3.014593 0.7406906
0.07738131 -3.014593 0.7406906
0.07738131 -3.014593 0.7406906
0.07738131 -3.014593 0.7406906
0.07738131 -3.014593 0.7406906
0.07738131 -3.014593 0.7406906
0.07738131 -3.014593 0.7406906
0.07738131 -3.014593 0.7406906
0.07738131 -3.014593 0.7406906
0.07738131 -3.014593 0.7406906
0.07738131 -3.014593 0.7406906
0.07738131 -3.014593 0.7406906
0.07738131 -3.014593 0.7406906
0.07738131 -3.014593 0.7406906
0.07738131 -3.014593 0.7406906
0.07738131 -3.014593 0.7406906
0.07738131 -3.014593 0.7406906
0.07738131 -3.014593 0.7406906
0.07738131 -3.014593 0.7406906
0.07738131 -3.014593 0.7406906
0.07738131 -3.014593 0.7406906
0.07738131 -3.014593 0.7406906
0.07738131 -3.014593 0.7406906
0.07738131 -3.014593 0.7406906
0.07738131 -3.014593 0.7406906
0.07738131 -3.014593 0.7406906
0.07738131 -3.014593 0.7406906
0.07738131 -3.014593 0.7406906
0.07738131 -3.014593 0.7406906
0.07738131 -3.014593 0.7406906
0.07738131 -3.014593 0.7406906
0.07738131 -3.014593 0.7406906
0.07738131 -3.014593 0.7406906
0.07651812 -3.049659 0.74758
0.07651812 -3.049659 0.74758
0.07651812 -3.049659 0.74758
0.07651812 -3.049659 0.74758
0.07651812 -3.049659 0.74758
0.07651812 -3.049659 0.74758
0.07651812 -3.049659 0.74758
0.07651812 -3.049659 0.74758
0.07651812 -3.049659 0.74758
0.07651812 -3.049659 0.74758
0.07651812 -3.049659 0.74758
0.07651812 -3.049659 0.74758
0.07651812 -3.049659 0.74758
0.07651812 -3.049659 0.74758
0.07651812 -3.049659 0.74758
0.07651812 -3.049659 0.74758
0.07651812 -3.049659 0.74758
0.07651812 -3.049659 0.74758
0.07651812 -3.049659 0.74758
0.07651812 -3.049659 0.74758
0.07651812 -3.049659 0.74758
0.07651812 -3.049659 0.74758
0.07651812 -3.049659 0.74758
0.07651812 -3.049659 0.74758
0.07651812 -3.049659 0.74758
0.07651812 -3.049659 0.74758
0.04765921 -2.607761 0.6961475
0.04765921 -2.607761 0.6961475
0.04765921 -2.607761 0.6961475
0.04765921 -2.607761 0.6961475
0.04765921 -2.607761 0.6961475
0.04765921 -2.607761 0.6961475
0.04765921 -2.607761 0.6961475
0.5149762 -2.467354 0.5166775
0.5149762 -2.467354 0.5166775
0.5149762 -2.467354 0.5166775
0.5149762 -2.467354 0.5166775
0.5149762 -2.467354 0.5166775
0.5149762 -2.467354 0.5166775
0.5149762 -2.467354 0.5166775
0.5149762 -2.467354 0.5166775
0.5149762 -2.467354 0.5166775
0.5149762 -2.467354 0.5166775
0.5149762 -2.467354 0.5166775
0.5149762 -2.467354 0.5166775
0.5149762 -2.467354 0.5166775
0.5149762 -2.467354 0.5166775
0.5149762 -2.467354 0.5166775
0.5149762 -2.467354 0.5166775
0.5149762 -2.467354 0.5166775
0.5149762 -2.467354 0.5166775
0.5149762 -2.467354 0.5166775
0.5149762 -2.467354 0.5166775
0.5149762 -2.467354 0.5166775
0.5149762 -2.467354 0.5166775
0.5149762 -2.467354 0.5166775
0.5149762 -2.467354 0.5166775
0.5149762 -2.467354 0.5166775
0.5149762 -2.467354 0.5166775
0.5149762 -2.467354 0.5166775
0.4992902 -2.502143 0.5180123
0.4992902 -2.502143 0.5180123
0.4992902 -2.502143 0.5180123
0.4992902 -2.502143 0.5180123
0.4992902 -2.502143 0.5180123
0.4992902 -2.502143 0.5180123
0.2793967 -2.600321 0.4475353
0.2793967 -2.600321 0.4475353
0.2793967 -2.600321 0.4475353
0.2793967 -2.600321 0.4475353
0.2793967 -2.600321 0.4475353
0.2793967 -2.600321 0.4475353
0.2793967 -2.600321 0.4475353
0.2793967 -2.600321 0.4475353
0.2793967 -2.600321 0.4475353
0.2793967 -2.600321 0.4475353
0.2793967 -2.600321 0.4475353
0.2793967 -2.600321 0.4475353
0.2793967 -2.600321 0.4475353
0.2793967 -2.600321 0.4475353
0.2793967 -2.600321 0.4475353
0.2793967 -2.600321 0.4475353
0.2793967 -2.600321 0.4475353
0.2793967 -2.600321 0.4475353
0.2793967 -2.600321 0.4475353
0.2793967 -2.600321 0.4475353
0.2793967 -2.600321 0.4475353
0.2793967 -2.600321 0.4475353
0.2793967 -2.600321 0.4475353
0.2793967 -2.600321 0.4475353
0.2793967 -2.600321 0.4475353
0.2793967 -2.600321 0.4475353
0.2793967 -2.600321 0.4475353
0.2793967 -2.600321 0.4475353
0.2793967 -2.600321 0.4475353
0.2793967 -2.600321 0.4475353
0.2793967 -2.600321 0.4475353
0.2793967 -2.600321 0.4475353
0.2793967 -2.600321 0.4475353
0.2793967 -2.600321 0.4475353
0.2793967 -2.600321 0.4475353
0.2793967 -2.600321 0.4475353
0.2793967 -2.600321 0.4475353
0.2793967 -2.600321 0.4475353
0.2793967 -2.600321 0.4475353
0.2793967 -2.600321 0.4475353
0.2793967 -2.600321 0.4475353
0.2793967 -2.600321 0.4475353
0.2793967 -2.600321 0.4475353
0.2793967 -2.600321 0.4475353
0.2793967 -2.600321 0.4475353
0.2793967 -2.600321 0.4475353
0.2793967 -2.600321 0.4475353
0.2793967 -2.600321 0.4475353
0.2793967 -2.600321 0.4475353
0.2793967 -2.600321 0.4475353
0.2793967 -2.600321 0.4475353
0.2793967 -2.600321 0.4475353
0.2793967 -2.600321 0.4475353
0.2793967 -2.600321 0.4475353
0.2787338 -2.634802 0.4727326
0.2787338 -2.634802 0.4727326
0.2787338 -2.634802 0.4727326
0.2787338 -2.634802 0.4727326
0.2787338 -2.634802 0.4727326
0.2787338 -2.634802 0.4727326
0.2787338 -2.634802 0.4727326
0.2787338 -2.634802 0.4727326
0.2787338 -2.634802 0.4727326
0.2787338 -2.634802 0.4727326
0.2787338 -2.634802 0.4727326
0.2787338 -2.634802 0.4727326
0.2787338 -2.634802 0.4727326
0.2787338 -2.634802 0.4727326
0.2787338 -2.634802 0.4727326
0.2787338 -2.634802 0.4727326
0.2787338 -2.634802 0.4727326
0.2787338 -2.634802 0.4727326
0.2787338 -2.634802 0.4727326
0.2787338 -2.634802 0.4727326
0.2787338 -2.634802 0.4727326
0.2787338 -2.634802 0.4727326
0.2787338 -2.634802 0.4727326
0.2787338 -2.634802 0.4727326
0.2787338 -2.634802 0.4727326
0.2787338 -2.634802 0.4727326
0.2787338 -2.634802 0.4727326
0.2787338 -2.634802 0.4727326
0.2787338 -2.634802 0.4727326
0.2787338 -2.634802 0.4727326
0.2787338 -2.634802 0.4727326
0.2787338 -2.634802 0.4727326
0.2787338 -2.634802 0.4727326
0.2787338 -2.634802 0.4727326
0.2787338 -2.634802 0.4727326
0.2787338 -2.634802 0.4727326
0.2787338 -2.634802 0.4727326
0.2787338 -2.634802 0.4727326
0.2787338 -2.634802 0.4727326
0.2787338 -2.634802 0.4727326
0.2787338 -2.634802 0.4727326
0.2787338 -2.634802 0.4727326
0.2787338 -2.634802 0.4727326
0.2787338 -2.634802 0.4727326
0.2787338 -2.634802 0.4727326
0.2787338 -2.634802 0.4727326
0.2787338 -2.634802 0.4727326
0.2787338 -2.634802 0.4727326
0.2787338 -2.634802 0.4727326
0.2787338 -2.634802 0.4727326
0.2787338 -2.634802 0.4727326
0.2787338 -2.634802 0.4727326
0.2787338 -2.634802 0.4727326
0.2787338 -2.634802 0.4727326
0.2787338 -2.634802 0.4727326
0.2787338 -2.634802 0.4727326
0.2787338 -2.634802 0.4727326
0.2787338 -2.634802 0.4727326
0.2787338 -2.634802 0.4727326
0.2787338 -2.634802 0.4727326
0.2844704 -2.666654 0.504888
0.2844704 -2.666654 0.504888
0.2844704 -2.666654 0.504888
0.2844704 -2.666654 0.504888
0.2844704 -2.666654 0.504888
0.2844704 -2.666654 0.504888
0.2844704 -2.666654 0.504888
0.2844704 -2.666654 0.504888
0.2844704 -2.666654 0.504888
0.2844704 -2.666654 0.504888
0.2844704 -2.666654 0.504888
0.2844704 -2.666654 0.504888
0.2844704 -2.666654 0.504888
0.2844704 -2.666654 0.504888
0.2844704 -2.666654 0.504888
0.2844704 -2.666654 0.504888
0.2844704 -2.666654 0.504888
0.2844704 -2.666654 0.504888
0.2844704 -2.666654 0.504888
0.2844704 -2.666654 0.504888
0.2844704 -2.666654 0.504888
0.2844704 -2.666654 0.504888
0.2844704 -2.666654 0.504888
0.2844704 -2.666654 0.504888
0.2844704 -2.666654 0.504888
0.2844704 -2.666654 0.504888
0.2844704 -2.666654 0.504888
0.2844704 -2.666654 0.504888
0.2844704 -2.666654 0.504888
0.2844704 -2.666654 0.504888
0.2844704 -2.666654 0.504888
0.2844704 -2.666654 0.504888
0.2844704 -2.666654 0.504888
0.2844704 -2.666654 0.504888
0.2844704 -2.666654 0.504888
0.2844704 -2.666654 0.504888
0.2844704 -2.666654 0.504888
0.2844704 -2.666654 0.504888
0.2844704 -2.666654 0.504888
0.2844704 -2.666654 0.504888
0.2844704 -2.666654 0.504888
0.2844704 -2.666654 0.504888
0.2844704 -2.666654 0.504888
0.2844704 -2.666654 0.504888
0.2844704 -2.666654 0.504888
0.2844704 -2.666654 0.504888
0.2844704 -2.666654 0.504888
0.2844704 -2.666654 0.504888
0.2844704 -2.666654 0.504888
0.2844704 -2.666654 0.504888
0.2844704 -2.666654 0.504888
0.2844704 -2.666654 0.504888
0.2844704 -2.666654 0.504888
0.2844704 -2.666654 0.504888
0.2844704 -2.666654 0.504888
0.2844704 -2.666654 0.504888
0.2844704 -2.666654 0.504888
0.2844704 -2.666654 0.504888
0.2844704 -2.666654 0.504888
0.2844704 -2.666654 0.504888
0.2895978 -2.697463 0.5377007
0.2895978 -2.697463 0.5377007
0.2895978 -2.697463 0.5377007
0.2895978 -2.697463 0.5377007
0.2895978 -2.697463 0.5377007
0.2895978 -2.697463 0.5377007
0.2895978 -2.697463 0.5377007
0.2895978 -2.697463 0.5377007
0.2895978 -2.697463 0.5377007
0.2895978 -2.697463 0.5377007
0.2895978 -2.697463 0.5377007
0.2895978 -2.697463 0.5377007
0.2895978 -2.697463 0.5377007
0.2895978 -2.697463 0.5377007
0.2895978 -2.697463 0.5377007
0.2895978 -2.697463 0.5377007
0.2895978 -2.697463 0.5377007
0.2895978 -2.697463 0.5377007
0.2895978 -2.697463 0.5377007
0.2895978 -2.697463 0.5377007
0.2895978 -2.697463 0.5377007
0.2895978 -2.697463 0.5377007
0.2895978 -2.697463 0.5377007
0.2895978 -2.697463 0.5377007
0.2895978 -2.697463 0.5377007
0.2895978 -2.697463 0.5377007
0.2895978 -2.697463 0.5377007
0.2895978 -2.697463 0.5377007
0.2895978 -2.697463 0.5377007
0.2895978 -2.697463 0.5377007
0.2895978 -2.697463 0.5377007
0.2895978 -2.697463 0.5377007
0.2895978 -2.697463 0.5377007
0.2895978 -2.697463 0.5377007
0.2895978 -2.697463 0.5377007
0.2895978 -2.697463 0.5377007
0.2895978 -2.697463 0.5377007
0.2895978 -2.697463 0.5377007
0.2895978 -2.697463 0.5377007
0.2895978 -2.697463 0.5377007
0.2895978 -2.697463 0.5377007
0.2895978 -2.697463 0.5377007
0.2895978 -2.697463 0.5377007
0.2895978 -2.697463 0.5377007
0.2895978 -2.697463 0.5377007
0.2895978 -2.697463 0.5377007
0.2895978 -2.697463 0.5377007
0.2895978 -2.697463 0.5377007
0.2895978 -2.697463 0.5377007
0.2895978 -2.697463 0.5377007
0.2895978 -2.697463 0.5377007
0.2895978 -2.697463 0.5377007
0.2895978 -2.697463 0.5377007
0.2895978 -2.697463 0.5377007
0.2895978 -2.697463 0.5377007
0.2895978 -2.697463 0.5377007
0.2895978 -2.697463 0.5377007
0.2895978 -2.697463 0.5377007
0.2895978 -2.697463 0.5377007
0.2895978 -2.697463 0.5377007
0.2940997 -2.725236 0.5708362
0.2940997 -2.725236 0.5708362
0.2940997 -2.725236 0.5708362
0.2940997 -2.725236 0.5708362
0.2940997 -2.725236 0.5708362
0.2940997 -2.725236 0.5708362
0.2940997 -2.725236 0.5708362
0.2940997 -2.725236 0.5708362
0.2940997 -2.725236 0.5708362
0.2940997 -2.725236 0.5708362
0.2940997 -2.725236 0.5708362
0.2940997 -2.725236 0.5708362
0.2940997 -2.725236 0.5708362
0.2940997 -2.725236 0.5708362
0.2940997 -2.725236 0.5708362
0.2940997 -2.725236 0.5708362
0.2940997 -2.725236 0.5708362
0.2940997 -2.725236 0.5708362
0.2940997 -2.725236 0.5708362
0.2940997 -2.725236 0.5708362
0.2940997 -2.725236 0.5708362
0.2940997 -2.725236 0.5708362
0.2940997 -2.725236 0.5708362
0.2940997 -2.725236 0.5708362
0.2940997 -2.725236 0.5708362
0.2940997 -2.725236 0.5708362
0.2940997 -2.725236 0.5708362
0.2940997 -2.725236 0.5708362
0.2940997 -2.725236 0.5708362
0.2940997 -2.725236 0.5708362
0.2940997 -2.725236 0.5708362
0.2940997 -2.725236 0.5708362
0.2940997 -2.725236 0.5708362
0.2940997 -2.725236 0.5708362
0.2940997 -2.725236 0.5708362
0.2940997 -2.725236 0.5708362
0.2940997 -2.725236 0.5708362
0.2940997 -2.725236 0.5708362
0.2940997 -2.725236 0.5708362
0.2940997 -2.725236 0.5708362
0.2940997 -2.725236 0.5708362
0.2940997 -2.725236 0.5708362
0.2940997 -2.725236 0.5708362
0.2940997 -2.725236 0.5708362
0.2940997 -2.725236 0.5708362
0.2940997 -2.725236 0.5708362
0.2940997 -2.725236 0.5708362
0.2940997 -2.725236 0.5708362
0.2940997 -2.725236 0.5708362
0.2940997 -2.725236 0.5708362
0.2940997 -2.725236 0.5708362
0.2940997 -2.725236 0.5708362
0.2940997 -2.725236 0.5708362
0.2940997 -2.725236 0.5708362
0.2940997 -2.725236 0.5708362
0.2940997 -2.725236 0.5708362
0.2940997 -2.725236 0.5708362
0.2940997 -2.725236 0.5708362
0.2940997 -2.725236 0.5708362
0.2940997 -2.725236 0.5708362
0.2764819 -2.819857 0.5925488
0.2764819 -2.819857 0.5925488
0.2764819 -2.819857 0.5925488
0.2764819 -2.819857 0.5925488
0.2764819 -2.819857 0.5925488
0.2764819 -2.819857 0.5925488
0.2764819 -2.819857 0.5925488
0.2764819 -2.819857 0.5925488
0.2764819 -2.819857 0.5925488
0.2764819 -2.819857 0.5925488
0.2764819 -2.819857 0.5925488
0.2764819 -2.819857 0.5925488
0.2764819 -2.819857 0.5925488
0.2764819 -2.819857 0.5925488
0.2764819 -2.819857 0.5925488
0.2764819 -2.819857 0.5925488
0.2764819 -2.819857 0.5925488
0.2764819 -2.819857 0.5925488
0.2764819 -2.819857 0.5925488
0.2764819 -2.819857 0.5925488
0.2764819 -2.819857 0.5925488
0.2764819 -2.819857 0.5925488
0.2764819 -2.819857 0.5925488
0.2764819 -2.819857 0.5925488
0.2764819 -2.819857 0.5925488
0.2764819 -2.819857 0.5925488
0.2764819 -2.819857 0.5925488
0.2764819 -2.819857 0.5925488
0.2764819 -2.819857 0.5925488
0.2764819 -2.819857 0.5925488
0.2764819 -2.819857 0.5925488
0.2764819 -2.819857 0.5925488
0.2764819 -2.819857 0.5925488
0.2764819 -2.819857 0.5925488
0.2764819 -2.819857 0.5925488
0.2764819 -2.819857 0.5925488
0.2764819 -2.819857 0.5925488
0.2764819 -2.819857 0.5925488
0.2764819 -2.819857 0.5925488
0.2764819 -2.819857 0.5925488
0.2764819 -2.819857 0.5925488
0.2764819 -2.819857 0.5925488
0.2764819 -2.819857 0.5925488
0.2764819 -2.819857 0.5925488
0.2764819 -2.819857 0.5925488
0.2764819 -2.819857 0.5925488
0.2764819 -2.819857 0.5925488
0.2764819 -2.819857 0.5925488
0.2764819 -2.819857 0.5925488
0.2764819 -2.819857 0.5925488
0.2764819 -2.819857 0.5925488
0.2764819 -2.819857 0.5925488
0.2764819 -2.819857 0.5925488
0.2764819 -2.819857 0.5925488
0.2764819 -2.819857 0.5925488
0.2764819 -2.819857 0.5925488
0.2764819 -2.819857 0.5925488
0.2764819 -2.819857 0.5925488
0.2764819 -2.819857 0.5925488
0.2764819 -2.819857 0.5925488
0.281622 -2.845292 0.6164223
0.281622 -2.845292 0.6164223
0.281622 -2.845292 0.6164223
0.281622 -2.845292 0.6164223
0.281622 -2.845292 0.6164223
0.281622 -2.845292 0.6164223
0.281622 -2.845292 0.6164223
0.281622 -2.845292 0.6164223
0.281622 -2.845292 0.6164223
0.281622 -2.845292 0.6164223
0.281622 -2.845292 0.6164223
0.281622 -2.845292 0.6164223
0.281622 -2.845292 0.6164223
0.281622 -2.845292 0.6164223
0.281622 -2.845292 0.6164223
0.281622 -2.845292 0.6164223
0.281622 -2.845292 0.6164223
0.281622 -2.845292 0.6164223
0.281622 -2.845292 0.6164223
0.281622 -2.845292 0.6164223
0.281622 -2.845292 0.6164223
0.281622 -2.845292 0.6164223
0.281622 -2.845292 0.6164223
0.281622 -2.845292 0.6164223
0.281622 -2.845292 0.6164223
0.281622 -2.845292 0.6164223
0.281622 -2.845292 0.6164223
0.281622 -2.845292 0.6164223
0.281622 -2.845292 0.6164223
0.281622 -2.845292 0.6164223
0.281622 -2.845292 0.6164223
0.281622 -2.845292 0.6164223
0.281622 -2.845292 0.6164223
0.281622 -2.845292 0.6164223
0.281622 -2.845292 0.6164223
0.281622 -2.845292 0.6164223
0.281622 -2.845292 0.6164223
0.281622 -2.845292 0.6164223
0.281622 -2.845292 0.6164223
0.281622 -2.845292 0.6164223
0.281622 -2.845292 0.6164223
0.281622 -2.845292 0.6164223
0.281622 -2.845292 0.6164223
0.281622 -2.845292 0.6164223
0.281622 -2.845292 0.6164223
0.281622 -2.845292 0.6164223
0.281622 -2.845292 0.6164223
0.281622 -2.845292 0.6164223
0.281622 -2.845292 0.6164223
0.281622 -2.845292 0.6164223
0.281622 -2.845292 0.6164223
0.281622 -2.845292 0.6164223
0.281622 -2.845292 0.6164223
0.281622 -2.845292 0.6164223
0.281622 -2.845292 0.6164223
0.281622 -2.845292 0.6164223
0.281622 -2.845292 0.6164223
0.281622 -2.845292 0.6164223
0.281622 -2.845292 0.6164223
0.281622 -2.845292 0.6164223
0.2947332 -2.813202 0.6348408
0.2947332 -2.813202 0.6348408
0.2947332 -2.813202 0.6348408
0.2947332 -2.813202 0.6348408
0.2947332 -2.813202 0.6348408
0.2947332 -2.813202 0.6348408
0.2947332 -2.813202 0.6348408
0.2947332 -2.813202 0.6348408
0.2947332 -2.813202 0.6348408
0.2947332 -2.813202 0.6348408
0.2947332 -2.813202 0.6348408
0.2947332 -2.813202 0.6348408
0.2947332 -2.813202 0.6348408
0.2947332 -2.813202 0.6348408
0.2947332 -2.813202 0.6348408
0.2947332 -2.813202 0.6348408
0.2947332 -2.813202 0.6348408
0.2947332 -2.813202 0.6348408
0.2947332 -2.813202 0.6348408
0.2947332 -2.813202 0.6348408
0.2947332 -2.813202 0.6348408
0.2947332 -2.813202 0.6348408
0.2947332 -2.813202 0.6348408
0.2947332 -2.813202 0.6348408
0.2947332 -2.813202 0.6348408
0.2947332 -2.813202 0.6348408
0.2947332 -2.813202 0.6348408
0.2947332 -2.813202 0.6348408
0.2947332 -2.813202 0.6348408
0.2947332 -2.813202 0.6348408
0.2947332 -2.813202 0.6348408
0.2947332 -2.813202 0.6348408
0.2947332 -2.813202 0.6348408
0.2947332 -2.813202 0.6348408
0.2947332 -2.813202 0.6348408
0.2947332 -2.813202 0.6348408
0.2947332 -2.813202 0.6348408
0.2947332 -2.813202 0.6348408
0.2947332 -2.813202 0.6348408
0.2947332 -2.813202 0.6348408
0.2947332 -2.813202 0.6348408
0.2947332 -2.813202 0.6348408
0.2947332 -2.813202 0.6348408
0.2947332 -2.813202 0.6348408
0.2947332 -2.813202 0.6348408
0.2947332 -2.813202 0.6348408
0.2947332 -2.813202 0.6348408
0.2947332 -2.813202 0.6348408
0.2947332 -2.813202 0.6348408
0.2947332 -2.813202 0.6348408
0.2947332 -2.813202 0.6348408
0.2947332 -2.813202 0.6348408
0.2947332 -2.813202 0.6348408
0.2947332 -2.813202 0.6348408
0.2947332 -2.813202 0.6348408
0.2947332 -2.813202 0.6348408
0.2947332 -2.813202 0.6348408
0.2947332 -2.813202 0.6348408
0.2947332 -2.813202 0.6348408
0.2947332 -2.813202 0.6348408
0.3087927 -2.632766 0.6138712
0.3087927 -2.632766 0.6138712
0.3087927 -2.632766 0.6138712
0.3087927 -2.632766 0.6138712
0.3087927 -2.632766 0.6138712
0.3087927 -2.632766 0.6138712
0.3087927 -2.632766 0.6138712
0.3087927 -2.632766 0.6138712
0.3087927 -2.632766 0.6138712
0.3087927 -2.632766 0.6138712
0.3087927 -2.632766 0.6138712
0.3087927 -2.632766 0.6138712
0.3087927 -2.632766 0.6138712
0.3087927 -2.632766 0.6138712
0.3087927 -2.632766 0.6138712
0.3087927 -2.632766 0.6138712
0.3087927 -2.632766 0.6138712
0.3087927 -2.632766 0.6138712
0.3087927 -2.632766 0.6138712
0.3087927 -2.632766 0.6138712
0.3087927 -2.632766 0.6138712
0.3087927 -2.632766 0.6138712
0.3087927 -2.632766 0.6138712
0.3087927 -2.632766 0.6138712
0.3087927 -2.632766 0.6138712
0.3087927 -2.632766 0.6138712
0.3087927 -2.632766 0.6138712
0.3087927 -2.632766 0.6138712
0.3087927 -2.632766 0.6138712
0.3087927 -2.632766 0.6138712
0.3087927 -2.632766 0.6138712
0.3087927 -2.632766 0.6138712
0.3087927 -2.632766 0.6138712
0.3087927 -2.632766 0.6138712
0.3087927 -2.632766 0.6138712
0.3087927 -2.632766 0.6138712
0.3087927 -2.632766 0.6138712
0.3087927 -2.632766 0.6138712
0.3087927 -2.632766 0.6138712
0.3087927 -2.632766 0.6138712
0.3087927 -2.632766 0.6138712
0.3087927 -2.632766 0.6138712
0.3087927 -2.632766 0.6138712
0.3087927 -2.632766 0.6138712
0.3087927 -2.632766 0.6138712
0.3087927 -2.632766 0.6138712
0.3087927 -2.632766 0.6138712
0.3087927 -2.632766 0.6138712
0.3087927 -2.632766 0.6138712
0.3087927 -2.632766 0.6138712
0.3087927 -2.632766 0.6138712
0.3087927 -2.632766 0.6138712
0.3087927 -2.632766 0.6138712
0.3087927 -2.632766 0.6138712
0.3087927 -2.632766 0.6138712
0.3087927 -2.632766 0.6138712
0.3087927 -2.632766 0.6138712
0.3087927 -2.632766 0.6138712
0.3087927 -2.632766 0.6138712
0.3087927 -2.632766 0.6138712
0.3234481 -2.548744 0.6019575
0.3234481 -2.548744 0.6019575
0.3234481 -2.548744 0.6019575
0.3234481 -2.548744 0.6019575
0.3234481 -2.548744 0.6019575
0.3234481 -2.548744 0.6019575
0.3234481 -2.548744 0.6019575
0.3234481 -2.548744 0.6019575
0.3234481 -2.548744 0.6019575
0.3234481 -2.548744 0.6019575
0.3234481 -2.548744 0.6019575
0.3234481 -2.548744 0.6019575
0.3234481 -2.548744 0.6019575
0.3234481 -2.548744 0.6019575
0.3234481 -2.548744 0.6019575
0.3234481 -2.548744 0.6019575
0.3234481 -2.548744 0.6019575
0.3234481 -2.548744 0.6019575
0.3234481 -2.548744 0.6019575
0.3234481 -2.548744 0.6019575
0.3234481 -2.548744 0.6019575
0.3234481 -2.548744 0.6019575
0.3234481 -2.548744 0.6019575
0.3234481 -2.548744 0.6019575
0.3234481 -2.548744 0.6019575
0.3234481 -2.548744 0.6019575
0.3234481 -2.548744 0.6019575
0.3234481 -2.548744 0.6019575
0.3234481 -2.548744 0.6019575
0.3234481 -2.548744 0.6019575
0.3234481 -2.548744 0.6019575
0.3234481 -2.548744 0.6019575
0.3234481 -2.548744 0.6019575
0.3234481 -2.548744 0.6019575
0.3234481 -2.548744 0.6019575
0.3234481 -2.548744 0.6019575
0.3234481 -2.548744 0.6019575
0.3234481 -2.548744 0.6019575
0.3234481 -2.548744 0.6019575
0.3234481 -2.548744 0.6019575
0.3234481 -2.548744 0.6019575
0.3234481 -2.548744 0.6019575
0.3234481 -2.548744 0.6019575
0.3234481 -2.548744 0.6019575
0.3234481 -2.548744 0.6019575
0.3234481 -2.548744 0.6019575
0.3234481 -2.548744 0.6019575
0.3234481 -2.548744 0.6019575
0.3234481 -2.548744 0.6019575
0.3234481 -2.548744 0.6019575
0.3234481 -2.548744 0.6019575
0.3234481 -2.548744 0.6019575
0.3234481 -2.548744 0.6019575
0.3234481 -2.548744 0.6019575
0.3234481 -2.548744 0.6019575
0.3234481 -2.548744 0.6019575
0.3234481 -2.548744 0.6019575
0.3234481 -2.548744 0.6019575
0.3234481 -2.548744 0.6019575
0.3234481 -2.548744 0.6019575
0.3426772 -2.538246 0.6090598
0.3426772 -2.538246 0.6090598
0.3426772 -2.538246 0.6090598
0.3426772 -2.538246 0.6090598
0.3426772 -2.538246 0.6090598
0.3426772 -2.538246 0.6090598
0.3426772 -2.538246 0.6090598
0.3426772 -2.538246 0.6090598
0.3426772 -2.538246 0.6090598
0.3426772 -2.538246 0.6090598
0.3426772 -2.538246 0.6090598
0.3426772 -2.538246 0.6090598
0.3426772 -2.538246 0.6090598
0.3426772 -2.538246 0.6090598
0.3426772 -2.538246 0.6090598
0.3426772 -2.538246 0.6090598
0.3426772 -2.538246 0.6090598
0.3426772 -2.538246 0.6090598
0.3426772 -2.538246 0.6090598
0.3426772 -2.538246 0.6090598
0.3426772 -2.538246 0.6090598
0.3426772 -2.538246 0.6090598
0.3426772 -2.538246 0.6090598
0.3426772 -2.538246 0.6090598
0.3426772 -2.538246 0.6090598
0.3426772 -2.538246 0.6090598
0.3426772 -2.538246 0.6090598
0.3426772 -2.538246 0.6090598
0.3426772 -2.538246 0.6090598
0.3426772 -2.538246 0.6090598
0.3426772 -2.538246 0.6090598
0.3426772 -2.538246 0.6090598
0.3426772 -2.538246 0.6090598
0.3426772 -2.538246 0.6090598
0.3426772 -2.538246 0.6090598
0.3426772 -2.538246 0.6090598
0.3426772 -2.538246 0.6090598
0.3426772 -2.538246 0.6090598
0.3426772 -2.538246 0.6090598
0.3426772 -2.538246 0.6090598
0.3426772 -2.538246 0.6090598
0.3426772 -2.538246 0.6090598
0.3426772 -2.538246 0.6090598
0.3426772 -2.538246 0.6090598
0.3426772 -2.538246 0.6090598
0.3426772 -2.538246 0.6090598
0.3426772 -2.538246 0.6090598
0.3426772 -2.538246 0.6090598
0.3426772 -2.538246 0.6090598
0.3426772 -2.538246 0.6090598
0.3426772 -2.538246 0.6090598
0.3426772 -2.538246 0.6090598
0.3426772 -2.538246 0.6090598
0.3426772 -2.538246 0.6090598
0.3426772 -2.538246 0.6090598
0.3426772 -2.538246 0.6090598
0.3426772 -2.538246 0.6090598
0.3426772 -2.538246 0.6090598
0.3426772 -2.538246 0.6090598
0.3426772 -2.538246 0.6090598
0.3610355 -2.529996 0.6151886
0.3610355 -2.529996 0.6151886
0.3610355 -2.529996 0.6151886
0.3610355 -2.529996 0.6151886
0.3610355 -2.529996 0.6151886
0.3610355 -2.529996 0.6151886
0.3610355 -2.529996 0.6151886
0.3610355 -2.529996 0.6151886
0.3610355 -2.529996 0.6151886
0.3610355 -2.529996 0.6151886
0.3610355 -2.529996 0.6151886
0.3610355 -2.529996 0.6151886
0.3610355 -2.529996 0.6151886
0.3610355 -2.529996 0.6151886
0.3610355 -2.529996 0.6151886
0.3610355 -2.529996 0.6151886
0.3610355 -2.529996 0.6151886
0.3610355 -2.529996 0.6151886
0.3610355 -2.529996 0.6151886
0.3610355 -2.529996 0.6151886
0.3610355 -2.529996 0.6151886
0.3610355 -2.529996 0.6151886
0.3610355 -2.529996 0.6151886
0.3610355 -2.529996 0.6151886
0.3610355 -2.529996 0.6151886
0.3610355 -2.529996 0.6151886
0.3610355 -2.529996 0.6151886
0.3610355 -2.529996 0.6151886
0.3610355 -2.529996 0.6151886
0.3610355 -2.529996 0.6151886
0.3610355 -2.529996 0.6151886
0.3610355 -2.529996 0.6151886
0.3610355 -2.529996 0.6151886
0.3610355 -2.529996 0.6151886
0.3610355 -2.529996 0.6151886
0.3610355 -2.529996 0.6151886
0.3610355 -2.529996 0.6151886
0.3610355 -2.529996 0.6151886
0.3610355 -2.529996 0.6151886
0.3610355 -2.529996 0.6151886
0.3610355 -2.529996 0.6151886
0.3610355 -2.529996 0.6151886
0.3610355 -2.529996 0.6151886
0.3610355 -2.529996 0.6151886
0.3610355 -2.529996 0.6151886
0.3610355 -2.529996 0.6151886
0.3610355 -2.529996 0.6151886
0.3610355 -2.529996 0.6151886
0.3610355 -2.529996 0.6151886
0.3610355 -2.529996 0.6151886
0.3610355 -2.529996 0.6151886
0.3610355 -2.529996 0.6151886
0.3610355 -2.529996 0.6151886
0.3610355 -2.529996 0.6151886
0.3610355 -2.529996 0.6151886
0.3610355 -2.529996 0.6151886
0.3610355 -2.529996 0.6151886
0.3610355 -2.529996 0.6151886
0.3610355 -2.529996 0.6151886
0.3610355 -2.529996 0.6151886
0.3783989 -2.523495 0.6204091
0.3783989 -2.523495 0.6204091
0.3783989 -2.523495 0.6204091
0.3783989 -2.523495 0.6204091
0.3783989 -2.523495 0.6204091
0.3783989 -2.523495 0.6204091
0.3783989 -2.523495 0.6204091
0.3783989 -2.523495 0.6204091
0.3783989 -2.523495 0.6204091
0.3783989 -2.523495 0.6204091
0.3783989 -2.523495 0.6204091
0.3783989 -2.523495 0.6204091
0.3783989 -2.523495 0.6204091
0.3783989 -2.523495 0.6204091
0.3783989 -2.523495 0.6204091
0.3783989 -2.523495 0.6204091
0.3783989 -2.523495 0.6204091
0.3783989 -2.523495 0.6204091
0.3783989 -2.523495 0.6204091
0.3783989 -2.523495 0.6204091
0.3783989 -2.523495 0.6204091
0.3783989 -2.523495 0.6204091
0.3783989 -2.523495 0.6204091
0.3783989 -2.523495 0.6204091
0.3783989 -2.523495 0.6204091
0.3783989 -2.523495 0.6204091
0.3783989 -2.523495 0.6204091
0.3783989 -2.523495 0.6204091
0.3783989 -2.523495 0.6204091
0.3783989 -2.523495 0.6204091
0.3783989 -2.523495 0.6204091
0.3783989 -2.523495 0.6204091
0.3783989 -2.523495 0.6204091
0.3783989 -2.523495 0.6204091
0.3783989 -2.523495 0.6204091
0.3783989 -2.523495 0.6204091
0.3783989 -2.523495 0.6204091
0.3783989 -2.523495 0.6204091
0.3783989 -2.523495 0.6204091
0.3783989 -2.523495 0.6204091
0.3783989 -2.523495 0.6204091
0.3783989 -2.523495 0.6204091
0.3783989 -2.523495 0.6204091
0.3783989 -2.523495 0.6204091
0.3783989 -2.523495 0.6204091
0.3783989 -2.523495 0.6204091
0.3783989 -2.523495 0.6204091
0.3783989 -2.523495 0.6204091
0.3783989 -2.523495 0.6204091
0.3783989 -2.523495 0.6204091
0.3783989 -2.523495 0.6204091
0.3783989 -2.523495 0.6204091
0.3783989 -2.523495 0.6204091
0.3783989 -2.523495 0.6204091
0.3783989 -2.523495 0.6204091
0.3783989 -2.523495 0.6204091
0.3783989 -2.523495 0.6204091
0.3783989 -2.523495 0.6204091
0.3783989 -2.523495 0.6204091
0.3783989 -2.523495 0.6204091
0.3850689 -2.545645 0.6377127
0.3850689 -2.545645 0.6377127
0.3850689 -2.545645 0.6377127
0.3850689 -2.545645 0.6377127
0.3850689 -2.545645 0.6377127
0.3850689 -2.545645 0.6377127
0.3850689 -2.545645 0.6377127
0.3850689 -2.545645 0.6377127
0.3850689 -2.545645 0.6377127
0.3850689 -2.545645 0.6377127
0.3850689 -2.545645 0.6377127
0.3850689 -2.545645 0.6377127
0.3850689 -2.545645 0.6377127
0.3850689 -2.545645 0.6377127
0.3850689 -2.545645 0.6377127
0.3850689 -2.545645 0.6377127
0.3850689 -2.545645 0.6377127
0.3850689 -2.545645 0.6377127
0.3850689 -2.545645 0.6377127
0.3850689 -2.545645 0.6377127
0.3850689 -2.545645 0.6377127
0.3850689 -2.545645 0.6377127
0.3850689 -2.545645 0.6377127
0.3850689 -2.545645 0.6377127
0.3850689 -2.545645 0.6377127
0.3850689 -2.545645 0.6377127
0.3850689 -2.545645 0.6377127
0.3850689 -2.545645 0.6377127
0.3850689 -2.545645 0.6377127
0.3850689 -2.545645 0.6377127
0.3850689 -2.545645 0.6377127
0.3850689 -2.545645 0.6377127
0.3850689 -2.545645 0.6377127
0.3850689 -2.545645 0.6377127
0.3850689 -2.545645 0.6377127
0.3850689 -2.545645 0.6377127
0.3850689 -2.545645 0.6377127
0.3850689 -2.545645 0.6377127
0.3850689 -2.545645 0.6377127
0.3850689 -2.545645 0.6377127
0.3850689 -2.545645 0.6377127
0.3850689 -2.545645 0.6377127
0.3850689 -2.545645 0.6377127
0.3850689 -2.545645 0.6377127
0.3850689 -2.545645 0.6377127
0.3850689 -2.545645 0.6377127
0.3850689 -2.545645 0.6377127
0.3850689 -2.545645 0.6377127
0.3850689 -2.545645 0.6377127
0.3850689 -2.545645 0.6377127
0.3850689 -2.545645 0.6377127
0.3850689 -2.545645 0.6377127
0.3850689 -2.545645 0.6377127
0.3850689 -2.545645 0.6377127
0.3850689 -2.545645 0.6377127
0.3850689 -2.545645 0.6377127
0.3850689 -2.545645 0.6377127
0.3850689 -2.545645 0.6377127
0.3850689 -2.545645 0.6377127
0.3850689 -2.545645 0.6377127
0.371881 -2.629526 0.6837019
0.371881 -2.629526 0.6837019
0.371881 -2.629526 0.6837019
0.371881 -2.629526 0.6837019
0.371881 -2.629526 0.6837019
0.371881 -2.629526 0.6837019
0.371881 -2.629526 0.6837019
0.371881 -2.629526 0.6837019
0.371881 -2.629526 0.6837019
0.371881 -2.629526 0.6837019
0.371881 -2.629526 0.6837019
0.371881 -2.629526 0.6837019
0.371881 -2.629526 0.6837019
0.371881 -2.629526 0.6837019
0.371881 -2.629526 0.6837019
0.371881 -2.629526 0.6837019
0.371881 -2.629526 0.6837019
0.371881 -2.629526 0.6837019
0.371881 -2.629526 0.6837019
0.371881 -2.629526 0.6837019
0.371881 -2.629526 0.6837019
0.371881 -2.629526 0.6837019
0.371881 -2.629526 0.6837019
0.371881 -2.629526 0.6837019
0.371881 -2.629526 0.6837019
0.371881 -2.629526 0.6837019
0.371881 -2.629526 0.6837019
0.371881 -2.629526 0.6837019
0.371881 -2.629526 0.6837019
0.371881 -2.629526 0.6837019
0.371881 -2.629526 0.6837019
0.371881 -2.629526 0.6837019
0.371881 -2.629526 0.6837019
0.371881 -2.629526 0.6837019
0.371881 -2.629526 0.6837019
0.371881 -2.629526 0.6837019
0.371881 -2.629526 0.6837019
0.371881 -2.629526 0.6837019
0.371881 -2.629526 0.6837019
0.371881 -2.629526 0.6837019
0.371881 -2.629526 0.6837019
0.371881 -2.629526 0.6837019
0.371881 -2.629526 0.6837019
0.371881 -2.629526 0.6837019
0.371881 -2.629526 0.6837019
0.371881 -2.629526 0.6837019
0.371881 -2.629526 0.6837019
0.371881 -2.629526 0.6837019
0.371881 -2.629526 0.6837019
0.371881 -2.629526 0.6837019
0.371881 -2.629526 0.6837019
0.371881 -2.629526 0.6837019
0.371881 -2.629526 0.6837019
0.371881 -2.629526 0.6837019
0.371881 -2.629526 0.6837019
0.371881 -2.629526 0.6837019
0.371881 -2.629526 0.6837019
0.371881 -2.629526 0.6837019
0.371881 -2.629526 0.6837019
0.371881 -2.629526 0.6837019
0.360394 -2.70737 0.728881
0.360394 -2.70737 0.728881
0.360394 -2.70737 0.728881
0.360394 -2.70737 0.728881
0.360394 -2.70737 0.728881
0.360394 -2.70737 0.728881
0.360394 -2.70737 0.728881
0.360394 -2.70737 0.728881
0.360394 -2.70737 0.728881
0.360394 -2.70737 0.728881
0.360394 -2.70737 0.728881
0.360394 -2.70737 0.728881
0.360394 -2.70737 0.728881
0.360394 -2.70737 0.728881
0.360394 -2.70737 0.728881
0.360394 -2.70737 0.728881
0.360394 -2.70737 0.728881
0.360394 -2.70737 0.728881
0.360394 -2.70737 0.728881
0.360394 -2.70737 0.728881
0.360394 -2.70737 0.728881
0.360394 -2.70737 0.728881
0.360394 -2.70737 0.728881
0.360394 -2.70737 0.728881
0.360394 -2.70737 0.728881
0.360394 -2.70737 0.728881
0.360394 -2.70737 0.728881
0.360394 -2.70737 0.728881
0.360394 -2.70737 0.728881
0.360394 -2.70737 0.728881
0.360394 -2.70737 0.728881
0.360394 -2.70737 0.728881
0.360394 -2.70737 0.728881
0.360394 -2.70737 0.728881
0.360394 -2.70737 0.728881
0.360394 -2.70737 0.728881
0.360394 -2.70737 0.728881
0.360394 -2.70737 0.728881
0.360394 -2.70737 0.728881
0.360394 -2.70737 0.728881
0.360394 -2.70737 0.728881
0.360394 -2.70737 0.728881
0.360394 -2.70737 0.728881
0.360394 -2.70737 0.728881
0.360394 -2.70737 0.728881
0.360394 -2.70737 0.728881
0.360394 -2.70737 0.728881
0.360394 -2.70737 0.728881
0.360394 -2.70737 0.728881
0.360394 -2.70737 0.728881
0.360394 -2.70737 0.728881
0.360394 -2.70737 0.728881
0.360394 -2.70737 0.728881
0.360394 -2.70737 0.728881
0.360394 -2.70737 0.728881
0.360394 -2.70737 0.728881
0.360394 -2.70737 0.728881
0.360394 -2.70737 0.728881
0.360394 -2.70737 0.728881
0.360394 -2.70737 0.728881
0.3609852 -2.636193 0.7164597
0.3609852 -2.636193 0.7164597
0.3609852 -2.636193 0.7164597
0.4192816 -2.497247 0.5623659
0.4192816 -2.497247 0.5623659
0.4192816 -2.497247 0.5623659
0.4192816 -2.497247 0.5623659
0.4192816 -2.497247 0.5623659
0.4192816 -2.497247 0.5623659
0.4192816 -2.497247 0.5623659
0.4192816 -2.497247 0.5623659
0.4192816 -2.497247 0.5623659
0.4192816 -2.497247 0.5623659
0.4192816 -2.497247 0.5623659
0.4192816 -2.497247 0.5623659
0.4192816 -2.497247 0.5623659
0.4192816 -2.497247 0.5623659
0.4192816 -2.497247 0.5623659
0.4192816 -2.497247 0.5623659
0.4192816 -2.497247 0.5623659
0.4192816 -2.497247 0.5623659
0.4192816 -2.497247 0.5623659
0.4192816 -2.497247 0.5623659
0.4192816 -2.497247 0.5623659
0.4192816 -2.497247 0.5623659
0.4192816 -2.497247 0.5623659
0.4192816 -2.497247 0.5623659
0.4192816 -2.497247 0.5623659
0.4192816 -2.497247 0.5623659
0.4192816 -2.497247 0.5623659
0.4192816 -2.497247 0.5623659
0.4192816 -2.497247 0.5623659
0.4192816 -2.497247 0.5623659
0.4192816 -2.497247 0.5623659
0.4192816 -2.497247 0.5623659
0.4192816 -2.497247 0.5623659
0.4192816 -2.497247 0.5623659
0.4192816 -2.497247 0.5623659
0.4192816 -2.497247 0.5623659
0.4192816 -2.497247 0.5623659
0.4192816 -2.497247 0.5623659
0.4192816 -2.497247 0.5623659
0.4192816 -2.497247 0.5623659
0.4192816 -2.497247 0.5623659
0.4192816 -2.497247 0.5623659
0.4192816 -2.497247 0.5623659
0.4192816 -2.497247 0.5623659
0.4192816 -2.497247 0.5623659
0.4192816 -2.497247 0.5623659
0.4192816 -2.497247 0.5623659
0.4192816 -2.497247 0.5623659
0.4192816 -2.497247 0.5623659
0.4192816 -2.497247 0.5623659
0.4192816 -2.497247 0.5623659
0.4192816 -2.497247 0.5623659
0.4192816 -2.497247 0.5623659
0.4192816 -2.497247 0.5623659
0.4192816 -2.497247 0.5623659
0.4192816 -2.497247 0.5623659
0.4192816 -2.497247 0.5623659
0.4149468 -2.431174 0.5378096
0.4149468 -2.431174 0.5378096
0.4149468 -2.431174 0.5378096
0.4149468 -2.431174 0.5378096
0.4149468 -2.431174 0.5378096
0.4149468 -2.431174 0.5378096
0.4149468 -2.431174 0.5378096
0.4149468 -2.431174 0.5378096
0.4149468 -2.431174 0.5378096
0.4149468 -2.431174 0.5378096
0.4149468 -2.431174 0.5378096
0.4149468 -2.431174 0.5378096
0.4149468 -2.431174 0.5378096
0.4149468 -2.431174 0.5378096
0.4149468 -2.431174 0.5378096
0.4149468 -2.431174 0.5378096
0.4149468 -2.431174 0.5378096
0.4149468 -2.431174 0.5378096
0.4149468 -2.431174 0.5378096
0.4149468 -2.431174 0.5378096
0.4149468 -2.431174 0.5378096
0.4149468 -2.431174 0.5378096
0.4149468 -2.431174 0.5378096
0.4149468 -2.431174 0.5378096
0.4149468 -2.431174 0.5378096
0.4149468 -2.431174 0.5378096
0.4149468 -2.431174 0.5378096
0.4149468 -2.431174 0.5378096
0.4149468 -2.431174 0.5378096
0.4149468 -2.431174 0.5378096
0.4149468 -2.431174 0.5378096
0.4149468 -2.431174 0.5378096
0.4149468 -2.431174 0.5378096
0.4149468 -2.431174 0.5378096
0.4149468 -2.431174 0.5378096
0.4149468 -2.431174 0.5378096
0.4149468 -2.431174 0.5378096
0.4149468 -2.431174 0.5378096
0.4149468 -2.431174 0.5378096
0.4149468 -2.431174 0.5378096
0 0 0
0 0 0
0 0 0
0 0 0
0 0 0
0 0 0
0 0 0
0 0 0
0 0 0
0 0 0
0 0 0
0 0 0
0 0 0
0 0 0
0 0 0
0 0 0
0 0 0
0 0 0
0 0 0
0 0 0
