-1849145789
1969892483
-1726934719
247709033
762976267
-495480064
-1072673926
-1176420208
1778763781
-1522117235
1770536539
-1783811930
1537871811
2045684931
-113518133
-1762774186
755888720
530216801
945170118
112129487
-375581717
696677642
-1890375044
917456545
-56866436
879186539
-1123169397
-2008534294
1693634796
-560811672
-878904673
343574451
482614905
156226610
1216814891
1351174384
-1514708463
-1371186912
-1717305294
-1013344279
-757819455
811584965
464913929
1389080164
1221425775
-146933966
557738320
-745012966
-1042840860
-1865920760
512577081
-378951191
116297588
1810720654
988020942
-476198177
1407183082
-2037938528
-880576071
-1739789324
2132875797
353810179
767976890
-1518658105
1558325632
-663517342
-1814074019
2043994907
-1453077118
-845999864
-1857495482
252157665
1489983344
1198639382
-219633335
-743460304
-1899705117
1189465076
1625339845
701968722
272047572
-288219336
61678956
-1640051148
1548903641
771889090
1721678918
250188174
1254786050
1740588329
-1283676970
741137060
1319716048
1400497036
-1912636822
-2046948529
305213313
-689661844
33
