0 2 : 00100000110000000000001000100000000000
0 2 : 00100000110000000000001000101000000000
0 1 : 00100000110010000000001000100000000000
0 2 : 00100000110100000000001000100000010000
0 2 : 00100001000000001000001000100000000000
0 1 : 00100001000000001000001000100001000000
0 1 : 00100010000000001000001000100000000000
0 2 : 01001100000001100111010001000010100001
0 2 : 01011000000001110011110001010010001011
0 1 : 10100000001000001000001000100000000100
0 2 : 10100000001000001000001010100000000100
0 2 : 10100000001000001000001100100100000100
