1836055783
-1236637224
1285205214
23363746
-1746941152
-1579144316
-1494432743
1053695838
2111042721
947917350
-1090210756
-1235518317
-30572877
938160749
551851101
-1582480351
57649607
-2096407626
923601548
-1359996488
-1955606947
2027200570
265684033
1893338686
887254941
-2000794681
-808965384
1897697754
66739554
782572658
1600412110
-202924915
1456732042
-1151065463
-725534067
1467823259
-1110227440
844388204
-504895835
190949694
-600746293
1792952289
-1743277740
-923209379
-1478785205
990162805
26021735
-2134494944
593009574
-1774456225
-731296155
-1014775958
726313121
965960098
-1499690829
-1463606020
-1412905893
772645402
1100281825
442046506
-759367090
-1555033148
-1913527961
2100903267
-333668539
1729017283
585431913
-1012036004
-1164488381
374938012
-2041079479
1839117175
-1414366832
-201040302
403002837
1800840497
1712832803
-1944462592
148265166
-1975985223
-288462066
1466908830
1195601772
129720341
-1590796030
971926000
1445029124
1174772143
-1983215213
-1882773578
501375967
409771560
-113302071
-1227140937
991225157
401899459
2123660789
1337865303
25
