585384333
1388061629
-626265136
-1067284235
183225653
-263497461
488909290
-723600516
28517854
-1298140333
-649441429
246890961
485668030
-1451663291
1398246491
405801416
-85336426
686458808
-960911722
-394156559
-867989837
-657338776
1012470209
841448645
778838405
-609841476
-532821383
-538591028
1417702393
99825075
564611028
-460055853
-1152511061
-1996234219
236739460
-410146332
673561373
1141598731
869938163
1599298048
429696159
-1482592349
-701814214
1800913903
1878505432
441734502
357379013
-2023391385
-1218764811
-851305404
-1599439614
1328370909
1639276533
-130296842
-799787331
1968891826
766585832
-4761857
666146099
169789221
191690528
-1848839358
-2056047968
-2113442853
-1357404716
1883444565
761567495
-1207474864
-401180244
1071233967
522352031
1636708076
2129632881
136564958
-5898502
-1370835150
199103348
-1454934411
-416391016
-532026988
2050864084
-1194493884
1099890123
-1378517981
-1750601773
-697269768
-1889153623
491201881
1593831129
-1652081937
-1212771940
689454478
-1716875279
1410707333
1404976845
451229662
-523060250
-1261056326
23
