1589727609
724995609
1411102221
2025717892
496002727
1202757575
-2112426003
163327052
-1690514923
-1589552820
-1483568459
-292215712
229069536
-1214532458
-1474386070
-279322940
-2108290632
-646453325
1998246007
1930224152
-651456283
507338105
-447628047
-1749379947
1841761341
-1064122331
1863559046
549913648
262708160
929973744
450130583
1450523471
-2028210834
-495858671
-31324395
-1215550758
-1200955357
-343001352
-171210796
459469506
-921911685
-1033430153
1750709655
886912992
-1222206817
-1025556382
-1007008411
-1433658624
610725388
698151915
-1040124138
130150450
1936506144
-1945188165
-84421808
-769273499
96900190
530208232
-104831945
1231625070
1991469454
1116140263
141611203
-981986806
-1508556876
534005663
-1784747266
-669680241
-127406397
-1258910012
-1297056324
1207519539
1362681855
-761259170
524119718
1028039785
84805670
-2094210281
241793698
616008395
182520481
1154966545
-1741615190
-1829244
-1956838988
-1801861524
-464746828
-373180000
-1098192904
1618444868
-1934426264
-1574233459
-1622481013
-581435646
305252141
-15685232
715526722
-319192462
49
