-1787503313
1599294623
-197414729
549943626
1259432121
-1654886850
1241011830
-278338981
1518238389
-100855789
-299621866
-815450643
-2085418414
1813928223
-1876162971
-1078106345
1338623259
1316084496
565299409
1406668753
-1850920444
293575462
-552213671
-1464663013
-2073461715
-1042990213
-2023948136
-1381118164
1231036506
-2040401538
-1150495626
696278235
-1209786734
202507252
1677628235
1720375065
-1757397262
-1140375390
873773762
-1698592849
-503680849
-1654316413
-1970299719
1216448844
-1123848812
1897926863
694007460
-1994217037
1958150565
339150076
38430282
662480415
1762218458
1468751293
1019634079
-857209866
1739139423
-71703607
1384742211
841730395
719337490
-1425860549
1585126765
622510526
323021735
2083139157
-1267897331
-357970981
-505973552
1139458665
165606942
-854579963
1575507673
1160948785
-996253067
2104256770
355600710
-1852806234
414348146
119996413
-928259179
-1535476145
1806946118
-288041989
-255499977
-1448992889
-1492096121
-1448010840
-787409039
1856612025
-1977327195
366095783
-2003146941
-381801631
973078754
-617629142
-919718684
1326201489
15
