-513260909
-1807933644
-1434564057
-18833951
1687063477
-917447771
-85385400
894497646
961083774
-288410343
185727608
-1120645341
-1146238829
-1242929016
770990155
780956856
-11640499
-224837228
189142504
-866054092
-1774561807
-1605517335
-1416939816
2051940534
1065338063
-1583175322
556500030
1552193290
1790890385
220624426
1849395537
1030254882
-832969476
2021660401
241038300
-1555300174
-333772833
1260129850
-687369612
1682231273
-1290957346
-1962914510
-86364451
119527515
-1666258935
-404837587
866186833
1926950497
-629767295
-1070158517
-630211423
-1511554656
622651456
-2044319177
-1703950985
1656033262
307591953
1501953977
-769662516
196030278
-1060920412
-2084656662
1460309510
-1128446755
179405593
-1434010936
1906470907
-1341781007
273234154
1035596151
-2055134878
1265260479
-1403077882
-361168492
-1186105557
447658173
-1086179471
-171117709
2081764033
-1570665305
-537053323
-1400835070
222891622
1748450753
-503259110
-267649137
19488473
388287918
-702673050
-1976516836
-1118212401
-652134197
-448198988
171413803
1186196635
-815125375
-565016971
-116251449
33
