-2035696524
1083600465
1280882752
946990205
-1163460357
1337257010
-1702168738
-258027543
-1848072489
-925510319
-288568484
868682970
-846770675
669310376
-1187931837
1291595893
1189704139
2087367458
-796235698
1840632976
-570424540
-1581529990
-424018484
163765231
-1449620168
219745671
956651861
1550031868
-28364212
1214523558
-1271043976
1360373114
1721745961
-2139083844
-1501041309
411693542
-1120477669
835636301
-368592327
-567817949
1271369287
1510220554
-397927468
219416568
1390468284
-678300927
-1570337962
1606953108
53796746
-2053326759
-232027479
-219193902
-265714199
-1326014962
1422998938
-452124570
-1241827626
-1715785922
-164663419
1944976768
546860277
-1488029314
374971365
-1495325404
980153980
-1446795033
1218367434
-2118905003
1243249041
-181162333
1217016915
1426440275
-1364302856
-831770134
1572648233
-590918780
-1563270182
1241198823
297103810
-545069267
-61674619
-665209623
852717962
1536903901
-47199251
2064106784
-263046864
344731528
-1872955408
478624870
2066627522
-1010744175
1868294357
-992225403
993462361
1077507784
1136085201
-1588549824
1
