1.193704 0.8879157 -0.1409737 -3.42915 -4.236603 -3.824759
2.100692 1.78007 -0.9527908 -3.031617 -3.395055 -3.587654
3.017904 2.609492 -1.745889 -3.011733 -3.268837 -3.513281
4.284755 3.637567 -3.339598 -3.211128 -3.363249 -3.834104
6.019376 5.012804 -4.839527 -3.638335 -3.648648 -4.139575
8.520729 6.658728 -9.097677 -4.345739 -4.085079 -5.741989
12.04728 9.160367 -13.41701 -5.371425 -4.815676 -7.328833
17.37127 14.44413 -26.28208 -6.915242 -6.314791 -12.05906
20.49802 22.44054 -15.63059 -7.792985 -8.572889 -7.96909
19.02936 23.9466 -8.743771 -7.310952 -9.006411 -5.328522
20.14971 26.13417 -9.6658 -7.642414 -9.658369 -5.659274
22.63504 25.55787 -16.34462 -8.399861 -9.654437 -8.144792
25.69081 32.79379 -30.53828 -9.285858 -11.66029 -13.43395
30.26611 39.77915 -49.53824 -10.65017 -13.71204 -20.21287
38.34961 68.3544 -86.13506 -13.03311 -21.61267 -33.14284
36.92273 63.7255 -34.29748 -12.61263 -20.47375 -15.41495
32.02676 53.66113 -32.23344 -11.18317 -19.37911 -13.90931
32.01 35.31635 -37.08983 -11.13332 -15.4346 -15.4664
38.27865 27.36349 -36.67394 -12.82772 -11.50283 -15.07833
32.53827 37.73063 -16.9968 -11.24508 -13.67577 -8.255994
33.75908 38.38126 -34.69268 -11.65889 -13.64894 -13.9998
36.69325 37.39293 -48.65847 -12.6104 -13.5278 -19.28456
40.7421 49.29296 -56.89846 -13.88679 -17.18024 -27.64632
45.69723 80.55573 -60.66942 -15.43159 -25.75959 -24.23444
36.5622 41.37929 36.96909 -12.8052 -16.34685 9.109526
