0.5968521 0.4439579 -0.07048683 -4.214575 -4.618301 -4.412379
1.098132 0.8893287 -0.3645881 -3.820256 -4.210553 -4.137471
1.578075 1.31937 -0.7099133 -3.618125 -3.975124 -3.981423
2.119411 1.783009 -1.23585 -3.536726 -3.852749 -3.951959
2.769405 2.321308 -1.836463 -3.553661 -3.818732 -3.983229
3.591023 2.94094 -2.873779 -3.666815 -3.856782 -4.23448
4.648055 3.718368 -4.191683 -3.879891 -3.976643 -4.621274
6.061746 4.910119 -6.646171 -4.217152 -4.236438 -5.447695
7.505373 6.663161 -7.544614 -4.574735 -4.670083 -5.699834
8.553008 8.234383 -7.653628 -4.823482 -5.064294 -5.666079
9.5194 9.726031 -7.821309 -5.058393 -5.447134 -5.665512
10.5283 10.94387 -8.476949 -5.315429 -5.770773 -5.856225
11.61133 12.50457 -10.05276 -5.599031 -6.191453 -6.397492
12.85498 14.32288 -12.68512 -5.935774 -6.692825 -7.318517
14.4484 17.69985 -17.27574 -6.379357 -7.625315 -8.932538
15.77042 20.40724 -18.27702 -6.74602 -8.381105 -9.313856
16.67355 22.25468 -19.05238 -6.992529 -8.992105 -9.569159
17.48073 22.94213 -20.00172 -7.210465 -9.331184 -9.87954
18.52063 23.1632 -20.83533 -7.491327 -9.439766 -10.13948
19.18813 23.85689 -20.65254 -7.670078 -9.641481 -10.04979
19.85045 24.51709 -21.29073 -7.851387 -9.823638 -10.22934
20.58274 25.07691 -22.48063 -8.058301 -9.984688 -10.62304
21.42272 26.08591 -23.91471 -8.301155 -10.2845 -11.33234
22.3937 28.2647 -25.3849 -8.586372 -10.90351 -11.84843
22.93864 28.76911 -22.98667 -8.748635 -11.11287 -11.04235
