-0.07309475 0.5135559 0.4263733
-0.07309475 0.5135559 0.4263733
-0.07309475 0.5135559 0.4263733
-0.07309475 0.5135559 0.4263733
0.08591246 -0.05261236 0.90822
1.159827 0.5573502 2.384185
1.481427 0.5660541 2.328104
1.481427 0.5660541 2.328104
1.481427 0.5660541 2.328104
1.481427 0.5660541 2.328104
1.481427 0.5660541 2.328104
1.337403 0.639595 1.071717
1.337403 0.639595 1.071717
1.337403 0.639595 1.071717
1.337403 0.639595 1.071717
1.337403 0.639595 1.071717
1.768948 0.6634229 1.114183
1.727384 0.5814048 0.8795026
1.727384 0.5814048 0.8795026
1.727384 0.5814048 0.8795026
1.727384 0.5814048 0.8795026
1.727384 0.5814048 0.8795026
1.727384 0.5814048 0.8795026
1.727384 0.5814048 0.8795026
1.727384 0.5814048 0.8795026
1.727384 0.5814048 0.8795026
1.727384 0.5814048 0.8795026
1.727384 0.5814048 0.8795026
1.727384 0.5814048 0.8795026
1.727384 0.5814048 0.8795026
1.727384 0.5814048 0.8795026
1.727384 0.5814048 0.8795026
1.727384 0.5814048 0.8795026
1.623463 0.7807568 0.9652398
1.623463 0.7807568 0.9652398
1.623463 0.7807568 0.9652398
1.623463 0.7807568 0.9652398
1.623463 0.7807568 0.9652398
1.623463 0.7807568 0.9652398
1.623463 0.7807568 0.9652398
1.623463 0.7807568 0.9652398
1.623463 0.7807568 0.9652398
1.623463 0.7807568 0.9652398
1.623463 0.7807568 0.9652398
1.771368 1.287761 0.4454137
1.771368 1.287761 0.4454137
1.771368 1.287761 0.4454137
1.771368 1.287761 0.4454137
1.771368 1.287761 0.4454137
1.771368 1.287761 0.4454137
1.771368 1.287761 0.4454137
1.771368 1.287761 0.4454137
2.367552 1.514474 -0.9170701
2.367552 1.514474 -0.9170701
2.367552 1.514474 -0.9170701
1.759781 1.668671 -0.06012497
1.759781 1.668671 -0.06012497
1.759781 1.668671 -0.06012497
1.759781 1.668671 -0.06012497
1.926781 1.956408 -0.6174492
2.27595 2.157176 -0.7168224
2.27595 2.157176 -0.7168224
2.27595 2.157176 -0.7168224
2.27595 2.157176 -0.7168224
2.27595 2.157176 -0.7168224
2.27595 2.157176 -0.7168224
2.27595 2.157176 -0.7168224
2.27595 2.157176 -0.7168224
2.27595 2.157176 -0.7168224
2.27595 2.157176 -0.7168224
2.27595 2.157176 -0.7168224
2.27595 2.157176 -0.7168224
2.27595 2.157176 -0.7168224
2.27595 2.157176 -0.7168224
2.27595 2.157176 -0.7168224
2.27595 2.157176 -0.7168224
2.27595 2.157176 -0.7168224
2.27595 2.157176 -0.7168224
2.27595 2.157176 -0.7168224
2.27595 2.157176 -0.7168224
2.27595 2.157176 -0.7168224
2.27595 2.157176 -0.7168224
2.27595 2.157176 -0.7168224
2.27595 2.157176 -0.7168224
2.27595 2.157176 -0.7168224
2.27595 2.157176 -0.7168224
2.27595 2.157176 -0.7168224
2.27595 2.157176 -0.7168224
2.27595 2.157176 -0.7168224
2.27595 2.157176 -0.7168224
2.27595 2.157176 -0.7168224
2.27595 2.157176 -0.7168224
2.27595 2.157176 -0.7168224
2.27595 2.157176 -0.7168224
2.27595 2.157176 -0.7168224
2.27595 2.157176 -0.7168224
2.27595 2.157176 -0.7168224
2.27595 2.157176 -0.7168224
2.27595 2.157176 -0.7168224
2.27595 2.157176 -0.7168224
2.27595 2.157176 -0.7168224
2.27595 2.157176 -0.7168224
2.27595 2.157176 -0.7168224
2.27595 2.157176 -0.7168224
2.27595 2.157176 -0.7168224
2.27595 2.157176 -0.7168224
2.27595 2.157176 -0.7168224
2.27595 2.157176 -0.7168224
2.27595 2.157176 -0.7168224
2.27595 2.157176 -0.7168224
2.27595 2.157176 -0.7168224
2.27595 2.157176 -0.7168224
2.27595 2.157176 -0.7168224
2.27595 2.157176 -0.7168224
2.27595 2.157176 -0.7168224
2.27595 2.157176 -0.7168224
2.27595 2.157176 -0.7168224
2.27595 2.157176 -0.7168224
2.27595 2.157176 -0.7168224
2.27595 2.157176 -0.7168224
1.760239 1.486407 0.788245
1.760239 1.486407 0.788245
1.760239 1.486407 0.788245
1.760239 1.486407 0.788245
1.760239 1.486407 0.788245
1.760239 1.486407 0.788245
1.760239 1.486407 0.788245
1.760239 1.486407 0.788245
1.760239 1.486407 0.788245
1.760239 1.486407 0.788245
1.497553 1.042268 -0.05536358
1.497553 1.042268 -0.05536358
1.497553 1.042268 -0.05536358
1.497553 1.042268 -0.05536358
1.497553 1.042268 -0.05536358
1.497553 1.042268 -0.05536358
1.497553 1.042268 -0.05536358
1.497553 1.042268 -0.05536358
1.497553 1.042268 -0.05536358
1.497553 1.042268 -0.05536358
1.497553 1.042268 -0.05536358
1.497553 1.042268 -0.05536358
1.497553 1.042268 -0.05536358
1.497553 1.042268 -0.05536358
1.497553 1.042268 -0.05536358
1.497553 1.042268 -0.05536358
1.497553 1.042268 -0.05536358
1.497553 1.042268 -0.05536358
1.497553 1.042268 -0.05536358
1.497553 1.042268 -0.05536358
1.497553 1.042268 -0.05536358
1.497553 1.042268 -0.05536358
1.497553 1.042268 -0.05536358
1.497553 1.042268 -0.05536358
1.497553 1.042268 -0.05536358
1.497553 1.042268 -0.05536358
1.497553 1.042268 -0.05536358
1.497553 1.042268 -0.05536358
1.497553 1.042268 -0.05536358
1.497553 1.042268 -0.05536358
1.497553 1.042268 -0.05536358
1.497553 1.042268 -0.05536358
1.497553 1.042268 -0.05536358
1.497553 1.042268 -0.05536358
1.497553 1.042268 -0.05536358
1.497553 1.042268 -0.05536358
1.497553 1.042268 -0.05536358
1.497553 1.042268 -0.05536358
1.497553 1.042268 -0.05536358
1.497553 1.042268 -0.05536358
1.497553 1.042268 -0.05536358
1.497553 1.042268 -0.05536358
1.497553 1.042268 -0.05536358
1.497553 1.042268 -0.05536358
1.497553 1.042268 -0.05536358
1.497553 1.042268 -0.05536358
1.497553 1.042268 -0.05536358
1.497553 1.042268 -0.05536358
1.497553 1.042268 -0.05536358
1.497553 1.042268 -0.05536358
1.789903 1.354526 -0.2920081
1.789903 1.354526 -0.2920081
1.789903 1.354526 -0.2920081
1.789903 1.354526 -0.2920081
1.789903 1.354526 -0.2920081
1.789903 1.354526 -0.2920081
1.789903 1.354526 -0.2920081
1.789903 1.354526 -0.2920081
1.789903 1.354526 -0.2920081
1.789903 1.354526 -0.2920081
2.237764 1.68597 -0.9664168
2.237764 1.68597 -0.9664168
2.237764 1.68597 -0.9664168
2.237764 1.68597 -0.9664168
2.237764 1.68597 -0.9664168
2.237764 1.68597 -0.9664168
2.237764 1.68597 -0.9664168
2.237764 1.68597 -0.9664168
2.237764 1.68597 -0.9664168
2.237764 1.68597 -0.9664168
2.237764 1.68597 -0.9664168
2.237764 1.68597 -0.9664168
2.237764 1.68597 -0.9664168
2.237764 1.68597 -0.9664168
2.237764 1.68597 -0.9664168
2.237764 1.68597 -0.9664168
2.237764 1.68597 -0.9664168
2.237764 1.68597 -0.9664168
2.237764 1.68597 -0.9664168
2.237764 1.68597 -0.9664168
2.237764 1.68597 -0.9664168
2.237764 1.68597 -0.9664168
2.248204 1.624191 -0.9370122
2.248204 1.624191 -0.9370122
2.248204 1.624191 -0.9370122
2.248204 1.624191 -0.9370122
2.248204 1.624191 -0.9370122
2.248204 1.624191 -0.9370122
2.248204 1.624191 -0.9370122
2.248204 1.624191 -0.9370122
2.248204 1.624191 -0.9370122
2.248204 1.624191 -0.9370122
2.248204 1.624191 -0.9370122
2.248204 1.624191 -0.9370122
2.248204 1.624191 -0.9370122
2.248204 1.624191 -0.9370122
2.248204 1.624191 -0.9370122
2.248204 1.624191 -0.9370122
2.537792 1.787296 -1.718258
2.537792 1.787296 -1.718258
2.537792 1.787296 -1.718258
2.537792 1.787296 -1.718258
2.537792 1.787296 -1.718258
2.537792 1.787296 -1.718258
2.537792 1.787296 -1.718258
2.537792 1.787296 -1.718258
2.537792 1.787296 -1.718258
2.537792 1.787296 -1.718258
2.537792 1.787296 -1.718258
2.537792 1.787296 -1.718258
2.779264 2.022388 -2.028369
2.779264 2.022388 -2.028369
2.779264 2.022388 -2.028369
2.779264 2.022388 -2.028369
2.779264 2.022388 -2.028369
2.779264 2.022388 -2.028369
2.779264 2.022388 -2.028369
2.779264 2.022388 -2.028369
2.779264 2.022388 -2.028369
2.779264 2.022388 -2.028369
2.779264 2.022388 -2.028369
2.779264 2.022388 -2.028369
2.779264 2.022388 -2.028369
2.779264 2.022388 -2.028369
2.779264 2.022388 -2.028369
2.42346 1.955476 -1.920971
2.42346 1.955476 -1.920971
2.42346 1.955476 -1.920971
2.42346 1.955476 -1.920971
2.42346 1.955476 -1.920971
2.42346 1.955476 -1.920971
2.42346 1.955476 -1.920971
2.42346 1.955476 -1.920971
2.42346 1.955476 -1.920971
2.42346 1.955476 -1.920971
2.42346 1.955476 -1.920971
2.42346 1.955476 -1.920971
2.42346 1.955476 -1.920971
2.42346 1.955476 -1.920971
2.42346 1.955476 -1.920971
2.42346 1.955476 -1.920971
2.42346 1.955476 -1.920971
2.42346 1.955476 -1.920971
2.42346 1.955476 -1.920971
2.42346 1.955476 -1.920971
2.42346 1.955476 -1.920971
2.42346 1.955476 -1.920971
2.42346 1.955476 -1.920971
2.42346 1.955476 -1.920971
2.42346 1.955476 -1.920971
2.42346 1.955476 -1.920971
2.42346 1.955476 -1.920971
2.42346 1.955476 -1.920971
2.42346 1.955476 -1.920971
2.42346 1.955476 -1.920971
2.42346 1.955476 -1.920971
2.42346 1.955476 -1.920971
2.42346 1.955476 -1.920971
2.194024 2.357746 -0.7367697
2.194024 2.357746 -0.7367697
2.194024 2.357746 -0.7367697
2.194024 2.357746 -0.7367697
2.194024 2.357746 -0.7367697
2.194024 2.357746 -0.7367697
2.194024 2.357746 -0.7367697
2.194024 2.357746 -0.7367697
2.194024 2.357746 -0.7367697
2.194024 2.357746 -0.7367697
2.194024 2.357746 -0.7367697
2.194024 2.357746 -0.7367697
2.412817 2.545947 -0.9962791
2.412817 2.545947 -0.9962791
2.412817 2.545947 -0.9962791
2.412817 2.545947 -0.9962791
2.412817 2.545947 -0.9962791
2.412817 2.545947 -0.9962791
2.412817 2.545947 -0.9962791
2.412817 2.545947 -0.9962791
2.412817 2.545947 -0.9962791
2.412817 2.545947 -0.9962791
2.412817 2.545947 -0.9962791
2.412817 2.545947 -0.9962791
2.412817 2.545947 -0.9962791
2.412817 2.545947 -0.9962791
2.412817 2.545947 -0.9962791
2.412817 2.545947 -0.9962791
2.412817 2.545947 -0.9962791
2.412817 2.545947 -0.9962791
2.412817 2.545947 -0.9962791
2.412817 2.545947 -0.9962791
2.412817 2.545947 -0.9962791
2.412817 2.545947 -0.9962791
2.412817 2.545947 -0.9962791
2.412817 2.545947 -0.9962791
2.412817 2.545947 -0.9962791
2.412817 2.545947 -0.9962791
2.412817 2.545947 -0.9962791
2.412817 2.545947 -0.9962791
2.412817 2.545947 -0.9962791
2.412817 2.545947 -0.9962791
2.412817 2.545947 -0.9962791
2.412817 2.545947 -0.9962791
2.412817 2.545947 -0.9962791
2.412817 2.545947 -0.9962791
2.412817 2.545947 -0.9962791
2.412817 2.545947 -0.9962791
2.412817 2.545947 -0.9962791
2.412817 2.545947 -0.9962791
2.412817 2.545947 -0.9962791
2.412817 2.545947 -0.9962791
2.412817 2.545947 -0.9962791
2.412817 2.545947 -0.9962791
2.412817 2.545947 -0.9962791
2.412817 2.545947 -0.9962791
2.412817 2.545947 -0.9962791
2.412817 2.545947 -0.9962791
2.412817 2.545947 -0.9962791
2.412817 2.545947 -0.9962791
2.412817 2.545947 -0.9962791
2.412817 2.545947 -0.9962791
2.412817 2.545947 -0.9962791
2.412817 2.545947 -0.9962791
2.412817 2.545947 -0.9962791
2.412817 2.545947 -0.9962791
2.303287 1.981164 -1.412307
2.303287 1.981164 -1.412307
2.303287 1.981164 -1.412307
2.303287 1.981164 -1.412307
2.303287 1.981164 -1.412307
2.303287 1.981164 -1.412307
2.521657 2.141926 -1.810518
2.521657 2.141926 -1.810518
2.521657 2.141926 -1.810518
2.521657 2.141926 -1.810518
2.521657 2.141926 -1.810518
2.521657 2.141926 -1.810518
2.521657 2.141926 -1.810518
2.521657 2.141926 -1.810518
2.521657 2.141926 -1.810518
2.521657 2.141926 -1.810518
2.521657 2.141926 -1.810518
2.521657 2.141926 -1.810518
2.521657 2.141926 -1.810518
2.521657 2.141926 -1.810518
2.521657 2.141926 -1.810518
2.521657 2.141926 -1.810518
2.521657 2.141926 -1.810518
2.521657 2.141926 -1.810518
2.521657 2.141926 -1.810518
2.521657 2.141926 -1.810518
2.521657 2.141926 -1.810518
2.521657 2.141926 -1.810518
2.521657 2.141926 -1.810518
2.521657 2.141926 -1.810518
2.521657 2.141926 -1.810518
2.521657 2.141926 -1.810518
2.521657 2.141926 -1.810518
2.521657 2.141926 -1.810518
2.521657 2.141926 -1.810518
2.521657 2.141926 -1.810518
2.521657 2.141926 -1.810518
2.521657 2.141926 -1.810518
2.521657 2.141926 -1.810518
2.521657 2.141926 -1.810518
2.521657 2.141926 -1.810518
2.521657 2.141926 -1.810518
2.521657 2.141926 -1.810518
2.521657 2.141926 -1.810518
2.521657 2.141926 -1.810518
2.521657 2.141926 -1.810518
2.521657 2.141926 -1.810518
2.521657 2.141926 -1.810518
2.521657 2.141926 -1.810518
2.521657 2.141926 -1.810518
2.521657 2.141926 -1.810518
2.521657 2.141926 -1.810518
2.521657 2.141926 -1.810518
2.521657 2.141926 -1.810518
2.521657 2.141926 -1.810518
2.521657 2.141926 -1.810518
2.521657 2.141926 -1.810518
2.521657 2.141926 -1.810518
2.521657 2.141926 -1.810518
2.521657 2.141926 -1.810518
2.521657 2.141926 -1.810518
2.521657 2.141926 -1.810518
2.521657 2.141926 -1.810518
2.521657 2.141926 -1.810518
2.521657 2.141926 -1.810518
2.521657 2.141926 -1.810518
2.722336 2.29456 -2.020864
2.722336 2.29456 -2.020864
2.722336 2.29456 -2.020864
2.722336 2.29456 -2.020864
2.722336 2.29456 -2.020864
2.722336 2.29456 -2.020864
2.722336 2.29456 -2.020864
2.722336 2.29456 -2.020864
2.722336 2.29456 -2.020864
2.722336 2.29456 -2.020864
2.722336 2.29456 -2.020864
2.722336 2.29456 -2.020864
2.722336 2.29456 -2.020864
2.722336 2.29456 -2.020864
2.722336 2.29456 -2.020864
2.722336 2.29456 -2.020864
2.722336 2.29456 -2.020864
2.722336 2.29456 -2.020864
2.722336 2.29456 -2.020864
2.722336 2.29456 -2.020864
2.722336 2.29456 -2.020864
2.722336 2.29456 -2.020864
2.722336 2.29456 -2.020864
2.722336 2.29456 -2.020864
2.722336 2.29456 -2.020864
2.722336 2.29456 -2.020864
2.722336 2.29456 -2.020864
2.722336 2.29456 -2.020864
2.722336 2.29456 -2.020864
2.722336 2.29456 -2.020864
2.722336 2.29456 -2.020864
2.722336 2.29456 -2.020864
2.722336 2.29456 -2.020864
2.722336 2.29456 -2.020864
2.722336 2.29456 -2.020864
2.722336 2.29456 -2.020864
2.722336 2.29456 -2.020864
2.722336 2.29456 -2.020864
2.722336 2.29456 -2.020864
2.722336 2.29456 -2.020864
2.722336 2.29456 -2.020864
2.722336 2.29456 -2.020864
2.722336 2.29456 -2.020864
2.722336 2.29456 -2.020864
2.722336 2.29456 -2.020864
2.722336 2.29456 -2.020864
2.722336 2.29456 -2.020864
2.722336 2.29456 -2.020864
2.722336 2.29456 -2.020864
2.722336 2.29456 -2.020864
2.722336 2.29456 -2.020864
2.722336 2.29456 -2.020864
2.722336 2.29456 -2.020864
2.722336 2.29456 -2.020864
2.722336 2.29456 -2.020864
2.722336 2.29456 -2.020864
2.722336 2.29456 -2.020864
2.722336 2.29456 -2.020864
2.722336 2.29456 -2.020864
2.722336 2.29456 -2.020864
2.920565 2.476797 -2.319579
2.920565 2.476797 -2.319579
2.920565 2.476797 -2.319579
2.920565 2.476797 -2.319579
2.920565 2.476797 -2.319579
2.920565 2.476797 -2.319579
2.920565 2.476797 -2.319579
2.920565 2.476797 -2.319579
2.920565 2.476797 -2.319579
2.920565 2.476797 -2.319579
2.920565 2.476797 -2.319579
2.920565 2.476797 -2.319579
2.920565 2.476797 -2.319579
2.920565 2.476797 -2.319579
2.920565 2.476797 -2.319579
2.920565 2.476797 -2.319579
2.920565 2.476797 -2.319579
2.920565 2.476797 -2.319579
2.920565 2.476797 -2.319579
2.920565 2.476797 -2.319579
2.920565 2.476797 -2.319579
2.920565 2.476797 -2.319579
2.920565 2.476797 -2.319579
2.920565 2.476797 -2.319579
2.920565 2.476797 -2.319579
2.920565 2.476797 -2.319579
2.920565 2.476797 -2.319579
2.920565 2.476797 -2.319579
2.920565 2.476797 -2.319579
2.920565 2.476797 -2.319579
2.920565 2.476797 -2.319579
2.920565 2.476797 -2.319579
2.920565 2.476797 -2.319579
2.920565 2.476797 -2.319579
2.920565 2.476797 -2.319579
2.920565 2.476797 -2.319579
2.920565 2.476797 -2.319579
2.920565 2.476797 -2.319579
2.920565 2.476797 -2.319579
2.920565 2.476797 -2.319579
2.920565 2.476797 -2.319579
2.920565 2.476797 -2.319579
2.920565 2.476797 -2.319579
2.920565 2.476797 -2.319579
2.920565 2.476797 -2.319579
2.920565 2.476797 -2.319579
2.920565 2.476797 -2.319579
2.920565 2.476797 -2.319579
2.920565 2.476797 -2.319579
2.920565 2.476797 -2.319579
2.920565 2.476797 -2.319579
2.920565 2.476797 -2.319579
2.920565 2.476797 -2.319579
2.920565 2.476797 -2.319579
2.920565 2.476797 -2.319579
2.920565 2.476797 -2.319579
2.920565 2.476797 -2.319579
2.920565 2.476797 -2.319579
2.920565 2.476797 -2.319579
2.920565 2.476797 -2.319579
3.007668 2.748644 -2.133646
3.007668 2.748644 -2.133646
3.007668 2.748644 -2.133646
3.007668 2.748644 -2.133646
3.007668 2.748644 -2.133646
3.007668 2.748644 -2.133646
3.007668 2.748644 -2.133646
3.007668 2.748644 -2.133646
3.007668 2.748644 -2.133646
3.007668 2.748644 -2.133646
3.007668 2.748644 -2.133646
3.007668 2.748644 -2.133646
3.007668 2.748644 -2.133646
3.007668 2.748644 -2.133646
3.007668 2.748644 -2.133646
3.007668 2.748644 -2.133646
3.007668 2.748644 -2.133646
3.007668 2.748644 -2.133646
3.007668 2.748644 -2.133646
3.007668 2.748644 -2.133646
3.007668 2.748644 -2.133646
3.007668 2.748644 -2.133646
3.007668 2.748644 -2.133646
3.007668 2.748644 -2.133646
3.007668 2.748644 -2.133646
3.007668 2.748644 -2.133646
3.007668 2.748644 -2.133646
3.007668 2.748644 -2.133646
3.007668 2.748644 -2.133646
3.007668 2.748644 -2.133646
3.007668 2.748644 -2.133646
3.007668 2.748644 -2.133646
3.007668 2.748644 -2.133646
3.007668 2.748644 -2.133646
3.007668 2.748644 -2.133646
3.007668 2.748644 -2.133646
3.007668 2.748644 -2.133646
3.007668 2.748644 -2.133646
3.007668 2.748644 -2.133646
3.007668 2.748644 -2.133646
3.007668 2.748644 -2.133646
3.007668 2.748644 -2.133646
3.007668 2.748644 -2.133646
3.007668 2.748644 -2.133646
3.007668 2.748644 -2.133646
3.007668 2.748644 -2.133646
3.007668 2.748644 -2.133646
3.007668 2.748644 -2.133646
3.007668 2.748644 -2.133646
3.007668 2.748644 -2.133646
3.007668 2.748644 -2.133646
3.007668 2.748644 -2.133646
3.007668 2.748644 -2.133646
3.007668 2.748644 -2.133646
3.007668 2.748644 -2.133646
3.007668 2.748644 -2.133646
3.007668 2.748644 -2.133646
3.007668 2.748644 -2.133646
3.007668 2.748644 -2.133646
3.007668 2.748644 -2.133646
2.986143 2.980556 -1.850149
2.986143 2.980556 -1.850149
2.986143 2.980556 -1.850149
2.986143 2.980556 -1.850149
2.986143 2.980556 -1.850149
2.986143 2.980556 -1.850149
2.986143 2.980556 -1.850149
2.986143 2.980556 -1.850149
2.986143 2.980556 -1.850149
2.986143 2.980556 -1.850149
2.461028 1.78783 -1.498444
2.461028 1.78783 -1.498444
2.461028 1.78783 -1.498444
2.461028 1.78783 -1.498444
2.461028 1.78783 -1.498444
2.461028 1.78783 -1.498444
2.461028 1.78783 -1.498444
2.461028 1.78783 -1.498444
2.461028 1.78783 -1.498444
2.461028 1.78783 -1.498444
2.461028 1.78783 -1.498444
2.461028 1.78783 -1.498444
2.461028 1.78783 -1.498444
2.461028 1.78783 -1.498444
2.461028 1.78783 -1.498444
2.461028 1.78783 -1.498444
2.461028 1.78783 -1.498444
2.461028 1.78783 -1.498444
2.461028 1.78783 -1.498444
2.461028 1.78783 -1.498444
2.461028 1.78783 -1.498444
2.461028 1.78783 -1.498444
2.461028 1.78783 -1.498444
2.461028 1.78783 -1.498444
2.461028 1.78783 -1.498444
2.461028 1.78783 -1.498444
2.461028 1.78783 -1.498444
2.461028 1.78783 -1.498444
2.461028 1.78783 -1.498444
2.461028 1.78783 -1.498444
2.461028 1.78783 -1.498444
2.461028 1.78783 -1.498444
2.461028 1.78783 -1.498444
2.461028 1.78783 -1.498444
2.461028 1.78783 -1.498444
2.461028 1.78783 -1.498444
2.461028 1.78783 -1.498444
2.461028 1.78783 -1.498444
2.461028 1.78783 -1.498444
2.379397 1.803561 -1.962355
2.379397 1.803561 -1.962355
2.379397 1.803561 -1.962355
2.697035 2.66916 -1.725997
2.697035 2.66916 -1.725997
2.697035 2.66916 -1.725997
2.697035 2.66916 -1.725997
2.697035 2.66916 -1.725997
2.697035 2.66916 -1.725997
2.697035 2.66916 -1.725997
2.697035 2.66916 -1.725997
2.733595 2.687472 -1.777344
2.733595 2.687472 -1.777344
2.733595 2.687472 -1.777344
2.733595 2.687472 -1.777344
2.733595 2.687472 -1.777344
2.733595 2.687472 -1.777344
2.733595 2.687472 -1.777344
2.733595 2.687472 -1.777344
2.733595 2.687472 -1.777344
2.733595 2.687472 -1.777344
2.733595 2.687472 -1.777344
2.733595 2.687472 -1.777344
2.733595 2.687472 -1.777344
2.733595 2.687472 -1.777344
2.733595 2.687472 -1.777344
2.733595 2.687472 -1.777344
2.733595 2.687472 -1.777344
2.733595 2.687472 -1.777344
2.733595 2.687472 -1.777344
2.733595 2.687472 -1.777344
2.733595 2.687472 -1.777344
2.733595 2.687472 -1.777344
2.733595 2.687472 -1.777344
2.733595 2.687472 -1.777344
2.733595 2.687472 -1.777344
2.733595 2.687472 -1.777344
2.733595 2.687472 -1.777344
2.733595 2.687472 -1.777344
2.733595 2.687472 -1.777344
2.733595 2.687472 -1.777344
2.733595 2.687472 -1.777344
2.733595 2.687472 -1.777344
2.733595 2.687472 -1.777344
2.733595 2.687472 -1.777344
2.733595 2.687472 -1.777344
2.733595 2.687472 -1.777344
2.733595 2.687472 -1.777344
2.733595 2.687472 -1.777344
2.733595 2.687472 -1.777344
2.733595 2.687472 -1.777344
2.733595 2.687472 -1.777344
2.733595 2.687472 -1.777344
2.733595 2.687472 -1.777344
2.733595 2.687472 -1.777344
2.733595 2.687472 -1.777344
2.733595 2.687472 -1.777344
2.733595 2.687472 -1.777344
2.733595 2.687472 -1.777344
2.733595 2.687472 -1.777344
2.733595 2.687472 -1.777344
2.733595 2.687472 -1.777344
2.733595 2.687472 -1.777344
2.733595 2.687472 -1.777344
2.733595 2.687472 -1.777344
2.733595 2.687472 -1.777344
2.733595 2.687472 -1.777344
2.733595 2.687472 -1.777344
2.733595 2.687472 -1.777344
2.733595 2.687472 -1.777344
2.733595 2.687472 -1.777344
2.778101 2.717064 -2.061251
2.778101 2.717064 -2.061251
2.778101 2.717064 -2.061251
2.778101 2.717064 -2.061251
2.778101 2.717064 -2.061251
2.778101 2.717064 -2.061251
2.778101 2.717064 -2.061251
2.778101 2.717064 -2.061251
2.778101 2.717064 -2.061251
2.778101 2.717064 -2.061251
2.778101 2.717064 -2.061251
2.778101 2.717064 -2.061251
2.778101 2.717064 -2.061251
2.778101 2.717064 -2.061251
2.778101 2.717064 -2.061251
2.778101 2.717064 -2.061251
2.778101 2.717064 -2.061251
2.778101 2.717064 -2.061251
2.778101 2.717064 -2.061251
2.778101 2.717064 -2.061251
2.778101 2.717064 -2.061251
2.778101 2.717064 -2.061251
2.778101 2.717064 -2.061251
2.461204 2.536784 -1.462089
2.461204 2.536784 -1.462089
2.461204 2.536784 -1.462089
2.461204 2.536784 -1.462089
2.461204 2.536784 -1.462089
2.461204 2.536784 -1.462089
2.461204 2.536784 -1.462089
2.461204 2.536784 -1.462089
2.461204 2.536784 -1.462089
2.461204 2.536784 -1.462089
2.461204 2.536784 -1.462089
2.461204 2.536784 -1.462089
2.461204 2.536784 -1.462089
2.461204 2.536784 -1.462089
2.461204 2.536784 -1.462089
2.461204 2.536784 -1.462089
2.461204 2.536784 -1.462089
2.461204 2.536784 -1.462089
2.461204 2.536784 -1.462089
2.461204 2.536784 -1.462089
2.461204 2.536784 -1.462089
2.461204 2.536784 -1.462089
2.461204 2.536784 -1.462089
2.461204 2.536784 -1.462089
2.461204 2.536784 -1.462089
2.461204 2.536784 -1.462089
2.461204 2.536784 -1.462089
2.461204 2.536784 -1.462089
2.461204 2.536784 -1.462089
2.461204 2.536784 -1.462089
2.461204 2.536784 -1.462089
2.461204 2.536784 -1.462089
2.461204 2.536784 -1.462089
2.461204 2.536784 -1.462089
2.461204 2.536784 -1.462089
2.81701 2.552868 -2.293542
2.81701 2.552868 -2.293542
2.882104 2.536576 -2.512008
2.882104 2.536576 -2.512008
2.882104 2.536576 -2.512008
2.882104 2.536576 -2.512008
2.882104 2.536576 -2.512008
2.882104 2.536576 -2.512008
2.882104 2.536576 -2.512008
2.882104 2.536576 -2.512008
2.882104 2.536576 -2.512008
2.882104 2.536576 -2.512008
2.882104 2.536576 -2.512008
2.882104 2.536576 -2.512008
2.882104 2.536576 -2.512008
2.882104 2.536576 -2.512008
2.882104 2.536576 -2.512008
2.882104 2.536576 -2.512008
2.882104 2.536576 -2.512008
2.882104 2.536576 -2.512008
2.882104 2.536576 -2.512008
2.882104 2.536576 -2.512008
2.882104 2.536576 -2.512008
2.882104 2.536576 -2.512008
2.882104 2.536576 -2.512008
2.882104 2.536576 -2.512008
2.882104 2.536576 -2.512008
2.882104 2.536576 -2.512008
2.882104 2.536576 -2.512008
2.882104 2.536576 -2.512008
2.882104 2.536576 -2.512008
2.882104 2.536576 -2.512008
2.882104 2.536576 -2.512008
2.882104 2.536576 -2.512008
2.882104 2.536576 -2.512008
2.882104 2.536576 -2.512008
2.547849 2.685379 -1.386939
2.547849 2.685379 -1.386939
2.547849 2.685379 -1.386939
2.547849 2.685379 -1.386939
2.547849 2.685379 -1.386939
2.547849 2.685379 -1.386939
2.547849 2.685379 -1.386939
2.547849 2.685379 -1.386939
2.547849 2.685379 -1.386939
2.547849 2.685379 -1.386939
2.547849 2.685379 -1.386939
2.547849 2.685379 -1.386939
2.547849 2.685379 -1.386939
2.547849 2.685379 -1.386939
2.547849 2.685379 -1.386939
2.547849 2.685379 -1.386939
2.547849 2.685379 -1.386939
2.547849 2.685379 -1.386939
2.547849 2.685379 -1.386939
2.547849 2.685379 -1.386939
2.547849 2.685379 -1.386939
2.547849 2.685379 -1.386939
2.547849 2.685379 -1.386939
2.547849 2.685379 -1.386939
2.547849 2.685379 -1.386939
2.547849 2.685379 -1.386939
2.651652 2.829588 -1.740457
2.651652 2.829588 -1.740457
2.651652 2.829588 -1.740457
2.651652 2.829588 -1.740457
2.651652 2.829588 -1.740457
2.651652 2.829588 -1.740457
2.651652 2.829588 -1.740457
2.651652 2.829588 -1.740457
2.651652 2.829588 -1.740457
2.651652 2.829588 -1.740457
2.651652 2.829588 -1.740457
2.651652 2.829588 -1.740457
2.651652 2.829588 -1.740457
2.651652 2.829588 -1.740457
2.651652 2.829588 -1.740457
2.651652 2.829588 -1.740457
2.651652 2.829588 -1.740457
2.651652 2.829588 -1.740457
2.651652 2.829588 -1.740457
2.651652 2.829588 -1.740457
2.651652 2.829588 -1.740457
2.651652 2.829588 -1.740457
2.651652 2.829588 -1.740457
2.651652 2.829588 -1.740457
2.651652 2.829588 -1.740457
2.651652 2.829588 -1.740457
2.651652 2.829588 -1.740457
2.651652 2.829588 -1.740457
2.651652 2.829588 -1.740457
2.651652 2.829588 -1.740457
2.651652 2.829588 -1.740457
2.651652 2.829588 -1.740457
2.651652 2.829588 -1.740457
2.651652 2.829588 -1.740457
2.651652 2.829588 -1.740457
2.651652 2.829588 -1.740457
2.651652 2.829588 -1.740457
2.651652 2.829588 -1.740457
2.651652 2.829588 -1.740457
2.651652 2.829588 -1.740457
2.651652 2.829588 -1.740457
2.651652 2.829588 -1.740457
2.651652 2.829588 -1.740457
2.651652 2.829588 -1.740457
2.651652 2.829588 -1.740457
2.651652 2.829588 -1.740457
2.651652 2.829588 -1.740457
2.651652 2.829588 -1.740457
2.651652 2.829588 -1.740457
2.651652 2.829588 -1.740457
2.651652 2.829588 -1.740457
2.651652 2.829588 -1.740457
2.651652 2.829588 -1.740457
2.651652 2.829588 -1.740457
2.651652 2.829588 -1.740457
2.651652 2.829588 -1.740457
2.651652 2.829588 -1.740457
2.651652 2.829588 -1.740457
2.651652 2.829588 -1.740457
2.651652 2.829588 -1.740457
2.770064 2.922986 -2.073113
2.770064 2.922986 -2.073113
2.770064 2.922986 -2.073113
2.770064 2.922986 -2.073113
2.770064 2.922986 -2.073113
2.770064 2.922986 -2.073113
2.770064 2.922986 -2.073113
2.770064 2.922986 -2.073113
2.770064 2.922986 -2.073113
2.770064 2.922986 -2.073113
2.770064 2.922986 -2.073113
2.770064 2.922986 -2.073113
2.770064 2.922986 -2.073113
2.770064 2.922986 -2.073113
2.770064 2.922986 -2.073113
2.770064 2.922986 -2.073113
2.770064 2.922986 -2.073113
2.770064 2.922986 -2.073113
2.770064 2.922986 -2.073113
2.770064 2.922986 -2.073113
2.770064 2.922986 -2.073113
2.770064 2.922986 -2.073113
2.770064 2.922986 -2.073113
2.770064 2.922986 -2.073113
2.770064 2.922986 -2.073113
2.770064 2.922986 -2.073113
2.770064 2.922986 -2.073113
2.770064 2.922986 -2.073113
2.770064 2.922986 -2.073113
2.770064 2.922986 -2.073113
2.770064 2.922986 -2.073113
2.770064 2.922986 -2.073113
2.770064 2.922986 -2.073113
2.770064 2.922986 -2.073113
2.770064 2.922986 -2.073113
2.770064 2.922986 -2.073113
2.770064 2.922986 -2.073113
2.770064 2.922986 -2.073113
2.770064 2.922986 -2.073113
2.770064 2.922986 -2.073113
2.770064 2.922986 -2.073113
2.770064 2.922986 -2.073113
2.770064 2.922986 -2.073113
3.058573 3.156026 -2.235376
3.058573 3.156026 -2.235376
3.058573 3.156026 -2.235376
3.058573 3.156026 -2.235376
3.058573 3.156026 -2.235376
3.058573 3.156026 -2.235376
3.058573 3.156026 -2.235376
3.058573 3.156026 -2.235376
3.058573 3.156026 -2.235376
3.058573 3.156026 -2.235376
3.058573 3.156026 -2.235376
3.058573 3.156026 -2.235376
3.058573 3.156026 -2.235376
3.058573 3.156026 -2.235376
3.058573 3.156026 -2.235376
3.058573 3.156026 -2.235376
3.058573 3.156026 -2.235376
3.053003 3.332093 -1.783084
3.554169 2.50976 -3.25783
3.554169 2.50976 -3.25783
3.554169 2.50976 -3.25783
3.554169 2.50976 -3.25783
3.554169 2.50976 -3.25783
3.554169 2.50976 -3.25783
3.554169 2.50976 -3.25783
3.554169 2.50976 -3.25783
3.554169 2.50976 -3.25783
3.554169 2.50976 -3.25783
3.554169 2.50976 -3.25783
3.554169 2.50976 -3.25783
3.554169 2.50976 -3.25783
3.554169 2.50976 -3.25783
3.008382 2.544835 -2.601601
3.008382 2.544835 -2.601601
3.008382 2.544835 -2.601601
3.008382 2.544835 -2.601601
3.008382 2.544835 -2.601601
3.008382 2.544835 -2.601601
3.008382 2.544835 -2.601601
3.008382 2.544835 -2.601601
3.008382 2.544835 -2.601601
3.008382 2.544835 -2.601601
3.008382 2.544835 -2.601601
3.008382 2.544835 -2.601601
3.008382 2.544835 -2.601601
3.008382 2.544835 -2.601601
3.008382 2.544835 -2.601601
3.008382 2.544835 -2.601601
3.008382 2.544835 -2.601601
3.008382 2.544835 -2.601601
3.008382 2.544835 -2.601601
3.008382 2.544835 -2.601601
3.008382 2.544835 -2.601601
3.008382 2.544835 -2.601601
3.008382 2.544835 -2.601601
3.008382 2.544835 -2.601601
3.008382 2.544835 -2.601601
3.008382 2.544835 -2.601601
3.008382 2.544835 -2.601601
3.008382 2.544835 -2.601601
3.008382 2.544835 -2.601601
3.008382 2.544835 -2.601601
3.008382 2.544835 -2.601601
3.008382 2.544835 -2.601601
3.008382 2.544835 -2.601601
3.106372 3.110864 -2.437212
3.106372 3.110864 -2.437212
3.106372 3.110864 -2.437212
3.106372 3.110864 -2.437212
3.106372 3.110864 -2.437212
3.106372 3.110864 -2.437212
3.106372 3.110864 -2.437212
3.106372 3.110864 -2.437212
3.106372 3.110864 -2.437212
3.106372 3.110864 -2.437212
3.106372 3.110864 -2.437212
3.106372 3.110864 -2.437212
3.051985 2.904764 -2.397885
3.051985 2.904764 -2.397885
3.051985 2.904764 -2.397885
3.051985 2.904764 -2.397885
3.051985 2.904764 -2.397885
3.051985 2.904764 -2.397885
3.051985 2.904764 -2.397885
3.051985 2.904764 -2.397885
3.051985 2.904764 -2.397885
3.051985 2.904764 -2.397885
3.051985 2.904764 -2.397885
3.051985 2.904764 -2.397885
3.051985 2.904764 -2.397885
3.051985 2.904764 -2.397885
3.051985 2.904764 -2.397885
3.051985 2.904764 -2.397885
3.051985 2.904764 -2.397885
3.051985 2.904764 -2.397885
3.051985 2.904764 -2.397885
3.051985 2.904764 -2.397885
3.051985 2.904764 -2.397885
3.051985 2.904764 -2.397885
3.051985 2.904764 -2.397885
3.051985 2.904764 -2.397885
3.051985 2.904764 -2.397885
3.051985 2.904764 -2.397885
3.051985 2.904764 -2.397885
3.051985 2.904764 -2.397885
3.051985 2.904764 -2.397885
3.051985 2.904764 -2.397885
3.051985 2.904764 -2.397885
3.051985 2.904764 -2.397885
3.051985 2.904764 -2.397885
3.051985 2.904764 -2.397885
3.051985 2.904764 -2.397885
3.051985 2.904764 -2.397885
3.051985 2.904764 -2.397885
3.051985 2.904764 -2.397885
3.051985 2.904764 -2.397885
3.051985 2.904764 -2.397885
3.051985 2.904764 -2.397885
3.051985 2.904764 -2.397885
3.051985 2.904764 -2.397885
3.051985 2.904764 -2.397885
3.051985 2.904764 -2.397885
3.051985 2.904764 -2.397885
3.051985 2.904764 -2.397885
3.051985 2.904764 -2.397885
3.051985 2.904764 -2.397885
3.051985 2.904764 -2.397885
3.051985 2.904764 -2.397885
3.051985 2.904764 -2.397885
3.051985 2.904764 -2.397885
3.051985 2.904764 -2.397885
3.051985 2.904764 -2.397885
3.051985 2.904764 -2.397885
3.051985 2.904764 -2.397885
3.051985 2.904764 -2.397885
3.051985 2.904764 -2.397885
3.051985 2.904764 -2.397885
3.064522 2.646986 -2.466179
3.064522 2.646986 -2.466179
3.064522 2.646986 -2.466179
3.064522 2.646986 -2.466179
3.064522 2.646986 -2.466179
3.064522 2.646986 -2.466179
3.064522 2.646986 -2.466179
3.064522 2.646986 -2.466179
3.064522 2.646986 -2.466179
3.064522 2.646986 -2.466179
3.064522 2.646986 -2.466179
3.064522 2.646986 -2.466179
3.064522 2.646986 -2.466179
3.064522 2.646986 -2.466179
3.064522 2.646986 -2.466179
3.064522 2.646986 -2.466179
3.064522 2.646986 -2.466179
3.064522 2.646986 -2.466179
3.064522 2.646986 -2.466179
3.064522 2.646986 -2.466179
3.064522 2.646986 -2.466179
3.064522 2.646986 -2.466179
3.064522 2.646986 -2.466179
3.064522 2.646986 -2.466179
3.064522 2.646986 -2.466179
3.064522 2.646986 -2.466179
3.064522 2.646986 -2.466179
3.064522 2.646986 -2.466179
3.064522 2.646986 -2.466179
3.064522 2.646986 -2.466179
3.064522 2.646986 -2.466179
3.064522 2.646986 -2.466179
3.064522 2.646986 -2.466179
3.064522 2.646986 -2.466179
3.064522 2.646986 -2.466179
3.064522 2.646986 -2.466179
3.064522 2.646986 -2.466179
3.064522 2.646986 -2.466179
3.064522 2.646986 -2.466179
3.064522 2.646986 -2.466179
3.064522 2.646986 -2.466179
3.064522 2.646986 -2.466179
3.064522 2.646986 -2.466179
3.064522 2.646986 -2.466179
3.064522 2.646986 -2.466179
3.064522 2.646986 -2.466179
3.064522 2.646986 -2.466179
3.064522 2.646986 -2.466179
3.064522 2.646986 -2.466179
3.064522 2.646986 -2.466179
3.064522 2.646986 -2.466179
3.064522 2.646986 -2.466179
3.064522 2.646986 -2.466179
3.064522 2.646986 -2.466179
3.064522 2.646986 -2.466179
3.064522 2.646986 -2.466179
3.064522 2.646986 -2.466179
3.064522 2.646986 -2.466179
3.064522 2.646986 -2.466179
3.064522 2.646986 -2.466179
3.155222 2.452157 -2.494923
3.155222 2.452157 -2.494923
3.155222 2.452157 -2.494923
3.155222 2.452157 -2.494923
3.155222 2.452157 -2.494923
3.155222 2.452157 -2.494923
3.155222 2.452157 -2.494923
3.155222 2.452157 -2.494923
3.155222 2.452157 -2.494923
3.155222 2.452157 -2.494923
3.155222 2.452157 -2.494923
3.155222 2.452157 -2.494923
3.155222 2.452157 -2.494923
3.155222 2.452157 -2.494923
3.155222 2.452157 -2.494923
3.155222 2.452157 -2.494923
3.155222 2.452157 -2.494923
3.155222 2.452157 -2.494923
3.155222 2.452157 -2.494923
3.155222 2.452157 -2.494923
3.155222 2.452157 -2.494923
3.155222 2.452157 -2.494923
3.155222 2.452157 -2.494923
3.155222 2.452157 -2.494923
3.155222 2.452157 -2.494923
3.155222 2.452157 -2.494923
3.155222 2.452157 -2.494923
3.155222 2.452157 -2.494923
3.155222 2.452157 -2.494923
3.155222 2.452157 -2.494923
3.155222 2.452157 -2.494923
3.155222 2.452157 -2.494923
3.155222 2.452157 -2.494923
3.155222 2.452157 -2.494923
3.155222 2.452157 -2.494923
3.155222 2.452157 -2.494923
3.155222 2.452157 -2.494923
3.155222 2.452157 -2.494923
3.155222 2.452157 -2.494923
3.155222 2.452157 -2.494923
3.155222 2.452157 -2.494923
3.155222 2.452157 -2.494923
3.155222 2.452157 -2.494923
3.155222 2.452157 -2.494923
3.155222 2.452157 -2.494923
3.155222 2.452157 -2.494923
3.155222 2.452157 -2.494923
3.155222 2.452157 -2.494923
3.155222 2.452157 -2.494923
3.155222 2.452157 -2.494923
3.155222 2.452157 -2.494923
3.155222 2.452157 -2.494923
3.155222 2.452157 -2.494923
3.155222 2.452157 -2.494923
3.155222 2.452157 -2.494923
3.155222 2.452157 -2.494923
3.155222 2.452157 -2.494923
3.155222 2.452157 -2.494923
3.155222 2.452157 -2.494923
3.155222 2.452157 -2.494923
3.071134 2.450674 -2.138013
3.071134 2.450674 -2.138013
3.071134 2.450674 -2.138013
3.071134 2.450674 -2.138013
3.222818 2.772862 -2.280434
3.222818 2.772862 -2.280434
3.222818 2.772862 -2.280434
3.222818 2.772862 -2.280434
3.222818 2.772862 -2.280434
3.222818 2.772862 -2.280434
3.222818 2.772862 -2.280434
3.222818 2.772862 -2.280434
3.222818 2.772862 -2.280434
3.222818 2.772862 -2.280434
3.222818 2.772862 -2.280434
3.222818 2.772862 -2.280434
3.222818 2.772862 -2.280434
3.222818 2.772862 -2.280434
3.222818 2.772862 -2.280434
3.222818 2.772862 -2.280434
3.222818 2.772862 -2.280434
3.222818 2.772862 -2.280434
3.222818 2.772862 -2.280434
3.222818 2.772862 -2.280434
3.222818 2.772862 -2.280434
3.222818 2.772862 -2.280434
3.222818 2.772862 -2.280434
3.222818 2.772862 -2.280434
3.222818 2.772862 -2.280434
3.222818 2.772862 -2.280434
3.222818 2.772862 -2.280434
3.222818 2.772862 -2.280434
3.222818 2.772862 -2.280434
3.319932 2.835522 -2.753665
3.048123 2.774864 -2.597652
3.048123 2.774864 -2.597652
3.048123 2.774864 -2.597652
3.048123 2.774864 -2.597652
3.048123 2.774864 -2.597652
3.048123 2.774864 -2.597652
3.048123 2.774864 -2.597652
3.048123 2.774864 -2.597652
3.048123 2.774864 -2.597652
3.048123 2.774864 -2.597652
3.048123 2.774864 -2.597652
3.048123 2.774864 -2.597652
3.048123 2.774864 -2.597652
3.048123 2.774864 -2.597652
3.048123 2.774864 -2.597652
3.048123 2.774864 -2.597652
3.048123 2.774864 -2.597652
3.048123 2.774864 -2.597652
3.048123 2.774864 -2.597652
3.048123 2.774864 -2.597652
3.048123 2.774864 -2.597652
3.048123 2.774864 -2.597652
3.048123 2.774864 -2.597652
3.048123 2.774864 -2.597652
3.048123 2.774864 -2.597652
3.048123 2.774864 -2.597652
3.032298 3.055786 -2.835907
3.032298 3.055786 -2.835907
3.032298 3.055786 -2.835907
3.032298 3.055786 -2.835907
3.032298 3.055786 -2.835907
3.032298 3.055786 -2.835907
2.742827 1.798954 -2.046416
2.742827 1.798954 -2.046416
2.742827 1.798954 -2.046416
2.742827 1.798954 -2.046416
2.742827 1.798954 -2.046416
2.742827 1.798954 -2.046416
2.742827 1.798954 -2.046416
2.742827 1.798954 -2.046416
2.742827 1.798954 -2.046416
2.742827 1.798954 -2.046416
2.742827 1.798954 -2.046416
2.742827 1.798954 -2.046416
2.742827 1.798954 -2.046416
2.742827 1.798954 -2.046416
2.731552 2.36013 -1.501088
2.731552 2.36013 -1.501088
2.731552 2.36013 -1.501088
2.731552 2.36013 -1.501088
2.731552 2.36013 -1.501088
2.731552 2.36013 -1.501088
2.731552 2.36013 -1.501088
2.731552 2.36013 -1.501088
2.731552 2.36013 -1.501088
2.731552 2.36013 -1.501088
2.731552 2.36013 -1.501088
2.731552 2.36013 -1.501088
2.731552 2.36013 -1.501088
2.731552 2.36013 -1.501088
2.731552 2.36013 -1.501088
2.731552 2.36013 -1.501088
2.731552 2.36013 -1.501088
2.731552 2.36013 -1.501088
2.731552 2.36013 -1.501088
2.731552 2.36013 -1.501088
2.731552 2.36013 -1.501088
2.731552 2.36013 -1.501088
2.731552 2.36013 -1.501088
2.731552 2.36013 -1.501088
2.731552 2.36013 -1.501088
2.731552 2.36013 -1.501088
2.731552 2.36013 -1.501088
2.731552 2.36013 -1.501088
2.731552 2.36013 -1.501088
2.731552 2.36013 -1.501088
2.731552 2.36013 -1.501088
2.731552 2.36013 -1.501088
2.731552 2.36013 -1.501088
2.731552 2.36013 -1.501088
2.731552 2.36013 -1.501088
2.731552 2.36013 -1.501088
2.731552 2.36013 -1.501088
2.731552 2.36013 -1.501088
2.731552 2.36013 -1.501088
2.731552 2.36013 -1.501088
2.765432 2.373335 -1.76263
2.765432 2.373335 -1.76263
2.765432 2.373335 -1.76263
2.765432 2.373335 -1.76263
2.765432 2.373335 -1.76263
2.765432 2.373335 -1.76263
2.765432 2.373335 -1.76263
2.765432 2.373335 -1.76263
2.765432 2.373335 -1.76263
2.765432 2.373335 -1.76263
2.765432 2.373335 -1.76263
2.765432 2.373335 -1.76263
2.765432 2.373335 -1.76263
2.765432 2.373335 -1.76263
2.765432 2.373335 -1.76263
2.765432 2.373335 -1.76263
2.765432 2.373335 -1.76263
2.765432 2.373335 -1.76263
2.765432 2.373335 -1.76263
2.765432 2.373335 -1.76263
2.765432 2.373335 -1.76263
2.765432 2.373335 -1.76263
2.765432 2.373335 -1.76263
2.765432 2.373335 -1.76263
2.765432 2.373335 -1.76263
2.765432 2.373335 -1.76263
2.765432 2.373335 -1.76263
2.765432 2.373335 -1.76263
2.765432 2.373335 -1.76263
2.765432 2.373335 -1.76263
2.765432 2.373335 -1.76263
2.765432 2.373335 -1.76263
2.765432 2.373335 -1.76263
2.765432 2.373335 -1.76263
2.765432 2.373335 -1.76263
2.765432 2.373335 -1.76263
2.765432 2.373335 -1.76263
2.765432 2.373335 -1.76263
2.765432 2.373335 -1.76263
2.765432 2.373335 -1.76263
2.765432 2.373335 -1.76263
2.765432 2.373335 -1.76263
2.765432 2.373335 -1.76263
2.765432 2.373335 -1.76263
2.765432 2.373335 -1.76263
2.765432 2.373335 -1.76263
2.765432 2.373335 -1.76263
2.765432 2.373335 -1.76263
2.765432 2.373335 -1.76263
2.765432 2.373335 -1.76263
2.765432 2.373335 -1.76263
2.765432 2.373335 -1.76263
2.765432 2.373335 -1.76263
2.765432 2.373335 -1.76263
2.765432 2.373335 -1.76263
2.765432 2.373335 -1.76263
2.765432 2.373335 -1.76263
2.765432 2.373335 -1.76263
2.765432 2.373335 -1.76263
2.765432 2.373335 -1.76263
2.79541 2.34285 -1.863389
2.79541 2.34285 -1.863389
2.79541 2.34285 -1.863389
2.79541 2.34285 -1.863389
2.79541 2.34285 -1.863389
2.79541 2.34285 -1.863389
2.79541 2.34285 -1.863389
2.79541 2.34285 -1.863389
2.79541 2.34285 -1.863389
2.79541 2.34285 -1.863389
2.79541 2.34285 -1.863389
2.79541 2.34285 -1.863389
2.79541 2.34285 -1.863389
2.79541 2.34285 -1.863389
2.79541 2.34285 -1.863389
2.79541 2.34285 -1.863389
2.79541 2.34285 -1.863389
2.79541 2.34285 -1.863389
2.79541 2.34285 -1.863389
2.79541 2.34285 -1.863389
2.79541 2.34285 -1.863389
2.79541 2.34285 -1.863389
2.79541 2.34285 -1.863389
3.007335 2.741587 -2.73898
3.007335 2.741587 -2.73898
3.007335 2.741587 -2.73898
3.007335 2.741587 -2.73898
3.007335 2.741587 -2.73898
3.007335 2.741587 -2.73898
3.007335 2.741587 -2.73898
3.007335 2.741587 -2.73898
3.007335 2.741587 -2.73898
3.046368 2.083868 -3.215349
3.046368 2.083868 -3.215349
3.046368 2.083868 -3.215349
3.046368 2.083868 -3.215349
3.046368 2.083868 -3.215349
3.046368 2.083868 -3.215349
3.046368 2.083868 -3.215349
3.046368 2.083868 -3.215349
3.046368 2.083868 -3.215349
3.046368 2.083868 -3.215349
2.92272 2.471998 -2.458602
2.92272 2.471998 -2.458602
2.92272 2.471998 -2.458602
2.92272 2.471998 -2.458602
2.92272 2.471998 -2.458602
2.92272 2.471998 -2.458602
2.92272 2.471998 -2.458602
2.92272 2.471998 -2.458602
2.92272 2.471998 -2.458602
2.92272 2.471998 -2.458602
2.92272 2.471998 -2.458602
2.92272 2.471998 -2.458602
2.92272 2.471998 -2.458602
2.92272 2.471998 -2.458602
2.92272 2.471998 -2.458602
2.92272 2.471998 -2.458602
2.92272 2.471998 -2.458602
2.92272 2.471998 -2.458602
2.94366 2.60062 -2.456339
2.94366 2.60062 -2.456339
2.94366 2.60062 -2.456339
2.94366 2.60062 -2.456339
2.94366 2.60062 -2.456339
2.94366 2.60062 -2.456339
2.94366 2.60062 -2.456339
2.94366 2.60062 -2.456339
2.94366 2.60062 -2.456339
2.94366 2.60062 -2.456339
2.94366 2.60062 -2.456339
2.94366 2.60062 -2.456339
2.94366 2.60062 -2.456339
2.94366 2.60062 -2.456339
2.94366 2.60062 -2.456339
2.94366 2.60062 -2.456339
2.94366 2.60062 -2.456339
2.94366 2.60062 -2.456339
2.94366 2.60062 -2.456339
2.94366 2.60062 -2.456339
2.94366 2.60062 -2.456339
2.94366 2.60062 -2.456339
2.94366 2.60062 -2.456339
2.94366 2.60062 -2.456339
2.94366 2.60062 -2.456339
2.94366 2.60062 -2.456339
2.94366 2.60062 -2.456339
2.94366 2.60062 -2.456339
2.94366 2.60062 -2.456339
2.94366 2.60062 -2.456339
2.94366 2.60062 -2.456339
2.94366 2.60062 -2.456339
2.94366 2.60062 -2.456339
2.94366 2.60062 -2.456339
2.94366 2.60062 -2.456339
2.94366 2.60062 -2.456339
2.94366 2.60062 -2.456339
2.94366 2.60062 -2.456339
2.94366 2.60062 -2.456339
2.94366 2.60062 -2.456339
2.94366 2.60062 -2.456339
2.94366 2.60062 -2.456339
2.94366 2.60062 -2.456339
2.94366 2.60062 -2.456339
2.94366 2.60062 -2.456339
2.94366 2.60062 -2.456339
2.94366 2.60062 -2.456339
2.94366 2.60062 -2.456339
2.94366 2.60062 -2.456339
2.94366 2.60062 -2.456339
2.94366 2.60062 -2.456339
2.94366 2.60062 -2.456339
2.94366 2.60062 -2.456339
2.94366 2.60062 -2.456339
2.94366 2.60062 -2.456339
2.94366 2.60062 -2.456339
2.94366 2.60062 -2.456339
2.94366 2.60062 -2.456339
2.94366 2.60062 -2.456339
2.94366 2.60062 -2.456339
