1.097356 0.3444793 1.698274
1.512919 1.034644 1.019118
1.521522 1.837091 -0.2108823
1.521522 1.837091 -0.2108823
1.820165 1.312927 -1.505986
1.820165 1.312927 -1.505986
2.458532 1.574405 -1.754813
2.140247 2.133394 -1.067395
2.040271 1.877819 -0.8374362
2.196227 1.80807 -1.308465
2.196227 1.80807 -1.308465
2.196227 1.80807 -1.308465
2.386915 2.025255 -1.472654
2.386915 2.025255 -1.472654
2.386915 2.025255 -1.472654
2.21569 1.701803 -1.41933
2.193501 2.403398 -1.504489
2.385348 2.602761 -0.9613065
2.429468 2.184545 -1.566698
2.429468 2.184545 -1.566698
2.429468 2.184545 -1.566698
2.600577 2.330967 -1.909582
2.600577 2.330967 -1.909582
2.600577 2.330967 -1.909582
2.759897 2.474618 -2.113225
2.783085 2.597891 -2.269523
2.783085 2.597891 -2.269523
2.938789 2.825673 -2.514845
2.938789 2.825673 -2.514845
2.938789 2.825673 -2.514845
2.998872 3.031344 -2.367309
2.998872 3.031344 -2.367309
2.998872 3.031344 -2.367309
2.739466 2.760542 -2.117089
2.739466 2.760542 -2.117089
2.510799 2.830714 -1.524946
2.502574 2.84349 -1.586522
2.502574 2.84349 -1.586522
2.502574 2.84349 -1.586522
2.545032 2.77138 -1.900758
2.513679 2.714426 -1.777928
2.846019 3.086548 -1.900677
2.924596 3.196071 -2.192533
2.924596 3.196071 -2.192533
2.997984 2.977009 -2.482352
2.693415 2.16239 -2.416814
2.693415 2.16239 -2.416814
3.066295 2.526525 -2.60138
3.124333 2.826538 -2.647359
3.124333 2.826538 -2.647359
3.124333 2.826538 -2.647359
3.111009 2.789219 -2.295586
3.268538 3.370725 -2.885316
3.268538 3.370725 -2.885316
3.216502 3.049717 -3.012198
3.216502 3.049717 -3.012198
2.982165 3.235842 -2.049328
2.78405 2.198623 -2.502486
2.626298 2.193649 -2.270708
2.626298 2.193649 -2.270708
2.699276 2.24472 -2.298057
2.699276 2.24472 -2.298057
2.699276 2.24472 -2.298057
2.627881 2.651615 -1.878064
2.906377 2.222439 -2.501181
2.890797 2.89205 -2.363577
2.703383 3.238036 -1.911606
2.703383 3.238036 -1.911606
2.703383 3.238036 -1.911606
2.766002 2.50557 -2.129632
2.766002 2.50557 -2.129632
2.766002 2.50557 -2.129632
2.803192 2.626982 -1.732654
2.878699 2.263971 -2.818603
3.10524 2.438135 -3.033515
2.695041 2.285452 -2.237095
