1.727384 0.5814048 0.8795026
1.623463 0.7807568 0.9652398
1.926781 1.956408 -0.6174492
2.27595 2.157176 -0.7168224
2.27595 2.157176 -0.7168224
2.27595 2.157176 -0.7168224
1.497553 1.042268 -0.05536358
1.497553 1.042268 -0.05536358
1.497553 1.042268 -0.05536358
2.237764 1.68597 -0.9664168
2.248204 1.624191 -0.9370122
2.537792 1.787296 -1.718258
2.42346 1.955476 -1.920971
2.42346 1.955476 -1.920971
2.194024 2.357746 -0.7367697
2.412817 2.545947 -0.9962791
2.412817 2.545947 -0.9962791
2.303287 1.981164 -1.412307
2.521657 2.141926 -1.810518
2.521657 2.141926 -1.810518
2.521657 2.141926 -1.810518
2.722336 2.29456 -2.020864
2.722336 2.29456 -2.020864
2.722336 2.29456 -2.020864
2.920565 2.476797 -2.319579
2.920565 2.476797 -2.319579
2.920565 2.476797 -2.319579
3.007668 2.748644 -2.133646
3.007668 2.748644 -2.133646
3.007668 2.748644 -2.133646
2.461028 1.78783 -1.498444
2.461028 1.78783 -1.498444
2.697035 2.66916 -1.725997
2.733595 2.687472 -1.777344
2.733595 2.687472 -1.777344
2.733595 2.687472 -1.777344
2.778101 2.717064 -2.061251
2.461204 2.536784 -1.462089
2.81701 2.552868 -2.293542
2.882104 2.536576 -2.512008
2.547849 2.685379 -1.386939
2.547849 2.685379 -1.386939
2.651652 2.829588 -1.740457
2.651652 2.829588 -1.740457
2.651652 2.829588 -1.740457
2.770064 2.922986 -2.073113
2.770064 2.922986 -2.073113
3.058573 3.156026 -2.235376
3.008382 2.544835 -2.601601
3.008382 2.544835 -2.601601
3.106372 3.110864 -2.437212
3.051985 2.904764 -2.397885
3.051985 2.904764 -2.397885
3.051985 2.904764 -2.397885
3.064522 2.646986 -2.466179
3.064522 2.646986 -2.466179
3.064522 2.646986 -2.466179
3.155222 2.452157 -2.494923
3.155222 2.452157 -2.494923
3.155222 2.452157 -2.494923
3.222818 2.772862 -2.280434
3.048123 2.774864 -2.597652
3.048123 2.774864 -2.597652
2.742827 1.798954 -2.046416
2.731552 2.36013 -1.501088
2.731552 2.36013 -1.501088
2.765432 2.373335 -1.76263
2.765432 2.373335 -1.76263
2.765432 2.373335 -1.76263
2.79541 2.34285 -1.863389
3.046368 2.083868 -3.215349
2.92272 2.471998 -2.458602
2.94366 2.60062 -2.456339
2.94366 2.60062 -2.456339
2.94366 2.60062 -2.456339
