21648684
1088159782
819951772
-711057603
-1885091248
1154041089
1777349349
-1914022706
807763294
-1214793327
-958797609
-1298044689
632336229
-1923999682
-1486561440
1839885186
-1058066825
1396096760
-197657624
-1228733753
529624616
-2028058280
1792335318
1841250760
-427012752
1567767746
-703226874
-1476034627
-482928364
-1909149675
-1564139341
1188176265
-749059526
1191190560
347847333
-329979252
34481667
-1208070320
383005995
29406756
-883826197
1167217491
391548867
1595477838
1802162809
1631308588
405373460
-1060696808
-853363596
-143280260
1635184964
1930225689
-878589474
1148339078
1184206467
-1461822431
-321571642
-725996085
367657817
-945129505
635666778
318674593
1311690441
318360750
-897795598
-1053479475
-1594053001
-963089732
-846314613
-807976032
-1519303516
-339996700
1820819108
-1471492148
1632616757
-1526559200
-1963530845
526679196
318825965
-1882942342
1824715727
-1380735041
1988443462
-431194617
-379350139
-2099344444
821503487
212298027
-2133972639
1444903344
-1253290591
26835744
-2141413470
253529887
1972411800
-276070905
2101895717
-1736642052
19
