600358313
919863002
2018190932
1970659026
-1252443860
1993678145
1923416245
2137778807
-732804282
359285444
-810273795
-1582132063
652816160
312320711
933475365
669892839
-1309250007
-1404828223
1324759944
-974206244
1258358076
-1041012294
-2073809387
-935991635
-1424069230
-1393324847
1166975355
565980306
-1301727948
307425263
-1962720355
429970631
-1591013432
127771327
-1953705691
-1788904741
-330687468
1756704639
-1388989807
-751764451
-1265701027
-766691309
531905142
-1105697502
1970833817
-1350269144
-1590609915
-1058796929
-398412485
1287700820
973298258
-2116810763
1486817252
-2083200475
1279985709
-2023491833
1075099640
-1971365986
-797455065
-946082021
517024159
920884454
-1259681473
-1333118268
1576534991
1146333778
1951215651
-1357595527
-128133120
1789327943
18687166
-20598439
1194087587
1847905064
-1958742716
-1147054117
-2119984186
-6263120
1273915212
1962581897
-436883192
-549324967
1220691609
-1366543269
-316700311
-940896421
-1011965629
216436210
-2033409474
1693648213
121661380
-2129519950
-2132404799
1301007176
116131931
1515668569
-31230453
1306567059
85
