-1000976344
557321664
-1065960443
-1531240157
-1950107092
178669359
1989082717
-2114973178
1778041853
1964343108
-1327776933
-2031936488
100469473
-1872834231
-156930112
538193832
394343396
884426445
-1998220428
2050452579
393129533
-1108606491
323500794
-2007620501
878679437
636149096
417997093
1223653667
542054802
-1809708702
-402084910
1276838374
43556880
1430146057
1031176689
1321475553
-562399704
-2086366352
868780456
-567804268
957486713
-241277131
-596276053
1398161262
-969324486
-675875755
-133373095
-1393668730
1967253989
-1580391676
-82213153
1648213463
-1075068213
-767023635
-1737769201
-717038780
628899874
146507788
728990572
-410561568
1726908782
-2143313707
1193449500
-253888016
1294805113
1767564892
-466093427
841279738
113185880
751672290
-422029438
-690799466
-1388264085
-1668556399
-600974202
1246485890
1105612289
257857598
-288267003
-1536621820
-1787760228
523192703
-1014050467
-1145705033
1999870573
-918120920
-2085786325
-895996259
1033166910
-500967814
-573183748
-1324374703
-223136517
-8843986
-640476536
51076447
-307343684
371823978
93
