637897284
-553498984
379645398
-1620167029
-206880847
1738555208
-1878238986
-810374069
1631926973
-1892582131
933722459
812204962
1897728447
1829536175
2113928788
546522780
-1032833918
857574457
-941635567
445976173
-232889634
1698820059
954329598
1332084984
-279420480
1060192399
-864238321
-716230141
1339555637
1719684412
-172368077
-144193067
-983919667
1120091965
-1510302353
373409734
747158246
-656146087
-229649863
-1143675805
756114299
-730854603
416316338
-103213268
-1808144559
1340016037
1066841304
1736841556
433807201
-403810193
-1769399482
732919081
-762896484
-1262068968
92909154
98416999
1776169949
55797052
269101597
-2110360688
544489261
781195701
1775068736
1376632032
-198495096
1147957418
-374939022
583332087
-267591416
-881458804
1768140636
-113887210
-502345876
-865981264
-268009129
-13067038
-1362947441
1754888
553399532
92999549
310207590
514313277
-391380304
-1762681749
-2095949442
1508547418
-293264915
213189749
874700337
467058877
604658000
-514311131
1226299152
1420362659
-1667618369
-769610039
-500693445
-474164903
43
