-40549672
1552314625
1793829315
-1844779842
777919607
523489267
2022470715
-1089032919
-1009534366
-995569266
631857547
80522090
-1123551693
-1303755758
-2095089862
1035641878
-1064377314
842214573
-1874827042
-1829296122
-706177209
2052387273
-677708889
1514285159
-2119955018
-2083892946
1630226677
312059485
-1166445679
-944465440
-829106646
-36295022
-1664722597
983695567
-1206750730
1430415854
2100868880
2006183700
-1475994065
-1399119559
-786012058
1078330994
-1139161840
-1159441437
-293949020
390298263
-1470530222
-1940206741
-1207395792
542155641
-831408676
-1195319640
-2009494419
-52916230
56575970
-2076754400
1588578135
-363678038
-1760936100
-824810016
-577093676
1314160985
-1610074457
-538911167
-1610822375
-136711776
1756107103
1418445542
1242107110
1822231087
900938597
579352591
-474572381
-1168113119
1586727712
-604923865
713592201
1205630110
303128521
-1550381708
-1788407090
740271963
1177209501
-1097658279
-1661208282
-1636467309
-1222256515
1605723930
962810672
2043598585
-1881672683
532955508
-1729552322
895900721
633057001
1457547714
347892512
811012207
53
