0 1 : 000001000000010111000100000011000110101000010000
0 5 : 000001000001010011000100000011000100101000100000
0 1 : 000001000001110011100100000011000100101000100000
0 1 : 000001000011010011000100000011000100101000100000
0 1 : 000001000101010011000100000011000100101000100000
0 3 : 000001010001010011000100000011000100101000100000
0 1 : 000001100001010011000100000011000100101000100000
0 1 : 000100001000001000011001011000101001010101001001
0 3 : 000100001000001000011001100000100001000101001000
0 1 : 011000001000001000010011000100110001000111000100
0 1 : 011000001000001000010011000100110001000111000110
0 1 : 100011000001010011000100000011000100101000100000
