1879509629
-451955703
-1860938605
1140588903
-1779552446
-10420812
-19072833
-1775595194
1503583041
-376405200
-379792070
788007015
1484706241
-1487817268
-1950884739
-1430754312
-1100804223
-1540794042
856254022
-1925531554
-10802229
-1699892286
825036815
35657145
539659612
2003138813
1179652738
757534203
-1207352791
-1529026795
-841625020
-380592426
-1860420122
1053403381
1393462805
-1462311940
1256782811
-1778995029
407692115
1141470872
1821049039
1479720061
-356645407
812673853
-210762734
-160245405
650375157
-872866792
150750689
-1538740779
2012810806
450316651
736666035
-1580338498
-1266845055
254730109
1319519038
705547192
-245724868
-253867635
1261157530
1829674967
-13840200
-1839371898
750464548
-1057745596
235555088
-805429240
-1902524534
366052473
-1175095293
-94191100
-1002539839
-1343088050
-891015818
1654502704
231391418
-1933151227
-248880091
102178359
1246868766
-245542113
403370847
458633643
785054724
-345937855
179813701
954455030
-92214735
507590358
684543281
-1925507154
-1851839303
-1911367879
-1176751199
794803820
-1634696492
1036963326
79
