-657791041
1540855105
-2041763030
2146468524
-1108438735
1765853535
-2087413833
-1368744621
-454178048
-30204968
-1190885560
246905244
-1846455920
1618713719
649234157
-1974274406
1755180984
48537887
-731977119
-293881644
-1681127154
112691767
-1498979753
-279501068
427468390
-684483933
-1137778751
1575113409
917294223
-105674905
-1309242295
-333548080
-607821741
1884057417
-676157808
-1495966259
1756890598
-122336550
-974702041
-867331134
-523401787
-1410608731
-382314033
-679855353
-1885069409
-1785904789
-124410129
1106935723
1457585097
1509758686
1340380356
1254960627
-815022171
-655659185
1618517755
754005632
1984285864
1237591785
-2114275954
1322701148
-1309246464
1889476098
-1224036409
-975064651
726227349
638336971
-669173004
526622378
805310268
1402308053
1775557650
1110270799
-1448791451
791348580
361511425
1445475232
-1911859540
2093769879
-1749382234
-1531059488
-155466371
783714594
2101674664
-2042420195
1289753439
-847965247
1935005242
1679260030
-1033937660
-1149485166
-1076304385
-595753539
1714895037
792310631
1540666595
-851650244
-773993369
1112750206
33
