-31818248
-558395833
473436294
1628677741
1662894814
-776189933
1651651044
-891327191
475430733
-1587713006
2021605643
-694525188
1280172107
-2127472179
290813472
-1196925562
-1406738852
897258678
-814131729
-1051452589
2087072302
-1832032377
401061892
-2090577318
-1990792909
393643916
-1791968896
1418851225
-1581574264
753197248
-1925926608
-1920848049
503622878
1017383525
-980559676
264738850
481407363
-1373488788
1541301533
-508061596
273757941
-1143519042
1480662208
1191467699
876580450
1049431919
1168161638
307819920
1608568429
1863542967
-1624238227
19365602
-1253296573
-151579984
1145497617
-672644378
-1454315709
850175567
904591700
-2044039602
60860409
1742791535
1519916232
1665158827
-540475602
-248743601
-1516043690
-188741734
241372158
249221182
-1790595486
-1710717065
-1968384313
1491253104
991910213
1327018199
-2069588153
-504973955
-1443635514
606672179
-1055141599
435081411
1902304673
-72086745
1014845248
610579544
-2102080778
1193444622
643384964
214652741
903594860
957301953
-1501234196
-237913298
-2094119307
710625845
782278657
-1691336882
27
