0.3104165 0.2303404 -0.1130944 -2.260282 0.2085791 -0.1080733 0.2085791 -2.33984 -0.08839377 -0.1080733 -0.08839377 -2.456559
0.5153414 0.3799409 -0.2043611 -2.138109 0.3235932 -0.1796344 0.3235932 -2.269729 -0.1420099 -0.1796344 -0.1420099 -2.442282
0.6687408 0.5034369 -0.2745627 -2.073923 0.4017775 -0.2263559 0.4017775 -2.224426 -0.1795006 -0.2263559 -0.1795006 -2.443177
0.7951674 0.6125073 -0.3372154 -2.040335 0.4593306 -0.2625922 0.4593306 -2.189144 -0.2119556 -0.2625922 -0.2119556 -2.445335
0.9177542 0.7207883 -0.3996987 -2.023808 0.5030118 -0.2908371 0.5030118 -2.168615 -0.2380673 -0.2908371 -0.2380673 -2.448809
1.043196 0.8411497 -0.4657918 -2.01957 0.5380625 -0.3128555 0.5380625 -2.154716 -0.2577681 -0.3128555 -0.2577681 -2.458796
1.183211 0.9724223 -0.5516676 -2.02366 0.5652848 -0.3336926 0.5652848 -2.149424 -0.2715492 -0.3336926 -0.2715492 -2.461273
1.345256 1.13406 -0.662527 -2.035409 0.5871364 -0.3507573 0.5871364 -2.150996 -0.2820852 -0.3507573 -0.2820852 -2.471315
1.540169 1.345876 -0.8179201 -2.054012 0.6040206 -0.3648394 0.6040206 -2.161749 -0.28787 -0.3648394 -0.28787 -2.485683
1.784952 1.642069 -1.063406 -2.079694 0.6159549 -0.3753793 0.6159549 -2.183042 -0.2873932 -0.3753793 -0.2873932 -2.510495
2.100296 2.103601 -1.490338 -2.112962 0.622726 -0.3814081 0.622726 -2.219657 -0.2724202 -0.3814081 -0.2724202 -2.550091
2.529244 2.888215 -2.288142 -2.154635 0.6221414 -0.3809582 0.6221414 -2.281961 -0.2305903 -0.3809582 -0.2305903 -2.622644
3.087709 4.049676 -3.376536 -2.204359 0.6128732 -0.373729 0.6128732 -2.376598 -0.1658702 -0.373729 -0.1658702 -2.717451
3.863098 6.122713 -5.239352 -2.263344 0.5901487 -0.3540861 0.5901487 -2.547252 -0.03731456 -0.3540861 -0.03731456 -2.863219
5.055669 10.04454 -8.619789 -2.333885 0.5380404 -0.3092808 0.5380404 -2.868266 0.2106003 -0.3092808 0.2106003 -3.111215
6.108957 13.25038 -11.25384 -2.406631 0.5001451 -0.2784258 0.5001451 -3.143695 0.4052345 -0.2784258 0.4052345 -3.309476
6.478021 13.59425 -11.37209 -2.469904 0.519851 -0.2938355 0.519851 -3.21137 0.4097579 -0.2938355 0.4097579 -3.338638
6.756078 13.62545 -11.305 -2.534112 0.5536126 -0.3108721 0.5536126 -3.268211 0.3976741 -0.3108721 0.3976741 -3.350627
7.073283 13.89812 -11.44883 -2.600943 0.5872931 -0.3215638 0.5872931 -3.350156 0.3949774 -0.3215638 0.3949774 -3.374828
7.419043 14.29998 -11.63936 -2.669335 0.6179469 -0.3294871 0.6179469 -3.444861 0.391281 -0.3294871 0.391281 -3.403438
7.708985 14.85293 -12.00188 -2.734325 0.6532925 -0.3364069 0.6532925 -3.559055 0.4011648 -0.3364069 0.4011648 -3.445468
7.913084 15.41057 -12.258 -2.789007 0.6791093 -0.3532859 0.6791093 -3.655564 0.4176255 -0.3532859 0.4176255 -3.479202
8.136241 15.86681 -12.49638 -2.848048 0.707188 -0.3696561 0.707188 -3.743733 0.4273917 -0.3696561 0.4273917 -3.517299
8.347195 16.30542 -12.6541 -2.906682 0.7318261 -0.3900125 0.7318261 -3.823727 0.434747 -0.3900125 0.434747 -3.552566
8.56298 16.76444 -12.86392 -2.967707 0.7565976 -0.4118099 0.7565976 -3.902788 0.4466435 -0.4118099 0.4466435 -3.596385
8.779146 17.42869 -13.29833 -3.033315 0.7865686 -0.4337132 0.7865686 -4.005323 0.4758149 -0.4337132 0.4758149 -3.661116
8.984756 18.00636 -13.66568 -3.10748 0.8339126 -0.4488405 0.8339126 -4.129497 0.4875865 -0.4488405 0.4875865 -3.720105
9.177876 18.00043 -13.59834 -3.171438 0.8656792 -0.4683764 0.8656792 -4.176489 0.4667212 -0.4683764 0.4667212 -3.750416
9.301649 18.23775 -13.67772 -3.235194 0.8998844 -0.4962891 0.8998844 -4.242948 0.4685341 -0.4962891 0.4685341 -3.788665
9.458132 18.30043 -13.70599 -3.300761 0.9347735 -0.5191847 0.9347735 -4.296645 0.4566006 -0.5191847 0.4566006 -3.827709
9.557943 18.41261 -13.63249 -3.362821 0.9660539 -0.5499227 0.9660539 -4.346247 0.4502923 -0.5499227 0.4502923 -3.854731
9.638104 18.56456 -13.51933 -3.425495 0.993386 -0.5883653 0.993386 -4.387587 0.4525803 -0.5883653 0.4525803 -3.878222
9.726785 18.66064 -13.43615 -3.493736 1.027534 -0.6251779 1.027534 -4.431032 0.4538715 -0.6251779 0.4538715 -3.905789
