0.6208331 0.4606807 -0.2261888 -2.020564 0.4171583 -0.2161467 0.4171583 -2.179679 -0.1767875 -0.2161467 -0.1767875 -2.413118
0.925191 0.679142 -0.3868945 -1.893764 0.5536212 -0.3227564 0.5536212 -2.129509 -0.2492423 -0.3227564 -0.2492423 -2.413728
1.128939 0.873925 -0.4851675 -1.881364 0.6363305 -0.3665206 0.6363305 -2.088516 -0.2919725 -0.3665206 -0.2919725 -2.445861
1.300874 1.048789 -0.5878261 -1.905983 0.6895432 -0.4075374 0.6895432 -2.048018 -0.3417754 -0.4075374 -0.3417754 -2.453969
1.530689 1.262193 -0.7121154 -1.941171 0.7214174 -0.4320614 0.7214174 -2.065969 -0.3686261 -0.4320614 -0.3686261 -2.466178
1.795848 1.563318 -0.8623505 -1.994145 0.7483667 -0.4449657 0.7483667 -2.071322 -0.3759726 -0.4449657 -0.3759726 -2.51872
2.163317 1.891331 -1.152798 -2.052289 0.7558411 -0.4795527 0.7558411 -2.112381 -0.3680173 -0.4795527 -0.3680173 -2.478606
2.64161 2.427159 -1.549402 -2.129403 0.7619492 -0.487275 0.7619492 -2.16357 -0.3663726 -0.487275 -0.3663726 -2.551656
3.294391 3.25222 -2.216457 -2.221439 0.7559781 -0.4915776 0.7559781 -2.258528 -0.3399339 -0.4915776 -0.3399339 -2.614997
4.232775 4.604006 -3.518262 -2.336513 0.7352978 -0.4807788 0.7352978 -2.395972 -0.2826244 -0.4807788 -0.2826244 -2.758613
5.569086 7.180447 -6.186598 -2.47891 0.6972082 -0.4477251 0.6972082 -2.622419 -0.1077173 -0.4477251 -0.1077173 -2.985643
7.676615 12.30359 -11.86179 -2.654707 0.6151265 -0.3755591 0.6151265 -3.029606 0.2713685 -0.3755591 0.2713685 -3.493282
10.34776 19.14867 -17.52566 -2.850779 0.4923867 -0.279749 0.4923867 -3.606889 0.675491 -0.279749 0.675491 -3.949944
14.71855 35.14522 -31.31877 -3.089137 0.2720061 -0.07908596 0.2720061 -4.936402 1.762464 -0.07908596 1.762464 -4.903971
22.94423 68.87196 -59.32634 -3.391998 -0.2435853 0.3627992 -0.2435853 -7.683472 3.929324 0.3627992 3.929324 -6.83116
22.96156 64.5438 -53.39859 -3.570566 -0.1061793 0.2152536 -0.1061793 -7.550565 3.519382 0.2152536 3.519382 -6.481646
12.75211 19.43997 -13.38249 -3.545544 0.8548525 -0.5558001 0.8548525 -4.36184 0.4866556 -0.5558001 0.4866556 -3.834388
11.7611 14.18706 -10.09726 -3.689853 1.16132 -0.6175308 1.16132 -4.291349 0.1801658 -0.6175308 0.1801658 -3.566435
13.10019 19.07897 -14.18156 -3.870735 1.227223 -0.5247058 1.227223 -4.907107 0.3437395 -0.5247058 0.3437395 -3.834645
14.33423 22.33713 -15.45003 -4.037178 1.231024 -0.4879542 1.231024 -5.338961 0.3173541 -0.4879542 0.3173541 -3.975644
13.79776 26.46484 -19.61478 -4.099108 1.395549 -0.4817217 1.395549 -5.957141 0.608724 -0.4817217 0.608724 -4.328094
12.40328 27.67878 -17.89275 -3.992005 1.247081 -0.7246254 1.247081 -5.778751 0.7797595 -0.7246254 0.7797595 -4.221338
13.26884 26.36032 -17.97902 -4.205985 1.352998 -0.7461697 1.352998 -5.771629 0.6520165 -0.7461697 0.6520165 -4.393538
13.41009 26.83206 -16.43936 -4.313903 1.323139 -0.8785654 1.323139 -5.743589 0.6112721 -0.8785654 0.6112721 -4.398973
13.9576 28.2398 -18.1095 -4.49333 1.375885 -0.9567448 1.375885 -5.879305 0.7440559 -0.9567448 0.7440559 -4.691855
14.39946 34.69923 -24.59291 -4.739139 1.565817 -1.0032 1.565817 -6.67123 1.234273 -1.0032 1.234273 -5.344123
14.53623 33.60337 -23.58413 -5.109938 2.1122 -0.8572773 2.1122 -7.482202 0.8054181 -0.8572773 0.8054181 -5.312806
14.58523 17.83453 -11.71291 -4.96224 1.755143 -1.015381 1.755143 -5.492271 -0.1175069 -1.015381 -0.1175069 -4.599142
12.89108 25.11989 -15.97977 -5.084137 1.891835 -1.30576 1.891835 -6.170246 0.5211095 -1.30576 0.5211095 -4.897879
14.1526 20.18081 -14.55401 -5.26776 1.981447 -1.20605 1.981447 -5.907544 0.09859399 -1.20605 0.09859399 -4.999039
12.6521 21.89036 -11.35412 -5.286679 1.935746 -1.502801 1.935746 -5.883909 0.254737 -1.502801 0.254737 -4.692387
12.20324 23.42701 -9.897975 -5.431067 1.868014 -1.818529 1.868014 -5.710478 0.5257954 -1.818529 0.5257954 -4.629945
12.65327 21.83105 -10.69126 -5.745697 2.15442 -1.839995 2.15442 -5.864717 0.4964811 -1.839995 0.4964811 -4.815506
