0.389291 0.2862756 -0.1386883 -2.175441 0.2721591 -0.1383777 0.2721591 -2.279802 -0.1151586 -0.1383777 -0.1151586 -2.435773
0.6144723 0.4524549 -0.2419626 -2.012445 0.4182426 -0.2318654 0.4182426 -2.187372 -0.1852333 -0.2318654 -0.1852333 -2.410557
0.7592672 0.5684998 -0.3127264 -1.936231 0.5072435 -0.2885531 0.5072435 -2.13298 -0.2317214 -0.2885531 -0.2317214 -2.404768
0.8625156 0.6610289 -0.3656268 -1.900957 0.5714255 -0.3284147 0.5714255 -2.088156 -0.2700935 -0.3284147 -0.2700935 -2.403731
0.9476635 0.7388409 -0.4102156 -1.886348 0.6180485 -0.3585951 0.6180485 -2.056214 -0.3017505 -0.3585951 -0.3017505 -2.404013
1.024361 0.8118669 -0.4494986 -1.884179 0.6544594 -0.3809879 0.6544594 -2.033315 -0.3256597 -0.3809879 -0.3256597 -2.408225
1.097691 0.8796988 -0.4895444 -1.888427 0.6825985 -0.4031701 0.6825985 -2.021173 -0.3448358 -0.4031701 -0.3448358 -2.405601
1.169798 0.9449836 -0.5300122 -1.897814 0.7057272 -0.4229258 0.7057272 -2.015433 -0.3614871 -0.4229258 -0.3614871 -2.404854
1.242113 1.011844 -0.5711112 -1.911013 0.725412 -0.4401714 0.725412 -2.015558 -0.3751963 -0.4401714 -0.3751963 -2.407449
1.315414 1.078914 -0.6134012 -1.92691 0.742512 -0.4559235 0.742512 -2.021263 -0.3877117 -0.4559235 -0.3877117 -2.411216
1.390332 1.145633 -0.6567968 -1.944772 0.7577065 -0.4706434 0.7577065 -2.03094 -0.3985153 -0.4706434 -0.3985153 -2.415831
1.467552 1.210865 -0.6995481 -1.963978 0.7714723 -0.4848889 0.7714723 -2.043593 -0.4069766 -0.4848889 -0.4069766 -2.421482
1.547397 1.274327 -0.7378683 -1.984586 0.7844191 -0.4978124 0.7844191 -2.05755 -0.4145335 -0.4978124 -0.4145335 -2.430648
1.629632 1.336109 -0.7730318 -2.006226 0.7970034 -0.5109178 0.7970034 -2.073869 -0.4194895 -0.5109178 -0.4194895 -2.441623
1.713456 1.396136 -0.8066394 -2.029057 0.8095643 -0.5241799 0.8095643 -2.092062 -0.4221873 -0.5241799 -0.4221873 -2.455744
1.798093 1.456367 -0.8406839 -2.053029 0.822628 -0.5378822 0.822628 -2.112857 -0.42263 -0.5378822 -0.42263 -2.475289
1.882299 1.519716 -0.8758571 -2.078032 0.8361184 -0.5520854 0.8361184 -2.136576 -0.4202958 -0.5520854 -0.4202958 -2.497784
1.965587 1.583887 -0.9091103 -2.103935 0.8501201 -0.5667301 0.8501201 -2.163895 -0.4160263 -0.5667301 -0.4160263 -2.514201
2.047284 1.646284 -0.9354787 -2.130608 0.8643059 -0.580745 0.8643059 -2.192711 -0.4132711 -0.580745 -0.4132711 -2.522995
2.128538 1.705134 -0.9533135 -2.157702 0.8781841 -0.5931928 0.8781841 -2.220987 -0.4143843 -0.5931928 -0.4143843 -2.529118
2.20918 1.763276 -0.970977 -2.185139 0.8918839 -0.6044573 0.8918839 -2.24952 -0.4166231 -0.6044573 -0.4166231 -2.534917
2.289095 1.822198 -0.9912281 -2.212754 0.9053467 -0.6152607 0.9053467 -2.277928 -0.418271 -0.6152607 -0.418271 -2.544033
2.3697 1.878863 -1.00866 -2.2404 0.9182452 -0.6256985 0.9182452 -2.304884 -0.420574 -0.6256985 -0.420574 -2.555639
2.451235 1.931802 -1.023097 -2.268065 0.9304435 -0.6358815 0.9304435 -2.329451 -0.4239792 -0.6358815 -0.4239792 -2.569819
2.53317 1.982242 -1.03717 -2.295797 0.9421585 -0.6460812 0.9421585 -2.35255 -0.4277649 -0.6460812 -0.4277649 -2.586169
2.615954 2.028894 -1.052457 -2.323587 0.9534891 -0.6564085 0.9534891 -2.374712 -0.4316209 -0.6564085 -0.4316209 -2.603717
2.69913 2.073239 -1.065168 -2.351615 0.9651069 -0.6660515 0.9651069 -2.398283 -0.4367782 -0.6660515 -0.4367782 -2.620071
2.781951 2.11716 -1.077385 -2.379638 0.9765396 -0.6751765 0.9765396 -2.422159 -0.4425266 -0.6751765 -0.4425266 -2.636589
2.863862 2.161377 -1.090746 -2.407583 0.9873149 -0.6848081 0.9873149 -2.44449 -0.4469938 -0.6848081 -0.4469938 -2.653319
2.945417 2.203805 -1.104249 -2.435567 0.9978804 -0.6942454 0.9978804 -2.466485 -0.4519192 -0.6942454 -0.4519192 -2.66942
3.025996 2.246802 -1.116825 -2.463727 1.008519 -0.7035616 1.008519 -2.488443 -0.4570672 -0.7035616 -0.4570672 -2.686395
3.104857 2.292849 -1.127746 -2.491658 1.018003 -0.7138168 1.018003 -2.506802 -0.4598736 -0.7138168 -0.4598736 -2.703102
3.183825 2.336601 -1.14042 -2.51991 1.027781 -0.7243723 1.027781 -2.52547 -0.4622593 -0.7243723 -0.4622593 -2.719897
