1.823681 2.150305 0.2503987
2.196671 1.785503 -1.557925
1.829269 1.547894 -1.005296
2.134299 1.740657 -1.084394
2.134299 1.740657 -1.084394
2.134299 1.740657 -1.084394
2.134299 1.740657 -1.084394
2.134299 1.740657 -1.084394
2.134299 1.740657 -1.084394
2.480719 2.394972 -1.614839
2.164068 2.097262 -1.633904
2.010103 1.584819 -0.6899291
2.010103 1.584819 -0.6899291
2.010103 1.584819 -0.6899291
2.079921 2.303844 -0.6110075
2.079921 2.303844 -0.6110075
2.079921 2.303844 -0.6110075
2.427586 2.412592 -1.431973
2.525659 2.807551 -1.851336
2.765338 2.795908 -2.070642
2.765338 2.795908 -2.070642
2.296815 2.593558 -1.100462
2.204122 2.181539 -1.252254
2.204122 2.181539 -1.252254
1.960425 2.285576 -0.8529824
2.560894 2.713352 -1.634214
2.44635 2.31437 -2.04888
2.386861 2.541978 -1.527973
2.386861 2.541978 -1.527973
2.443859 2.337031 -1.738017
2.797807 2.460337 -1.938221
2.430762 1.921763 -1.931396
2.430762 1.921763 -1.931396
2.69441 2.277156 -2.212723
2.477713 2.579156 -1.449895
2.196594 2.305739 -1.303464
2.52382 2.397536 -1.837088
2.52382 2.397536 -1.837088
2.52382 2.397536 -1.837088
2.52382 2.397536 -1.837088
2.52382 2.397536 -1.837088
2.52382 2.397536 -1.837088
2.969502 3.044105 -2.194625
2.81166 2.935749 -2.243678
2.752772 2.670964 -1.946629
2.763392 3.113243 -1.940489
2.763392 3.113243 -1.940489
2.763392 3.113243 -1.940489
2.763392 3.113243 -1.940489
3.170717 3.049975 -2.535357
3.170717 3.049975 -2.535357
3.331784 3.028278 -2.864949
3.331784 3.028278 -2.864949
3.331784 3.028278 -2.864949
3.231148 3.011099 -2.625302
3.231148 3.011099 -2.625302
3.231148 3.011099 -2.625302
3.231148 3.011099 -2.625302
3.231148 3.011099 -2.625302
2.610252 2.486015 -2.071166
2.568745 2.189307 -1.916221
2.535449 2.385361 -2.050995
2.535449 2.385361 -2.050995
2.535449 2.385361 -2.050995
2.796825 2.37459 -2.195279
2.757982 2.986758 -2.025403
2.779416 2.575224 -2.059784
3.023582 2.947497 -2.446327
3.023582 2.947497 -2.446327
3.058812 2.701082 -2.473227
2.469534 2.598487 -1.707837
3.03186 2.706917 -2.455551
3.03186 2.706917 -2.455551
2.694252 2.802715 -1.944305
2.918921 2.645384 -2.224334
2.918921 2.645384 -2.224334
2.881407 2.907099 -2.015713
2.881407 2.907099 -2.015713
2.68594 2.672414 -1.974155
2.68594 2.672414 -1.974155
2.798288 2.915223 -2.236103
2.798288 2.915223 -2.236103
2.838964 2.716013 -2.009414
2.838964 2.716013 -2.009414
2.838964 2.716013 -2.009414
2.756698 3.38151 -1.772082
2.662905 2.643561 -2.149958
2.662905 2.643561 -2.149958
2.662905 2.643561 -2.149958
2.662905 2.643561 -2.149958
2.662905 2.643561 -2.149958
2.662905 2.643561 -2.149958
2.662905 2.643561 -2.149958
3.006311 2.381609 -2.789204
2.997653 2.551391 -2.306255
2.745529 2.230751 -2.274996
2.745529 2.230751 -2.274996
2.745529 2.230751 -2.274996
2.745529 2.230751 -2.274996
