1.70043 1.735311 0.1506024
1.979474 1.548847 -0.09016624
2.013795 1.128094 -0.779924
2.013795 1.128094 -0.779924
1.757244 1.247972 -0.6804186
1.757244 1.247972 -0.6804186
1.878809 1.761313 -0.5334257
1.878809 1.761313 -0.5334257
1.878809 1.761313 -0.5334257
1.878809 1.761313 -0.5334257
2.265034 2.507649 -0.7246145
2.265034 2.507649 -0.7246145
2.0799 2.437379 -0.8271553
2.084091 2.130769 -0.9504672
2.474995 2.162322 -1.193974
2.362465 2.651637 -0.9106059
2.362465 2.651637 -0.9106059
2.362465 2.651637 -0.9106059
2.518486 1.708325 -2.009785
2.518486 1.708325 -2.009785
2.260396 1.55256 -1.458089
2.41903 2.468993 -1.118698
2.41903 2.468993 -1.118698
2.41903 2.468993 -1.118698
2.383271 2.293529 -1.419609
2.383271 2.293529 -1.419609
2.383271 2.293529 -1.419609
2.422867 2.037236 -1.235842
2.489319 2.530584 -1.337661
2.113078 1.618152 -1.254854
2.778477 2.666259 -1.872167
2.432098 2.062828 -1.624317
2.432098 2.062828 -1.624317
2.469316 2.141206 -1.267194
2.613371 1.887621 -2.212418
2.21967 2.207649 -0.8173177
2.892894 3.315369 -1.959904
2.12825 2.511338 -0.9738613
2.254726 2.789534 -1.09168
2.965438 2.40857 -2.058563
2.724772 2.116148 -1.931457
2.724772 2.116148 -1.931457
2.462937 2.810815 -1.489883
2.462937 2.810815 -1.489883
2.831446 2.560819 -1.856876
2.797066 2.692868 -1.800663
2.797066 2.692868 -1.800663
2.797066 2.692868 -1.800663
2.797066 2.692868 -1.800663
2.787666 2.213026 -2.44553
2.705387 2.634994 -1.926199
3.005695 2.466085 -2.858222
3.555815 3.050704 -3.069168
3.11686 2.710129 -2.738614
3.038276 2.650715 -2.884076
3.235 3.254296 -2.352417
3.450326 3.440148 -2.729495
2.918071 2.999384 -2.116497
2.918071 2.999384 -2.116497
2.918071 2.999384 -2.116497
3.276397 2.567959 -2.895212
2.64942 2.543916 -1.861414
2.763328 2.251426 -1.83619
2.558292 2.54211 -1.457155
2.558292 2.54211 -1.457155
2.558292 2.54211 -1.457155
2.558292 2.54211 -1.457155
2.994027 3.075576 -1.895955
2.994027 3.075576 -1.895955
2.739466 2.917761 -1.695947
2.739466 2.917761 -1.695947
2.739466 2.917761 -1.695947
2.640363 2.377875 -1.73037
2.640363 2.377875 -1.73037
2.640363 2.377875 -1.73037
2.640363 2.377875 -1.73037
2.640363 2.377875 -1.73037
2.640363 2.377875 -1.73037
3.10427 2.727298 -2.494724
3.10427 2.727298 -2.494724
2.892094 2.621451 -2.200356
2.892094 2.621451 -2.200356
2.892094 2.621451 -2.200356
2.892094 2.621451 -2.200356
3.121021 2.81389 -2.414248
3.121021 2.81389 -2.414248
3.121021 2.81389 -2.414248
2.550861 2.973519 -1.529409
2.707621 2.531313 -1.917709
2.857852 2.716241 -1.930442
2.944263 2.610371 -2.273393
2.944263 2.610371 -2.273393
2.743986 2.556207 -1.816777
2.743986 2.556207 -1.816777
2.743986 2.556207 -1.816777
2.743986 2.556207 -1.816777
2.743986 2.556207 -1.816777
2.936004 2.609204 -2.213387
2.936004 2.609204 -2.213387
