2.037773 1.546886 -1.62002
2.35919 2.12907 -1.439544
2.35919 2.12907 -1.439544
2.35919 2.12907 -1.439544
2.35919 2.12907 -1.439544
2.275357 2.74286 -1.244
2.756773 2.709459 -2.143146
2.570531 2.818078 -1.746442
2.570531 2.818078 -1.746442
2.60202 2.817564 -1.952962
2.60202 2.817564 -1.952962
2.60202 2.817564 -1.952962
2.60202 2.817564 -1.952962
2.60202 2.817564 -1.952962
2.60202 2.817564 -1.952962
2.60202 2.817564 -1.952962
2.60202 2.817564 -1.952962
2.60202 2.817564 -1.952962
2.60202 2.817564 -1.952962
2.60202 2.817564 -1.952962
2.60202 2.817564 -1.952962
2.743622 2.926286 -1.862403
2.743622 2.926286 -1.862403
2.743622 2.926286 -1.862403
2.743622 2.926286 -1.862403
2.743622 2.926286 -1.862403
2.743622 2.926286 -1.862403
2.743622 2.926286 -1.862403
2.760592 2.822682 -2.179107
2.698022 2.502418 -1.938643
2.742668 3.026619 -1.829405
2.742668 3.026619 -1.829405
2.883772 2.818264 -2.20946
2.883772 2.818264 -2.20946
2.883772 2.818264 -2.20946
2.939582 2.824234 -2.258099
2.748548 2.902772 -1.781215
2.748548 2.902772 -1.781215
2.962134 3.176336 -2.023194
2.962134 3.176336 -2.023194
2.768437 3.608755 -1.649538
3.102572 3.620555 -2.166199
3.102572 3.620555 -2.166199
3.102572 3.620555 -2.166199
3.102572 3.620555 -2.166199
2.546646 3.671191 -1.205876
2.957464 2.883247 -2.169501
2.878743 3.806891 -2.054521
3.177938 3.959524 -2.359387
2.102182 2.32293 -1.048435
2.316999 2.370042 -1.642357
2.27278 1.916455 -1.450305
2.444058 2.440874 -1.903086
2.444058 2.440874 -1.903086
2.719273 2.566555 -1.933362
2.719273 2.566555 -1.933362
2.719273 2.566555 -1.933362
2.719273 2.566555 -1.933362
2.719273 2.566555 -1.933362
2.668265 2.922965 -1.779229
2.83557 2.797871 -2.33441
2.774677 2.842656 -2.155528
2.608516 2.329657 -2.231009
2.773909 2.86073 -2.050067
2.773909 2.86073 -2.050067
2.631849 2.639732 -1.790408
2.967162 2.663282 -2.624872
2.869847 2.359907 -2.334982
2.675995 2.7023 -1.848451
2.675995 2.7023 -1.848451
2.675995 2.7023 -1.848451
2.764489 2.774571 -2.071696
2.764489 2.774571 -2.071696
2.826701 3.315186 -1.906738
2.758584 2.376437 -2.178987
2.823183 2.976505 -1.984842
2.870295 3.087252 -2.213343
2.870295 3.087252 -2.213343
2.534937 2.725408 -1.744062
2.782614 3.26887 -2.149071
2.782614 3.26887 -2.149071
2.544499 2.802002 -1.554982
2.468479 2.10993 -1.920307
2.468479 2.10993 -1.920307
2.468479 2.10993 -1.920307
3.338395 3.199541 -2.814264
2.619319 2.177853 -2.211014
2.722016 2.449615 -2.136737
2.565416 2.682312 -1.781726
2.565416 2.682312 -1.781726
2.565416 2.682312 -1.781726
2.565416 2.682312 -1.781726
2.565416 2.682312 -1.781726
2.565416 2.682312 -1.781726
2.565416 2.682312 -1.781726
2.565416 2.682312 -1.781726
2.565416 2.682312 -1.781726
2.565416 2.682312 -1.781726
2.565416 2.682312 -1.781726
