0 0 0 -3 -3 -3
0.1216991 -0.0783385 -0.2372688 -2.667886 -2.769022 -2.406757
0.212372 -0.1174344 -0.3844899 -2.528561 -2.652741 -2.095286
0.3103265 -0.1623049 -0.4780932 -2.450579 -2.622715 -1.951315
0.4189186 -0.1934155 -0.5426795 -2.358609 -2.628733 -1.889271
0.5297358 -0.2101847 -0.5998804 -2.253777 -2.65264 -1.865414
0.6347238 -0.2242899 -0.6625207 -2.158505 -2.6844 -1.84635
0.7328223 -0.2285089 -0.7190956 -2.075838 -2.719351 -1.832875
0.8253644 -0.227928 -0.7586027 -2.011576 -2.758894 -1.824745
0.9139646 -0.2203259 -0.7970933 -1.962449 -2.800998 -1.820997
1.000321 -0.2081765 -0.8322228 -1.929638 -2.846206 -1.819722
1.084805 -0.1936642 -0.8567873 -1.908227 -2.892907 -1.819979
1.167375 -0.179539 -0.8602588 -1.895339 -2.936697 -1.816227
1.248317 -0.1570262 -0.8431749 -1.889119 -2.979116 -1.807712
1.327888 -0.1381409 -0.8061307 -1.888669 -3.026377 -1.794002
1.406277 -0.1197406 -0.7460895 -1.89336 -3.076452 -1.773072
1.4834 -0.1058722 -0.6798403 -1.902581 -3.126954 -1.750875
1.559625 -0.08905602 -0.6253142 -1.914726 -3.177513 -1.734608
1.634768 -0.07209837 -0.5862377 -1.929445 -3.225773 -1.724777
1.708846 -0.0604811 -0.5564387 -1.946104 -3.27319 -1.718838
1.782304 -0.05520559 -0.5176102 -1.964211 -3.317921 -1.70213
1.855239 -0.0467661 -0.4687917 -1.983388 -3.361435 -1.673429
1.927599 -0.03498301 -0.4071652 -2.003507 -3.402941 -1.627983
1.999411 -0.02346878 -0.3386118 -2.024398 -3.444494 -1.571339
2.070536 -0.01074404 -0.2754159 -2.04592 -3.485061 -1.51836
2.140889 -0.002508202 -0.2211434 -2.067945 -3.523661 -1.474006
2.21055 0.00274426 -0.1738897 -2.090342 -3.560611 -1.437019
2.279576 0.006714829 -0.1328812 -2.113039 -3.597155 -1.40683
2.348253 0.01344219 -0.09807486 -2.13597 -3.636261 -1.383186
2.416403 0.02153569 -0.06779027 -2.15905 -3.676518 -1.363734
2.484021 0.0318975 -0.04197696 -2.182003 -3.716638 -1.348012
2.551425 0.04403717 -0.02143939 -2.205088 -3.757669 -1.335674
2.618483 0.0540969 -0.003145444 -2.228487 -3.799969 -1.325601
2.685199 0.0630407 0.01379593 -2.25213 -3.84309 -1.317205
0 0 0 0 0 0
