0 0 0 -3 -3 -3
0.09636784 -0.05757755 -0.1897011 -2.759745 -2.808313 -2.568064
0.1902754 -0.09309389 -0.322787 -2.643135 -2.733448 -2.322694
0.2934984 -0.145362 -0.4213574 -2.5699 -2.707225 -2.189963
0.4076676 -0.1773214 -0.5000013 -2.489008 -2.714149 -2.115804
0.527491 -0.1984139 -0.5806264 -2.419982 -2.736842 -2.073917
0.6564156 -0.215215 -0.6792852 -2.367599 -2.768673 -2.046955
0.8014583 -0.217999 -0.7641631 -2.332768 -2.806123 -2.026746
0.9745523 -0.2126934 -0.8207006 -2.318184 -2.85291 -2.009631
1.191089 -0.1978655 -0.8749391 -2.327749 -2.907117 -1.997017
1.469396 -0.1734831 -0.920268 -2.366088 -2.971494 -1.988057
1.819141 -0.14991 -0.9394999 -2.434521 -3.035084 -1.976452
2.25043 -0.1214682 -0.9314121 -2.534873 -3.094072 -1.96055
2.783275 -0.08171681 -0.9112497 -2.672572 -3.162625 -1.94448
3.400783 -0.04389274 -0.885803 -2.84179 -3.248453 -1.929766
4.023698 -0.001001534 -0.8565958 -3.017501 -3.340466 -1.91611
4.588956 0.02873489 -0.8262187 -3.179224 -3.434175 -1.903807
5.172209 0.07995265 -0.7998599 -3.350268 -3.53574 -1.894789
5.636283 0.1100623 -0.7799394 -3.486513 -3.616154 -1.889125
6.069917 0.1328886 -0.7590472 -3.615943 -3.694973 -1.883553
6.516866 0.1355785 -0.7252518 -3.752393 -3.75199 -1.864746
6.984063 0.1562882 -0.6890201 -3.89797 -3.816283 -1.843364
7.432287 0.1741226 -0.6518421 -4.03972 -3.876215 -1.819631
7.856955 0.2030446 -0.614928 -4.175934 -3.94684 -1.796477
8.23525 0.2221896 -0.5781943 -4.298841 -4.005835 -1.775205
8.570416 0.2303386 -0.5407915 -4.409237 -4.054487 -1.756124
8.879434 0.2323304 -0.5011196 -4.512535 -4.096545 -1.739462
9.170079 0.2358522 -0.4585448 -4.611161 -4.142017 -1.725453
9.47322 0.2471413 -0.4117953 -4.71545 -4.19873 -1.714466
9.765518 0.2638202 -0.3556151 -4.817219 -4.260155 -1.707828
10.06221 0.286024 -0.3073108 -4.921548 -4.326353 -1.700352
10.386 0.3120242 -0.2722367 -5.036538 -4.40283 -1.690333
10.69686 0.3327024 -0.2321364 -5.148518 -4.478224 -1.683069
11.01137 0.3543138 -0.1838117 -5.263166 -4.564805 -1.679349
0 0 0 0 0 0
