0 0 0 -3 -3 -3
0.1927357 -0.1151551 -0.3794021 -2.51949 -2.616626 -2.136128
0.3780905 -0.1641266 -0.5889589 -2.409916 -2.583718 -1.831953
0.6031673 -0.3021663 -0.7170684 -2.350195 -2.628554 -1.791769
0.8643445 -0.3051588 -0.8145772 -2.165439 -2.741847 -1.819168
1.126608 -0.3038764 -0.9837519 -2.074854 -2.850306 -1.864481
1.429963 -0.3160215 -1.271238 -2.053301 -2.95966 -1.885185
1.816757 -0.2374876 -1.358308 -2.08895 -3.068274 -1.885284
2.359304 -0.1702485 -1.273 -2.201509 -3.227209 -1.872713
3.139916 -0.06441443 -1.363085 -2.413834 -3.394976 -1.883492
4.252466 0.07034085 -1.373557 -2.749477 -3.615265 -1.898458
5.666345 0.1093944 -1.151051 -3.187286 -3.734569 -1.848791
7.425894 0.2198327 -0.8343581 -3.739092 -3.801938 -1.769726
9.710259 0.4350519 -0.6491389 -4.462665 -4.053806 -1.735575
12.04589 0.4856442 -0.5295497 -5.210841 -4.450054 -1.723761
13.36743 0.6423666 -0.4184872 -5.653162 -4.720649 -1.711271
13.63308 0.5045177 -0.3401849 -5.766798 -4.933531 -1.706962
15.08751 0.9506545 -0.3517606 -6.258023 -5.262347 -1.741492
13.98962 0.6520354 -0.4213708 -5.93891 -5.063605 -1.787162
14.30897 0.5665896 -0.3620943 -6.075109 -5.192531 -1.777678
15.45584 0.1893757 -0.04934418 -6.481403 -4.892329 -1.488606
16.79519 0.5911914 0.0718442 -6.955082 -5.166426 -1.394351
17.29323 0.5664797 0.1660747 -7.158235 -5.194723 -1.2975
17.62431 0.8682516 0.2340955 -7.308846 -5.571223 -1.263945
17.31434 0.6816688 0.3034144 -7.248599 -5.421712 -1.264661
16.94956 0.4340632 0.39428 -7.169151 -5.270779 -1.279099
16.91389 0.2841179 0.530349 -7.19828 -5.190066 -1.306276
17.01751 0.3309406 0.6909763 -7.274063 -5.369743 -1.347205
17.96117 0.563236 0.8971889 -7.635549 -5.786709 -1.406815
18.24215 0.7475075 1.273612 -7.76851 -6.041486 -1.515338
18.96306 0.9521375 1.141818 -8.051406 -6.312294 -1.476059
20.42333 1.118032 0.8150606 -8.60125 -6.773604 -1.379761
20.64429 0.994405 1.051074 -8.731863 -6.890833 -1.450624
21.39025 1.067491 1.410902 -9.046541 -7.421987 -1.556574
0 0 0 0 0 0
