0.05387754 -0.4026771 -0.5444997
0.05387754 -0.4026771 -0.5444997
0.05387754 -0.4026771 -0.5444997
0.05387754 -0.4026771 -0.5444997
0.05387754 -0.4026771 -0.5444997
0.8872574 0.7575722 0.4279965
0.8872574 0.7575722 0.4279965
1.661697 0.3928618 -1.223112
1.661697 0.3928618 -1.223112
2.934171 0.5811944 -2.648764
2.934171 0.5811944 -2.648764
2.934171 0.5811944 -2.648764
2.934171 0.5811944 -2.648764
2.934171 0.5811944 -2.648764
2.934171 0.5811944 -2.648764
2.934171 0.5811944 -2.648764
2.934171 0.5811944 -2.648764
2.934171 0.5811944 -2.648764
2.934171 0.5811944 -2.648764
2.934171 0.5811944 -2.648764
2.934171 0.5811944 -2.648764
2.934171 0.5811944 -2.648764
2.934171 0.5811944 -2.648764
2.934171 0.5811944 -2.648764
2.934171 0.5811944 -2.648764
2.934171 0.5811944 -2.648764
2.934171 0.5811944 -2.648764
2.934171 0.5811944 -2.648764
2.934171 0.5811944 -2.648764
2.934171 0.5811944 -2.648764
2.934171 0.5811944 -2.648764
2.934171 0.5811944 -2.648764
2.934171 0.5811944 -2.648764
2.832368 0.750577 -1.303579
2.832368 0.750577 -1.303579
2.832368 0.750577 -1.303579
2.832368 0.750577 -1.303579
2.832368 0.750577 -1.303579
2.832368 0.750577 -1.303579
2.832368 0.750577 -1.303579
2.832368 0.750577 -1.303579
2.832368 0.750577 -1.303579
2.832368 0.750577 -1.303579
2.832368 0.750577 -1.303579
2.832368 0.750577 -1.303579
2.832368 0.750577 -1.303579
2.832368 0.750577 -1.303579
2.832368 0.750577 -1.303579
2.832368 0.750577 -1.303579
2.832368 0.750577 -1.303579
2.832368 0.750577 -1.303579
2.832368 0.750577 -1.303579
2.832368 0.750577 -1.303579
2.832368 0.750577 -1.303579
2.832368 0.750577 -1.303579
2.832368 0.750577 -1.303579
2.832368 0.750577 -1.303579
2.832368 0.750577 -1.303579
2.832368 0.750577 -1.303579
2.832368 0.750577 -1.303579
2.572852 0.5065676 -2.07488
2.573826 0.4668026 -2.43358
2.573826 0.4668026 -2.43358
2.573826 0.4668026 -2.43358
2.573826 0.4668026 -2.43358
2.573826 0.4668026 -2.43358
2.573826 0.4668026 -2.43358
2.573826 0.4668026 -2.43358
2.573826 0.4668026 -2.43358
2.573826 0.4668026 -2.43358
2.573826 0.4668026 -2.43358
2.573826 0.4668026 -2.43358
2.573826 0.4668026 -2.43358
2.573826 0.4668026 -2.43358
2.573826 0.4668026 -2.43358
2.573826 0.4668026 -2.43358
2.573826 0.4668026 -2.43358
2.573826 0.4668026 -2.43358
2.573826 0.4668026 -2.43358
2.573826 0.4668026 -2.43358
2.573826 0.4668026 -2.43358
2.573826 0.4668026 -2.43358
2.573826 0.4668026 -2.43358
2.573826 0.4668026 -2.43358
2.573826 0.4668026 -2.43358
2.573826 0.4668026 -2.43358
2.573826 0.4668026 -2.43358
2.573826 0.4668026 -2.43358
2.573826 0.4668026 -2.43358
2.573826 0.4668026 -2.43358
2.573826 0.4668026 -2.43358
2.573826 0.4668026 -2.43358
2.573826 0.4668026 -2.43358
2.573826 0.4668026 -2.43358
2.573826 0.4668026 -2.43358
2.573826 0.4668026 -2.43358
2.573826 0.4668026 -2.43358
2.573826 0.4668026 -2.43358
2.573826 0.4668026 -2.43358
2.573826 0.4668026 -2.43358
2.573826 0.4668026 -2.43358
2.573826 0.4668026 -2.43358
2.573826 0.4668026 -2.43358
2.573826 0.4668026 -2.43358
2.573826 0.4668026 -2.43358
2.573826 0.4668026 -2.43358
2.573826 0.4668026 -2.43358
2.573826 0.4668026 -2.43358
2.573826 0.4668026 -2.43358
2.573826 0.4668026 -2.43358
2.573826 0.4668026 -2.43358
2.573826 0.4668026 -2.43358
2.573826 0.4668026 -2.43358
2.573826 0.4668026 -2.43358
2.087224 -0.3329217 -0.9016575
2.087224 -0.3329217 -0.9016575
2.087224 -0.3329217 -0.9016575
2.087224 -0.3329217 -0.9016575
2.087224 -0.3329217 -0.9016575
2.087224 -0.3329217 -0.9016575
2.087224 -0.3329217 -0.9016575
2.118702 -0.3828171 -0.9937305
2.118702 -0.3828171 -0.9937305
2.118702 -0.3828171 -0.9937305
2.118702 -0.3828171 -0.9937305
2.118702 -0.3828171 -0.9937305
2.118702 -0.3828171 -0.9937305
2.118702 -0.3828171 -0.9937305
2.118702 -0.3828171 -0.9937305
2.118702 -0.3828171 -0.9937305
2.118702 -0.3828171 -0.9937305
2.118702 -0.3828171 -0.9937305
2.118702 -0.3828171 -0.9937305
2.118702 -0.3828171 -0.9937305
2.118702 -0.3828171 -0.9937305
2.118702 -0.3828171 -0.9937305
2.118702 -0.3828171 -0.9937305
2.118702 -0.3828171 -0.9937305
2.118702 -0.3828171 -0.9937305
2.118702 -0.3828171 -0.9937305
2.118702 -0.3828171 -0.9937305
2.118702 -0.3828171 -0.9937305
2.118702 -0.3828171 -0.9937305
2.118702 -0.3828171 -0.9937305
2.118702 -0.3828171 -0.9937305
2.118702 -0.3828171 -0.9937305
2.118702 -0.3828171 -0.9937305
2.118702 -0.3828171 -0.9937305
2.118702 -0.3828171 -0.9937305
2.118702 -0.3828171 -0.9937305
2.118702 -0.3828171 -0.9937305
2.118702 -0.3828171 -0.9937305
2.118702 -0.3828171 -0.9937305
2.118702 -0.3828171 -0.9937305
2.118702 -0.3828171 -0.9937305
2.118702 -0.3828171 -0.9937305
2.118702 -0.3828171 -0.9937305
2.118702 -0.3828171 -0.9937305
2.118702 -0.3828171 -0.9937305
2.118702 -0.3828171 -0.9937305
2.118702 -0.3828171 -0.9937305
2.118702 -0.3828171 -0.9937305
2.118702 -0.3828171 -0.9937305
2.118702 -0.3828171 -0.9937305
2.118702 -0.3828171 -0.9937305
2.118702 -0.3828171 -0.9937305
2.118702 -0.3828171 -0.9937305
2.118702 -0.3828171 -0.9937305
2.118702 -0.3828171 -0.9937305
2.118702 -0.3828171 -0.9937305
2.31764 0.2797094 -0.1949872
2.31764 0.2797094 -0.1949872
2.31764 0.2797094 -0.1949872
2.31764 0.2797094 -0.1949872
2.31764 0.2797094 -0.1949872
2.31764 0.2797094 -0.1949872
2.31764 0.2797094 -0.1949872
2.31764 0.2797094 -0.1949872
2.31764 0.2797094 -0.1949872
2.31764 0.2797094 -0.1949872
2.31764 0.2797094 -0.1949872
2.390483 0.2365709 -0.2458319
2.390483 0.2365709 -0.2458319
2.390483 0.2365709 -0.2458319
2.390483 0.2365709 -0.2458319
2.390483 0.2365709 -0.2458319
2.390483 0.2365709 -0.2458319
2.390483 0.2365709 -0.2458319
2.390483 0.2365709 -0.2458319
2.390483 0.2365709 -0.2458319
2.390483 0.2365709 -0.2458319
2.390483 0.2365709 -0.2458319
2.390483 0.2365709 -0.2458319
2.390483 0.2365709 -0.2458319
2.390483 0.2365709 -0.2458319
2.390483 0.2365709 -0.2458319
2.390483 0.2365709 -0.2458319
2.390483 0.2365709 -0.2458319
2.390483 0.2365709 -0.2458319
2.390483 0.2365709 -0.2458319
2.390483 0.2365709 -0.2458319
2.390483 0.2365709 -0.2458319
2.390483 0.2365709 -0.2458319
2.390483 0.2365709 -0.2458319
2.390483 0.2365709 -0.2458319
2.390483 0.2365709 -0.2458319
2.390483 0.2365709 -0.2458319
2.390483 0.2365709 -0.2458319
2.390483 0.2365709 -0.2458319
2.390483 0.2365709 -0.2458319
2.390483 0.2365709 -0.2458319
2.390483 0.2365709 -0.2458319
2.390483 0.2365709 -0.2458319
2.390483 0.2365709 -0.2458319
2.390483 0.2365709 -0.2458319
2.390483 0.2365709 -0.2458319
2.390483 0.2365709 -0.2458319
2.390483 0.2365709 -0.2458319
2.390483 0.2365709 -0.2458319
2.390483 0.2365709 -0.2458319
2.390483 0.2365709 -0.2458319
2.390483 0.2365709 -0.2458319
2.390483 0.2365709 -0.2458319
2.390483 0.2365709 -0.2458319
2.449798 0.4807747 -0.8096334
2.449798 0.4807747 -0.8096334
2.449798 0.4807747 -0.8096334
2.449798 0.4807747 -0.8096334
2.449798 0.4807747 -0.8096334
2.282865 0.05845186 -0.1867602
2.282865 0.05845186 -0.1867602
2.282865 0.05845186 -0.1867602
2.282865 0.05845186 -0.1867602
2.282865 0.05845186 -0.1867602
2.282865 0.05845186 -0.1867602
2.282865 0.05845186 -0.1867602
2.282865 0.05845186 -0.1867602
2.282865 0.05845186 -0.1867602
2.282865 0.05845186 -0.1867602
2.282865 0.05845186 -0.1867602
2.282865 0.05845186 -0.1867602
2.453621 0.03364987 -0.2373558
2.453621 0.03364987 -0.2373558
2.453621 0.03364987 -0.2373558
2.453621 0.03364987 -0.2373558
2.453621 0.03364987 -0.2373558
2.453621 0.03364987 -0.2373558
2.453621 0.03364987 -0.2373558
2.453621 0.03364987 -0.2373558
2.453621 0.03364987 -0.2373558
2.453621 0.03364987 -0.2373558
2.453621 0.03364987 -0.2373558
2.453621 0.03364987 -0.2373558
2.518265 0.4698308 -0.6891688
2.518265 0.4698308 -0.6891688
2.518265 0.4698308 -0.6891688
2.518265 0.4698308 -0.6891688
2.518265 0.4698308 -0.6891688
2.518265 0.4698308 -0.6891688
2.518265 0.4698308 -0.6891688
2.518265 0.4698308 -0.6891688
2.518265 0.4698308 -0.6891688
2.518265 0.4698308 -0.6891688
2.518265 0.4698308 -0.6891688
2.518265 0.4698308 -0.6891688
2.518265 0.4698308 -0.6891688
2.518265 0.4698308 -0.6891688
2.518265 0.4698308 -0.6891688
2.518265 0.4698308 -0.6891688
2.518265 0.4698308 -0.6891688
2.518265 0.4698308 -0.6891688
2.518265 0.4698308 -0.6891688
2.518265 0.4698308 -0.6891688
2.518265 0.4698308 -0.6891688
2.518265 0.4698308 -0.6891688
2.518265 0.4698308 -0.6891688
2.518265 0.4698308 -0.6891688
2.518265 0.4698308 -0.6891688
2.518265 0.4698308 -0.6891688
2.195531 -0.2199218 -1.182339
2.195531 -0.2199218 -1.182339
2.195531 -0.2199218 -1.182339
2.195531 -0.2199218 -1.182339
2.195531 -0.2199218 -1.182339
2.195531 -0.2199218 -1.182339
2.195531 -0.2199218 -1.182339
2.195531 -0.2199218 -1.182339
2.195531 -0.2199218 -1.182339
2.195531 -0.2199218 -1.182339
2.195531 -0.2199218 -1.182339
2.195531 -0.2199218 -1.182339
2.195531 -0.2199218 -1.182339
2.195531 -0.2199218 -1.182339
2.195531 -0.2199218 -1.182339
2.195531 -0.2199218 -1.182339
2.195531 -0.2199218 -1.182339
2.195531 -0.2199218 -1.182339
2.195531 -0.2199218 -1.182339
2.195531 -0.2199218 -1.182339
2.195531 -0.2199218 -1.182339
2.195531 -0.2199218 -1.182339
2.31887 -0.2365242 -1.239816
2.31887 -0.2365242 -1.239816
2.31887 -0.2365242 -1.239816
2.31887 -0.2365242 -1.239816
2.31887 -0.2365242 -1.239816
2.31887 -0.2365242 -1.239816
2.31887 -0.2365242 -1.239816
2.31887 -0.2365242 -1.239816
2.31887 -0.2365242 -1.239816
2.187912 -0.3515934 -1.050648
2.187912 -0.3515934 -1.050648
2.187912 -0.3515934 -1.050648
2.344382 -0.06589117 -1.877813
2.344382 -0.06589117 -1.877813
2.344382 -0.06589117 -1.877813
2.344382 -0.06589117 -1.877813
2.344382 -0.06589117 -1.877813
2.344382 -0.06589117 -1.877813
2.344382 -0.06589117 -1.877813
2.344382 -0.06589117 -1.877813
2.344382 -0.06589117 -1.877813
2.344382 -0.06589117 -1.877813
2.344382 -0.06589117 -1.877813
2.344382 -0.06589117 -1.877813
2.344382 -0.06589117 -1.877813
2.344382 -0.06589117 -1.877813
2.344382 -0.06589117 -1.877813
2.344382 -0.06589117 -1.877813
2.344382 -0.06589117 -1.877813
2.344382 -0.06589117 -1.877813
2.344382 -0.06589117 -1.877813
2.344382 -0.06589117 -1.877813
2.344382 -0.06589117 -1.877813
2.344382 -0.06589117 -1.877813
2.344382 -0.06589117 -1.877813
2.344382 -0.06589117 -1.877813
2.344382 -0.06589117 -1.877813
2.344382 -0.06589117 -1.877813
2.344382 -0.06589117 -1.877813
2.344382 -0.06589117 -1.877813
2.344382 -0.06589117 -1.877813
2.344382 -0.06589117 -1.877813
2.344382 -0.06589117 -1.877813
2.344382 -0.06589117 -1.877813
2.344382 -0.06589117 -1.877813
2.344382 -0.06589117 -1.877813
2.344382 -0.06589117 -1.877813
2.344382 -0.06589117 -1.877813
2.344382 -0.06589117 -1.877813
2.408093 -0.02450237 -1.09032
2.408093 -0.02450237 -1.09032
2.408093 -0.02450237 -1.09032
2.408093 -0.02450237 -1.09032
2.408093 -0.02450237 -1.09032
2.408093 -0.02450237 -1.09032
2.408093 -0.02450237 -1.09032
2.408093 -0.02450237 -1.09032
2.408093 -0.02450237 -1.09032
2.408093 -0.02450237 -1.09032
2.408093 -0.02450237 -1.09032
2.506857 -0.03410589 -1.184368
2.506857 -0.03410589 -1.184368
2.506857 -0.03410589 -1.184368
2.506857 -0.03410589 -1.184368
2.506857 -0.03410589 -1.184368
2.506857 -0.03410589 -1.184368
2.506857 -0.03410589 -1.184368
2.506857 -0.03410589 -1.184368
2.506857 -0.03410589 -1.184368
2.506857 -0.03410589 -1.184368
2.506857 -0.03410589 -1.184368
2.506857 -0.03410589 -1.184368
2.228877 0.3019523 -0.7629492
2.228877 0.3019523 -0.7629492
2.228877 0.3019523 -0.7629492
2.228877 0.3019523 -0.7629492
2.228877 0.3019523 -0.7629492
2.228877 0.3019523 -0.7629492
2.228877 0.3019523 -0.7629492
2.228877 0.3019523 -0.7629492
2.228877 0.3019523 -0.7629492
2.228877 0.3019523 -0.7629492
2.504764 0.8122989 0.3522408
2.504764 0.8122989 0.3522408
2.504764 0.8122989 0.3522408
2.504764 0.8122989 0.3522408
2.504764 0.8122989 0.3522408
2.504764 0.8122989 0.3522408
2.504764 0.8122989 0.3522408
2.504764 0.8122989 0.3522408
2.504764 0.8122989 0.3522408
2.504764 0.8122989 0.3522408
2.504764 0.8122989 0.3522408
2.504764 0.8122989 0.3522408
2.504764 0.8122989 0.3522408
2.504764 0.8122989 0.3522408
2.311982 0.05832654 0.8465845
2.311982 0.05832654 0.8465845
2.311982 0.05832654 0.8465845
2.311982 0.05832654 0.8465845
2.311982 0.05832654 0.8465845
2.311982 0.05832654 0.8465845
2.311982 0.05832654 0.8465845
2.311982 0.05832654 0.8465845
2.311982 0.05832654 0.8465845
2.311982 0.05832654 0.8465845
2.311982 0.05832654 0.8465845
2.311982 0.05832654 0.8465845
2.311982 0.05832654 0.8465845
2.311982 0.05832654 0.8465845
2.311982 0.05832654 0.8465845
2.311982 0.05832654 0.8465845
2.311982 0.05832654 0.8465845
2.311982 0.05832654 0.8465845
2.311982 0.05832654 0.8465845
2.311982 0.05832654 0.8465845
2.311982 0.05832654 0.8465845
2.311982 0.05832654 0.8465845
2.311982 0.05832654 0.8465845
2.311982 0.05832654 0.8465845
2.39048 0.05396475 0.7498169
2.39048 0.05396475 0.7498169
2.39048 0.05396475 0.7498169
2.417376 0.1798414 -0.9097465
2.417376 0.1798414 -0.9097465
2.417376 0.1798414 -0.9097465
2.417376 0.1798414 -0.9097465
2.417376 0.1798414 -0.9097465
2.417376 0.1798414 -0.9097465
2.417376 0.1798414 -0.9097465
2.417376 0.1798414 -0.9097465
2.417376 0.1798414 -0.9097465
2.417376 0.1798414 -0.9097465
2.417376 0.1798414 -0.9097465
2.417376 0.1798414 -0.9097465
2.417376 0.1798414 -0.9097465
2.417376 0.1798414 -0.9097465
2.417376 0.1798414 -0.9097465
2.417376 0.1798414 -0.9097465
2.417376 0.1798414 -0.9097465
2.417376 0.1798414 -0.9097465
2.417376 0.1798414 -0.9097465
2.417376 0.1798414 -0.9097465
2.417376 0.1798414 -0.9097465
2.417376 0.1798414 -0.9097465
2.417376 0.1798414 -0.9097465
2.417376 0.1798414 -0.9097465
2.417376 0.1798414 -0.9097465
2.417376 0.1798414 -0.9097465
2.417376 0.1798414 -0.9097465
2.417376 0.1798414 -0.9097465
2.417376 0.1798414 -0.9097465
2.417376 0.1798414 -0.9097465
2.417376 0.1798414 -0.9097465
2.417376 0.1798414 -0.9097465
2.417376 0.1798414 -0.9097465
2.417376 0.1798414 -0.9097465
2.417376 0.1798414 -0.9097465
2.417376 0.1798414 -0.9097465
2.417376 0.1798414 -0.9097465
2.417376 0.1798414 -0.9097465
2.417376 0.1798414 -0.9097465
2.417376 0.1798414 -0.9097465
2.417376 0.1798414 -0.9097465
2.417376 0.1798414 -0.9097465
2.417376 0.1798414 -0.9097465
2.417376 0.1798414 -0.9097465
2.417376 0.1798414 -0.9097465
2.417376 0.1798414 -0.9097465
2.417376 0.1798414 -0.9097465
2.417376 0.1798414 -0.9097465
2.417376 0.1798414 -0.9097465
2.417376 0.1798414 -0.9097465
2.417376 0.1798414 -0.9097465
2.417376 0.1798414 -0.9097465
2.417376 0.1798414 -0.9097465
2.417376 0.1798414 -0.9097465
2.417376 0.1798414 -0.9097465
2.417376 0.1798414 -0.9097465
2.417376 0.1798414 -0.9097465
2.478505 0.1722471 -0.8658562
2.478505 0.1722471 -0.8658562
2.478505 0.1722471 -0.8658562
2.478505 0.1722471 -0.8658562
2.478505 0.1722471 -0.8658562
2.478505 0.1722471 -0.8658562
2.478505 0.1722471 -0.8658562
2.478505 0.1722471 -0.8658562
2.478505 0.1722471 -0.8658562
2.478505 0.1722471 -0.8658562
2.478505 0.1722471 -0.8658562
2.478505 0.1722471 -0.8658562
2.478505 0.1722471 -0.8658562
2.478505 0.1722471 -0.8658562
2.478505 0.1722471 -0.8658562
2.342921 0.1775095 -1.625277
2.342921 0.1775095 -1.625277
2.342921 0.1775095 -1.625277
2.342921 0.1775095 -1.625277
2.342921 0.1775095 -1.625277
2.342921 0.1775095 -1.625277
2.342921 0.1775095 -1.625277
2.342921 0.1775095 -1.625277
2.342921 0.1775095 -1.625277
2.342921 0.1775095 -1.625277
2.342921 0.1775095 -1.625277
2.342921 0.1775095 -1.625277
2.342921 0.1775095 -1.625277
2.342921 0.1775095 -1.625277
2.342921 0.1775095 -1.625277
2.342921 0.1775095 -1.625277
2.342921 0.1775095 -1.625277
2.342921 0.1775095 -1.625277
2.342921 0.1775095 -1.625277
2.342921 0.1775095 -1.625277
2.342921 0.1775095 -1.625277
2.342921 0.1775095 -1.625277
2.342921 0.1775095 -1.625277
2.342921 0.1775095 -1.625277
2.342921 0.1775095 -1.625277
2.342921 0.1775095 -1.625277
2.342921 0.1775095 -1.625277
2.342921 0.1775095 -1.625277
2.342921 0.1775095 -1.625277
2.342921 0.1775095 -1.625277
2.342921 0.1775095 -1.625277
2.342921 0.1775095 -1.625277
2.342921 0.1775095 -1.625277
2.342921 0.1775095 -1.625277
2.342921 0.1775095 -1.625277
2.342921 0.1775095 -1.625277
2.342921 0.1775095 -1.625277
2.342921 0.1775095 -1.625277
2.342921 0.1775095 -1.625277
2.342921 0.1775095 -1.625277
2.342921 0.1775095 -1.625277
2.342921 0.1775095 -1.625277
2.342921 0.1775095 -1.625277
2.342921 0.1775095 -1.625277
2.342921 0.1775095 -1.625277
2.386771 0.1784931 -1.633675
2.386771 0.1784931 -1.633675
2.386771 0.1784931 -1.633675
2.386771 0.1784931 -1.633675
2.386771 0.1784931 -1.633675
2.386771 0.1784931 -1.633675
2.386771 0.1784931 -1.633675
2.319536 0.3376724 -0.06277083
2.319536 0.3376724 -0.06277083
2.319536 0.3376724 -0.06277083
2.319536 0.3376724 -0.06277083
2.319536 0.3376724 -0.06277083
2.319536 0.3376724 -0.06277083
2.319536 0.3376724 -0.06277083
2.319536 0.3376724 -0.06277083
2.319536 0.3376724 -0.06277083
2.319536 0.3376724 -0.06277083
2.319536 0.3376724 -0.06277083
2.319536 0.3376724 -0.06277083
2.319536 0.3376724 -0.06277083
2.319536 0.3376724 -0.06277083
2.319536 0.3376724 -0.06277083
2.319536 0.3376724 -0.06277083
2.319536 0.3376724 -0.06277083
2.319536 0.3376724 -0.06277083
2.319536 0.3376724 -0.06277083
2.319536 0.3376724 -0.06277083
2.319536 0.3376724 -0.06277083
2.319536 0.3376724 -0.06277083
2.319536 0.3376724 -0.06277083
2.319536 0.3376724 -0.06277083
2.319536 0.3376724 -0.06277083
2.319536 0.3376724 -0.06277083
2.319536 0.3376724 -0.06277083
2.319536 0.3376724 -0.06277083
2.319536 0.3376724 -0.06277083
2.319536 0.3376724 -0.06277083
2.319536 0.3376724 -0.06277083
2.319536 0.3376724 -0.06277083
2.319536 0.3376724 -0.06277083
2.319536 0.3376724 -0.06277083
2.319536 0.3376724 -0.06277083
2.319536 0.3376724 -0.06277083
2.319536 0.3376724 -0.06277083
2.319536 0.3376724 -0.06277083
2.319536 0.3376724 -0.06277083
2.319536 0.3376724 -0.06277083
2.319536 0.3376724 -0.06277083
2.319536 0.3376724 -0.06277083
2.319536 0.3376724 -0.06277083
2.319536 0.3376724 -0.06277083
2.319536 0.3376724 -0.06277083
2.319536 0.3376724 -0.06277083
2.319536 0.3376724 -0.06277083
2.319536 0.3376724 -0.06277083
2.319536 0.3376724 -0.06277083
2.319536 0.3376724 -0.06277083
2.319536 0.3376724 -0.06277083
2.319536 0.3376724 -0.06277083
2.319536 0.3376724 -0.06277083
2.349897 0.3307335 -0.08637901
2.349897 0.3307335 -0.08637901
2.349897 0.3307335 -0.08637901
2.349897 0.3307335 -0.08637901
2.349897 0.3307335 -0.08637901
2.349897 0.3307335 -0.08637901
2.349897 0.3307335 -0.08637901
2.349897 0.3307335 -0.08637901
2.349897 0.3307335 -0.08637901
2.349897 0.3307335 -0.08637901
2.349897 0.3307335 -0.08637901
2.349897 0.3307335 -0.08637901
2.349897 0.3307335 -0.08637901
2.349897 0.3307335 -0.08637901
2.349897 0.3307335 -0.08637901
2.349897 0.3307335 -0.08637901
2.349897 0.3307335 -0.08637901
2.349897 0.3307335 -0.08637901
2.349897 0.3307335 -0.08637901
2.349897 0.3307335 -0.08637901
2.349897 0.3307335 -0.08637901
2.349897 0.3307335 -0.08637901
2.349897 0.3307335 -0.08637901
2.349897 0.3307335 -0.08637901
2.349897 0.3307335 -0.08637901
2.349897 0.3307335 -0.08637901
2.349897 0.3307335 -0.08637901
2.349897 0.3307335 -0.08637901
2.349897 0.3307335 -0.08637901
2.349897 0.3307335 -0.08637901
2.349897 0.3307335 -0.08637901
2.163513 -0.2688102 0.1305903
2.163513 -0.2688102 0.1305903
2.163513 -0.2688102 0.1305903
2.163513 -0.2688102 0.1305903
2.163513 -0.2688102 0.1305903
2.163513 -0.2688102 0.1305903
2.163513 -0.2688102 0.1305903
2.163513 -0.2688102 0.1305903
2.163513 -0.2688102 0.1305903
2.163513 -0.2688102 0.1305903
2.163513 -0.2688102 0.1305903
2.163513 -0.2688102 0.1305903
2.163513 -0.2688102 0.1305903
2.163513 -0.2688102 0.1305903
2.163513 -0.2688102 0.1305903
2.163513 -0.2688102 0.1305903
2.163513 -0.2688102 0.1305903
2.163513 -0.2688102 0.1305903
2.163513 -0.2688102 0.1305903
2.163513 -0.2688102 0.1305903
2.163513 -0.2688102 0.1305903
2.163513 -0.2688102 0.1305903
2.163513 -0.2688102 0.1305903
2.163513 -0.2688102 0.1305903
2.163513 -0.2688102 0.1305903
2.163513 -0.2688102 0.1305903
2.163513 -0.2688102 0.1305903
2.163513 -0.2688102 0.1305903
2.163513 -0.2688102 0.1305903
2.187879 -0.2693554 0.2101294
2.187879 -0.2693554 0.2101294
2.187879 -0.2693554 0.2101294
2.187879 -0.2693554 0.2101294
2.187879 -0.2693554 0.2101294
2.187879 -0.2693554 0.2101294
2.187879 -0.2693554 0.2101294
2.187879 -0.2693554 0.2101294
2.187879 -0.2693554 0.2101294
2.187879 -0.2693554 0.2101294
2.187879 -0.2693554 0.2101294
2.187879 -0.2693554 0.2101294
2.187879 -0.2693554 0.2101294
2.187879 -0.2693554 0.2101294
2.187879 -0.2693554 0.2101294
2.187879 -0.2693554 0.2101294
2.187879 -0.2693554 0.2101294
2.187879 -0.2693554 0.2101294
2.187879 -0.2693554 0.2101294
2.187879 -0.2693554 0.2101294
2.187879 -0.2693554 0.2101294
2.187879 -0.2693554 0.2101294
2.187879 -0.2693554 0.2101294
2.187879 -0.2693554 0.2101294
2.187879 -0.2693554 0.2101294
2.187879 -0.2693554 0.2101294
2.187879 -0.2693554 0.2101294
2.187879 -0.2693554 0.2101294
2.187879 -0.2693554 0.2101294
2.187879 -0.2693554 0.2101294
2.187879 -0.2693554 0.2101294
2.397059 0.3110356 -0.5401862
2.397059 0.3110356 -0.5401862
2.397059 0.3110356 -0.5401862
2.397059 0.3110356 -0.5401862
2.397059 0.3110356 -0.5401862
2.397059 0.3110356 -0.5401862
2.397059 0.3110356 -0.5401862
2.397059 0.3110356 -0.5401862
2.397059 0.3110356 -0.5401862
2.397059 0.3110356 -0.5401862
2.397059 0.3110356 -0.5401862
2.397059 0.3110356 -0.5401862
2.397059 0.3110356 -0.5401862
2.397059 0.3110356 -0.5401862
2.397059 0.3110356 -0.5401862
2.397059 0.3110356 -0.5401862
2.397059 0.3110356 -0.5401862
2.397059 0.3110356 -0.5401862
2.397059 0.3110356 -0.5401862
2.397059 0.3110356 -0.5401862
2.397059 0.3110356 -0.5401862
2.397059 0.3110356 -0.5401862
2.397059 0.3110356 -0.5401862
2.397059 0.3110356 -0.5401862
2.397059 0.3110356 -0.5401862
2.397059 0.3110356 -0.5401862
2.397059 0.3110356 -0.5401862
2.397059 0.3110356 -0.5401862
2.397059 0.3110356 -0.5401862
2.414611 0.3323262 -0.4081038
2.414611 0.3323262 -0.4081038
2.414611 0.3323262 -0.4081038
2.414611 0.3323262 -0.4081038
2.414611 0.3323262 -0.4081038
2.414611 0.3323262 -0.4081038
2.414611 0.3323262 -0.4081038
2.414611 0.3323262 -0.4081038
2.414611 0.3323262 -0.4081038
2.414611 0.3323262 -0.4081038
2.414611 0.3323262 -0.4081038
2.414611 0.3323262 -0.4081038
2.414611 0.3323262 -0.4081038
2.414611 0.3323262 -0.4081038
2.414611 0.3323262 -0.4081038
2.414611 0.3323262 -0.4081038
2.414611 0.3323262 -0.4081038
2.414611 0.3323262 -0.4081038
2.414611 0.3323262 -0.4081038
2.414611 0.3323262 -0.4081038
2.414611 0.3323262 -0.4081038
2.414611 0.3323262 -0.4081038
2.414611 0.3323262 -0.4081038
2.414611 0.3323262 -0.4081038
2.414611 0.3323262 -0.4081038
2.414611 0.3323262 -0.4081038
2.414611 0.3323262 -0.4081038
2.414611 0.3323262 -0.4081038
2.414611 0.3323262 -0.4081038
2.414611 0.3323262 -0.4081038
2.414611 0.3323262 -0.4081038
2.414611 0.3323262 -0.4081038
2.414611 0.3323262 -0.4081038
2.414611 0.3323262 -0.4081038
2.414611 0.3323262 -0.4081038
2.414611 0.3323262 -0.4081038
2.414611 0.3323262 -0.4081038
2.414611 0.3323262 -0.4081038
2.414611 0.3323262 -0.4081038
2.414611 0.3323262 -0.4081038
2.414611 0.3323262 -0.4081038
2.414611 0.3323262 -0.4081038
2.414611 0.3323262 -0.4081038
2.414611 0.3323262 -0.4081038
2.414611 0.3323262 -0.4081038
2.414611 0.3323262 -0.4081038
2.414611 0.3323262 -0.4081038
2.414611 0.3323262 -0.4081038
2.414611 0.3323262 -0.4081038
2.414611 0.3323262 -0.4081038
2.414611 0.3323262 -0.4081038
2.414611 0.3323262 -0.4081038
2.414611 0.3323262 -0.4081038
2.414611 0.3323262 -0.4081038
2.414611 0.3323262 -0.4081038
2.414611 0.3323262 -0.4081038
2.414611 0.3323262 -0.4081038
2.414611 0.3323262 -0.4081038
2.414611 0.3323262 -0.4081038
2.414611 0.3323262 -0.4081038
2.424778 0.3389088 -0.310744
2.424778 0.3389088 -0.310744
2.424778 0.3389088 -0.310744
2.424778 0.3389088 -0.310744
2.424778 0.3389088 -0.310744
2.424778 0.3389088 -0.310744
2.424778 0.3389088 -0.310744
2.424778 0.3389088 -0.310744
2.424778 0.3389088 -0.310744
2.424778 0.3389088 -0.310744
2.424778 0.3389088 -0.310744
2.424778 0.3389088 -0.310744
2.424778 0.3389088 -0.310744
2.424778 0.3389088 -0.310744
2.424778 0.3389088 -0.310744
2.424778 0.3389088 -0.310744
2.424778 0.3389088 -0.310744
2.424778 0.3389088 -0.310744
2.424778 0.3389088 -0.310744
2.424778 0.3389088 -0.310744
2.424778 0.3389088 -0.310744
2.424778 0.3389088 -0.310744
2.424778 0.3389088 -0.310744
2.424778 0.3389088 -0.310744
2.424778 0.3389088 -0.310744
2.424778 0.3389088 -0.310744
2.424778 0.3389088 -0.310744
2.424778 0.3389088 -0.310744
2.424778 0.3389088 -0.310744
2.424778 0.3389088 -0.310744
2.424778 0.3389088 -0.310744
2.424778 0.3389088 -0.310744
2.424778 0.3389088 -0.310744
2.424778 0.3389088 -0.310744
2.424778 0.3389088 -0.310744
2.424778 0.3389088 -0.310744
2.424778 0.3389088 -0.310744
2.424778 0.3389088 -0.310744
2.424778 0.3389088 -0.310744
2.424778 0.3389088 -0.310744
2.424778 0.3389088 -0.310744
2.424778 0.3389088 -0.310744
2.424778 0.3389088 -0.310744
2.424778 0.3389088 -0.310744
2.424778 0.3389088 -0.310744
2.424778 0.3389088 -0.310744
2.424778 0.3389088 -0.310744
2.424778 0.3389088 -0.310744
2.424778 0.3389088 -0.310744
2.424778 0.3389088 -0.310744
2.424778 0.3389088 -0.310744
2.424778 0.3389088 -0.310744
2.424778 0.3389088 -0.310744
2.424778 0.3389088 -0.310744
2.424778 0.3389088 -0.310744
2.424778 0.3389088 -0.310744
2.424778 0.3389088 -0.310744
2.424778 0.3389088 -0.310744
2.424778 0.3389088 -0.310744
2.424778 0.3389088 -0.310744
2.43079 0.2971336 -0.2428846
2.43079 0.2971336 -0.2428846
2.43079 0.2971336 -0.2428846
2.43079 0.2971336 -0.2428846
2.43079 0.2971336 -0.2428846
2.43079 0.2971336 -0.2428846
2.43079 0.2971336 -0.2428846
2.43079 0.2971336 -0.2428846
2.43079 0.2971336 -0.2428846
2.43079 0.2971336 -0.2428846
2.43079 0.2971336 -0.2428846
2.43079 0.2971336 -0.2428846
2.43079 0.2971336 -0.2428846
2.43079 0.2971336 -0.2428846
2.43079 0.2971336 -0.2428846
2.43079 0.2971336 -0.2428846
2.43079 0.2971336 -0.2428846
2.43079 0.2971336 -0.2428846
2.43079 0.2971336 -0.2428846
2.43079 0.2971336 -0.2428846
2.43079 0.2971336 -0.2428846
2.43079 0.2971336 -0.2428846
2.43079 0.2971336 -0.2428846
2.43079 0.2971336 -0.2428846
2.43079 0.2971336 -0.2428846
2.43079 0.2971336 -0.2428846
2.43079 0.2971336 -0.2428846
2.43079 0.2971336 -0.2428846
2.43079 0.2971336 -0.2428846
2.43079 0.2971336 -0.2428846
2.43079 0.2971336 -0.2428846
2.43079 0.2971336 -0.2428846
2.43079 0.2971336 -0.2428846
2.43079 0.2971336 -0.2428846
2.43079 0.2971336 -0.2428846
2.43079 0.2971336 -0.2428846
2.43079 0.2971336 -0.2428846
2.43079 0.2971336 -0.2428846
2.43079 0.2971336 -0.2428846
2.43079 0.2971336 -0.2428846
2.43079 0.2971336 -0.2428846
2.43079 0.2971336 -0.2428846
2.43079 0.2971336 -0.2428846
2.187051 -0.08394621 0.2918702
2.187051 -0.08394621 0.2918702
2.187051 -0.08394621 0.2918702
2.187051 -0.08394621 0.2918702
2.187051 -0.08394621 0.2918702
2.187051 -0.08394621 0.2918702
2.187051 -0.08394621 0.2918702
2.187051 -0.08394621 0.2918702
2.187051 -0.08394621 0.2918702
2.187051 -0.08394621 0.2918702
2.187051 -0.08394621 0.2918702
2.187051 -0.08394621 0.2918702
2.187051 -0.08394621 0.2918702
2.187051 -0.08394621 0.2918702
2.187051 -0.08394621 0.2918702
2.187051 -0.08394621 0.2918702
2.187051 -0.08394621 0.2918702
2.18761 -0.08233822 0.3517995
2.18761 -0.08233822 0.3517995
2.18761 -0.08233822 0.3517995
2.18761 -0.08233822 0.3517995
2.18761 -0.08233822 0.3517995
2.18761 -0.08233822 0.3517995
2.18761 -0.08233822 0.3517995
2.18761 -0.08233822 0.3517995
2.18761 -0.08233822 0.3517995
2.18761 -0.08233822 0.3517995
2.18761 -0.08233822 0.3517995
2.18761 -0.08233822 0.3517995
2.18761 -0.08233822 0.3517995
2.18761 -0.08233822 0.3517995
2.18761 -0.08233822 0.3517995
2.18761 -0.08233822 0.3517995
2.18761 -0.08233822 0.3517995
2.18761 -0.08233822 0.3517995
2.18761 -0.08233822 0.3517995
2.18761 -0.08233822 0.3517995
2.18761 -0.08233822 0.3517995
2.18761 -0.08233822 0.3517995
2.18761 -0.08233822 0.3517995
2.18761 -0.08233822 0.3517995
2.18761 -0.08233822 0.3517995
2.18761 -0.08233822 0.3517995
2.18761 -0.08233822 0.3517995
2.18761 -0.08233822 0.3517995
2.18761 -0.08233822 0.3517995
2.18761 -0.08233822 0.3517995
2.18761 -0.08233822 0.3517995
2.18761 -0.08233822 0.3517995
2.18761 -0.08233822 0.3517995
2.18761 -0.08233822 0.3517995
2.18761 -0.08233822 0.3517995
2.18761 -0.08233822 0.3517995
2.18761 -0.08233822 0.3517995
2.18761 -0.08233822 0.3517995
2.18761 -0.08233822 0.3517995
2.18761 -0.08233822 0.3517995
2.18761 -0.08233822 0.3517995
2.18761 -0.08233822 0.3517995
2.18761 -0.08233822 0.3517995
2.18761 -0.08233822 0.3517995
2.18761 -0.08233822 0.3517995
2.481459 0.5200403 -0.2543432
2.481459 0.5200403 -0.2543432
2.481459 0.5200403 -0.2543432
2.481459 0.5200403 -0.2543432
2.481459 0.5200403 -0.2543432
2.481459 0.5200403 -0.2543432
2.481459 0.5200403 -0.2543432
2.481459 0.5200403 -0.2543432
2.481459 0.5200403 -0.2543432
2.481459 0.5200403 -0.2543432
2.481459 0.5200403 -0.2543432
2.481459 0.5200403 -0.2543432
2.481459 0.5200403 -0.2543432
2.481459 0.5200403 -0.2543432
2.481459 0.5200403 -0.2543432
2.479825 0.4802092 -0.2325718
2.479825 0.4802092 -0.2325718
2.479825 0.4802092 -0.2325718
2.479825 0.4802092 -0.2325718
2.479825 0.4802092 -0.2325718
2.479825 0.4802092 -0.2325718
2.479825 0.4802092 -0.2325718
2.479825 0.4802092 -0.2325718
2.479825 0.4802092 -0.2325718
2.479825 0.4802092 -0.2325718
2.479825 0.4802092 -0.2325718
2.479825 0.4802092 -0.2325718
2.479825 0.4802092 -0.2325718
2.479825 0.4802092 -0.2325718
2.479825 0.4802092 -0.2325718
2.479825 0.4802092 -0.2325718
2.479825 0.4802092 -0.2325718
2.479825 0.4802092 -0.2325718
2.479825 0.4802092 -0.2325718
2.479825 0.4802092 -0.2325718
2.479825 0.4802092 -0.2325718
2.479825 0.4802092 -0.2325718
2.479825 0.4802092 -0.2325718
2.479825 0.4802092 -0.2325718
2.479825 0.4802092 -0.2325718
2.479825 0.4802092 -0.2325718
2.479825 0.4802092 -0.2325718
2.479825 0.4802092 -0.2325718
2.479825 0.4802092 -0.2325718
2.479825 0.4802092 -0.2325718
2.479825 0.4802092 -0.2325718
2.479825 0.4802092 -0.2325718
2.479825 0.4802092 -0.2325718
2.479825 0.4802092 -0.2325718
2.479825 0.4802092 -0.2325718
2.479825 0.4802092 -0.2325718
2.479825 0.4802092 -0.2325718
2.479825 0.4802092 -0.2325718
2.479825 0.4802092 -0.2325718
2.479825 0.4802092 -0.2325718
2.479825 0.4802092 -0.2325718
2.479825 0.4802092 -0.2325718
2.232809 0.05573619 -0.7804444
2.232809 0.05573619 -0.7804444
2.232809 0.05573619 -0.7804444
2.232809 0.05573619 -0.7804444
2.232809 0.05573619 -0.7804444
2.232809 0.05573619 -0.7804444
2.232809 0.05573619 -0.7804444
2.232809 0.05573619 -0.7804444
2.232809 0.05573619 -0.7804444
2.232809 0.05573619 -0.7804444
2.232809 0.05573619 -0.7804444
2.232809 0.05573619 -0.7804444
2.232809 0.05573619 -0.7804444
2.232809 0.05573619 -0.7804444
2.232809 0.05573619 -0.7804444
2.232809 0.05573619 -0.7804444
2.232809 0.05573619 -0.7804444
2.232809 0.05573619 -0.7804444
2.232465 0.083867 -0.7661068
2.232465 0.083867 -0.7661068
2.232465 0.083867 -0.7661068
2.232465 0.083867 -0.7661068
2.232465 0.083867 -0.7661068
2.232465 0.083867 -0.7661068
2.232465 0.083867 -0.7661068
2.232465 0.083867 -0.7661068
2.232465 0.083867 -0.7661068
2.232465 0.083867 -0.7661068
2.232465 0.083867 -0.7661068
2.241843 -0.1274528 -0.8929409
2.241843 -0.1274528 -0.8929409
2.241843 -0.1274528 -0.8929409
2.241843 -0.1274528 -0.8929409
2.241843 -0.1274528 -0.8929409
2.241843 -0.1274528 -0.8929409
2.241843 -0.1274528 -0.8929409
2.241843 -0.1274528 -0.8929409
2.241843 -0.1274528 -0.8929409
2.241843 -0.1274528 -0.8929409
2.241843 -0.1274528 -0.8929409
2.241843 -0.1274528 -0.8929409
2.241843 -0.1274528 -0.8929409
2.241843 -0.1274528 -0.8929409
2.241843 -0.1274528 -0.8929409
2.241843 -0.1274528 -0.8929409
2.241843 -0.1274528 -0.8929409
2.241843 -0.1274528 -0.8929409
2.241843 -0.1274528 -0.8929409
2.241843 -0.1274528 -0.8929409
2.241843 -0.1274528 -0.8929409
2.241843 -0.1274528 -0.8929409
2.241843 -0.1274528 -0.8929409
2.241843 -0.1274528 -0.8929409
2.241843 -0.1274528 -0.8929409
2.241843 -0.1274528 -0.8929409
2.241843 -0.1274528 -0.8929409
2.241843 -0.1274528 -0.8929409
2.108519 -0.3293264 -0.4819327
2.108519 -0.3293264 -0.4819327
2.108519 -0.3293264 -0.4819327
2.108519 -0.3293264 -0.4819327
2.108519 -0.3293264 -0.4819327
2.108519 -0.3293264 -0.4819327
2.108519 -0.3293264 -0.4819327
2.108519 -0.3293264 -0.4819327
2.108519 -0.3293264 -0.4819327
2.108519 -0.3293264 -0.4819327
2.108519 -0.3293264 -0.4819327
2.108519 -0.3293264 -0.4819327
2.108519 -0.3293264 -0.4819327
2.108519 -0.3293264 -0.4819327
2.108519 -0.3293264 -0.4819327
2.108519 -0.3293264 -0.4819327
2.108519 -0.3293264 -0.4819327
2.108519 -0.3293264 -0.4819327
2.108519 -0.3293264 -0.4819327
2.108519 -0.3293264 -0.4819327
2.108519 -0.3293264 -0.4819327
2.106741 -0.3345177 -0.4767616
2.106741 -0.3345177 -0.4767616
2.106741 -0.3345177 -0.4767616
2.106741 -0.3345177 -0.4767616
2.106741 -0.3345177 -0.4767616
2.106741 -0.3345177 -0.4767616
2.106741 -0.3345177 -0.4767616
2.106741 -0.3345177 -0.4767616
2.106741 -0.3345177 -0.4767616
2.106741 -0.3345177 -0.4767616
2.106741 -0.3345177 -0.4767616
2.106741 -0.3345177 -0.4767616
2.106741 -0.3345177 -0.4767616
2.106741 -0.3345177 -0.4767616
2.354258 0.2904881 0.657722
2.354258 0.2904881 0.657722
2.354258 0.2904881 0.657722
2.354258 0.2904881 0.657722
2.354258 0.2904881 0.657722
2.354258 0.2904881 0.657722
2.354258 0.2904881 0.657722
2.354258 0.2904881 0.657722
2.354258 0.2904881 0.657722
2.354258 0.2904881 0.657722
2.354258 0.2904881 0.657722
2.354258 0.2904881 0.657722
2.354258 0.2904881 0.657722
2.354258 0.2904881 0.657722
2.354258 0.2904881 0.657722
2.354258 0.2904881 0.657722
2.354258 0.2904881 0.657722
2.354258 0.2904881 0.657722
2.354258 0.2904881 0.657722
2.354258 0.2904881 0.657722
2.354258 0.2904881 0.657722
2.354258 0.2904881 0.657722
2.354258 0.2904881 0.657722
2.186092 -0.1237395 -0.1207624
2.186092 -0.1237395 -0.1207624
2.186092 -0.1237395 -0.1207624
2.186092 -0.1237395 -0.1207624
2.186092 -0.1237395 -0.1207624
2.186092 -0.1237395 -0.1207624
2.186092 -0.1237395 -0.1207624
2.186092 -0.1237395 -0.1207624
2.186092 -0.1237395 -0.1207624
2.186092 -0.1237395 -0.1207624
2.186092 -0.1237395 -0.1207624
2.186092 -0.1237395 -0.1207624
2.186092 -0.1237395 -0.1207624
2.186092 -0.1237395 -0.1207624
2.373094 -0.0007471964 0.5393703
2.373094 -0.0007471964 0.5393703
2.373094 -0.0007471964 0.5393703
2.373094 -0.0007471964 0.5393703
2.373094 -0.0007471964 0.5393703
2.373094 -0.0007471964 0.5393703
2.373094 -0.0007471964 0.5393703
2.373094 -0.0007471964 0.5393703
2.373094 -0.0007471964 0.5393703
2.371047 -0.01299277 0.5439307
2.371047 -0.01299277 0.5439307
2.331498 -0.3872564 2.368555
2.331498 -0.3872564 2.368555
2.331498 -0.3872564 2.368555
2.331498 -0.3872564 2.368555
2.331498 -0.3872564 2.368555
2.331498 -0.3872564 2.368555
2.331498 -0.3872564 2.368555
2.331498 -0.3872564 2.368555
2.331498 -0.3872564 2.368555
2.331498 -0.3872564 2.368555
2.331498 -0.3872564 2.368555
2.331498 -0.3872564 2.368555
2.331498 -0.3872564 2.368555
2.331498 -0.3872564 2.368555
2.331498 -0.3872564 2.368555
2.331498 -0.3872564 2.368555
2.331498 -0.3872564 2.368555
2.331498 -0.3872564 2.368555
2.331498 -0.3872564 2.368555
2.331498 -0.3872564 2.368555
2.331498 -0.3872564 2.368555
2.331498 -0.3872564 2.368555
2.331498 -0.3872564 2.368555
2.331498 -0.3872564 2.368555
2.331498 -0.3872564 2.368555
2.331498 -0.3872564 2.368555
2.331498 -0.3872564 2.368555
2.331498 -0.3872564 2.368555
2.331498 -0.3872564 2.368555
2.331498 -0.3872564 2.368555
2.331498 -0.3872564 2.368555
2.331498 -0.3872564 2.368555
2.331498 -0.3872564 2.368555
2.331498 -0.3872564 2.368555
2.331498 -0.3872564 2.368555
2.331498 -0.3872564 2.368555
2.331498 -0.3872564 2.368555
2.331498 -0.3872564 2.368555
2.331498 -0.3872564 2.368555
2.331498 -0.3872564 2.368555
2.331498 -0.3872564 2.368555
2.331498 -0.3872564 2.368555
2.331498 -0.3872564 2.368555
2.331498 -0.3872564 2.368555
2.331498 -0.3872564 2.368555
2.331498 -0.3872564 2.368555
2.331498 -0.3872564 2.368555
2.331498 -0.3872564 2.368555
2.331498 -0.3872564 2.368555
2.331498 -0.3872564 2.368555
2.331498 -0.3872564 2.368555
2.226826 0.2393575 2.331955
2.356598 0.7102387 2.021608
2.356598 0.7102387 2.021608
2.356598 0.7102387 2.021608
2.356598 0.7102387 2.021608
2.356598 0.7102387 2.021608
2.356598 0.7102387 2.021608
2.35528 0.6900728 2.025399
2.35528 0.6900728 2.025399
2.35528 0.6900728 2.025399
2.35528 0.6900728 2.025399
2.35528 0.6900728 2.025399
2.35528 0.6900728 2.025399
2.35528 0.6900728 2.025399
2.35528 0.6900728 2.025399
2.35528 0.6900728 2.025399
2.35528 0.6900728 2.025399
2.35528 0.6900728 2.025399
2.35528 0.6900728 2.025399
2.35528 0.6900728 2.025399
2.35528 0.6900728 2.025399
2.35528 0.6900728 2.025399
2.35528 0.6900728 2.025399
2.35528 0.6900728 2.025399
2.35528 0.6900728 2.025399
2.35528 0.6900728 2.025399
2.35528 0.6900728 2.025399
2.35528 0.6900728 2.025399
2.35528 0.6900728 2.025399
2.35528 0.6900728 2.025399
2.35528 0.6900728 2.025399
2.35528 0.6900728 2.025399
2.35528 0.6900728 2.025399
2.35528 0.6900728 2.025399
2.35528 0.6900728 2.025399
2.35528 0.6900728 2.025399
2.35528 0.6900728 2.025399
2.35528 0.6900728 2.025399
2.35528 0.6900728 2.025399
2.35528 0.6900728 2.025399
2.35528 0.6900728 2.025399
2.35528 0.6900728 2.025399
2.35528 0.6900728 2.025399
2.35528 0.6900728 2.025399
2.35528 0.6900728 2.025399
2.35528 0.6900728 2.025399
2.35528 0.6900728 2.025399
2.35528 0.6900728 2.025399
2.389919 0.9937236 2.701016
2.389919 0.9937236 2.701016
2.389919 0.9937236 2.701016
2.389919 0.9937236 2.701016
2.389919 0.9937236 2.701016
2.389919 0.9937236 2.701016
2.389919 0.9937236 2.701016
2.389919 0.9937236 2.701016
2.389919 0.9937236 2.701016
2.389919 0.9937236 2.701016
2.389919 0.9937236 2.701016
2.389919 0.9937236 2.701016
2.389919 0.9937236 2.701016
2.389919 0.9937236 2.701016
2.389919 0.9937236 2.701016
2.389919 0.9937236 2.701016
2.389919 0.9937236 2.701016
2.389919 0.9937236 2.701016
2.389919 0.9937236 2.701016
2.388236 0.9831531 2.696863
2.388236 0.9831531 2.696863
2.388236 0.9831531 2.696863
2.388236 0.9831531 2.696863
2.388236 0.9831531 2.696863
2.388236 0.9831531 2.696863
2.23514 0.7216975 2.968023
2.23514 0.7216975 2.968023
2.23514 0.7216975 2.968023
2.23514 0.7216975 2.968023
2.23514 0.7216975 2.968023
2.23514 0.7216975 2.968023
2.23514 0.7216975 2.968023
2.23514 0.7216975 2.968023
2.23514 0.7216975 2.968023
2.23514 0.7216975 2.968023
2.23514 0.7216975 2.968023
2.23514 0.7216975 2.968023
2.23514 0.7216975 2.968023
2.23514 0.7216975 2.968023
2.342155 -0.1652732 3.669277
2.342155 -0.1652732 3.669277
2.342155 -0.1652732 3.669277
2.342155 -0.1652732 3.669277
2.342155 -0.1652732 3.669277
2.342155 -0.1652732 3.669277
2.342155 -0.1652732 3.669277
2.342155 -0.1652732 3.669277
2.342155 -0.1652732 3.669277
2.342155 -0.1652732 3.669277
2.342155 -0.1652732 3.669277
2.342155 -0.1652732 3.669277
2.342155 -0.1652732 3.669277
2.342155 -0.1652732 3.669277
2.342155 -0.1652732 3.669277
2.342155 -0.1652732 3.669277
2.342155 -0.1652732 3.669277
2.342155 -0.1652732 3.669277
2.342155 -0.1652732 3.669277
2.342155 -0.1652732 3.669277
2.342155 -0.1652732 3.669277
2.342155 -0.1652732 3.669277
2.342155 -0.1652732 3.669277
2.342155 -0.1652732 3.669277
2.342155 -0.1652732 3.669277
2.342155 -0.1652732 3.669277
2.342155 -0.1652732 3.669277
2.342155 -0.1652732 3.669277
2.342155 -0.1652732 3.669277
2.342155 -0.1652732 3.669277
2.342155 -0.1652732 3.669277
2.342155 -0.1652732 3.669277
2.342155 -0.1652732 3.669277
2.342155 -0.1652732 3.669277
2.342155 -0.1652732 3.669277
2.342155 -0.1652732 3.669277
2.342155 -0.1652732 3.669277
2.342155 -0.1652732 3.669277
2.342155 -0.1652732 3.669277
2.342155 -0.1652732 3.669277
2.340517 -0.1720449 3.664085
2.340517 -0.1720449 3.664085
2.340517 -0.1720449 3.664085
2.340517 -0.1720449 3.664085
2.340517 -0.1720449 3.664085
2.340517 -0.1720449 3.664085
2.340517 -0.1720449 3.664085
2.340517 -0.1720449 3.664085
2.340517 -0.1720449 3.664085
2.340517 -0.1720449 3.664085
2.340517 -0.1720449 3.664085
2.340517 -0.1720449 3.664085
2.358039 0.2316322 3.334616
2.358039 0.2316322 3.334616
2.358039 0.2316322 3.334616
2.358039 0.2316322 3.334616
2.358039 0.2316322 3.334616
2.358039 0.2316322 3.334616
2.358039 0.2316322 3.334616
2.358039 0.2316322 3.334616
2.358039 0.2316322 3.334616
2.358039 0.2316322 3.334616
2.358039 0.2316322 3.334616
2.358039 0.2316322 3.334616
2.358039 0.2316322 3.334616
2.358039 0.2316322 3.334616
2.288498 0.7342561 3.276682
2.288498 0.7342561 3.276682
2.288498 0.7342561 3.276682
2.288498 0.7342561 3.276682
2.288498 0.7342561 3.276682
2.288498 0.7342561 3.276682
2.288498 0.7342561 3.276682
2.288498 0.7342561 3.276682
2.288498 0.7342561 3.276682
2.288498 0.7342561 3.276682
2.288498 0.7342561 3.276682
2.288498 0.7342561 3.276682
2.288498 0.7342561 3.276682
2.288498 0.7342561 3.276682
2.288498 0.7342561 3.276682
2.288498 0.7342561 3.276682
2.288498 0.7342561 3.276682
2.288498 0.7342561 3.276682
2.288498 0.7342561 3.276682
2.288498 0.7342561 3.276682
2.288498 0.7342561 3.276682
2.288498 0.7342561 3.276682
2.288498 0.7342561 3.276682
2.288498 0.7342561 3.276682
2.288498 0.7342561 3.276682
2.288498 0.7342561 3.276682
2.288498 0.7342561 3.276682
2.288498 0.7342561 3.276682
2.288498 0.7342561 3.276682
2.288498 0.7342561 3.276682
2.288498 0.7342561 3.276682
2.288498 0.7342561 3.276682
2.288498 0.7342561 3.276682
2.288498 0.7342561 3.276682
2.286962 0.7256752 3.270969
2.286962 0.7256752 3.270969
2.286962 0.7256752 3.270969
2.286962 0.7256752 3.270969
2.286962 0.7256752 3.270969
2.286962 0.7256752 3.270969
2.286962 0.7256752 3.270969
2.286962 0.7256752 3.270969
2.286962 0.7256752 3.270969
2.286962 0.7256752 3.270969
2.286962 0.7256752 3.270969
2.286962 0.7256752 3.270969
2.286962 0.7256752 3.270969
2.286962 0.7256752 3.270969
2.286962 0.7256752 3.270969
2.286962 0.7256752 3.270969
2.284782 0.0001167983 2.791885
2.284782 0.0001167983 2.791885
2.284782 0.0001167983 2.791885
2.284782 0.0001167983 2.791885
2.284782 0.0001167983 2.791885
2.305658 -0.4147606 2.205497
2.305658 -0.4147606 2.205497
2.305658 -0.4147606 2.205497
2.305658 -0.4147606 2.205497
2.305658 -0.4147606 2.205497
2.305658 -0.4147606 2.205497
2.305658 -0.4147606 2.205497
2.305658 -0.4147606 2.205497
2.305658 -0.4147606 2.205497
2.305658 -0.4147606 2.205497
2.23445 -0.1669444 2.554796
2.23445 -0.1669444 2.554796
2.23445 -0.1669444 2.554796
2.23445 -0.1669444 2.554796
2.23445 -0.1669444 2.554796
2.23445 -0.1669444 2.554796
2.23445 -0.1669444 2.554796
2.23445 -0.1669444 2.554796
2.23445 -0.1669444 2.554796
2.23445 -0.1669444 2.554796
2.23445 -0.1669444 2.554796
2.23445 -0.1669444 2.554796
2.23445 -0.1669444 2.554796
2.23445 -0.1669444 2.554796
2.23445 -0.1669444 2.554796
2.23445 -0.1669444 2.554796
2.23445 -0.1669444 2.554796
2.23445 -0.1669444 2.554796
2.23445 -0.1669444 2.554796
2.23445 -0.1669444 2.554796
2.23445 -0.1669444 2.554796
2.23445 -0.1669444 2.554796
2.23445 -0.1669444 2.554796
2.23445 -0.1669444 2.554796
2.23445 -0.1669444 2.554796
2.23445 -0.1669444 2.554796
2.23445 -0.1669444 2.554796
2.23445 -0.1669444 2.554796
2.23445 -0.1669444 2.554796
2.232962 -0.1728277 2.548702
2.232962 -0.1728277 2.548702
2.232962 -0.1728277 2.548702
2.232962 -0.1728277 2.548702
2.232962 -0.1728277 2.548702
2.232962 -0.1728277 2.548702
2.232962 -0.1728277 2.548702
2.232962 -0.1728277 2.548702
2.232962 -0.1728277 2.548702
2.232962 -0.1728277 2.548702
2.232962 -0.1728277 2.548702
2.232962 -0.1728277 2.548702
2.232962 -0.1728277 2.548702
2.232962 -0.1728277 2.548702
2.232962 -0.1728277 2.548702
2.232962 -0.1728277 2.548702
2.232962 -0.1728277 2.548702
2.232962 -0.1728277 2.548702
2.232962 -0.1728277 2.548702
2.232962 -0.1728277 2.548702
2.232962 -0.1728277 2.548702
2.232962 -0.1728277 2.548702
2.232962 -0.1728277 2.548702
2.232962 -0.1728277 2.548702
2.232962 -0.1728277 2.548702
2.232962 -0.1728277 2.548702
2.232962 -0.1728277 2.548702
2.232962 -0.1728277 2.548702
2.232962 -0.1728277 2.548702
2.232962 -0.1728277 2.548702
2.232962 -0.1728277 2.548702
2.232962 -0.1728277 2.548702
2.232962 -0.1728277 2.548702
2.232962 -0.1728277 2.548702
2.232962 -0.1728277 2.548702
2.232962 -0.1728277 2.548702
2.232962 -0.1728277 2.548702
2.232962 -0.1728277 2.548702
2.232962 -0.1728277 2.548702
2.232962 -0.1728277 2.548702
2.232962 -0.1728277 2.548702
2.232962 -0.1728277 2.548702
2.232962 -0.1728277 2.548702
2.232962 -0.1728277 2.548702
2.232962 -0.1728277 2.548702
2.232962 -0.1728277 2.548702
2.232962 -0.1728277 2.548702
2.232962 -0.1728277 2.548702
2.232962 -0.1728277 2.548702
2.232962 -0.1728277 2.548702
2.232962 -0.1728277 2.548702
2.232962 -0.1728277 2.548702
2.232962 -0.1728277 2.548702
2.232962 -0.1728277 2.548702
2.232962 -0.1728277 2.548702
2.232962 -0.1728277 2.548702
2.232962 -0.1728277 2.548702
2.232962 -0.1728277 2.548702
2.232962 -0.1728277 2.548702
2.232962 -0.1728277 2.548702
2.231578 -0.1767595 2.544345
2.231578 -0.1767595 2.544345
2.231578 -0.1767595 2.544345
2.231578 -0.1767595 2.544345
2.231578 -0.1767595 2.544345
2.231578 -0.1767595 2.544345
2.231578 -0.1767595 2.544345
2.231578 -0.1767595 2.544345
2.231578 -0.1767595 2.544345
2.231578 -0.1767595 2.544345
2.231578 -0.1767595 2.544345
2.231578 -0.1767595 2.544345
2.231578 -0.1767595 2.544345
2.231578 -0.1767595 2.544345
2.231578 -0.1767595 2.544345
2.231578 -0.1767595 2.544345
2.231578 -0.1767595 2.544345
2.231578 -0.1767595 2.544345
2.231578 -0.1767595 2.544345
2.231578 -0.1767595 2.544345
2.231578 -0.1767595 2.544345
2.231578 -0.1767595 2.544345
2.231578 -0.1767595 2.544345
2.231578 -0.1767595 2.544345
2.231578 -0.1767595 2.544345
2.231578 -0.1767595 2.544345
2.231578 -0.1767595 2.544345
2.231578 -0.1767595 2.544345
2.231578 -0.1767595 2.544345
2.231578 -0.1767595 2.544345
2.231578 -0.1767595 2.544345
2.231578 -0.1767595 2.544345
2.231578 -0.1767595 2.544345
2.231578 -0.1767595 2.544345
2.231578 -0.1767595 2.544345
2.231578 -0.1767595 2.544345
2.231578 -0.1767595 2.544345
2.231578 -0.1767595 2.544345
2.231578 -0.1767595 2.544345
2.231578 -0.1767595 2.544345
2.231578 -0.1767595 2.544345
2.231578 -0.1767595 2.544345
2.231578 -0.1767595 2.544345
2.231578 -0.1767595 2.544345
2.231578 -0.1767595 2.544345
2.231578 -0.1767595 2.544345
2.231578 -0.1767595 2.544345
2.231578 -0.1767595 2.544345
2.231578 -0.1767595 2.544345
2.231578 -0.1767595 2.544345
2.231578 -0.1767595 2.544345
2.231578 -0.1767595 2.544345
2.231578 -0.1767595 2.544345
2.231578 -0.1767595 2.544345
2.231578 -0.1767595 2.544345
2.231578 -0.1767595 2.544345
2.231578 -0.1767595 2.544345
2.231578 -0.1767595 2.544345
2.231578 -0.1767595 2.544345
2.231578 -0.1767595 2.544345
2.230636 -0.1754244 2.54775
2.230636 -0.1754244 2.54775
2.230636 -0.1754244 2.54775
2.230636 -0.1754244 2.54775
2.230636 -0.1754244 2.54775
2.230636 -0.1754244 2.54775
2.230636 -0.1754244 2.54775
2.230636 -0.1754244 2.54775
2.230636 -0.1754244 2.54775
2.230636 -0.1754244 2.54775
2.230636 -0.1754244 2.54775
2.230636 -0.1754244 2.54775
2.230636 -0.1754244 2.54775
2.230636 -0.1754244 2.54775
2.230636 -0.1754244 2.54775
2.230636 -0.1754244 2.54775
2.230636 -0.1754244 2.54775
2.230636 -0.1754244 2.54775
2.230636 -0.1754244 2.54775
2.230636 -0.1754244 2.54775
2.230636 -0.1754244 2.54775
2.230636 -0.1754244 2.54775
2.230636 -0.1754244 2.54775
2.230636 -0.1754244 2.54775
2.230636 -0.1754244 2.54775
2.230636 -0.1754244 2.54775
2.179893 0.03176486 1.679246
2.179893 0.03176486 1.679246
2.179893 0.03176486 1.679246
2.179893 0.03176486 1.679246
2.179893 0.03176486 1.679246
2.179893 0.03176486 1.679246
2.179893 0.03176486 1.679246
2.179893 0.03176486 1.679246
2.179893 0.03176486 1.679246
2.179893 0.03176486 1.679246
2.179893 0.03176486 1.679246
2.179893 0.03176486 1.679246
2.179893 0.03176486 1.679246
2.179893 0.03176486 1.679246
2.179893 0.03176486 1.679246
2.179893 0.03176486 1.679246
2.179893 0.03176486 1.679246
2.179893 0.03176486 1.679246
2.179893 0.03176486 1.679246
2.179893 0.03176486 1.679246
2.179893 0.03176486 1.679246
2.179893 0.03176486 1.679246
2.179893 0.03176486 1.679246
2.179893 0.03176486 1.679246
2.337114 0.2672789 1.292704
2.337114 0.2672789 1.292704
2.337114 0.2672789 1.292704
2.337114 0.2672789 1.292704
2.337114 0.2672789 1.292704
2.337114 0.2672789 1.292704
2.337114 0.2672789 1.292704
2.337114 0.2672789 1.292704
2.337114 0.2672789 1.292704
2.337114 0.2672789 1.292704
2.336157 0.2684266 1.296
2.336157 0.2684266 1.296
2.336157 0.2684266 1.296
2.336157 0.2684266 1.296
2.336157 0.2684266 1.296
2.336157 0.2684266 1.296
2.336157 0.2684266 1.296
2.336157 0.2684266 1.296
2.336157 0.2684266 1.296
2.336157 0.2684266 1.296
2.336157 0.2684266 1.296
2.336157 0.2684266 1.296
2.336157 0.2684266 1.296
2.336157 0.2684266 1.296
2.336157 0.2684266 1.296
2.336157 0.2684266 1.296
2.336157 0.2684266 1.296
2.336157 0.2684266 1.296
2.333091 0.2593814 1.252853
2.333091 0.2593814 1.252853
2.333091 0.2593814 1.252853
2.300614 0.2728586 1.923805
2.300614 0.2728586 1.923805
2.300614 0.2728586 1.923805
2.300614 0.2728586 1.923805
2.300614 0.2728586 1.923805
2.300614 0.2728586 1.923805
2.300614 0.2728586 1.923805
2.300614 0.2728586 1.923805
2.300614 0.2728586 1.923805
2.300614 0.2728586 1.923805
2.300614 0.2728586 1.923805
2.242199 0.04917291 2.248332
2.242199 0.04917291 2.248332
2.242199 0.04917291 2.248332
2.242199 0.04917291 2.248332
2.242199 0.04917291 2.248332
2.242199 0.04917291 2.248332
2.242199 0.04917291 2.248332
2.242199 0.04917291 2.248332
2.242199 0.04917291 2.248332
2.242199 0.04917291 2.248332
2.242199 0.04917291 2.248332
2.242199 0.04917291 2.248332
2.242199 0.04917291 2.248332
2.242199 0.04917291 2.248332
2.242199 0.04917291 2.248332
2.242199 0.04917291 2.248332
2.242199 0.04917291 2.248332
2.242199 0.04917291 2.248332
2.242199 0.04917291 2.248332
2.242199 0.04917291 2.248332
2.242199 0.04917291 2.248332
2.242199 0.04917291 2.248332
2.242199 0.04917291 2.248332
2.242199 0.04917291 2.248332
2.242199 0.04917291 2.248332
2.242199 0.04917291 2.248332
2.242199 0.04917291 2.248332
2.242199 0.04917291 2.248332
2.241364 0.05098046 2.243956
2.241364 0.05098046 2.243956
2.241364 0.05098046 2.243956
2.241364 0.05098046 2.243956
2.241364 0.05098046 2.243956
2.241364 0.05098046 2.243956
2.241364 0.05098046 2.243956
2.241364 0.05098046 2.243956
2.241364 0.05098046 2.243956
2.241364 0.05098046 2.243956
2.241364 0.05098046 2.243956
2.241364 0.05098046 2.243956
2.241364 0.05098046 2.243956
2.241364 0.05098046 2.243956
2.241364 0.05098046 2.243956
2.241364 0.05098046 2.243956
2.241364 0.05098046 2.243956
2.241364 0.05098046 2.243956
2.241364 0.05098046 2.243956
2.241364 0.05098046 2.243956
2.241364 0.05098046 2.243956
2.241364 0.05098046 2.243956
2.241364 0.05098046 2.243956
2.241364 0.05098046 2.243956
2.241364 0.05098046 2.243956
2.241364 0.05098046 2.243956
2.241364 0.05098046 2.243956
2.241364 0.05098046 2.243956
2.241364 0.05098046 2.243956
2.241364 0.05098046 2.243956
2.241364 0.05098046 2.243956
2.241364 0.05098046 2.243956
2.241364 0.05098046 2.243956
2.241364 0.05098046 2.243956
2.241364 0.05098046 2.243956
2.241364 0.05098046 2.243956
2.241364 0.05098046 2.243956
2.241364 0.05098046 2.243956
2.241364 0.05098046 2.243956
2.241364 0.05098046 2.243956
2.241364 0.05098046 2.243956
2.241364 0.05098046 2.243956
2.241364 0.05098046 2.243956
2.241364 0.05098046 2.243956
2.241364 0.05098046 2.243956
2.241364 0.05098046 2.243956
2.241364 0.05098046 2.243956
2.241364 0.05098046 2.243956
2.241364 0.05098046 2.243956
2.241364 0.05098046 2.243956
2.241364 0.05098046 2.243956
2.241364 0.05098046 2.243956
2.241364 0.05098046 2.243956
2.241364 0.05098046 2.243956
2.241364 0.05098046 2.243956
2.241364 0.05098046 2.243956
2.241364 0.05098046 2.243956
2.241364 0.05098046 2.243956
2.241364 0.05098046 2.243956
2.241364 0.05098046 2.243956
2.242713 0.0655714 2.235382
2.242713 0.0655714 2.235382
2.242713 0.0655714 2.235382
2.242713 0.0655714 2.235382
2.242713 0.0655714 2.235382
2.242713 0.0655714 2.235382
2.242713 0.0655714 2.235382
2.242713 0.0655714 2.235382
2.242713 0.0655714 2.235382
2.242713 0.0655714 2.235382
2.242713 0.0655714 2.235382
2.242713 0.0655714 2.235382
2.242713 0.0655714 2.235382
2.242713 0.0655714 2.235382
2.242713 0.0655714 2.235382
2.242713 0.0655714 2.235382
2.242713 0.0655714 2.235382
2.242713 0.0655714 2.235382
2.242713 0.0655714 2.235382
2.242713 0.0655714 2.235382
2.242713 0.0655714 2.235382
2.242713 0.0655714 2.235382
2.242713 0.0655714 2.235382
2.242713 0.0655714 2.235382
2.242713 0.0655714 2.235382
2.242713 0.0655714 2.235382
2.24687 -0.02729674 0.5203939
2.24687 -0.02729674 0.5203939
2.24687 -0.02729674 0.5203939
2.24687 -0.02729674 0.5203939
2.24687 -0.02729674 0.5203939
2.24687 -0.02729674 0.5203939
2.24687 -0.02729674 0.5203939
2.24687 -0.02729674 0.5203939
2.24687 -0.02729674 0.5203939
2.24687 -0.02729674 0.5203939
2.24687 -0.02729674 0.5203939
2.24687 -0.02729674 0.5203939
2.297344 0.1355803 -0.7125921
2.297344 0.1355803 -0.7125921
2.297344 0.1355803 -0.7125921
2.297344 0.1355803 -0.7125921
2.297344 0.1355803 -0.7125921
2.297344 0.1355803 -0.7125921
2.297344 0.1355803 -0.7125921
2.297344 0.1355803 -0.7125921
2.297344 0.1355803 -0.7125921
2.297344 0.1355803 -0.7125921
2.297344 0.1355803 -0.7125921
2.297344 0.1355803 -0.7125921
2.297344 0.1355803 -0.7125921
2.297344 0.1355803 -0.7125921
2.297344 0.1355803 -0.7125921
2.297344 0.1355803 -0.7125921
2.297344 0.1355803 -0.7125921
2.297344 0.1355803 -0.7125921
2.297344 0.1355803 -0.7125921
2.297344 0.1355803 -0.7125921
2.297344 0.1355803 -0.7125921
2.297344 0.1355803 -0.7125921
2.299347 0.1526391 -0.7201663
2.299347 0.1526391 -0.7201663
2.299347 0.1526391 -0.7201663
2.299347 0.1526391 -0.7201663
2.299347 0.1526391 -0.7201663
2.299347 0.1526391 -0.7201663
2.299347 0.1526391 -0.7201663
2.299347 0.1526391 -0.7201663
2.299347 0.1526391 -0.7201663
2.299347 0.1526391 -0.7201663
2.299347 0.1526391 -0.7201663
2.299347 0.1526391 -0.7201663
2.299347 0.1526391 -0.7201663
2.299347 0.1526391 -0.7201663
2.299347 0.1526391 -0.7201663
2.299347 0.1526391 -0.7201663
2.299347 0.1526391 -0.7201663
2.299347 0.1526391 -0.7201663
2.299347 0.1526391 -0.7201663
2.299347 0.1526391 -0.7201663
2.299347 0.1526391 -0.7201663
2.299347 0.1526391 -0.7201663
2.299347 0.1526391 -0.7201663
2.299347 0.1526391 -0.7201663
2.299347 0.1526391 -0.7201663
2.299347 0.1526391 -0.7201663
2.299347 0.1526391 -0.7201663
2.299347 0.1526391 -0.7201663
2.299347 0.1526391 -0.7201663
2.299347 0.1526391 -0.7201663
2.299347 0.1526391 -0.7201663
2.299347 0.1526391 -0.7201663
2.299347 0.1526391 -0.7201663
2.299347 0.1526391 -0.7201663
2.299347 0.1526391 -0.7201663
2.299347 0.1526391 -0.7201663
2.299347 0.1526391 -0.7201663
2.299347 0.1526391 -0.7201663
2.299347 0.1526391 -0.7201663
2.299347 0.1526391 -0.7201663
2.299347 0.1526391 -0.7201663
2.299347 0.1526391 -0.7201663
2.299347 0.1526391 -0.7201663
2.299347 0.1526391 -0.7201663
2.299347 0.1526391 -0.7201663
2.299347 0.1526391 -0.7201663
2.299347 0.1526391 -0.7201663
2.376481 0.07550557 1.228019
2.376481 0.07550557 1.228019
2.376481 0.07550557 1.228019
2.376481 0.07550557 1.228019
2.376481 0.07550557 1.228019
2.376481 0.07550557 1.228019
2.376481 0.07550557 1.228019
2.376481 0.07550557 1.228019
2.376481 0.07550557 1.228019
2.376481 0.07550557 1.228019
2.376481 0.07550557 1.228019
2.376481 0.07550557 1.228019
2.376481 0.07550557 1.228019
2.37552 0.07461962 1.224802
2.37552 0.07461962 1.224802
2.232083 0.01992353 1.430566
2.232083 0.01992353 1.430566
2.232083 0.01992353 1.430566
2.232083 0.01992353 1.430566
2.232083 0.01992353 1.430566
2.232083 0.01992353 1.430566
2.232083 0.01992353 1.430566
2.232083 0.01992353 1.430566
2.232083 0.01992353 1.430566
2.232083 0.01992353 1.430566
2.232083 0.01992353 1.430566
2.232083 0.01992353 1.430566
2.232083 0.01992353 1.430566
2.232083 0.01992353 1.430566
2.232083 0.01992353 1.430566
2.232083 0.01992353 1.430566
2.232083 0.01992353 1.430566
2.232083 0.01992353 1.430566
2.232083 0.01992353 1.430566
2.232083 0.01992353 1.430566
2.232083 0.01992353 1.430566
2.232083 0.01992353 1.430566
2.232083 0.01992353 1.430566
2.232083 0.01992353 1.430566
2.232083 0.01992353 1.430566
2.232083 0.01992353 1.430566
2.232083 0.01992353 1.430566
2.232083 0.01992353 1.430566
2.232083 0.01992353 1.430566
2.232083 0.01992353 1.430566
2.232083 0.01992353 1.430566
2.232083 0.01992353 1.430566
2.232083 0.01992353 1.430566
2.277385 -0.08023873 1.802612
2.277385 -0.08023873 1.802612
2.277385 -0.08023873 1.802612
2.277385 -0.08023873 1.802612
2.277385 -0.08023873 1.802612
2.277385 -0.08023873 1.802612
2.277385 -0.08023873 1.802612
2.277385 -0.08023873 1.802612
2.277385 -0.08023873 1.802612
2.277385 -0.08023873 1.802612
2.277385 -0.08023873 1.802612
2.277385 -0.08023873 1.802612
2.277385 -0.08023873 1.802612
2.277385 -0.08023873 1.802612
2.277385 -0.08023873 1.802612
2.277385 -0.08023873 1.802612
2.277385 -0.08023873 1.802612
2.277385 -0.08023873 1.802612
2.277385 -0.08023873 1.802612
2.277385 -0.08023873 1.802612
2.277385 -0.08023873 1.802612
2.277385 -0.08023873 1.802612
2.277385 -0.08023873 1.802612
2.277385 -0.08023873 1.802612
2.277385 -0.08023873 1.802612
2.275792 -0.08426126 1.796708
2.275792 -0.08426126 1.796708
2.275792 -0.08426126 1.796708
2.275792 -0.08426126 1.796708
2.275792 -0.08426126 1.796708
2.275792 -0.08426126 1.796708
2.275837 0.1293474 1.682926
2.275837 0.1293474 1.682926
2.275837 0.1293474 1.682926
2.275837 0.1293474 1.682926
2.275837 0.1293474 1.682926
2.275837 0.1293474 1.682926
2.275837 0.1293474 1.682926
2.275837 0.1293474 1.682926
2.275837 0.1293474 1.682926
2.275837 0.1293474 1.682926
2.275837 0.1293474 1.682926
2.275837 0.1293474 1.682926
2.275837 0.1293474 1.682926
2.275837 0.1293474 1.682926
2.275837 0.1293474 1.682926
2.275837 0.1293474 1.682926
2.275837 0.1293474 1.682926
2.275837 0.1293474 1.682926
2.275837 0.1293474 1.682926
2.275837 0.1293474 1.682926
2.275837 0.1293474 1.682926
2.275837 0.1293474 1.682926
2.275837 0.1293474 1.682926
2.275837 0.1293474 1.682926
2.275837 0.1293474 1.682926
2.275837 0.1293474 1.682926
2.275837 0.1293474 1.682926
2.275837 0.1293474 1.682926
2.275837 0.1293474 1.682926
2.275837 0.1293474 1.682926
2.275837 0.1293474 1.682926
2.275837 0.1293474 1.682926
2.275837 0.1293474 1.682926
2.275837 0.1293474 1.682926
2.275837 0.1293474 1.682926
2.275837 0.1293474 1.682926
2.275837 0.1293474 1.682926
2.275837 0.1293474 1.682926
2.275837 0.1293474 1.682926
2.275837 0.1293474 1.682926
2.275837 0.1293474 1.682926
2.275837 0.1293474 1.682926
2.275837 0.1293474 1.682926
2.275837 0.1293474 1.682926
2.275837 0.1293474 1.682926
2.275837 0.1293474 1.682926
2.275837 0.1293474 1.682926
2.275837 0.1293474 1.682926
2.275837 0.1293474 1.682926
2.275837 0.1293474 1.682926
2.275837 0.1293474 1.682926
2.275837 0.1293474 1.682926
2.275837 0.1293474 1.682926
2.275837 0.1293474 1.682926
2.274375 0.1179778 1.6785
2.274375 0.1179778 1.6785
2.274375 0.1179778 1.6785
2.274375 0.1179778 1.6785
2.274375 0.1179778 1.6785
2.274375 0.1179778 1.6785
2.274375 0.1179778 1.6785
2.274375 0.1179778 1.6785
2.274375 0.1179778 1.6785
2.274375 0.1179778 1.6785
2.274375 0.1179778 1.6785
2.274375 0.1179778 1.6785
2.274375 0.1179778 1.6785
2.274375 0.1179778 1.6785
2.274375 0.1179778 1.6785
2.274375 0.1179778 1.6785
2.274375 0.1179778 1.6785
2.274375 0.1179778 1.6785
2.274375 0.1179778 1.6785
2.274375 0.1179778 1.6785
2.274375 0.1179778 1.6785
2.274375 0.1179778 1.6785
2.303563 0.3997369 1.431375
2.303563 0.3997369 1.431375
2.303563 0.3997369 1.431375
2.303563 0.3997369 1.431375
2.303563 0.3997369 1.431375
2.303563 0.3997369 1.431375
2.303563 0.3997369 1.431375
2.303563 0.3997369 1.431375
2.303563 0.3997369 1.431375
2.303563 0.3997369 1.431375
2.303563 0.3997369 1.431375
2.303563 0.3997369 1.431375
2.303563 0.3997369 1.431375
2.303563 0.3997369 1.431375
2.303563 0.3997369 1.431375
2.303563 0.3997369 1.431375
2.303563 0.3997369 1.431375
2.303563 0.3997369 1.431375
0 0 0
0 0 0
0 0 0
0 0 0
0 0 0
0 0 0
0 0 0
0 0 0
0 0 0
0 0 0
0 0 0
0 0 0
0 0 0
0 0 0
0 0 0
0 0 0
0 0 0
0 0 0
0 0 0
0 0 0
