-1.482905 0.1901579 0.3355015
-0.100947 -2.458195 -3.487503
-0.100947 -2.458195 -3.487503
-0.100947 -2.458195 -3.487503
0.6822997 -1.604232 -3.37448
0.6822997 -1.604232 -3.37448
0.8132578 -1.401696 -3.457947
0.9685724 -1.369507 -3.811308
0.9685724 -1.369507 -3.811308
0.9685724 -1.369507 -3.811308
1.797884 -0.5855476 -3.430551
1.855498 -0.4292639 -2.120821
1.855498 -0.4292639 -2.120821
1.913519 -0.4353466 -2.136388
1.913519 -0.4353466 -2.136388
2.041206 -0.2496949 -3.441731
2.10312 -0.2204192 -3.420798
2.10312 -0.2204192 -3.420798
2.383045 0.08948533 -3.323608
2.444309 0.1089274 -3.323059
2.076685 -0.2588655 -0.9023693
2.237784 -0.3793009 0.07862432
2.305376 -0.366377 0.03389353
2.468644 0.1394896 -0.5970636
2.468644 0.1394896 -0.5970636
2.545773 0.1689192 -0.5616833
2.142816 -0.08468079 -0.8077523
2.142816 -0.08468079 -0.8077523
2.24911 -0.05326497 -0.8122009
2.24911 -0.05326497 -0.8122009
2.24911 -0.05326497 -0.8122009
2.376456 -0.02091729 -0.8449039
2.303429 0.1781161 0.8195926
2.303429 0.1781161 0.8195926
2.450077 0.2167746 0.8416677
2.450077 0.2167746 0.8416677
2.37945 0.6018021 1.383612
2.522814 0.6040763 1.419141
2.295563 0.2435103 2.090103
2.266229 -0.7934789 2.042126
2.415644 -0.7731107 2.057863
2.369154 -0.8069982 2.974095
2.369154 -0.8069982 2.974095
2.199951 0.2336754 4.246308
2.199951 0.2336754 4.246308
2.199951 0.2336754 4.246308
2.126941 -1.312967 2.447907
2.126941 -1.312967 2.447907
2.44604 -0.2746796 2.028486
2.315451 0.7705277 2.967051
2.315451 0.7705277 2.967051
2.264341 0.6293364 1.498476
2.25879 -0.01356319 0.7021785
2.25879 -0.01356319 0.7021785
2.25879 -0.01356319 0.7021785
2.310169 0.0402809 0.6739931
2.310169 0.0402809 0.6739931
2.278899 0.03377749 0.7782774
2.222091 -0.01479633 0.7265764
2.381458 -0.0809909 0.02227607
2.381458 -0.0809909 0.02227607
2.268282 0.06258224 -0.8949489
2.268282 0.06258224 -0.8949489
2.268282 0.06258224 -0.8949489
2.301593 0.006981066 -0.7927305
2.301593 0.006981066 -0.7927305
2.301593 0.006981066 -0.7927305
2.336254 0.09064758 -0.7290511
2.336254 0.09064758 -0.7290511
2.336254 0.09064758 -0.7290511
2.340087 0.09287501 -0.6761587
2.340087 0.09287501 -0.6761587
2.340087 0.09287501 -0.6761587
2.338008 0.1469879 -0.6240704
2.338008 0.1469879 -0.6240704
2.371677 0.2121379 0.6699272
2.350452 0.189723 0.7303981
2.350452 0.189723 0.7303981
2.350452 0.189723 0.7303981
2.327369 0.1520388 0.80006
2.327369 0.1520388 0.80006
2.466653 0.2673973 0.7534989
2.453114 0.2401024 0.8430431
2.251403 0.08806829 -0.7285407
2.251403 0.08806829 -0.7285407
2.511552 0.3571266 -0.8166055
2.511552 0.3571266 -0.8166055
2.511552 0.3571266 -0.8166055
2.521292 0.3797794 -0.6589957
2.521292 0.3797794 -0.6589957
2.421287 0.4179088 0.08797955
2.415288 0.4204942 0.3193213
2.21064 -0.07432225 0.6754868
2.21064 -0.07432225 0.6754868
2.218062 -0.05929211 0.6143482
2.32542 0.3286771 -0.5047836
2.32542 0.3286771 -0.5047836
2.190946 -0.2554384 0.381869
2.190946 -0.2554384 0.381869
2.405579 0.08219228 -1.370334
2.39688 0.06673388 -1.183266
2.223767 -0.01695546 -0.5679594
0 0 0
