1171423634
-1753833715
656727250
-1025974530
-192597411
1605913420
-1361610183
1931647255
1006329168
1661079715
-2074287262
-1119520230
218009358
862206640
182898025
-454393437
-1909454547
-253231053
-1231508440
-1042704991
696786430
547737116
165132533
1150006660
887450723
1185804383
-1711036042
296098957
-1324342063
-1578943664
425774440
-1623289168
-1317461409
-1258175650
-1188370754
1803621061
109843622
-1134379139
787675290
-2065868763
-1724897723
163154356
825081858
1905707945
279025688
2093684830
-1492933634
1638591977
-1866404158
2067320393
1424031375
-1471167401
-343646774
-301063948
-1197055813
2076777176
790204724
727228649
-54799023
-110980208
422751060
-932417069
-1171742025
-725885337
-1646011538
10135779
-1723445201
-568385894
-629754296
921599617
1939893669
1800088081
1714694843
1406144065
-1335798547
567367029
487135513
1951715235
534793676
-1336823067
1473919370
605878543
-1354584834
-1668723026
-1857698204
2021689402
-1741957334
1805519911
-1486454721
724851857
-753463913
-448713331
-1813844620
1336991367
-921079392
-1396978257
1762793301
-8954700
59
