725016801
103819080
59401437
-385752602
2142259470
-1061381073
1794820698
-1499113853
-585767450
-885522779
971412115
1530315508
-6532692
-2099219696
-433850329
615823265
1518770232
2137285623
1856302574
522556954
289326292
-1639200169
1486331686
801742091
1903923193
-1831562262
-390933596
-1207621649
-1230548976
-1449298030
921195238
-1989238783
-1974306165
589035028
-566352880
106388596
-3038488
-624584387
-1222361583
1707819430
1732138794
-985493810
2117575196
1832183322
-1654121046
-1943427344
1984818875
407872467
-1237755851
720597342
1003846998
2294511
1965823286
-734074872
699507996
-1810661399
-1599607941
511619639
-419577467
-1671575686
-1769419232
961237826
733221133
-1064283942
-962424639
-203511017
-527827406
-2076034511
684362777
-2139445424
-75663920
-1557891044
138399795
1047486996
810960281
-1928066406
-648246023
227832826
390004305
-1149899674
-179327923
607682031
1804410486
-1830260532
-1233865636
692503853
-533733699
-1963757707
-1097611596
626043858
-1177040466
400274317
-1539627293
-498670865
1999773860
-950776392
-1979777404
-1419973746
83
