-76195152
-17195581
1107847550
-160372844
-469448360
1918746887
-1187036136
-1240248683
40902490
631724808
-203453435
117961176
546683447
670421071
-1691412894
-594852059
453053680
-2050601937
706890930
1394048422
-412426462
-1642700465
1205971760
1540756815
147922976
736208781
273359142
1777479628
-1074610807
1529448434
-842759263
-1507578607
1553505245
-1122310218
-1212098422
-1603371636
-1701169772
-1923090619
1176955955
1108152128
933915359
-61295150
-776830433
278325704
-39131665
-1795159099
1239223085
-1939429778
1763105905
1731253322
-1801222842
-1713489158
-907166793
-1050001894
1302985072
1573181502
-948578767
1420381452
1980565763
-1456915434
-322686081
313114437
-1441354422
2063353808
182436795
1681808292
303826356
-1464140081
-4901324
-3364144
-1898944851
301500431
-1191149807
-1581007418
1220922268
669727010
-1099192450
-608764852
2119427474
2066329428
1763736348
1756344697
-1193169090
-1345221743
1192523860
-844824903
510131673
-854072278
453621194
-76910698
389393234
1611919709
-1933306042
1639375996
1037138534
-1362045160
123987547
1107010518
23
