544120846
1060751964
-558374938
8327872
-734407317
-1646371986
-1136083173
1410801665
941179740
-1738041773
845664392
-2001005208
-1965015185
1961313518
1269330678
-977445145
-1239865254
50014259
-74397251
-739093697
1071255446
-882182313
1460988641
-1840658530
-1293984097
-58964816
1855598304
126331200
-502006079
192442882
1936052651
338473170
21082679
-1512505325
1221689247
-1007598200
-240512199
-1785155268
-1262001182
310078666
1585475849
66206679
-289059479
341225977
1240193439
2037671189
-619900177
-378554276
867311499
1718686310
1807659952
1856636035
-73133861
-1463208005
48765459
-2057895916
1809460413
610661554
2006720136
447087600
2070281176
-8509859
1685666491
-966970496
-1821057074
-289210239
-1269770787
710294466
1935535820
480513340
534249197
902010131
168208784
1048246969
1445568398
672158972
2036120717
1786610665
1906586564
-506102296
1804391810
1596778393
-512083966
1982912867
2002114358
411540770
-908973875
-432335240
2145133370
-942234158
-880701464
447304112
-1472699939
106594592
326927675
529718561
-704912907
-1790821479
83
