-1788997409
-1090203589
260720969
-14776477
1985704531
-1889114989
-479256968
1849181231
-1098273164
981951087
-1383614092
1709941483
-1104673060
234567012
932906975
97164742
244674486
388208218
1844731919
-145948945
876931326
415165380
-1461382095
1825431468
-970227383
380222570
-1263686742
1481518594
-459328028
385024355
-1812273664
-111576960
1248446226
622555813
1799270756
-1056144743
1900062240
-1243276488
-345669859
1055938721
1940125366
-1834680812
-1681361058
-167131502
-1093663324
-2085148285
-1044634506
-303616794
1064778774
1893721380
-1397012329
-741439047
1129495692
1342046268
195215171
-1464938826
2012787808
976717430
-643120363
-673637938
1877164283
-1652358695
-2079011570
-1063298162
-1443264356
-588393619
-655406776
592208674
-1558450773
-47091627
-1232909208
1935991153
-1207784926
-1774359148
465565910
1433905848
1844123570
-1521445135
-264158697
1706763065
953777092
798895459
-1571626605
1729505264
-735994766
11708157
1147130980
-1895674381
775703324
-1048492949
2135595596
2065274667
-1636426354
143323800
-1160553276
-1819240283
-1299217983
-1250463583
89
