-5910311
-1229054313
1453786416
1229801214
-1076622467
632489842
-746295069
-427581330
-1497045434
-516757189
-560715750
1731997736
1815465950
-275747463
-184274885
-1043149494
-642280513
80877196
-386741753
1433801775
-813376105
-1645460949
380231793
-1803351930
582980686
1819671585
1298095689
-1429664642
1119399432
-373977016
-1463969707
-953802881
577842515
-255554746
-1002626178
-1497233077
1497155780
1800341189
211937812
-78584915
1210519612
-318512232
-1114810217
420248328
954134983
1473177794
-715769208
-673979952
-688775959
1489776354
1040769594
1678623874
-12238941
112748815
183893592
910690370
381862031
-1533904195
1439517542
2034331018
-1282600251
-1815895690
-264441612
-2110509571
-1120641478
-793891880
-761244867
1009366816
-1142797415
-679655506
538940996
1131199329
-2020307653
-497040998
-1717191423
845970733
-1635508747
-591162924
-1500603669
2109522681
667659799
982153661
-1262641711
1332817135
47396234
-984200441
196768955
1365665821
1687688263
-733172018
-1988433912
-1021699792
474761368
665396665
1595706988
78323516
-532781751
-1080675599
25
