 0.000000e+00	 0.000000e+00	 0.000000e+00	-1.050000e+01	 0.000000e+00	 0.000000e+00	 0.000000e+00	-1.050000e+01	 0.000000e+00	 0.000000e+00	 0.000000e+00	-1.050000e+01
 1.650837e+00	-3.080861e-01	 2.656300e-01	-9.064984e+00	 2.172112e-02	 1.419251e-01	 2.172112e-02	-9.700889e+00	 3.519587e-01	 1.419251e-01	 3.519587e-01	-9.168825e+00
 2.918938e+00	-6.407427e-01	 1.683428e-01	-7.981755e+00	-5.178575e-02	 1.127163e-01	-5.178575e-02	-9.049102e+00	 5.163484e-01	 1.127163e-01	 5.163484e-01	-8.613831e+00
 3.788343e+00	-6.908451e-01	 3.075541e-01	-7.322861e+00	 7.168341e-02	 3.846600e-01	 7.168341e-02	-8.577616e+00	 6.274007e-01	 3.846600e-01	 6.274007e-01	-8.115913e+00
 4.645934e+00	-7.139340e-01	 4.074535e-01	-6.767261e+00	 1.462471e-01	 4.889715e-01	 1.462471e-01	-8.284146e+00	 6.599650e-01	 4.889715e-01	 6.599650e-01	-7.777244e+00
 5.632770e+00	-8.185643e-01	 3.977593e-01	-6.224082e+00	 2.164604e-01	 4.437186e-01	 2.164604e-01	-7.850532e+00	 4.961268e-01	 4.437186e-01	 4.961268e-01	-7.121335e+00
 6.647049e+00	-9.610669e-01	 1.938464e-01	-5.887022e+00	 2.271148e-01	 3.263457e-01	 2.271148e-01	-7.638116e+00	 4.329187e-01	 3.263457e-01	 4.329187e-01	-6.796059e+00
 7.646317e+00	-1.248422e+00	 4.257518e-02	-5.664918e+00	 2.239761e-01	 3.154156e-01	 2.239761e-01	-7.130898e+00	 4.158521e-01	 3.154156e-01	 4.158521e-01	-6.539584e+00
 8.832741e+00	-1.441048e+00	-1.418694e-01	-5.445379e+00	 2.299059e-01	 2.960597e-01	 2.299059e-01	-6.757748e+00	 3.602337e-01	 2.960597e-01	 3.602337e-01	-6.222241e+00
 1.028288e+01	-1.450039e+00	 2.875040e-02	-5.252224e+00	 2.938019e-01	 3.269258e-01	 2.938019e-01	-6.551163e+00	 4.098827e-01	 3.269258e-01	 4.098827e-01	-5.752581e+00
 1.146006e+01	-1.418625e+00	-5.540319e-02	-5.154097e+00	 3.273789e-01	 2.707671e-01	 3.273789e-01	-6.399326e+00	 4.418920e-01	 2.707671e-01	 4.418920e-01	-5.588403e+00
 1.258473e+01	-1.689649e+00	-6.907494e-01	-5.089969e+00	 3.482047e-01	 1.561564e-01	 3.482047e-01	-6.129550e+00	 3.124363e-01	 1.561564e-01	 3.124363e-01	-5.327499e+00
 1.427378e+01	-2.267971e+00	 4.374527e-01	-5.044846e+00	 3.613915e-01	 2.483914e-01	 3.613915e-01	-6.035232e+00	 2.982991e-01	 2.483914e-01	 2.982991e-01	-4.663659e+00
 1.551698e+01	-2.878689e+00	 1.384139e+00	-5.080686e+00	 3.624816e-01	 3.046485e-01	 3.624816e-01	-6.021300e+00	 2.505772e-01	 3.046485e-01	 2.505772e-01	-4.357751e+00
 1.661999e+01	-3.556634e+00	 1.339187e+00	-5.151093e+00	 3.639707e-01	 2.834348e-01	 3.639707e-01	-6.147956e+00	 2.046295e-01	 2.834348e-01	 2.046295e-01	-4.232799e+00
 1.784551e+01	-4.181414e+00	 8.462750e-01	-5.251148e+00	 3.860444e-01	 2.565165e-01	 3.860444e-01	-6.324490e+00	 1.162859e-01	 2.565165e-01	 1.162859e-01	-4.086214e+00
 1.922371e+01	-4.529361e+00	 1.575237e-01	-5.385400e+00	 3.468335e-01	 2.457406e-01	 3.468335e-01	-6.385005e+00	-9.668101e-02	 2.457406e-01	-9.668101e-02	-3.866979e+00
 2.027518e+01	-4.468764e+00	 6.440791e-02	-5.568659e+00	 3.840818e-01	 2.345353e-01	 3.840818e-01	-6.177247e+00	-8.038349e-02	 2.345353e-01	-8.038349e-02	-3.652801e+00
 2.133035e+01	-4.321904e+00	 7.237896e-01	-5.844807e+00	 4.086755e-01	 1.779315e-01	 4.086755e-01	-6.125772e+00	-1.735696e-01	 1.779315e-01	-1.735696e-01	-3.537758e+00
 2.242155e+01	-4.594939e+00	 2.196793e+00	-6.285060e+00	 3.610850e-01	 8.785729e-02	 3.610850e-01	-5.855902e+00	 2.644381e-02	 8.785729e-02	 2.644381e-02	-3.329212e+00
 2.368577e+01	-8.371720e+00	 2.584001e+00	-6.971582e+00	 3.973507e-01	 2.736065e-03	 3.973507e-01	-6.064140e+00	 1.433620e-01	 2.736065e-03	 1.433620e-01	-3.228666e+00
 2.865644e+01	-3.147751e+00	 3.258043e+00	-7.359055e+00	 6.214894e-01	-5.095470e-02	 6.214894e-01	-4.789061e+00	 2.799812e-01	-5.095470e-02	 2.799812e-01	-3.202309e+00
 3.064905e+01	-1.777429e+00	 1.632671e+00	-7.457148e+00	 6.031229e-01	 1.439495e-01	 6.031229e-01	-4.344977e+00	 3.341493e-01	 1.439495e-01	 3.341493e-01	-3.102987e+00
 3.078372e+01	-2.647936e+00	-7.142908e-01	-7.493502e+00	 6.167169e-01	 3.855516e-01	 6.167169e-01	-4.224751e+00	 3.975660e-01	 3.855516e-01	 3.975660e-01	-3.027765e+00
 2.963726e+01	-3.223275e+00	-2.985043e+00	-7.511079e+00	 5.524494e-01	 5.540073e-01	 5.524494e-01	-4.284946e+00	 3.759059e-01	 5.540073e-01	 3.759059e-01	-2.986043e+00
 3.142177e+01	-3.443502e+00	-5.455762e+00	-7.990130e+00	 3.519178e-01	 6.380906e-01	 3.519178e-01	-4.743710e+00	 4.166594e-01	 6.380906e-01	 4.166594e-01	-3.081627e+00
 3.320761e+01	-5.423814e+00	-4.632383e+00	-7.583439e+00	 5.521383e-01	 4.169049e-01	 5.521383e-01	-4.169162e+00	 8.050805e-02	 4.169049e-01	 8.050805e-02	-2.892558e+00
 3.362822e+01	-4.507097e+00	-4.038977e+00	-7.481034e+00	 7.093992e-01	 2.693322e-01	 7.093992e-01	-3.983696e+00	 1.376088e-01	 2.693322e-01	 1.376088e-01	-2.793473e+00
 3.784367e+01	-9.594321e-01	-3.889210e+00	-7.828454e+00	 7.833324e-01	-1.535683e-02	 7.833324e-01	-3.954537e+00	 3.498913e-01	-1.535683e-02	 3.498913e-01	-2.961415e+00
 4.284508e+01	-6.967628e-01	-4.066509e+00	-8.414544e+00	 1.127338e+00	-3.867941e-01	 1.127338e+00	-4.303363e+00	 7.537532e-01	-3.867941e-01	 7.537532e-01	-3.464234e+00
 3.955942e+01	-4.165592e+00	-4.219497e-01	-8.608330e+00	 1.550776e+00	-7.922856e-01	 1.550776e+00	-4.189773e+00	 8.720297e-01	-7.922856e-01	 8.720297e-01	-3.713669e+00
 2.896675e+01	 3.017296e+00	-8.740926e+00	-1.048097e+01	 1.856713e+00	-1.699788e+00	 1.856713e+00	-4.091940e+00	 1.080572e+00	-1.699788e+00	 1.080572e+00	-3.746990e+00
 4.078347e+01	-9.588478e-01	-5.914806e+00	-1.056343e+01	 1.921150e+00	-1.450302e+00	 1.921150e+00	-3.992393e+00	 7.305456e-01	-1.450302e+00	 7.305456e-01	-3.506097e+00
 2.779295e+01	-8.025410e+00	-1.041586e+01	-8.823656e+00	 2.168892e+00	-5.814701e-01	 2.168892e+00	-4.236269e+00	 8.123673e-01	-5.814701e-01	 8.123673e-01	-3.502360e+00
 9.807637e+00	 3.790321e+00	-1.650586e+01	-8.387269e+00	 1.927232e+00	-1.447325e+00	 1.927232e+00	-3.381913e+00	 1.026363e+00	-1.447325e+00	 1.026363e+00	-3.374710e+00
 2.800602e+01	 6.721601e-01	-4.811174e+00	-7.592454e+00	 1.319403e+00	-7.606882e-01	 1.319403e+00	-2.984858e+00	 5.930077e-01	-7.606882e-01	 5.930077e-01	-2.508134e+00
 3.230330e+01	 1.172624e+01	-2.319207e+01	-9.133925e+00	 1.490670e+00	-1.447667e+00	 1.490670e+00	-3.212455e+00	 1.002091e+00	-1.447667e+00	 1.002091e+00	-3.129512e+00
 1.329728e+01	 9.686835e+00	-3.917952e+01	-7.838326e+00	 1.707969e+00	-1.714791e+00	 1.707969e+00	-3.303223e+00	 1.174191e+00	-1.714791e+00	 1.174191e+00	-3.712541e+00
-3.981140e+01	 6.209919e+01	-1.300626e+02	-1.172753e+01	 4.453181e+00	-6.139097e+00	 4.453181e+00	-6.544888e+00	 5.052363e+00	-6.139097e+00	 5.052363e+00	-9.791957e+00
 4.527550e+01	-4.525465e+00	 3.034253e+01	-8.670861e+00	 7.159418e-01	-1.874475e+00	 7.159418e-01	-3.642442e+00	 8.145488e-01	-1.874475e+00	 8.145488e-01	-8.342214e+00
 2.978826e+01	-9.212101e+00	 4.957757e+00	-7.344826e+00	 1.222690e+00	 4.677261e-02	 1.222690e+00	-5.705731e+00	 3.259853e+00	 4.677261e-02	 3.259853e+00	-9.899330e+00
 2.365065e+01	-8.566967e+00	-1.047037e+00	-7.209548e+00	 2.432328e+00	-1.760300e-01	 2.432328e+00	-3.883236e+00	 3.049588e-01	-1.760300e-01	 3.049588e-01	-1.367486e+00
 2.784888e+01	-9.426869e+00	-3.786373e+00	-7.574837e+00	 2.717934e+00	-1.904630e-01	 2.717934e+00	-4.244647e+00	 3.061489e-01	-1.904630e-01	 3.061489e-01	-1.270640e+00
 4.096317e+01	-2.064042e+01	-6.305367e+00	-7.106677e+00	 2.988540e+00	 2.630071e-01	 2.988540e+00	-5.405747e+00	 8.832420e-02	 2.630071e-01	 8.832420e-02	-1.274809e+00
 4.700760e+01	-3.284190e+01	-6.818420e+00	-8.299368e+00	 4.379343e+00	 2.797832e-01	 4.379343e+00	-6.947586e+00	-1.475488e-01	 2.797832e-01	-1.475488e-01	-1.234571e+00
 3.378996e+01	-1.802344e+01	-3.833554e+00	-6.517527e+00	 2.765943e+00	 1.910004e-01	 2.765943e+00	-4.656469e+00	-1.034879e-01	 1.910004e-01	-1.034879e-01	-1.155953e+00
 2.671324e+01	-8.385115e+00	-1.922218e+00	-6.711306e+00	 2.337037e+00	 1.076148e-01	 2.337037e+00	-3.698008e+00	-3.024339e-02	 1.076148e-01	-3.024339e-02	-1.191009e+00
 2.552470e+01	-3.791339e+00	-1.584040e+00	-7.046509e+00	 2.198592e+00	 9.234621e-02	 2.198592e+00	-3.389144e+00	 1.098482e-01	 9.234621e-02	 1.098482e-01	-1.310830e+00
 3.337003e+01	-3.933839e+00	-3.079226e+00	-7.992480e+00	 2.272466e+00	 9.155009e-02	 2.272466e+00	-3.561994e+00	 3.309863e-01	 9.155009e-02	 3.309863e-01	-1.600830e+00
 3.862990e+01	-6.821607e+00	-3.802268e+00	-9.097217e+00	 2.588988e+00	 4.826716e-02	 2.588988e+00	-3.857358e+00	 4.774486e-01	 4.826716e-02	 4.774486e-01	-1.885114e+00
 4.254433e+01	-1.462556e+01	-1.838596e+00	-8.732261e+00	 2.611037e+00	-3.285926e-02	 2.611037e+00	-3.654708e+00	-8.180377e-03	-3.285926e-02	-8.180377e-03	-1.747118e+00
 8.889733e+01	-4.184228e+01	-3.095450e+01	-1.068845e+01	 3.880990e+00	 1.972889e+00	 3.880990e+00	-3.904941e+00	-1.088919e+00	 1.972889e+00	-1.088919e+00	-2.192681e+00
 3.585720e+01	-1.404072e+01	-5.577869e+00	-6.090835e+00	 1.806176e+00	 2.962670e-01	 1.806176e+00	-3.046091e+00	-3.043592e-01	 2.962670e-01	-3.043592e-01	-1.172547e+00
 2.723882e+01	-7.835896e+00	-1.413419e+00	-7.049588e+00	 1.558965e+00	 7.151455e-01	 1.558965e+00	-2.935632e+00	-3.171201e-01	 7.151455e-01	-3.171201e-01	-1.251251e+00
 3.250555e+01	-1.134512e+01	-3.882784e+00	-7.824661e+00	 1.397115e+00	 9.663126e-01	 1.397115e+00	-2.856106e+00	-2.194114e-01	 9.663126e-01	-2.194114e-01	-1.271419e+00
 4.061139e+01	-1.435726e+01	-8.732656e+00	-7.067818e+00	 1.543523e+00	 7.993465e-01	 1.543523e+00	-3.041383e+00	-2.562519e-01	 7.993465e-01	-2.562519e-01	-1.238203e+00
 2.981780e+01	-1.428401e+01	-6.397954e+00	-6.768212e+00	 1.410869e+00	 7.591278e-01	 1.410869e+00	-3.037724e+00	-1.852374e-01	 7.591278e-01	-1.852374e-01	-1.173747e+00
 2.507951e+01	-1.289128e+01	-4.572947e+00	-5.542991e+00	 1.544765e+00	 4.888218e-01	 1.544765e+00	-2.950547e+00	-1.867193e-01	 4.888218e-01	-1.867193e-01	-1.043972e+00
 1.983651e+01	-1.220357e+01	-2.233824e+00	-5.950841e+00	 1.442448e+00	 7.571924e-01	 1.442448e+00	-2.842189e+00	-8.410287e-02	 7.571924e-01	-8.410287e-02	-1.146611e+00
 2.069433e+01	-9.679406e+00	-3.404910e+00	-4.999913e+00	 1.510627e+00	 4.824130e-01	 1.510627e+00	-2.493473e+00	-7.688720e-02	 4.824130e-01	-7.688720e-02	-1.088270e+00
 2.025151e+01	-1.007298e+01	-2.792985e+00	-5.256234e+00	 1.599322e+00	 5.806791e-01	 1.599322e+00	-2.480199e+00	-8.075620e-02	 5.806791e-01	-8.075620e-02	-1.165564e+00
 2.187106e+01	-9.152896e+00	-4.111976e+00	-4.812203e+00	 1.610599e+00	 2.415236e-01	 1.610599e+00	-2.417121e+00	-6.980048e-02	 2.415236e-01	-6.980048e-02	-1.012939e+00
 2.145123e+01	-7.808346e+00	-4.194556e+00	-4.811110e+00	 1.580190e+00	 1.128180e-01	 1.580190e+00	-2.327522e+00	-2.354574e-02	 1.128180e-01	-2.354574e-02	-1.013693e+00
 2.147068e+01	-7.227076e+00	-4.357987e+00	-4.980149e+00	 1.644056e+00	-3.291607e-03	 1.644056e+00	-2.312593e+00	 1.559263e-02	-3.291607e-03	 1.559263e-02	-1.061729e+00
 2.225483e+01	-7.566029e+00	-3.877084e+00	-5.403830e+00	 1.833357e+00	-1.494374e-01	 1.833357e+00	-2.397937e+00	 5.840987e-02	-1.494374e-01	 5.840987e-02	-1.095772e+00
 2.492765e+01	-9.327615e+00	-3.538157e+00	-6.115928e+00	 2.232699e+00	-3.425808e-01	 2.232699e+00	-2.666872e+00	 1.210299e-01	-3.425808e-01	 1.210299e-01	-1.170592e+00
 3.304142e+01	-1.201433e+01	-2.023078e+00	-6.484947e+00	 2.446265e+00	-5.567696e-01	 2.446265e+00	-2.909809e+00	 2.197524e-01	-5.567696e-01	 2.197524e-01	-1.293255e+00
 2.110844e+01	 4.044740e+00	-1.253392e+01	-9.094210e+00	 4.850649e+00	-2.312157e+00	 4.850649e+00	-5.251241e+00	 1.843589e+00	-2.312157e+00	 1.843589e+00	-2.476334e+00
 2.305080e+01	-5.475641e+00	-3.877868e+00	-6.102538e+00	 2.636456e+00	-9.998224e-01	 2.636456e+00	-3.267263e+00	 7.414002e-01	-9.998224e-01	 7.414002e-01	-1.683228e+00
 3.219963e+01	-1.647057e+01	 1.169772e+01	-6.333272e+00	 3.236706e+00	-1.761563e+00	 3.236706e+00	-4.062116e+00	 1.470866e+00	-1.761563e+00	 1.470866e+00	-3.063685e+00
 2.089687e+01	-1.252981e+01	-1.729175e+01	-5.007120e+00	 1.857938e+00	-8.351262e-01	 1.857938e+00	-2.705406e+00	 4.059626e-01	-8.351262e-01	 4.059626e-01	-3.877362e+00
 2.713855e+01	-1.240761e+01	 7.836134e+00	-5.092889e+00	 1.693473e+00	-7.347933e-01	 1.693473e+00	-2.489259e+00	 1.653651e-01	-7.347933e-01	 1.653651e-01	-2.577551e+00
 3.542017e+01	-6.167653e+00	 2.467388e+01	-5.376227e+00	 1.329779e+00	-1.229430e+00	 1.329779e+00	-2.255649e+00	-3.299100e-01	-1.229430e+00	-3.299100e-01	-3.524041e+00
 3.310687e+01	-4.974183e+00	 9.576577e+00	-5.631435e+00	 1.128996e+00	-9.311986e-01	 1.128996e+00	-2.294183e+00	-5.682365e-01	-9.311986e-01	-5.682365e-01	-2.676347e+00
 2.882733e+01	 4.297059e+00	 7.885385e+00	-6.540277e+00	 1.089677e+00	-1.644234e+00	 1.089677e+00	-2.518410e+00	-2.204885e-01	-1.644234e+00	-2.204885e-01	-3.230822e+00
 2.144286e+01	 3.983204e+00	 2.688916e+00	-6.541485e+00	 1.511579e+00	-1.683908e+00	 1.511579e+00	-2.757667e+00	-1.340935e-02	-1.683908e+00	-1.340935e-02	-3.156474e+00
 2.778943e+01	-1.773554e+01	-7.315884e+00	-7.351135e+00	 3.208410e+00	-1.208662e+00	 3.208410e+00	-4.297968e+00	 2.723107e-01	-1.208662e+00	 2.723107e-01	-2.359263e+00
 2.545533e+01	-2.074819e+01	-4.656255e+00	-5.789590e+00	 2.747334e+00	-6.104365e-02	 2.747334e+00	-3.741035e+00	 7.772036e-04	-6.104365e-02	 7.772036e-04	-1.369093e+00
 1.747716e+01	-1.068539e+01	-1.370115e+00	-5.040816e+00	 1.820433e+00	 1.630089e-01	 1.820433e+00	-2.551479e+00	-1.258886e-01	 1.630089e-01	-1.258886e-01	-1.049068e+00
 1.668810e+01	-8.698962e+00	-9.426864e-01	-4.939946e+00	 1.723074e+00	 2.088721e-01	 1.723074e+00	-2.371610e+00	-1.729252e-01	 2.088721e-01	-1.729252e-01	-9.493565e-01
 1.750205e+01	-9.521800e+00	-1.322739e+00	-4.918465e+00	 1.765881e+00	 1.961637e-01	 1.765881e+00	-2.418049e+00	-1.606654e-01	 1.961637e-01	-1.606654e-01	-8.894207e-01
 1.734704e+01	-9.293613e+00	-1.483088e+00	-4.897918e+00	 1.697401e+00	 1.670695e-01	 1.697401e+00	-2.359021e+00	-1.571021e-01	 1.670695e-01	-1.571021e-01	-8.690489e-01
 1.829592e+01	-9.642074e+00	-1.481434e+00	-4.927130e+00	 1.703334e+00	 1.689704e-01	 1.703334e+00	-2.365187e+00	-1.580268e-01	 1.689704e-01	-1.580268e-01	-8.437948e-01
 1.864408e+01	-8.850448e+00	-1.421718e+00	-4.910176e+00	 1.626337e+00	 1.813128e-01	 1.626337e+00	-2.271285e+00	-1.486484e-01	 1.813128e-01	-1.486484e-01	-8.156342e-01
 1.885791e+01	-7.431058e+00	-1.237679e+00	-4.840758e+00	 1.468294e+00	 1.882482e-01	 1.468294e+00	-2.135462e+00	-1.420216e-01	 1.882482e-01	-1.420216e-01	-7.951205e-01
 1.901663e+01	-5.231482e+00	-9.337104e-01	-4.734352e+00	 1.273391e+00	 2.115417e-01	 1.273391e+00	-2.040961e+00	-1.559155e-01	 2.115417e-01	-1.559155e-01	-7.942801e-01
 1.944462e+01	-1.652445e+00	-3.883068e-01	-4.731632e+00	 1.002931e+00	 2.266819e-01	 1.002931e+00	-2.009992e+00	-1.997307e-01	 2.266819e-01	-1.997307e-01	-8.186932e-01
 1.970285e+01	 9.993608e-01	 4.139835e-01	-4.787521e+00	 8.798046e-01	 2.200782e-01	 8.798046e-01	-2.149130e+00	-2.804340e-01	 2.200782e-01	-2.804340e-01	-8.549761e-01
 1.699878e+01	-8.965958e-01	-3.964070e-02	-4.614332e+00	 9.335476e-01	 1.995334e-01	 9.335476e-01	-1.935891e+00	-2.126369e-01	 1.995334e-01	-2.126369e-01	-8.122058e-01
 1.545046e+01	-4.058800e+00	-1.024898e+00	-4.668020e+00	 1.027642e+00	 1.921812e-01	 1.027642e+00	-1.657127e+00	-1.050749e-01	 1.921812e-01	-1.050749e-01	-7.539254e-01
 1.557522e+01	-4.882484e+00	-9.332253e-01	-4.766310e+00	 1.075281e+00	 1.675953e-01	 1.075281e+00	-1.626523e+00	-8.655719e-02	 1.675953e-01	-8.655719e-02	-7.385053e-01
 1.713129e+01	-4.949512e+00	-5.579467e-01	-4.696969e+00	 1.058881e+00	 1.473502e-01	 1.058881e+00	-1.600051e+00	-7.291499e-02	 1.473502e-01	-7.291499e-02	-7.286293e-01
 1.850525e+01	-4.890230e+00	-1.842076e-01	-4.746839e+00	 1.032634e+00	 1.099452e-01	 1.032634e+00	-1.583665e+00	-6.435592e-02	 1.099452e-01	-6.435592e-02	-7.284541e-01
 1.915479e+01	-5.075875e+00	 8.753768e-02	-4.862263e+00	 1.033048e+00	 7.720091e-02	 1.033048e+00	-1.565502e+00	-5.524335e-02	 7.720091e-02	-5.524335e-02	-7.313013e-01
 1.947125e+01	-5.190191e+00	 3.565305e-01	-4.993719e+00	 1.043661e+00	 5.179126e-02	 1.043661e+00	-1.562549e+00	-5.041760e-02	 5.179126e-02	-5.041760e-02	-7.373080e-01
 2.114524e+01	-5.332038e+00	 7.386820e-01	-5.344914e+00	 1.066463e+00	 2.396087e-02	 1.066463e+00	-1.569028e+00	-4.944743e-02	 2.396087e-02	-4.944743e-02	-7.512854e-01
 2.248595e+01	-5.442400e+00	 1.271220e+00	-5.807870e+00	 1.107474e+00	-3.103037e-03	 1.107474e+00	-1.586368e+00	-5.597896e-02	-3.103037e-03	-5.597896e-02	-7.738686e-01
 2.473937e+01	-5.610643e+00	 1.873692e+00	-5.829842e+00	 1.093938e+00	-4.051831e-02	 1.093938e+00	-1.602325e+00	-6.613910e-02	-4.051831e-02	-6.613910e-02	-7.988901e-01
 2.323761e+01	-5.870246e+00	 1.220892e+00	-5.682249e+00	 1.077303e+00	-1.304149e-02	 1.077303e+00	-1.613528e+00	-5.907816e-02	-1.304149e-02	-5.907816e-02	-7.789437e-01
 1.618390e+01	-6.002137e+00	-3.431311e-02	-5.046954e+00	 1.077438e+00	 8.639759e-02	 1.077438e+00	-1.634475e+00	-5.581685e-02	 8.639759e-02	-5.581685e-02	-7.563567e-01
 1.517962e+01	-6.201291e+00	-6.297976e-01	-4.898703e+00	 1.115800e+00	 1.245965e-01	 1.115800e+00	-1.675749e+00	-5.442628e-02	 1.245965e-01	-5.442628e-02	-7.601895e-01
 1.769500e+01	-6.421118e+00	-1.169891e+00	-4.897361e+00	 1.174693e+00	 1.451642e-01	 1.174693e+00	-1.752485e+00	-5.537887e-02	 1.451642e-01	-5.537887e-02	-7.894387e-01
 2.076923e+01	-6.105594e+00	-2.231871e+00	-5.059435e+00	 1.224472e+00	 1.754771e-01	 1.224472e+00	-1.854016e+00	-5.596329e-02	 1.754771e-01	-5.596329e-02	-8.785471e-01
 2.738058e+01	-2.995940e+00	 1.304086e+00	-5.432840e+00	 1.173039e+00	 1.361996e-02	 1.173039e+00	-2.093396e+00	-1.930977e-01	 1.361996e-02	-1.930977e-01	-1.092411e+00
 2.846670e+01	-5.822228e+00	 1.992144e+00	-5.970063e+00	 1.575567e+00	 2.911588e-02	 1.575567e+00	-2.649809e+00	-3.232240e-01	 2.911588e-02	-3.232240e-01	-1.177345e+00
 2.574157e+01	-1.214227e+01	-1.045690e+01	-5.989012e+00	 2.016955e+00	 1.021989e-01	 2.016955e+00	-3.032341e+00	-2.749765e-01	 1.021989e-01	-2.749765e-01	-1.586226e+00
 1.445965e+01	-1.099534e+01	-8.910279e+00	-5.678996e+00	 1.591723e+00	-1.450989e-02	 1.591723e+00	-2.374191e+00	-2.001288e-01	-1.450989e-02	-2.001288e-01	-1.404577e+00
 1.539457e+01	-9.134698e+00	-4.886955e+00	-5.369874e+00	 1.456571e+00	-1.256632e-01	 1.456571e+00	-2.171813e+00	-1.941860e-01	-1.256632e-01	-1.941860e-01	-1.262723e+00
 2.012230e+01	-1.069526e+01	-1.943253e+00	-4.842371e+00	 1.490561e+00	 1.549531e-01	 1.490561e+00	-2.108655e+00	-1.950770e-01	 1.549531e-01	-1.950770e-01	-9.193954e-01
 1.841521e+01	-9.685508e+00	-2.585823e+00	-4.591918e+00	 1.298710e+00	 2.226184e-01	 1.298710e+00	-1.872443e+00	-1.964764e-01	 2.226184e-01	-1.964764e-01	-8.975266e-01
 1.969859e+01	-7.894488e+00	-1.071236e+00	-4.519697e+00	 1.142223e+00	 2.175149e-01	 1.142223e+00	-1.694656e+00	-1.618837e-01	 2.175149e-01	-1.618837e-01	-8.111236e-01
 2.109662e+01	-6.930684e+00	-2.771775e-01	-4.588142e+00	 1.052799e+00	 1.933425e-01	 1.052799e+00	-1.608413e+00	-1.440965e-01	 1.933425e-01	-1.440965e-01	-7.745012e-01
 2.021047e+01	-6.257756e+00	 1.445400e-01	-4.654732e+00	 1.025441e+00	 1.920584e-01	 1.025441e+00	-1.551001e+00	-1.291804e-01	 1.920584e-01	-1.291804e-01	-7.525701e-01
 2.063844e+01	-6.784422e+00	 4.312628e-01	-4.634501e+00	 1.080460e+00	 1.652458e-01	 1.080460e+00	-1.531805e+00	-1.246111e-01	 1.652458e-01	-1.246111e-01	-7.495190e-01
 1.595847e+01	-6.643608e+00	 1.812929e-03	-3.853727e+00	 1.012529e+00	 1.516262e-01	 1.012529e+00	-1.509184e+00	-1.280199e-01	 1.516262e-01	-1.280199e-01	-7.431468e-01
 1.240145e+01	-6.784515e+00	-6.976149e-01	-3.401940e+00	 9.853514e-01	 1.692132e-01	 9.853514e-01	-1.553267e+00	-1.524863e-01	 1.692132e-01	-1.524863e-01	-7.392660e-01
 1.173627e+01	-7.311227e+00	-1.162694e+00	-3.258753e+00	 9.866161e-01	 1.696778e-01	 9.866161e-01	-1.602819e+00	-1.740803e-01	 1.696778e-01	-1.740803e-01	-7.405140e-01
 1.136791e+01	-6.586358e+00	-1.053854e+00	-3.213656e+00	 9.458535e-01	 1.601009e-01	 9.458535e-01	-1.534717e+00	-1.601179e-01	 1.601009e-01	-1.601179e-01	-7.324374e-01
 1.056185e+01	-4.159895e+00	-2.753931e-01	-3.191633e+00	 8.416388e-01	 1.222247e-01	 8.416388e-01	-1.320729e+00	-9.203634e-02	 1.222247e-01	-9.203634e-02	-7.086977e-01
 1.052786e+01	-3.244894e+00	-4.924248e-03	-3.228214e+00	 8.012538e-01	 1.017793e-01	 8.012538e-01	-1.244108e+00	-6.914063e-02	 1.017793e-01	-6.914063e-02	-7.010044e-01
 1.071233e+01	-3.037536e+00	-1.476171e-02	-3.285083e+00	 7.884752e-01	 8.716449e-02	 7.884752e-01	-1.217747e+00	-5.860372e-02	 8.716449e-02	-5.860372e-02	-6.941805e-01
 1.051755e+01	-2.838943e+00	-1.869231e-01	-3.308199e+00	 7.577676e-01	 7.704551e-02	 7.577676e-01	-1.177739e+00	-4.981703e-02	 7.704551e-02	-4.981703e-02	-6.876086e-01
 1.037487e+01	-2.745821e+00	-3.787413e-01	-3.353581e+00	 7.391274e-01	 6.502183e-02	 7.391274e-01	-1.155738e+00	-4.482056e-02	 6.502183e-02	-4.482056e-02	-6.841324e-01
 1.014630e+01	-2.785648e+00	-5.123066e-01	-3.420675e+00	 7.421046e-01	 4.647237e-02	 7.421046e-01	-1.152208e+00	-4.263191e-02	 4.647237e-02	-4.263191e-02	-6.839184e-01
 1.032143e+01	-2.844685e+00	-5.684469e-01	-3.568841e+00	 7.598700e-01	 2.639073e-02	 7.598700e-01	-1.158352e+00	-4.233914e-02	 2.639073e-02	-4.233914e-02	-6.865863e-01
 1.083408e+01	-2.961837e+00	-6.856833e-01	-3.550969e+00	 7.761474e-01	 3.290027e-02	 7.761474e-01	-1.167837e+00	-3.996390e-02	 3.290027e-02	-3.996390e-02	-6.824783e-01
 1.157480e+01	-2.963604e+00	-7.910611e-01	-3.609605e+00	 7.912440e-01	 3.054859e-02	 7.912440e-01	-1.178399e+00	-3.634033e-02	 3.054859e-02	-3.634033e-02	-6.803180e-01
 1.290482e+01	-2.865204e+00	-9.139599e-01	-3.793189e+00	 8.059367e-01	 2.667713e-02	 8.059367e-01	-1.197026e+00	-3.342019e-02	 2.667713e-02	-3.342019e-02	-6.794600e-01
 1.633262e+01	-2.240905e+00	-1.049901e+00	-4.169753e+00	 7.908350e-01	 2.959204e-02	 7.908350e-01	-1.230500e+00	-3.036945e-02	 2.959204e-02	-3.036945e-02	-6.785616e-01
 1.907080e+01	-1.918882e+00	-1.168946e+00	-4.510069e+00	 7.525711e-01	 4.345554e-02	 7.525711e-01	-1.232323e+00	-3.538126e-02	 4.345554e-02	-3.538126e-02	-6.758953e-01
 1.653199e+01	-2.873244e+00	-1.266242e+00	-4.451714e+00	 8.204509e-01	 5.499701e-02	 8.204509e-01	-1.215064e+00	-4.077571e-02	 5.499701e-02	-4.077571e-02	-6.752782e-01
 1.413982e+01	-3.634531e+00	-1.161381e+00	-4.205331e+00	 8.639394e-01	 5.917688e-02	 8.639394e-01	-1.191082e+00	-4.582762e-02	 5.917688e-02	-4.582762e-02	-6.742918e-01
 1.483036e+01	-3.889383e+00	-1.108305e+00	-4.039827e+00	 8.532331e-01	 7.793071e-02	 8.532331e-01	-1.166673e+00	-4.960125e-02	 7.793071e-02	-4.960125e-02	-6.747099e-01
 1.616535e+01	-3.912458e+00	-1.104723e+00	-3.958690e+00	 8.267130e-01	 9.621590e-02	 8.267130e-01	-1.146907e+00	-5.301429e-02	 9.621590e-02	-5.301429e-02	-6.767748e-01
 1.673848e+01	-3.697018e+00	-1.054975e+00	-4.072579e+00	 8.226340e-01	 9.952825e-02	 8.226340e-01	-1.144041e+00	-5.478954e-02	 9.952825e-02	-5.478954e-02	-6.781249e-01
 1.764096e+01	-3.444275e+00	-9.986577e-01	-4.213267e+00	 8.168988e-01	 1.025866e-01	 8.168988e-01	-1.144357e+00	-5.597725e-02	 1.025866e-01	-5.597725e-02	-6.797851e-01
 1.976731e+01	-2.958442e+00	-7.931970e-01	-4.446586e+00	 7.944990e-01	 9.581102e-02	 7.944990e-01	-1.145645e+00	-5.926296e-02	 9.581102e-02	-5.926296e-02	-6.832592e-01
 2.537901e+01	-1.200023e+00	-6.962250e-02	-4.662700e+00	 6.718851e-01	 4.548069e-02	 6.718851e-01	-1.149325e+00	-5.868748e-02	 4.548069e-02	-5.868748e-02	-6.810425e-01
 2.126151e+01	-5.010981e-01	 2.550364e-02	-4.493548e+00	 6.276539e-01	 3.569390e-02	 6.276539e-01	-1.158304e+00	-5.686397e-02	 3.569390e-02	-5.686397e-02	-6.780266e-01
 1.699461e+01	-6.230194e-01	-3.107630e-02	-5.007380e+00	 6.647452e-01	 3.886363e-02	 6.647452e-01	-1.162950e+00	-5.176543e-02	 3.886363e-02	-5.176543e-02	-6.752533e-01
 2.254062e+01	-7.801327e-01	 4.044024e-01	-4.915201e+00	 6.256068e-01	 1.290282e-02	 6.256068e-01	-1.161995e+00	-5.208017e-02	 1.290282e-02	-5.208017e-02	-6.763802e-01
 1.795473e+01	-2.620719e+00	 7.597822e-02	-4.855264e+00	 7.196199e-01	 5.043262e-02	 7.196199e-01	-1.160590e+00	-4.667063e-02	 5.043262e-02	-4.667063e-02	-6.766951e-01
 2.109698e+01	-3.604812e+00	 5.035586e-01	-5.631164e+00	 7.871397e-01	 5.332203e-02	 7.871397e-01	-1.167156e+00	-4.239029e-02	 5.332203e-02	-4.239029e-02	-6.811645e-01
 2.373743e+01	-4.631084e+00	 7.915713e-01	-5.789623e+00	 8.502012e-01	 6.167162e-02	 8.502012e-01	-1.168879e+00	-4.001455e-02	 6.167162e-02	-4.001455e-02	-6.891977e-01
 2.211509e+01	-4.453358e+00	 6.703370e-01	-5.700931e+00	 8.267496e-01	 1.023815e-01	 8.267496e-01	-1.165211e+00	-4.144405e-02	 1.023815e-01	-4.144405e-02	-6.966077e-01
 2.277344e+01	-4.641492e+00	 6.403464e-01	-5.731055e+00	 7.821219e-01	 1.016511e-01	 7.821219e-01	-1.171639e+00	-3.478759e-02	 1.016511e-01	-3.478759e-02	-7.052389e-01
 2.520170e+01	-4.831290e+00	-6.173360e-04	-5.680205e+00	 7.625374e-01	 1.112289e-01	 7.625374e-01	-1.185931e+00	-2.695032e-02	 1.112289e-01	-2.695032e-02	-7.146416e-01
 1.574963e+01	-4.929154e+00	-1.032673e+00	-5.440573e+00	 7.122090e-01	 1.980778e-01	 7.122090e-01	-1.213288e+00	-1.469638e-02	 1.980778e-01	-1.469638e-02	-7.234683e-01
 1.294825e+01	-5.250967e+00	-1.419096e+00	-4.619387e+00	 7.871338e-01	 1.998818e-01	 7.871338e-01	-1.254818e+00	-1.468144e-02	 1.998818e-01	-1.468144e-02	-7.179267e-01
 1.256289e+01	-6.027948e+00	-1.458914e+00	-4.420238e+00	 8.765756e-01	 2.287865e-01	 8.765756e-01	-1.305578e+00	-2.539977e-02	 2.287865e-01	-2.539977e-02	-7.137103e-01
 1.271894e+01	-5.932755e+00	-1.362859e+00	-4.409237e+00	 8.784850e-01	 2.675350e-01	 8.784850e-01	-1.294725e+00	-3.546318e-02	 2.675350e-01	-3.546318e-02	-7.138897e-01
 1.311833e+01	-5.267591e+00	-1.158785e+00	-4.404956e+00	 8.155957e-01	 2.887023e-01	 8.155957e-01	-1.263019e+00	-3.336812e-02	 2.887023e-01	-3.336812e-02	-7.160080e-01
 1.609844e+01	-4.328519e+00	-1.281313e+00	-4.063433e+00	 7.874998e-01	 2.342569e-01	 7.874998e-01	-1.230493e+00	-3.279504e-02	 2.342569e-01	-3.279504e-02	-7.041130e-01
 1.327217e+01	-3.819522e+00	-1.089563e+00	-3.832122e+00	 7.671278e-01	 2.223494e-01	 7.671278e-01	-1.236419e+00	-2.776979e-02	 2.223494e-01	-2.776979e-02	-7.024702e-01
 1.066894e+01	-3.829844e+00	-5.312968e-01	-4.023012e+00	 7.673711e-01	 2.603736e-01	 7.673711e-01	-1.279394e+00	-2.241482e-02	 2.603736e-01	-2.241482e-02	-7.119508e-01
 1.274302e+01	-4.679558e+00	-4.990594e-01	-3.935100e+00	 8.236369e-01	 2.225918e-01	 8.236369e-01	-1.389343e+00	-2.436130e-02	 2.225918e-01	-2.436130e-02	-7.095273e-01
 1.657731e+01	-5.907528e+00	-7.019817e-01	-3.946848e+00	 8.811325e-01	 1.743625e-01	 8.811325e-01	-1.545424e+00	-2.718858e-02	 1.743625e-01	-2.718858e-02	-7.093866e-01
 1.860991e+01	-7.530266e+00	-5.960095e-01	-3.954133e+00	 9.026316e-01	 1.250213e-01	 9.026316e-01	-1.769518e+00	-1.928034e-02	 1.250213e-01	-1.928034e-02	-7.151321e-01
 1.931806e+01	-9.801177e+00	-3.019286e-01	-4.043570e+00	 9.197450e-01	 9.456550e-02	 9.197450e-01	-2.118264e+00	-5.745613e-03	 9.456550e-02	-5.745613e-03	-7.402713e-01
 2.008077e+01	-1.303164e+01	 6.984456e-01	-4.216014e+00	 9.413974e-01	 5.691484e-02	 9.413974e-01	-2.558975e+00	-4.112433e-03	 5.691484e-02	-4.112433e-03	-7.482312e-01
 1.816995e+01	-1.529680e+01	 4.106063e-01	-4.019987e+00	 9.531268e-01	 8.376517e-02	 9.531268e-01	-2.696445e+00	 2.087170e-02	 8.376517e-02	 2.087170e-02	-7.339325e-01
 1.384521e+01	-1.416708e+01	-4.797725e-01	-3.736827e+00	 8.973857e-01	 1.633551e-01	 8.973857e-01	-2.402037e+00	 3.132459e-02	 1.633551e-01	 3.132459e-02	-7.115941e-01
 1.209061e+01	-4.940961e+00	-9.938103e-01	-3.681434e+00	 7.246749e-01	 1.969825e-01	 7.246749e-01	-1.592330e+00	-1.094968e-02	 1.969825e-01	-1.094968e-02	-6.923062e-01
 1.196927e+01	-4.088619e+00	-8.216553e-01	-3.731189e+00	 8.018364e-01	 1.976112e-01	 8.018364e-01	-1.541828e+00	-1.472725e-02	 1.976112e-01	-1.472725e-02	-6.829953e-01
 1.183414e+01	-3.491495e+00	-1.104080e-01	-3.616556e+00	 8.136833e-01	 1.607460e-01	 8.136833e-01	-1.394018e+00	-6.825147e-03	 1.607460e-01	-6.825147e-03	-6.846411e-01
 1.443466e+01	-4.666851e+00	 2.185203e+00	-3.583267e+00	 8.600974e-01	 5.127949e-02	 8.600974e-01	-1.308706e+00	 4.202591e-02	 5.127949e-02	 4.202591e-02	-7.308100e-01
 1.245908e+01	-3.431150e+00	 1.582737e+00	-3.454874e+00	 7.629410e-01	 8.501885e-02	 7.629410e-01	-1.218586e+00	 3.332504e-02	 8.501885e-02	 3.332504e-02	-7.239201e-01
 1.147244e+01	-2.175213e+00	 4.358457e-01	-3.335473e+00	 7.247494e-01	 1.105677e-01	 7.247494e-01	-1.194857e+00	 2.451344e-02	 1.105677e-01	 2.451344e-02	-7.153902e-01
 1.254473e+01	-1.276214e+00	-1.503753e+00	-3.317533e+00	 6.898639e-01	 1.533317e-01	 6.898639e-01	-1.177659e+00	 3.924165e-02	 1.533317e-01	 3.924165e-02	-7.518489e-01
 1.638921e+01	 1.976934e+00	-8.633249e+00	-3.319874e+00	 5.738886e-01	 3.391197e-01	 5.738886e-01	-1.182292e+00	 1.148008e-01	 3.391197e-01	 1.148008e-01	-9.571330e-01
 1.377033e+01	 1.884848e-01	-5.729103e+00	-3.226755e+00	 6.011024e-01	 2.762319e-01	 6.011024e-01	-1.126216e+00	 4.689633e-02	 2.762319e-01	 4.689633e-02	-8.342300e-01
 1.075286e+01	-1.289479e+00	-2.922734e+00	-3.098277e+00	 6.285492e-01	 2.052300e-01	 6.285492e-01	-1.091542e+00	 1.208704e-02	 2.052300e-01	 1.208704e-02	-7.401428e-01
 1.036874e+01	-1.577172e+00	-2.611522e+00	-2.961363e+00	 6.281808e-01	 1.843508e-01	 6.281808e-01	-1.080429e+00	 9.525132e-03	 1.843508e-01	 9.525132e-03	-7.313241e-01
 1.048414e+01	-1.969942e+00	-1.940791e+00	-2.916282e+00	 6.375360e-01	 1.617482e-01	 6.375360e-01	-1.067732e+00	-3.456688e-03	 1.617482e-01	-3.456688e-03	-7.063106e-01
 1.061380e+01	-2.136464e+00	-1.567113e+00	-2.900774e+00	 6.318689e-01	 1.420317e-01	 6.318689e-01	-1.054438e+00	-8.352625e-03	 1.420317e-01	-8.352625e-03	-6.886693e-01
 1.112299e+01	-2.182136e+00	-1.437804e+00	-2.854063e+00	 6.180857e-01	 1.128863e-01	 6.180857e-01	-1.050083e+00	-7.657050e-03	 1.128863e-01	-7.657050e-03	-6.754630e-01
 1.113281e+01	-1.939572e+00	-1.547465e+00	-2.813925e+00	 5.987640e-01	 9.901293e-02	 5.987640e-01	-1.048102e+00	-6.192164e-03	 9.901293e-02	-6.192164e-03	-6.757993e-01
 1.127604e+01	-1.936743e+00	-1.550839e+00	-2.834177e+00	 6.003657e-01	 8.870582e-02	 6.003657e-01	-1.046303e+00	-6.047593e-03	 8.870582e-02	-6.047593e-03	-6.743704e-01
 1.123680e+01	-1.970936e+00	-1.551204e+00	-2.839233e+00	 6.120303e-01	 7.975722e-02	 6.120303e-01	-1.051620e+00	-6.946790e-03	 7.975722e-02	-6.946790e-03	-6.740604e-01
 1.164814e+01	-2.109194e+00	-2.079586e+00	-2.850327e+00	 6.180652e-01	 8.304030e-02	 6.180652e-01	-1.051800e+00	-9.718663e-03	 8.304030e-02	-9.718663e-03	-6.955535e-01
 1.278210e+01	-2.556922e+00	-3.416848e+00	-2.872196e+00	 6.083862e-01	 1.057658e-01	 6.083862e-01	-1.035134e+00	-2.136591e-02	 1.057658e-01	-2.136591e-02	-7.483771e-01
 1.396246e+01	-3.090091e+00	-4.938686e+00	-2.876560e+00	 5.937967e-01	 1.292314e-01	 5.937967e-01	-1.014911e+00	-3.698304e-02	 1.292314e-01	-3.698304e-02	-8.098628e-01
 1.490161e+01	-3.443750e+00	-6.287346e+00	-2.907132e+00	 5.955865e-01	 1.442157e-01	 5.955865e-01	-1.008988e+00	-5.102114e-02	 1.442157e-01	-5.102114e-02	-8.679031e-01
 1.423524e+01	-3.155520e+00	-4.275143e+00	-2.961185e+00	 5.970294e-01	 9.592030e-02	 5.970294e-01	-1.006907e+00	-4.594937e-02	 9.592030e-02	-4.594937e-02	-8.069363e-01
 1.416712e+01	-2.813242e+00	-2.949431e+00	-3.042288e+00	 5.929389e-01	 5.324725e-02	 5.929389e-01	-1.010640e+00	-4.604974e-02	 5.324725e-02	-4.604974e-02	-7.813350e-01
 1.539759e+01	-2.614846e+00	-2.567080e+00	-3.190579e+00	 5.855506e-01	 1.942387e-02	 5.855506e-01	-1.019750e+00	-5.711666e-02	 1.942387e-02	-5.711666e-02	-7.960072e-01
 1.740579e+01	-2.447498e+00	-3.241942e+00	-3.364411e+00	 5.659458e-01	-1.466694e-02	 5.659458e-01	-1.032666e+00	-7.764223e-02	-1.466694e-02	-7.764223e-02	-8.563571e-01
 1.500501e+01	-2.813518e+00	-4.042318e+00	-3.242496e+00	 5.985115e-01	 2.092723e-02	 5.985115e-01	-1.053324e+00	-9.518202e-02	 2.092723e-02	-9.518202e-02	-8.727233e-01
 1.450185e+01	-3.064127e+00	-3.824183e+00	-3.247880e+00	 6.261226e-01	 3.293892e-02	 6.261226e-01	-1.076052e+00	-1.113254e-01	 3.293892e-02	-1.113254e-01	-8.778865e-01
 1.429135e+01	-2.390918e+00	-1.127309e+00	-3.308946e+00	 6.375171e-01	-5.105422e-03	 6.375171e-01	-1.091654e+00	-9.909797e-02	-5.105422e-03	-9.909797e-02	-8.168052e-01
 8.218010e+00	-2.339380e+00	-1.217032e+00	-2.955729e+00	 6.766657e-01	 9.082831e-02	 6.766657e-01	-1.100447e+00	-7.958498e-02	 9.082831e-02	-7.958498e-02	-7.459683e-01
 6.884785e+00	-2.234138e+00	-4.228562e-01	-2.879315e+00	 6.787609e-01	 1.045840e-01	 6.787609e-01	-1.110057e+00	-6.867679e-02	 1.045840e-01	-6.867679e-02	-6.959963e-01
 6.202397e+00	-2.158007e+00	-2.175008e-01	-2.854137e+00	 7.168592e-01	 1.126960e-01	 7.168592e-01	-1.140537e+00	-6.177217e-02	 1.126960e-01	-6.177217e-02	-6.735262e-01
 4.307414e+00	-8.749686e-01	-3.408179e-01	-2.900501e+00	 8.384543e-01	 1.101202e-01	 8.384543e-01	-1.256830e+00	-4.809772e-02	 1.101202e-01	-4.809772e-02	-6.639431e-01
-1.023708e+01	 1.499663e+01	-2.308635e+00	-3.666383e+00	 1.749516e+00	 1.766155e-02	 1.749516e+00	-2.299524e+00	 6.099442e-02	 1.766155e-02	 6.099442e-02	-6.706290e-01
 1.732388e+01	-1.849893e+01	-1.806294e+00	-3.823920e+00	 1.841742e+00	 1.330243e-01	 1.841742e+00	-2.779501e+00	-3.604274e-02	 1.330243e-01	-3.604274e-02	-6.725067e-01
 2.110379e+01	-1.443862e+01	-2.833821e+00	-4.089447e+00	 1.925931e+00	 2.042544e-01	 1.925931e+00	-2.425714e+00	-8.925382e-02	 2.042544e-01	-8.925382e-02	-6.833472e-01
 1.082344e+01	 5.870933e+00	-5.047253e+00	-3.737876e+00	 1.635233e+00	 1.457841e-01	 1.635233e+00	-2.428808e+00	 7.569338e-02	 1.457841e-01	 7.569338e-02	-7.114523e-01
 2.353410e+01	-2.174139e+01	-2.127883e+00	-4.013185e+00	 1.912647e+00	 2.600862e-01	 1.912647e+00	-2.547789e+00	-1.286569e-01	 2.600862e-01	-1.286569e-01	-6.950333e-01
 1.518037e+01	-1.015464e+01	-1.207115e+00	-3.644274e+00	 1.398686e+00	 2.381101e-01	 1.398686e+00	-1.697290e+00	-1.127953e-01	 2.381101e-01	-1.127953e-01	-6.871828e-01
 0.000000e+00	 0.000000e+00	 0.000000e+00	 0.000000e+00	 0.000000e+00	 0.000000e+00	 0.000000e+00	 0.000000e+00	 0.000000e+00	 0.000000e+00	 0.000000e+00	 0.000000e+00
