0 0 0 -10.5 0 0 0 -10.5 0 0 0 -10.5
1.65083737425817 -0.308086105658855 0.265630028775742 -9.0649842844029 0.0217211156128467 0.141925052861005 0.0217211156128468 -9.70088905640969 0.351958683428469 0.141925052861005 0.351958683428469 -9.16882531278619
2.91893796301757 -0.64074268706363 0.168342757574668 -7.98175477524924 -0.0517857527918812 0.112716272846835 -0.0517857527918812 -9.04910197609471 0.516348399528501 0.112716272846835 0.516348399528501 -8.61383105080662
3.78834288746676 -0.690845137872212 0.307554106904718 -7.32286101087318 0.0716834126426152 0.384660033358794 0.0716834126426152 -8.57761613414166 0.627400709818552 0.384660033358794 0.627400709818552 -8.11591260467878
4.64593402523635 -0.71393398210634 0.407453510345433 -6.76726100525854 0.146247050431482 0.488971454191866 0.146247050431482 -8.28414639980186 0.659965017307127 0.488971454191866 0.659965017307127 -7.77724430139458
5.63276997385546 -0.818564292156529 0.397759272392636 -6.22408165334859 0.21646036713704 0.443718595979164 0.21646036713704 -7.8505321533666 0.496126765725461 0.443718595979164 0.496126765725461 -7.12133543808542
6.6470487661231 -0.961066889846829 0.193846379999616 -5.88702239182126 0.227114803057992 0.326345693676354 0.227114803057992 -7.63811625502222 0.432918738371879 0.326345693676354 0.432918738371879 -6.7960587862937
7.64631670986418 -1.24842185088924 0.0425751845307377 -5.66491831653019 0.223976058659994 0.3154155701331 0.223976058659994 -7.13089808874647 0.415852139024389 0.3154155701331 0.415852139024389 -6.53958365246669
8.83274128476049 -1.44104754556718 -0.141869441227672 -5.44537938168899 0.229905900486851 0.296059692028122 0.229905900486851 -6.75774768806807 0.360233710522685 0.296059692028123 0.360233710522685 -6.22224070345613
10.2828795877989 -1.45003904588807 0.0287504020227592 -5.25222397814758 0.293801864215631 0.326925756249633 0.293801864215631 -6.55116279375742 0.409882713044625 0.326925756249633 0.409882713044625 -5.75258084065021
11.4600574739663 -1.41862471586127 -0.0554031870122144 -5.15409703932372 0.327378927148216 0.27076706262282 0.327378927148216 -6.39932615731302 0.441892020820795 0.27076706262282 0.441892020820795 -5.58840330767727
12.5847292675242 -1.68964895514962 -0.690749449058926 -5.08996867383423 0.34820471689925 0.156156379679413 0.34820471689925 -6.12955004030975 0.312436259282341 0.156156379679414 0.312436259282341 -5.32749910812107
14.2737764199314 -2.26797055732687 0.437452720536412 -5.04484601441675 0.361391500670606 0.248391416543102 0.361391500670606 -6.03523240233329 0.298299064269988 0.248391416543102 0.298299064269988 -4.66365929818011
15.5169843277 -2.8786893799089 1.38413923262858 -5.08068555264367 0.362481601189536 0.304648460513975 0.362481601189536 -6.02129974785231 0.250577217565852 0.304648460513976 0.250577217565852 -4.35775066885957
16.6199911594542 -3.55663376430252 1.33918688216356 -5.15109273049084 0.363970658867827 0.283434829660318 0.363970658867826 -6.14795565623698 0.204629534040286 0.283434829660319 0.204629534040286 -4.23279942143321
17.845509418291 -4.18141420996942 0.846275020228832 -5.25114847460205 0.38604439384874 0.256516504520122 0.386044393848739 -6.32449032303772 0.116285874993181 0.256516504520123 0.116285874993181 -4.08621355235501
19.2237111539156 -4.5293611872188 0.157523672191146 -5.38540047394102 0.346833517717797 0.245740627666274 0.346833517717796 -6.38500548236934 -0.096681006027942 0.245740627666274 -0.0966810060279418 -3.86697891240332
20.2751847435081 -4.46876421329924 0.0644079084030324 -5.56865947284179 0.384081815583205 0.234535334674806 0.384081815583205 -6.17724743920686 -0.0803834906693267 0.234535334674806 -0.0803834906693265 -3.65280061028819
21.3303529256615 -4.32190387127809 0.723789638741978 -5.84480747146815 0.408675538229972 0.177931509049475 0.408675538229972 -6.12577233093983 -0.173569568817461 0.177931509049476 -0.173569568817461 -3.53775845294561
22.4215542624566 -4.59493865298416 2.19679316394908 -6.28505973201962 0.361084973349064 0.0878572888864186 0.361084973349063 -5.85590225493039 0.0264438102125944 0.0878572888864189 0.0264438102125946 -3.32921184587223
23.6857681658415 -8.3717201687177 2.58400124560244 -6.97158164366524 0.397350681227253 0.00273606452733888 0.397350681227253 -6.06414041835328 0.143361973845578 0.00273606452733914 0.143361973845578 -3.22866572366822
28.6564386968268 -3.14775110729138 3.25804257896451 -7.35905528657796 0.621489424144237 -0.0509546978644617 0.621489424144237 -4.78906118268117 0.279981176749643 -0.0509546978644615 0.279981176749643 -3.20230858366204
30.649047390842 -1.77742877538269 1.63267112581028 -7.45714812627815 0.603122930895754 0.143949535646624 0.603122930895753 -4.34497705517392 0.334149337175383 0.143949535646624 0.334149337175383 -3.10298694739446
30.7837175418703 -2.64793571603277 -0.714290805673224 -7.49350247389046 0.616716867191308 0.385551603790996 0.616716867191307 -4.22475120875725 0.397565954411132 0.385551603790996 0.397565954411132 -3.02776500461051
29.6372604026676 -3.22327519418692 -2.98504324762184 -7.51107927647313 0.552449402148017 0.554007265884934 0.552449402148017 -4.28494551768639 0.37590593383787 0.554007265884934 0.37590593383787 -2.9860427750514
31.4217670147021 -3.44350171754813 -5.45576163236485 -7.99012981238074 0.351917775355011 0.638090568540469 0.351917775355011 -4.74371018540206 0.416659390936533 0.638090568540469 0.416659390936533 -3.08162691557205
33.2076072386607 -5.42381438064315 -4.6323831171316 -7.58343891676207 0.552138311142644 0.416904923627468 0.552138311142643 -4.16916228823349 0.0805080507665075 0.416904923627468 0.0805080507665077 -2.89255787074213
33.6282177243668 -4.50709738410044 -4.03897682477769 -7.48103429349737 0.709399231961886 0.269332218875289 0.709399231961885 -3.98369630085913 0.13760879815331 0.269332218875289 0.13760879815331 -2.79347300905907
37.843667227766 -0.959432088982236 -3.88921042824541 -7.82845368039953 0.783332438776433 -0.0153568304814053 0.783332438776432 -3.95453708693364 0.349891288126253 -0.015356830481405 0.349891288126254 -2.96141547606505
42.8450819023005 -0.696762808881305 -4.06650857327913 -8.41454390847815 1.12733791436901 -0.386794116337895 1.12733791436901 -4.30336286183483 0.753753178049409 -0.386794116337895 0.753753178049409 -3.46423406726211
39.5594159448141 -4.16559182280835 -0.421949680338152 -8.60832979015584 1.55077567270364 -0.792285624252303 1.55077567270364 -4.18977271569853 0.872029665810999 -0.792285624252303 0.872029665811 -3.71366855856099
28.9667533163488 3.01729575751657 -8.74092626191082 -10.4809722688699 1.85671284866599 -1.69978840699349 1.85671284866599 -4.09193996028459 1.08057222294791 -1.69978840699349 1.08057222294792 -3.74698971352699
40.7834736010033 -0.958847800811824 -5.91480590193989 -10.5634264312081 1.92114985549138 -1.45030246713174 1.92114985549138 -3.99239291965726 0.730545587877826 -1.45030246713174 0.730545587877826 -3.50609692995864
27.7929467615535 -8.0254102188187 -10.4158624655021 -8.8236556305236 2.16889195698471 -0.581470118221973 2.16889195698471 -4.23626885148898 0.812367276123756 -0.581470118221972 0.812367276123756 -3.50236033496022
9.80763723789361 3.79032109763017 -16.5058630766596 -8.38726861774941 1.92723157260532 -1.44732480992593 1.92723157260532 -3.38191346588492 1.02636317622475 -1.44732480992593 1.02636317622475 -3.37471037909282
28.0060203176331 0.672160143482915 -4.8111743475458 -7.59245434068166 1.31940308595601 -0.760688181884152 1.31940308595601 -2.98485764164978 0.593007732216283 -0.760688181884152 0.593007732216283 -2.50813374142687
32.3033008678814 11.7262359967872 -23.1920661183121 -9.1339247883055 1.49066971322423 -1.44766676090093 1.49066971322423 -3.21245534924376 1.00209129736996 -1.44766676090093 1.00209129736996 -3.12951232443864
13.2972770758761 9.6868350615792 -39.1795223764993 -7.83832555178817 1.70796893313078 -1.71479122022315 1.70796893313078 -3.30322345666407 1.1741905680229 -1.71479122022315 1.1741905680229 -3.71254143108864
-39.8113989159654 62.0991899925382 -130.062594611056 -11.7275257517701 4.45318100588571 -6.13909738649094 4.45318100588571 -6.54488760799371 5.05236319319548 -6.13909738649094 5.05236319319548 -9.7919567565704
45.2754987932999 -4.52546472738065 30.3425291224625 -8.67086106419441 0.715941846138135 -1.874475345265 0.715941846138134 -3.6424419898221 0.814548766294645 -1.87447534526499 0.814548766294645 -8.34221374710239
29.7882588341255 -9.21210079524084 4.95775715652015 -7.34482644354449 1.22268972590625 0.0467726125183703 1.22268972590625 -5.70573071555617 3.25985291571508 0.0467726125183707 3.25985291571508 -9.89932972370164
23.6506466298528 -8.56696734707893 -1.04703659309552 -7.20954816369647 2.43232772800156 -0.176030035655663 2.43232772800156 -3.88323620738661 0.30495881806147 -0.176030035655662 0.30495881806147 -1.36748606260201
27.8488846693171 -9.42686863805401 -3.78637301544999 -7.5748374502772 2.717933999255 -0.190463028321412 2.717933999255 -4.24464685953548 0.306148895721024 -0.190463028321411 0.306148895721024 -1.27064013644526
40.9631701708377 -20.6404159878814 -6.30536732855496 -7.10667729629687 2.98853980566768 0.263007086953592 2.98853980566768 -5.40574650791953 0.0883241953682711 0.263007086953592 0.0883241953682711 -1.27480933501873
47.007598769843 -32.8418980884847 -6.81842034910721 -8.29936804692455 4.37934261233491 0.279783198976116 4.3793426123349 -6.94758577991773 -0.147548841064052 0.279783198976116 -0.147548841064052 -1.23457149418262
33.7899623093428 -18.0234373948278 -3.83355407284326 -6.51752661817422 2.76594299164018 0.191000351858452 2.76594299164018 -4.65646888857025 -0.103487853485958 0.191000351858452 -0.103487853485957 -1.15595271027651
26.7132447486852 -8.38511535133013 -1.92221842855333 -6.71130645996102 2.33703668213954 0.107614845734449 2.33703668213954 -3.6980079884505 -0.0302433893488894 0.107614845734449 -0.0302433893488893 -1.19100894630917
25.5246951298969 -3.79133923856183 -1.58404024754316 -7.04650933027453 2.19859183951553 0.0923462112896241 2.19859183951553 -3.38914407223082 0.109848188088496 0.0923462112896248 0.109848188088496 -1.3108299132263
33.3700309214496 -3.93383876061227 -3.07922646970585 -7.99248028001604 2.27246623689779 0.0915500919490393 2.27246623689778 -3.56199355295507 0.330986286682919 0.0915500919490399 0.330986286682919 -1.60083036934695
38.6299020966909 -6.82160720802969 -3.80226772619402 -9.09721688203419 2.58898807327865 0.0482671617510052 2.58898807327865 -3.85735813794525 0.477448589469329 0.0482671617510057 0.477448589469329 -1.88511411533977
42.5443335291918 -14.6255561733754 -1.83859613505691 -8.73226124301179 2.61103693163346 -0.032859262113259 2.61103693163346 -3.65470826567299 -0.00818037727457289 -0.0328592621132583 -0.00818037727457299 -1.74711766867975
88.8973338016968 -41.8422839041074 -30.9544953094173 -10.6884547396107 3.88098954934928 1.97288944721297 3.88098954934928 -3.90494106842407 -1.08891856121157 1.97288944721297 -1.08891856121157 -2.19268094718738
35.8572042727799 -14.0407155190799 -5.5778693260106 -6.0908354274629 1.80617552571774 0.296267017334451 1.80617552571773 -3.04609086659455 -0.304359186624927 0.296267017334452 -0.304359186624927 -1.17254717216883
27.238817084975 -7.83589565807897 -1.41341948082359 -7.04958800980998 1.55896452661533 0.715145492247496 1.55896452661533 -2.93563195992337 -0.317120092225957 0.715145492247497 -0.317120092225957 -1.25125139733522
32.5055451678745 -11.3451174490802 -3.88278420175308 -7.82466066395486 1.39711509935763 0.966312641300296 1.39711509935762 -2.85610554386478 -0.219411436597628 0.966312641300297 -0.219411436597628 -1.27141854587816
40.6113904468363 -14.3572623104255 -8.73265570475707 -7.06781824093128 1.54352299239449 0.799346453422152 1.54352299239449 -3.04138298094789 -0.256251899378414 0.799346453422153 -0.256251899378414 -1.23820254689369
29.8178025163869 -14.2840086093012 -6.39795445229085 -6.7682120088607 1.41086877655493 0.759127773834745 1.41086877655493 -3.03772366554924 -0.185237392024353 0.759127773834746 -0.185237392024353 -1.17374722417657
25.0795087756581 -12.8912772911414 -4.57294723057479 -5.54299095635236 1.5447645336757 0.488821811308869 1.5447645336757 -2.95054698450511 -0.186719322473892 0.488821811308871 -0.186719322473892 -1.0439717060703
19.8365076132905 -12.203574125924 -2.23382392477285 -5.95084134025979 1.44244823942494 0.757192436081178 1.44244823942494 -2.84218870941379 -0.0841028662129174 0.757192436081179 -0.0841028662129173 -1.14661059853807
20.6943348687937 -9.67940593784414 -3.40491002727284 -4.99991328977172 1.51062663035537 0.48241298718639 1.51062663035537 -2.49347289411258 -0.0768872010904651 0.482412987186391 -0.0768872010904651 -1.08827001506945
20.2515098704391 -10.0729839288524 -2.79298523176005 -5.25623404005003 1.59932161944977 0.580679104096514 1.59932161944976 -2.48019937253797 -0.0807562001473485 0.580679104096515 -0.0807562001473485 -1.16556390129292
21.8710625074871 -9.15289616909717 -4.11197603564939 -4.8122027814106 1.61059877886947 0.241523553212016 1.61059877886946 -2.41712134085735 -0.0698004789894036 0.241523553212017 -0.0698004789894035 -1.01293909126408
21.4512328099138 -7.80834550662502 -4.19455625929168 -4.81110953226822 1.58019034800146 0.112817997388569 1.58019034800146 -2.32752164645764 -0.0235457440649089 0.112817997388571 -0.0235457440649088 -1.01369331747588
21.4706812820138 -7.22707635255079 -4.35798748592222 -4.98014927158929 1.64405555052824 -0.00329160739698636 1.64405555052823 -2.31259301223458 0.0155926308855148 -0.00329160739698529 0.015592630885515 -1.0617290373889
22.2548273457195 -7.56602872232238 -3.87708437534522 -5.40383006047928 1.83335709018288 -0.149437423058135 1.83335709018288 -2.39793655345599 0.0584098683741772 -0.149437423058134 0.0584098683741773 -1.09577150095776
24.9276491036706 -9.32761542081659 -3.53815704738746 -6.11592848563552 2.23269933178498 -0.342580845344698 2.23269933178498 -2.66687163486642 0.121029870427291 -0.342580845344697 0.121029870427291 -1.17059167065127
33.0414240058959 -12.0143302861315 -2.02307781855586 -6.48494748168223 2.4462647350357 -0.556769620228817 2.44626473503569 -2.90980913888512 0.219752394155464 -0.556769620228816 0.219752394155464 -1.29325466137851
21.1084373300188 4.04473965526498 -12.5339180623134 -9.09421020089917 4.85064877729079 -2.31215722680953 4.85064877729079 -5.25124138156472 1.84358904030499 -2.31215722680953 1.84358904030499 -2.47633400350361
23.0507968860711 -5.47564088681337 -3.87786808595287 -6.10253838473162 2.63645648766452 -0.99982241169863 2.63645648766452 -3.26726315753195 0.741400210939804 -0.999822411698629 0.741400210939804 -1.68322817044596
32.19963157006 -16.4705730337955 11.6977158233347 -6.33327151707186 3.23670645029815 -1.76156328897241 3.23670645029815 -4.0621159126527 1.47086625497068 -1.76156328897241 1.47086625497068 -3.0636853720872
20.8968683405887 -12.5298050191661 -17.291754798804 -5.00712025166637 1.85793780661729 -0.835126248478762 1.85793780661728 -2.70540642724591 0.405962617651657 -0.83512624847876 0.405962617651657 -3.87736165531562
27.1385519924368 -12.4076110953173 7.83613445514349 -5.09288909104793 1.69347257195627 -0.734793311364714 1.69347257195627 -2.48925908230607 0.165365101452741 -0.734793311364712 0.165365101452741 -2.57755086959156
35.4201659059379 -6.16765301859183 24.673876647195 -5.37622656784577 1.32977878099879 -1.22943041230976 1.32977878099879 -2.25564946847016 -0.329910023531249 -1.22943041230976 -0.329910023531249 -3.52404107072945
33.1068660201079 -4.97418321157214 9.57657683402253 -5.63143485484456 1.12899577459495 -0.931198638396901 1.12899577459495 -2.2941826514131 -0.568236457886194 -0.931198638396899 -0.568236457886194 -2.67634673880131
28.8273317031225 4.29705915989292 7.88538476389295 -6.54027747380001 1.08967716857201 -1.64423384041631 1.08967716857201 -2.5184100036046 -0.220488542800421 -1.64423384041631 -0.220488542800421 -3.23082176797036
21.4428613607454 3.98320384950179 2.68891606785328 -6.54148452423118 1.5115792363962 -1.68390756204124 1.51157923639619 -2.75766667326589 -0.0134093534842575 -1.68390756204124 -0.0134093534842574 -3.15647436791497
27.7894343793382 -17.7355427189972 -7.31588382568354 -7.35113473987087 3.20840966073706 -1.20866186584629 3.20840966073706 -4.29796783377796 0.272310698929669 -1.20866186584629 0.272310698929669 -2.35926344161753
25.4553325553031 -20.7481871155498 -4.65625510414422 -5.7895895802043 2.74733352865856 -0.0610436541529289 2.74733352865855 -3.74103525780884 0.000777203635319121 -0.0610436541529259 0.000777203635319167 -1.3690927495283
17.477160375577 -10.6853914037794 -1.37011457460562 -5.04081601059906 1.82043313269958 0.163008940959184 1.82043313269957 -2.55147940744491 -0.125888600733915 0.163008940959187 -0.125888600733915 -1.04906818181808
16.688098646412 -8.69896178887936 -0.942686400630031 -4.93994641407938 1.72307387360267 0.20887209865911 1.72307387360266 -2.37160965330606 -0.172925165567582 0.208872098659113 -0.172925165567581 -0.949356496789943
17.5020538946205 -9.52180029881956 -1.32273860066482 -4.91846528899422 1.76588093476033 0.196163650110583 1.76588093476033 -2.41804942559304 -0.160665432550875 0.196163650110586 -0.160665432550874 -0.88942074449251
17.347038629336 -9.29361296677818 -1.48308804899169 -4.89791765944782 1.69740117319862 0.167069539326561 1.69740117319861 -2.3590206441277 -0.157102125064657 0.167069539326564 -0.157102125064657 -0.869048913545736
18.2959234586445 -9.642074011428 -1.48143351165195 -4.92713041152343 1.70333438572105 0.168970388854291 1.70333438572104 -2.36518700829274 -0.158026752200308 0.168970388854294 -0.158026752200308 -0.843794753646355
18.6440755296134 -8.85044791654543 -1.42171755805265 -4.91017587613484 1.62633682179898 0.181312806013525 1.62633682179897 -2.27128459964053 -0.148648382812122 0.181312806013527 -0.148648382812122 -0.815634211091515
18.8579058087116 -7.43105840994505 -1.23767863293523 -4.84075812344035 1.46829423578417 0.188248201138298 1.46829423578417 -2.13546226431797 -0.142021647840324 0.188248201138301 -0.142021647840324 -0.795120538199401
19.0166274359482 -5.23148240559818 -0.933710434972306 -4.73435234280333 1.27339084546642 0.21154173514087 1.27339084546641 -2.04096133455069 -0.155915549111095 0.211541735140873 -0.155915549111095 -0.794280095657709
19.4446186182064 -1.65244476136838 -0.388306792046098 -4.73163202173331 1.00293050191138 0.226681902778114 1.00293050191138 -2.00999169223357 -0.199730724203899 0.226681902778116 -0.199730724203899 -0.81869323574812
19.7028458531337 0.999360827522305 0.413983480939124 -4.78752145855253 0.879804602769736 0.220078221777992 0.879804602769732 -2.14913037708264 -0.280433970182178 0.220078221777995 -0.280433970182178 -0.854976120376171
16.9987833348555 -0.896595826503138 -0.0396407022473405 -4.61433162881 0.933547594937599 0.199533373070463 0.933547594937595 -1.93589076571136 -0.212636930510774 0.199533373070466 -0.212636930510774 -0.812205787891059
15.450456808081 -4.05880023947059 -1.02489793510158 -4.66801974250551 1.02764248651005 0.192181245738261 1.02764248651004 -1.65712680828397 -0.105074867033329 0.192181245738264 -0.105074867033329 -0.753925416215017
15.5752208754716 -4.88248434743008 -0.933225321600416 -4.76631044260659 1.07528092109323 0.167595326839536 1.07528092109323 -1.62652286609898 -0.0865571939861554 0.167595326839538 -0.0865571939861553 -0.738505262222322
17.1312892494206 -4.94951226305428 -0.557946684455401 -4.69696938759725 1.05888099965404 0.147350238902665 1.05888099965404 -1.60005110088859 -0.0729149857631913 0.147350238902668 -0.0729149857631912 -0.728629277161133
18.5052492797801 -4.89023005999753 -0.184207590127166 -4.74683918811797 1.03263371112212 0.109945156388256 1.03263371112212 -1.58366527371686 -0.064355915879232 0.109945156388258 -0.0643559158792319 -0.728454108552971
19.1547942821905 -5.07587486251278 0.0875376833191683 -4.86226271765257 1.03304821877755 0.077200906523261 1.03304821877755 -1.56550165166451 -0.0552433487776909 0.0772009065232638 -0.0552433487776909 -0.731301342172655
19.4712458554729 -5.1901911271029 0.356530549053461 -4.99371851434617 1.04366073223374 0.0517912571673627 1.04366073223374 -1.5625491123997 -0.0504176018775072 0.0517912571673656 -0.0504176018775072 -0.737308042711616
21.1452384060457 -5.33203833465353 0.738682047073778 -5.34491368772479 1.06646312580412 0.0239608694817436 1.06646312580412 -1.56902818264501 -0.049447433077087 0.0239608694817464 -0.0494474330770869 -0.751285358243968
22.4859475399957 -5.44240041451996 1.27121981661235 -5.80786970242155 1.10747351281185 -0.00310303689936319 1.10747351281185 -1.58636771021789 -0.0559789625945759 -0.00310303689936054 -0.0559789625945758 -0.773868599717016
24.7393696824569 -5.61064255970593 1.87369189071232 -5.82984248758569 1.09393843496949 -0.0405183072704776 1.09393843496949 -1.60232545565757 -0.0661390951994492 -0.0405183072704749 -0.0661390951994492 -0.798890118260169
23.2376067675408 -5.87024612540848 1.22089226743784 -5.6822485660786 1.07730254206612 -0.0130414861750075 1.07730254206611 -1.61352822492733 -0.0590781588958357 -0.0130414861750047 -0.0590781588958358 -0.778943665082077
16.1839011998686 -6.00213709983553 -0.0343131097297936 -5.04695414451114 1.07743754369017 0.0863975876257632 1.07743754369017 -1.63447525041839 -0.055816854269566 0.0863975876257659 -0.0558168542695659 -0.756356663697986
15.1796239606358 -6.2012914409282 -0.629797604987072 -4.89870280738915 1.11580049354419 0.12459647142271 1.11580049354419 -1.67574918797383 -0.0544262781627622 0.124596471422713 -0.0544262781627622 -0.760189465186556
17.6950035374364 -6.42111844564394 -1.16989058086489 -4.89736147862611 1.17469260863265 0.145164168036749 1.17469260863264 -1.75248527224062 -0.0553788744568588 0.145164168036752 -0.0553788744568587 -0.789438678087334
20.7692277956012 -6.10559423645423 -2.23187077300502 -5.05943488524211 1.22447237800887 0.175477094055664 1.22447237800886 -1.85401574172417 -0.0559632905636687 0.175477094055667 -0.0559632905636686 -0.878547082340121
27.3805818438125 -2.99593962786869 1.30408594310536 -5.43283991103083 1.17303910110589 0.0136199641109644 1.17303910110588 -2.09339646034912 -0.19309767718667 0.0136199641109668 -0.19309767718667 -1.09241062753219
28.4667038977655 -5.82222809895214 1.99214359430566 -5.97006303251367 1.57556732326179 0.0291158763846295 1.57556732326179 -2.64980928574901 -0.323224033615599 0.0291158763846322 -0.3232240336156 -1.17734545314422
25.7415715319191 -12.1422700432837 -10.4568973077527 -5.98901247912669 2.01695542481043 0.102198931170153 2.01695542481043 -3.0323412661891 -0.274976473006305 0.102198931170155 -0.274976473006305 -1.58622586406838
14.4596472291249 -10.9953355450332 -8.91027895241771 -5.67899595785468 1.59172285546833 -0.0145098949926217 1.59172285546833 -2.37419058920414 -0.200128806476654 -0.0145098949926193 -0.200128806476654 -1.40457665220459
15.3945671708867 -9.13469776448656 -4.88695500142541 -5.36987358094014 1.45657073762375 -0.125663151122513 1.45657073762375 -2.17181255293276 -0.194185998842759 -0.125663151122511 -0.194185998842759 -1.26272320798088
20.1222957122636 -10.6952580347699 -1.94325338839348 -4.84237112038427 1.49056082500043 0.154953132486695 1.49056082500042 -2.10865485554641 -0.195077049232132 0.154953132486697 -0.195077049232132 -0.919395414455631
18.4152063201358 -9.68550775503255 -2.58582266849392 -4.59191814862434 1.29871014643919 0.222618446921021 1.29871014643919 -1.87244337088038 -0.196476413519114 0.222618446921024 -0.196476413519114 -0.897526600296129
19.6985915329862 -7.89448818380063 -1.0712355120156 -4.51969666895912 1.14222303656356 0.21751487565957 1.14222303656356 -1.69465581362956 -0.16188365280395 0.217514875659573 -0.16188365280395 -0.811123581153349
21.0966243432019 -6.93068393776169 -0.277177545510804 -4.58814183552477 1.05279893337213 0.193342454812209 1.05279893337212 -1.60841268327063 -0.1440965252861 0.193342454812212 -0.1440965252861 -0.774501213228953
20.2104697387675 -6.25775573017733 0.144540036770854 -4.65473167835391 1.02544098547117 0.192058411484227 1.02544098547117 -1.55100056491035 -0.129180381997495 0.19205841148423 -0.129180381997495 -0.752570050491311
20.6384351677009 -6.78442176298716 0.431262812732505 -4.63450118462114 1.08046006734534 0.16524576264526 1.08046006734534 -1.53180539325651 -0.124611076242372 0.165245762645263 -0.124611076242372 -0.749518965385107
15.9584654972242 -6.64360822650186 0.0018129294656074 -3.85372728085497 1.01252908612397 0.151626192142125 1.01252908612397 -1.50918370072362 -0.128019901865342 0.151626192142128 -0.128019901865342 -0.743146799856116
12.4014510229117 -6.78451484494032 -0.697614923533353 -3.40194031627073 0.985351363414799 0.169213186238759 0.985351363414795 -1.5532674292868 -0.152486272414427 0.169213186238762 -0.152486272414427 -0.73926598878631
11.7362659445404 -7.31122729186854 -1.16269396366294 -3.25875296975106 0.98661611817769 0.169677770283223 0.986616118177687 -1.60281918034497 -0.174080258182913 0.169677770283226 -0.174080258182913 -0.740513990775314
11.3679097232881 -6.58635759672075 -1.05385379269902 -3.21365555150578 0.94585352309826 0.160100897141247 0.945853523098257 -1.53471671615465 -0.160117884004286 0.16010089714125 -0.160117884004286 -0.732437351978095
10.5618502480443 -4.15989485500635 -0.275393143562083 -3.19163323858652 0.841638836537874 0.122224734552876 0.841638836537871 -1.3207289229972 -0.0920363412302558 0.122224734552878 -0.0920363412302559 -0.708697672765097
10.5278603899424 -3.24489414859028 -0.00492424837286062 -3.22821377257204 0.801253810561618 0.101779262119723 0.801253810561615 -1.24410790735157 -0.069140634386457 0.101779262119725 -0.0691406343864571 -0.701004433201047
10.7123270439473 -3.0375363856696 -0.0147617135115083 -3.28508305453967 0.788475177186845 0.0871644857115915 0.788475177186841 -1.21774748482429 -0.0586037197581669 0.087164485711594 -0.0586037197581669 -0.694180480510921
10.5175520461919 -2.83894261273095 -0.186923078614106 -3.30819905118752 0.757767633431376 0.0770455121212669 0.757767633431373 -1.1777392081658 -0.0498170285409884 0.0770455121212694 -0.0498170285409885 -0.687608580537011
10.3748731972404 -2.74582139563596 -0.378741320907201 -3.35358134685332 0.739127353974382 0.0650218281532619 0.739127353974379 -1.15573773099679 -0.0448205578863171 0.0650218281532644 -0.0448205578863172 -0.684132401198182
10.146298279436 -2.78564806952683 -0.512306598375878 -3.42067486147176 0.742104606617953 0.0464723699832078 0.74210460661795 -1.15220754013053 -0.0426319132031516 0.0464723699832102 -0.0426319132031517 -0.683918369550993
10.3214313020477 -2.84468452984686 -0.568446938164805 -3.56884083536074 0.759869981235443 0.0263907299075771 0.75986998123544 -1.15835244759193 -0.042339141902671 0.0263907299075795 -0.042339141902671 -0.686586324115108
10.8340837152651 -2.96183704769699 -0.68568327452714 -3.55096901508565 0.776147351941097 0.0329002688781209 0.776147351941093 -1.1678373873059 -0.0399638988473833 0.0329002688781235 -0.0399638988473833 -0.682478254597542
11.5748006316488 -2.96360403097437 -0.791061082988686 -3.60960457756661 0.791244040221506 0.0305485943789272 0.791244040221503 -1.17839884255104 -0.0363403269871544 0.0305485943789296 -0.0363403269871545 -0.680317956437926
12.9048202476873 -2.86520391793224 -0.913959901639419 -3.7931886222313 0.805936748053974 0.0266771255555257 0.80593674805397 -1.19702568659128 -0.0334201880326129 0.0266771255555281 -0.0334201880326129 -0.679459958177093
16.3326201849477 -2.24090523715045 -1.04990117876175 -4.16975268082107 0.790835008208793 0.0295920369864538 0.790835008208789 -1.23050028273552 -0.0303694523338864 0.0295920369864562 -0.0303694523338865 -0.678561646177029
19.0707976231368 -1.91888210038743 -1.16894553017309 -4.51006883034566 0.752571064881348 0.0434555382126548 0.752571064881344 -1.23232264839917 -0.0353812564509848 0.0434555382126572 -0.0353812564509849 -0.675895307826245
16.5319936939155 -2.87324411589203 -1.26624195183124 -4.45171433635657 0.820450892334231 0.0549970103382402 0.820450892334227 -1.21506391513398 -0.0407757124273817 0.0549970103382427 -0.0407757124273817 -0.675278169183762
14.139820759102 -3.63453105639013 -1.16138076705531 -4.20533096970526 0.863939420935346 0.0591768798699725 0.863939420935343 -1.19108216276343 -0.0458276190590385 0.059176879869975 -0.0458276190590386 -0.674291816063644
14.8303620443083 -3.88938282759508 -1.10830536971183 -4.03982745111911 0.853233065155624 0.0779307073819535 0.85323306515562 -1.16667310521794 -0.0496012543682406 0.077930707381956 -0.0496012543682407 -0.674709908856319
16.1653512128636 -3.91245781468997 -1.10472278126028 -3.95869014325898 0.826712960355279 0.0962159031085332 0.826712960355276 -1.1469072457415 -0.0530142922310295 0.0962159031085356 -0.0530142922310295 -0.67677475750386
16.7384764417509 -3.69701833634099 -1.05497480053932 -4.07257860579904 0.822633968354002 0.0995282532814374 0.822633968353998 -1.14404065236959 -0.0547895397639142 0.0995282532814397 -0.0547895397639143 -0.678124913371545
17.6409586215303 -3.44427525935161 -0.998657697045665 -4.21326657495973 0.816898766753947 0.102586553907723 0.816898766753943 -1.14435747594116 -0.0559772508094375 0.102586553907725 -0.0559772508094376 -0.679785128037865
19.7673100033286 -2.95844229993818 -0.793196985045517 -4.44658556652547 0.794498980063242 0.095811018662795 0.794498980063238 -1.14564492165789 -0.0592629630473288 0.0958110186627974 -0.0592629630473288 -0.683259179066972
25.3790094827959 -1.2000232954307 -0.0696224955760848 -4.66270041096623 0.671885083348253 0.0454806932499023 0.67188508334825 -1.14932523922352 -0.0586874783196445 0.0454806932499047 -0.0586874783196445 -0.681042521039857
21.2615138348638 -0.50109810567607 0.0255036364544441 -4.49354775321883 0.627653934198636 0.0356939019049437 0.627653934198633 -1.15830382557761 -0.0568639698029435 0.0356939019049462 -0.0568639698029436 -0.678026631879688
16.9946104903086 -0.623019422303503 -0.0310762969530256 -5.0073796985211 0.664745159895789 0.0388636300158486 0.664745159895785 -1.16295014835405 -0.0517654334303712 0.038863630015851 -0.0517654334303713 -0.675253267120724
22.5406192551668 -0.780132711761066 0.404402435613193 -4.91520149444879 0.625606785358075 0.0129028167829309 0.625606785358071 -1.16199531170539 -0.0520801710073075 0.0129028167829333 -0.0520801710073076 -0.676380154065894
17.9547251175715 -2.62071891241794 0.0759782169408793 -4.85526424283665 0.719619897094034 0.0504326154520175 0.71961989709403 -1.16058991761107 -0.0466706278123666 0.0504326154520201 -0.0466706278123667 -0.67669505351209
21.0969848656136 -3.60481151599832 0.503558642757616 -5.63116425030667 0.787139742330955 0.053322032826057 0.787139742330951 -1.16715606167916 -0.0423902901683983 0.0533220328260594 -0.0423902901683984 -0.681164533257072
23.7374315562867 -4.63108426686946 0.791571262527403 -5.78962277857186 0.850201239601354 0.0616716208071224 0.850201239601351 -1.16887899259207 -0.0400145464457422 0.0616716208071249 -0.0400145464457422 -0.689197686036721
22.1150851261779 -4.45335807273034 0.670337020185169 -5.7009313081313 0.826749612081538 0.102381502053945 0.826749612081535 -1.16521099056347 -0.0414440518463764 0.102381502053947 -0.0414440518463765 -0.696607691094437
22.7734363966231 -4.64149225797996 0.640346387039375 -5.73105457460618 0.782121888499123 0.101651089898721 0.78212188849912 -1.17163878133272 -0.0347875883884068 0.101651089898723 -0.0347875883884069 -0.705238929652762
25.2017038803335 -4.83128978550678 -0.000617335991711328 -5.68020460604446 0.762537424549976 0.111228853817004 0.762537424549973 -1.18593127060964 -0.0269503167742306 0.111228853817007 -0.0269503167742307 -0.714641565259087
15.7496280550624 -4.92915389706366 -1.0326732414156 -5.44057296118808 0.712208983624486 0.198077805661857 0.712208983624483 -1.21328755169594 -0.014696377344655 0.198077805661859 -0.0146963773446552 -0.723468290629945
12.9482451942773 -5.2509668067751 -1.4190962385535 -4.61938748599675 0.787133767944442 0.199881760314817 0.787133767944439 -1.2548184666155 -0.0146814372267992 0.19988176031482 -0.0146814372267993 -0.717926702708238
12.5628903691 -6.02794797391007 -1.45891378843129 -4.42023848450696 0.876575577929063 0.228786524932218 0.87657557792906 -1.30557829417932 -0.0253997720232577 0.22878652493222 -0.0253997720232577 -0.713710284373566
12.7189383956655 -5.93275492089584 -1.36285903871437 -4.40923684577352 0.878484993341292 0.267534961581996 0.87848499334129 -1.29472529794291 -0.0354631847645311 0.267534961581998 -0.0354631847645312 -0.713889673384574
13.1183292243258 -5.2675913697605 -1.15878465360314 -4.40495609446153 0.81559568728812 0.288702306184025 0.815595687288118 -1.26301928127739 -0.0333681235696835 0.288702306184027 -0.0333681235696835 -0.716007985769488
16.098440660619 -4.32851863139637 -1.28131282675482 -4.06343277680227 0.787499833237939 0.234256863620269 0.787499833237937 -1.23049298843692 -0.0327950353853188 0.234256863620272 -0.0327950353853188 -0.704112961719504
13.2721714925746 -3.81952156451534 -1.08956305446243 -3.83212154110486 0.767127800269238 0.222349372696857 0.767127800269235 -1.23641937011054 -0.0277697943901799 0.22234937269686 -0.02776979439018 -0.702470225270302
10.6689406979034 -3.82984387552042 -0.531296765804254 -4.02301174038922 0.767371075309493 0.260373609921272 0.767371075309491 -1.27939422793539 -0.0224148184753767 0.260373609921275 -0.0224148184753768 -0.711950770808036
12.7430232236932 -4.67955832641916 -0.499059363569995 -3.93510033009285 0.823636897229876 0.222591839361984 0.823636897229875 -1.38934266600839 -0.0243613026420183 0.222591839361986 -0.0243613026420184 -0.709527296854733
16.5773098959695 -5.90752771579535 -0.701981660177277 -3.94684801955386 0.88113252685195 0.174362502069497 0.881132526851948 -1.54542442833078 -0.0271885756521084 0.1743625020695 -0.0271885756521084 -0.709386628811909
18.6099055786595 -7.53026605469637 -0.596009540360552 -3.95413276796511 0.902631595086167 0.125021252579757 0.902631595086166 -1.76951795433185 -0.0192803407794713 0.12502125257976 -0.0192803407794714 -0.715132050626292
19.3180578603866 -9.80117728424617 -0.301928624231931 -4.04357032597286 0.919745018478458 0.0945655045055438 0.919745018478457 -2.11826394089815 -0.00574561252713158 0.0945655045055464 -0.00574561252713166 -0.740271274299925
20.0807658593347 -13.0316418761782 0.698445553648898 -4.21601407558538 0.941397421742692 0.0569148402992339 0.941397421742691 -2.55897544595746 -0.004112432861489 0.0569148402992362 -0.00411243286148899 -0.74823122613478
18.1699501004716 -15.2968027123548 0.410606282546928 -4.01998720908834 0.953126782037272 0.0837651703430763 0.953126782037271 -2.6964445423299 0.0208716971245908 0.0837651703430787 0.0208716971245908 -0.7339324757388
13.8452097707335 -14.167080573821 -0.479772523196933 -3.73682714129298 0.897385729171845 0.163355115446873 0.897385729171844 -2.40203676568584 0.0313245949377202 0.163355115446876 0.0313245949377201 -0.711594054301495
12.0906148516275 -4.94096098384443 -0.993810338236419 -3.6814343083626 0.724674872081288 0.196982547965367 0.724674872081287 -1.59232984947388 -0.010949681761871 0.196982547965369 -0.010949681761871 -0.692306239954658
11.9692718699713 -4.08861853883028 -0.821655326427894 -3.73118887186154 0.801836406228221 0.197611205777524 0.801836406228219 -1.54182826720861 -0.0147272493481622 0.197611205777526 -0.0147272493481623 -0.68299525201494
11.834137295733 -3.49149511223715 -0.110408020504335 -3.61655565097547 0.813683317239572 0.160746015965845 0.813683317239571 -1.3940175156833 -0.00682514689559388 0.160746015965848 -0.00682514689559391 -0.684641148071584
14.4346607134477 -4.6668511860257 2.18520336736917 -3.58326724033189 0.860097356539205 0.0512794886595885 0.860097356539203 -1.30870588523178 0.0420259143441609 0.0512794886595911 0.0420259143441608 -0.730810048135489
12.4590806473295 -3.43115011742907 1.58273747841262 -3.45487427822873 0.762941016238955 0.0850188505693191 0.762941016238954 -1.21858601991385 0.0333250382281138 0.0850188505693216 0.0333250382281138 -0.723920087589268
11.4724376687954 -2.17521255164439 0.435845659933786 -3.33547325443174 0.724749402888653 0.110567710717165 0.724749402888652 -1.19485683716259 0.0245134407781579 0.110567710717167 0.0245134407781579 -0.715390172523922
12.5447267046385 -1.27621400559343 -1.50375271198248 -3.3175327198557 0.689863895351298 0.153331679864767 0.689863895351296 -1.17765944008395 0.0392416465796538 0.153331679864769 0.0392416465796538 -0.75184890261576
16.3892134369501 1.97693394041144 -8.63324862501334 -3.31987378208102 0.57388856650975 0.339119699044435 0.573888566509748 -1.18229150598854 0.11480078970001 0.339119699044438 0.11480078970001 -0.957133009310338
13.770332853403 0.188484837168821 -5.72910313361474 -3.22675547388699 0.601102441524466 0.276231937934266 0.601102441524464 -1.12621614058864 0.0468963337772283 0.276231937934268 0.0468963337772283 -0.834230038467326
10.7528609285323 -1.28947926321064 -2.922733889569 -3.09827717554422 0.628549150642272 0.205230049368214 0.62854915064227 -1.09154233867366 0.0120870434683187 0.205230049368217 0.0120870434683186 -0.740142837740751
10.3687405042164 -1.5771723033241 -2.61152181162269 -2.96136317397068 0.628180814680959 0.184350833715519 0.628180814680957 -1.08042874073475 0.00952513212152193 0.184350833715522 0.00952513212152179 -0.731324125236441
10.4841381975685 -1.96994248079409 -1.94079075000912 -2.91628181811247 0.637536034678858 0.161748195436507 0.637536034678856 -1.06773194385136 -0.00345668811355865 0.161748195436509 -0.00345668811355871 -0.706310637624154
10.6137961620016 -2.13646363423793 -1.56711288699663 -2.90077398720629 0.631868906490498 0.142031692492955 0.631868906490497 -1.05443847462288 -0.0083526249733522 0.142031692492958 -0.0083526249733523 -0.688669322427535
11.1229938522025 -2.18213601048897 -1.4378035759345 -2.85406254349767 0.618085701172834 0.112886273533467 0.618085701172832 -1.05008283262933 -0.0076570499296829 0.11288627353347 -0.00765704992968288 -0.675462972177978
11.1328113163385 -1.93957219142522 -1.5474654662193 -2.81392468760048 0.598763970028546 0.0990129331456122 0.598763970028544 -1.04810232058981 -0.00619216421999525 0.099012933145615 -0.00619216421999537 -0.675799299436002
11.2760367457039 -1.93674309212364 -1.55083941901217 -2.83417659851393 0.600365737631606 0.0887058186083054 0.600365737631604 -1.04630251753603 -0.00604759309357972 0.0887058186083081 -0.00604759309357976 -0.674370438367905
11.2367999770502 -1.97093620533718 -1.55120379409484 -2.83923349394886 0.612030325724012 0.0797572231698747 0.61203032572401 -1.05161993557606 -0.00694679017538357 0.0797572231698775 -0.00694679017538367 -0.674060377319641
11.6481391208388 -2.10919377180566 -2.07958613047834 -2.85032700866282 0.618065238465923 0.0830402975467322 0.618065238465921 -1.05179996489098 -0.00971866332116639 0.0830402975467349 -0.00971866332116645 -0.695553454226943
12.7820990545585 -2.55692225432815 -3.41684832872502 -2.87219581971263 0.608386231728747 0.105765790957655 0.608386231728745 -1.03513381070912 -0.02136590539098 0.105765790957658 -0.0213659053909801 -0.74837708547436
13.962460355387 -3.09009125359046 -4.93868551578891 -2.87656023278497 0.593796742945413 0.129231446213919 0.59379674294541 -1.01491079179092 -0.0369830373569728 0.129231446213922 -0.0369830373569729 -0.809862834588157
14.9016143602643 -3.4437501234313 -6.28734618913824 -2.90713208594751 0.59558646379953 0.144215693790406 0.595586463799527 -1.00898833965455 -0.0510211426431278 0.144215693790409 -0.0510211426431279 -0.867903083678412
14.2352353122447 -3.15551992464724 -4.27514306527663 -2.9611845143975 0.597029441822612 0.0959203047375271 0.59702944182261 -1.00690714857816 -0.0459493686383182 0.0959203047375296 -0.0459493686383182 -0.806936255921173
14.1671156209328 -2.81324181258332 -2.9494309964036 -3.04228763756458 0.592938938422019 0.053247254039476 0.592938938422017 -1.01064037776198 -0.0460497350015058 0.0532472540394786 -0.0460497350015058 -0.781335011698376
15.3975853488026 -2.6148455307222 -2.56707958478661 -3.19057870916186 0.585550585233208 0.0194238694616541 0.585550585233206 -1.01974976551325 -0.0571166578956466 0.0194238694616568 -0.0571166578956466 -0.79600723176676
17.4057865067642 -2.44749768300761 -3.2419424636187 -3.36441117865067 0.56594581904227 -0.0146669353243685 0.565945819042268 -1.03266594985737 -0.0776422304784635 -0.0146669353243659 -0.0776422304784636 -0.856357147828545
15.005006948491 -2.81351771865552 -4.04231766315673 -3.24249620021893 0.598511479170197 0.0209272261562117 0.598511479170195 -1.05332434535797 -0.0951820172037522 0.0209272261562143 -0.0951820172037522 -0.872723250606932
14.5018526737933 -3.06412738228984 -3.82418348713194 -3.2478800883354 0.62612263219676 0.0329389203833327 0.626122632196757 -1.07605187685833 -0.111325391434347 0.0329389203833353 -0.111325391434347 -0.87788650322652
14.2913479056536 -2.39091834362912 -1.1273093571841 -3.30894551287093 0.637517060810415 -0.00510542239822767 0.637517060810413 -1.09165430297543 -0.0990979740170863 -0.00510542239822492 -0.0990979740170864 -0.816805156879209
8.21801006723154 -2.3393802532272 -1.21703192881859 -2.95572871346701 0.676665687861158 0.0908283115790809 0.676665687861156 -1.10044749376875 -0.0795849797364601 0.0908283115790835 -0.0795849797364602 -0.745968265671825
6.88478542493259 -2.23413774630548 -0.42285624158175 -2.87931508592328 0.678760943569045 0.104583992739081 0.678760943569043 -1.11005661023616 -0.068676787258091 0.104583992739083 -0.0686767872580911 -0.695996274556476
6.20239749798845 -2.15800693918113 -0.217500805447623 -2.85413669515026 0.716859249255182 0.112695977661137 0.71685924925518 -1.14053727624805 -0.0617721734320787 0.11269597766114 -0.0617721734320787 -0.67352623338388
4.3074138689083 -0.874968592100528 -0.340817913179728 -2.9005010058729 0.838454271834004 0.110120188496611 0.838454271834002 -1.25682976382092 -0.048097717794542 0.110120188496614 -0.0480977177945421 -0.663943067479722
-10.2370820916379 14.9966250257241 -2.30863529846682 -3.66638331132371 1.74951644459405 0.0176615480369068 1.74951644459405 -2.29952355005871 0.0609944233610064 0.0176615480369093 0.0609944233610064 -0.67062904576582
17.3238785489748 -18.4989263938021 -1.8062943062452 -3.82392034635337 1.84174218014116 0.133024285356754 1.84174218014116 -2.7795007395877 -0.0360427439585039 0.133024285356757 -0.0360427439585041 -0.672506738039079
21.1037896717267 -14.4386170445433 -2.83382060590804 -4.08944701604741 1.9259314503121 0.20425439197969 1.9259314503121 -2.42571378111061 -0.089253818732189 0.204254391979693 -0.089253818732189 -0.683347216891408
10.8234440293348 5.87093278641423 -5.0472526773139 -3.73787617692868 1.63523291835177 0.145784108136806 1.63523291835177 -2.42880848833435 0.0756933812026656 0.145784108136809 0.0756933812026655 -0.711452295461931
23.534101861315 -21.7413867785942 -2.12788316809112 -4.01318481390834 1.91264723624185 0.260086209401035 1.91264723624184 -2.54778862389877 -0.128656915080747 0.260086209401037 -0.128656915080747 -0.695033298514774
15.180368963069 -10.1546442416571 -1.20711514836998 -3.64427358673133 1.39868620481207 0.238110081758471 1.39868620481207 -1.69729004400923 -0.112795268318936 0.238110081758474 -0.112795268318936 -0.687182770151491
0 0 0 0 0 0 0 0 0 0 0 0
