-631964724
-1425414872
1177416137
436002680
1892134290
-2137503042
1802418071
2105704034
-1201859127
-894433953
-1020259713
-861933139
-1675287035
1233525821
1660772434
-125799631
-909528266
764562136
-65362119
1929870562
465192543
1417392250
-316984433
768416335
443339357
-2096266522
-265164048
1436358309
-1259801521
859352902
-1362291185
1049434529
-471200430
-707426830
1388149224
684800057
-256206103
825921960
1452045309
1410521791
272980124
-580517950
-1247591391
479779452
-1049127930
-1132730022
-1716321337
-801108125
2057133318
-1956284770
-349423369
-384015366
-1102357695
1701695017
-845744828
-97001613
-1061529767
-1446762169
1270447781
-807040268
-2126769411
2082451185
537515270
1939298865
-416091204
201761916
1333356947
1635769951
-1927108267
2045569979
87841773
-1590469254
-1763534377
-1884651067
379746085
1935325132
1742115061
-2102982280
1388996867
-846491514
-1150108648
241843816
-790072997
1032452522
2109587145
856257797
1173755082
1083875401
-14218301
-1267998168
-421071942
-1105328192
-734739658
219695858
-2144124352
-630691040
-1790747999
582125747
37
