0 0 0 -3 -3 -3
3.205251 1.087406 -1.928655 -5.374883 -3.095386 -3.725933
4.044117 0.9668266 -1.832697 -5.307311 -3.11063 -4.382239
4.830995 0.9028635 -1.407742 -5.573756 -3.433611 -3.927181
5.282551 0.7899903 -1.345722 -5.800518 -3.426219 -2.963959
4.954429 0.8407086 -1.301723 -5.123309 -2.814425 -2.355553
4.125253 0.7267362 -1.369727 -3.98379 -2.03564 -2.160605
3.869548 0.7410013 -1.492534 -3.509376 -1.800559 -2.118301
3.908263 0.8032799 -1.627596 -3.372885 -1.735507 -2.117741
3.99131 0.873978 -1.779624 -3.295698 -1.720789 -2.153061
4.117437 0.9511298 -1.931285 -3.268107 -1.727846 -2.204123
4.289666 1.02821 -2.041604 -3.287669 -1.743965 -2.251218
4.493953 1.081302 -2.110731 -3.343116 -1.731377 -2.285327
4.71854 1.138333 -2.195031 -3.421718 -1.727509 -2.331182
4.936657 1.201122 -2.287935 -3.502671 -1.733244 -2.38474
5.148792 1.254718 -2.379565 -3.58237 -1.731377 -2.440997
5.339946 1.302397 -2.468562 -3.646224 -1.726479 -2.498732
5.527403 1.337107 -2.545533 -3.708285 -1.71487 -2.55188
5.727342 1.353496 -2.537311 -3.783948 -1.693723 -2.561603
5.943099 1.366129 -2.560432 -3.874054 -1.673668 -2.587233
6.167919 1.387559 -2.616919 -3.972338 -1.662024 -2.62851
6.389956 1.414254 -2.695736 -4.069555 -1.656058 -2.675301
6.596648 1.44466 -2.73294 -4.158187 -1.654929 -2.678976
6.79064 1.47869 -2.728879 -4.238661 -1.656928 -2.642919
6.975206 1.515491 -2.718777 -4.312724 -1.66098 -2.603198
7.166915 1.551487 -2.705163 -4.39231 -1.663944 -2.570604
7.353922 1.5896 -2.710369 -4.468161 -1.668325 -2.550155
7.534715 1.630261 -2.731151 -4.539255 -1.674547 -2.539779
7.710418 1.673109 -2.762478 -4.606527 -1.682372 -2.537156
7.890917 1.716239 -2.792011 -4.677632 -1.691534 -2.53693
8.08087 1.758825 -2.826045 -4.756188 -1.701425 -2.541292
8.27507 1.802459 -2.856973 -4.838071 -1.712131 -2.544373
8.466691 1.845758 -2.885001 -4.918019 -1.723352 -2.542326
8.655825 1.889252 -2.910081 -4.996152 -1.735104 -2.536962
8.842734 1.933106 -2.934078 -5.072686 -1.747361 -2.530579
9.027654 1.977329 -2.958927 -5.147814 -1.760077 -2.524946
9.210696 2.021874 -2.985918 -5.221702 -1.773203 -2.521103
9.388119 2.066683 -3.015699 -5.293489 -1.786694 -2.519519
9.558456 2.111701 -3.048471 -5.362742 -1.800507 -2.520313
9.723376 2.156879 -3.084177 -5.428962 -1.814607 -2.523407
9.882201 2.202175 -3.122626 -5.489752 -1.828963 -2.528634
10.03358 2.247545 -3.163579 -5.544938 -1.843546 -2.535792
10.17604 2.29295 -3.206784 -5.594381 -1.858332 -2.544676
10.28913 2.338452 -3.252323 -5.628973 -1.873321 -2.55535
10.36451 2.38458 -3.301699 -5.64452 -1.888636 -2.569096
10.40967 2.431162 -3.350359 -5.64567 -1.904223 -2.583862
10.43654 2.478129 -3.39576 -5.639577 -1.920055 -2.597389
10.46598 2.525564 -3.435271 -5.637078 -1.936143 -2.609613
10.51034 2.574242 -3.474067 -5.642622 -1.952304 -2.622272
10.56291 2.623959 -3.516102 -5.651838 -1.968222 -2.636475
10.62025 2.672578 -3.559637 -5.662717 -1.983434 -2.650584
10.68699 2.715535 -3.598793 -5.678547 -1.997216 -2.66123
10.76154 2.754593 -3.633247 -5.698584 -2.010039 -2.668585
10.84286 2.791403 -3.663849 -5.722326 -2.02235 -2.673426
10.91684 2.827943 -3.692177 -5.743667 -2.034683 -2.677091
10.9893 2.868684 -3.721044 -5.765697 -2.048191 -2.682272
11.06779 2.912252 -3.750491 -5.791796 -2.062492 -2.688736
11.15125 2.957477 -3.780738 -5.821193 -2.077286 -2.696315
11.2352 3.002786 -3.811751 -5.851006 -2.092135 -2.704502
11.32294 3.046622 -3.837111 -5.883352 -2.10662 -2.71096
11.41458 3.090816 -3.845923 -5.918226 -2.12104 -2.711417
11.51168 3.13463 -3.830145 -5.957147 -2.135484 -2.702341
11.61246 3.178204 -3.798213 -5.998887 -2.149984 -2.687087
11.71436 3.22163 -3.755986 -6.041977 -2.164557 -2.668018
11.80791 3.264347 -3.709762 -6.082388 -2.179013 -2.647656
11.89449 3.301738 -3.660749 -6.119806 -2.191918 -2.626426
11.97827 3.340157 -3.609012 -6.156021 -2.205092 -2.60438
12.0563 3.377432 -3.568618 -6.190508 -2.218001 -2.587245
12.12711 3.414269 -3.53725 -6.22209 -2.230797 -2.573983
12.195 3.450626 -3.504219 -6.252876 -2.24354 -2.560273
12.26025 3.486934 -3.485155 -6.28214 -2.256359 -2.552202
12.32358 3.523158 -3.48017 -6.310058 -2.269238 -2.549747
12.39428 3.559259 -3.485296 -6.339937 -2.282163 -2.551322
12.47786 3.592849 -3.490458 -6.374069 -2.294385 -2.552893
12.56943 3.622446 -3.481373 -6.411554 -2.305369 -2.548794
12.66543 3.654076 -3.475296 -6.450606 -2.317014 -2.546106
12.76446 3.686169 -3.471664 -6.490932 -2.32887 -2.5446
12.86629 3.715437 -3.464818 -6.532859 -2.33992 -2.541979
12.97066 3.738192 -3.459178 -6.576483 -2.348959 -2.539939
13.07517 3.76496 -3.463146 -6.62004 -2.359158 -2.541625
13.17924 3.797009 -3.474817 -6.663214 -2.370901 -2.546239
13.2831 3.83259 -3.491897 -6.706174 -2.383664 -2.552907
13.38849 3.87086 -3.509927 -6.749932 -2.397161 -2.560069
13.49363 3.911142 -3.528374 -6.79304 -2.411141 -2.567557
13.59403 3.952811 -3.548321 -6.832644 -2.425367 -2.575755
13.691 3.992639 -3.570747 -6.869727 -2.439083 -2.584918
13.78666 4.029853 -3.596 -6.905707 -2.452112 -2.595134
13.88555 4.062717 -3.623174 -6.943808 -2.463891 -2.606111
13.98804 4.092053 -3.651777 -6.984315 -2.474651 -2.617683
14.09345 4.11888 -3.681487 -7.026807 -2.484697 -2.629741
14.20105 4.1439 -3.712071 -7.070855 -2.494242 -2.642207
14.31023 4.16759 -3.743359 -7.116072 -2.503432 -2.655023
14.42044 4.190448 -3.775041 -7.162112 -2.512418 -2.668079
14.53133 4.216204 -3.803214 -7.208586 -2.522323 -2.679968
14.6489 4.244434 -3.829797 -7.257153 -2.533019 -2.691345
14.77155 4.273491 -3.858033 -7.307219 -2.544022 -2.70336
14.89574 4.30308 -3.887547 -7.35769 -2.555239 -2.715886
15.0164 4.332991 -3.918062 -7.407079 -2.566606 -2.72883
15.1347 4.363076 -3.949371 -7.455749 -2.578075 -2.742124
15.25191 4.393227 -3.981319 -7.504108 -2.589614 -2.755714
0 0 0 0 0 0
