0 0 0 -3 -3 -3
-1.859766 0.9406763 -0.3840162 -4.443533 -0.9983883 -1.374328
-2.227476 -1.807838 -0.943705 -3.899891 -1.971667 -1.453077
-2.453789 -2.296523 -1.408703 -3.82948 -2.0037 -1.558092
-2.713627 -2.372015 -1.60368 -3.754226 -1.909319 -1.569837
-3.108351 -2.192678 -1.747884 -3.809854 -1.750401 -1.591914
-3.533427 -2.112207 -1.86882 -3.908792 -1.662415 -1.616791
-3.920567 -2.184117 -2.082067 -4.01919 -1.643999 -1.669299
-4.311184 -2.316618 -2.338771 -4.218611 -1.652141 -1.734333
-4.690745 -2.487798 -2.593111 -4.416782 -1.677264 -1.801197
-4.99023 -2.67653 -2.79323 -4.569625 -1.711229 -1.855641
-5.288155 -2.877784 -3.031086 -4.694605 -1.749792 -1.919964
-5.48062 -3.060601 -3.265885 -4.771675 -1.786637 -1.984204
-5.481388 -3.222087 -3.510439 -4.75253 -1.820354 -2.051312
-5.031579 -3.317387 -3.760433 -4.499128 -1.840014 -2.119875
-4.490289 -3.421602 -3.968699 -4.216952 -1.862503 -2.178898
-4.052315 -3.528552 -4.154397 -3.999061 -1.886279 -2.232949
-3.70533 -3.631774 -4.337336 -3.834301 -1.90976 -2.286895
-3.349452 -3.667135 -4.521414 -3.665717 -1.918048 -2.341664
-2.963199 -3.6509 -4.698972 -3.476223 -1.91477 -2.395261
-2.562517 -3.497292 -4.65338 -3.265576 -1.87942 -2.387133
-2.123703 -3.193441 -4.200173 -3.005813 -1.808626 -2.263134
-1.636437 -2.812384 -3.474349 -2.670603 -1.719351 -2.059483
-1.22718 -2.505131 -2.982352 -2.374942 -1.647489 -1.921806
-0.9386401 -2.263326 -2.652523 -2.167736 -1.59109 -1.830113
-0.7225471 -2.0671 -2.421576 -2.01218 -1.545458 -1.766501
-0.5544341 -1.904225 -2.249602 -1.890301 -1.507705 -1.719634
-0.4266338 -1.733177 -2.063413 -1.799569 -1.467811 -1.668125
-0.3282547 -1.547806 -1.793707 -1.732468 -1.424215 -1.591127
-0.2521323 -1.369713 -1.515317 -1.684067 -1.382155 -1.51072
-0.1919094 -1.210484 -1.273825 -1.649315 -1.344478 -1.440662
-0.1424479 -1.076081 -1.091392 -1.6237 -1.312692 -1.387884
-0.1001811 -0.9646998 -0.9671142 -1.604023 -1.286408 -1.352158
-0.06332293 -0.8753016 -0.8820445 -1.588734 -1.265404 -1.327862
-0.03082715 -0.8069119 -0.8251879 -1.576999 -1.249462 -1.311735
-0.002102837 -0.7545652 -0.7873749 -1.56853 -1.237377 -1.301107
0.02364168 -0.7135522 -0.7624221 -1.562661 -1.228021 -1.294191
0.04757537 -0.6783427 -0.7421308 -1.558118 -1.22006 -1.288677
0.07063071 -0.6448332 -0.7224403 -1.553755 -1.212495 -1.283386
0.09288706 -0.613317 -0.7034029 -1.549527 -1.205401 -1.278326
0.1144335 -0.5838179 -0.6850831 -1.54534 -1.198792 -1.273511
0.1352724 -0.5561975 -0.6675127 -1.541242 -1.192638 -1.268945
0.1552454 -0.5303448 -0.6507046 -1.537581 -1.186911 -1.264627
0.1741277 -0.5061511 -0.6346557 -1.534883 -1.181582 -1.260553
0.192008 -0.4835009 -0.6193501 -1.533118 -1.176622 -1.256715
0.2088904 -0.4623055 -0.6047679 -1.532387 -1.172007 -1.253104
0.2249216 -0.4424484 -0.5908802 -1.532541 -1.167708 -1.249709
0.240224 -0.4238208 -0.5776555 -1.533451 -1.163702 -1.24652
0.2548265 -0.4057745 -0.5618892 -1.535115 -1.15982 -1.242514
0.2688366 -0.3883237 -0.5466782 -1.537423 -1.156068 -1.238638
0.2822819 -0.3720238 -0.5339001 -1.540367 -1.15259 -1.235476
0.2952216 -0.3570329 -0.5210953 -1.543888 -1.149427 -1.232303
0.307737 -0.3433309 -0.5065873 -1.547902 -1.146576 -1.228577
0.3198615 -0.3299578 -0.4857378 -1.55238 -1.143791 -1.222724
0.3316375 -0.3164178 -0.4610859 -1.557283 -1.140944 -1.215583
0.3431905 -0.3022266 -0.4341175 -1.562417 -1.137902 -1.20764
0.3545513 -0.2874985 -0.4058748 -1.567742 -1.134695 -1.199233
0.3657358 -0.2726809 -0.3773614 -1.573247 -1.131441 -1.190696
0.3767601 -0.2582501 -0.3493841 -1.578914 -1.128272 -1.182301
0.3876414 -0.2442526 -0.322328 -1.584723 -1.125201 -1.174179
0.398418 -0.2307121 -0.2964396 -1.590594 -1.122237 -1.166417
0.4090694 -0.2176701 -0.2718555 -1.596596 -1.11939 -1.159063
0.4196212 -0.2052456 -0.2485994 -1.602684 -1.116694 -1.152128
0.4300598 -0.1934732 -0.2263968 -1.608894 -1.114156 -1.145513
0.4403849 -0.1821906 -0.2055593 -1.615234 -1.111736 -1.139337
0.4506254 -0.1712019 -0.1860663 -1.621629 -1.109385 -1.133601
0.4607923 -0.1605102 -0.1678804 -1.628069 -1.10711 -1.128299
0.4708677 -0.1505235 -0.1516205 -1.634637 -1.105016 -1.123629
0.4808392 -0.1413496 -0.1372426 -1.641383 -1.103129 -1.119574
0.4907829 -0.132867 -0.1244068 -1.648084 -1.101415 -1.116022
0.5006608 -0.1248233 -0.1123983 -1.654831 -1.099814 -1.112748
0.5105182 -0.1171799 -0.1009178 -1.661515 -1.098315 -1.109657
0.5203412 -0.1099125 -0.0899636 -1.668187 -1.096913 -1.106747
0.5301149 -0.1030084 -0.07953836 -1.674894 -1.095603 -1.10402
0.5397742 -0.09661097 -0.06969371 -1.681826 -1.094419 -1.101495
0.5493228 -0.09072111 -0.06027988 -1.688941 -1.093358 -1.099117
0.5588029 -0.08542957 -0.05138134 -1.69617 -1.092435 -1.096917
0.5683321 -0.08072477 -0.04302537 -1.703112 -1.091644 -1.094906
0.577905 -0.07650579 -0.03521345 -1.709777 -1.090962 -1.093081
0.5874693 -0.0726059 -0.02800998 -1.716358 -1.090356 -1.091459
0.5970276 -0.06898724 -0.0213377 -1.722844 -1.089819 -1.090012
0.6065923 -0.06562603 -0.01512486 -1.729178 -1.089344 -1.088718
0.6161608 -0.06250132 -0.009313458 -1.735365 -1.088926 -1.087558
0.6257334 -0.05955253 -0.003844535 -1.741407 -1.088548 -1.086512
0.6353317 -0.05629828 0.001385599 -1.747269 -1.088078 -1.085552
0.6449521 -0.05262567 0.006420128 -1.752951 -1.087483 -1.084663
0.6545692 -0.04880342 0.01126447 -1.758492 -1.086844 -1.083843
0.6641249 -0.04497423 0.01591491 -1.764167 -1.086204 -1.083091
0.6736152 -0.04112198 0.02038334 -1.770023 -1.08556 -1.082405
0.6830831 -0.03723345 0.02467992 -1.775888 -1.084913 -1.08178
0.6925227 -0.0333678 0.02879232 -1.781773 -1.084276 -1.081217
0.7019283 -0.02960872 0.0326675 -1.787724 -1.083668 -1.080724
0.7112967 -0.02595621 0.03633505 -1.79376 -1.08309 -1.080291
0.7206208 -0.02243027 0.0398272 -1.799896 -1.082545 -1.079911
0.7299046 -0.01901918 0.04316732 -1.806126 -1.082031 -1.079575
0.7391527 -0.01565366 0.0463784 -1.812446 -1.081531 -1.07928
0.7483672 -0.01231749 0.04945553 -1.818832 -1.081039 -1.079022
0.7575818 -0.008962045 0.05239525 -1.825136 -1.080541 -1.078799
0.7667963 -0.005514299 0.05530158 -1.831347 -1.080013 -1.078594
0.7760047 -0.001963647 0.05820552 -1.837486 -1.079451 -1.0784
0 0 0 0 0 0
