0 0 0 -3 -3 -3
1.72362 3.419439 0.6343557 -2.768014 -4.680575 -1.680862
3.704093 0.7274494 1.459496 -3.516021 -2.848848 -2.139399
5.389378 0.1030908 1.849022 -4.354705 -2.88983 -2.451209
6.433732 -0.1271316 2.186005 -4.988899 -2.334034 -2.72288
6.738707 -1.478937 2.699578 -5.281203 -2.18464 -3.044773
6.72111 0.9337845 3.119192 -5.398661 -1.47666 -3.322946
6.105192 0.1145567 3.193492 -5.161626 -1.488315 -3.425052
5.507774 -0.1223495 3.220247 -4.92075 -1.467852 -3.506944
4.8424 -0.2623432 3.335361 -4.616444 -1.463288 -3.645191
4.309357 -0.3697257 3.173061 -4.378166 -1.472547 -3.602582
3.854533 -0.4611485 2.94945 -4.174015 -1.486662 -3.517393
3.41718 -0.5424326 2.823609 -3.964844 -1.500226 -3.497487
3.065072 -0.618022 2.747049 -3.801809 -1.515168 -3.510914
2.795324 -0.6899077 2.691227 -3.687515 -1.531975 -3.537696
2.631224 -0.7555036 2.458317 -3.637625 -1.552052 -3.417034
2.472748 -0.81575 2.287874 -3.573496 -1.567146 -3.339082
2.163931 -0.8678937 2.176001 -3.376315 -1.572752 -3.305213
1.842914 -0.914455 2.099401 -3.158525 -1.574214 -3.298128
1.562505 -0.9585008 2.044632 -2.966586 -1.575247 -3.307725
1.331302 -1.001922 2.004253 -2.810482 -1.577494 -3.328315
1.163686 -1.044469 1.971113 -2.703988 -1.582167 -3.35373
1.070524 -1.086926 1.962335 -2.657401 -1.589461 -3.382668
1.008822 -1.130234 1.97391 -2.636722 -1.598038 -3.41659
0.9524049 -1.174612 2.000279 -2.621121 -1.607142 -3.464098
0.9006521 -1.219991 2.036771 -2.610137 -1.617202 -3.521396
0.853325 -1.266321 2.079866 -2.603427 -1.628316 -3.585574
0.8100589 -1.313513 2.127293 -2.600565 -1.640423 -3.654706
0.7706012 -1.361435 2.177573 -2.601157 -1.653413 -3.727476
0.7346468 -1.409975 2.229717 -2.604815 -1.667172 -3.802955
0.7017919 -1.459049 2.283624 -2.611165 -1.681583 -3.880697
0.6724953 -1.50785 2.34015 -2.620685 -1.695921 -3.960324
0.6485289 -1.554255 2.391526 -2.635172 -1.708571 -4.037416
0.6289161 -1.598782 2.439052 -2.653715 -1.720011 -4.112622
0.6142819 -1.643595 2.491318 -2.676749 -1.731839 -4.190345
0.6038284 -1.689119 2.549166 -2.703527 -1.744332 -4.27091
0.596557 -1.735245 2.611245 -2.733157 -1.757385 -4.353571
0.5914655 -1.781868 2.670584 -2.764758 -1.771012 -4.432925
0.5868308 -1.828676 2.70034 -2.796859 -1.785405 -4.486914
0.5826165 -1.875468 2.705142 -2.829326 -1.800302 -4.519207
0.5825478 -1.920744 2.705776 -2.86358 -1.815264 -4.548882
0.5865076 -1.965576 2.709828 -2.899759 -1.830274 -4.582784
0.5924723 -2.01156 2.718322 -2.937533 -1.845477 -4.621558
0.5980071 -2.058193 2.725072 -2.975258 -1.860715 -4.659583
0.6021842 -2.105201 2.727867 -3.012259 -1.875953 -4.69475
0.6027475 -2.152502 2.727034 -3.045437 -1.89126 -4.727164
0.5972649 -2.199781 2.720443 -3.071238 -1.906666 -4.754425
0.5933106 -2.245029 2.696168 -3.098394 -1.921906 -4.7637
0.5917798 -2.288548 2.656803 -3.128018 -1.936952 -4.757204
0.592587 -2.331176 2.609837 -3.159525 -1.951958 -4.742468
0.59707 -2.374003 2.570522 -3.191933 -1.96718 -4.735461
0.6048201 -2.417039 2.538847 -3.224847 -1.982613 -4.736252
0.6152827 -2.460202 2.51326 -3.25804 -1.998229 -4.743265
0.6276702 -2.503082 2.493623 -3.291806 -2.013913 -4.756211
0.6415701 -2.545192 2.474584 -3.326199 -2.029528 -4.769757
0.6537301 -2.58814 2.462167 -3.359165 -2.045255 -4.787929
0.6620859 -2.632532 2.460431 -3.389394 -2.061094 -4.81346
0.6675307 -2.677736 2.466545 -3.417516 -2.076951 -4.844117
0.6738199 -2.723036 2.470437 -3.446563 -2.092921 -4.872596
0.6817003 -2.768318 2.470278 -3.477117 -2.109031 -4.897704
0.6911944 -2.81234 2.470086 -3.508733 -2.124942 -4.923317
0.7023737 -2.85409 2.473532 -3.540983 -2.140354 -4.953002
0.7149013 -2.894469 2.479473 -3.573769 -2.15548 -4.985563
0.7264589 -2.935885 2.48593 -3.606016 -2.170905 -5.018771
0.7385468 -2.975873 2.492483 -3.636776 -2.185975 -5.052422
0.7513481 -3.016632 2.499745 -3.667921 -2.201008 -5.087205
0.7643504 -3.058742 2.508376 -3.700022 -2.21607 -5.123716
0.7773537 -3.101616 2.518566 -3.732885 -2.231073 -5.161845
0.7886489 -3.144987 2.530147 -3.764921 -2.246198 -5.201042
0.7951956 -3.18884 2.53613 -3.791857 -2.261341 -5.234383
0.7972864 -3.23304 2.536613 -3.813785 -2.276478 -5.261942
0.7956265 -3.277494 2.532818 -3.831471 -2.291624 -5.284954
0.7920128 -3.322022 2.530642 -3.847423 -2.306897 -5.30966
0.7896352 -3.366754 2.533386 -3.865074 -2.322315 -5.338585
0.7892592 -3.411739 2.540898 -3.885123 -2.337867 -5.371282
0.7905935 -3.456952 2.552445 -3.907223 -2.353547 -5.407105
0.7933931 -3.502371 2.56742 -3.931084 -2.36935 -5.445526
0.7974502 -3.547978 2.585311 -3.956466 -2.38527 -5.486116
0.8026574 -3.593541 2.605644 -3.982993 -2.401247 -5.528523
0.8096616 -3.636605 2.62749 -4.008468 -2.41665 -5.572472
0.8183413 -3.677194 2.650697 -4.032851 -2.431448 -5.617605
0.8280949 -3.716396 2.675465 -4.057955 -2.445938 -5.662931
0.8375547 -3.755584 2.695438 -4.083348 -2.46048 -5.703031
0.845253 -3.796009 2.710173 -4.107916 -2.475388 -5.738148
0.8513836 -3.837357 2.720412 -4.131742 -2.49058 -5.768976
0.8561355 -3.879398 2.726789 -4.154927 -2.505996 -5.796115
0.8601019 -3.922067 2.732458 -4.178062 -2.521569 -5.822276
0.8644162 -3.963907 2.739276 -4.202183 -2.536857 -5.849025
0.8695043 -4.003503 2.744564 -4.227464 -2.551561 -5.8746
0.875166 -4.042561 2.751247 -4.253757 -2.566187 -5.902242
0.881324 -4.081216 2.759175 -4.28095 -2.58077 -5.931738
0.8879126 -4.119549 2.768177 -4.308946 -2.595329 -5.962861
0.8948796 -4.157618 2.778106 -4.337659 -2.609879 -5.995414
0.9019727 -4.195698 2.7891 -4.366854 -2.624395 -6.029417
0.9084695 -4.23446 2.801898 -4.395941 -2.638736 -6.06533
0.9143793 -4.273639 2.816336 -4.424893 -2.652815 -6.102959
0.9197685 -4.31294 2.832212 -4.453731 -2.666574 -6.142093
0.9246931 -4.352136 2.849348 -4.482472 -2.679978 -6.182547
0.9292022 -4.391076 2.867588 -4.511129 -2.693017 -6.224164
0.93334 -4.429673 2.886799 -4.539717 -2.705702 -6.266808
0 0 0 0 0 0
