0 0 0 -3 -3 -3
-4.047432 -62.2538 -159.4877 -5.511505 -24.17505 -54.9207
-8.087397 -25.2937 -105.1371 -8.594881 -10.58212 -32.31799
-4.026189 -86.12053 -24.00184 -4.597066 -26.40522 -7.550301
-13.88236 -30.95283 -3.05855 -9.385655 -8.446882 -1.858217
-52.29499 -73.81699 -3.11887 -26.61782 -17.36314 -1.896956
-19.60938 -43.09326 -3.777627 -11.11235 -10.11677 -2.093106
-27.03881 -89.14955 -14.85787 -15.12568 -19.68707 -5.001209
-52.95242 -134.155 -19.49343 -27.12745 -29.19159 -6.284919
-23.73377 -28.51024 -11.25839 -13.83294 -7.161524 -4.160925
-15.21056 -35.45295 -13.46034 -9.336506 -8.677242 -4.763127
-25.00831 -44.83594 -20.17534 -13.77756 -10.74472 -6.624341
-6.903854 -10.38906 -23.23724 -5.373006 -3.358791 -7.482891
-5.019847 -10.07678 -30.22885 -4.221743 -3.312299 -9.460185
-2.941205 -5.465342 -26.43111 -3.28284 -2.298491 -8.428058
-2.781444 -6.516564 -13.973 -3.359571 -2.547753 -5.065199
-2.441883 -6.689762 -13.44152 -3.327321 -2.600828 -4.967703
-2.237578 -6.77094 -16.1678 -3.37695 -2.633213 -5.789235
-1.74379 -3.610773 -16.71847 -3.233801 -1.910198 -6.004444
-1.125194 -3.295191 -17.4107 -3.027912 -1.84367 -6.263598
-0.1618381 -1.440136 -2.711733 -2.440106 -1.40372 -1.912466
0.5789276 -0.8722016 -0.8674082 -2.20034 -1.268328 -1.344994
1.713876 -0.6554401 -0.6816216 -2.031895 -1.217743 -1.289816
3.460202 -0.64782 -0.6694799 -2.567365 -1.217741 -1.290099
6.223321 -0.616158 -0.7223419 -3.455533 -1.211799 -1.310671
8.956756 -0.59049 -0.7701816 -4.323743 -1.207652 -1.330088
11.36347 -0.5348648 -0.7826677 -5.113785 -1.195812 -1.338846
16.25271 -0.3644256 -0.4381925 -6.736611 -1.153852 -1.226541
20.72314 -0.2561578 -0.2323662 -8.244598 -1.127415 -1.160597
24.01509 -0.1864377 -0.1321343 -9.407058 -1.111157 -1.131032
20.82058 -0.1474447 -0.08881666 -8.425476 -1.10254 -1.121148
21.14743 -0.1220853 -0.07923426 -8.599764 -1.09761 -1.120696
29.04762 -0.1076542 -0.1146439 -11.29129 -1.095362 -1.127564
20.40174 -0.1115946 -0.1487571 -8.436458 -1.097364 -1.134763
15.5118 -0.1318312 -0.2044681 -6.825617 -1.102863 -1.147534
14.23473 -0.1546825 -0.2731854 -6.453858 -1.108951 -1.164922
14.92717 -0.1731939 -0.3332814 -6.761768 -1.114411 -1.182307
18.81905 -0.1575888 -0.326355 -8.155976 -1.111942 -1.182728
23.00929 -0.1376782 -0.3100148 -9.660552 -1.108436 -1.180509
29.47151 -0.1215412 -0.2955798 -11.95763 -1.105987 -1.178831
35.51247 -0.1039613 -0.2828914 -14.13033 -1.103533 -1.17762
41.04135 -0.08682268 -0.27146 -16.14975 -1.101265 -1.176784
46.16947 -0.07224427 -0.2616492 -18.06409 -1.099421 -1.176315
51.04046 -0.05842726 -0.252757 -19.91138 -1.097767 -1.176126
55.80185 -0.04769262 -0.2449949 -21.74424 -1.096594 -1.176209
60.57155 -0.03866789 -0.2380556 -23.60028 -1.095719 -1.176523
65.44759 -0.03014404 -0.2316986 -25.51134 -1.094979 -1.17703
70.51542 -0.02225071 -0.2260442 -27.50856 -1.094384 -1.17773
47.06553 -0.006540068 -0.1561783 -19.06951 -1.091568 -1.154752
48.85669 0.0002173215 -0.180605 -19.85401 -1.091084 -1.162595
37.17712 0.004707815 -0.1858518 -15.6568 -1.091183 -1.165485
45.32543 0.003227195 -0.1649076 -18.77205 -1.092607 -1.160993
56.27859 0.006092403 -0.09922809 -22.9103 -1.093002 -1.139
60.00905 0.02000255 -0.02680892 -24.44871 -1.090733 -1.113821
61.56888 0.03865947 0.01294958 -25.19242 -1.087196 -1.10328
71.84734 0.0605574 0.0460817 -29.16202 -1.082841 -1.095979
81.93658 0.0796292 0.07435704 -33.0907 -1.079558 -1.091304
90.70664 0.0920868 0.09871452 -36.55633 -1.078268 -1.088947
98.97159 0.102672 0.1217888 -39.85558 -1.077607 -1.088001
107.0859 0.1129399 0.1449057 -43.10728 -1.077185 -1.088165
115.1907 0.122562 0.1687245 -46.37248 -1.077037 -1.089381
128.1764 0.1305755 0.1943419 -51.34576 -1.077301 -1.09161
140.4411 0.1378669 0.2220482 -55.91125 -1.077808 -1.094818
124.1932 0.1416911 0.2570215 -49.93697 -1.078394 -1.098943
100.5668 0.1521567 0.2946037 -41.17236 -1.0787 -1.105301
90.73131 0.1656828 0.339918 -37.55816 -1.078845 -1.113579
90.37334 0.1779777 0.3822464 -37.58218 -1.079122 -1.121872
106.4491 0.1777999 0.3774012 -43.9898 -1.080072 -1.121467
122.6669 0.1762721 0.372414 -50.38619 -1.081214 -1.121168
105.2427 0.1779242 0.3779393 -43.76725 -1.082312 -1.123111
110.7862 0.1833159 0.4383885 -45.9949 -1.083445 -1.135689
116.5018 0.1879402 0.5137132 -48.37698 -1.084739 -1.151996
122.2215 0.1924587 0.6091802 -50.7001 -1.086109 -1.173388
117.5651 0.1940239 0.7231676 -49.17428 -1.08735 -1.199679
82.64454 0.1889628 0.8720829 -35.77251 -1.088214 -1.234205
64.22762 0.182338 1.105047 -28.79166 -1.088952 -1.287866
68.69562 0.1666547 1.309052 -30.60011 -1.087445 -1.336497
72.31003 0.1536654 1.542007 -31.72701 -1.086149 -1.392241
74.23559 0.1459714 1.552052 -32.48103 -1.086259 -1.395679
75.58597 0.1417389 1.444435 -33.08496 -1.087113 -1.371357
77.43227 0.1375343 1.368794 -33.85986 -1.088008 -1.354548
79.75521 0.1333436 1.313157 -34.83127 -1.088947 -1.342444
82.50463 0.1291551 1.2709 -35.99407 -1.08993 -1.333494
88.09092 0.1337306 1.314254 -38.13555 -1.089285 -1.344964
97.22926 0.15638 1.465514 -41.39581 -1.08569 -1.38245
107.0702 0.1778285 1.705881 -44.91506 -1.083122 -1.441095
101.2694 0.186141 1.875387 -42.60051 -1.083857 -1.483365
117.9579 0.1956003 2.050482 -49.1791 -1.084983 -1.527221
137.5966 0.20819 2.204514 -56.85174 -1.085919 -1.566184
159.791 0.2218428 2.333528 -65.50902 -1.086946 -1.599293
160.0838 0.2283578 2.014828 -65.57556 -1.088057 -1.522728
183.996 0.2330811 1.636486 -74.81395 -1.089786 -1.430823
178.2592 0.2367688 1.413582 -72.78332 -1.091467 -1.37688
165.0265 0.2393316 1.289915 -67.8742 -1.093063 -1.347392
161.1868 0.2445656 1.212709 -66.62002 -1.094886 -1.329338
164.1388 0.2539755 1.16843 -68.02772 -1.09714 -1.319433
149.7861 0.2656689 1.039056 -62.09655 -1.099578 -1.287776
164.8931 0.2811492 0.9813043 -67.60269 -1.102568 -1.273614
187.9795 0.3043138 1.139025 -76.58757 -1.105778 -1.312562
187.8228 0.3246434 1.318315 -76.58509 -1.109077 -1.357127
0 0 0 0 0 0
