0 0 0 -3 -3 -3
34.585 21.20981 7.074771 -20.8803 -21.45739 -5.010491
218.0788 -4.863343 6.089359 -112.7233 -4.991207 -5.275248
67.86824 1.775913 3.596138 -38.78296 -4.65399 -4.357474
10.88301 -0.8639924 9.635058 -8.285512 -2.30429 -7.753864
12.28212 -4.052553 26.72186 -9.971209 -3.809737 -18.1109
7.739947 -7.415596 6.369528 -7.405125 -4.593629 -5.887619
6.248557 -19.81688 3.542185 -6.977105 -9.046402 -4.341111
6.966986 -25.34443 5.418629 -8.309071 -11.47782 -6.126682
4.828768 -36.25335 5.301452 -7.148824 -15.76234 -6.21511
5.646053 -26.32265 2.368995 -8.833574 -12.18151 -4.134974
4.27057 -42.83019 2.840424 -8.21239 -18.56216 -4.987594
3.945008 -74.46582 3.73705 -8.89589 -30.83508 -6.404406
4.197486 -119.536 4.826851 -10.56243 -48.47662 -8.239974
4.95371 -18.78344 3.382131 -13.02794 -8.723699 -6.76909
3.224751 -7.039565 1.381087 -6.869169 -4.108513 -4.049154
0.982582 -11.48568 1.635006 -4.064054 -5.373694 -4.794433
0.2190482 -20.76755 2.135775 -3.386957 -8.205339 -5.951547
-0.1491892 -37.10173 2.737588 -3.353484 -13.28945 -7.431087
-0.445367 -61.05059 3.467617 -3.556347 -20.78264 -9.317001
-0.7462894 -92.35486 4.362382 -3.929002 -30.6312 -11.71503
-0.2634892 -9.079987 3.527193 -3.321277 -4.095164 -9.714354
0.0467768 -9.6779 2.530827 -3.613778 -4.329882 -4.880297
0.0590738 -14.03689 2.976263 -3.873095 -5.731408 -5.35694
-0.05924064 -20.58066 3.907777 -4.37363 -7.854259 -6.536616
-0.1926609 -25.89491 5.010354 -5.004465 -9.617945 -7.983893
-0.3480646 -30.04799 6.30686 -5.79317 -11.03736 -9.74015
-0.5328369 -33.54628 7.828498 -6.773582 -12.26701 -11.85758
-0.7470621 -36.80362 9.616639 -7.98877 -13.43609 -14.40143
-1.009207 -40.07975 11.72194 -9.487074 -14.62704 -17.4516
-1.327822 -45.36641 14.4093 -11.33027 -16.48873 -20.94831
-1.447412 -50.35803 15.14084 -13.46296 -17.85807 -22.33017
-1.416585 -59.6581 15.03353 -15.99209 -20.43657 -23.23112
-1.200654 -69.97077 15.97339 -18.40856 -23.51836 -24.83194
-0.5857124 -72.17942 18.44049 -20.02311 -24.37672 -27.00875
0.002741438 -76.20727 21.80596 -22.41522 -25.81641 -30.47768
0.617074 -81.55358 26.10245 -25.56681 -27.68722 -35.16794
0.9733633 -47.53017 10.69691 -29.98194 -16.82421 -16.11849
1.033804 -31.18459 5.220314 -35.78062 -11.60089 -9.684006
1.334196 -22.90676 4.033254 -30.3844 -8.937736 -8.584746
1.98372 -14.71726 4.568901 -16.29623 -6.24362 -9.76715
2.699075 -18.66682 5.377194 -16.76043 -7.574726 -11.31808
3.42747 -25.02105 6.2449 -18.73986 -9.710673 -13.03816
3.185068 -33.55189 6.284439 -20.11639 -12.54091 -13.85012
3.035092 -42.9768 6.479607 -21.98943 -15.68504 -14.96662
0.7012273 -52.4422 6.555045 -13.05716 -18.87408 -15.98617
0.2074378 -31.89344 5.284837 -11.30713 -12.03891 -14.48195
0.6128837 -18.20613 3.579288 -12.41014 -7.479434 -11.99739
1.04934 -14.91147 2.758422 -13.78643 -6.403883 -11.18923
1.538965 -14.70193 2.74906 -12.49325 -6.376112 -11.84415
2.002931 -15.62013 3.331067 -10.73486 -6.738896 -13.58075
2.48816 -16.43854 3.996693 -10.25342 -7.071506 -15.59776
3.03255 -17.2068 4.757509 -10.36048 -7.390648 -17.93366
3.721843 -16.39396 5.431757 -11.49044 -7.155307 -19.8226
4.508928 -15.71935 5.745045 -12.70685 -6.965428 -21.92871
2.721864 -20.67702 4.563705 -9.827832 -8.62711 -14.00337
1.90547 -26.84405 4.539803 -8.78924 -10.70247 -11.8333
1.666552 -31.65838 4.618479 -8.723643 -12.34861 -11.24832
2.109706 -31.42723 4.323778 -9.622728 -12.34601 -11.38513
2.607009 -31.79542 4.165139 -10.68122 -12.55083 -11.76963
3.172558 -21.04512 4.810419 -11.36442 -8.81474 -13.18367
3.807909 -17.13125 5.628503 -12.21105 -7.471522 -14.90687
4.446706 -17.16245 6.015851 -13.37565 -7.508672 -16.05099
3.470378 -18.98742 6.654816 -11.5616 -8.178939 -17.32375
3.81336 -16.40867 7.009003 -11.18596 -7.254596 -18.76536
4.295538 -20.28917 8.016533 -12.49467 -8.503336 -21.21406
4.828302 -25.19882 9.145558 -13.96292 -10.10331 -23.97877
4.971771 -29.91683 9.832742 -14.85962 -11.68437 -24.8573
3.109119 -35.00612 8.905817 -11.39836 -13.43508 -23.30211
1.676904 -42.76249 7.051597 -8.624912 -16.05225 -20.5091
0.9981442 -51.50308 6.037976 -7.544424 -19.01006 -19.36303
0.6099608 -57.7628 5.69348 -7.177458 -21.15616 -19.41003
0.5241334 -54.95065 6.388644 -7.485147 -20.29893 -20.32491
0.7870252 -60.48219 6.539195 -7.992746 -22.26588 -18.62906
1.068445 -66.05224 6.948334 -8.59551 -24.25894 -18.07501
1.373403 -71.70801 7.537755 -9.298462 -26.29402 -18.17245
1.706553 -77.50226 8.279615 -10.10863 -28.3891 -18.71715
2.07243 -83.49003 9.166006 -11.03474 -30.56314 -19.61509
2.374045 -55.4675 10.2594 -10.98156 -20.83689 -21.10382
2.54341 -28.17907 11.64043 -9.505221 -11.31183 -23.52556
2.908257 -22.26807 12.42405 -9.647501 -9.272981 -24.13617
3.368957 -20.28961 11.06563 -10.51705 -8.617161 -21.25039
2.92018 -23.25204 7.728766 -10.1319 -9.689458 -16.48065
2.468323 -27.31298 6.352802 -9.771922 -11.1527 -14.78762
2.146721 -31.51418 5.547711 -9.671159 -12.67492 -13.99144
1.903177 -35.79635 5.038364 -9.746598 -14.23594 -13.68215
1.965929 -41.70062 5.25393 -10.45329 -16.28782 -13.45476
2.272597 -27.44979 4.944255 -11.3899 -11.2193 -13.20342
2.621029 -24.76544 5.310375 -12.48711 -10.30934 -14.22285
2.995059 -24.30028 5.914753 -13.71796 -10.19467 -15.65428
3.404962 -24.19801 6.57626 -15.08238 -10.20984 -17.23374
3.854118 -24.34239 7.300254 -16.59296 -10.31449 -18.97522
4.347184 -24.66532 8.092326 -18.26373 -10.48497 -20.8939
4.452651 -24.81168 9.015829 -19.32374 -10.40044 -22.71965
4.326178 -25.94954 10.07584 -20.05721 -10.58558 -24.5719
4.248402 -28.18807 11.24838 -20.97701 -11.1851 -26.65826
4.209958 -31.35197 12.5442 -22.07491 -12.11523 -28.99552
4.204415 -35.38586 13.97442 -23.34915 -13.34427 -31.60292
4.227562 -40.28825 15.55144 -24.80254 -14.86409 -34.5023
4.276577 -46.08413 17.28871 -26.44143 -16.67832 -37.718
0 0 0 0 0 0
