0 1 : 27 16 28  7  6  0
0 2 : 14 28  7  6  0
0 1 : 13 14 28  7  6  0
0 2 :  9 20 28  7  6  0
0 3 : 26 30 11  5 12  4  0
0 4 : 24 22 18 17 30 11  5 12  4  0
0 1 : 25 24 22 18 17 30 11  5 12  4  0
0 3 : 15 30 11  5 12  4  0
0 1 : 31 29 23 21 19 10  8  3 12  4  0
0 1 :  2 20 28  7  6  0
0 1 :  1 25 24 22 18 17 30 11  5 12  4  0

1 g k 
2 i2 j 
3 i1 8 
4 i5 12 
5 i1 11 
6 i5 7 
7 6 28 
8 3 10 
9 i2 d 
10 8 19 
11 5 30 
12 4 i1 
13 b c 
14 i3 b 
15 i4 h 
16 i3 27 
17 i4 18 
18 17 22 
19 10 21 
20 i3 i2 
21 19 23 
22 18 24 
23 21 29 
24 22 f 
25 f g 
26 i4 e 
27 16 a 
28 7 i3 
29 23 31 
30 11 i4 
31 29 i 
a 27 
b 14 13 
c 13 
d 9 
e 26 
f 24 25 
g 25 1 
h 15 
i 31 
j 2 
k 1 
i1 12 5 3 
i2 20 9 2 
i3 28 16 14 20 
i4 30 26 17 15 
i5 4 6 
