-0.5041907 0.6586806 1.012233
0.4961652 1.217793 2.212031
0.1905065 0.2634138 2.776664
2.734907 0.2368681 2.353004
2.734907 0.2368681 2.353004
2.76658 -0.1655445 -0.3791061
2.76658 -0.1655445 -0.3791061
2.255808 -0.9518516 0.7866601
2.255808 -0.9518516 0.7866601
2.255808 -0.9518516 0.7866601
2.255808 -0.9518516 0.7866601
2.255808 -0.9518516 0.7866601
2.255808 -0.9518516 0.7866601
1.946062 -1.324784 2.167351
1.946062 -1.324784 2.167351
1.946062 -1.324784 2.167351
1.946062 -1.324784 2.167351
1.946062 -1.324784 2.167351
1.840569 -1.090966 1.979642
1.840569 -1.090966 1.979642
1.840569 -1.090966 1.979642
2.245385 0.6549197 2.70585
2.010668 0.09552507 2.548951
1.432103 0.1462608 2.175057
1.432103 0.1462608 2.175057
1.432103 0.1462608 2.175057
1.432103 0.1462608 2.175057
1.773457 -1.627504 2.374728
1.331181 -1.869118 0.6331625
1.331181 -1.869118 0.6331625
1.331181 -1.869118 0.6331625
2.614605 -8.91885 1.013244
2.614605 -8.91885 1.013244
2.244819 -7.854771 1.874097
2.262877 -7.419365 2.130249
2.262877 -7.419365 2.130249
1.617251 -7.363732 1.49226
1.617251 -7.363732 1.49226
1.617251 -7.363732 1.49226
1.643411 -6.783402 2.059074
0.7095062 -5.545684 1.194828
-0.3387105 -3.410748 0.869081
-0.3387105 -3.410748 0.869081
-0.3387105 -3.410748 0.869081
-0.01612067 -2.71174 1.039302
-0.01612067 -2.71174 1.039302
-0.01612067 -2.71174 1.039302
0.5906045 -0.9510183 0.1199565
0.7793292 -2.33822 -1.118342
0.7793292 -2.33822 -1.118342
0.7793292 -2.33822 -1.118342
-0.7880554 -4.178671 -0.2148787
-0.7880554 -4.178671 -0.2148787
-0.7880554 -4.178671 -0.2148787
1.364929 -5.568817 0.1906478
1.364929 -5.568817 0.1906478
1.874227 -4.979232 0.16299
1.874227 -4.979232 0.16299
1.183133 -6.154987 1.96694
1.183133 -6.154987 1.96694
2.052399 -4.018323 1.38334
1.282535 -3.937482 1.779649
1.282535 -3.937482 1.779649
1.282535 -3.937482 1.779649
1.282535 -3.937482 1.779649
1.282535 -3.937482 1.779649
0.4988082 -3.31545 1.405443
0.4988082 -3.31545 1.405443
0.2572151 -2.617327 0.5337653
0.2572151 -2.617327 0.5337653
0.2572151 -2.617327 0.5337653
0.05605307 -4.054924 0.9012517
0.05605307 -4.054924 0.9012517
0.06968265 -2.606511 1.606128
0.06968265 -2.606511 1.606128
0.06968265 -2.606511 1.606128
0.06968265 -2.606511 1.606128
-0.4156476 -3.054403 1.156506
-0.4156476 -3.054403 1.156506
-0.4156476 -3.054403 1.156506
-0.4156476 -3.054403 1.156506
-0.608873 -3.215154 0.9032003
-0.608873 -3.215154 0.9032003
-0.608873 -3.215154 0.9032003
-0.608873 -3.215154 0.9032003
-0.608873 -3.215154 0.9032003
0.08134255 -3.466036 0.5539564
0.08134255 -3.466036 0.5539564
0.08134255 -3.466036 0.5539564
0.08134255 -3.466036 0.5539564
0.08134255 -3.466036 0.5539564
0.09492995 -3.340043 0.6635855
0.09492995 -3.340043 0.6635855
0.09492995 -3.340043 0.6635855
0.09492995 -3.340043 0.6635855
0.09492995 -3.340043 0.6635855
0.09492995 -3.340043 0.6635855
0.09492995 -3.340043 0.6635855
0.09492995 -3.340043 0.6635855
0.09492995 -3.340043 0.6635855
-0.1165233 -3.053723 0.9074795
-0.3514512 -3.021367 0.8759532
0.7872383 -2.236121 0.7889186
0.7872383 -2.236121 0.7889186
0.7872383 -2.236121 0.7889186
0.7872383 -2.236121 0.7889186
0.7872383 -2.236121 0.7889186
0.7872383 -2.236121 0.7889186
0.7872383 -2.236121 0.7889186
0.7872383 -2.236121 0.7889186
0.7872383 -2.236121 0.7889186
0.7415023 -2.088051 0.4945923
0.7415023 -2.088051 0.4945923
0.7415023 -2.088051 0.4945923
0.7415023 -2.088051 0.4945923
0.7415023 -2.088051 0.4945923
0.7638106 -2.210162 0.4012141
0.7638106 -2.210162 0.4012141
0.7638106 -2.210162 0.4012141
0.7638106 -2.210162 0.4012141
0.7638106 -2.210162 0.4012141
0.649316 -2.347322 0.4132323
0.649316 -2.347322 0.4132323
0.649316 -2.347322 0.4132323
0.649316 -2.347322 0.4132323
0.649316 -2.347322 0.4132323
0.649316 -2.347322 0.4132323
0.649316 -2.347322 0.4132323
0.649316 -2.347322 0.4132323
0.649316 -2.347322 0.4132323
0.649316 -2.347322 0.4132323
0.5674177 -2.445951 0.445757
0.5674177 -2.445951 0.445757
0.5674177 -2.445951 0.445757
0.5674177 -2.445951 0.445757
0.5674177 -2.445951 0.445757
0.5674177 -2.445951 0.445757
0.5674177 -2.445951 0.445757
0.5674177 -2.445951 0.445757
0.5674177 -2.445951 0.445757
0.5674177 -2.445951 0.445757
0.5108673 -2.490553 0.4644783
0.5108673 -2.490553 0.4644783
0.5108673 -2.490553 0.4644783
0.5108673 -2.490553 0.4644783
0.5108673 -2.490553 0.4644783
0.5108673 -2.490553 0.4644783
0.5108673 -2.490553 0.4644783
0.5108673 -2.490553 0.4644783
0.5108673 -2.490553 0.4644783
0.5108673 -2.490553 0.4644783
0.4821865 -2.211391 0.3658993
0.4821865 -2.211391 0.3658993
0.4821865 -2.211391 0.3658993
0.4821865 -2.211391 0.3658993
0.4821865 -2.211391 0.3658993
0.4821865 -2.211391 0.3658993
0.4821865 -2.211391 0.3658993
0.4821865 -2.211391 0.3658993
0.4821865 -2.211391 0.3658993
0.4821865 -2.211391 0.3658993
0.6096949 -1.798276 0.1682396
0.6096949 -1.798276 0.1682396
0.6096949 -1.798276 0.1682396
0.6096949 -1.798276 0.1682396
-0.1946974 -2.621547 0.7879537
-0.1946974 -2.621547 0.7879537
-0.1946974 -2.621547 0.7879537
0.6570872 -2.157412 0.4350578
0.6570872 -2.157412 0.4350578
0.6570872 -2.157412 0.4350578
0.4853123 -2.525577 0.4275452
0.4853123 -2.525577 0.4275452
0.4853123 -2.525577 0.4275452
0.4853123 -2.525577 0.4275452
0.4853123 -2.525577 0.4275452
0.4853123 -2.525577 0.4275452
0.4853123 -2.525577 0.4275452
0.4853123 -2.525577 0.4275452
0.4853123 -2.525577 0.4275452
0.4853123 -2.525577 0.4275452
0.3319562 -2.845013 0.4363823
0.3319562 -2.845013 0.4363823
0.3319562 -2.845013 0.4363823
0.3319562 -2.845013 0.4363823
0.3319562 -2.845013 0.4363823
0.3319562 -2.845013 0.4363823
0.3319562 -2.845013 0.4363823
0.3319562 -2.845013 0.4363823
0.3319562 -2.845013 0.4363823
0.3319562 -2.845013 0.4363823
0.2229098 -3.038521 0.4376727
0.2229098 -3.038521 0.4376727
0.2229098 -3.038521 0.4376727
0.2229098 -3.038521 0.4376727
0.3769445 -2.451033 0.9345419
0.3769445 -2.451033 0.9345419
0.3769445 -2.451033 0.9345419
0.3769445 -2.451033 0.9345419
0.3769445 -2.451033 0.9345419
0.3769445 -2.451033 0.9345419
0.2826792 -2.665045 0.8777109
0.2826792 -2.665045 0.8777109
0.2826792 -2.665045 0.8777109
0.2826792 -2.665045 0.8777109
0.2826792 -2.665045 0.8777109
0.2826792 -2.665045 0.8777109
0.2826792 -2.665045 0.8777109
0.2826792 -2.665045 0.8777109
0.2826792 -2.665045 0.8777109
0.2826792 -2.665045 0.8777109
0.1965992 -2.790581 0.8230095
0.1965992 -2.790581 0.8230095
0.1965992 -2.790581 0.8230095
0.1965992 -2.790581 0.8230095
0.1965992 -2.790581 0.8230095
0.1965992 -2.790581 0.8230095
0.1965992 -2.790581 0.8230095
0.1965992 -2.790581 0.8230095
0.1965992 -2.790581 0.8230095
0.1965992 -2.790581 0.8230095
0.3395392 -1.603302 0.8577597
0.5714592 -1.572145 0.4751816
0.5714592 -1.572145 0.4751816
0.5714592 -1.572145 0.4751816
0.5714592 -1.572145 0.4751816
0.5714592 -1.572145 0.4751816
0.8745214 -2.816113 0.1353504
0.8745214 -2.816113 0.1353504
0.8745214 -2.816113 0.1353504
-0.4715776 -3.695552 0.2705686
-0.3648119 -3.672871 0.3877588
-0.3648119 -3.672871 0.3877588
-0.3648119 -3.672871 0.3877588
-0.3648119 -3.672871 0.3877588
-0.3648119 -3.672871 0.3877588
-0.3648119 -3.672871 0.3877588
-0.3648119 -3.672871 0.3877588
-0.3648119 -3.672871 0.3877588
-0.3648119 -3.672871 0.3877588
-0.3648119 -3.672871 0.3877588
-0.3514572 -3.698736 0.4307
-0.3514572 -3.698736 0.4307
-0.3514572 -3.698736 0.4307
-0.3514572 -3.698736 0.4307
-0.3514572 -3.698736 0.4307
-0.3514572 -3.698736 0.4307
-0.3514572 -3.698736 0.4307
-0.3514572 -3.698736 0.4307
-0.3514572 -3.698736 0.4307
-0.3514572 -3.698736 0.4307
-0.3576079 -3.687576 0.4848527
-0.3576079 -3.687576 0.4848527
-0.3576079 -3.687576 0.4848527
-0.3576079 -3.687576 0.4848527
-0.3576079 -3.687576 0.4848527
-0.3576079 -3.687576 0.4848527
-0.3576079 -3.687576 0.4848527
-0.3576079 -3.687576 0.4848527
-0.3576079 -3.687576 0.4848527
-0.3576079 -3.687576 0.4848527
-0.3592517 -3.65668 0.5253966
-0.3592517 -3.65668 0.5253966
-0.3592517 -3.65668 0.5253966
-0.3592517 -3.65668 0.5253966
-0.3592517 -3.65668 0.5253966
-0.3592517 -3.65668 0.5253966
-0.3592517 -3.65668 0.5253966
-0.3592517 -3.65668 0.5253966
-0.3592517 -3.65668 0.5253966
-0.3592517 -3.65668 0.5253966
0.3899366 -2.743048 0.6973921
0.3899366 -2.743048 0.6973921
0.3899366 -2.743048 0.6973921
0.3899366 -2.743048 0.6973921
0.3899366 -2.743048 0.6973921
0.3899366 -2.743048 0.6973921
0.3899366 -2.743048 0.6973921
0.3899366 -2.743048 0.6973921
0.3899366 -2.743048 0.6973921
0.3899366 -2.743048 0.6973921
0.3379907 -2.75421 0.7054469
0.3379907 -2.75421 0.7054469
0.3379907 -2.75421 0.7054469
0.3379907 -2.75421 0.7054469
0.3379907 -2.75421 0.7054469
0.3379907 -2.75421 0.7054469
0.3379907 -2.75421 0.7054469
0.3379907 -2.75421 0.7054469
0.3379907 -2.75421 0.7054469
0.3379907 -2.75421 0.7054469
0.2894652 -2.757825 0.708786
0.2894652 -2.757825 0.708786
0.2894652 -2.757825 0.708786
0.2894652 -2.757825 0.708786
0.2894652 -2.757825 0.708786
0.2894652 -2.757825 0.708786
0.2894652 -2.757825 0.708786
0.2894652 -2.757825 0.708786
0.2894652 -2.757825 0.708786
0.2894652 -2.757825 0.708786
0.2445606 -2.758 0.7089426
0.2445606 -2.758 0.7089426
0.2445606 -2.758 0.7089426
0.2445606 -2.758 0.7089426
0.2445606 -2.758 0.7089426
0.2445606 -2.758 0.7089426
0.2445606 -2.758 0.7089426
0.2445606 -2.758 0.7089426
0.2445606 -2.758 0.7089426
0.2445606 -2.758 0.7089426
0.2035672 -2.768204 0.7218498
0.2035672 -2.768204 0.7218498
0.2035672 -2.768204 0.7218498
0.2035672 -2.768204 0.7218498
0.2035672 -2.768204 0.7218498
0.2035672 -2.768204 0.7218498
0.2035672 -2.768204 0.7218498
0.2035672 -2.768204 0.7218498
0.2035672 -2.768204 0.7218498
0.2035672 -2.768204 0.7218498
0.1864794 -2.836089 0.7109686
0.1864794 -2.836089 0.7109686
0.1864794 -2.836089 0.7109686
0.1864794 -2.836089 0.7109686
0.1864794 -2.836089 0.7109686
0.1864794 -2.836089 0.7109686
0.1864794 -2.836089 0.7109686
0.1864794 -2.836089 0.7109686
0.1864794 -2.836089 0.7109686
0.1864794 -2.836089 0.7109686
0.1809661 -2.934314 0.6794032
0.1809661 -2.934314 0.6794032
0.1809661 -2.934314 0.6794032
0.1809661 -2.934314 0.6794032
0.1809661 -2.934314 0.6794032
0.1809661 -2.934314 0.6794032
0.1809661 -2.934314 0.6794032
0.1809661 -2.934314 0.6794032
0.1809661 -2.934314 0.6794032
0.1809661 -2.934314 0.6794032
0.1858658 -2.989258 0.6744715
0.1858658 -2.989258 0.6744715
0.1858658 -2.989258 0.6744715
0.1858658 -2.989258 0.6744715
0.1858658 -2.989258 0.6744715
0.1858658 -2.989258 0.6744715
0.1858658 -2.989258 0.6744715
0.1858658 -2.989258 0.6744715
0.1858658 -2.989258 0.6744715
0.1858658 -2.989258 0.6744715
0.2113908 -2.974851 0.7126828
0.2113908 -2.974851 0.7126828
0.2113908 -2.974851 0.7126828
0.2113908 -2.974851 0.7126828
0.2113908 -2.974851 0.7126828
0.2113908 -2.974851 0.7126828
0.2113908 -2.974851 0.7126828
0.2113908 -2.974851 0.7126828
0.2113908 -2.974851 0.7126828
0.2113908 -2.974851 0.7126828
0.2274736 -2.965353 0.7436378
0.2274736 -2.965353 0.7436378
0.2274736 -2.965353 0.7436378
0.2274736 -2.965353 0.7436378
0.2274736 -2.965353 0.7436378
0.2274736 -2.965353 0.7436378
0.2274736 -2.965353 0.7436378
0.2274736 -2.965353 0.7436378
0.2274736 -2.965353 0.7436378
0.2274736 -2.965353 0.7436378
0.2369422 -2.958528 0.7684394
0.2369422 -2.958528 0.7684394
0.2369422 -2.958528 0.7684394
0.2369422 -2.958528 0.7684394
0.2369422 -2.958528 0.7684394
0.2369422 -2.958528 0.7684394
0.2369422 -2.958528 0.7684394
0.2369422 -2.958528 0.7684394
0.2369422 -2.958528 0.7684394
0.2369422 -2.958528 0.7684394
0.2289229 -2.841779 0.7023645
0.2289229 -2.841779 0.7023645
0.2289229 -2.841779 0.7023645
0.2289229 -2.841779 0.7023645
0.2289229 -2.841779 0.7023645
0.2289229 -2.841779 0.7023645
0.2289229 -2.841779 0.7023645
0.2289229 -2.841779 0.7023645
0.2289229 -2.841779 0.7023645
0.2289229 -2.841779 0.7023645
0.2086858 -2.708198 0.5890195
0.2086858 -2.708198 0.5890195
0.2086858 -2.708198 0.5890195
0.2086858 -2.708198 0.5890195
0.2086858 -2.708198 0.5890195
0.2086858 -2.708198 0.5890195
0.2086858 -2.708198 0.5890195
0.2086858 -2.708198 0.5890195
0.2086858 -2.708198 0.5890195
0.2086858 -2.708198 0.5890195
0.238984 -2.5858 0.5228601
0.238984 -2.5858 0.5228601
0.238984 -2.5858 0.5228601
-0.3178599 -3.258786 0.8037677
-0.3178599 -3.258786 0.8037677
-0.3178599 -3.258786 0.8037677
-0.3178599 -3.258786 0.8037677
-0.3178599 -3.258786 0.8037677
-0.3178599 -3.258786 0.8037677
-0.3178599 -3.258786 0.8037677
-0.3723267 -3.189737 0.7808456
-0.3723267 -3.189737 0.7808456
-0.3723267 -3.189737 0.7808456
-0.3723267 -3.189737 0.7808456
-0.3723267 -3.189737 0.7808456
-0.3723267 -3.189737 0.7808456
-0.3723267 -3.189737 0.7808456
-0.3723267 -3.189737 0.7808456
-0.3723267 -3.189737 0.7808456
-0.3723267 -3.189737 0.7808456
-0.3260491 -3.220192 0.7658503
-0.3260491 -3.220192 0.7658503
-0.3260491 -3.220192 0.7658503
-0.3260491 -3.220192 0.7658503
-0.3260491 -3.220192 0.7658503
-0.3260491 -3.220192 0.7658503
-0.3260491 -3.220192 0.7658503
0.2527661 -2.440506 0.5265345
0.2527661 -2.440506 0.5265345
0.2527661 -2.440506 0.5265345
0.2698111 -2.55553 0.5268222
0.2698111 -2.55553 0.5268222
0.2698111 -2.55553 0.5268222
0.2698111 -2.55553 0.5268222
0.2698111 -2.55553 0.5268222
0.2698111 -2.55553 0.5268222
0.2698111 -2.55553 0.5268222
0.2698111 -2.55553 0.5268222
0.2698111 -2.55553 0.5268222
0.2698111 -2.55553 0.5268222
0.2423112 -2.656781 0.50013
0.2423112 -2.656781 0.50013
0.2423112 -2.656781 0.50013
0.2423112 -2.656781 0.50013
0.2423112 -2.656781 0.50013
0.2423112 -2.656781 0.50013
0.2423112 -2.656781 0.50013
0.2423112 -2.656781 0.50013
0.2423112 -2.656781 0.50013
0.2423112 -2.656781 0.50013
0.2183231 -2.723343 0.4775475
0.2183231 -2.723343 0.4775475
0.2183231 -2.723343 0.4775475
0.2183231 -2.723343 0.4775475
0.2183231 -2.723343 0.4775475
0.2183231 -2.723343 0.4775475
0.2183231 -2.723343 0.4775475
0.2183231 -2.723343 0.4775475
0.2183231 -2.723343 0.4775475
0.2183231 -2.723343 0.4775475
0.1578893 -2.763358 0.4532002
0.1578893 -2.763358 0.4532002
0.1578893 -2.763358 0.4532002
0.1578893 -2.763358 0.4532002
0.1578893 -2.763358 0.4532002
0.1578893 -2.763358 0.4532002
0.1578893 -2.763358 0.4532002
0.1578893 -2.763358 0.4532002
0.1578893 -2.763358 0.4532002
0.1578893 -2.763358 0.4532002
0.1302694 -2.630198 0.4102591
0.1302694 -2.630198 0.4102591
0.1302694 -2.630198 0.4102591
0.1302694 -2.630198 0.4102591
0.1302694 -2.630198 0.4102591
0.1302694 -2.630198 0.4102591
0.1302694 -2.630198 0.4102591
0.1302694 -2.630198 0.4102591
0.1302694 -2.630198 0.4102591
0.1302694 -2.630198 0.4102591
0.156165 -2.410057 0.3481374
0.156165 -2.410057 0.3481374
0.156165 -2.410057 0.3481374
0.156165 -2.410057 0.3481374
0.156165 -2.410057 0.3481374
0.156165 -2.410057 0.3481374
0.156165 -2.410057 0.3481374
0.156165 -2.410057 0.3481374
0.156165 -2.410057 0.3481374
0.156165 -2.410057 0.3481374
0.1773711 -2.302459 0.2980796
0.1773711 -2.302459 0.2980796
0.1773711 -2.302459 0.2980796
0.1773711 -2.302459 0.2980796
0.1773711 -2.302459 0.2980796
0.1773711 -2.302459 0.2980796
0.1773711 -2.302459 0.2980796
0.1773711 -2.302459 0.2980796
0.1773711 -2.302459 0.2980796
0.1773711 -2.302459 0.2980796
0.2295085 -2.279681 0.2821992
0.2295085 -2.279681 0.2821992
0.2295085 -2.279681 0.2821992
0.2295085 -2.279681 0.2821992
0.2295085 -2.279681 0.2821992
0.2295085 -2.279681 0.2821992
0.2295085 -2.279681 0.2821992
0.2295085 -2.279681 0.2821992
0.2295085 -2.279681 0.2821992
0.2295085 -2.279681 0.2821992
0.3012411 -2.292518 0.29205
0.3012411 -2.292518 0.29205
0.3012411 -2.292518 0.29205
0.3012411 -2.292518 0.29205
0.3012411 -2.292518 0.29205
0.3012411 -2.292518 0.29205
0.3012411 -2.292518 0.29205
0.3012411 -2.292518 0.29205
0.3012411 -2.292518 0.29205
0.3012411 -2.292518 0.29205
0.3599351 -2.299835 0.2998675
0.3599351 -2.299835 0.2998675
0.3599351 -2.299835 0.2998675
0.3599351 -2.299835 0.2998675
0.3599351 -2.299835 0.2998675
0.3599351 -2.299835 0.2998675
0.3599351 -2.299835 0.2998675
0.3599351 -2.299835 0.2998675
0.3599351 -2.299835 0.2998675
0.3599351 -2.299835 0.2998675
0.40931 -2.303946 0.3059673
0.40931 -2.303946 0.3059673
0.40931 -2.303946 0.3059673
0.40931 -2.303946 0.3059673
0.40931 -2.303946 0.3059673
0.40931 -2.303946 0.3059673
0.40931 -2.303946 0.3059673
0.40931 -2.303946 0.3059673
0.40931 -2.303946 0.3059673
0.40931 -2.303946 0.3059673
0.4345796 -2.266527 0.3127085
0.4345796 -2.266527 0.3127085
0.4345796 -2.266527 0.3127085
0.4345796 -2.266527 0.3127085
0.4182631 -2.050124 0.3923215
0.4182631 -2.050124 0.3923215
0.4182631 -2.050124 0.3923215
0.4182631 -2.050124 0.3923215
0.4182631 -2.050124 0.3923215
0.4182631 -2.050124 0.3923215
0.4445226 -2.012468 0.3744604
0.4445226 -2.012468 0.3744604
0.4445226 -2.012468 0.3744604
0.4445226 -2.012468 0.3744604
0.4445226 -2.012468 0.3744604
0.4445226 -2.012468 0.3744604
0.4445226 -2.012468 0.3744604
0.4445226 -2.012468 0.3744604
0.4445226 -2.012468 0.3744604
0.4445226 -2.012468 0.3744604
0.3788943 -2.177247 0.4666391
0.3788943 -2.177247 0.4666391
0.3788943 -2.177247 0.4666391
0.3788943 -2.177247 0.4666391
0.3788943 -2.177247 0.4666391
0.3788943 -2.177247 0.4666391
0.3788943 -2.177247 0.4666391
0.3788943 -2.177247 0.4666391
0.3788943 -2.177247 0.4666391
0.3788943 -2.177247 0.4666391
0.3245519 -2.311151 0.5367285
0.3245519 -2.311151 0.5367285
0.3245519 -2.311151 0.5367285
0.3245519 -2.311151 0.5367285
0.3245519 -2.311151 0.5367285
0.3245519 -2.311151 0.5367285
0.3245519 -2.311151 0.5367285
0.3245519 -2.311151 0.5367285
0.3245519 -2.311151 0.5367285
0.3245519 -2.311151 0.5367285
0.2991476 -2.380273 0.5675788
0.2991476 -2.380273 0.5675788
0.2991476 -2.380273 0.5675788
0.2991476 -2.380273 0.5675788
0.2991476 -2.380273 0.5675788
0.2991476 -2.380273 0.5675788
0.2991476 -2.380273 0.5675788
0.2991476 -2.380273 0.5675788
0.2991476 -2.380273 0.5675788
0.2991476 -2.380273 0.5675788
0.3221208 -2.362078 0.5357852
0.3221208 -2.362078 0.5357852
0.3221208 -2.362078 0.5357852
0.3221208 -2.362078 0.5357852
0.3221208 -2.362078 0.5357852
0.3221208 -2.362078 0.5357852
0.3221208 -2.362078 0.5357852
0.3221208 -2.362078 0.5357852
0.3221208 -2.362078 0.5357852
0.3221208 -2.362078 0.5357852
0.3416729 -2.351384 0.5073011
0.3416729 -2.351384 0.5073011
0.3416729 -2.351384 0.5073011
0.3416729 -2.351384 0.5073011
0.3416729 -2.351384 0.5073011
0.3416729 -2.351384 0.5073011
0.3416729 -2.351384 0.5073011
0.3416729 -2.351384 0.5073011
0.3416729 -2.351384 0.5073011
0.3416729 -2.351384 0.5073011
0.3737442 -2.170389 0.5098013
0.3737442 -2.170389 0.5098013
0.3737442 -2.170389 0.5098013
0.3737442 -2.170389 0.5098013
0.3737442 -2.170389 0.5098013
0.3737442 -2.170389 0.5098013
0.3737442 -2.170389 0.5098013
0.3737442 -2.170389 0.5098013
0.3737442 -2.170389 0.5098013
0.3737442 -2.170389 0.5098013
0.4030464 -2.057069 0.5138446
0.4030464 -2.057069 0.5138446
0.4030464 -2.057069 0.5138446
0.4030464 -2.057069 0.5138446
0.4030464 -2.057069 0.5138446
0.4030464 -2.057069 0.5138446
0.4030464 -2.057069 0.5138446
0.4030464 -2.057069 0.5138446
0.4030464 -2.057069 0.5138446
0.4030464 -2.057069 0.5138446
0.4195613 -2.050477 0.5060972
0.4195613 -2.050477 0.5060972
0.4195613 -2.050477 0.5060972
0.4195613 -2.050477 0.5060972
0.4195613 -2.050477 0.5060972
0.4195613 -2.050477 0.5060972
0.4195613 -2.050477 0.5060972
0.4195613 -2.050477 0.5060972
0.4195613 -2.050477 0.5060972
0.4195613 -2.050477 0.5060972
0.3938369 -2.096154 0.5105129
0.3938369 -2.096154 0.5105129
0.3938369 -2.096154 0.5105129
0.3938369 -2.096154 0.5105129
0.3938369 -2.096154 0.5105129
0.3938369 -2.096154 0.5105129
0.3938369 -2.096154 0.5105129
0.3938369 -2.096154 0.5105129
0.3938369 -2.096154 0.5105129
0.2178198 -3.084172 0.6293073
0.257161 -3.071646 0.6090508
0.257161 -3.071646 0.6090508
0.257161 -3.071646 0.6090508
0.257161 -3.071646 0.6090508
0.257161 -3.071646 0.6090508
0.257161 -3.071646 0.6090508
0.257161 -3.071646 0.6090508
0.257161 -3.071646 0.6090508
0.257161 -3.071646 0.6090508
0.257161 -3.071646 0.6090508
0.2645278 -3.134021 0.5994058
0.2645278 -3.134021 0.5994058
0.2645278 -3.134021 0.5994058
0.2645278 -3.134021 0.5994058
0.2645278 -3.134021 0.5994058
0.2645278 -3.134021 0.5994058
0.2645278 -3.134021 0.5994058
0.2645278 -3.134021 0.5994058
0.2645278 -3.134021 0.5994058
0.2645278 -3.134021 0.5994058
0.2708351 -3.180294 0.5897391
0.2708351 -3.180294 0.5897391
0.2708351 -3.180294 0.5897391
0.2708351 -3.180294 0.5897391
0.2708351 -3.180294 0.5897391
0.2708351 -3.180294 0.5897391
0.2708351 -3.180294 0.5897391
0.2708351 -3.180294 0.5897391
0.2708351 -3.180294 0.5897391
0.2708351 -3.180294 0.5897391
0.2619362 -3.198453 0.6001732
0.2619362 -3.198453 0.6001732
0.2619362 -3.198453 0.6001732
0.2619362 -3.198453 0.6001732
0.2619362 -3.198453 0.6001732
0.2619362 -3.198453 0.6001732
0.2619362 -3.198453 0.6001732
0.2619362 -3.198453 0.6001732
0.2619362 -3.198453 0.6001732
0.2619362 -3.198453 0.6001732
0.1898367 -3.20057 0.5934978
0.1898367 -3.20057 0.5934978
0.1898367 -3.20057 0.5934978
0.1898367 -3.20057 0.5934978
0.1898367 -3.20057 0.5934978
0.08368429 -2.943291 0.8422739
0.08368429 -2.943291 0.8422739
0.08368429 -2.943291 0.8422739
0.08368429 -2.943291 0.8422739
0.08368429 -2.943291 0.8422739
-0.02293051 -2.972898 0.834227
-0.02293051 -2.972898 0.834227
-0.02293051 -2.972898 0.834227
-0.02293051 -2.972898 0.834227
-0.02293051 -2.972898 0.834227
-0.02293051 -2.972898 0.834227
-0.02293051 -2.972898 0.834227
-0.02293051 -2.972898 0.834227
-0.02293051 -2.972898 0.834227
-0.02293051 -2.972898 0.834227
-0.1000506 -2.993135 0.8165079
-0.1000506 -2.993135 0.8165079
-0.1000506 -2.993135 0.8165079
-0.1000506 -2.993135 0.8165079
-0.1000506 -2.993135 0.8165079
-0.1000506 -2.993135 0.8165079
-0.1000506 -2.993135 0.8165079
-0.1000506 -2.993135 0.8165079
-0.1000506 -2.993135 0.8165079
-0.1000506 -2.993135 0.8165079
-0.1531366 -2.999398 0.797353
-0.1531366 -2.999398 0.797353
-0.1531366 -2.999398 0.797353
-0.1531366 -2.999398 0.797353
-0.1531366 -2.999398 0.797353
-0.1531366 -2.999398 0.797353
-0.1531366 -2.999398 0.797353
-0.1531366 -2.999398 0.797353
-0.1531366 -2.999398 0.797353
-0.1531366 -2.999398 0.797353
-0.1630346 -2.981782 0.8068373
-0.1630346 -2.981782 0.8068373
-0.1630346 -2.981782 0.8068373
-0.1630346 -2.981782 0.8068373
-0.1630346 -2.981782 0.8068373
-0.1630346 -2.981782 0.8068373
-0.1630346 -2.981782 0.8068373
-0.1630346 -2.981782 0.8068373
-0.1630346 -2.981782 0.8068373
-0.1630346 -2.981782 0.8068373
-0.1269513 -2.978653 0.8654239
-0.1269513 -2.978653 0.8654239
-0.1269513 -2.978653 0.8654239
-0.1269513 -2.978653 0.8654239
-0.1269513 -2.978653 0.8654239
-0.1269513 -2.978653 0.8654239
-0.1269513 -2.978653 0.8654239
-0.1269513 -2.978653 0.8654239
-0.1269513 -2.978653 0.8654239
-0.1269513 -2.978653 0.8654239
-0.09296158 -2.97408 0.9066048
-0.09296158 -2.97408 0.9066048
-0.09296158 -2.97408 0.9066048
-0.09296158 -2.97408 0.9066048
-0.09296158 -2.97408 0.9066048
-0.09296158 -2.97408 0.9066048
-0.09296158 -2.97408 0.9066048
-0.09296158 -2.97408 0.9066048
-0.09296158 -2.97408 0.9066048
-0.09296158 -2.97408 0.9066048
-0.0610933 -2.968517 0.9355361
-0.0610933 -2.968517 0.9355361
-0.0610933 -2.968517 0.9355361
-0.0610933 -2.968517 0.9355361
-0.0610933 -2.968517 0.9355361
-0.0610933 -2.968517 0.9355361
-0.0610933 -2.968517 0.9355361
-0.0610933 -2.968517 0.9355361
-0.0610933 -2.968517 0.9355361
-0.0610933 -2.968517 0.9355361
-0.03134876 -2.962278 0.955428
-0.03134876 -2.962278 0.955428
-0.03134876 -2.962278 0.955428
-0.03134876 -2.962278 0.955428
-0.03134876 -2.962278 0.955428
-0.03134876 -2.962278 0.955428
-0.03134876 -2.962278 0.955428
-0.03134876 -2.962278 0.955428
-0.03134876 -2.962278 0.955428
-0.03134876 -2.962278 0.955428
-0.003703614 -2.955583 0.968449
-0.003703614 -2.955583 0.968449
-0.003703614 -2.955583 0.968449
-0.003703614 -2.955583 0.968449
-0.003703614 -2.955583 0.968449
-0.003703614 -2.955583 0.968449
-0.003703614 -2.955583 0.968449
-0.003703614 -2.955583 0.968449
-0.003703614 -2.955583 0.968449
-0.003703614 -2.955583 0.968449
0.02427215 -2.933102 0.9692617
0.02427215 -2.933102 0.9692617
0.02427215 -2.933102 0.9692617
0.02427215 -2.933102 0.9692617
0.02427215 -2.933102 0.9692617
0.02427215 -2.933102 0.9692617
0.02427215 -2.933102 0.9692617
0.02427215 -2.933102 0.9692617
0.02427215 -2.933102 0.9692617
0.02427215 -2.933102 0.9692617
0.06136239 -2.859077 0.9523506
0.06136239 -2.859077 0.9523506
0.06136239 -2.859077 0.9523506
0.06136239 -2.859077 0.9523506
0.06136239 -2.859077 0.9523506
0.06136239 -2.859077 0.9523506
0.06136239 -2.859077 0.9523506
0.06136239 -2.859077 0.9523506
0.06136239 -2.859077 0.9523506
0.06136239 -2.859077 0.9523506
0.1379258 -3.174525 0.5815237
0.1379258 -3.174525 0.5815237
0.1379258 -3.174525 0.5815237
0.1379258 -3.174525 0.5815237
0.1379258 -3.174525 0.5815237
0.1379258 -3.174525 0.5815237
0.1379258 -3.174525 0.5815237
0.1379258 -3.174525 0.5815237
0.1379258 -3.174525 0.5815237
0.1379258 -3.174525 0.5815237
0.1637823 -3.156558 0.5918672
0.1637823 -3.156558 0.5918672
0.1637823 -3.156558 0.5918672
0.1637823 -3.156558 0.5918672
0.1637823 -3.156558 0.5918672
0.1637823 -3.156558 0.5918672
0.1637823 -3.156558 0.5918672
0.1637823 -3.156558 0.5918672
0.1637823 -3.156558 0.5918672
0.1637823 -3.156558 0.5918672
0.1287663 -3.156017 0.5497385
0.1287663 -3.156017 0.5497385
0.1287663 -3.156017 0.5497385
0.1287663 -3.156017 0.5497385
0.1287663 -3.156017 0.5497385
0.1287663 -3.156017 0.5497385
0.1287663 -3.156017 0.5497385
0.1287663 -3.156017 0.5497385
0.1287663 -3.156017 0.5497385
0.1287663 -3.156017 0.5497385
0.09028093 -3.153909 0.5148745
0.09028093 -3.153909 0.5148745
0.09028093 -3.153909 0.5148745
0.09028093 -3.153909 0.5148745
0.09028093 -3.153909 0.5148745
0.09028093 -3.153909 0.5148745
0.09028093 -3.153909 0.5148745
-0.1587766 -2.777297 0.9287663
-0.1587766 -2.777297 0.9287663
-0.1587766 -2.777297 0.9287663
-0.1914828 -2.794272 0.9096701
-0.1914828 -2.794272 0.9096701
-0.1914828 -2.794272 0.9096701
-0.1914828 -2.794272 0.9096701
-0.1914828 -2.794272 0.9096701
-0.1914828 -2.794272 0.9096701
-0.1914828 -2.794272 0.9096701
-0.1914828 -2.794272 0.9096701
-0.1914828 -2.794272 0.9096701
-0.1914828 -2.794272 0.9096701
-0.2164992 -2.805047 0.8871566
-0.2164992 -2.805047 0.8871566
-0.2164992 -2.805047 0.8871566
-0.2164992 -2.805047 0.8871566
-0.2164992 -2.805047 0.8871566
-0.2164992 -2.805047 0.8871566
-0.2164992 -2.805047 0.8871566
-0.2164992 -2.805047 0.8871566
-0.2164992 -2.805047 0.8871566
-0.2164992 -2.805047 0.8871566
-0.2093747 -2.831852 0.9137246
-0.2093747 -2.831852 0.9137246
-0.2093747 -2.831852 0.9137246
-0.2093747 -2.831852 0.9137246
-0.2093747 -2.831852 0.9137246
-0.05880799 -2.714199 0.8558992
-0.05880799 -2.714199 0.8558992
-0.05880799 -2.714199 0.8558992
-0.05880799 -2.714199 0.8558992
-0.05880799 -2.714199 0.8558992
-0.03683283 -2.632166 0.8442438
-0.03683283 -2.632166 0.8442438
-0.03683283 -2.632166 0.8442438
-0.03683283 -2.632166 0.8442438
-0.03683283 -2.632166 0.8442438
-0.03683283 -2.632166 0.8442438
-0.03683283 -2.632166 0.8442438
-0.03683283 -2.632166 0.8442438
-0.03683283 -2.632166 0.8442438
-0.03683283 -2.632166 0.8442438
-0.01573403 -2.595749 0.8259549
-0.01573403 -2.595749 0.8259549
-0.01573403 -2.595749 0.8259549
-0.01573403 -2.595749 0.8259549
-0.01573403 -2.595749 0.8259549
-0.01573403 -2.595749 0.8259549
-0.01573403 -2.595749 0.8259549
-0.01573403 -2.595749 0.8259549
-0.01573403 -2.595749 0.8259549
-0.01573403 -2.595749 0.8259549
0.003127439 -2.578222 0.8091973
0.003127439 -2.578222 0.8091973
0.003127439 -2.578222 0.8091973
0.003127439 -2.578222 0.8091973
0.003127439 -2.578222 0.8091973
0.003127439 -2.578222 0.8091973
0.003127439 -2.578222 0.8091973
0.003127439 -2.578222 0.8091973
0.003127439 -2.578222 0.8091973
0.003127439 -2.578222 0.8091973
0.02057825 -2.564512 0.79268
0.02057825 -2.564512 0.79268
0.3405917 -3.087659 0.4921918
0.3405917 -3.087659 0.4921918
0.3405917 -3.087659 0.4921918
0.3405917 -3.087659 0.4921918
0.3405917 -3.087659 0.4921918
0.3405917 -3.087659 0.4921918
0.3405917 -3.087659 0.4921918
0.3405917 -3.087659 0.4921918
0.3418028 -3.073954 0.4901014
0.3418028 -3.073954 0.4901014
0.3418028 -3.073954 0.4901014
0.3418028 -3.073954 0.4901014
0.3418028 -3.073954 0.4901014
0.3418028 -3.073954 0.4901014
0.3418028 -3.073954 0.4901014
0.3418028 -3.073954 0.4901014
0.3418028 -3.073954 0.4901014
0.3418028 -3.073954 0.4901014
0.3424086 -3.060536 0.4877167
0.3424086 -3.060536 0.4877167
0.3424086 -3.060536 0.4877167
0.3424086 -3.060536 0.4877167
0.3424086 -3.060536 0.4877167
0.3424086 -3.060536 0.4877167
0.3424086 -3.060536 0.4877167
0.3424086 -3.060536 0.4877167
0.3424086 -3.060536 0.4877167
0.3351959 -2.521617 0.1493087
0.3248723 -2.555474 0.1685898
0.3248723 -2.555474 0.1685898
0.3248723 -2.555474 0.1685898
0.3248723 -2.555474 0.1685898
0.4834874 -2.47252 0.747455
0.4834874 -2.47252 0.747455
0.4834874 -2.47252 0.747455
0.4834874 -2.47252 0.747455
0.4834874 -2.47252 0.747455
0.4834874 -2.47252 0.747455
0.4640662 -2.537505 0.7472034
0.4640662 -2.537505 0.7472034
0.4640662 -2.537505 0.7472034
0.4640662 -2.537505 0.7472034
0.4640662 -2.537505 0.7472034
0.4640662 -2.537505 0.7472034
0.4640662 -2.537505 0.7472034
0.4640662 -2.537505 0.7472034
0.4640662 -2.537505 0.7472034
0.4640662 -2.537505 0.7472034
0.4453631 -2.603903 0.7456284
0.4453631 -2.603903 0.7456284
0.4453631 -2.603903 0.7456284
0.4453631 -2.603903 0.7456284
0.4453631 -2.603903 0.7456284
0.4453631 -2.603903 0.7456284
0.4453631 -2.603903 0.7456284
0.4453631 -2.603903 0.7456284
0.4453631 -2.603903 0.7456284
0.4453631 -2.603903 0.7456284
0.4273947 -2.668292 0.7429738
0.4273947 -2.668292 0.7429738
0.4273947 -2.668292 0.7429738
0.4273947 -2.668292 0.7429738
0.4273947 -2.668292 0.7429738
0.4273947 -2.668292 0.7429738
0.4273947 -2.668292 0.7429738
0.4273947 -2.668292 0.7429738
0.4273947 -2.668292 0.7429738
0.4273947 -2.668292 0.7429738
0.4101654 -2.728444 0.7394466
0.4101654 -2.728444 0.7394466
0.4101654 -2.728444 0.7394466
0.4101654 -2.728444 0.7394466
0.4101654 -2.728444 0.7394466
0.4101654 -2.728444 0.7394466
0.4101654 -2.728444 0.7394466
0.4101654 -2.728444 0.7394466
0.4101654 -2.728444 0.7394466
0.4101654 -2.728444 0.7394466
0.3936712 -2.783094 0.7352218
0.3936712 -2.783094 0.7352218
0.3936712 -2.783094 0.7352218
0.3936712 -2.783094 0.7352218
0.3936712 -2.783094 0.7352218
0.3936712 -2.783094 0.7352218
0.3936712 -2.783094 0.7352218
0.3936712 -2.783094 0.7352218
0.3936712 -2.783094 0.7352218
0 0 0
