-0.8549118 -0.06314292 0.1552215
-0.08645114 2.228222 1.748598
0.007741241 2.258595 2.15892
0.007741241 2.258595 2.15892
0.007741241 2.258595 2.15892
0.007741241 2.258595 2.15892
0.007741241 2.258595 2.15892
0.6926 3.530731 3.088435
1.254157 3.914029 3.423715
1.254157 3.914029 3.423715
1.254157 3.914029 3.423715
1.254157 3.914029 3.423715
1.254157 3.914029 3.423715
1.17725 2.604859 3.210349
1.17725 2.604859 3.210349
1.17725 2.604859 3.210349
1.17725 2.604859 3.210349
1.17725 2.604859 3.210349
1.17725 2.604859 3.210349
1.17725 2.604859 3.210349
1.17725 2.604859 3.210349
1.427424 2.293107 1.607109
1.427424 2.293107 1.607109
1.427424 2.293107 1.607109
1.427424 2.293107 1.607109
1.427424 2.293107 1.607109
1.497891 1.550506 1.41265
1.497891 1.550506 1.41265
1.497891 1.550506 1.41265
1.52305 2.753581 0.9712109
1.52305 2.753581 0.9712109
1.529245 2.171804 1.034104
1.529245 2.171804 1.034104
1.529245 2.171804 1.034104
1.529245 2.171804 1.034104
1.248821 1.937095 -0.3069865
1.248821 1.937095 -0.3069865
1.248821 1.937095 -0.3069865
1.991684 0.940164 -2.00004
1.290127 0.8623694 -0.9502155
1.290127 0.8623694 -0.9502155
1.281265 0.5595367 -1.857461
1.281265 0.5595367 -1.857461
1.281265 0.5595367 -1.857461
2.562191 1.366082 -1.686314
2.562191 1.366082 -1.686314
2.562191 1.366082 -1.686314
2.562191 1.366082 -1.686314
2.562191 1.366082 -1.686314
2.562191 1.366082 -1.686314
2.562191 1.366082 -1.686314
2.699164 2.604345 -2.240478
2.699164 2.604345 -2.240478
2.583677 1.299831 -1.531687
2.583677 1.299831 -1.531687
2.583677 1.299831 -1.531687
2.583677 1.299831 -1.531687
2.583677 1.299831 -1.531687
2.583677 1.299831 -1.531687
2.583677 1.299831 -1.531687
2.583677 1.299831 -1.531687
2.660903 1.778394 -2.084
2.660903 1.778394 -2.084
2.660903 1.778394 -2.084
2.660903 1.778394 -2.084
2.660903 1.778394 -2.084
2.660903 1.778394 -2.084
2.660903 1.778394 -2.084
1.560002 1.061547 -1.641877
1.560002 1.061547 -1.641877
1.560002 1.061547 -1.641877
1.650604 1.594507 -1.787207
1.650604 1.594507 -1.787207
1.650604 1.594507 -1.787207
1.650604 1.594507 -1.787207
1.650604 1.594507 -1.787207
1.650604 1.594507 -1.787207
1.650604 1.594507 -1.787207
2.660747 2.287219 -1.520308
2.660747 2.287219 -1.520308
2.660747 2.287219 -1.520308
2.653832 2.430284 -1.779719
2.653832 2.430284 -1.779719
2.653832 2.430284 -1.779719
2.653832 2.430284 -1.779719
2.653832 2.430284 -1.779719
2.653832 2.430284 -1.779719
2.653832 2.430284 -1.779719
2.653832 2.430284 -1.779719
2.653832 2.430284 -1.779719
2.653832 2.430284 -1.779719
2.64981 2.198622 -1.965736
2.478031 2.108632 -2.109333
2.478031 2.108632 -2.109333
2.478031 2.108632 -2.109333
2.478031 2.108632 -2.109333
2.478031 2.108632 -2.109333
2.478031 2.108632 -2.109333
2.478031 2.108632 -2.109333
2.478031 2.108632 -2.109333
2.478031 2.108632 -2.109333
2.472613 2.199281 -1.929532
2.472613 2.199281 -1.929532
2.472613 2.199281 -1.929532
2.472613 2.199281 -1.929532
2.472613 2.199281 -1.929532
2.472613 2.199281 -1.929532
2.472613 2.199281 -1.929532
2.472613 2.199281 -1.929532
2.472613 2.199281 -1.929532
2.472613 2.199281 -1.929532
2.469783 2.133574 -1.324123
2.469783 2.133574 -1.324123
2.469783 2.133574 -1.324123
2.469783 2.133574 -1.324123
2.469783 2.133574 -1.324123
2.469783 2.133574 -1.324123
2.469783 2.133574 -1.324123
2.469783 2.133574 -1.324123
2.469783 2.133574 -1.324123
2.469783 2.133574 -1.324123
2.462178 2.249865 -0.8036186
2.462178 2.249865 -0.8036186
2.114874 3.177543 -0.7195391
2.114874 3.177543 -0.7195391
2.114874 3.177543 -0.7195391
2.114874 3.177543 -0.7195391
2.114874 3.177543 -0.7195391
2.114874 3.177543 -0.7195391
2.114874 3.177543 -0.7195391
2.889889 2.622707 -1.588533
2.865953 2.932607 -1.576213
2.865953 2.932607 -1.576213
2.865953 2.932607 -1.576213
2.865953 2.932607 -1.576213
2.081356 2.703765 -1.336629
2.081356 2.703765 -1.336629
2.081356 2.703765 -1.336629
2.081356 2.703765 -1.336629
2.081356 2.703765 -1.336629
2.081356 2.703765 -1.336629
2.064488 2.690847 -1.396248
2.064488 2.690847 -1.396248
2.064488 2.690847 -1.396248
2.064488 2.690847 -1.396248
2.827147 2.811342 -1.678222
2.827147 2.811342 -1.678222
2.827147 2.811342 -1.678222
2.827147 2.811342 -1.678222
2.827147 2.811342 -1.678222
2.827147 2.811342 -1.678222
2.809839 2.907342 -1.672233
2.809839 2.907342 -1.672233
2.809839 2.907342 -1.672233
2.809839 2.907342 -1.672233
2.809839 2.907342 -1.672233
2.809839 2.907342 -1.672233
2.809839 2.907342 -1.672233
2.617941 2.464137 -1.997623
2.617941 2.464137 -1.997623
2.617941 2.464137 -1.997623
2.624058 2.830406 -1.953644
2.624058 2.830406 -1.953644
2.624058 2.830406 -1.953644
2.624058 2.830406 -1.953644
2.624058 2.830406 -1.953644
2.624058 2.830406 -1.953644
2.624058 2.830406 -1.953644
2.624058 2.830406 -1.953644
2.624058 2.830406 -1.953644
2.624058 2.830406 -1.953644
2.730943 2.980291 -2.101121
2.730943 2.980291 -2.101121
2.730943 2.980291 -2.101121
2.730943 2.980291 -2.101121
2.730943 2.980291 -2.101121
2.730943 2.980291 -2.101121
2.730943 2.980291 -2.101121
2.730943 2.980291 -2.101121
2.730943 2.980291 -2.101121
2.730943 2.980291 -2.101121
2.725336 3.154749 -2.047414
2.725336 3.154749 -2.047414
2.725336 3.154749 -2.047414
2.725336 3.154749 -2.047414
2.725336 3.154749 -2.047414
2.725336 3.154749 -2.047414
2.725336 3.154749 -2.047414
2.725336 3.154749 -2.047414
2.725336 3.154749 -2.047414
2.725336 3.154749 -2.047414
2.698027 3.360457 -1.998242
2.698027 3.360457 -1.998242
2.698027 3.360457 -1.998242
2.698027 3.360457 -1.998242
2.698027 3.360457 -1.998242
2.698027 3.360457 -1.998242
2.698027 3.360457 -1.998242
2.698027 3.360457 -1.998242
2.698027 3.360457 -1.998242
2.698027 3.360457 -1.998242
2.568261 3.077018 -2.033775
2.568261 3.077018 -2.033775
2.568261 3.077018 -2.033775
2.568261 3.077018 -2.033775
2.568261 3.077018 -2.033775
2.568261 3.077018 -2.033775
2.568261 3.077018 -2.033775
2.568261 3.077018 -2.033775
2.568261 3.077018 -2.033775
2.568261 3.077018 -2.033775
2.209973 3.399483 -0.5329605
2.209973 3.399483 -0.5329605
2.209973 3.399483 -0.5329605
2.209973 3.399483 -0.5329605
2.209973 3.399483 -0.5329605
2.209973 3.399483 -0.5329605
2.209973 3.399483 -0.5329605
2.209973 3.399483 -0.5329605
2.209973 3.399483 -0.5329605
2.209973 3.399483 -0.5329605
2.339009 3.135205 -0.7652602
2.339009 3.135205 -0.7652602
2.339009 3.135205 -0.7652602
2.339009 3.135205 -0.7652602
2.339009 3.135205 -0.7652602
2.339009 3.135205 -0.7652602
2.339009 3.135205 -0.7652602
2.339009 3.135205 -0.7652602
2.339009 3.135205 -0.7652602
2.339009 3.135205 -0.7652602
2.359772 2.897276 -0.7177577
2.359772 2.897276 -0.7177577
2.359772 2.897276 -0.7177577
2.359772 2.897276 -0.7177577
2.359772 2.897276 -0.7177577
2.359772 2.897276 -0.7177577
2.359772 2.897276 -0.7177577
2.359772 2.897276 -0.7177577
2.359772 2.897276 -0.7177577
2.359772 2.897276 -0.7177577
2.431409 3.069825 -1.18364
2.431409 3.069825 -1.18364
2.431409 3.069825 -1.18364
2.431409 3.069825 -1.18364
2.431409 3.069825 -1.18364
2.431409 3.069825 -1.18364
2.431409 3.069825 -1.18364
2.431409 3.069825 -1.18364
2.431409 3.069825 -1.18364
2.446 2.577486 -1.592871
2.437223 2.697382 -1.275869
2.437223 2.697382 -1.275869
2.437223 2.697382 -1.275869
2.437223 2.697382 -1.275869
2.437223 2.697382 -1.275869
2.437223 2.697382 -1.275869
2.437223 2.697382 -1.275869
2.437223 2.697382 -1.275869
2.437223 2.697382 -1.275869
2.437223 2.697382 -1.275869
2.434559 3.051182 -1.173137
2.434559 3.051182 -1.173137
2.434559 3.051182 -1.173137
2.434559 3.051182 -1.173137
2.434559 3.051182 -1.173137
2.434559 3.051182 -1.173137
2.434559 3.051182 -1.173137
2.434559 3.051182 -1.173137
2.434559 3.051182 -1.173137
2.434559 3.051182 -1.173137
2.44949 3.110592 -1.418087
2.44949 3.110592 -1.418087
2.44949 3.110592 -1.418087
2.44949 3.110592 -1.418087
2.44949 3.110592 -1.418087
2.44949 3.110592 -1.418087
2.44949 3.110592 -1.418087
2.44949 3.110592 -1.418087
2.44949 3.110592 -1.418087
2.44949 3.110592 -1.418087
2.458278 3.129287 -1.569934
2.458278 3.129287 -1.569934
2.458278 3.129287 -1.569934
2.458278 3.129287 -1.569934
2.458278 3.129287 -1.569934
2.458278 3.129287 -1.569934
2.458278 3.129287 -1.569934
2.458278 3.129287 -1.569934
2.458278 3.129287 -1.569934
2.458278 3.129287 -1.569934
2.462587 3.107086 -1.545634
2.462587 3.107086 -1.545634
2.462587 3.107086 -1.545634
2.462587 3.107086 -1.545634
2.462587 3.107086 -1.545634
2.462587 3.107086 -1.545634
2.462587 3.107086 -1.545634
2.462587 3.107086 -1.545634
2.462587 3.107086 -1.545634
2.462587 3.107086 -1.545634
2.451602 2.645497 -1.464716
2.451602 2.645497 -1.464716
2.451602 2.645497 -1.464716
2.451602 2.645497 -1.464716
2.451602 2.645497 -1.464716
2.451602 2.645497 -1.464716
2.451602 2.645497 -1.464716
2.451602 2.645497 -1.464716
2.451602 2.645497 -1.464716
2.451602 2.645497 -1.464716
2.437793 2.695625 -1.317605
2.437793 2.695625 -1.317605
2.437793 2.695625 -1.317605
2.437793 2.695625 -1.317605
2.437793 2.695625 -1.317605
2.437793 2.695625 -1.317605
2.437793 2.695625 -1.317605
2.437793 2.695625 -1.317605
2.437793 2.695625 -1.317605
2.437793 2.695625 -1.317605
2.439493 2.582222 -1.544141
2.439493 2.582222 -1.544141
2.439493 2.582222 -1.544141
2.439493 2.582222 -1.544141
2.439493 2.582222 -1.544141
2.439493 2.582222 -1.544141
2.439493 2.582222 -1.544141
2.439493 2.582222 -1.544141
2.439493 2.582222 -1.544141
2.439493 2.582222 -1.544141
2.443709 2.518128 -1.834974
2.443709 2.518128 -1.834974
2.443709 2.518128 -1.834974
2.443709 2.518128 -1.834974
2.443709 2.518128 -1.834974
2.443709 2.518128 -1.834974
2.443709 2.518128 -1.834974
2.443709 2.518128 -1.834974
2.443709 2.518128 -1.834974
2.443709 2.518128 -1.834974
2.446752 2.494135 -2.061345
2.446752 2.494135 -2.061345
2.446752 2.494135 -2.061345
2.446752 2.494135 -2.061345
2.446752 2.494135 -2.061345
2.446752 2.494135 -2.061345
2.446752 2.494135 -2.061345
2.446752 2.494135 -2.061345
2.446752 2.494135 -2.061345
2.446752 2.494135 -2.061345
2.436545 1.599313 -2.213209
2.436545 1.599313 -2.213209
2.436545 1.599313 -2.213209
2.436545 1.599313 -2.213209
2.436545 1.599313 -2.213209
2.436545 1.599313 -2.213209
2.436545 1.599313 -2.213209
2.436545 1.599313 -2.213209
2.436545 1.599313 -2.213209
2.436545 1.599313 -2.213209
2.224674 1.765474 -2.116731
2.224674 1.765474 -2.116731
2.224674 1.765474 -2.116731
2.224674 1.765474 -2.116731
2.224674 1.765474 -2.116731
2.224674 1.765474 -2.116731
2.224674 1.765474 -2.116731
2.224674 1.765474 -2.116731
2.224674 1.765474 -2.116731
2.224674 1.765474 -2.116731
2.22674 1.770191 -2.21497
2.22674 1.770191 -2.21497
2.22674 1.770191 -2.21497
2.22674 1.770191 -2.21497
2.22674 1.770191 -2.21497
2.22674 1.770191 -2.21497
2.22674 1.770191 -2.21497
2.22674 1.770191 -2.21497
2.22674 1.770191 -2.21497
2.22674 1.770191 -2.21497
2.228762 1.776028 -2.28397
2.228762 1.776028 -2.28397
2.228762 1.776028 -2.28397
2.852107 2.749789 -1.898738
2.852107 2.749789 -1.898738
2.852107 2.749789 -1.898738
2.852107 2.749789 -1.898738
2.852107 2.749789 -1.898738
2.852107 2.749789 -1.898738
2.852107 2.749789 -1.898738
2.855248 2.744568 -1.981769
2.855248 2.744568 -1.981769
2.855248 2.744568 -1.981769
2.855248 2.744568 -1.981769
2.855248 2.744568 -1.981769
2.855248 2.744568 -1.981769
2.855248 2.744568 -1.981769
2.855248 2.744568 -1.981769
2.855248 2.744568 -1.981769
2.855248 2.744568 -1.981769
2.858088 2.739399 -2.045756
2.858088 2.739399 -2.045756
2.858088 2.739399 -2.045756
2.858088 2.739399 -2.045756
2.858088 2.739399 -2.045756
2.858088 2.739399 -2.045756
2.858088 2.739399 -2.045756
2.858088 2.739399 -2.045756
2.858088 2.739399 -2.045756
2.858088 2.739399 -2.045756
2.860633 2.734214 -2.096625
2.860633 2.734214 -2.096625
2.860633 2.734214 -2.096625
2.860633 2.734214 -2.096625
2.860633 2.734214 -2.096625
2.860633 2.734214 -2.096625
2.860633 2.734214 -2.096625
2.860633 2.734214 -2.096625
3.209573 2.998582 -2.753786
3.209573 2.998582 -2.753786
3.212402 2.990008 -2.750699
3.212402 2.990008 -2.750699
3.212402 2.990008 -2.750699
3.212402 2.990008 -2.750699
3.212402 2.990008 -2.750699
3.212402 2.990008 -2.750699
3.212402 2.990008 -2.750699
3.212402 2.990008 -2.750699
3.212402 2.990008 -2.750699
3.212402 2.990008 -2.750699
3.215897 2.981352 -2.746179
3.215897 2.981352 -2.746179
3.215897 2.981352 -2.746179
3.215897 2.981352 -2.746179
3.215897 2.981352 -2.746179
3.215897 2.981352 -2.746179
3.215897 2.981352 -2.746179
3.215897 2.981352 -2.746179
3.215897 2.981352 -2.746179
3.215897 2.981352 -2.746179
3.22186 2.98439 -2.713547
3.22186 2.98439 -2.713547
3.22186 2.98439 -2.713547
3.22186 2.98439 -2.713547
3.22186 2.98439 -2.713547
3.22186 2.98439 -2.713547
3.22186 2.98439 -2.713547
3.22186 2.98439 -2.713547
3.22186 2.98439 -2.713547
3.22186 2.98439 -2.713547
3.230724 2.994043 -2.652318
3.230724 2.994043 -2.652318
3.230724 2.994043 -2.652318
3.230724 2.994043 -2.652318
3.230724 2.994043 -2.652318
3.230724 2.994043 -2.652318
3.230724 2.994043 -2.652318
3.230724 2.994043 -2.652318
3.230724 2.994043 -2.652318
3.230724 2.994043 -2.652318
3.227723 2.998483 -2.489481
3.227723 2.998483 -2.489481
2.865115 2.869832 -2.329042
2.865115 2.869832 -2.329042
2.865115 2.869832 -2.329042
2.865115 2.869832 -2.329042
2.865115 2.869832 -2.329042
2.865115 2.869832 -2.329042
2.865115 2.869832 -2.329042
2.865115 2.869832 -2.329042
2.860005 2.877559 -2.280982
2.860005 2.877559 -2.280982
2.860005 2.877559 -2.280982
2.860005 2.877559 -2.280982
2.860005 2.877559 -2.280982
2.860005 2.877559 -2.280982
2.860005 2.877559 -2.280982
2.860005 2.877559 -2.280982
2.860005 2.877559 -2.280982
2.860005 2.877559 -2.280982
2.842676 2.886237 -2.043646
2.780682 2.682959 -2.07717
2.780682 2.682959 -2.07717
2.780682 2.682959 -2.07717
2.780682 2.682959 -2.07717
2.780682 2.682959 -2.07717
2.780682 2.682959 -2.07717
2.780682 2.682959 -2.07717
2.780682 2.682959 -2.07717
2.780682 2.682959 -2.07717
2.781935 2.840521 -2.127129
2.781935 2.840521 -2.127129
2.781935 2.840521 -2.127129
2.781935 2.840521 -2.127129
2.781935 2.840521 -2.127129
2.781935 2.840521 -2.127129
2.781935 2.840521 -2.127129
2.781935 2.840521 -2.127129
2.781935 2.840521 -2.127129
2.781935 2.840521 -2.127129
2.787711 2.966153 -2.210829
2.787711 2.966153 -2.210829
2.787711 2.966153 -2.210829
2.787711 2.966153 -2.210829
2.787711 2.966153 -2.210829
2.787711 2.966153 -2.210829
2.787711 2.966153 -2.210829
2.787711 2.966153 -2.210829
2.862829 2.620783 -2.205055
2.862829 2.620783 -2.205055
2.86463 2.375659 -2.32975
2.86463 2.375659 -2.32975
2.86463 2.375659 -2.32975
2.86463 2.375659 -2.32975
2.86463 2.375659 -2.32975
2.86463 2.375659 -2.32975
2.86463 2.375659 -2.32975
2.86463 2.375659 -2.32975
2.86463 2.375659 -2.32975
2.86463 2.375659 -2.32975
2.859487 2.06192 -2.456927
2.859487 2.06192 -2.456927
2.859487 2.06192 -2.456927
2.859487 2.06192 -2.456927
2.859487 2.06192 -2.456927
2.859487 2.06192 -2.456927
2.859487 2.06192 -2.456927
2.470706 2.047953 -1.454305
2.470706 2.047953 -1.454305
2.470706 2.047953 -1.454305
3.298847 3.101444 -2.912242
3.298847 3.101444 -2.912242
3.298847 3.101444 -2.912242
3.298847 3.101444 -2.912242
3.298847 3.101444 -2.912242
3.298847 3.101444 -2.912242
3.298847 3.101444 -2.912242
3.298847 3.101444 -2.912242
3.298847 3.101444 -2.912242
2.5008 2.641099 -1.666254
2.494831 2.591293 -1.841306
2.494831 2.591293 -1.841306
2.494831 2.591293 -1.841306
2.494831 2.591293 -1.841306
2.494831 2.591293 -1.841306
2.494831 2.591293 -1.841306
2.494831 2.591293 -1.841306
2.494831 2.591293 -1.841306
2.494831 2.591293 -1.841306
2.494831 2.591293 -1.841306
2.482606 2.665105 -1.610234
2.482606 2.665105 -1.610234
2.482606 2.665105 -1.610234
2.482606 2.665105 -1.610234
2.482606 2.665105 -1.610234
2.482606 2.665105 -1.610234
2.482606 2.665105 -1.610234
2.482606 2.665105 -1.610234
2.482606 2.665105 -1.610234
2.482606 2.665105 -1.610234
2.464127 2.797269 -1.273178
2.464127 2.797269 -1.273178
2.464127 2.797269 -1.273178
2.464127 2.797269 -1.273178
2.464127 2.797269 -1.273178
2.403911 1.782451 -1.527177
2.403911 1.782451 -1.527177
2.403911 1.782451 -1.527177
2.403911 1.782451 -1.527177
2.403911 1.782451 -1.527177
2.381421 1.957891 -1.378643
2.381421 1.957891 -1.378643
2.381421 1.957891 -1.378643
2.381421 1.957891 -1.378643
2.42852 1.775691 -2.049034
2.42852 1.775691 -2.049034
2.42852 1.775691 -2.049034
2.42852 1.775691 -2.049034
2.42852 1.775691 -2.049034
2.42852 1.775691 -2.049034
2.404024 1.906102 -1.989255
2.404024 1.906102 -1.989255
2.404024 1.906102 -1.989255
2.404024 1.906102 -1.989255
2.404024 1.906102 -1.989255
2.404024 1.906102 -1.989255
2.404024 1.906102 -1.989255
2.404024 1.906102 -1.989255
2.404024 1.906102 -1.989255
2.404024 1.906102 -1.989255
2.426344 1.766605 -1.986051
2.426344 1.766605 -1.986051
2.426344 1.766605 -1.986051
2.426344 1.766605 -1.986051
2.426344 1.766605 -1.986051
2.426344 1.766605 -1.986051
2.426344 1.766605 -1.986051
2.426344 1.766605 -1.986051
2.426344 1.766605 -1.986051
2.426344 1.766605 -1.986051
2.388833 1.815614 -1.712692
2.388833 1.815614 -1.712692
2.388833 1.815614 -1.712692
2.388833 1.815614 -1.712692
2.388833 1.815614 -1.712692
2.388833 1.815614 -1.712692
2.388833 1.815614 -1.712692
2.388833 1.815614 -1.712692
2.388833 1.815614 -1.712692
2.388833 1.815614 -1.712692
2.32144 1.824335 -1.291519
2.32144 1.824335 -1.291519
2.32144 1.824335 -1.291519
2.32144 1.824335 -1.291519
2.32144 1.824335 -1.291519
2.32144 1.824335 -1.291519
2.32144 1.824335 -1.291519
2.32144 1.824335 -1.291519
2.32144 1.824335 -1.291519
2.32144 1.824335 -1.291519
2.200249 1.798194 -1.057772
2.200249 1.798194 -1.057772
2.200249 1.798194 -1.057772
2.200249 1.798194 -1.057772
2.200249 1.798194 -1.057772
2.200249 1.798194 -1.057772
2.200249 1.798194 -1.057772
1.9986 2.084567 -1.361348
1.9986 2.084567 -1.361348
1.9986 2.084567 -1.361348
1.87909 2.072319 -1.242214
1.87909 2.072319 -1.242214
1.87909 2.072319 -1.242214
1.87909 2.072319 -1.242214
1.87909 2.072319 -1.242214
1.87909 2.072319 -1.242214
1.87909 2.072319 -1.242214
1.87909 2.072319 -1.242214
1.87909 2.072319 -1.242214
1.87909 2.072319 -1.242214
1.786543 2.067259 -1.165756
1.786543 2.067259 -1.165756
1.786543 2.067259 -1.165756
1.786543 2.067259 -1.165756
1.786543 2.067259 -1.165756
1.786543 2.067259 -1.165756
1.786543 2.067259 -1.165756
1.786543 2.067259 -1.165756
1.786543 2.067259 -1.165756
1.786543 2.067259 -1.165756
1.891539 1.870773 -1.154871
1.891539 1.870773 -1.154871
1.891539 1.870773 -1.154871
1.891539 1.870773 -1.154871
1.891539 1.870773 -1.154871
1.891539 1.870773 -1.154871
1.891539 1.870773 -1.154871
1.891539 1.870773 -1.154871
1.891539 1.870773 -1.154871
1.891539 1.870773 -1.154871
1.818516 2.047485 -0.6615135
1.818516 2.047485 -0.6615135
1.818516 2.047485 -0.6615135
1.818516 2.047485 -0.6615135
1.818516 2.047485 -0.6615135
1.818516 2.047485 -0.6615135
1.818516 2.047485 -0.6615135
1.818516 2.047485 -0.6615135
1.818516 2.047485 -0.6615135
1.818516 2.047485 -0.6615135
1.815562 2.067101 -0.6721706
1.815562 2.067101 -0.6721706
1.815562 2.067101 -0.6721706
1.815562 2.067101 -0.6721706
1.815562 2.067101 -0.6721706
1.815562 2.067101 -0.6721706
1.815562 2.067101 -0.6721706
1.815562 2.067101 -0.6721706
1.815562 2.067101 -0.6721706
1.815562 2.067101 -0.6721706
1.852066 2.098753 -0.7605132
1.852066 2.098753 -0.7605132
1.852066 2.098753 -0.7605132
1.852066 2.098753 -0.7605132
1.852066 2.098753 -0.7605132
1.852066 2.098753 -0.7605132
1.852066 2.098753 -0.7605132
1.852066 2.098753 -0.7605132
1.852066 2.098753 -0.7605132
1.852066 2.098753 -0.7605132
1.853278 2.031659 -0.7451138
1.853278 2.031659 -0.7451138
1.853278 2.031659 -0.7451138
1.853278 2.031659 -0.7451138
1.853278 2.031659 -0.7451138
1.853278 2.031659 -0.7451138
1.853278 2.031659 -0.7451138
1.853278 2.031659 -0.7451138
1.853278 2.031659 -0.7451138
1.853278 2.031659 -0.7451138
1.870332 2.036944 -0.7646774
1.870332 2.036944 -0.7646774
1.870332 2.036944 -0.7646774
1.870332 2.036944 -0.7646774
1.870332 2.036944 -0.7646774
1.870332 2.036944 -0.7646774
1.870332 2.036944 -0.7646774
1.870332 2.036944 -0.7646774
1.870332 2.036944 -0.7646774
1.870332 2.036944 -0.7646774
1.931346 2.042797 -0.9293029
2.249699 2.503486 -1.455276
2.249699 2.503486 -1.455276
2.249699 2.503486 -1.455276
2.249699 2.503486 -1.455276
2.249699 2.503486 -1.455276
2.249699 2.503486 -1.455276
2.249699 2.503486 -1.455276
2.249699 2.503486 -1.455276
2.249699 2.503486 -1.455276
2.29702 2.502317 -1.585757
2.29702 2.502317 -1.585757
2.29702 2.502317 -1.585757
2.29702 2.502317 -1.585757
2.29702 2.502317 -1.585757
2.29702 2.502317 -1.585757
2.29702 2.502317 -1.585757
2.29702 2.502317 -1.585757
2.29702 2.502317 -1.585757
2.29702 2.502317 -1.585757
2.327163 2.500526 -1.702595
2.327163 2.500526 -1.702595
2.327163 2.500526 -1.702595
2.327163 2.500526 -1.702595
2.327163 2.500526 -1.702595
2.327163 2.500526 -1.702595
2.327163 2.500526 -1.702595
2.327163 2.500526 -1.702595
2.327163 2.500526 -1.702595
2.327163 2.500526 -1.702595
2.30036 2.342398 -1.530362
2.30036 2.342398 -1.530362
2.30036 2.342398 -1.530362
2.30036 2.342398 -1.530362
2.30036 2.342398 -1.530362
2.30036 2.342398 -1.530362
2.30036 2.342398 -1.530362
2.30036 2.342398 -1.530362
2.30036 2.342398 -1.530362
2.30036 2.342398 -1.530362
2.2984 2.391408 -1.491377
2.2984 2.391408 -1.491377
2.2984 2.391408 -1.491377
2.2984 2.391408 -1.491377
2.2984 2.391408 -1.491377
2.2984 2.391408 -1.491377
2.2984 2.391408 -1.491377
2.2984 2.391408 -1.491377
2.2984 2.391408 -1.491377
2.2984 2.391408 -1.491377
2.287245 2.412429 -1.513281
2.287245 2.412429 -1.513281
2.287245 2.412429 -1.513281
2.287245 2.412429 -1.513281
2.287245 2.412429 -1.513281
2.287245 2.412429 -1.513281
2.287245 2.412429 -1.513281
2.287245 2.412429 -1.513281
2.287245 2.412429 -1.513281
2.287245 2.412429 -1.513281
2.278522 2.415882 -1.524523
2.278522 2.415882 -1.524523
2.278522 2.415882 -1.524523
2.278522 2.415882 -1.524523
2.278522 2.415882 -1.524523
2.278522 2.415882 -1.524523
2.278522 2.415882 -1.524523
2.278522 2.415882 -1.524523
2.278522 2.415882 -1.524523
2.278522 2.415882 -1.524523
2.21418 2.308227 -1.436073
2.21418 2.308227 -1.436073
2.21418 2.308227 -1.436073
2.21418 2.308227 -1.436073
2.21418 2.308227 -1.436073
2.21418 2.308227 -1.436073
2.21418 2.308227 -1.436073
2.21418 2.308227 -1.436073
2.21418 2.308227 -1.436073
2.21418 2.308227 -1.436073
2.188084 2.232411 -1.535622
2.188084 2.232411 -1.535622
2.188084 2.232411 -1.535622
2.188084 2.232411 -1.535622
2.188084 2.232411 -1.535622
2.188084 2.232411 -1.535622
2.188084 2.232411 -1.535622
2.188084 2.232411 -1.535622
2.188084 2.232411 -1.535622
2.188084 2.232411 -1.535622
2.215487 2.3788 -1.669916
2.215487 2.3788 -1.669916
2.215487 2.3788 -1.669916
2.215487 2.3788 -1.669916
2.215487 2.3788 -1.669916
2.215487 2.3788 -1.669916
2.215487 2.3788 -1.669916
2.215487 2.3788 -1.669916
2.215487 2.3788 -1.669916
2.215487 2.3788 -1.669916
2.232717 2.494157 -1.791532
2.232717 2.494157 -1.791532
2.277072 2.223041 -1.409158
2.277072 2.223041 -1.409158
2.277072 2.223041 -1.409158
2.277072 2.223041 -1.409158
2.277072 2.223041 -1.409158
2.277072 2.223041 -1.409158
2.277072 2.223041 -1.409158
2.277072 2.223041 -1.409158
2.28069 2.337245 -1.508759
2.28069 2.337245 -1.508759
2.28069 2.337245 -1.508759
2.28069 2.337245 -1.508759
2.28069 2.337245 -1.508759
2.28069 2.337245 -1.508759
2.28069 2.337245 -1.508759
2.28069 2.337245 -1.508759
2.28069 2.337245 -1.508759
2.28069 2.337245 -1.508759
2.254086 2.441603 -1.489637
2.254086 2.441603 -1.489637
2.254086 2.441603 -1.489637
2.254086 2.441603 -1.489637
2.254086 2.441603 -1.489637
2.254086 2.441603 -1.489637
2.254086 2.441603 -1.489637
2.254086 2.441603 -1.489637
2.254086 2.441603 -1.489637
2.254086 2.441603 -1.489637
2.349521 2.539615 -1.520924
2.349521 2.539615 -1.520924
2.349521 2.539615 -1.520924
2.349521 2.539615 -1.520924
2.349521 2.539615 -1.520924
2.349521 2.539615 -1.520924
2.349521 2.539615 -1.520924
2.349521 2.539615 -1.520924
2.349521 2.539615 -1.520924
2.349521 2.539615 -1.520924
2.407775 2.582426 -1.552835
2.407775 2.582426 -1.552835
2.407775 2.582426 -1.552835
2.407775 2.582426 -1.552835
2.407775 2.582426 -1.552835
2.407775 2.582426 -1.552835
2.407775 2.582426 -1.552835
2.407775 2.582426 -1.552835
2.407775 2.582426 -1.552835
2.407775 2.582426 -1.552835
2.43388 2.451697 -1.662197
2.43388 2.451697 -1.662197
2.43388 2.451697 -1.662197
2.43388 2.451697 -1.662197
2.43388 2.451697 -1.662197
2.43388 2.451697 -1.662197
2.43388 2.451697 -1.662197
2.43388 2.451697 -1.662197
2.43388 2.451697 -1.662197
2.43388 2.451697 -1.662197
2.433777 2.323392 -1.746739
2.433777 2.323392 -1.746739
2.433777 2.323392 -1.746739
2.433777 2.323392 -1.746739
2.433777 2.323392 -1.746739
2.433777 2.323392 -1.746739
2.433777 2.323392 -1.746739
2.433777 2.323392 -1.746739
2.433777 2.323392 -1.746739
2.433777 2.323392 -1.746739
2.404823 2.187377 -1.807265
2.404823 2.187377 -1.807265
2.404823 2.187377 -1.807265
2.404823 2.187377 -1.807265
2.404823 2.187377 -1.807265
2.404823 2.187377 -1.807265
2.404823 2.187377 -1.807265
2.404823 2.187377 -1.807265
2.404823 2.187377 -1.807265
2.404823 2.187377 -1.807265
2.372694 2.104332 -1.854578
2.372694 2.104332 -1.854578
2.372694 2.104332 -1.854578
2.372694 2.104332 -1.854578
2.372694 2.104332 -1.854578
2.372694 2.104332 -1.854578
2.372694 2.104332 -1.854578
2.372694 2.104332 -1.854578
2.372694 2.104332 -1.854578
2.372694 2.104332 -1.854578
2.338433 2.051677 -1.891279
2.338433 2.051677 -1.891279
2.338433 2.051677 -1.891279
2.338433 2.051677 -1.891279
2.338433 2.051677 -1.891279
2.338433 2.051677 -1.891279
2.338433 2.051677 -1.891279
2.338433 2.051677 -1.891279
2.338433 2.051677 -1.891279
2.338433 2.051677 -1.891279
2.30391 2.017416 -1.91964
2.30391 2.017416 -1.91964
2.30391 2.017416 -1.91964
2.30391 2.017416 -1.91964
2.30391 2.017416 -1.91964
2.30391 2.017416 -1.91964
2.30391 2.017416 -1.91964
2.30391 2.017416 -1.91964
2.30391 2.017416 -1.91964
2.30391 2.017416 -1.91964
2.271469 1.994721 -1.94154
2.271469 1.994721 -1.94154
2.271469 1.994721 -1.94154
2.271469 1.994721 -1.94154
2.271469 1.994721 -1.94154
2.271469 1.994721 -1.94154
2.271469 1.994721 -1.94154
2.271469 1.994721 -1.94154
2.780399 2.535763 -2.192406
2.780399 2.535763 -2.192406
2.747542 2.540417 -2.164878
2.747542 2.540417 -2.164878
2.747542 2.540417 -2.164878
2.747542 2.540417 -2.164878
2.747542 2.540417 -2.164878
2.747542 2.540417 -2.164878
2.747542 2.540417 -2.164878
2.747542 2.540417 -2.164878
2.747542 2.540417 -2.164878
2.747542 2.540417 -2.164878
2.737977 2.611276 -2.028356
2.737977 2.611276 -2.028356
2.737977 2.611276 -2.028356
2.737977 2.611276 -2.028356
2.737977 2.611276 -2.028356
2.737977 2.611276 -2.028356
2.737977 2.611276 -2.028356
2.737977 2.611276 -2.028356
2.737977 2.611276 -2.028356
2.737977 2.611276 -2.028356
2.730316 2.63329 -2.062151
2.730316 2.63329 -2.062151
2.730316 2.63329 -2.062151
2.730316 2.63329 -2.062151
2.730316 2.63329 -2.062151
2.730316 2.63329 -2.062151
2.370999 2.196568 -1.361649
2.370999 2.196568 -1.361649
2.370999 2.196568 -1.361649
2.370999 2.196568 -1.361649
2.36751 2.220545 -1.436571
2.36751 2.220545 -1.436571
2.36751 2.220545 -1.436571
2.36751 2.220545 -1.436571
2.36751 2.220545 -1.436571
2.36751 2.220545 -1.436571
2.36751 2.220545 -1.436571
2.36751 2.220545 -1.436571
2.36751 2.220545 -1.436571
2.36751 2.220545 -1.436571
2.365891 2.237751 -1.49837
2.365891 2.237751 -1.49837
2.365891 2.237751 -1.49837
2.365891 2.237751 -1.49837
2.365891 2.237751 -1.49837
2.365891 2.237751 -1.49837
2.365891 2.237751 -1.49837
2.365891 2.237751 -1.49837
2.365891 2.237751 -1.49837
2.365891 2.237751 -1.49837
2.364464 2.250072 -1.549218
2.364464 2.250072 -1.549218
2.364464 2.250072 -1.549218
2.364464 2.250072 -1.549218
2.364464 2.250072 -1.549218
2.364464 2.250072 -1.549218
2.364464 2.250072 -1.549218
2.364464 2.250072 -1.549218
2.364464 2.250072 -1.549218
2.364464 2.250072 -1.549218
2.362468 2.258875 -1.591096
2.362468 2.258875 -1.591096
2.362468 2.258875 -1.591096
2.362468 2.258875 -1.591096
2.362468 2.258875 -1.591096
2.362468 2.258875 -1.591096
2.362468 2.258875 -1.591096
2.362468 2.258875 -1.591096
2.362468 2.258875 -1.591096
0 0 0
