0.991451 0.3232699 -0.4881663
0.991451 0.3232699 -0.4881663
0.991451 0.3232699 -0.4881663
0.991451 0.3232699 -0.4881663
0.991451 0.3232699 -0.4881663
0.991451 0.3232699 -0.4881663
1.377875 1.232714 -0.8044893
1.377875 1.232714 -0.8044893
1.377875 1.232714 -0.8044893
0.2837011 0.206046 0.2188566
0.3656945 -0.1085814 -0.1767167
0.5815645 -0.08809119 -0.2545046
0.5815645 -0.08809119 -0.2545046
0.5815645 -0.08809119 -0.2545046
0.5815645 -0.08809119 -0.2545046
0.5815645 -0.08809119 -0.2545046
0.5815645 -0.08809119 -0.2545046
1.488087 0.1330739 0.1501408
1.488087 0.1330739 0.1501408
1.488087 0.1330739 0.1501408
1.488087 0.1330739 0.1501408
1.563991 0.1415605 0.1545014
1.563991 0.1415605 0.1545014
1.563991 0.1415605 0.1545014
1.563991 0.1415605 0.1545014
0.8677706 -0.146432 -1.404802
0.8677706 -0.146432 -1.404802
0.8677706 -0.146432 -1.404802
0.8677706 -0.146432 -1.404802
0.8677706 -0.146432 -1.404802
0.8677706 -0.146432 -1.404802
1.218887 -0.145232 -1.401113
1.218887 -0.145232 -1.401113
1.218887 -0.145232 -1.401113
1.218887 -0.145232 -1.401113
1.218887 -0.145232 -1.401113
1.91903 1.580541 -2.102324
1.91903 1.580541 -2.102324
1.91903 1.580541 -2.102324
1.91903 1.580541 -2.102324
1.91903 1.580541 -2.102324
2.146936 1.582554 -2.102229
2.146936 1.582554 -2.102229
2.146936 1.582554 -2.102229
2.146936 1.582554 -2.102229
2.146936 1.582554 -2.102229
2.146936 1.582554 -2.102229
2.146936 1.582554 -2.102229
2.146936 1.582554 -2.102229
2.146936 1.582554 -2.102229
2.146936 1.582554 -2.102229
3.116678 1.58337 -2.102859
3.37732 3.465178 -2.398105
2.457986 3.788502 -2.122733
2.699247 3.467115 -2.124649
2.699247 3.467115 -2.124649
2.699247 3.467115 -2.124649
2.545084 1.951061 -2.152959
2.545084 1.951061 -2.152959
2.394412 1.456968 -1.620842
2.394412 1.456968 -1.620842
2.754263 1.457848 -1.621025
2.320314 1.624718 -2.188866
2.320314 1.624718 -2.188866
2.320314 1.624718 -2.188866
2.320314 1.624718 -2.188866
2.320314 1.624718 -2.188866
2.320314 1.624718 -2.188866
2.320314 1.624718 -2.188866
2.320314 1.624718 -2.188866
2.320314 1.624718 -2.188866
1.973609 1.624995 -2.188886
1.973609 1.624995 -2.188886
1.973609 1.624995 -2.188886
1.973609 1.624995 -2.188886
1.973609 1.624995 -2.188886
2.222795 0.9864487 -2.303388
2.222795 0.9864487 -2.303388
2.222795 0.9864487 -2.303388
2.222795 0.9864487 -2.303388
2.222795 0.9864487 -2.303388
1.966034 1.034016 -1.886721
1.966034 1.034016 -1.886721
1.966034 1.034016 -1.886721
1.871807 1.66219 -1.897269
1.871807 1.66219 -1.897269
1.871807 1.66219 -1.897269
1.871807 1.66219 -1.897269
1.871807 1.66219 -1.897269
1.871807 1.66219 -1.897269
1.991389 1.214511 -2.158892
2.373197 1.214765 -2.158838
2.373197 1.214765 -2.158838
2.373197 1.214765 -2.158838
2.373197 1.214765 -2.158838
2.373197 1.214765 -2.158838
2.351916 1.416392 -0.9790396
2.351916 1.416392 -0.9790396
2.351916 1.416392 -0.9790396
2.216274 1.266944 -1.127271
2.216274 1.266944 -1.127271
2.348141 1.267189 -1.127201
2.348141 1.267189 -1.127201
2.348141 1.267189 -1.127201
2.348141 1.267189 -1.127201
2.348141 1.267189 -1.127201
2.348141 1.267189 -1.127201
2.348141 1.267189 -1.127201
1.856943 2.846075 0.3645123
1.994618 3.218232 -0.9054133
1.994618 3.218232 -0.9054133
2.075156 3.218405 -0.9052885
2.075156 3.218405 -0.9052885
2.075156 3.218405 -0.9052885
2.075156 3.218405 -0.9052885
2.075156 3.218405 -0.9052885
2.075156 3.218405 -0.9052885
2.275553 1.903109 -1.178751
2.275553 1.903109 -1.178751
2.275553 1.903109 -1.178751
2.275553 1.903109 -1.178751
2.304219 1.903243 -1.178538
2.304219 1.903243 -1.178538
2.304219 1.903243 -1.178538
2.304219 1.903243 -1.178538
2.304219 1.903243 -1.178538
2.304219 1.903243 -1.178538
2.304219 1.903243 -1.178538
2.304219 1.903243 -1.178538
2.304219 1.903243 -1.178538
2.304219 1.903243 -1.178538
2.070012 1.903457 -1.178337
2.070012 1.903457 -1.178337
2.070012 1.903457 -1.178337
2.070012 1.903457 -1.178337
2.070012 1.903457 -1.178337
2.070012 1.903457 -1.178337
2.070012 1.903457 -1.178337
2.438436 3.043205 -1.108192
2.438436 3.043205 -1.108192
2.438436 3.043205 -1.108192
2.400869 3.043295 -1.108304
2.400869 3.043295 -1.108304
2.400869 3.043295 -1.108304
2.400869 3.043295 -1.108304
2.400869 3.043295 -1.108304
2.400869 3.043295 -1.108304
2.400869 3.043295 -1.108304
2.400869 3.043295 -1.108304
2.400869 3.043295 -1.108304
2.400869 3.043295 -1.108304
2.509588 3.043339 -1.108429
2.509588 3.043339 -1.108429
2.509588 3.043339 -1.108429
2.509588 3.043339 -1.108429
2.509588 3.043339 -1.108429
2.509588 3.043339 -1.108429
2.509588 3.043339 -1.108429
2.509588 3.043339 -1.108429
2.509588 3.043339 -1.108429
2.509588 3.043339 -1.108429
2.712103 3.60918 -1.285916
2.712103 3.60918 -1.285916
2.712103 3.60918 -1.285916
2.712103 3.60918 -1.285916
2.712103 3.60918 -1.285916
2.712103 3.60918 -1.285916
1.903824 3.702056 -0.1556213
1.903824 3.702056 -0.1556213
1.903824 3.702056 -0.1556213
1.903824 3.702056 -0.1556213
2.049585 3.702064 -0.1559704
2.049585 3.702064 -0.1559704
2.049585 3.702064 -0.1559704
2.049585 3.702064 -0.1559704
2.049585 3.702064 -0.1559704
2.163805 3.933485 -1.097549
2.163805 3.933485 -1.097549
2.163805 3.933485 -1.097549
2.163805 3.933485 -1.097549
2.163805 3.933485 -1.097549
2.31254 3.933489 -1.09806
2.31254 3.933489 -1.09806
2.108777 2.624155 -1.340346
2.108777 2.624155 -1.340346
2.108777 2.624155 -1.340346
2.108777 2.624155 -1.340346
2.108777 2.624155 -1.340346
2.108777 2.624155 -1.340346
2.108777 2.624155 -1.340346
2.108777 2.624155 -1.340346
2.228815 2.624165 -1.340844
2.228815 2.624165 -1.340844
2.228815 2.624165 -1.340844
2.228815 2.624165 -1.340844
2.46772 4.004999 -1.144384
2.46772 4.004999 -1.144384
2.961728 2.948241 -2.017267
2.961728 2.948241 -2.017267
2.961728 2.948241 -2.017267
2.148084 2.405505 -1.748425
2.22593 2.405515 -1.748892
2.22593 2.405515 -1.748892
2.22593 2.405515 -1.748892
2.22593 2.405515 -1.748892
2.22593 2.405515 -1.748892
3.107495 2.24089 -2.218798
3.107495 2.24089 -2.218798
3.107495 2.24089 -2.218798
3.107495 2.24089 -2.218798
3.107495 2.24089 -2.218798
3.097866 2.240911 -2.219192
2.65049 1.981232 -3.265434
2.65049 1.981232 -3.265434
2.65049 1.981232 -3.265434
2.65049 1.981232 -3.265434
2.65049 1.981232 -3.265434
2.65049 1.981232 -3.265434
2.813985 1.91462 -2.779051
2.813985 1.91462 -2.779051
2.813985 1.91462 -2.779051
2.642891 1.914688 -2.778615
2.865092 2.471801 -2.67254
2.865092 2.471801 -2.67254
2.865092 2.471801 -2.67254
2.865092 2.471801 -2.67254
2.865092 2.471801 -2.67254
2.865092 2.471801 -2.67254
2.865092 2.471801 -2.67254
2.865092 2.471801 -2.67254
2.865092 2.471801 -2.67254
2.848734 2.471865 -2.672241
2.848734 2.471865 -2.672241
2.289551 1.921789 -1.586662
2.289551 1.921789 -1.586662
2.289551 1.921789 -1.586662
2.289551 1.921789 -1.586662
2.248295 3.007644 -0.8033921
2.298751 3.395287 -0.9416112
2.298751 3.395287 -0.9416112
2.298751 3.395287 -0.9416112
2.295078 3.395348 -0.9411634
2.295078 3.395348 -0.9411634
2.295078 3.395348 -0.9411634
2.295078 3.395348 -0.9411634
2.295078 3.395348 -0.9411634
2.295078 3.395348 -0.9411634
2.676639 2.952637 -1.890436
2.676639 2.952637 -1.890436
2.676639 2.952637 -1.890436
2.676639 2.952637 -1.890436
2.674029 2.952667 -1.890038
2.674029 2.952667 -1.890038
2.674029 2.952667 -1.890038
2.674029 2.952667 -1.890038
2.674029 2.952667 -1.890038
2.674029 2.952667 -1.890038
2.674029 2.952667 -1.890038
2.674029 2.952667 -1.890038
2.674029 2.952667 -1.890038
2.674029 2.952667 -1.890038
2.672612 2.952673 -1.889877
2.672612 2.952673 -1.889877
2.672612 2.952673 -1.889877
2.672612 2.952673 -1.889877
2.672612 2.952673 -1.889877
2.672612 2.952673 -1.889877
2.672612 2.952673 -1.889877
2.672612 2.952673 -1.889877
2.672612 2.952673 -1.889877
2.672612 2.952673 -1.889877
2.667648 2.952677 -1.889745
2.667648 2.952677 -1.889745
2.667648 2.952677 -1.889745
2.667648 2.952677 -1.889745
2.667648 2.952677 -1.889745
2.667648 2.952677 -1.889745
2.667648 2.952677 -1.889745
2.667648 2.952677 -1.889745
2.667648 2.952677 -1.889745
2.258695 2.653303 -0.841371
2.268523 2.653307 -0.8412611
2.268523 2.653307 -0.8412611
2.203291 2.136625 -1.756285
2.203291 2.136625 -1.756285
2.203291 2.136625 -1.756285
2.203291 2.136625 -1.756285
2.203291 2.136625 -1.756285
2.203291 2.136625 -1.756285
2.203291 2.136625 -1.756285
2.203291 2.136625 -1.756285
2.215939 2.136633 -1.756177
2.215939 2.136633 -1.756177
2.215939 2.136633 -1.756177
2.237503 2.599575 -1.261003
2.237503 2.599575 -1.261003
2.237503 2.599575 -1.261003
2.237503 2.599575 -1.261003
2.237503 2.599575 -1.261003
2.237503 2.599575 -1.261003
2.237503 2.599575 -1.261003
2.249289 2.599581 -1.260888
2.249289 2.599581 -1.260888
2.588655 2.221273 -2.611461
2.588655 2.221273 -2.611461
2.588655 2.221273 -2.611461
2.588655 2.221273 -2.611461
2.588655 2.221273 -2.611461
2.588655 2.221273 -2.611461
2.588655 2.221273 -2.611461
2.588655 2.221273 -2.611461
2.584735 2.221284 -2.611358
2.584735 2.221284 -2.611358
2.584735 2.221284 -2.611358
2.584735 2.221284 -2.611358
2.584735 2.221284 -2.611358
2.584735 2.221284 -2.611358
2.584735 2.221284 -2.611358
2.584735 2.221284 -2.611358
2.584735 2.221284 -2.611358
2.584735 2.221284 -2.611358
2.579753 2.221294 -2.611279
2.579753 2.221294 -2.611279
2.579753 2.221294 -2.611279
2.579753 2.221294 -2.611279
2.579753 2.221294 -2.611279
2.579753 2.221294 -2.611279
2.579753 2.221294 -2.611279
2.579753 2.221294 -2.611279
2.579753 2.221294 -2.611279
2.579753 2.221294 -2.611279
2.574891 2.221305 -2.611226
2.574891 2.221305 -2.611226
2.574891 2.221305 -2.611226
2.574891 2.221305 -2.611226
2.574891 2.221305 -2.611226
2.574891 2.221305 -2.611226
2.574891 2.221305 -2.611226
2.574891 2.221305 -2.611226
2.574891 2.221305 -2.611226
2.574891 2.221305 -2.611226
2.570185 2.221317 -2.611192
2.570185 2.221317 -2.611192
2.570185 2.221317 -2.611192
2.570185 2.221317 -2.611192
2.570185 2.221317 -2.611192
2.570185 2.221317 -2.611192
2.570185 2.221317 -2.611192
2.570185 2.221317 -2.611192
2.570185 2.221317 -2.611192
2.570185 2.221317 -2.611192
2.565519 2.221327 -2.61117
2.565519 2.221327 -2.61117
2.565519 2.221327 -2.61117
2.565519 2.221327 -2.61117
2.565519 2.221327 -2.61117
2.565519 2.221327 -2.61117
2.565519 2.221327 -2.61117
2.565519 2.221327 -2.61117
2.565519 2.221327 -2.61117
2.565519 2.221327 -2.61117
2.557742 2.221275 -2.611154
2.557742 2.221275 -2.611154
2.557742 2.221275 -2.611154
2.557742 2.221275 -2.611154
2.557742 2.221275 -2.611154
2.557742 2.221275 -2.611154
2.557742 2.221275 -2.611154
2.557742 2.221275 -2.611154
2.557742 2.221275 -2.611154
2.557742 2.221275 -2.611154
2.487615 2.221236 -2.611131
2.487615 2.221236 -2.611131
2.487615 2.221236 -2.611131
2.487615 2.221236 -2.611131
2.487615 2.221236 -2.611131
2.487615 2.221236 -2.611131
2.487615 2.221236 -2.611131
2.487615 2.221236 -2.611131
2.487615 2.221236 -2.611131
2.487615 2.221236 -2.611131
2.447727 2.221199 -2.611114
2.447727 2.221199 -2.611114
2.447727 2.221199 -2.611114
2.447727 2.221199 -2.611114
2.447727 2.221199 -2.611114
2.447727 2.221199 -2.611114
2.447727 2.221199 -2.611114
2.447727 2.221199 -2.611114
2.447727 2.221199 -2.611114
2.447727 2.221199 -2.611114
2.483176 2.221207 -2.611091
2.483176 2.221207 -2.611091
2.483176 2.221207 -2.611091
2.483176 2.221207 -2.611091
2.483176 2.221207 -2.611091
2.483176 2.221207 -2.611091
2.483176 2.221207 -2.611091
2.483176 2.221207 -2.611091
2.483176 2.221207 -2.611091
2.483176 2.221207 -2.611091
2.555476 2.221231 -2.611071
2.555476 2.221231 -2.611071
2.555476 2.221231 -2.611071
2.555476 2.221231 -2.611071
2.555476 2.221231 -2.611071
2.555476 2.221231 -2.611071
2.555476 2.221231 -2.611071
2.555476 2.221231 -2.611071
2.555476 2.221231 -2.611071
2.555476 2.221231 -2.611071
2.627337 2.221254 -2.611055
2.627337 2.221254 -2.611055
2.627337 2.221254 -2.611055
2.627337 2.221254 -2.611055
2.627337 2.221254 -2.611055
2.627337 2.221254 -2.611055
2.627337 2.221254 -2.611055
2.627337 2.221254 -2.611055
2.627337 2.221254 -2.611055
2.627337 2.221254 -2.611055
2.684264 2.221278 -2.611045
2.684264 2.221278 -2.611045
2.684264 2.221278 -2.611045
2.684264 2.221278 -2.611045
2.684264 2.221278 -2.611045
2.684264 2.221278 -2.611045
2.799016 2.312792 -2.265221
2.799016 2.312792 -2.265221
2.799016 2.312792 -2.265221
2.799016 2.312792 -2.265221
2.871942 2.312824 -2.265225
2.871942 2.312824 -2.265225
2.871942 2.312824 -2.265225
2.871942 2.312824 -2.265225
2.871942 2.312824 -2.265225
2.871942 2.312824 -2.265225
2.871942 2.312824 -2.265225
2.871942 2.312824 -2.265225
2.871942 2.312824 -2.265225
2.871942 2.312824 -2.265225
2.955452 2.312852 -2.265229
2.955452 2.312852 -2.265229
2.955452 2.312852 -2.265229
2.955452 2.312852 -2.265229
2.069859 2.338572 -1.124721
2.069859 2.338572 -1.124721
2.069859 2.338572 -1.124721
2.719943 2.337206 -2.549419
2.719943 2.337206 -2.549419
2.719943 2.337206 -2.549419
2.814164 2.337231 -2.549434
2.814164 2.337231 -2.549434
2.814164 2.337231 -2.549434
2.814164 2.337231 -2.549434
2.814164 2.337231 -2.549434
2.814164 2.337231 -2.549434
2.814164 2.337231 -2.549434
2.408079 2.385407 -1.487317
2.408079 2.385407 -1.487317
2.408079 2.385407 -1.487317
2.526331 2.385429 -1.487337
2.526331 2.385429 -1.487337
2.526331 2.385429 -1.487337
2.526331 2.385429 -1.487337
2.526331 2.385429 -1.487337
2.526331 2.385429 -1.487337
2.526331 2.385429 -1.487337
2.526331 2.385429 -1.487337
2.526331 2.385429 -1.487337
2.526331 2.385429 -1.487337
2.940648 3.166265 -1.984196
2.940648 3.166265 -1.984196
2.940648 3.166265 -1.984196
2.940648 3.166265 -1.984196
2.940648 3.166265 -1.984196
2.940648 3.166265 -1.984196
2.940648 3.166265 -1.984196
2.940648 3.166265 -1.984196
2.940648 3.166265 -1.984196
2.940648 3.166265 -1.984196
2.935623 3.166276 -1.984211
2.935623 3.166276 -1.984211
2.935623 3.166276 -1.984211
2.935623 3.166276 -1.984211
2.935623 3.166276 -1.984211
3.084229 3.264443 -2.438827
3.084229 3.264443 -2.438827
3.084229 3.264443 -2.438827
3.084229 3.264443 -2.438827
3.084229 3.264443 -2.438827
3.062371 3.264448 -2.438846
3.062371 3.264448 -2.438846
3.062371 3.264448 -2.438846
3.062371 3.264448 -2.438846
3.062371 3.264448 -2.438846
2.786871 1.940205 -2.904523
2.786871 1.940205 -2.904523
2.786871 1.940205 -2.904523
2.786871 1.940205 -2.904523
2.786871 1.940205 -2.904523
2.768409 1.940212 -2.904539
2.768409 1.940212 -2.904539
2.768409 1.940212 -2.904539
2.768409 1.940212 -2.904539
2.768409 1.940212 -2.904539
2.768409 1.940212 -2.904539
2.768409 1.940212 -2.904539
2.768409 1.940212 -2.904539
2.768409 1.940212 -2.904539
2.768409 1.940212 -2.904539
2.767073 1.940217 -2.904551
2.767073 1.940217 -2.904551
2.767073 1.940217 -2.904551
2.767073 1.940217 -2.904551
2.767073 1.940217 -2.904551
2.767073 1.940217 -2.904551
2.767073 1.940217 -2.904551
2.767073 1.940217 -2.904551
2.767073 1.940217 -2.904551
2.767073 1.940217 -2.904551
2.791294 1.940206 -2.904561
2.791294 1.940206 -2.904561
2.791294 1.940206 -2.904561
2.791294 1.940206 -2.904561
2.791294 1.940206 -2.904561
2.791294 1.940206 -2.904561
2.791294 1.940206 -2.904561
2.791294 1.940206 -2.904561
2.791294 1.940206 -2.904561
2.791294 1.940206 -2.904561
2.720333 1.940192 -2.904546
2.720333 1.940192 -2.904546
2.720333 1.940192 -2.904546
2.720333 1.940192 -2.904546
2.720333 1.940192 -2.904546
2.66791 2.643113 -1.927229
2.66791 2.643113 -1.927229
2.66791 2.643113 -1.927229
2.66791 2.643113 -1.927229
2.66791 2.643113 -1.927229
2.711077 2.643153 -1.927261
2.711077 2.643153 -1.927261
2.711077 2.643153 -1.927261
2.711077 2.643153 -1.927261
2.711077 2.643153 -1.927261
2.711077 2.643153 -1.927261
2.711077 2.643153 -1.927261
2.711077 2.643153 -1.927261
2.711077 2.643153 -1.927261
2.711077 2.643153 -1.927261
2.524399 2.64317 -1.927161
2.524399 2.64317 -1.927161
2.524399 2.64317 -1.927161
2.524399 2.64317 -1.927161
2.524399 2.64317 -1.927161
2.524399 2.64317 -1.927161
2.524399 2.64317 -1.927161
2.524399 2.64317 -1.927161
2.524399 2.64317 -1.927161
2.524399 2.64317 -1.927161
2.443043 2.643183 -1.927035
2.443043 2.643183 -1.927035
2.443043 2.643183 -1.927035
2.443043 2.643183 -1.927035
2.443043 2.643183 -1.927035
2.443043 2.643183 -1.927035
2.443043 2.643183 -1.927035
2.443043 2.643183 -1.927035
2.443043 2.643183 -1.927035
2.443043 2.643183 -1.927035
2.383695 2.64318 -1.926903
2.383695 2.64318 -1.926903
2.779897 2.276839 -2.009306
3.022703 2.891275 -2.761562
3.022703 2.891275 -2.761562
3.022703 2.891275 -2.761562
2.67805 1.71208 -2.480128
2.67805 1.71208 -2.480128
2.032322 2.349021 -1.441601
2.032322 2.349021 -1.441601
2.001951 2.349001 -1.441541
2.001951 2.349001 -1.441541
2.001951 2.349001 -1.441541
2.001951 2.349001 -1.441541
2.001951 2.349001 -1.441541
2.001951 2.349001 -1.441541
2.001951 2.349001 -1.441541
2.626163 3.271575 -1.340104
2.626163 3.271575 -1.340104
2.626163 3.271575 -1.340104
2.621191 3.271557 -1.340074
2.621191 3.271557 -1.340074
1.887835 2.39478 -0.6904315
1.887835 2.39478 -0.6904315
1.887835 2.39478 -0.6904315
1.887835 2.39478 -0.6904315
1.887835 2.39478 -0.6904315
1.887835 2.39478 -0.6904315
1.887835 2.39478 -0.6904315
1.887835 2.39478 -0.6904315
1.889814 2.394759 -0.6903891
1.889814 2.394759 -0.6903891
1.889814 2.394759 -0.6903891
1.889814 2.394759 -0.6903891
1.889814 2.394759 -0.6903891
1.889814 2.394759 -0.6903891
1.889814 2.394759 -0.6903891
1.889814 2.394759 -0.6903891
1.889814 2.394759 -0.6903891
1.889814 2.394759 -0.6903891
1.889658 2.394739 -0.6903327
1.889658 2.394739 -0.6903327
1.889658 2.394739 -0.6903327
1.889658 2.394739 -0.6903327
1.889658 2.394739 -0.6903327
1.889658 2.394739 -0.6903327
1.889658 2.394739 -0.6903327
1.889658 2.394739 -0.6903327
1.889658 2.394739 -0.6903327
1.889658 2.394739 -0.6903327
1.886764 2.394718 -0.6902617
1.886764 2.394718 -0.6902617
1.886764 2.394718 -0.6902617
1.886764 2.394718 -0.6902617
1.886764 2.394718 -0.6902617
1.886764 2.394718 -0.6902617
1.886764 2.394718 -0.6902617
1.886764 2.394718 -0.6902617
1.886764 2.394718 -0.6902617
1.886764 2.394718 -0.6902617
1.833051 2.394701 -0.6902115
1.833051 2.394701 -0.6902115
1.833051 2.394701 -0.6902115
1.833051 2.394701 -0.6902115
1.833051 2.394701 -0.6902115
1.833051 2.394701 -0.6902115
2.816411 2.554512 -1.771629
2.816411 2.554512 -1.771629
2.04228 0.9117434 -1.061247
2.185487 1.856089 -0.5750153
2.104043 1.856074 -0.5750301
2.104043 1.856074 -0.5750301
2.104043 1.856074 -0.5750301
2.104043 1.856074 -0.5750301
2.104043 1.856074 -0.5750301
2.104043 1.856074 -0.5750301
2.104043 1.856074 -0.5750301
2.264459 2.774022 -0.5853521
2.264459 2.774022 -0.5853521
2.264459 2.774022 -0.5853521
2.233198 2.774006 -0.5853674
2.233198 2.774006 -0.5853674
2.233198 2.774006 -0.5853674
2.233198 2.774006 -0.5853674
1.884236 2.053086 -1.11192
1.884236 2.053086 -1.11192
1.884236 2.053086 -1.11192
1.884236 2.053086 -1.11192
1.884236 2.053086 -1.11192
1.884236 2.053086 -1.11192
1.869253 2.053067 -1.111935
1.869253 2.053067 -1.111935
1.869253 2.053067 -1.111935
1.869253 2.053067 -1.111935
1.869253 2.053067 -1.111935
1.869253 2.053067 -1.111935
2.421889 2.692273 -1.621299
2.421889 2.692273 -1.621299
2.421889 2.692273 -1.621299
2.421889 2.692273 -1.621299
2.370275 2.692264 -1.621193
2.011605 1.761037 -0.9678864
2.011605 1.761037 -0.9678864
2.011605 1.761037 -0.9678864
1.953993 2.173627 -0.7382549
1.953993 2.173627 -0.7382549
1.953993 2.173627 -0.7382549
1.953993 2.173627 -0.7382549
1.953993 2.173627 -0.7382549
1.953993 2.173627 -0.7382549
1.923321 2.173618 -0.7381549
1.923321 2.173618 -0.7381549
1.923321 2.173618 -0.7381549
1.923321 2.173618 -0.7381549
1.923321 2.173618 -0.7381549
1.923321 2.173618 -0.7381549
1.923321 2.173618 -0.7381549
2.289155 2.179911 -1.849822
2.289155 2.179911 -1.849822
2.289155 2.179911 -1.849822
2.275457 2.179902 -1.849723
2.275457 2.179902 -1.849723
2.275457 2.179902 -1.849723
2.275457 2.179902 -1.849723
2.275457 2.179902 -1.849723
2.275457 2.179902 -1.849723
2.275457 2.179902 -1.849723
2.275457 2.179902 -1.849723
2.275457 2.179902 -1.849723
2.275457 2.179902 -1.849723
2.266636 2.179894 -1.849635
2.266636 2.179894 -1.849635
2.266636 2.179894 -1.849635
2.266636 2.179894 -1.849635
2.266636 2.179894 -1.849635
2.266636 2.179894 -1.849635
2.266636 2.179894 -1.849635
2.266636 2.179894 -1.849635
2.266636 2.179894 -1.849635
2.266636 2.179894 -1.849635
2.261216 2.179885 -1.849558
2.261216 2.179885 -1.849558
2.261216 2.179885 -1.849558
2.261216 2.179885 -1.849558
2.261216 2.179885 -1.849558
2.261216 2.179885 -1.849558
2.261216 2.179885 -1.849558
2.261216 2.179885 -1.849558
2.261216 2.179885 -1.849558
2.261216 2.179885 -1.849558
2.352182 2.179891 -1.849586
2.352182 2.179891 -1.849586
2.352182 2.179891 -1.849586
2.352182 2.179891 -1.849586
1.661848 1.499875 -0.2981195
1.661848 1.499875 -0.2981195
1.661848 1.499875 -0.2981195
1.661848 1.499875 -0.2981195
1.661848 1.499875 -0.2981195
1.661848 1.499875 -0.2981195
1.77481 1.499884 -0.2981602
1.77481 1.499884 -0.2981602
2.290638 2.561036 -1.030177
2.290638 2.561036 -1.030177
2.290638 2.561036 -1.030177
2.290638 2.561036 -1.030177
2.47462 2.502104 -1.524432
2.47462 2.502104 -1.524432
2.196281 2.130906 -1.245606
2.196281 2.130906 -1.245606
2.254835 2.130914 -1.245647
2.254835 2.130914 -1.245647
2.254835 2.130914 -1.245647
2.254835 2.130914 -1.245647
2.254835 2.130914 -1.245647
2.254835 2.130914 -1.245647
2.254835 2.130914 -1.245647
2.254835 2.130914 -1.245647
2.254835 2.130914 -1.245647
2.254835 2.130914 -1.245647
2.289186 2.130923 -1.24569
2.289186 2.130923 -1.24569
2.289186 2.130923 -1.24569
2.289186 2.130923 -1.24569
2.289186 2.130923 -1.24569
2.289186 2.130923 -1.24569
2.289186 2.130923 -1.24569
2.286884 2.029349 -1.161804
2.286884 2.029349 -1.161804
2.286884 2.029349 -1.161804
2.305718 2.029357 -1.161846
2.004763 1.707277 -0.7382932
2.004763 1.707277 -0.7382932
2.004763 1.707277 -0.7382932
2.004763 1.707277 -0.7382932
2.004763 1.707277 -0.7382932
2.004763 1.707277 -0.7382932
2.004763 1.707277 -0.7382932
2.004763 1.707277 -0.7382932
2.004763 1.707277 -0.7382932
2.087384 1.423994 -1.550925
2.087384 1.423994 -1.550925
2.087384 1.423994 -1.550925
2.087384 1.423994 -1.550925
2.087384 1.423994 -1.550925
2.087384 1.423994 -1.550925
2.087384 1.423994 -1.550925
2.342832 2.6201 -2.038615
2.342832 2.6201 -2.038615
2.342832 2.6201 -2.038615
2.34733 2.62011 -2.038656
2.34733 2.62011 -2.038656
2.34733 2.62011 -2.038656
2.34733 2.62011 -2.038656
2.34733 2.62011 -2.038656
2.34733 2.62011 -2.038656
2.34733 2.62011 -2.038656
2.34733 2.62011 -2.038656
2.34733 2.62011 -2.038656
2.34733 2.62011 -2.038656
2.3474 2.620118 -2.038693
2.3474 2.620118 -2.038693
2.3474 2.620118 -2.038693
2.3474 2.620118 -2.038693
2.3474 2.620118 -2.038693
2.3474 2.620118 -2.038693
2.3474 2.620118 -2.038693
2.3474 2.620118 -2.038693
2.3474 2.620118 -2.038693
2.3474 2.620118 -2.038693
2.346462 2.620126 -2.038724
2.346462 2.620126 -2.038724
2.346462 2.620126 -2.038724
2.346462 2.620126 -2.038724
2.346462 2.620126 -2.038724
2.346462 2.620126 -2.038724
2.346462 2.620126 -2.038724
2.346462 2.620126 -2.038724
2.199151 2.761624 -1.494759
2.199151 2.761624 -1.494759
2.199798 2.761629 -1.494786
2.199798 2.761629 -1.494786
2.199798 2.761629 -1.494786
2.199798 2.761629 -1.494786
2.199798 2.761629 -1.494786
2.199798 2.761629 -1.494786
2.199798 2.761629 -1.494786
2.199798 2.761629 -1.494786
2.199798 2.761629 -1.494786
2.199798 2.761629 -1.494786
2.219512 2.761629 -1.494764
2.219512 2.761629 -1.494764
2.730358 2.976229 -1.697172
2.730358 2.976229 -1.697172
2.730358 2.976229 -1.697172
2.730358 2.976229 -1.697172
2.730358 2.976229 -1.697172
2.730358 2.976229 -1.697172
2.730358 2.976229 -1.697172
2.730358 2.976229 -1.697172
2.738055 2.976228 -1.697142
2.738055 2.976228 -1.697142
2.738055 2.976228 -1.697142
2.738055 2.976228 -1.697142
2.738055 2.976228 -1.697142
2.738055 2.976228 -1.697142
2.738055 2.976228 -1.697142
2.738055 2.976228 -1.697142
2.576427 2.511728 -1.358112
2.801611 2.032599 -2.131421
2.803635 2.032598 -2.131392
2.659383 2.173393 -2.095719
2.659383 2.173393 -2.095719
2.659383 2.173393 -2.095719
2.659383 2.173393 -2.095719
2.659383 2.173393 -2.095719
2.659383 2.173393 -2.095719
2.659383 2.173393 -2.095719
2.659383 2.173393 -2.095719
2.659383 2.173393 -2.095719
2.662646 2.173393 -2.095695
2.662646 2.173393 -2.095695
2.662646 2.173393 -2.095695
2.662646 2.173393 -2.095695
2.662646 2.173393 -2.095695
2.662646 2.173393 -2.095695
2.210141 1.894784 -2.031108
2.210141 1.894784 -2.031108
2.210141 1.894784 -2.031108
2.210141 1.894784 -2.031108
2.21778 1.894783 -2.031087
2.21778 1.894783 -2.031087
2.21778 1.894783 -2.031087
2.21778 1.894783 -2.031087
2.21778 1.894783 -2.031087
2.21778 1.894783 -2.031087
2.21778 1.894783 -2.031087
2.21778 1.894783 -2.031087
2.21778 1.894783 -2.031087
2.21778 1.894783 -2.031087
2.224478 1.894781 -2.031069
2.224478 1.894781 -2.031069
2.224478 1.894781 -2.031069
2.224478 1.894781 -2.031069
2.224478 1.894781 -2.031069
2.224478 1.894781 -2.031069
2.224478 1.894781 -2.031069
2.224478 1.894781 -2.031069
2.224478 1.894781 -2.031069
2.224478 1.894781 -2.031069
2.229329 1.89478 -2.031054
2.229329 1.89478 -2.031054
2.229329 1.89478 -2.031054
2.229329 1.89478 -2.031054
2.229329 1.89478 -2.031054
2.229329 1.89478 -2.031054
2.229329 1.89478 -2.031054
2.229329 1.89478 -2.031054
2.229329 1.89478 -2.031054
2.229329 1.89478 -2.031054
2.23125 1.894777 -2.031041
2.23125 1.894777 -2.031041
2.23125 1.894777 -2.031041
2.23125 1.894777 -2.031041
2.23125 1.894777 -2.031041
2.23125 1.894777 -2.031041
2.23125 1.894777 -2.031041
2.23125 1.894777 -2.031041
2.23125 1.894777 -2.031041
2.23125 1.894777 -2.031041
2.231136 1.894775 -2.03103
2.231136 1.894775 -2.03103
2.231136 1.894775 -2.03103
2.231136 1.894775 -2.03103
2.231136 1.894775 -2.03103
2.231136 1.894775 -2.03103
2.231136 1.894775 -2.03103
2.231136 1.894775 -2.03103
2.231136 1.894775 -2.03103
2.231136 1.894775 -2.03103
2.229733 1.894773 -2.031019
2.229733 1.894773 -2.031019
2.229733 1.894773 -2.031019
2.229733 1.894773 -2.031019
2.229733 1.894773 -2.031019
2.229733 1.894773 -2.031019
2.229733 1.894773 -2.031019
2.229733 1.894773 -2.031019
2.283587 2.416031 -1.380069
2.283587 2.416031 -1.380069
2.28148 2.416029 -1.380059
2.28148 2.416029 -1.380059
2.28148 2.416029 -1.380059
2.28148 2.416029 -1.380059
2.28148 2.416029 -1.380059
2.28148 2.416029 -1.380059
2.28148 2.416029 -1.380059
2.28148 2.416029 -1.380059
2.28148 2.416029 -1.380059
2.28148 2.416029 -1.380059
2.31725 2.41603 -1.380051
2.306216 2.197697 -2.056711
2.306216 2.197697 -2.056711
2.306216 2.197697 -2.056711
2.306216 2.197697 -2.056711
2.306216 2.197697 -2.056711
2.306216 2.197697 -2.056711
2.306216 2.197697 -2.056711
2.306216 2.197697 -2.056711
2.306216 2.197697 -2.056711
2.480117 2.197709 -2.056721
2.480117 2.197709 -2.056721
2.480117 2.197709 -2.056721
2.480117 2.197709 -2.056721
2.480117 2.197709 -2.056721
2.480117 2.197709 -2.056721
2.480117 2.197709 -2.056721
2.480117 2.197709 -2.056721
2.480117 2.197709 -2.056721
2.480117 2.197709 -2.056721
2.599162 2.19772 -2.056731
2.599162 2.19772 -2.056731
2.599162 2.19772 -2.056731
2.599162 2.19772 -2.056731
2.599162 2.19772 -2.056731
2.599162 2.19772 -2.056731
2.599162 2.19772 -2.056731
2.599162 2.19772 -2.056731
2.599162 2.19772 -2.056731
2.599162 2.19772 -2.056731
2.570778 2.197725 -2.056721
2.570778 2.197725 -2.056721
2.570778 2.197725 -2.056721
2.570778 2.197725 -2.056721
2.570778 2.197725 -2.056721
2.570778 2.197725 -2.056721
2.570778 2.197725 -2.056721
2.570778 2.197725 -2.056721
2.570778 2.197725 -2.056721
2.570778 2.197725 -2.056721
2.474664 2.197725 -2.056687
2.474664 2.197725 -2.056687
2.474664 2.197725 -2.056687
2.474664 2.197725 -2.056687
2.474664 2.197725 -2.056687
2.474664 2.197725 -2.056687
2.474664 2.197725 -2.056687
2.474664 2.197725 -2.056687
2.474664 2.197725 -2.056687
2.474664 2.197725 -2.056687
2.436163 2.197724 -2.056658
2.436163 2.197724 -2.056658
2.436163 2.197724 -2.056658
2.436163 2.197724 -2.056658
2.436163 2.197724 -2.056658
2.436163 2.197724 -2.056658
2.436163 2.197724 -2.056658
2.436163 2.197724 -2.056658
2.436163 2.197724 -2.056658
2.436163 2.197724 -2.056658
2.419325 2.197724 -2.056632
2.419325 2.197724 -2.056632
2.419325 2.197724 -2.056632
2.419325 2.197724 -2.056632
2.419325 2.197724 -2.056632
2.419325 2.197724 -2.056632
2.419325 2.197724 -2.056632
2.419325 2.197724 -2.056632
2.419325 2.197724 -2.056632
0 0 0
