-1.317532 -0.7318943 0.7445756
-1.317532 -0.7318943 0.7445756
-0.7684682 -0.2793604 -0.482017
-0.6267848 -0.9338573 -1.416317
-0.6267848 -0.9338573 -1.416317
-1.039645 -1.701744 -2.182952
-1.039645 -1.701744 -2.182952
-0.8890972 -2.706308 -2.977352
-0.8890972 -2.706308 -2.977352
-0.4197566 -2.900832 -3.08578
-0.4197566 -2.900832 -3.08578
-0.4798984 -3.005871 -3.138406
-0.4798984 -3.005871 -3.138406
-0.4798984 -3.005871 -3.138406
0.2276278 -2.311591 -3.735089
0.2276278 -2.311591 -3.735089
-0.4644775 -2.27728 -3.223779
-0.4644775 -2.27728 -3.223779
-0.4644775 -2.27728 -3.223779
-0.4644775 -2.27728 -3.223779
-0.4644775 -2.27728 -3.223779
-1.608453 -3.457853 -3.414063
-1.608453 -3.457853 -3.414063
-1.608453 -3.457853 -3.414063
-1.608453 -3.457853 -3.414063
-1.608453 -3.457853 -3.414063
-1.608453 -3.457853 -3.414063
-1.608453 -3.457853 -3.414063
-1.608453 -3.457853 -3.414063
-1.855335 -3.354519 -4.452567
-1.855335 -3.354519 -4.452567
-1.826412 -3.354621 -4.452509
-1.826412 -3.354621 -4.452509
-1.826412 -3.354621 -4.452509
-1.969684 -3.637502 -3.399932
-1.571258 -4.648544 -1.56066
-1.633454 -4.599796 -1.47342
-1.633454 -4.599796 -1.47342
-1.633454 -4.599796 -1.47342
-1.633454 -4.599796 -1.47342
-1.633454 -4.599796 -1.47342
-1.614525 -4.600122 -1.473625
-1.614525 -4.600122 -1.473625
-2.178374 -4.315326 -1.68497
-2.178374 -4.315326 -1.68497
-2.178374 -4.315326 -1.68497
-2.178374 -4.315326 -1.68497
-2.178374 -4.315326 -1.68497
-2.178374 -4.315326 -1.68497
-1.917162 -4.978502 -1.395253
-1.917162 -4.978502 -1.395253
-1.909006 -4.978548 -1.396047
-1.909006 -4.978548 -1.396047
-1.909006 -4.978548 -1.396047
-1.909006 -4.978548 -1.396047
-1.909006 -4.978548 -1.396047
-1.909006 -4.978548 -1.396047
-1.909006 -4.978548 -1.396047
-1.77996 -4.666226 -1.882596
-1.243497 -3.95201 -1.914225
-1.243497 -3.95201 -1.914225
-1.329762 -3.952122 -1.915879
-1.329762 -3.952122 -1.915879
-1.329762 -3.952122 -1.915879
-2.078385 -4.547285 -3.007643
-2.078385 -4.547285 -3.007643
-2.078385 -4.547285 -3.007643
-2.078385 -4.547285 -3.007643
-2.078385 -4.547285 -3.007643
-2.078385 -4.547285 -3.007643
-2.078385 -4.547285 -3.007643
-1.980475 -4.547282 -3.008216
-1.980475 -4.547282 -3.008216
-1.980475 -4.547282 -3.008216
-1.980475 -4.547282 -3.008216
-1.980475 -4.547282 -3.008216
-1.980475 -4.547282 -3.008216
-1.980475 -4.547282 -3.008216
-1.980475 -4.547282 -3.008216
-1.980475 -4.547282 -3.008216
-1.980475 -4.547282 -3.008216
-1.949741 -4.547268 -3.008592
-1.949741 -4.547268 -3.008592
-1.949741 -4.547268 -3.008592
-1.949741 -4.547268 -3.008592
-1.949741 -4.547268 -3.008592
-1.448012 -3.629641 -2.833367
-1.448012 -3.629641 -2.833367
-1.448012 -3.629641 -2.833367
-1.448012 -3.629641 -2.833367
-1.632262 -4.177821 -1.962363
-1.083307 -3.841042 -1.888492
-1.083307 -3.841042 -1.888492
-1.083307 -3.841042 -1.888492
-1.083307 -3.841042 -1.888492
-1.100101 -3.366012 -2.835927
-1.732875 -4.10077 -2.97432
-1.732875 -4.10077 -2.97432
-1.732875 -4.10077 -2.97432
-1.732875 -4.10077 -2.97432
-1.732875 -4.10077 -2.97432
-1.81549 -4.100767 -2.974521
-1.81549 -4.100767 -2.974521
-1.81549 -4.100767 -2.974521
-1.81549 -4.100767 -2.974521
-1.81549 -4.100767 -2.974521
-1.81549 -4.100767 -2.974521
-1.81549 -4.100767 -2.974521
-1.81549 -4.100767 -2.974521
-1.81549 -4.100767 -2.974521
-1.81549 -4.100767 -2.974521
-1.829175 -4.100771 -2.974738
-1.829175 -4.100771 -2.974738
-0.5730197 -3.102641 -2.062265
-0.8318626 -2.943185 -3.125394
-0.8318626 -2.943185 -3.125394
-0.8318626 -2.943185 -3.125394
-0.8318626 -2.943185 -3.125394
-0.8318626 -2.943185 -3.125394
-0.8318626 -2.943185 -3.125394
-0.8318626 -2.943185 -3.125394
-0.8464299 -2.943195 -3.125564
-0.8464299 -2.943195 -3.125564
-0.8464299 -2.943195 -3.125564
-0.8464299 -2.943195 -3.125564
-0.8464299 -2.943195 -3.125564
-0.8464299 -2.943195 -3.125564
-0.8464299 -2.943195 -3.125564
-0.8464299 -2.943195 -3.125564
-0.8464299 -2.943195 -3.125564
-0.8464299 -2.943195 -3.125564
0.2812683 -2.076494 -3.417135
0.2812683 -2.076494 -3.417135
0.2812683 -2.076494 -3.417135
0.2812683 -2.076494 -3.417135
0.2812683 -2.076494 -3.417135
0.2812683 -2.076494 -3.417135
0.2812683 -2.076494 -3.417135
0.2812683 -2.076494 -3.417135
-0.2635191 -2.470434 -2.584813
-0.2635191 -2.470434 -2.584813
-0.2712418 -2.471072 -2.584907
-0.2712418 -2.471072 -2.584907
-0.2712418 -2.471072 -2.584907
-0.2712418 -2.471072 -2.584907
-0.2712418 -2.471072 -2.584907
-0.2712418 -2.471072 -2.584907
-0.2712418 -2.471072 -2.584907
-0.2712418 -2.471072 -2.584907
-0.2712418 -2.471072 -2.584907
-0.2712418 -2.471072 -2.584907
-0.2657027 -2.471505 -2.585024
-0.2657027 -2.471505 -2.585024
-0.2657027 -2.471505 -2.585024
-0.2657027 -2.471505 -2.585024
-0.2657027 -2.471505 -2.585024
-0.2657027 -2.471505 -2.585024
-0.2657027 -2.471505 -2.585024
-0.2657027 -2.471505 -2.585024
-0.2657027 -2.471505 -2.585024
-0.2657027 -2.471505 -2.585024
-0.2069154 -2.471728 -2.585106
-0.2069154 -2.471728 -2.585106
-0.2069154 -2.471728 -2.585106
-0.227195 -2.468471 -2.740043
-0.227195 -2.468471 -2.740043
-0.227195 -2.468471 -2.740043
-0.227195 -2.468471 -2.740043
-0.227195 -2.468471 -2.740043
-0.227195 -2.468471 -2.740043
-0.227195 -2.468471 -2.740043
-0.1899884 -2.468661 -2.74013
1.046079 -1.651312 -2.672955
1.046079 -1.651312 -2.672955
1.046079 -1.651312 -2.672955
1.046079 -1.651312 -2.672955
1.046079 -1.651312 -2.672955
1.046079 -1.651312 -2.672955
1.046079 -1.651312 -2.672955
1.046079 -1.651312 -2.672955
1.046079 -1.651312 -2.672955
1.095063 -1.65155 -2.673034
1.095063 -1.65155 -2.673034
1.095063 -1.65155 -2.673034
1.095063 -1.65155 -2.673034
1.095063 -1.65155 -2.673034
1.095063 -1.65155 -2.673034
1.095063 -1.65155 -2.673034
1.095063 -1.65155 -2.673034
1.095063 -1.65155 -2.673034
1.095063 -1.65155 -2.673034
1.244519 -1.65161 -2.673091
2.281323 -0.42787 -0.8220256
2.281323 -0.42787 -0.8220256
2.281323 -0.42787 -0.8220256
2.281323 -0.42787 -0.8220256
2.281323 -0.42787 -0.8220256
2.281323 -0.42787 -0.8220256
2.281323 -0.42787 -0.8220256
2.281323 -0.42787 -0.8220256
2.281323 -0.42787 -0.8220256
2.771447 -0.4275788 -0.8220612
2.771447 -0.4275788 -0.8220612
2.771447 -0.4275788 -0.8220612
2.900525 -0.08310053 -0.2053486
2.718537 -0.2764054 1.076932
2.718537 -0.2764054 1.076932
2.40233 0.210373 0.7182058
2.40233 0.210373 0.7182058
2.40233 0.210373 0.7182058
2.40233 0.210373 0.7182058
2.728613 0.2110549 0.7183246
2.728613 0.2110549 0.7183246
2.728613 0.2110549 0.7183246
2.728613 0.2110549 0.7183246
1.940526 -0.5579678 0.2680869
2.054646 -0.1283212 -1.046469
2.334053 -0.08628176 -0.6646498
2.334053 -0.08628176 -0.6646498
2.334053 -0.08628176 -0.6646498
2.334053 -0.08628176 -0.6646498
2.777085 -0.08334724 -0.6644589
2.310632 -0.608049 -0.009915009
2.310632 -0.608049 -0.009915009
2.310632 -0.608049 -0.009915009
2.310632 -0.608049 -0.009915009
2.042883 -0.2938091 -0.5560084
2.042883 -0.2938091 -0.5560084
2.042883 -0.2938091 -0.5560084
2.042883 -0.2938091 -0.5560084
2.042883 -0.2938091 -0.5560084
2.078817 -0.2949424 -0.556384
2.078817 -0.2949424 -0.556384
2.078817 -0.2949424 -0.556384
2.078817 -0.2949424 -0.556384
2.078817 -0.2949424 -0.556384
2.078817 -0.2949424 -0.556384
2.078817 -0.2949424 -0.556384
2.078817 -0.2949424 -0.556384
2.078817 -0.2949424 -0.556384
2.078817 -0.2949424 -0.556384
2.102718 -0.2962344 -0.5567445
2.102718 -0.2962344 -0.5567445
2.102718 -0.2962344 -0.5567445
2.102718 -0.2962344 -0.5567445
2.102718 -0.2962344 -0.5567445
2.102718 -0.2962344 -0.5567445
2.102718 -0.2962344 -0.5567445
2.102718 -0.2962344 -0.5567445
2.102718 -0.2962344 -0.5567445
2.102718 -0.2962344 -0.5567445
2.130875 -0.2949312 -0.5572493
2.130875 -0.2949312 -0.5572493
2.130875 -0.2949312 -0.5572493
2.130875 -0.2949312 -0.5572493
2.130875 -0.2949312 -0.5572493
2.130875 -0.2949312 -0.5572493
2.130875 -0.2949312 -0.5572493
2.130875 -0.2949312 -0.5572493
2.374169 0.3779514 -0.1726913
2.374169 0.3779514 -0.1726913
2.389697 0.3800362 -0.1727177
2.389697 0.3800362 -0.1727177
2.389697 0.3800362 -0.1727177
2.389697 0.3800362 -0.1727177
2.49691 0.7240519 1.396648
2.49691 0.7240519 1.396648
2.49691 0.7240519 1.396648
2.49691 0.7240519 1.396648
2.49691 0.7240519 1.396648
2.49691 0.7240519 1.396648
2.50094 0.7255607 1.397082
2.50094 0.7255607 1.397082
2.50094 0.7255607 1.397082
2.50094 0.7255607 1.397082
2.50094 0.7255607 1.397082
2.50094 0.7255607 1.397082
2.50094 0.7255607 1.397082
2.50094 0.7255607 1.397082
2.50094 0.7255607 1.397082
2.50094 0.7255607 1.397082
2.502948 0.7254714 1.398294
2.502948 0.7254714 1.398294
2.502948 0.7254714 1.398294
2.502948 0.7254714 1.398294
2.502948 0.7254714 1.398294
2.502948 0.7254714 1.398294
2.502948 0.7254714 1.398294
2.502948 0.7254714 1.398294
2.502948 0.7254714 1.398294
2.502948 0.7254714 1.398294
2.499092 0.7270032 1.399489
2.499092 0.7270032 1.399489
2.499092 0.7270032 1.399489
2.499092 0.7270032 1.399489
2.245622 0.4966944 0.581087
2.245622 0.4966944 0.581087
2.245622 0.4966944 0.581087
2.245622 0.4966944 0.581087
2.245622 0.4966944 0.581087
2.245622 0.4966944 0.581087
2.242461 0.4960689 0.5828342
2.242461 0.4960689 0.5828342
2.242461 0.4960689 0.5828342
2.242461 0.4960689 0.5828342
2.242461 0.4960689 0.5828342
2.242461 0.4960689 0.5828342
2.242461 0.4960689 0.5828342
2.615909 0.3766625 -0.7382892
2.615909 0.3766625 -0.7382892
2.615909 0.3766625 -0.7382892
2.612404 0.3773667 -0.7364333
2.612404 0.3773667 -0.7364333
2.612404 0.3773667 -0.7364333
2.612404 0.3773667 -0.7364333
2.64289 0.265888 -1.419468
2.64289 0.265888 -1.419468
2.64289 0.265888 -1.419468
2.64289 0.265888 -1.419468
2.64289 0.265888 -1.419468
2.64289 0.265888 -1.419468
2.481989 0.02107918 0.02129748
2.481989 0.02107918 0.02129748
2.481989 0.02107918 0.02129748
2.050763 -0.1383908 -1.408993
2.050763 -0.1383908 -1.408993
2.050763 -0.1383908 -1.408993
2.362255 0.1248209 -1.693302
2.362255 0.1248209 -1.693302
2.059962 -0.4760645 -1.369319
2.059962 -0.4760645 -1.369319
2.057841 -0.4756794 -1.367498
2.057841 -0.4756794 -1.367498
2.057841 -0.4756794 -1.367498
2.057841 -0.4756794 -1.367498
2.057841 -0.4756794 -1.367498
2.057841 -0.4756794 -1.367498
2.057841 -0.4756794 -1.367498
2.057841 -0.4756794 -1.367498
2.057841 -0.4756794 -1.367498
2.057841 -0.4756794 -1.367498
2.055109 -0.4762414 -1.366142
2.055109 -0.4762414 -1.366142
2.055109 -0.4762414 -1.366142
2.055109 -0.4762414 -1.366142
2.055109 -0.4762414 -1.366142
2.055109 -0.4762414 -1.366142
2.055109 -0.4762414 -1.366142
2.055109 -0.4762414 -1.366142
2.055109 -0.4762414 -1.366142
2.055109 -0.4762414 -1.366142
2.048164 -0.4781007 -1.364634
2.048164 -0.4781007 -1.364634
2.048164 -0.4781007 -1.364634
2.048164 -0.4781007 -1.364634
2.048164 -0.4781007 -1.364634
2.175856 -0.3358435 -0.6149523
2.175856 -0.3358435 -0.6149523
2.175856 -0.3358435 -0.6149523
2.175856 -0.3358435 -0.6149523
2.175856 -0.3358435 -0.6149523
2.169708 -0.3359823 -0.6133275
2.169708 -0.3359823 -0.6133275
2.362198 0.333241 0.025993
2.362198 0.333241 0.025993
2.362198 0.333241 0.025993
2.362198 0.333241 0.025993
2.362198 0.333241 0.025993
2.362198 0.333241 0.025993
2.362198 0.333241 0.025993
2.362198 0.333241 0.025993
2.364589 0.3354924 0.02726843
2.364589 0.3354924 0.02726843
2.364589 0.3354924 0.02726843
2.364589 0.3354924 0.02726843
2.364589 0.3354924 0.02726843
2.364589 0.3354924 0.02726843
2.364589 0.3354924 0.02726843
2.364589 0.3354924 0.02726843
2.364589 0.3354924 0.02726843
2.499656 0.2779566 0.02757091
2.503285 0.2802197 0.02872713
2.503285 0.2802197 0.02872713
2.503285 0.2802197 0.02872713
2.503285 0.2802197 0.02872713
2.503285 0.2802197 0.02872713
2.503285 0.2802197 0.02872713
2.503285 0.2802197 0.02872713
2.503285 0.2802197 0.02872713
2.503285 0.2802197 0.02872713
2.503285 0.2802197 0.02872713
2.506023 0.2831162 0.02987152
2.506023 0.2831162 0.02987152
2.506023 0.2831162 0.02987152
2.506023 0.2831162 0.02987152
2.506023 0.2831162 0.02987152
2.506023 0.2831162 0.02987152
2.506023 0.2831162 0.02987152
2.506023 0.2831162 0.02987152
2.506023 0.2831162 0.02987152
2.506023 0.2831162 0.02987152
2.508608 0.2885759 0.03085618
2.508608 0.2885759 0.03085618
2.508608 0.2885759 0.03085618
2.508608 0.2885759 0.03085618
2.508608 0.2885759 0.03085618
2.508608 0.2885759 0.03085618
2.508608 0.2885759 0.03085618
2.508608 0.2885759 0.03085618
2.508608 0.2885759 0.03085618
2.508608 0.2885759 0.03085618
2.510476 0.2946624 0.03186354
2.510476 0.2946624 0.03186354
2.510476 0.2946624 0.03186354
2.510476 0.2946624 0.03186354
2.510476 0.2946624 0.03186354
2.510476 0.2946624 0.03186354
2.510476 0.2946624 0.03186354
2.510476 0.2946624 0.03186354
2.510476 0.2946624 0.03186354
2.510476 0.2946624 0.03186354
2.510168 0.2992574 0.03240832
2.510168 0.2992574 0.03240832
2.510168 0.2992574 0.03240832
2.510168 0.2992574 0.03240832
2.510168 0.2992574 0.03240832
2.510168 0.2992574 0.03240832
2.510168 0.2992574 0.03240832
2.510168 0.2992574 0.03240832
2.510168 0.2992574 0.03240832
2.510168 0.2992574 0.03240832
2.509346 0.3038875 0.03294395
2.509346 0.3038875 0.03294395
2.509346 0.3038875 0.03294395
2.509346 0.3038875 0.03294395
2.509346 0.3038875 0.03294395
2.509346 0.3038875 0.03294395
2.509346 0.3038875 0.03294395
2.509346 0.3038875 0.03294395
2.509346 0.3038875 0.03294395
2.509346 0.3038875 0.03294395
2.507822 0.3062932 0.03317971
2.507822 0.3062932 0.03317971
2.507822 0.3062932 0.03317971
2.507822 0.3062932 0.03317971
2.507822 0.3062932 0.03317971
2.507822 0.3062932 0.03317971
2.507822 0.3062932 0.03317971
2.507822 0.3062932 0.03317971
2.507822 0.3062932 0.03317971
2.507822 0.3062932 0.03317971
2.506039 0.3076578 0.03328523
2.506039 0.3076578 0.03328523
2.506039 0.3076578 0.03328523
2.506039 0.3076578 0.03328523
2.506039 0.3076578 0.03328523
2.506039 0.3076578 0.03328523
2.506039 0.3076578 0.03328523
2.506039 0.3076578 0.03328523
2.506039 0.3076578 0.03328523
2.506039 0.3076578 0.03328523
2.504296 0.3090321 0.03338949
2.504296 0.3090321 0.03338949
2.504296 0.3090321 0.03338949
2.504296 0.3090321 0.03338949
2.504296 0.3090321 0.03338949
2.504296 0.3090321 0.03338949
2.504296 0.3090321 0.03338949
2.504296 0.3090321 0.03338949
2.504296 0.3090321 0.03338949
2.504296 0.3090321 0.03338949
2.18904 0.6972259 1.493141
2.18904 0.6972259 1.493141
2.18904 0.6972259 1.493141
2.18904 0.6972259 1.493141
2.18904 0.6972259 1.493141
2.18904 0.6972259 1.493141
2.18904 0.6972259 1.493141
2.18904 0.6972259 1.493141
2.526973 0.592793 -0.3281239
2.526973 0.592793 -0.3281239
2.523916 0.5923658 -0.329604
2.523916 0.5923658 -0.329604
2.523916 0.5923658 -0.329604
2.346356 0.290771 -0.686306
2.346356 0.290771 -0.686306
2.346356 0.290771 -0.686306
2.346356 0.290771 -0.686306
2.346356 0.290771 -0.686306
2.346356 0.290771 -0.686306
2.346356 0.290771 -0.686306
2.34329 0.2903605 -0.6876591
2.34329 0.2903605 -0.6876591
2.34329 0.2903605 -0.6876591
2.34329 0.2903605 -0.6876591
2.098948 0.311848 0.2212913
2.098948 0.311848 0.2212913
2.098948 0.311848 0.2212913
2.098948 0.311848 0.2212913
2.098948 0.311848 0.2212913
2.098948 0.311848 0.2212913
2.45611 0.04765626 0.4460121
2.45611 0.04765626 0.4460121
2.45611 0.04765626 0.4460121
2.45611 0.04765626 0.4460121
2.45611 0.04765626 0.4460121
2.45611 0.04765626 0.4460121
2.45611 0.04765626 0.4460121
2.45611 0.04765626 0.4460121
2.45611 0.04765626 0.4460121
2.45611 0.04765626 0.4460121
2.451189 0.04726936 0.4447445
2.451189 0.04726936 0.4447445
2.548879 0.1011105 1.429794
2.548879 0.1011105 1.429794
2.548879 0.1011105 1.429794
2.548879 0.1011105 1.429794
2.548879 0.1011105 1.429794
2.548879 0.1011105 1.429794
2.534299 0.8035285 2.77448
2.534299 0.8035285 2.77448
2.52902 0.8031352 2.773144
2.52902 0.8031352 2.773144
2.52902 0.8031352 2.773144
2.424958 0.4347623 2.660016
2.424958 0.4347623 2.660016
2.424958 0.4347623 2.660016
2.336848 0.8997874 1.978976
2.336848 0.8997874 1.978976
2.336848 0.8997874 1.978976
2.336848 0.8997874 1.978976
2.331521 0.8994005 1.977719
2.331521 0.8994005 1.977719
2.331521 0.8994005 1.977719
2.331521 0.8994005 1.977719
2.331521 0.8994005 1.977719
2.331521 0.8994005 1.977719
2.331521 0.8994005 1.977719
2.471988 1.328737 2.067315
2.471988 1.328737 2.067315
2.471988 1.328737 2.067315
2.467415 1.328133 2.066402
2.467415 1.328133 2.066402
2.467415 1.328133 2.066402
2.467415 1.328133 2.066402
2.467415 1.328133 2.066402
2.467415 1.328133 2.066402
2.467415 1.328133 2.066402
2.467415 1.328133 2.066402
2.467415 1.328133 2.066402
2.467415 1.328133 2.066402
2.464288 1.327328 2.065817
2.464288 1.327328 2.065817
2.464288 1.327328 2.065817
2.464288 1.327328 2.065817
2.464288 1.327328 2.065817
2.464288 1.327328 2.065817
2.464288 1.327328 2.065817
2.464288 1.327328 2.065817
2.464288 1.327328 2.065817
2.464288 1.327328 2.065817
2.461321 1.326541 2.065243
2.461321 1.326541 2.065243
2.450474 0.9376938 1.929216
2.450474 0.9376938 1.929216
2.450474 0.9376938 1.929216
2.450474 0.9376938 1.929216
2.450474 0.9376938 1.929216
2.450474 0.9376938 1.929216
2.450474 0.9376938 1.929216
2.450474 0.9376938 1.929216
2.447734 0.9369401 1.928659
2.447734 0.9369401 1.928659
2.447734 0.9369401 1.928659
2.447734 0.9369401 1.928659
2.447734 0.9369401 1.928659
2.447734 0.9369401 1.928659
2.447734 0.9369401 1.928659
2.447734 0.9369401 1.928659
2.447734 0.9369401 1.928659
2.447734 0.9369401 1.928659
2.445159 0.9362036 1.928117
2.445159 0.9362036 1.928117
2.445159 0.9362036 1.928117
2.445159 0.9362036 1.928117
2.445159 0.9362036 1.928117
2.445159 0.9362036 1.928117
2.445159 0.9362036 1.928117
2.445159 0.9362036 1.928117
2.445159 0.9362036 1.928117
2.445159 0.9362036 1.928117
2.443333 0.9356497 1.927652
2.443333 0.9356497 1.927652
2.443333 0.9356497 1.927652
2.443333 0.9356497 1.927652
2.443333 0.9356497 1.927652
2.443333 0.9356497 1.927652
2.443333 0.9356497 1.927652
2.443333 0.9356497 1.927652
2.443333 0.9356497 1.927652
2.443333 0.9356497 1.927652
2.441689 0.9348387 1.927132
2.441689 0.9348387 1.927132
2.441689 0.9348387 1.927132
2.441689 0.9348387 1.927132
2.441689 0.9348387 1.927132
2.441689 0.9348387 1.927132
2.656336 0.7425233 2.011607
2.656336 0.7425233 2.011607
2.656336 0.7425233 2.011607
2.656336 0.7425233 2.011607
2.65379 0.7413639 2.010973
2.65379 0.7413639 2.010973
2.65379 0.7413639 2.010973
2.65379 0.7413639 2.010973
2.65379 0.7413639 2.010973
2.65379 0.7413639 2.010973
2.65379 0.7413639 2.010973
2.514893 0.9297128 1.359654
2.514893 0.9297128 1.359654
2.295294 1.028804 2.747028
2.293022 1.027663 2.7464
2.293022 1.027663 2.7464
2.293022 1.027663 2.7464
2.534403 -0.309318 2.563543
2.534403 -0.309318 2.563543
2.534403 -0.309318 2.563543
2.491826 0.4819188 1.441625
2.491826 0.4819188 1.441625
2.314974 1.082758 2.015114
2.314974 1.082758 2.015114
2.312332 1.081651 2.014524
2.312332 1.081651 2.014524
2.312332 1.081651 2.014524
2.312332 1.081651 2.014524
2.312332 1.081651 2.014524
2.312332 1.081651 2.014524
2.312332 1.081651 2.014524
2.312332 1.081651 2.014524
2.312332 1.081651 2.014524
2.312332 1.081651 2.014524
2.309016 1.080579 2.013956
2.309016 1.080579 2.013956
2.309016 1.080579 2.013956
2.309016 1.080579 2.013956
2.309016 1.080579 2.013956
2.309016 1.080579 2.013956
2.309016 1.080579 2.013956
2.309016 1.080579 2.013956
2.309016 1.080579 2.013956
2.309016 1.080579 2.013956
2.309106 1.082679 2.014112
2.309106 1.082679 2.014112
2.309106 1.082679 2.014112
2.309106 1.082679 2.014112
2.309106 1.082679 2.014112
2.309106 1.082679 2.014112
2.309106 1.082679 2.014112
2.309106 1.082679 2.014112
2.452757 0.09761594 0.1075277
2.452757 0.09761594 0.1075277
2.450463 0.1006518 0.1079529
2.450463 0.1006518 0.1079529
2.450463 0.1006518 0.1079529
2.450463 0.1006518 0.1079529
2.450463 0.1006518 0.1079529
2.450463 0.1006518 0.1079529
2.450463 0.1006518 0.1079529
2.450463 0.1006518 0.1079529
2.450463 0.1006518 0.1079529
2.450463 0.1006518 0.1079529
2.442157 0.1007698 0.1079293
2.442157 0.1007698 0.1079293
2.442157 0.1007698 0.1079293
2.442157 0.1007698 0.1079293
2.442157 0.1007698 0.1079293
2.442157 0.1007698 0.1079293
2.442157 0.1007698 0.1079293
2.442157 0.1007698 0.1079293
2.442157 0.1007698 0.1079293
2.442157 0.1007698 0.1079293
2.439521 0.09961511 0.1074989
2.439521 0.09961511 0.1074989
2.439521 0.09961511 0.1074989
2.439521 0.09961511 0.1074989
2.439521 0.09961511 0.1074989
2.439521 0.09961511 0.1074989
2.439521 0.09961511 0.1074989
2.133743 0.8913057 1.049778
2.133743 0.8913057 1.049778
2.133743 0.8913057 1.049778
2.363339 0.5297251 1.96338
2.363339 0.5297251 1.96338
2.363339 0.5297251 1.96338
2.363339 0.5297251 1.96338
2.363339 0.5297251 1.96338
2.363339 0.5297251 1.96338
2.363339 0.5297251 1.96338
2.363339 0.5297251 1.96338
2.363339 0.5297251 1.96338
2.363339 0.5297251 1.96338
2.366001 0.5301081 1.963439
2.366001 0.5301081 1.963439
2.366001 0.5301081 1.963439
2.366001 0.5301081 1.963439
2.366001 0.5301081 1.963439
2.366001 0.5301081 1.963439
2.366001 0.5301081 1.963439
2.366001 0.5301081 1.963439
2.366001 0.5301081 1.963439
2.366001 0.5301081 1.963439
2.364861 0.5297068 1.963529
2.364861 0.5297068 1.963529
2.364861 0.5297068 1.963529
2.364861 0.5297068 1.963529
2.364861 0.5297068 1.963529
2.364861 0.5297068 1.963529
2.364861 0.5297068 1.963529
2.364861 0.5297068 1.963529
2.364861 0.5297068 1.963529
2.364861 0.5297068 1.963529
2.367086 0.529155 1.963253
2.367086 0.529155 1.963253
2.367086 0.529155 1.963253
2.367086 0.529155 1.963253
2.367086 0.529155 1.963253
2.367086 0.529155 1.963253
2.367086 0.529155 1.963253
2.245812 -0.1514681 1.52614
2.245812 -0.1514681 1.52614
2.245812 -0.1514681 1.52614
2.239107 -0.152331 1.525833
2.239107 -0.152331 1.525833
2.239107 -0.152331 1.525833
2.239107 -0.152331 1.525833
2.239107 -0.152331 1.525833
2.097644 -0.1239943 2.196182
2.097644 -0.1239943 2.196182
2.097644 -0.1239943 2.196182
2.097644 -0.1239943 2.196182
2.097644 -0.1239943 2.196182
2.085447 -0.1254952 2.196017
2.085447 -0.1254952 2.196017
2.085447 -0.1254952 2.196017
2.085447 -0.1254952 2.196017
2.085447 -0.1254952 2.196017
2.085447 -0.1254952 2.196017
2.085447 -0.1254952 2.196017
2.085447 -0.1254952 2.196017
2.085447 -0.1254952 2.196017
2.227088 -1.042612 1.607971
2.210847 -1.044483 1.607954
2.210847 -1.044483 1.607954
2.210847 -1.044483 1.607954
2.210847 -1.044483 1.607954
2.210847 -1.044483 1.607954
2.210847 -1.044483 1.607954
2.210847 -1.044483 1.607954
2.210847 -1.044483 1.607954
2.210847 -1.044483 1.607954
2.210847 -1.044483 1.607954
2.213743 -1.044907 1.607942
2.213743 -1.044907 1.607942
2.213743 -1.044907 1.607942
2.213743 -1.044907 1.607942
2.213743 -1.044907 1.607942
2.213743 -1.044907 1.607942
2.213743 -1.044907 1.607942
2.213743 -1.044907 1.607942
2.213743 -1.044907 1.607942
2.213743 -1.044907 1.607942
2.240944 -1.043745 1.607993
2.240944 -1.043745 1.607993
2.240944 -1.043745 1.607993
2.240944 -1.043745 1.607993
2.212555 -0.2413937 0.7113409
2.212555 -0.2413937 0.7113409
2.212555 -0.2413937 0.7113409
2.212555 -0.2413937 0.7113409
2.212555 -0.2413937 0.7113409
2.212555 -0.2413937 0.7113409
2.220148 -0.2410703 0.7113865
2.220148 -0.2410703 0.7113865
2.220148 -0.2410703 0.7113865
2.220148 -0.2410703 0.7113865
2.220148 -0.2410703 0.7113865
2.220148 -0.2410703 0.7113865
2.220148 -0.2410703 0.7113865
2.220148 -0.2410703 0.7113865
2.220148 -0.2410703 0.7113865
2.220148 -0.2410703 0.7113865
2.222923 -0.2411384 0.7114312
2.222923 -0.2411384 0.7114312
2.222923 -0.2411384 0.7114312
2.222923 -0.2411384 0.7114312
2.222923 -0.2411384 0.7114312
2.222923 -0.2411384 0.7114312
2.222923 -0.2411384 0.7114312
2.222923 -0.2411384 0.7114312
2.222923 -0.2411384 0.7114312
2.222923 -0.2411384 0.7114312
2.227692 -0.2411917 0.7115039
2.227692 -0.2411917 0.7115039
2.227692 -0.2411917 0.7115039
2.227692 -0.2411917 0.7115039
2.227692 -0.2411917 0.7115039
2.227692 -0.2411917 0.7115039
2.227692 -0.2411917 0.7115039
2.227692 -0.2411917 0.7115039
2.227692 -0.2411917 0.7115039
2.227692 -0.2411917 0.7115039
2.232383 -0.2412384 0.7115892
2.232383 -0.2412384 0.7115892
2.232383 -0.2412384 0.7115892
2.232383 -0.2412384 0.7115892
2.232383 -0.2412384 0.7115892
2.232383 -0.2412384 0.7115892
2.232383 -0.2412384 0.7115892
2.232383 -0.2412384 0.7115892
2.232383 -0.2412384 0.7115892
2.232383 -0.2412384 0.7115892
2.236146 -0.2412847 0.7116748
2.236146 -0.2412847 0.7116748
2.236146 -0.2412847 0.7116748
2.236146 -0.2412847 0.7116748
2.236146 -0.2412847 0.7116748
2.236146 -0.2412847 0.7116748
2.483691 0.01243204 1.579352
2.574534 2.230077 1.372636
2.574534 2.230077 1.372636
2.574534 2.230077 1.372636
2.577798 2.230031 1.372723
2.577798 2.230031 1.372723
2.577798 2.230031 1.372723
2.577798 2.230031 1.372723
2.577798 2.230031 1.372723
2.577798 2.230031 1.372723
2.577798 2.230031 1.372723
2.577798 2.230031 1.372723
2.577798 2.230031 1.372723
2.577798 2.230031 1.372723
2.580394 2.229986 1.372807
2.580394 2.229986 1.372807
2.571439 2.725239 1.921781
2.571439 2.725239 1.921781
2.571439 2.725239 1.921781
2.611957 1.99771 1.567255
2.611957 1.99771 1.567255
2.611957 1.99771 1.567255
2.611957 1.99771 1.567255
2.611957 1.99771 1.567255
2.614058 1.997665 1.567336
2.094373 0.1764111 1.445518
2.094373 0.1764111 1.445518
2.27104 0.9721927 1.481364
2.27104 0.9721927 1.481364
2.27104 0.9721927 1.481364
2.340131 0.7070063 1.141214
2.516898 1.120348 1.487366
2.516898 1.120348 1.487366
2.516898 1.120348 1.487366
2.518005 1.120192 1.487445
2.518005 1.120192 1.487445
2.518005 1.120192 1.487445
2.518005 1.120192 1.487445
2.518005 1.120192 1.487445
2.518005 1.120192 1.487445
2.518005 1.120192 1.487445
2.518005 1.120192 1.487445
2.518005 1.120192 1.487445
2.518005 1.120192 1.487445
2.512131 1.119053 1.487525
2.512131 1.119053 1.487525
2.512131 1.119053 1.487525
2.512131 1.119053 1.487525
2.512131 1.119053 1.487525
2.512131 1.119053 1.487525
2.512131 1.119053 1.487525
2.512131 1.119053 1.487525
2.512131 1.119053 1.487525
2.512131 1.119053 1.487525
2.510197 1.120858 1.487722
2.510197 1.120858 1.487722
2.510197 1.120858 1.487722
2.510197 1.120858 1.487722
2.510197 1.120858 1.487722
2.510197 1.120858 1.487722
2.510197 1.120858 1.487722
2.510197 1.120858 1.487722
2.510197 1.120858 1.487722
2.510197 1.120858 1.487722
2.509446 1.123479 1.487944
2.509446 1.123479 1.487944
2.509446 1.123479 1.487944
2.195144 -0.1825196 1.236369
2.195144 -0.1825196 1.236369
2.556051 0.6484961 0.4500803
2.556051 0.6484961 0.4500803
2.556051 0.6484961 0.4500803
2.556051 0.6484961 0.4500803
2.556051 0.6484961 0.4500803
2.554712 0.6493459 0.4499998
2.554712 0.6493459 0.4499998
2.554712 0.6493459 0.4499998
2.554712 0.6493459 0.4499998
2.554712 0.6493459 0.4499998
2.554712 0.6493459 0.4499998
2.554712 0.6493459 0.4499998
2.554712 0.6493459 0.4499998
2.554712 0.6493459 0.4499998
2.554712 0.6493459 0.4499998
2.552679 0.6478888 0.4501585
2.552679 0.6478888 0.4501585
2.379783 0.5996031 0.3363872
2.379783 0.5996031 0.3363872
2.379783 0.5996031 0.3363872
2.379783 0.5996031 0.3363872
2.345604 0.4450482 0.4868379
2.345604 0.4450482 0.4868379
2.345604 0.4450482 0.4868379
2.345604 0.4450482 0.4868379
2.343439 0.4436622 0.4870048
2.343439 0.4436622 0.4870048
2.343439 0.4436622 0.4870048
2.343439 0.4436622 0.4870048
2.343439 0.4436622 0.4870048
2.343439 0.4436622 0.4870048
2.343439 0.4436622 0.4870048
2.343439 0.4436622 0.4870048
2.343439 0.4436622 0.4870048
2.343439 0.4436622 0.4870048
2.341065 0.442326 0.4871781
2.341065 0.442326 0.4871781
2.341065 0.442326 0.4871781
2.341065 0.442326 0.4871781
2.341065 0.442326 0.4871781
2.341065 0.442326 0.4871781
2.366742 0.9756115 0.5960918
2.366742 0.9756115 0.5960918
2.366742 0.9756115 0.5960918
2.366742 0.9756115 0.5960918
2.36408 0.974279 0.5962698
2.36408 0.974279 0.5962698
2.36408 0.974279 0.5962698
2.36408 0.974279 0.5962698
2.36408 0.974279 0.5962698
2.36408 0.974279 0.5962698
2.36408 0.974279 0.5962698
2.36408 0.974279 0.5962698
2.36408 0.974279 0.5962698
2.36408 0.974279 0.5962698
2.188542 0.6359164 0.3345027
2.188542 0.6359164 0.3345027
2.188542 0.6359164 0.3345027
2.630039 1.401455 0.081559
2.630039 1.401455 0.081559
2.630039 1.401455 0.081559
2.630039 1.401455 0.081559
2.630039 1.401455 0.081559
2.630039 1.401455 0.081559
2.630039 1.401455 0.081559
2.628346 1.399829 0.08182059
2.628346 1.399829 0.08182059
2.628346 1.399829 0.08182059
2.628346 1.399829 0.08182059
2.628346 1.399829 0.08182059
2.628346 1.399829 0.08182059
2.628346 1.399829 0.08182059
2.628346 1.399829 0.08182059
2.478117 2.12009 1.659345
2.478117 2.12009 1.659345
2.480111 2.117075 1.659861
2.480111 2.117075 1.659861
2.480111 2.117075 1.659861
2.480111 2.117075 1.659861
2.480111 2.117075 1.659861
2.480111 2.117075 1.659861
2.480111 2.117075 1.659861
2.480111 2.117075 1.659861
2.480111 2.117075 1.659861
2.480111 2.117075 1.659861
2.481752 2.114244 1.660376
2.481752 2.114244 1.660376
2.481752 2.114244 1.660376
2.481752 2.114244 1.660376
2.481752 2.114244 1.660376
2.481752 2.114244 1.660376
2.481752 2.114244 1.660376
2.481752 2.114244 1.660376
2.275838 1.466249 1.26304
2.224995 -0.7168591 1.838967
2.225269 -0.7188534 1.839366
2.225269 -0.7188534 1.839366
2.225269 -0.7188534 1.839366
2.225269 -0.7188534 1.839366
2.225269 -0.7188534 1.839366
2.225269 -0.7188534 1.839366
2.225269 -0.7188534 1.839366
2.225269 -0.7188534 1.839366
2.225269 -0.7188534 1.839366
0 0 0
