0.4216616 0.7791218 -0.4953368
0.4216616 0.7791218 -0.4953368
1.212124 1.027041 1.459744
1.212124 1.027041 1.459744
1.212124 1.027041 1.459744
1.212124 1.027041 1.459744
1.212124 1.027041 1.459744
1.212124 1.027041 1.459744
1.903401 0.8852287 1.100515
1.903401 0.8852287 1.100515
1.903401 0.8852287 1.100515
1.951302 -0.5053124 1.003127
1.951302 -0.5053124 1.003127
1.951302 -0.5053124 1.003127
1.951302 -0.5053124 1.003127
1.951302 -0.5053124 1.003127
1.951302 -0.5053124 1.003127
1.951302 -0.5053124 1.003127
1.951302 -0.5053124 1.003127
1.951302 -0.5053124 1.003127
1.951302 -0.5053124 1.003127
1.951646 -1.262046 1.014127
1.951646 -1.262046 1.014127
1.656496 -0.3419382 0.6110522
1.656496 -0.3419382 0.6110522
1.656496 -0.3419382 0.6110522
1.656496 -0.3419382 0.6110522
1.656496 -0.3419382 0.6110522
1.656496 -0.3419382 0.6110522
1.656496 -0.3419382 0.6110522
1.656496 -0.3419382 0.6110522
1.656479 0.5505763 0.6121685
1.656479 0.5505763 0.6121685
1.10949 -1.40583 1.528893
1.10949 -1.40583 1.528893
1.10949 -1.40583 1.528893
1.10949 -1.40583 1.528893
1.10949 -1.40583 1.528893
1.10949 -1.40583 1.528893
1.10949 -1.40583 1.528893
1.10949 -1.40583 1.528893
1.109452 -1.51695 1.529357
1.109452 -1.51695 1.529357
1.109452 -1.51695 1.529357
1.109452 -1.51695 1.529357
1.109452 -1.51695 1.529357
1.109452 -1.51695 1.529357
1.109452 -1.51695 1.529357
1.109452 -1.51695 1.529357
1.109452 -1.51695 1.529357
1.109452 -1.51695 1.529357
1.107839 -1.535474 1.529076
1.107839 -1.535474 1.529076
1.107839 -1.535474 1.529076
1.591507 -1.681818 1.008632
0.7673948 -2.576874 0.7188556
0.7673948 -2.576874 0.7188556
0.7673948 -2.576874 0.7188556
0.7673948 -2.576874 0.7188556
0.7673948 -2.576874 0.7188556
0.7673948 -2.576874 0.7188556
0.7663856 -2.583258 0.7176704
0.7663856 -2.583258 0.7176704
0.7663856 -2.583258 0.7176704
0.7663856 -2.583258 0.7176704
0.6733007 -2.580792 0.4123474
0.6733007 -2.580792 0.4123474
0.6733007 -2.580792 0.4123474
0.6733007 -2.580792 0.4123474
0.6733007 -2.580792 0.4123474
0.7003744 -2.117539 0.8249444
0.6996966 -2.118567 0.8246622
0.6996966 -2.118567 0.8246622
0.6996966 -2.118567 0.8246622
0.6996966 -2.118567 0.8246622
0.6996966 -2.118567 0.8246622
0.6996966 -2.118567 0.8246622
0.6996966 -2.118567 0.8246622
0.6996966 -2.118567 0.8246622
0.6996966 -2.118567 0.8246622
0.6996966 -2.118567 0.8246622
0.4182312 -2.450439 1.011285
0.4182312 -2.450439 1.011285
0.4182312 -2.450439 1.011285
0.4182312 -2.450439 1.011285
0.4182312 -2.450439 1.011285
0.4182312 -2.450439 1.011285
0.4182312 -2.450439 1.011285
0.4182312 -2.450439 1.011285
0.5180681 -2.012178 0.190253
0.5180681 -2.012178 0.190253
0.5150795 -2.012347 0.1901717
0.5150795 -2.012347 0.1901717
0.5150795 -2.012347 0.1901717
0.5150795 -2.012347 0.1901717
0.5150795 -2.012347 0.1901717
0.5150795 -2.012347 0.1901717
0.5150795 -2.012347 0.1901717
0.5150795 -2.012347 0.1901717
0.5150795 -2.012347 0.1901717
0.5150795 -2.012347 0.1901717
0.5133744 -2.01253 0.1898396
0.5133744 -2.01253 0.1898396
0.2574951 -2.493666 0.5097061
0.2574951 -2.493666 0.5097061
0.2574951 -2.493666 0.5097061
0.2574951 -2.493666 0.5097061
0.2574951 -2.493666 0.5097061
0.2574951 -2.493666 0.5097061
0.2574951 -2.493666 0.5097061
0.2574951 -2.493666 0.5097061
0.2574966 -2.493667 0.5096527
0.2574966 -2.493667 0.5096527
0.2574966 -2.493667 0.5096527
0.2574966 -2.493667 0.5096527
0.2574966 -2.493667 0.5096527
0.2574966 -2.493667 0.5096527
0.2574966 -2.493667 0.5096527
0.2574966 -2.493667 0.5096527
0.2574966 -2.493667 0.5096527
0.2574966 -2.493667 0.5096527
0.2577844 -2.493667 0.5095427
0.2577844 -2.493667 0.5095427
0.2577844 -2.493667 0.5095427
0.2577844 -2.493667 0.5095427
0.2577844 -2.493667 0.5095427
0.2577844 -2.493667 0.5095427
0.2577844 -2.493667 0.5095427
0.2577844 -2.493667 0.5095427
0.2577844 -2.493667 0.5095427
0.2577844 -2.493667 0.5095427
0.2580467 -2.493668 0.5094314
0.2580467 -2.493668 0.5094314
0.2580467 -2.493668 0.5094314
0.2580467 -2.493668 0.5094314
0.2580467 -2.493668 0.5094314
0.2580467 -2.493668 0.5094314
0.2580467 -2.493668 0.5094314
0.2580467 -2.493668 0.5094314
0.6480287 -1.016912 0.4765327
0.2991739 -1.442793 -0.7379184
0.2993651 -1.442799 -0.7380507
0.2993651 -1.442799 -0.7380507
0.2993651 -1.442799 -0.7380507
0.2993651 -1.442799 -0.7380507
1.322302 -1.24172 0.671642
1.322302 -1.24172 0.671642
1.322302 -1.24172 0.671642
1.322302 -1.24172 0.671642
1.322302 -1.24172 0.671642
0.5136762 -2.607815 0.05984711
0.5139716 -2.607825 0.05966784
0.5139716 -2.607825 0.05966784
0.5139716 -2.607825 0.05966784
-0.4687976 -3.076372 0.3274832
-0.4687976 -3.076372 0.3274832
-0.4687976 -3.076372 0.3274832
-0.4687976 -3.076372 0.3274832
-0.4687976 -3.076372 0.3274832
-0.4687976 -3.076372 0.3274832
-0.4687976 -3.076372 0.3274832
-0.468297 -3.076389 0.3273244
-0.468297 -3.076389 0.3273244
-0.468297 -3.076389 0.3273244
-0.468297 -3.076389 0.3273244
-0.468297 -3.076389 0.3273244
-0.468297 -3.076389 0.3273244
-0.468297 -3.076389 0.3273244
-0.468297 -3.076389 0.3273244
-0.468297 -3.076389 0.3273244
-0.468297 -3.076389 0.3273244
-0.4687446 -3.076461 0.327437
-0.4687446 -3.076461 0.327437
-0.4687446 -3.076461 0.327437
-0.4687446 -3.076461 0.327437
-0.4687446 -3.076461 0.327437
-0.4687446 -3.076461 0.327437
-0.4687446 -3.076461 0.327437
-0.4687446 -3.076461 0.327437
-0.4687446 -3.076461 0.327437
-0.4687446 -3.076461 0.327437
-0.4673061 -3.076497 0.3275203
-0.4673061 -3.076497 0.3275203
-0.4673061 -3.076497 0.3275203
-0.4673061 -3.076497 0.3275203
-0.4673061 -3.076497 0.3275203
-0.4673061 -3.076497 0.3275203
-0.4673061 -3.076497 0.3275203
-0.4673061 -3.076497 0.3275203
-0.4673061 -3.076497 0.3275203
-0.4673061 -3.076497 0.3275203
-0.4658608 -3.076513 0.327576
-0.4658608 -3.076513 0.327576
-0.4658608 -3.076513 0.327576
-0.4658608 -3.076513 0.327576
-0.4658608 -3.076513 0.327576
-0.4658608 -3.076513 0.327576
-0.4658608 -3.076513 0.327576
-0.4658608 -3.076513 0.327576
-0.4658608 -3.076513 0.327576
-0.4658608 -3.076513 0.327576
-0.4642781 -3.07651 0.3277383
-0.4642781 -3.07651 0.3277383
-0.4642781 -3.07651 0.3277383
0.678871 -1.318507 0.5513068
0.6386189 -1.602001 0.1307842
0.6386189 -1.602001 0.1307842
0.6386189 -1.602001 0.1307842
0.6386189 -1.602001 0.1307842
0.6386189 -1.602001 0.1307842
1.29331 -2.316473 1.482488
0.388572 -2.124595 1.379321
0.388572 -2.124595 1.379321
0.388572 -2.124595 1.379321
0.388572 -2.124595 1.379321
0.388572 -2.124595 1.379321
0.388572 -2.124595 1.379321
0.388572 -2.124595 1.379321
0.388572 -2.124595 1.379321
0.388572 -2.124595 1.379321
0.388572 -2.124595 1.379321
0.3899194 -2.124541 1.379688
1.019352 -1.573064 -0.1863417
-0.1747382 -2.65866 0.6409203
-0.1747382 -2.65866 0.6409203
-0.1747382 -2.65866 0.6409203
-0.1747382 -2.65866 0.6409203
-0.1747382 -2.65866 0.6409203
-0.1747382 -2.65866 0.6409203
-0.1747382 -2.65866 0.6409203
-0.1747382 -2.65866 0.6409203
-0.1729878 -2.658645 0.640947
-0.1729878 -2.658645 0.640947
-0.1729878 -2.658645 0.640947
-0.1729878 -2.658645 0.640947
-0.1729878 -2.658645 0.640947
-0.1729878 -2.658645 0.640947
-0.1729878 -2.658645 0.640947
-0.1729878 -2.658645 0.640947
-0.1729878 -2.658645 0.640947
-0.1729878 -2.658645 0.640947
-0.1738855 -2.658815 0.6408792
-0.1738855 -2.658815 0.6408792
-0.1738855 -2.658815 0.6408792
-0.1738855 -2.658815 0.6408792
-0.1738855 -2.658815 0.6408792
-0.1738855 -2.658815 0.6408792
-0.1738855 -2.658815 0.6408792
-0.1738855 -2.658815 0.6408792
-0.1738855 -2.658815 0.6408792
-0.1738855 -2.658815 0.6408792
-0.1746574 -2.658926 0.6408276
-0.1746574 -2.658926 0.6408276
-0.1746574 -2.658926 0.6408276
-0.1746574 -2.658926 0.6408276
-0.1746574 -2.658926 0.6408276
-0.1746574 -2.658926 0.6408276
-0.1746574 -2.658926 0.6408276
-0.1746574 -2.658926 0.6408276
-0.1746574 -2.658926 0.6408276
-0.1746574 -2.658926 0.6408276
-0.1753012 -2.659003 0.64079
-0.1753012 -2.659003 0.64079
-0.1753012 -2.659003 0.64079
-0.1753012 -2.659003 0.64079
-0.1753012 -2.659003 0.64079
-0.1753012 -2.659003 0.64079
-0.1753012 -2.659003 0.64079
-0.1753012 -2.659003 0.64079
-0.1753012 -2.659003 0.64079
-0.1753012 -2.659003 0.64079
-0.1758283 -2.659062 0.6407624
-0.1758283 -2.659062 0.6407624
-0.1758283 -2.659062 0.6407624
-0.1758283 -2.659062 0.6407624
-0.1758283 -2.659062 0.6407624
-0.1758283 -2.659062 0.6407624
-0.1758283 -2.659062 0.6407624
-0.1758283 -2.659062 0.6407624
-0.1758283 -2.659062 0.6407624
-0.1758283 -2.659062 0.6407624
-0.1751944 -2.659063 0.640777
-0.1751944 -2.659063 0.640777
-0.1751944 -2.659063 0.640777
-0.1751944 -2.659063 0.640777
-0.1751944 -2.659063 0.640777
-0.1751944 -2.659063 0.640777
-0.1751944 -2.659063 0.640777
-0.1751944 -2.659063 0.640777
-0.1751944 -2.659063 0.640777
-0.1751944 -2.659063 0.640777
-0.1747346 -2.659065 0.6407874
-0.1747346 -2.659065 0.6407874
-0.1747346 -2.659065 0.6407874
-0.1747346 -2.659065 0.6407874
-0.1747346 -2.659065 0.6407874
-0.1747346 -2.659065 0.6407874
-0.1720942 -2.725499 0.8219328
-0.1720942 -2.725499 0.8219328
-0.1720942 -2.725499 0.8219328
-0.1720942 -2.725499 0.8219328
-0.1717619 -2.7255 0.8219402
-0.1717619 -2.7255 0.8219402
-0.1717619 -2.7255 0.8219402
-0.1717619 -2.7255 0.8219402
-0.01137214 -3.243914 0.5068135
-0.01137214 -3.243914 0.5068135
-0.01137214 -3.243914 0.5068135
-0.01137214 -3.243914 0.5068135
-0.01137214 -3.243914 0.5068135
-0.01137214 -3.243914 0.5068135
-0.01113561 -3.243915 0.5068198
-0.01113561 -3.243915 0.5068198
-0.01113561 -3.243915 0.5068198
-0.01113561 -3.243915 0.5068198
-0.01113561 -3.243915 0.5068198
-0.01113561 -3.243915 0.5068198
-0.01113561 -3.243915 0.5068198
-0.01113561 -3.243915 0.5068198
-0.01113561 -3.243915 0.5068198
-0.01113561 -3.243915 0.5068198
-0.0109635 -3.243916 0.506825
-0.0109635 -3.243916 0.506825
-0.0109635 -3.243916 0.506825
-0.0109635 -3.243916 0.506825
-0.0109635 -3.243916 0.506825
-0.0109635 -3.243916 0.506825
-0.0109635 -3.243916 0.506825
0.1306679 -2.87313 0.8466151
0.1306679 -2.87313 0.8466151
0.1306679 -2.87313 0.8466151
0.130795 -2.873131 0.8466196
0.130795 -2.873131 0.8466196
0.130795 -2.873131 0.8466196
0.130795 -2.873131 0.8466196
0.130795 -2.873131 0.8466196
0.130795 -2.873131 0.8466196
0.130795 -2.873131 0.8466196
0.130795 -2.873131 0.8466196
0.130795 -2.873131 0.8466196
0.130795 -2.873131 0.8466196
0.1308963 -2.873131 0.8466236
0.1308963 -2.873131 0.8466236
0.1308963 -2.873131 0.8466236
0.1308963 -2.873131 0.8466236
0.1308963 -2.873131 0.8466236
0.1308963 -2.873131 0.8466236
0.1308963 -2.873131 0.8466236
0.1308963 -2.873131 0.8466236
0.1308963 -2.873131 0.8466236
0.1308963 -2.873131 0.8466236
0.1309762 -2.873132 0.8466269
0.1309762 -2.873132 0.8466269
0.1309762 -2.873132 0.8466269
0.1309762 -2.873132 0.8466269
0.1309762 -2.873132 0.8466269
0.1309762 -2.873132 0.8466269
0.1309762 -2.873132 0.8466269
0.1309762 -2.873132 0.8466269
0.1309762 -2.873132 0.8466269
0.1309762 -2.873132 0.8466269
0.1310399 -2.873132 0.8466296
0.1310399 -2.873132 0.8466296
0.1310399 -2.873132 0.8466296
0.1310399 -2.873132 0.8466296
0.1310399 -2.873132 0.8466296
0.005387493 -2.442235 0.07941697
0.005387493 -2.442235 0.07941697
0.005387493 -2.442235 0.07941697
0.005387493 -2.442235 0.07941697
0.005387493 -2.442235 0.07941697
0.005437254 -2.442235 0.07942271
0.005437254 -2.442235 0.07942271
0.005437254 -2.442235 0.07942271
0.005437254 -2.442235 0.07942271
0.005437254 -2.442235 0.07942271
0.005437254 -2.442235 0.07942271
0.005437254 -2.442235 0.07942271
0.005437254 -2.442235 0.07942271
0.005437254 -2.442235 0.07942271
0.005437254 -2.442235 0.07942271
0.005474696 -2.442236 0.07943141
0.005474696 -2.442236 0.07943141
0.005474696 -2.442236 0.07943141
0.005474696 -2.442236 0.07943141
0.005474696 -2.442236 0.07943141
0.005474696 -2.442236 0.07943141
0.005474696 -2.442236 0.07943141
0.005474696 -2.442236 0.07943141
0.5611683 -2.049968 0.4005256
0.5611683 -2.049968 0.4005256
0.5612047 -2.049969 0.4005404
0.5612047 -2.049969 0.4005404
0.5612047 -2.049969 0.4005404
0.5612047 -2.049969 0.4005404
0.5612047 -2.049969 0.4005404
0.5612047 -2.049969 0.4005404
0.5612047 -2.049969 0.4005404
0.5612047 -2.049969 0.4005404
0.5612047 -2.049969 0.4005404
0.5612047 -2.049969 0.4005404
0.5612644 -2.049972 0.4005577
0.5612644 -2.049972 0.4005577
0.3201837 -2.677336 0.4735628
0.3201837 -2.677336 0.4735628
0.3201837 -2.677336 0.4735628
0.3201837 -2.677336 0.4735628
0.3201837 -2.677336 0.4735628
0.3201837 -2.677336 0.4735628
0.3201837 -2.677336 0.4735628
0.3201837 -2.677336 0.4735628
0.3201175 -2.677374 0.4736251
0.3201175 -2.677374 0.4736251
0.3201175 -2.677374 0.4736251
0.3201175 -2.677374 0.4736251
0.3201175 -2.677374 0.4736251
0.3201175 -2.677374 0.4736251
0.3201175 -2.677374 0.4736251
0.3201175 -2.677374 0.4736251
0.3201175 -2.677374 0.4736251
0.01816941 -2.811935 0.2955962
0.01801405 -2.811984 0.2956623
0.01801405 -2.811984 0.2956623
0.01801405 -2.811984 0.2956623
0.01801405 -2.811984 0.2956623
0.01801405 -2.811984 0.2956623
0.01801405 -2.811984 0.2956623
0.01801405 -2.811984 0.2956623
0.01801405 -2.811984 0.2956623
0.01801405 -2.811984 0.2956623
0.01801405 -2.811984 0.2956623
0.01792145 -2.812007 0.2957052
0.01792145 -2.812007 0.2957052
0.01792145 -2.812007 0.2957052
0.01792145 -2.812007 0.2957052
0.01792145 -2.812007 0.2957052
0.01792145 -2.812007 0.2957052
0.01792145 -2.812007 0.2957052
0.01792145 -2.812007 0.2957052
0.01792145 -2.812007 0.2957052
0.01792145 -2.812007 0.2957052
0.01794522 -2.812006 0.2957148
0.01794522 -2.812006 0.2957148
-0.4592959 -2.794972 0.2571914
-0.4592959 -2.794972 0.2571914
-0.4592959 -2.794972 0.2571914
-0.4592959 -2.794972 0.2571914
-0.4592959 -2.794972 0.2571914
-0.4592959 -2.794972 0.2571914
-0.4592959 -2.794972 0.2571914
-0.4592959 -2.794972 0.2571914
-0.4592552 -2.794972 0.2572
-0.4592552 -2.794972 0.2572
-0.4592552 -2.794972 0.2572
-0.4592552 -2.794972 0.2572
-0.4592552 -2.794972 0.2572
-0.4592552 -2.794972 0.2572
0.2239602 -2.084183 -0.05401893
0.2239602 -2.084183 -0.05401893
0.2239602 -2.084183 -0.05401893
0.2239602 -2.084183 -0.05401893
0.2240009 -2.084183 -0.05400971
0.2240009 -2.084183 -0.05400971
0.2240009 -2.084183 -0.05400971
0.2240009 -2.084183 -0.05400971
0.2240009 -2.084183 -0.05400971
0.2240009 -2.084183 -0.05400971
0.2240009 -2.084183 -0.05400971
0.2240009 -2.084183 -0.05400971
0.2240009 -2.084183 -0.05400971
0.2240009 -2.084183 -0.05400971
0.2240496 -2.084182 -0.05399906
0.2240496 -2.084182 -0.05399906
0.2240496 -2.084182 -0.05399906
0.2240496 -2.084182 -0.05399906
0.2240496 -2.084182 -0.05399906
0.2240496 -2.084182 -0.05399906
0.2240496 -2.084182 -0.05399906
0.2240496 -2.084182 -0.05399906
0.2240496 -2.084182 -0.05399906
0.2240496 -2.084182 -0.05399906
0.2240961 -2.084181 -0.05398707
0.2240961 -2.084181 -0.05398707
0.2240961 -2.084181 -0.05398707
0.2240961 -2.084181 -0.05398707
0.2240961 -2.084181 -0.05398707
0.6169786 -2.227154 0.299283
0.6169786 -2.227154 0.299283
0.6169786 -2.227154 0.299283
0.6169786 -2.227154 0.299283
0.6169786 -2.227154 0.299283
0.6170233 -2.227152 0.2992951
0.6170233 -2.227152 0.2992951
0.6170233 -2.227152 0.2992951
0.6170233 -2.227152 0.2992951
0.6170233 -2.227152 0.2992951
0.6170233 -2.227152 0.2992951
0.6170233 -2.227152 0.2992951
0.6170233 -2.227152 0.2992951
0.6170233 -2.227152 0.2992951
0.6170233 -2.227152 0.2992951
0.6170707 -2.227151 0.299306
0.6170707 -2.227151 0.299306
0.6170707 -2.227151 0.299306
0.6170707 -2.227151 0.299306
0.6170707 -2.227151 0.299306
0.6170707 -2.227151 0.299306
0.6170707 -2.227151 0.299306
0.6170707 -2.227151 0.299306
0.6170707 -2.227151 0.299306
0.6170707 -2.227151 0.299306
0.6171209 -2.22715 0.2993151
0.6171209 -2.22715 0.2993151
0.6171209 -2.22715 0.2993151
0.6171209 -2.22715 0.2993151
0.6171209 -2.22715 0.2993151
0.6171209 -2.22715 0.2993151
0.6171209 -2.22715 0.2993151
0.6171209 -2.22715 0.2993151
0.6171209 -2.22715 0.2993151
0.6171209 -2.22715 0.2993151
0.4721368 -2.150707 0.4162299
0.4721368 -2.150707 0.4162299
0.4721368 -2.150707 0.4162299
0.4721368 -2.150707 0.4162299
0.4721368 -2.150707 0.4162299
0.4721368 -2.150707 0.4162299
0.5272914 -2.089554 0.1716012
0.5272914 -2.089554 0.1716012
0.5272914 -2.089554 0.1716012
0.5272914 -2.089554 0.1716012
0.5273379 -2.089552 0.1716071
0.5273379 -2.089552 0.1716071
0.5273379 -2.089552 0.1716071
0.5273379 -2.089552 0.1716071
0.5273379 -2.089552 0.1716071
0.5273379 -2.089552 0.1716071
0.5273379 -2.089552 0.1716071
0.5273379 -2.089552 0.1716071
0.5273379 -2.089552 0.1716071
0.5273379 -2.089552 0.1716071
-0.1646043 -2.815127 0.8237455
-0.1646043 -2.815127 0.8237455
-0.1646043 -2.815127 0.8237455
-0.1646043 -2.815127 0.8237455
-0.1646043 -2.815127 0.8237455
-0.1646043 -2.815127 0.8237455
-0.1646043 -2.815127 0.8237455
-0.1646043 -2.815127 0.8237455
-0.1646043 -2.815127 0.8237455
-0.1646043 -2.815127 0.8237455
-0.1645554 -2.815119 0.8237596
-0.1645554 -2.815119 0.8237596
-0.1645554 -2.815119 0.8237596
-0.1645554 -2.815119 0.8237596
-0.1645554 -2.815119 0.8237596
-0.1645554 -2.815119 0.8237596
-0.1645554 -2.815119 0.8237596
-0.1645554 -2.815119 0.8237596
-0.1645554 -2.815119 0.8237596
-0.1645554 -2.815119 0.8237596
-0.1645076 -2.815108 0.8237805
-0.1645076 -2.815108 0.8237805
-0.1645076 -2.815108 0.8237805
-0.1645076 -2.815108 0.8237805
-0.1645076 -2.815108 0.8237805
-0.1645076 -2.815108 0.8237805
-0.1645076 -2.815108 0.8237805
0.3879936 -2.418515 0.1578744
0.3879936 -2.418515 0.1578744
0.3879936 -2.418515 0.1578744
0.3880456 -2.418507 0.1579029
0.3880456 -2.418507 0.1579029
0.3880456 -2.418507 0.1579029
0.3880456 -2.418507 0.1579029
0.3880456 -2.418507 0.1579029
0.3880456 -2.418507 0.1579029
0.3880456 -2.418507 0.1579029
0.3880456 -2.418507 0.1579029
0.3880456 -2.418507 0.1579029
0.3880456 -2.418507 0.1579029
0.3880953 -2.418499 0.1579329
0.3880953 -2.418499 0.1579329
0.3880953 -2.418499 0.1579329
0.3880953 -2.418499 0.1579329
0.3880953 -2.418499 0.1579329
0.3880953 -2.418499 0.1579329
0.3880953 -2.418499 0.1579329
0.3880953 -2.418499 0.1579329
0.3880953 -2.418499 0.1579329
0.3880953 -2.418499 0.1579329
0.3881396 -2.418492 0.1579621
0.5253598 -2.023737 0.4331469
0.5253598 -2.023737 0.4331469
0.5253598 -2.023737 0.4331469
0.5253598 -2.023737 0.4331469
0.5253598 -2.023737 0.4331469
0.5253598 -2.023737 0.4331469
0.5253598 -2.023737 0.4331469
0.5253598 -2.023737 0.4331469
0.5253598 -2.023737 0.4331469
0.5253973 -2.023727 0.4331718
0.5253973 -2.023727 0.4331718
0.5253973 -2.023727 0.4331718
0.5253973 -2.023727 0.4331718
0.5253973 -2.023727 0.4331718
0.5253973 -2.023727 0.4331718
0.5253973 -2.023727 0.4331718
0.5253973 -2.023727 0.4331718
0.5253973 -2.023727 0.4331718
0.5253973 -2.023727 0.4331718
0.5254294 -2.023715 0.4331931
0.5254294 -2.023715 0.4331931
0.5254294 -2.023715 0.4331931
0.5254294 -2.023715 0.4331931
0.5254294 -2.023715 0.4331931
0.5254294 -2.023715 0.4331931
0.5254294 -2.023715 0.4331931
0.2951502 -2.598216 0.1220636
0.2951502 -2.598216 0.1220636
0.2951502 -2.598216 0.1220636
0.2951786 -2.598203 0.1220825
-0.1089015 -2.46871 0.5305695
-0.1089015 -2.46871 0.5305695
-0.1089015 -2.46871 0.5305695
-0.1089015 -2.46871 0.5305695
-0.1089015 -2.46871 0.5305695
-0.1089015 -2.46871 0.5305695
-0.1089015 -2.46871 0.5305695
0.7482402 -1.928289 0.2493563
0.7482402 -1.928289 0.2493563
0.7482692 -1.928275 0.2493722
0.7482692 -1.928275 0.2493722
0.7482692 -1.928275 0.2493722
0.7482692 -1.928275 0.2493722
0.7482692 -1.928275 0.2493722
0.7482692 -1.928275 0.2493722
0.7482692 -1.928275 0.2493722
0.7482692 -1.928275 0.2493722
0.3242082 -2.909078 0.3850344
0.3242082 -2.909078 0.3850344
0.3242377 -2.909064 0.3850482
0.3242377 -2.909064 0.3850482
0.3242377 -2.909064 0.3850482
0.3242377 -2.909064 0.3850482
0.3242377 -2.909064 0.3850482
0.3242377 -2.909064 0.3850482
0.3242377 -2.909064 0.3850482
0.3242377 -2.909064 0.3850482
0.3242377 -2.909064 0.3850482
0.3242377 -2.909064 0.3850482
0.3242613 -2.909057 0.3850607
0.3242613 -2.909057 0.3850607
0.3242613 -2.909057 0.3850607
0.3242613 -2.909057 0.3850607
0.3242613 -2.909057 0.3850607
0.3242613 -2.909057 0.3850607
0.3242613 -2.909057 0.3850607
0.3242613 -2.909057 0.3850607
0.3242613 -2.909057 0.3850607
0.3242613 -2.909057 0.3850607
0.3242442 -2.909091 0.3850789
0.3242442 -2.909091 0.3850789
0.3242442 -2.909091 0.3850789
0.3242442 -2.909091 0.3850789
0.3242442 -2.909091 0.3850789
0.3043019 -2.969895 0.8945972
0.1033328 -2.54264 0.5253431
0.1033328 -2.54264 0.5253431
0.1033328 -2.54264 0.5253431
0.1033328 -2.54264 0.5253431
0.103317 -2.542667 0.525359
0.103317 -2.542667 0.525359
0.103317 -2.542667 0.525359
0.103317 -2.542667 0.525359
0.103317 -2.542667 0.525359
-0.3345289 -2.827585 0.07541664
-0.3345289 -2.827585 0.07541664
-0.3345289 -2.827585 0.07541664
-0.3345289 -2.827585 0.07541664
-0.3345289 -2.827585 0.07541664
-0.3345498 -2.827606 0.07543299
-0.3345498 -2.827606 0.07543299
-0.3345498 -2.827606 0.07543299
-0.3345498 -2.827606 0.07543299
-0.3345498 -2.827606 0.07543299
-0.3345498 -2.827606 0.07543299
-0.3345498 -2.827606 0.07543299
-0.3345498 -2.827606 0.07543299
-0.3345498 -2.827606 0.07543299
-0.3345498 -2.827606 0.07543299
-0.3345768 -2.827621 0.07545094
-0.3345768 -2.827621 0.07545094
-0.3345768 -2.827621 0.07545094
-0.3345768 -2.827621 0.07545094
-0.3345768 -2.827621 0.07545094
-0.3345768 -2.827621 0.07545094
-0.3345768 -2.827621 0.07545094
-0.3345768 -2.827621 0.07545094
-0.3345768 -2.827621 0.07545094
-0.3345768 -2.827621 0.07545094
-0.3346391 -2.827631 0.07548104
-0.3346391 -2.827631 0.07548104
-0.3346391 -2.827631 0.07548104
-0.3346391 -2.827631 0.07548104
-0.3346391 -2.827631 0.07548104
-0.3346391 -2.827631 0.07548104
-0.3346391 -2.827631 0.07548104
-0.3346391 -2.827631 0.07548104
-0.1781787 -2.541222 0.4212958
-0.1781787 -2.541222 0.4212958
-0.1782866 -2.541227 0.4213372
-0.1782866 -2.541227 0.4213372
-0.1782866 -2.541227 0.4213372
-0.1782866 -2.541227 0.4213372
-0.1782866 -2.541227 0.4213372
-0.1782866 -2.541227 0.4213372
-0.1782866 -2.541227 0.4213372
-0.1782866 -2.541227 0.4213372
0.3247899 -2.683152 0.6605699
0.3247899 -2.683152 0.6605699
0.3246847 -2.683157 0.6606089
0.3246847 -2.683157 0.6606089
0.3246847 -2.683157 0.6606089
0.3246847 -2.683157 0.6606089
0.3246847 -2.683157 0.6606089
0.3246847 -2.683157 0.6606089
0.3246847 -2.683157 0.6606089
0.3246847 -2.683157 0.6606089
0.3246847 -2.683157 0.6606089
0.3246847 -2.683157 0.6606089
0.3245828 -2.683162 0.6606504
0.3245828 -2.683162 0.6606504
0.3245828 -2.683162 0.6606504
0.3245828 -2.683162 0.6606504
0.3245828 -2.683162 0.6606504
0.3245828 -2.683162 0.6606504
0.3245828 -2.683162 0.6606504
0.3245828 -2.683162 0.6606504
0.3245828 -2.683162 0.6606504
0.3245828 -2.683162 0.6606504
0.3244899 -2.683166 0.6606909
0.3244899 -2.683166 0.6606909
0.3244899 -2.683166 0.6606909
0.3244899 -2.683166 0.6606909
0.3244899 -2.683166 0.6606909
0.3244899 -2.683166 0.6606909
0.3244899 -2.683166 0.6606909
0.3244899 -2.683166 0.6606909
0.3244899 -2.683166 0.6606909
0.3244899 -2.683166 0.6606909
0.3244074 -2.68317 0.6607316
0.3244074 -2.68317 0.6607316
0.3244074 -2.68317 0.6607316
0.3244074 -2.68317 0.6607316
0.3244074 -2.68317 0.6607316
0.3244074 -2.68317 0.6607316
0.3244074 -2.68317 0.6607316
0.3244074 -2.68317 0.6607316
0.3244074 -2.68317 0.6607316
0.3244074 -2.68317 0.6607316
0.3243349 -2.683173 0.6607704
0.3243349 -2.683173 0.6607704
0.3243349 -2.683173 0.6607704
0.3243349 -2.683173 0.6607704
0.3243349 -2.683173 0.6607704
0.3243349 -2.683173 0.6607704
0.3243349 -2.683173 0.6607704
0.3243349 -2.683173 0.6607704
0.3243349 -2.683173 0.6607704
0.3243349 -2.683173 0.6607704
0.3242715 -2.683176 0.6608062
0.3242715 -2.683176 0.6608062
0.3242715 -2.683176 0.6608062
0.3242715 -2.683176 0.6608062
0.3242715 -2.683176 0.6608062
0.3242715 -2.683176 0.6608062
0.3242715 -2.683176 0.6608062
0.7839677 -2.059333 0.5400232
0.7839677 -2.059333 0.5400232
0.7839677 -2.059333 0.5400232
0.7839111 -2.059337 0.5400554
0.7839111 -2.059337 0.5400554
0.7839111 -2.059337 0.5400554
0.7839111 -2.059337 0.5400554
0.7839111 -2.059337 0.5400554
0.7839111 -2.059337 0.5400554
0.7839111 -2.059337 0.5400554
0.7839111 -2.059337 0.5400554
0.7839111 -2.059337 0.5400554
0.7839111 -2.059337 0.5400554
0.7838493 -2.059344 0.5400829
0.7838493 -2.059344 0.5400829
0.7838493 -2.059344 0.5400829
0.7838493 -2.059344 0.5400829
0.4816477 -2.131663 0.7632169
0.4816477 -2.131663 0.7632169
0.4816477 -2.131663 0.7632169
0.4816477 -2.131663 0.7632169
0.4816477 -2.131663 0.7632169
0.4816477 -2.131663 0.7632169
0.4815847 -2.131673 0.7632415
0.4815847 -2.131673 0.7632415
0.4815847 -2.131673 0.7632415
0.4815847 -2.131673 0.7632415
0.4815847 -2.131673 0.7632415
0.4815847 -2.131673 0.7632415
0.4815847 -2.131673 0.7632415
0.4815847 -2.131673 0.7632415
0.3224172 -2.173553 0.007189878
0.3224172 -2.173553 0.007189878
0.322355 -2.173568 0.007217642
0.322355 -2.173568 0.007217642
-0.05807213 -2.540891 0.1191452
-0.05807213 -2.540891 0.1191452
-0.05807213 -2.540891 0.1191452
-0.05807213 -2.540891 0.1191452
-0.05807213 -2.540891 0.1191452
-0.05807213 -2.540891 0.1191452
-0.05807213 -2.540891 0.1191452
-0.05807213 -2.540891 0.1191452
-0.05812457 -2.540918 0.1191507
-0.05812457 -2.540918 0.1191507
-0.05812457 -2.540918 0.1191507
-0.05812457 -2.540918 0.1191507
-0.05812457 -2.540918 0.1191507
-0.05812457 -2.540918 0.1191507
-0.05812457 -2.540918 0.1191507
-0.05812457 -2.540918 0.1191507
-0.05812457 -2.540918 0.1191507
-0.05812457 -2.540918 0.1191507
-0.05817665 -2.540942 0.1191572
-0.05817665 -2.540942 0.1191572
-0.05817665 -2.540942 0.1191572
-0.05817665 -2.540942 0.1191572
-0.05817665 -2.540942 0.1191572
-0.05817665 -2.540942 0.1191572
-0.05817665 -2.540942 0.1191572
-0.05817665 -2.540942 0.1191572
-0.05817665 -2.540942 0.1191572
-0.05817665 -2.540942 0.1191572
-0.05823081 -2.540962 0.1191651
-0.05823081 -2.540962 0.1191651
-0.05823081 -2.540962 0.1191651
-0.05823081 -2.540962 0.1191651
-0.05823081 -2.540962 0.1191651
-0.05823081 -2.540962 0.1191651
-0.05823081 -2.540962 0.1191651
-0.05823081 -2.540962 0.1191651
-0.05823081 -2.540962 0.1191651
-0.05823081 -2.540962 0.1191651
-0.05831569 -2.540975 0.1191846
-0.05831569 -2.540975 0.1191846
0.1300618 -2.78685 0.7151266
0.1300618 -2.78685 0.7151266
0.1300618 -2.78685 0.7151266
0.1300618 -2.78685 0.7151266
0.1300618 -2.78685 0.7151266
0.1300618 -2.78685 0.7151266
0.1300618 -2.78685 0.7151266
0.1300618 -2.78685 0.7151266
0.129919 -2.786856 0.7151713
0.129919 -2.786856 0.7151713
0.3127455 -2.002531 0.1177443
0.3127455 -2.002531 0.1177443
0.3127455 -2.002531 0.1177443
0.3127455 -2.002531 0.1177443
0.3127455 -2.002531 0.1177443
0.3127455 -2.002531 0.1177443
0.3127455 -2.002531 0.1177443
0.3127455 -2.002531 0.1177443
0.3126162 -2.002539 0.1177919
0.3126162 -2.002539 0.1177919
0.2685518 -2.233446 0.38684
0.2685518 -2.233446 0.38684
0.2685518 -2.233446 0.38684
0.2685518 -2.233446 0.38684
0.2685518 -2.233446 0.38684
0.2685518 -2.233446 0.38684
0.2685518 -2.233446 0.38684
0.2685518 -2.233446 0.38684
0.2684596 -2.233453 0.3868804
0.2684596 -2.233453 0.3868804
0.2684596 -2.233453 0.3868804
0.2684596 -2.233453 0.3868804
0.2684596 -2.233453 0.3868804
0.2684596 -2.233453 0.3868804
0.2684596 -2.233453 0.3868804
0.2684596 -2.233453 0.3868804
0.2684596 -2.233453 0.3868804
0.2684596 -2.233453 0.3868804
0.2683995 -2.233459 0.3869147
0.2683995 -2.233459 0.3869147
0.2683995 -2.233459 0.3869147
0.2683995 -2.233459 0.3869147
0.2683995 -2.233459 0.3869147
0.2683995 -2.233459 0.3869147
0.2683995 -2.233459 0.3869147
0.2683995 -2.233459 0.3869147
0.2683995 -2.233459 0.3869147
0.2683995 -2.233459 0.3869147
0.2683475 -2.233465 0.3869443
0.2683475 -2.233465 0.3869443
0.2683475 -2.233465 0.3869443
0.2683475 -2.233465 0.3869443
0.2683475 -2.233465 0.3869443
0.2683475 -2.233465 0.3869443
0.2683475 -2.233465 0.3869443
0.2683475 -2.233465 0.3869443
0.2683475 -2.233465 0.3869443
0.2683475 -2.233465 0.3869443
0.2683023 -2.233471 0.3869694
0.2683023 -2.233471 0.3869694
0.2683023 -2.233471 0.3869694
0.2683023 -2.233471 0.3869694
0.2683023 -2.233471 0.3869694
0.2683023 -2.233471 0.3869694
0.2683023 -2.233471 0.3869694
0.2683023 -2.233471 0.3869694
0.2683023 -2.233471 0.3869694
0.2683023 -2.233471 0.3869694
0.2683134 -2.233489 0.3869786
0.2683134 -2.233489 0.3869786
0.2683134 -2.233489 0.3869786
0.2683134 -2.233489 0.3869786
0.0672426 -3.061124 0.5175805
0.0672426 -3.061124 0.5175805
0.0672426 -3.061124 0.5175805
0.0672426 -3.061124 0.5175805
0.0672426 -3.061124 0.5175805
0.0672426 -3.061124 0.5175805
0.06726418 -3.061144 0.5175857
0.06726418 -3.061144 0.5175857
0.06726418 -3.061144 0.5175857
0.06726418 -3.061144 0.5175857
0.06726418 -3.061144 0.5175857
0.06726418 -3.061144 0.5175857
0.06726418 -3.061144 0.5175857
0.06726418 -3.061144 0.5175857
0.06726418 -3.061144 0.5175857
0.06726418 -3.061144 0.5175857
0.06728358 -3.061162 0.5175888
0.06728358 -3.061162 0.5175888
0.06728358 -3.061162 0.5175888
0.06728358 -3.061162 0.5175888
0.06728358 -3.061162 0.5175888
0.06728358 -3.061162 0.5175888
0.06728358 -3.061162 0.5175888
0.06728358 -3.061162 0.5175888
0.06728358 -3.061162 0.5175888
0.06728358 -3.061162 0.5175888
0.06731548 -3.061165 0.5175934
0.06731548 -3.061165 0.5175934
0.06731548 -3.061165 0.5175934
0.06731548 -3.061165 0.5175934
0.06731548 -3.061165 0.5175934
0.06731548 -3.061165 0.5175934
0.06731548 -3.061165 0.5175934
0.06731548 -3.061165 0.5175934
0.06731548 -3.061165 0.5175934
0.06731548 -3.061165 0.5175934
0.06735424 -3.061167 0.5176053
0.06735424 -3.061167 0.5176053
0.06735424 -3.061167 0.5176053
0.06735424 -3.061167 0.5176053
0.06735424 -3.061167 0.5176053
0.06735424 -3.061167 0.5176053
0.06735424 -3.061167 0.5176053
0.06735424 -3.061167 0.5176053
0.06735424 -3.061167 0.5176053
0.06735424 -3.061167 0.5176053
0.06738965 -3.061169 0.5176157
0.06738965 -3.061169 0.5176157
0.06738965 -3.061169 0.5176157
0.06738965 -3.061169 0.5176157
0.06738965 -3.061169 0.5176157
0.06738965 -3.061169 0.5176157
0.06738965 -3.061169 0.5176157
0.06738965 -3.061169 0.5176157
0.06738965 -3.061169 0.5176157
0.06738965 -3.061169 0.5176157
0.06742176 -3.06117 0.5176247
0.06742176 -3.06117 0.5176247
0.06742176 -3.06117 0.5176247
0.06742176 -3.06117 0.5176247
0.06742176 -3.06117 0.5176247
0.06742176 -3.06117 0.5176247
0.06742176 -3.06117 0.5176247
0.06742176 -3.06117 0.5176247
0.06742176 -3.06117 0.5176247
0.06742176 -3.06117 0.5176247
0.06745069 -3.061172 0.5176324
0.06745069 -3.061172 0.5176324
0.06745069 -3.061172 0.5176324
0.06745069 -3.061172 0.5176324
0.06745069 -3.061172 0.5176324
0.06745069 -3.061172 0.5176324
0.06745069 -3.061172 0.5176324
0.06745069 -3.061172 0.5176324
0.06745069 -3.061172 0.5176324
0 0 0
