-0.4515945 -0.2879313 -0.7849006
0.5834912 -0.9448282 -2.042089
0.5834912 -0.9448282 -2.042089
0.5834912 -0.9448282 -2.042089
0.03682655 -2.896182 -2.287672
0.03682655 -2.896182 -2.287672
0.03682655 -2.896182 -2.287672
0.03682655 -2.896182 -2.287672
-0.9996218 -3.265062 -2.493284
-0.9996218 -3.265062 -2.493284
-0.9996218 -3.265062 -2.493284
-0.9996218 -3.265062 -2.493284
-0.9996218 -3.265062 -2.493284
-0.9996218 -3.265062 -2.493284
-0.9996218 -3.265062 -2.493284
-0.977146 -3.148877 -2.753747
-0.977146 -3.148877 -2.753747
-0.977146 -3.148877 -2.753747
-0.977146 -3.148877 -2.753747
-0.977146 -3.148877 -2.753747
-0.977146 -3.148877 -2.753747
-1.129276 -3.497671 -3.436383
-1.129276 -3.497671 -3.436383
-1.129276 -3.497671 -3.436383
-1.129276 -3.497671 -3.436383
-1.129276 -3.497671 -3.436383
-1.129276 -3.497671 -3.436383
-0.08302561 -2.773307 -1.722466
-0.08302561 -2.773307 -1.722466
-0.08302561 -2.773307 -1.722466
-0.08302561 -2.773307 -1.722466
0.1764206 -2.686376 -1.71249
-0.859329 -3.619135 -3.645407
-0.859329 -3.619135 -3.645407
-0.859329 -3.619135 -3.645407
-0.859329 -3.619135 -3.645407
-0.859329 -3.619135 -3.645407
-0.859329 -3.619135 -3.645407
-0.859329 -3.619135 -3.645407
-0.859329 -3.619135 -3.645407
-0.859329 -3.619135 -3.645407
-1.308041 -3.883675 -3.836287
-1.308041 -3.883675 -3.836287
-1.308041 -3.883675 -3.836287
-1.308041 -3.883675 -3.836287
-1.308041 -3.883675 -3.836287
-1.308041 -3.883675 -3.836287
-1.308041 -3.883675 -3.836287
-1.308041 -3.883675 -3.836287
-1.308041 -3.883675 -3.836287
-1.308041 -3.883675 -3.836287
-1.687715 -4.764237 -2.971419
-1.687715 -4.764237 -2.971419
-1.687715 -4.764237 -2.971419
-1.687715 -4.764237 -2.971419
-1.687715 -4.764237 -2.971419
-1.687715 -4.764237 -2.971419
-2.291046 -4.100504 -3.434761
-2.291046 -4.100504 -3.434761
-2.291046 -4.100504 -3.434761
-2.291046 -4.100504 -3.434761
-2.432666 -4.555378 -3.413938
-1.723197 -4.247975 -4.079616
-1.723197 -4.247975 -4.079616
-1.723197 -4.247975 -4.079616
-1.723197 -4.247975 -4.079616
-1.723197 -4.247975 -4.079616
-1.723197 -4.247975 -4.079616
-1.269268 -3.930935 -2.621474
-1.269268 -3.930935 -2.621474
-1.269268 -3.930935 -2.621474
-0.6404523 -3.839717 -2.733433
-0.6404523 -3.839717 -2.733433
-0.6404523 -3.839717 -2.733433
-0.6404523 -3.839717 -2.733433
-0.3968771 -2.847977 -3.63445
-1.723728 -3.967827 -4.685118
-1.723728 -3.967827 -4.685118
-1.723728 -3.967827 -4.685118
-1.723728 -3.967827 -4.685118
-1.723728 -3.967827 -4.685118
-1.84355 -4.319202 -4.833079
-1.84355 -4.319202 -4.833079
-1.84355 -4.319202 -4.833079
-1.84355 -4.319202 -4.833079
-1.84355 -4.319202 -4.833079
-1.84355 -4.319202 -4.833079
-1.84355 -4.319202 -4.833079
-1.84355 -4.319202 -4.833079
-1.84355 -4.319202 -4.833079
-1.84355 -4.319202 -4.833079
-2.032742 -4.423951 -4.762423
-2.032742 -4.423951 -4.762423
-2.032742 -4.423951 -4.762423
-2.032742 -4.423951 -4.762423
-2.262723 -4.629473 -3.7956
-2.262723 -4.629473 -3.7956
-2.262723 -4.629473 -3.7956
-2.262723 -4.629473 -3.7956
-2.262723 -4.629473 -3.7956
-2.262723 -4.629473 -3.7956
-2.129987 -4.049275 -3.558394
-1.874806 -3.981632 -4.61146
-1.874806 -3.981632 -4.61146
-1.874806 -3.981632 -4.61146
-1.874806 -3.981632 -4.61146
-1.874806 -3.981632 -4.61146
-1.874806 -3.981632 -4.61146
-1.874806 -3.981632 -4.61146
-1.874806 -3.981632 -4.61146
-1.874806 -3.981632 -4.61146
-1.739332 -4.086289 -4.606913
-1.739332 -4.086289 -4.606913
-1.739332 -4.086289 -4.606913
-1.739332 -4.086289 -4.606913
-1.739332 -4.086289 -4.606913
-1.739332 -4.086289 -4.606913
-1.739332 -4.086289 -4.606913
-1.739332 -4.086289 -4.606913
-1.739332 -4.086289 -4.606913
-1.739332 -4.086289 -4.606913
-1.889337 -4.173322 -4.555561
-1.889337 -4.173322 -4.555561
-1.889337 -4.173322 -4.555561
-1.889337 -4.173322 -4.555561
-1.889337 -4.173322 -4.555561
-2.439644 -4.426192 -3.615587
-2.439644 -4.426192 -3.615587
-2.439644 -4.426192 -3.615587
-2.439644 -4.426192 -3.615587
-2.439644 -4.426192 -3.615587
-1.166929 -3.915479 -4.359466
-1.166929 -3.915479 -4.359466
-1.166929 -3.915479 -4.359466
-1.166929 -3.915479 -4.359466
-1.166929 -3.915479 -4.359466
-1.166929 -3.915479 -4.359466
-1.166929 -3.915479 -4.359466
-1.166929 -3.915479 -4.359466
-1.166929 -3.915479 -4.359466
-1.166929 -3.915479 -4.359466
-1.017501 -3.870331 -4.310642
-1.017501 -3.870331 -4.310642
-1.017501 -3.870331 -4.310642
-1.017501 -3.870331 -4.310642
-1.017501 -3.870331 -4.310642
-1.017501 -3.870331 -4.310642
-1.017501 -3.870331 -4.310642
-0.8503304 -3.261767 -3.845857
-0.8503304 -3.261767 -3.845857
-0.8503304 -3.261767 -3.845857
-0.5322409 -2.641042 -3.825167
-0.5322409 -2.641042 -3.825167
-0.5322409 -2.641042 -3.825167
-0.5322409 -2.641042 -3.825167
-0.5322409 -2.641042 -3.825167
-0.5322409 -2.641042 -3.825167
-0.5322409 -2.641042 -3.825167
-0.5322409 -2.641042 -3.825167
-0.5322409 -2.641042 -3.825167
-0.5322409 -2.641042 -3.825167
-0.4797009 -2.807331 -3.647432
-0.4797009 -2.807331 -3.647432
-0.4797009 -2.807331 -3.647432
-0.4797009 -2.807331 -3.647432
-0.4797009 -2.807331 -3.647432
-0.4797009 -2.807331 -3.647432
-0.4797009 -2.807331 -3.647432
-0.4797009 -2.807331 -3.647432
-0.4797009 -2.807331 -3.647432
-0.4797009 -2.807331 -3.647432
-0.4426181 -2.818949 -3.60319
-0.4426181 -2.818949 -3.60319
-0.4426181 -2.818949 -3.60319
-0.4426181 -2.818949 -3.60319
-0.4426181 -2.818949 -3.60319
-0.4426181 -2.818949 -3.60319
-0.4426181 -2.818949 -3.60319
-0.4426181 -2.818949 -3.60319
-0.1186045 -2.596093 -3.451517
-0.1186045 -2.596093 -3.451517
-0.08852944 -2.59495 -3.483436
-0.08852944 -2.59495 -3.483436
-0.08852944 -2.59495 -3.483436
-0.08852944 -2.59495 -3.483436
-0.08852944 -2.59495 -3.483436
-0.08852944 -2.59495 -3.483436
-0.08852944 -2.59495 -3.483436
-0.08852944 -2.59495 -3.483436
-0.08852944 -2.59495 -3.483436
-0.08852944 -2.59495 -3.483436
0.005268412 -1.917794 -3.462481
0.005268412 -1.917794 -3.462481
0.005268412 -1.917794 -3.462481
0.005268412 -1.917794 -3.462481
0.8368289 -1.524802 -2.522353
0.8368289 -1.524802 -2.522353
0.8368289 -1.524802 -2.522353
0.8368289 -1.524802 -2.522353
0.8368289 -1.524802 -2.522353
0.8368289 -1.524802 -2.522353
0.9280249 -1.41524 -2.523087
0.9280249 -1.41524 -2.523087
0.9280249 -1.41524 -2.523087
0.9280249 -1.41524 -2.523087
0.9280249 -1.41524 -2.523087
0.9280249 -1.41524 -2.523087
0.9280249 -1.41524 -2.523087
0.9280249 -1.41524 -2.523087
0.9280249 -1.41524 -2.523087
0.9280249 -1.41524 -2.523087
1.062915 -0.5996328 -0.9535313
2.766282 0.5044552 -0.9773827
2.766282 0.5044552 -0.9773827
2.766282 0.5044552 -0.9773827
2.766282 0.5044552 -0.9773827
2.766282 0.5044552 -0.9773827
2.766282 0.5044552 -0.9773827
2.766282 0.5044552 -0.9773827
2.072709 -0.7300909 -0.6303956
1.51927 -0.5993327 -1.926208
1.520995 -0.4279029 -1.364783
1.360465 -1.19771 -1.341995
1.360465 -1.19771 -1.341995
1.360465 -1.19771 -1.341995
1.360465 -1.19771 -1.341995
1.360465 -1.19771 -1.341995
1.360465 -1.19771 -1.341995
1.360465 -1.19771 -1.341995
1.360465 -1.19771 -1.341995
1.360465 -1.19771 -1.341995
1.647654 -1.061445 -1.240489
1.647654 -1.061445 -1.240489
1.647654 -1.061445 -1.240489
1.647654 -1.061445 -1.240489
1.647654 -1.061445 -1.240489
1.647654 -1.061445 -1.240489
1.647654 -1.061445 -1.240489
1.647654 -1.061445 -1.240489
1.647654 -1.061445 -1.240489
1.647654 -1.061445 -1.240489
2.02226 -1.054113 -1.230518
2.200243 0.2706561 -1.381196
2.200243 0.2706561 -1.381196
2.416911 0.1655784 -1.746649
2.416911 0.1655784 -1.746649
2.416911 0.1655784 -1.746649
2.416911 0.1655784 -1.746649
2.416911 0.1655784 -1.746649
2.416911 0.1655784 -1.746649
2.416911 0.1655784 -1.746649
2.693249 0.1921378 -1.768811
2.693249 0.1921378 -1.768811
2.485568 0.3909135 -0.2975184
2.485568 0.3909135 -0.2975184
2.485568 0.3909135 -0.2975184
2.485568 0.3909135 -0.2975184
2.485568 0.3909135 -0.2975184
2.485568 0.3909135 -0.2975184
2.485568 0.3909135 -0.2975184
2.485568 0.3909135 -0.2975184
2.410342 0.3403485 -0.2787401
2.410342 0.3403485 -0.2787401
2.410342 0.3403485 -0.2787401
2.410342 0.3403485 -0.2787401
2.410342 0.3403485 -0.2787401
2.410342 0.3403485 -0.2787401
2.410342 0.3403485 -0.2787401
2.304384 -0.4649448 1.47864
2.304384 -0.4649448 1.47864
2.304384 -0.4649448 1.47864
2.419553 -0.4250982 1.466387
2.419553 -0.4250982 1.466387
2.419553 -0.4250982 1.466387
2.419553 -0.4250982 1.466387
2.419553 -0.4250982 1.466387
2.419553 -0.4250982 1.466387
2.419553 -0.4250982 1.466387
2.419553 -0.4250982 1.466387
2.419553 -0.4250982 1.466387
2.419553 -0.4250982 1.466387
2.088502 0.4365393 1.367463
2.088502 0.4365393 1.367463
2.088502 0.4365393 1.367463
2.088502 0.4365393 1.367463
2.088502 0.4365393 1.367463
2.088502 0.4365393 1.367463
2.088502 0.4365393 1.367463
2.088502 0.4365393 1.367463
2.180617 -0.4822164 2.145256
2.180617 -0.4822164 2.145256
2.301975 -0.3954122 2.37126
2.301975 -0.3954122 2.37126
2.301975 -0.3954122 2.37126
2.301975 -0.3954122 2.37126
2.301975 -0.3954122 2.37126
2.301975 -0.3954122 2.37126
2.301975 -0.3954122 2.37126
2.301975 -0.3954122 2.37126
2.301975 -0.3954122 2.37126
2.301975 -0.3954122 2.37126
2.358878 -0.3386363 2.486859
2.358878 -0.3386363 2.486859
2.358878 -0.3386363 2.486859
2.358878 -0.3386363 2.486859
2.342678 0.4437584 2.583189
2.342678 0.4437584 2.583189
2.342678 0.4437584 2.583189
2.342678 0.4437584 2.583189
2.342678 0.4437584 2.583189
2.342678 0.4437584 2.583189
2.348441 0.07192312 2.328964
2.348441 0.07192312 2.328964
2.348441 0.07192312 2.328964
2.348441 0.07192312 2.328964
2.348441 0.07192312 2.328964
2.348441 0.07192312 2.328964
2.348441 0.07192312 2.328964
2.348441 0.07192312 2.328964
2.348441 0.07192312 2.328964
2.348441 0.07192312 2.328964
2.340996 0.09420246 2.335897
2.340996 0.09420246 2.335897
2.340996 0.09420246 2.335897
2.340996 0.09420246 2.335897
2.340996 0.09420246 2.335897
2.340996 0.09420246 2.335897
2.340996 0.09420246 2.335897
2.340996 0.09420246 2.335897
2.340996 0.09420246 2.335897
2.340996 0.09420246 2.335897
2.471611 0.106955 2.295588
2.471611 0.106955 2.295588
2.471611 0.106955 2.295588
2.471611 0.106955 2.295588
2.471611 0.106955 2.295588
2.467102 -0.53013 0.8203828
2.467102 -0.53013 0.8203828
2.467102 -0.53013 0.8203828
2.467102 -0.53013 0.8203828
2.268407 -1.212227 1.802924
2.068266 -1.214985 1.765384
2.068266 -1.214985 1.765384
2.068266 -1.214985 1.765384
2.068266 -1.214985 1.765384
2.068266 -1.214985 1.765384
2.068266 -1.214985 1.765384
2.068266 -1.214985 1.765384
2.181527 -0.1079743 1.817874
2.181527 -0.1079743 1.817874
2.181527 -0.1079743 1.817874
2.011772 -0.1252154 1.758345
2.011772 -0.1252154 1.758345
2.011772 -0.1252154 1.758345
2.011772 -0.1252154 1.758345
2.011772 -0.1252154 1.758345
2.011772 -0.1252154 1.758345
2.011772 -0.1252154 1.758345
2.011772 -0.1252154 1.758345
2.011772 -0.1252154 1.758345
2.011772 -0.1252154 1.758345
2.240504 0.8258458 1.375175
2.240504 0.8258458 1.375175
2.240504 0.8258458 1.375175
2.240504 0.8258458 1.375175
2.240504 0.8258458 1.375175
2.454944 0.787143 1.07395
2.454944 0.787143 1.07395
2.454944 0.787143 1.07395
2.454944 0.787143 1.07395
2.454944 0.787143 1.07395
2.457794 0.769078 1.015143
2.457794 0.769078 1.015143
2.457794 0.769078 1.015143
2.457794 0.769078 1.015143
2.457794 0.769078 1.015143
2.457794 0.769078 1.015143
2.457794 0.769078 1.015143
2.457794 0.769078 1.015143
2.457794 0.769078 1.015143
2.457794 0.769078 1.015143
2.532314 0.7814904 1.019541
2.532314 0.7814904 1.019541
2.532314 0.7814904 1.019541
2.532314 0.7814904 1.019541
2.532314 0.7814904 1.019541
2.532314 0.7814904 1.019541
2.532314 0.7814904 1.019541
2.532314 0.7814904 1.019541
2.61153 1.664614 0.7848159
2.61153 1.664614 0.7848159
2.657019 1.68254 0.7979465
2.657019 1.68254 0.7979465
2.657019 1.68254 0.7979465
2.657019 1.68254 0.7979465
2.657019 1.68254 0.7979465
2.657019 1.68254 0.7979465
2.657019 1.68254 0.7979465
2.657019 1.68254 0.7979465
2.657019 1.68254 0.7979465
2.657019 1.68254 0.7979465
2.708696 1.695724 0.8093938
2.708696 1.695724 0.8093938
2.708696 1.695724 0.8093938
2.708696 1.695724 0.8093938
2.708696 1.695724 0.8093938
2.708696 1.695724 0.8093938
2.708696 1.695724 0.8093938
2.708696 1.695724 0.8093938
2.708696 1.695724 0.8093938
2.708696 1.695724 0.8093938
2.734642 1.707503 0.8194404
2.93236 1.254963 -0.03799888
2.38865 1.129023 0.341985
2.38865 1.129023 0.341985
2.38865 1.129023 0.341985
2.38865 1.129023 0.341985
2.38865 1.129023 0.341985
2.38865 1.129023 0.341985
2.38865 1.129023 0.341985
2.38865 1.129023 0.341985
2.422864 1.139262 0.3507157
2.422864 1.139262 0.3507157
2.422864 1.139262 0.3507157
2.422864 1.139262 0.3507157
2.422864 1.139262 0.3507157
2.422864 1.139262 0.3507157
2.422864 1.139262 0.3507157
2.422864 1.139262 0.3507157
2.422864 1.139262 0.3507157
2.422864 1.139262 0.3507157
2.444247 1.148582 0.3585283
2.444247 1.148582 0.3585283
2.444247 1.148582 0.3585283
2.252369 0.3339265 -0.07442348
2.252369 0.3339265 -0.07442348
2.252369 0.3339265 -0.07442348
2.252369 0.3339265 -0.07442348
2.252369 0.3339265 -0.07442348
2.252369 0.3339265 -0.07442348
2.252369 0.3339265 -0.07442348
2.275183 0.3420824 -0.06741961
2.275183 0.3420824 -0.06741961
2.275183 0.3420824 -0.06741961
2.275183 0.3420824 -0.06741961
2.275183 0.3420824 -0.06741961
2.275183 0.3420824 -0.06741961
2.275183 0.3420824 -0.06741961
2.275183 0.3420824 -0.06741961
2.275183 0.3420824 -0.06741961
2.275183 0.3420824 -0.06741961
2.292086 0.3496183 -0.06104485
2.292086 0.3496183 -0.06104485
2.292086 0.3496183 -0.06104485
2.292086 0.3496183 -0.06104485
2.292086 0.3496183 -0.06104485
2.292086 0.3496183 -0.06104485
2.292086 0.3496183 -0.06104485
2.292086 0.3496183 -0.06104485
2.292086 0.3496183 -0.06104485
2.292086 0.3496183 -0.06104485
2.30521 0.356611 -0.05521579
2.30521 0.356611 -0.05521579
2.30521 0.356611 -0.05521579
2.30521 0.356611 -0.05521579
2.30521 0.356611 -0.05521579
2.30521 0.356611 -0.05521579
2.30521 0.356611 -0.05521579
2.30521 0.356611 -0.05521579
2.30521 0.356611 -0.05521579
2.257107 -0.07522396 -1.952377
2.269575 -0.0688125 -1.946606
2.269575 -0.0688125 -1.946606
2.269575 -0.0688125 -1.946606
2.269575 -0.0688125 -1.946606
2.269575 -0.0688125 -1.946606
2.269575 -0.0688125 -1.946606
2.269575 -0.0688125 -1.946606
2.269575 -0.0688125 -1.946606
2.269575 -0.0688125 -1.946606
2.269575 -0.0688125 -1.946606
2.280277 -0.06279681 -1.941112
2.280277 -0.06279681 -1.941112
2.280277 -0.06279681 -1.941112
2.280277 -0.06279681 -1.941112
2.280277 -0.06279681 -1.941112
2.280277 -0.06279681 -1.941112
2.280277 -0.06279681 -1.941112
2.280277 -0.06279681 -1.941112
2.280277 -0.06279681 -1.941112
2.280277 -0.06279681 -1.941112
2.130153 -0.04810086 -1.900409
2.130153 -0.04810086 -1.900409
2.130153 -0.04810086 -1.900409
2.130153 -0.04810086 -1.900409
2.130153 -0.04810086 -1.900409
2.130153 -0.04810086 -1.900409
2.130153 -0.04810086 -1.900409
2.130153 -0.04810086 -1.900409
2.130153 -0.04810086 -1.900409
2.130153 -0.04810086 -1.900409
2.132643 -0.04151708 -1.913252
2.132643 -0.04151708 -1.913252
2.132643 -0.04151708 -1.913252
2.132643 -0.04151708 -1.913252
2.132643 -0.04151708 -1.913252
2.132643 -0.04151708 -1.913252
2.132643 -0.04151708 -1.913252
2.132643 -0.04151708 -1.913252
2.132643 -0.04151708 -1.913252
2.132643 -0.04151708 -1.913252
2.008925 -0.03700554 -1.913971
2.008925 -0.03700554 -1.913971
2.008925 -0.03700554 -1.913971
2.008925 -0.03700554 -1.913971
2.008925 -0.03700554 -1.913971
2.008925 -0.03700554 -1.913971
2.008925 -0.03700554 -1.913971
2.008925 -0.03700554 -1.913971
2.008925 -0.03700554 -1.913971
2.008925 -0.03700554 -1.913971
2.085794 -0.03795369 -1.898804
2.085794 -0.03795369 -1.898804
2.085794 -0.03795369 -1.898804
2.085794 -0.03795369 -1.898804
2.085794 -0.03795369 -1.898804
2.085794 -0.03795369 -1.898804
2.085794 -0.03795369 -1.898804
2.085794 -0.03795369 -1.898804
2.085794 -0.03795369 -1.898804
2.085794 -0.03795369 -1.898804
2.1645 -0.03494991 -1.85969
2.1645 -0.03494991 -1.85969
2.1645 -0.03494991 -1.85969
2.1645 -0.03494991 -1.85969
2.1645 -0.03494991 -1.85969
2.294647 -0.1484286 -0.8955529
2.294647 -0.1484286 -0.8955529
2.294647 -0.1484286 -0.8955529
2.294647 -0.1484286 -0.8955529
2.294647 -0.1484286 -0.8955529
2.303401 -0.1354603 -0.8405014
2.303401 -0.1354603 -0.8405014
2.303401 -0.1354603 -0.8405014
2.303401 -0.1354603 -0.8405014
2.303401 -0.1354603 -0.8405014
2.303401 -0.1354603 -0.8405014
2.303401 -0.1354603 -0.8405014
2.303401 -0.1354603 -0.8405014
2.303401 -0.1354603 -0.8405014
2.303401 -0.1354603 -0.8405014
2.299628 -0.1179391 -0.8077822
2.299628 -0.1179391 -0.8077822
2.299628 -0.1179391 -0.8077822
2.299628 -0.1179391 -0.8077822
2.299628 -0.1179391 -0.8077822
2.299628 -0.1179391 -0.8077822
2.299628 -0.1179391 -0.8077822
2.299628 -0.1179391 -0.8077822
2.299628 -0.1179391 -0.8077822
2.299628 -0.1179391 -0.8077822
2.333008 -0.09714833 -0.7796803
2.333008 -0.09714833 -0.7796803
2.333008 -0.09714833 -0.7796803
2.333008 -0.09714833 -0.7796803
2.333008 -0.09714833 -0.7796803
2.333008 -0.09714833 -0.7796803
2.333008 -0.09714833 -0.7796803
2.333008 -0.09714833 -0.7796803
2.333008 -0.09714833 -0.7796803
2.333008 -0.09714833 -0.7796803
2.356617 -0.07882448 -0.7548388
2.356617 -0.07882448 -0.7548388
2.356617 -0.07882448 -0.7548388
2.356617 -0.07882448 -0.7548388
2.356617 -0.07882448 -0.7548388
2.356617 -0.07882448 -0.7548388
2.356617 -0.07882448 -0.7548388
2.356617 -0.07882448 -0.7548388
2.356617 -0.07882448 -0.7548388
2.356617 -0.07882448 -0.7548388
2.37052 -0.06656689 -0.7327139
2.37052 -0.06656689 -0.7327139
2.37052 -0.06656689 -0.7327139
2.37052 -0.06656689 -0.7327139
2.37052 -0.06656689 -0.7327139
2.37052 -0.06656689 -0.7327139
2.37052 -0.06656689 -0.7327139
2.37052 -0.06656689 -0.7327139
2.509305 0.1772758 -0.2175066
2.509305 0.1772758 -0.2175066
2.512897 0.187882 -0.1958559
2.512897 0.187882 -0.1958559
2.512897 0.187882 -0.1958559
2.364875 -0.2115997 -0.9591879
2.364875 -0.2115997 -0.9591879
2.364875 -0.2115997 -0.9591879
2.364875 -0.2115997 -0.9591879
2.364875 -0.2115997 -0.9591879
2.364875 -0.2115997 -0.9591879
2.364875 -0.2115997 -0.9591879
2.372269 -0.2015733 -0.9374647
2.372269 -0.2015733 -0.9374647
2.372269 -0.2015733 -0.9374647
2.372269 -0.2015733 -0.9374647
2.372269 -0.2015733 -0.9374647
2.372269 -0.2015733 -0.9374647
2.372269 -0.2015733 -0.9374647
2.372269 -0.2015733 -0.9374647
2.372269 -0.2015733 -0.9374647
2.372269 -0.2015733 -0.9374647
2.377908 -0.1918909 -0.9146863
2.377908 -0.1918909 -0.9146863
2.377908 -0.1918909 -0.9146863
2.377908 -0.1918909 -0.9146863
2.377908 -0.1918909 -0.9146863
2.377908 -0.1918909 -0.9146863
2.377908 -0.1918909 -0.9146863
2.377908 -0.1918909 -0.9146863
2.377908 -0.1918909 -0.9146863
2.377908 -0.1918909 -0.9146863
2.3981 -0.1833504 -0.8898756
2.3981 -0.1833504 -0.8898756
2.3981 -0.1833504 -0.8898756
2.3981 -0.1833504 -0.8898756
2.3981 -0.1833504 -0.8898756
2.3981 -0.1833504 -0.8898756
2.3981 -0.1833504 -0.8898756
2.3981 -0.1833504 -0.8898756
2.3981 -0.1833504 -0.8898756
2.3981 -0.1833504 -0.8898756
2.420214 -0.1755133 -0.8629766
2.420214 -0.1755133 -0.8629766
2.420214 -0.1755133 -0.8629766
2.420214 -0.1755133 -0.8629766
2.420214 -0.1755133 -0.8629766
2.420214 -0.1755133 -0.8629766
2.420214 -0.1755133 -0.8629766
2.420214 -0.1755133 -0.8629766
2.420214 -0.1755133 -0.8629766
2.420214 -0.1755133 -0.8629766
2.392473 -0.1709298 -0.8293819
2.392473 -0.1709298 -0.8293819
2.635319 0.9826392 0.5089585
2.635319 0.9826392 0.5089585
2.635319 0.9826392 0.5089585
2.439472 1.159649 1.110506
2.439472 1.159649 1.110506
2.439472 1.159649 1.110506
2.439472 1.159649 1.110506
2.439472 1.159649 1.110506
2.393377 1.170246 1.141188
2.393377 1.170246 1.141188
2.393377 1.170246 1.141188
2.393377 1.170246 1.141188
2.393377 1.170246 1.141188
2.393377 1.170246 1.141188
2.393377 1.170246 1.141188
2.393377 1.170246 1.141188
2.393377 1.170246 1.141188
2.393377 1.170246 1.141188
2.364078 1.180588 1.176491
2.364078 1.180588 1.176491
2.109922 0.9124175 0.9901024
2.109922 0.9124175 0.9901024
2.19173 -0.321493 -0.2670859
2.19173 -0.321493 -0.2670859
2.19173 -0.321493 -0.2670859
2.19173 -0.321493 -0.2670859
2.19173 -0.321493 -0.2670859
2.19173 -0.321493 -0.2670859
2.182927 -0.3130292 -0.229913
2.182927 -0.3130292 -0.229913
2.182927 -0.3130292 -0.229913
2.182927 -0.3130292 -0.229913
2.182927 -0.3130292 -0.229913
2.48046 -0.03941952 -0.8781074
2.48046 -0.03941952 -0.8781074
2.48046 -0.03941952 -0.8781074
2.48046 -0.03941952 -0.8781074
2.48046 -0.03941952 -0.8781074
2.499086 -0.03975536 -0.8825018
2.499086 -0.03975536 -0.8825018
2.499086 -0.03975536 -0.8825018
2.499086 -0.03975536 -0.8825018
2.499086 -0.03975536 -0.8825018
2.499086 -0.03975536 -0.8825018
2.185029 -0.1369252 0.7298874
2.185029 -0.1369252 0.7298874
2.185029 -0.1369252 0.7298874
2.185029 -0.1369252 0.7298874
2.217864 -0.1372146 0.7260223
2.518319 0.4059442 0.4567185
2.518319 0.4059442 0.4567185
2.518319 0.4059442 0.4567185
2.518319 0.4059442 0.4567185
2.518319 0.4059442 0.4567185
2.518319 0.4059442 0.4567185
2.518319 0.4059442 0.4567185
2.518319 0.4059442 0.4567185
2.518319 0.4059442 0.4567185
2.496899 0.4080498 0.461228
2.520578 0.2184598 0.9084622
2.520578 0.2184598 0.9084622
2.332163 -0.002580496 0.4636702
2.332163 -0.002580496 0.4636702
2.332163 -0.002580496 0.4636702
2.332163 -0.002580496 0.4636702
2.332163 -0.002580496 0.4636702
2.332163 -0.002580496 0.4636702
2.332163 -0.002580496 0.4636702
2.465533 0.03093295 -0.1814073
2.465533 0.03093295 -0.1814073
2.465533 0.03093295 -0.1814073
2.465533 0.03093295 -0.1814073
2.465533 0.03093295 -0.1814073
2.465533 0.03093295 -0.1814073
2.465533 0.03093295 -0.1814073
2.465533 0.03093295 -0.1814073
2.465533 0.03093295 -0.1814073
2.465533 0.03093295 -0.1814073
2.464796 0.03546702 -0.1175372
2.464796 0.03546702 -0.1175372
2.204209 -0.1354691 -0.2569624
2.204209 -0.1354691 -0.2569624
2.204209 -0.1354691 -0.2569624
2.204209 -0.1354691 -0.2569624
2.204209 -0.1354691 -0.2569624
2.204209 -0.1354691 -0.2569624
2.204209 -0.1354691 -0.2569624
2.204209 -0.1354691 -0.2569624
2.209361 -0.1308019 -0.1770384
2.209361 -0.1308019 -0.1770384
2.209361 -0.1308019 -0.1770384
2.209361 -0.1308019 -0.1770384
2.209361 -0.1308019 -0.1770384
2.257291 -0.6271873 0.5048644
2.257291 -0.6271873 0.5048644
2.257291 -0.6271873 0.5048644
2.257291 -0.6271873 0.5048644
2.257291 -0.6271873 0.5048644
2.241581 -0.6246534 0.5889587
2.241581 -0.6246534 0.5889587
2.241581 -0.6246534 0.5889587
2.241581 -0.6246534 0.5889587
2.241581 -0.6246534 0.5889587
2.241581 -0.6246534 0.5889587
2.241581 -0.6246534 0.5889587
2.241581 -0.6246534 0.5889587
2.241581 -0.6246534 0.5889587
2.241581 -0.6246534 0.5889587
2.144852 -0.6276733 0.6931056
2.144852 -0.6276733 0.6931056
2.144852 -0.6276733 0.6931056
2.144852 -0.6276733 0.6931056
2.084475 -0.1475253 0.4006435
2.084475 -0.1475253 0.4006435
2.589203 0.7390001 0.8685224
2.589203 0.7390001 0.8685224
2.589203 0.7390001 0.8685224
2.589203 0.7390001 0.8685224
2.558068 0.7347145 1.016581
2.558068 0.7347145 1.016581
2.558068 0.7347145 1.016581
2.558068 0.7347145 1.016581
2.558068 0.7347145 1.016581
2.558068 0.7347145 1.016581
2.558068 0.7347145 1.016581
2.558068 0.7347145 1.016581
2.558068 0.7347145 1.016581
2.558068 0.7347145 1.016581
2.558263 0.7213907 1.135101
2.558263 0.7213907 1.135101
2.558263 0.7213907 1.135101
2.346374 0.1867779 1.124835
2.346374 0.1867779 1.124835
2.346374 0.1867779 1.124835
2.346374 0.1867779 1.124835
2.346374 0.1867779 1.124835
2.346374 0.1867779 1.124835
2.346374 0.1867779 1.124835
2.349754 0.1737538 1.249951
2.349754 0.1737538 1.249951
2.349754 0.1737538 1.249951
2.349754 0.1737538 1.249951
2.349754 0.1737538 1.249951
2.349754 0.1737538 1.249951
2.349754 0.1737538 1.249951
2.349754 0.1737538 1.249951
2.349754 0.1737538 1.249951
2.349754 0.1737538 1.249951
2.347293 0.1663211 1.254198
2.347293 0.1663211 1.254198
2.347293 0.1663211 1.254198
2.424001 0.1750981 1.357668
2.424001 0.1750981 1.357668
2.424001 0.1750981 1.357668
2.424001 0.1750981 1.357668
2.424001 0.1750981 1.357668
2.424001 0.1750981 1.357668
2.424001 0.1750981 1.357668
2.418818 0.171152 1.301039
2.418818 0.171152 1.301039
2.418818 0.171152 1.301039
2.418818 0.171152 1.301039
2.418818 0.171152 1.301039
2.418818 0.171152 1.301039
2.418818 0.171152 1.301039
2.418818 0.171152 1.301039
2.418818 0.171152 1.301039
2.418818 0.171152 1.301039
2.41437 0.1672169 1.259727
2.41437 0.1672169 1.259727
2.41437 0.1672169 1.259727
2.41437 0.1672169 1.259727
2.41437 0.1672169 1.259727
2.41437 0.1672169 1.259727
2.41437 0.1672169 1.259727
2.41437 0.1672169 1.259727
2.41437 0.1672169 1.259727
2.41437 0.1672169 1.259727
2.410435 0.1632885 1.228428
2.410435 0.1632885 1.228428
2.410435 0.1632885 1.228428
2.410435 0.1632885 1.228428
2.410435 0.1632885 1.228428
2.410435 0.1632885 1.228428
2.410435 0.1632885 1.228428
2.410435 0.1632885 1.228428
2.410435 0.1632885 1.228428
2.410435 0.1632885 1.228428
2.40682 0.159363 1.204056
2.40682 0.159363 1.204056
2.40682 0.159363 1.204056
2.40682 0.159363 1.204056
2.40682 0.159363 1.204056
2.40682 0.159363 1.204056
2.40682 0.159363 1.204056
2.40682 0.159363 1.204056
2.40682 0.159363 1.204056
2.40682 0.159363 1.204056
2.418038 0.1636915 1.227003
2.418038 0.1636915 1.227003
2.418038 0.1636915 1.227003
2.418038 0.1636915 1.227003
2.418038 0.1636915 1.227003
2.418038 0.1636915 1.227003
2.418038 0.1636915 1.227003
2.418038 0.1636915 1.227003
2.418038 0.1636915 1.227003
2.418038 0.1636915 1.227003
2.449879 0.1850728 1.306425
2.449879 0.1850728 1.306425
2.449879 0.1850728 1.306425
2.449879 0.1850728 1.306425
2.449879 0.1850728 1.306425
2.449879 0.1850728 1.306425
2.449879 0.1850728 1.306425
2.449879 0.1850728 1.306425
2.449879 0.1850728 1.306425
2.023398 -0.2947882 1.321117
2.069565 -0.2751193 1.439322
2.069565 -0.2751193 1.439322
2.069565 -0.2751193 1.439322
2.069565 -0.2751193 1.439322
2.069565 -0.2751193 1.439322
2.069565 -0.2751193 1.439322
2.069565 -0.2751193 1.439322
2.069565 -0.2751193 1.439322
2.069565 -0.2751193 1.439322
2.069565 -0.2751193 1.439322
2.053402 -0.2672669 1.516113
2.053402 -0.2672669 1.516113
2.330482 1.242697 1.945935
2.330482 1.242697 1.945935
2.330482 1.242697 1.945935
2.330482 1.242697 1.945935
2.330482 1.242697 1.945935
2.330482 1.242697 1.945935
2.330482 1.242697 1.945935
2.330482 1.242697 1.945935
2.361186 1.25183 2.014337
2.361186 1.25183 2.014337
2.361186 1.25183 2.014337
2.361186 1.25183 2.014337
2.361186 1.25183 2.014337
2.361186 1.25183 2.014337
2.361186 1.25183 2.014337
2.361186 1.25183 2.014337
2.361186 1.25183 2.014337
2.361186 1.25183 2.014337
2.387577 1.260988 2.070671
2.387577 1.260988 2.070671
2.387577 1.260988 2.070671
2.387577 1.260988 2.070671
2.349781 0.360177 -0.1320595
2.349781 0.360177 -0.1320595
2.349781 0.360177 -0.1320595
2.349781 0.360177 -0.1320595
2.307533 -0.3805864 1.872798
2.307533 -0.3805864 1.872798
2.33504 -0.370313 1.91926
2.33504 -0.370313 1.91926
2.33504 -0.370313 1.91926
2.33504 -0.370313 1.91926
2.33504 -0.370313 1.91926
2.33504 -0.370313 1.91926
2.33504 -0.370313 1.91926
2.33504 -0.370313 1.91926
2.33504 -0.370313 1.91926
2.33504 -0.370313 1.91926
2.338349 -0.3650334 1.794843
2.338349 -0.3650334 1.794843
2.338349 -0.3650334 1.794843
2.338349 -0.3650334 1.794843
2.338349 -0.3650334 1.794843
2.338349 -0.3650334 1.794843
2.338349 -0.3650334 1.794843
2.338349 -0.3650334 1.794843
2.338349 -0.3650334 1.794843
2.338349 -0.3650334 1.794843
2.365251 -0.3592116 1.630164
2.365251 -0.3592116 1.630164
2.365251 -0.3592116 1.630164
2.365251 -0.3592116 1.630164
2.365251 -0.3592116 1.630164
2.365251 -0.3592116 1.630164
2.365251 -0.3592116 1.630164
2.365251 -0.3592116 1.630164
2.365251 -0.3592116 1.630164
2.365251 -0.3592116 1.630164
2.355869 -0.3544052 1.52235
2.355869 -0.3544052 1.52235
2.355869 -0.3544052 1.52235
2.355869 -0.3544052 1.52235
2.355869 -0.3544052 1.52235
2.355869 -0.3544052 1.52235
2.355869 -0.3544052 1.52235
2.355869 -0.3544052 1.52235
2.355869 -0.3544052 1.52235
2.355869 -0.3544052 1.52235
2.336971 -0.3506909 1.458254
2.336971 -0.3506909 1.458254
2.336971 -0.3506909 1.458254
2.336971 -0.3506909 1.458254
2.336971 -0.3506909 1.458254
2.336971 -0.3506909 1.458254
2.336971 -0.3506909 1.458254
2.336971 -0.3506909 1.458254
2.336971 -0.3506909 1.458254
2.336971 -0.3506909 1.458254
2.326832 -0.3445758 1.416386
2.326832 -0.3445758 1.416386
2.326832 -0.3445758 1.416386
2.326832 -0.3445758 1.416386
2.326832 -0.3445758 1.416386
2.326832 -0.3445758 1.416386
2.419391 -0.351201 1.681926
2.419391 -0.351201 1.681926
2.476141 -1.31597 2.158332
2.476141 -1.31597 2.158332
2.471919 -1.305164 2.1361
2.471919 -1.305164 2.1361
2.471919 -1.305164 2.1361
2.471919 -1.305164 2.1361
2.471919 -1.305164 2.1361
2.471919 -1.305164 2.1361
2.471919 -1.305164 2.1361
2.471919 -1.305164 2.1361
2.471919 -1.305164 2.1361
2.471919 -1.305164 2.1361
2.475661 -1.291979 2.072408
2.475661 -1.291979 2.072408
2.475661 -1.291979 2.072408
2.475661 -1.291979 2.072408
2.475661 -1.291979 2.072408
2.475661 -1.291979 2.072408
2.475661 -1.291979 2.072408
2.475661 -1.291979 2.072408
2.475661 -1.291979 2.072408
2.475661 -1.291979 2.072408
2.497892 -1.274106 2.042532
2.497892 -1.274106 2.042532
2.497892 -1.274106 2.042532
2.497892 -1.274106 2.042532
2.604971 -0.6594141 1.042898
2.604971 -0.6594141 1.042898
2.128383 -0.6914816 0.7181215
2.395378 -1.266695 2.236997
2.395378 -1.266695 2.236997
2.395378 -1.266695 2.236997
2.411589 -1.242008 2.311839
2.411589 -1.242008 2.311839
2.411589 -1.242008 2.311839
2.411589 -1.242008 2.311839
2.411589 -1.242008 2.311839
2.411589 -1.242008 2.311839
2.411589 -1.242008 2.311839
2.411589 -1.242008 2.311839
2.411589 -1.242008 2.311839
0 0 0
