1729064308
548937033
249142126
2051548585
-1349202188
551878647
1142459125
1549313422
-827782387
1955268929
2109934245
-1573464285
-476333636
1823308506
1641790946
-1182660520
1938437465
-1017650569
-209616434
835148929
-1863086527
1668235664
-269880582
1321280999
-883475382
-731352816
-676950992
2080353735
2147155245
-1510408636
1273268000
-747373653
781664594
-661764770
-1880446751
-236499498
327815916
1272707531
-26537688
226960886
-1671823757
-1293412302
1205371112
779731605
1094153197
-1978407227
926899526
-1892040359
1221425444
2127344756
951252938
-1312017224
391466793
932287506
1619077561
1791040863
-913784322
-407112952
-1902035465
302898107
-1857320902
-1894215338
1209398053
-247072256
-964696019
-2094476474
-1275153178
1332330964
-524498006
2022634247
1683008986
667440815
1724380116
883081146
-456251237
-223485184
1086150311
-1816616851
-1694221318
-871291464
-1889210555
-1972410252
1383428231
392336528
1669496504
1609828758
777994411
-636522810
1979660762
-726966945
-715650907
1896028908
1766383794
-822407583
1043249377
-2085889888
1992006181
-1851216784
5
