1232451745
-1179620618
1813426767
1038897928
703098621
-399807167
1150206728
320527370
-1069036992
84407491
-310687570
948512014
-1071741690
1327725239
-1747675972
-960514196
-652423122
-1278907730
-642679198
301352873
11758351
217162479
1094256453
-1600630665
1399932907
-2020972102
-1447054804
-1532204804
1582747518
-1572238159
1724470622
-813343542
1170328611
-489055039
-426897153
1377036378
1353778919
-513216170
-228952917
-2112997722
707147940
-896195374
1729891386
-753597344
-940426941
-2071662533
-1319236948
-2059561474
-1381260453
-133790712
-1707775276
-74298607
-449181701
-2082665780
-2101425997
1958824413
-1050144048
838987521
280714411
-1542450609
-1107348116
1776218923
-55004417
-662724547
-1572443115
-1918940751
-1786643218
1153770054
-1625539260
1970087627
1685333813
454805788
1079451629
487383350
1623655285
1386971428
-561098954
461416344
1712058301
1079045866
765324328
1737403039
1783098714
-28483900
-255813171
-1020888170
-1347340964
521440598
339556088
-206384016
-1258745018
26199057
1886613138
180170696
-841363987
417821776
693583524
978442315
51
