2048850718
442696121
625250697
-416262091
1430839269
-1435087137
-249731873
-1443797636
812147660
2122951222
-888211699
345237972
11983331
-1845758798
-590850086
1080604296
-2041382549
2122531986
-159493336
-418437197
-1871532605
-1870463579
-46873934
-352987528
2095770883
-462914791
-1393892076
-1087164642
193197368
1613011423
1269031653
910674067
526615701
-1876275504
150697612
-1665083583
-1233232283
369813306
-1293235641
1652305727
-896882014
533482363
-67257603
489373126
1992820368
1588789510
1792050645
-355233676
-1263647995
943301091
-951881188
-303060345
-1485375371
1451056644
2130042001
-901056655
-16468119
352041751
-306756533
-840445344
1530325041
869159903
-1055381957
-1075370034
1422421373
-76014309
1209360382
-367176472
1410164543
-2052270382
-1366561263
1990853580
498093874
1962477689
1913314425
1656960854
-1996395215
253022372
140234500
-1342611497
225061266
1743595794
-1244716946
-1648407333
-1147916438
227448207
1441680283
-1934358044
-1571504187
952096443
-645481739
22109507
91715051
-904132270
-1937348141
1807444921
-986418346
486822808
37
