0.8048133 0.07922851 0.1905524 -6.2085 -6.594415 -6.514525
1.54861 0.5739607 -0.06610448 -5.680718 -6.145213 -6.199922
2.241071 1.106207 -0.3861502 -5.394363 -5.851891 -6.077035
2.933458 1.644517 -0.7759611 -5.25371 -5.687101 -6.02034
3.669332 2.220076 -1.201046 -5.212094 -5.57973 -6.030143
4.475485 2.871168 -1.702767 -5.247802 -5.538709 -6.081503
5.365202 3.641901 -2.300342 -5.354318 -5.58394 -6.211806
6.356329 4.58884 -3.034269 -5.526204 -5.722308 -6.429009
7.445239 5.740136 -3.818866 -5.75324 -5.963441 -6.692641
8.799114 7.226304 -4.954532 -6.083197 -6.349107 -7.108422
10.05775 9.001453 -6.034102 -6.40134 -6.874726 -7.494854
11.20242 11.00483 -7.349391 -6.70086 -7.512055 -7.995087
12.266 13.16458 -8.7253 -6.988554 -8.229659 -8.525057
13.26499 15.40679 -10.48446 -7.2635 -8.980796 -9.239131
14.23127 17.63079 -12.38307 -7.535676 -9.740736 -10.03142
15.32 18.71062 -13.24914 -7.854099 -10.08655 -10.38777
16.51867 19.26327 -13.88412 -8.21386 -10.23988 -10.66788
17.80905 19.59815 -14.41113 -8.605723 -10.31038 -10.89145
19.12743 19.96415 -14.98926 -9.013985 -10.39334 -11.12172
20.39843 20.6322 -16.04361 -9.415099 -10.57872 -11.55375
21.52917 21.47065 -16.94273 -9.781154 -10.83687 -11.92434
22.62236 22.449 -17.44297 -10.14277 -11.15316 -12.12581
23.71575 23.55843 -17.83902 -10.51089 -11.52458 -12.29129
24.99879 24.82706 -18.20561 -10.94502 -11.96726 -12.45192
26.73926 26.39307 -18.61098 -11.53429 -12.54321 -12.63906
27.75219 28.40849 -19.30639 -11.86933 -13.33937 -12.95986
28.86006 31.13218 -19.49158 -12.2369 -14.44516 -13.04556
29.94421 32.93473 -19.56477 -12.60548 -15.10497 -13.06682
30.67869 33.70473 -19.66179 -12.87657 -15.29335 -13.1034
31.28898 34.22193 -19.9709 -13.11336 -15.37534 -13.22204
32.06493 34.56251 -20.1007 -13.40839 -15.41559 -13.28363
32.90511 34.90441 -20.25206 -13.73288 -15.47343 -13.37395
33.74211 35.36588 -20.45396 -14.06454 -15.57534 -13.53211
