0.8474351 -0.01307758 0.2440262 -6.028612 -6.525745 -6.26875
1.618159 0.5167976 0.05915198 -5.194701 -5.918685 -5.96844
2.21063 1.09446 -0.2786247 -4.687843 -5.405249 -5.776782
2.695533 1.584864 -0.6283478 -4.405003 -5.094016 -5.657893
3.118588 2.020941 -0.9846634 -4.220877 -4.816895 -5.563106
3.501938 2.413526 -1.342504 -4.100467 -4.578406 -5.466941
3.861107 2.768987 -1.686981 -4.034138 -4.397489 -5.403062
4.204948 3.092913 -2.006168 -4.007156 -4.260517 -5.375353
4.536006 3.391622 -2.303716 -4.0055 -4.16508 -5.365839
4.856498 3.668805 -2.578759 -4.025207 -4.106938 -5.370834
5.168456 3.932579 -2.850099 -4.062175 -4.095178 -5.374175
5.471419 4.186068 -3.11686 -4.112177 -4.111381 -5.382726
5.767358 4.429862 -3.369596 -4.172909 -4.144823 -5.396649
6.055888 4.658642 -3.60823 -4.237686 -4.173842 -5.423024
6.337643 4.873118 -3.838481 -4.304177 -4.197259 -5.461065
6.614789 5.083818 -4.058164 -4.373082 -4.231848 -5.515654
6.887146 5.290606 -4.271562 -4.443187 -4.271971 -5.589868
7.15346 5.49087 -4.480207 -4.512154 -4.311112 -5.664443
7.415882 5.68873 -4.679587 -4.582333 -4.353112 -5.719726
7.676386 5.885329 -4.869514 -4.655405 -4.394983 -5.751349
7.935253 6.08593 -5.055348 -4.732378 -4.444086 -5.780542
8.191583 6.28822 -5.233853 -4.812276 -4.497669 -5.815679
8.443822 6.489866 -5.405749 -4.892705 -4.553671 -5.856159
8.692021 6.687813 -5.574216 -4.97285 -4.607794 -5.899242
8.938252 6.8867 -5.740859 -5.05279 -4.66528 -5.944445
9.180182 7.087877 -5.906297 -5.133408 -4.729117 -5.992825
9.417302 7.290962 -6.063833 -5.215726 -4.798273 -6.042953
9.65261 7.494065 -6.210176 -5.299987 -4.86949 -6.088221
9.884846 7.694245 -6.346855 -5.386245 -4.940529 -6.134492
10.11434 7.876707 -6.480285 -5.473635 -5.003221 -6.181583
10.34277 8.0478 -6.611699 -5.561537 -5.063436 -6.233708
10.57047 8.211749 -6.739597 -5.649822 -5.121551 -6.293146
10.79607 8.371629 -6.865521 -5.737851 -5.177815 -6.359204
