0.7750403 -0.6200336 1.909057
1.2029 -1.036556 1.3559
1.2029 -1.036556 1.3559
1.507954 0.6353854 0.07680386
2.094041 1.509333 -0.9576234
1.726926 1.315551 -0.396795
1.785508 1.635294 -0.1231907
1.785508 1.635294 -0.1231907
1.803153 1.344132 -0.4387883
2.108107 1.621106 -0.5943986
1.864239 1.693083 0.06884318
1.709762 1.058832 -0.8915466
2.188428 2.279426 -1.213824
2.188428 2.279426 -1.213824
2.188428 2.279426 -1.213824
2.38463 2.475353 -1.309201
2.38463 2.475353 -1.309201
2.38463 2.475353 -1.309201
2.562902 2.702237 -1.445104
2.562902 2.702237 -1.445104
2.562902 2.702237 -1.445104
2.293326 2.404202 -0.9835818
2.293326 2.404202 -0.9835818
2.293326 2.404202 -0.9835818
2.032589 1.73279 -1.110831
2.506961 2.547198 -1.351571
2.381264 2.848138 -1.058816
2.503655 2.952132 -1.213465
2.061674 2.432633 -0.7682054
2.490601 2.854302 -1.306272
2.226611 1.73788 -1.484549
2.226611 1.73788 -1.484549
2.349089 2.555984 -1.578213
2.148467 1.906555 -1.085393
2.148467 1.906555 -1.085393
2.148467 1.906555 -1.085393
2.463762 2.304974 -1.710461
2.463762 2.304974 -1.710461
2.463762 2.304974 -1.710461
2.470842 2.338725 -1.828319
2.470842 2.338725 -1.828319
2.470842 2.338725 -1.828319
2.482112 2.380894 -1.865519
2.482112 2.380894 -1.865519
2.380658 1.813446 -1.967655
2.402136 1.849304 -2.038456
2.726086 2.877112 -2.014848
2.726086 2.877112 -2.014848
2.298223 2.411483 -1.776874
2.298223 2.411483 -1.776874
2.618642 2.126532 -2.089227
2.636245 2.889259 -1.830167
2.636245 2.889259 -1.830167
2.636245 2.889259 -1.830167
2.678312 2.892547 -1.806812
2.678312 2.892547 -1.806812
2.678312 2.892547 -1.806812
2.688955 2.8896 -1.834409
2.688955 2.8896 -1.834409
2.688955 2.8896 -1.834409
2.68019 2.916394 -1.892991
2.68019 2.916394 -1.892991
2.68019 2.916394 -1.892991
2.645273 2.935256 -1.992332
2.645273 2.935256 -1.992332
2.364466 2.631603 -1.323909
2.356465 2.63064 -1.293219
2.356465 2.63064 -1.293219
2.356465 2.63064 -1.293219
2.360395 2.61913 -1.149628
2.677891 2.423987 -2.075333
2.543169 2.682704 -1.820074
2.582328 2.658813 -1.785755
2.582328 2.658813 -1.785755
2.582328 2.658813 -1.785755
2.648281 2.603237 -1.766059
2.648281 2.603237 -1.766059
2.648281 2.603237 -1.766059
2.598675 2.505878 -1.744648
2.598675 2.505878 -1.744648
2.598675 2.505878 -1.744648
2.626744 2.412735 -1.85133
2.626744 2.412735 -1.85133
2.626744 2.412735 -1.85133
2.606077 2.505777 -1.749063
2.606077 2.505777 -1.749063
2.606077 2.505777 -1.749063
2.481383 2.701502 -1.725778
2.481383 2.701502 -1.725778
2.481383 2.701502 -1.725778
2.42851 2.775382 -1.859878
2.42851 2.775382 -1.859878
2.42851 2.775382 -1.859878
2.4645 2.738189 -1.714869
2.4645 2.738189 -1.714869
2.4645 2.738189 -1.714869
2.655742 2.743364 -1.763227
2.411181 2.674357 -1.530853
2.411181 2.674357 -1.530853
