1.638299 0.05083505 -0.152204
1.892868 1.473178 -0.1983654
2.01398 1.541291 -0.5606216
2.146916 1.56504 -0.5741897
1.571447 0.8891432 -0.5393953
1.571447 0.8891432 -0.5393953
1.959286 1.146839 -0.3692967
1.613194 1.197448 -0.5787862
1.613194 1.197448 -0.5787862
1.963893 1.497464 -0.7362041
1.927941 1.334867 -1.082414
1.927941 1.334867 -1.082414
2.151936 1.767936 -0.8986352
2.151936 1.767936 -0.8986352
2.392273 2.056938 -1.514995
2.572243 2.204987 -1.618136
2.572243 2.204987 -1.618136
1.972723 1.86028 -0.9962854
2.176019 1.916989 -1.173439
2.176019 1.916989 -1.173439
2.176019 1.916989 -1.173439
2.284284 2.062574 -1.277171
2.284284 2.062574 -1.277171
2.284284 2.062574 -1.277171
2.381736 2.193994 -1.37207
2.381736 2.193994 -1.37207
2.468043 2.433736 -1.183705
2.703652 2.498299 -1.717457
2.703652 2.498299 -1.717457
2.703652 2.498299 -1.717457
2.322229 2.324963 -1.350657
2.322229 2.324963 -1.350657
2.322229 2.324963 -1.350657
2.355575 2.337735 -1.547161
2.355575 2.337735 -1.547161
2.355575 2.337735 -1.547161
2.369091 2.336476 -1.600206
2.369091 2.336476 -1.600206
2.369091 2.336476 -1.600206
2.369114 2.328524 -1.718714
2.369114 2.328524 -1.718714
2.369114 2.328524 -1.718714
2.383226 2.341039 -1.777365
2.383226 2.341039 -1.777365
2.491146 2.16223 -1.995855
2.504414 2.177147 -2.054535
2.504414 2.177147 -2.054535
2.504719 1.962908 -1.624027
2.51538 1.971533 -1.666302
2.51538 1.971533 -1.666302
2.51538 1.971533 -1.666302
2.50935 1.87692 -1.66625
2.50935 1.87692 -1.66625
2.50935 1.87692 -1.66625
2.533084 1.913167 -1.611501
2.533084 1.913167 -1.611501
2.598598 2.321457 -2.125908
2.514833 2.197357 -1.544608
2.514833 2.197357 -1.544608
2.514833 2.197357 -1.544608
2.523983 2.266579 -1.616322
2.523983 2.266579 -1.616322
2.523983 2.266579 -1.616322
2.522556 2.356569 -1.775585
2.522556 2.356569 -1.775585
2.522556 2.356569 -1.775585
2.500863 2.400568 -1.755112
2.500863 2.400568 -1.755112
2.500863 2.400568 -1.755112
2.500372 2.438268 -1.658963
2.713474 2.344946 -1.647385
2.713474 2.344946 -1.647385
2.714696 2.372924 -1.610555
2.714696 2.372924 -1.610555
2.714696 2.372924 -1.610555
2.204933 2.241794 -1.303646
2.204933 2.241794 -1.303646
2.204933 2.241794 -1.303646
2.256565 2.258071 -1.321402
2.256565 2.258071 -1.321402
2.564462 2.395643 -2.1442
2.64856 2.659595 -2.108555
2.64856 2.659595 -2.108555
2.337107 2.280185 -1.302609
2.405439 2.330962 -1.08308
2.646134 3.240556 -1.499608
2.646134 3.240556 -1.499608
2.630417 3.273563 -1.511102
2.654769 3.005473 -1.657363
2.654769 3.005473 -1.657363
2.552861 3.010765 -1.791399
2.552861 3.010765 -1.791399
2.552861 3.010765 -1.791399
2.501338 2.956111 -1.660148
2.501338 2.956111 -1.660148
2.501338 2.956111 -1.660148
2.522921 2.821779 -1.643458
2.522921 2.821779 -1.643458
2.522921 2.821779 -1.643458
