1.48886 0.2749284 2.550907
1.074394 0.6475299 0.8328721
1.140584 0.8049212 0.6823978
1.183371 0.7983211 0.6705715
1.505029 1.255249 -0.6823284
1.763601 0.6406767 -0.8692025
1.048638 0.09350778 0.8409958
1.392669 1.263896 0.1921331
1.392669 1.263896 0.1921331
1.668728 1.154713 -0.2133924
1.668728 1.154713 -0.2133924
1.668728 1.154713 -0.2133924
1.913456 1.371569 -0.3457048
1.620291 1.272639 -0.2177299
1.620291 1.272639 -0.2177299
2.11035 1.629304 -0.7753833
1.818025 1.249403 -0.3086472
1.818025 1.249403 -0.3086472
2.009081 1.546107 -0.6317482
1.904117 1.627238 -0.7271006
1.904117 1.627238 -0.7271006
2.079995 1.846698 -0.899736
2.079995 1.846698 -0.899736
2.079995 1.846698 -0.899736
2.237816 2.050782 -1.042057
1.961703 1.886944 -0.5326759
1.961703 1.886944 -0.5326759
2.367853 1.973556 -1.569913
2.087234 1.346118 -1.408122
2.087234 1.346118 -1.408122
2.208006 1.553585 -1.509615
2.588095 1.890577 -1.967606
2.588095 1.890577 -1.967606
2.421137 2.184482 -1.846707
2.421137 2.184482 -1.846707
2.421137 2.184482 -1.846707
2.447035 2.280677 -1.89004
2.333277 2.261353 -1.464556
2.333277 2.261353 -1.464556
2.738245 2.633429 -1.947915
2.738245 2.633429 -1.947915
2.478196 2.644249 -1.891764
2.490243 2.663683 -1.941853
2.579211 2.063868 -1.802863
2.461144 2.252401 -1.486923
2.476187 2.296425 -1.600479
2.476187 2.296425 -1.600479
2.476187 2.296425 -1.600479
2.491423 2.311616 -1.649566
2.733249 2.531436 -2.055182
2.733249 2.531436 -2.055182
2.775349 2.448596 -1.909746
2.775349 2.448596 -1.909746
2.775349 2.448596 -1.909746
2.601483 1.811368 -2.187613
2.818642 2.584199 -1.784937
2.497982 2.525276 -2.033442
2.542316 2.517555 -2.041452
2.542316 2.517555 -2.041452
2.411351 1.859837 -1.978908
2.432498 1.905327 -2.043031
2.374577 1.873511 -1.865699
2.374577 1.873511 -1.865699
2.481685 2.434394 -1.640258
2.302869 2.325562 -1.297101
2.760532 2.358824 -1.88043
2.729386 2.400246 -1.856445
2.756099 2.673064 -2.183918
2.756099 2.673064 -2.183918
2.741703 2.682474 -2.118048
2.741703 2.682474 -2.118048
2.741703 2.682474 -2.118048
2.47369 2.243865 -1.60968
2.47369 2.243865 -1.60968
2.47369 2.243865 -1.60968
2.513715 2.248663 -1.590087
2.513715 2.248663 -1.590087
2.513715 2.248663 -1.590087
2.58774 2.256765 -1.597584
2.58774 2.256765 -1.597584
2.58774 2.256765 -1.597584
2.526488 2.21899 -1.70233
2.526488 2.21899 -1.70233
2.526488 2.21899 -1.70233
2.556619 2.235602 -1.545194
2.556619 2.235602 -1.545194
2.556619 2.235602 -1.545194
2.538211 2.341574 -1.5754
2.538211 2.341574 -1.5754
2.538211 2.341574 -1.5754
2.41202 2.521095 -1.685133
2.41202 2.521095 -1.685133
2.41202 2.521095 -1.685133
2.364502 2.612257 -1.541781
2.364502 2.612257 -1.541781
2.364502 2.612257 -1.541781
2.407153 2.569478 -1.528675
2.407153 2.569478 -1.528675
2.407153 2.569478 -1.528675
