0.2317212 1.761715 1.047113
0.2317212 1.761715 1.047113
0.2317212 1.761715 1.047113
0.2317212 1.761715 1.047113
0.2317212 1.761715 1.047113
0.2317212 1.761715 1.047113
0.6370458 1.131393 1.555354
0.6370458 1.131393 1.555354
0.6370458 1.131393 1.555354
0.6370458 1.131393 1.555354
0.6370458 1.131393 1.555354
0.6370458 1.131393 1.555354
0.6370458 1.131393 1.555354
1.894398 0.6067635 2.275817
1.894398 0.6067635 2.275817
0.7750403 -0.6200336 1.909057
0.7750403 -0.6200336 1.909057
0.7750403 -0.6200336 1.909057
0.7750403 -0.6200336 1.909057
0.7750403 -0.6200336 1.909057
0.8230599 -0.4135373 1.654222
0.8230599 -0.4135373 1.654222
0.8230599 -0.4135373 1.654222
0.8230599 -0.4135373 1.654222
1.2029 -1.036556 1.3559
1.2029 -1.036556 1.3559
1.2029 -1.036556 1.3559
1.2029 -1.036556 1.3559
1.2029 -1.036556 1.3559
1.2029 -1.036556 1.3559
1.2029 -1.036556 1.3559
1.2029 -1.036556 1.3559
1.2029 -1.036556 1.3559
1.2029 -1.036556 1.3559
1.2029 -1.036556 1.3559
1.2029 -1.036556 1.3559
1.2029 -1.036556 1.3559
1.2029 -1.036556 1.3559
1.2029 -1.036556 1.3559
1.2029 -1.036556 1.3559
1.2029 -1.036556 1.3559
1.2029 -1.036556 1.3559
1.2029 -1.036556 1.3559
1.2029 -1.036556 1.3559
1.2029 -1.036556 1.3559
1.2029 -1.036556 1.3559
1.2029 -1.036556 1.3559
1.2029 -1.036556 1.3559
1.2029 -1.036556 1.3559
1.2029 -1.036556 1.3559
1.2029 -1.036556 1.3559
1.2029 -1.036556 1.3559
1.2029 -1.036556 1.3559
1.2029 -1.036556 1.3559
1.2029 -1.036556 1.3559
1.2029 -1.036556 1.3559
1.2029 -1.036556 1.3559
1.2029 -1.036556 1.3559
1.2029 -1.036556 1.3559
1.2029 -1.036556 1.3559
1.51047 -1.048079 1.44834
1.51047 -1.048079 1.44834
1.51047 -1.048079 1.44834
1.51047 -1.048079 1.44834
1.51047 -1.048079 1.44834
1.51047 -1.048079 1.44834
1.504363 0.5413418 0.5565828
1.504363 0.5413418 0.5565828
1.504363 0.5413418 0.5565828
1.504363 0.5413418 0.5565828
1.504363 0.5413418 0.5565828
1.504363 0.5413418 0.5565828
1.504363 0.5413418 0.5565828
1.504363 0.5413418 0.5565828
1.504363 0.5413418 0.5565828
1.504363 0.5413418 0.5565828
1.504363 0.5413418 0.5565828
1.504363 0.5413418 0.5565828
1.504363 0.5413418 0.5565828
1.507954 0.6353854 0.07680386
1.507954 0.6353854 0.07680386
1.507954 0.6353854 0.07680386
2.094041 1.509333 -0.9576234
2.094041 1.509333 -0.9576234
2.094041 1.509333 -0.9576234
2.094041 1.509333 -0.9576234
2.094041 1.509333 -0.9576234
2.094041 1.509333 -0.9576234
2.094041 1.509333 -0.9576234
2.094041 1.509333 -0.9576234
2.094041 1.509333 -0.9576234
2.094041 1.509333 -0.9576234
2.094041 1.509333 -0.9576234
2.094041 1.509333 -0.9576234
2.094041 1.509333 -0.9576234
2.094041 1.509333 -0.9576234
2.094041 1.509333 -0.9576234
2.094041 1.509333 -0.9576234
2.094041 1.509333 -0.9576234
2.094041 1.509333 -0.9576234
2.094041 1.509333 -0.9576234
2.094041 1.509333 -0.9576234
2.094041 1.509333 -0.9576234
2.094041 1.509333 -0.9576234
2.094041 1.509333 -0.9576234
2.094041 1.509333 -0.9576234
2.094041 1.509333 -0.9576234
2.094041 1.509333 -0.9576234
2.094041 1.509333 -0.9576234
2.094041 1.509333 -0.9576234
2.094041 1.509333 -0.9576234
2.094041 1.509333 -0.9576234
2.094041 1.509333 -0.9576234
2.094041 1.509333 -0.9576234
2.094041 1.509333 -0.9576234
2.094041 1.509333 -0.9576234
2.094041 1.509333 -0.9576234
2.094041 1.509333 -0.9576234
1.726926 1.315551 -0.396795
1.726926 1.315551 -0.396795
2.13047 1.546875 -0.495916
2.13047 1.546875 -0.495916
2.13047 1.546875 -0.495916
2.13047 1.546875 -0.495916
2.13047 1.546875 -0.495916
2.13047 1.546875 -0.495916
2.057462 1.459226 -0.5975426
2.057462 1.459226 -0.5975426
2.057462 1.459226 -0.5975426
2.057462 1.459226 -0.5975426
1.646206 1.490579 -0.8151807
1.785508 1.635294 -0.1231907
1.785508 1.635294 -0.1231907
1.785508 1.635294 -0.1231907
1.785508 1.635294 -0.1231907
1.785508 1.635294 -0.1231907
1.785508 1.635294 -0.1231907
1.785508 1.635294 -0.1231907
1.785508 1.635294 -0.1231907
1.785508 1.635294 -0.1231907
1.785508 1.635294 -0.1231907
1.785508 1.635294 -0.1231907
1.785508 1.635294 -0.1231907
1.785508 1.635294 -0.1231907
1.785508 1.635294 -0.1231907
1.785508 1.635294 -0.1231907
1.785508 1.635294 -0.1231907
1.785508 1.635294 -0.1231907
1.785508 1.635294 -0.1231907
1.785508 1.635294 -0.1231907
1.785508 1.635294 -0.1231907
1.785508 1.635294 -0.1231907
1.785508 1.635294 -0.1231907
1.785508 1.635294 -0.1231907
1.785508 1.635294 -0.1231907
1.785508 1.635294 -0.1231907
1.785508 1.635294 -0.1231907
1.785508 1.635294 -0.1231907
1.785508 1.635294 -0.1231907
1.785508 1.635294 -0.1231907
1.785508 1.635294 -0.1231907
1.785508 1.635294 -0.1231907
1.785508 1.635294 -0.1231907
1.785508 1.635294 -0.1231907
1.785508 1.635294 -0.1231907
1.785508 1.635294 -0.1231907
1.803153 1.344132 -0.4387883
1.803153 1.344132 -0.4387883
1.803153 1.344132 -0.4387883
1.803153 1.344132 -0.4387883
1.803153 1.344132 -0.4387883
1.803153 1.344132 -0.4387883
1.803153 1.344132 -0.4387883
1.803153 1.344132 -0.4387883
1.803153 1.344132 -0.4387883
1.803153 1.344132 -0.4387883
1.803153 1.344132 -0.4387883
1.803153 1.344132 -0.4387883
1.803153 1.344132 -0.4387883
1.803153 1.344132 -0.4387883
2.108107 1.621106 -0.5943986
2.108107 1.621106 -0.5943986
2.108107 1.621106 -0.5943986
2.108107 1.621106 -0.5943986
2.108107 1.621106 -0.5943986
2.108107 1.621106 -0.5943986
2.108107 1.621106 -0.5943986
2.108107 1.621106 -0.5943986
2.108107 1.621106 -0.5943986
2.108107 1.621106 -0.5943986
2.108107 1.621106 -0.5943986
2.108107 1.621106 -0.5943986
2.108107 1.621106 -0.5943986
2.108107 1.621106 -0.5943986
2.108107 1.621106 -0.5943986
2.108107 1.621106 -0.5943986
2.108107 1.621106 -0.5943986
2.108107 1.621106 -0.5943986
2.108107 1.621106 -0.5943986
2.108107 1.621106 -0.5943986
2.108107 1.621106 -0.5943986
1.864239 1.693083 0.06884318
1.864239 1.693083 0.06884318
1.864239 1.693083 0.06884318
1.864239 1.693083 0.06884318
1.864239 1.693083 0.06884318
1.864239 1.693083 0.06884318
1.864239 1.693083 0.06884318
1.864239 1.693083 0.06884318
1.864239 1.693083 0.06884318
1.864239 1.693083 0.06884318
1.864239 1.693083 0.06884318
1.864239 1.693083 0.06884318
1.864239 1.693083 0.06884318
1.864239 1.693083 0.06884318
1.864239 1.693083 0.06884318
1.864239 1.693083 0.06884318
1.864239 1.693083 0.06884318
1.864239 1.693083 0.06884318
1.864239 1.693083 0.06884318
1.864239 1.693083 0.06884318
2.277779 1.489652 -1.654927
2.277779 1.489652 -1.654927
2.277779 1.489652 -1.654927
2.277779 1.489652 -1.654927
2.277779 1.489652 -1.654927
2.277779 1.489652 -1.654927
2.277779 1.489652 -1.654927
1.709762 1.058832 -0.8915466
1.709762 1.058832 -0.8915466
1.709762 1.058832 -0.8915466
1.709762 1.058832 -0.8915466
1.709762 1.058832 -0.8915466
1.709762 1.058832 -0.8915466
1.709762 1.058832 -0.8915466
1.709762 1.058832 -0.8915466
1.709762 1.058832 -0.8915466
1.709762 1.058832 -0.8915466
1.709762 1.058832 -0.8915466
1.709762 1.058832 -0.8915466
1.92561 1.253132 -1.027096
1.92561 1.253132 -1.027096
1.92561 1.253132 -1.027096
1.92561 1.253132 -1.027096
1.92561 1.253132 -1.027096
1.92561 1.253132 -1.027096
1.92561 1.253132 -1.027096
1.92561 1.253132 -1.027096
1.92561 1.253132 -1.027096
1.92561 1.253132 -1.027096
2.13424 2.258077 -0.7111744
2.13424 2.258077 -0.7111744
2.13424 2.258077 -0.7111744
2.13424 2.258077 -0.7111744
2.13424 2.258077 -0.7111744
2.13424 2.258077 -0.7111744
2.13424 2.258077 -0.7111744
2.13424 2.258077 -0.7111744
2.188428 2.279426 -1.213824
2.188428 2.279426 -1.213824
2.188428 2.279426 -1.213824
2.188428 2.279426 -1.213824
2.188428 2.279426 -1.213824
2.188428 2.279426 -1.213824
2.188428 2.279426 -1.213824
2.188428 2.279426 -1.213824
2.188428 2.279426 -1.213824
2.188428 2.279426 -1.213824
2.188428 2.279426 -1.213824
2.188428 2.279426 -1.213824
2.188428 2.279426 -1.213824
2.188428 2.279426 -1.213824
2.188428 2.279426 -1.213824
2.188428 2.279426 -1.213824
2.188428 2.279426 -1.213824
2.188428 2.279426 -1.213824
2.188428 2.279426 -1.213824
2.188428 2.279426 -1.213824
2.188428 2.279426 -1.213824
2.188428 2.279426 -1.213824
2.188428 2.279426 -1.213824
2.188428 2.279426 -1.213824
2.188428 2.279426 -1.213824
2.188428 2.279426 -1.213824
2.188428 2.279426 -1.213824
2.188428 2.279426 -1.213824
2.188428 2.279426 -1.213824
2.188428 2.279426 -1.213824
2.188428 2.279426 -1.213824
2.188428 2.279426 -1.213824
2.188428 2.279426 -1.213824
2.188428 2.279426 -1.213824
2.188428 2.279426 -1.213824
2.188428 2.279426 -1.213824
2.188428 2.279426 -1.213824
2.188428 2.279426 -1.213824
2.188428 2.279426 -1.213824
2.188428 2.279426 -1.213824
2.188428 2.279426 -1.213824
2.188428 2.279426 -1.213824
2.38463 2.475353 -1.309201
2.38463 2.475353 -1.309201
2.38463 2.475353 -1.309201
2.38463 2.475353 -1.309201
2.38463 2.475353 -1.309201
2.38463 2.475353 -1.309201
2.38463 2.475353 -1.309201
2.38463 2.475353 -1.309201
2.38463 2.475353 -1.309201
2.38463 2.475353 -1.309201
2.38463 2.475353 -1.309201
2.38463 2.475353 -1.309201
2.38463 2.475353 -1.309201
2.38463 2.475353 -1.309201
2.38463 2.475353 -1.309201
2.38463 2.475353 -1.309201
2.38463 2.475353 -1.309201
2.38463 2.475353 -1.309201
2.38463 2.475353 -1.309201
2.38463 2.475353 -1.309201
2.38463 2.475353 -1.309201
2.38463 2.475353 -1.309201
2.38463 2.475353 -1.309201
2.38463 2.475353 -1.309201
2.38463 2.475353 -1.309201
2.38463 2.475353 -1.309201
2.38463 2.475353 -1.309201
2.38463 2.475353 -1.309201
2.38463 2.475353 -1.309201
2.38463 2.475353 -1.309201
2.38463 2.475353 -1.309201
2.38463 2.475353 -1.309201
2.38463 2.475353 -1.309201
2.38463 2.475353 -1.309201
2.38463 2.475353 -1.309201
2.38463 2.475353 -1.309201
2.38463 2.475353 -1.309201
2.38463 2.475353 -1.309201
2.38463 2.475353 -1.309201
2.38463 2.475353 -1.309201
2.38463 2.475353 -1.309201
2.38463 2.475353 -1.309201
2.38463 2.475353 -1.309201
2.38463 2.475353 -1.309201
2.38463 2.475353 -1.309201
2.38463 2.475353 -1.309201
2.38463 2.475353 -1.309201
2.38463 2.475353 -1.309201
2.38463 2.475353 -1.309201
2.38463 2.475353 -1.309201
2.38463 2.475353 -1.309201
2.38463 2.475353 -1.309201
2.38463 2.475353 -1.309201
2.38463 2.475353 -1.309201
2.38463 2.475353 -1.309201
2.38463 2.475353 -1.309201
2.38463 2.475353 -1.309201
2.38463 2.475353 -1.309201
2.38463 2.475353 -1.309201
2.38463 2.475353 -1.309201
2.562902 2.702237 -1.445104
2.562902 2.702237 -1.445104
2.562902 2.702237 -1.445104
2.562902 2.702237 -1.445104
2.562902 2.702237 -1.445104
2.562902 2.702237 -1.445104
2.562902 2.702237 -1.445104
2.562902 2.702237 -1.445104
2.562902 2.702237 -1.445104
2.562902 2.702237 -1.445104
2.562902 2.702237 -1.445104
2.562902 2.702237 -1.445104
2.562902 2.702237 -1.445104
2.562902 2.702237 -1.445104
2.562902 2.702237 -1.445104
2.562902 2.702237 -1.445104
2.562902 2.702237 -1.445104
2.562902 2.702237 -1.445104
2.562902 2.702237 -1.445104
2.562902 2.702237 -1.445104
2.562902 2.702237 -1.445104
2.562902 2.702237 -1.445104
2.562902 2.702237 -1.445104
2.562902 2.702237 -1.445104
2.562902 2.702237 -1.445104
2.562902 2.702237 -1.445104
2.562902 2.702237 -1.445104
2.562902 2.702237 -1.445104
2.562902 2.702237 -1.445104
2.562902 2.702237 -1.445104
2.562902 2.702237 -1.445104
2.562902 2.702237 -1.445104
2.562902 2.702237 -1.445104
2.562902 2.702237 -1.445104
2.562902 2.702237 -1.445104
2.562902 2.702237 -1.445104
2.562902 2.702237 -1.445104
2.562902 2.702237 -1.445104
2.562902 2.702237 -1.445104
2.562902 2.702237 -1.445104
2.562902 2.702237 -1.445104
2.562902 2.702237 -1.445104
2.562902 2.702237 -1.445104
2.562902 2.702237 -1.445104
2.562902 2.702237 -1.445104
2.562902 2.702237 -1.445104
2.562902 2.702237 -1.445104
2.562902 2.702237 -1.445104
2.562902 2.702237 -1.445104
2.562902 2.702237 -1.445104
2.562902 2.702237 -1.445104
2.562902 2.702237 -1.445104
2.562902 2.702237 -1.445104
2.562902 2.702237 -1.445104
2.562902 2.702237 -1.445104
2.562902 2.702237 -1.445104
2.562902 2.702237 -1.445104
2.562902 2.702237 -1.445104
2.562902 2.702237 -1.445104
2.562902 2.702237 -1.445104
2.686643 2.846221 -1.548376
2.686643 2.846221 -1.548376
2.686643 2.846221 -1.548376
2.686643 2.846221 -1.548376
2.686643 2.846221 -1.548376
2.686643 2.846221 -1.548376
2.293326 2.404202 -0.9835818
2.293326 2.404202 -0.9835818
2.293326 2.404202 -0.9835818
2.293326 2.404202 -0.9835818
2.293326 2.404202 -0.9835818
2.293326 2.404202 -0.9835818
2.293326 2.404202 -0.9835818
2.293326 2.404202 -0.9835818
2.293326 2.404202 -0.9835818
2.293326 2.404202 -0.9835818
2.293326 2.404202 -0.9835818
2.293326 2.404202 -0.9835818
2.293326 2.404202 -0.9835818
2.293326 2.404202 -0.9835818
2.293326 2.404202 -0.9835818
2.293326 2.404202 -0.9835818
2.293326 2.404202 -0.9835818
2.293326 2.404202 -0.9835818
2.293326 2.404202 -0.9835818
2.293326 2.404202 -0.9835818
2.293326 2.404202 -0.9835818
2.293326 2.404202 -0.9835818
2.293326 2.404202 -0.9835818
2.293326 2.404202 -0.9835818
2.293326 2.404202 -0.9835818
2.293326 2.404202 -0.9835818
2.293326 2.404202 -0.9835818
2.293326 2.404202 -0.9835818
2.293326 2.404202 -0.9835818
2.293326 2.404202 -0.9835818
2.293326 2.404202 -0.9835818
2.293326 2.404202 -0.9835818
2.293326 2.404202 -0.9835818
2.293326 2.404202 -0.9835818
2.293326 2.404202 -0.9835818
2.293326 2.404202 -0.9835818
2.293326 2.404202 -0.9835818
2.293326 2.404202 -0.9835818
2.293326 2.404202 -0.9835818
2.293326 2.404202 -0.9835818
2.293326 2.404202 -0.9835818
2.293326 2.404202 -0.9835818
2.293326 2.404202 -0.9835818
2.293326 2.404202 -0.9835818
2.293326 2.404202 -0.9835818
2.293326 2.404202 -0.9835818
2.293326 2.404202 -0.9835818
2.293326 2.404202 -0.9835818
2.293326 2.404202 -0.9835818
2.293326 2.404202 -0.9835818
2.293326 2.404202 -0.9835818
2.293326 2.404202 -0.9835818
2.293326 2.404202 -0.9835818
2.293326 2.404202 -0.9835818
2.425534 2.570921 -1.113349
2.425534 2.570921 -1.113349
2.425534 2.570921 -1.113349
2.425534 2.570921 -1.113349
2.425534 2.570921 -1.113349
2.425534 2.570921 -1.113349
2.425534 2.570921 -1.113349
2.425534 2.570921 -1.113349
2.425534 2.570921 -1.113349
2.425534 2.570921 -1.113349
2.425534 2.570921 -1.113349
2.425534 2.570921 -1.113349
2.425534 2.570921 -1.113349
2.425534 2.570921 -1.113349
2.425534 2.570921 -1.113349
2.425534 2.570921 -1.113349
2.032589 1.73279 -1.110831
2.032589 1.73279 -1.110831
2.032589 1.73279 -1.110831
2.032589 1.73279 -1.110831
2.032589 1.73279 -1.110831
2.032589 1.73279 -1.110831
2.032589 1.73279 -1.110831
2.032589 1.73279 -1.110831
2.032589 1.73279 -1.110831
2.032589 1.73279 -1.110831
2.032589 1.73279 -1.110831
2.032589 1.73279 -1.110831
2.032589 1.73279 -1.110831
2.032589 1.73279 -1.110831
2.032589 1.73279 -1.110831
2.032589 1.73279 -1.110831
2.032589 1.73279 -1.110831
2.032589 1.73279 -1.110831
2.032589 1.73279 -1.110831
2.032589 1.73279 -1.110831
2.506961 2.547198 -1.351571
2.506961 2.547198 -1.351571
2.506961 2.547198 -1.351571
2.506961 2.547198 -1.351571
2.506961 2.547198 -1.351571
2.506961 2.547198 -1.351571
2.506961 2.547198 -1.351571
2.506961 2.547198 -1.351571
2.506961 2.547198 -1.351571
2.506961 2.547198 -1.351571
2.506961 2.547198 -1.351571
2.506961 2.547198 -1.351571
2.506961 2.547198 -1.351571
2.506961 2.547198 -1.351571
2.506961 2.547198 -1.351571
2.506961 2.547198 -1.351571
2.506961 2.547198 -1.351571
2.506961 2.547198 -1.351571
2.506961 2.547198 -1.351571
2.506961 2.547198 -1.351571
2.506961 2.547198 -1.351571
2.381264 2.848138 -1.058816
2.381264 2.848138 -1.058816
2.381264 2.848138 -1.058816
2.503655 2.952132 -1.213465
2.503655 2.952132 -1.213465
2.503655 2.952132 -1.213465
2.503655 2.952132 -1.213465
2.503655 2.952132 -1.213465
2.503655 2.952132 -1.213465
2.503655 2.952132 -1.213465
2.503655 2.952132 -1.213465
2.503655 2.952132 -1.213465
2.503655 2.952132 -1.213465
2.503655 2.952132 -1.213465
2.503655 2.952132 -1.213465
2.503655 2.952132 -1.213465
2.503655 2.952132 -1.213465
2.503655 2.952132 -1.213465
2.503655 2.952132 -1.213465
2.503655 2.952132 -1.213465
2.503655 2.952132 -1.213465
2.503655 2.952132 -1.213465
2.503655 2.952132 -1.213465
2.503655 2.952132 -1.213465
2.503655 2.952132 -1.213465
2.503655 2.952132 -1.213465
2.503655 2.952132 -1.213465
2.503655 2.952132 -1.213465
2.503655 2.952132 -1.213465
2.503655 2.952132 -1.213465
2.503655 2.952132 -1.213465
2.503655 2.952132 -1.213465
2.503655 2.952132 -1.213465
2.503655 2.952132 -1.213465
2.503655 2.952132 -1.213465
2.503655 2.952132 -1.213465
2.503655 2.952132 -1.213465
2.503655 2.952132 -1.213465
2.503655 2.952132 -1.213465
2.503655 2.952132 -1.213465
2.503655 2.952132 -1.213465
2.503655 2.952132 -1.213465
2.061674 2.432633 -0.7682054
2.061674 2.432633 -0.7682054
2.061674 2.432633 -0.7682054
2.061674 2.432633 -0.7682054
2.490601 2.854302 -1.306272
2.490601 2.854302 -1.306272
2.490601 2.854302 -1.306272
2.490601 2.854302 -1.306272
2.490601 2.854302 -1.306272
2.490601 2.854302 -1.306272
2.490601 2.854302 -1.306272
2.490601 2.854302 -1.306272
2.490601 2.854302 -1.306272
2.490601 2.854302 -1.306272
2.490601 2.854302 -1.306272
2.490601 2.854302 -1.306272
2.490601 2.854302 -1.306272
2.490601 2.854302 -1.306272
2.490601 2.854302 -1.306272
2.490601 2.854302 -1.306272
2.490601 2.854302 -1.306272
2.630628 2.940883 -1.434235
2.630628 2.940883 -1.434235
2.630628 2.940883 -1.434235
2.630628 2.940883 -1.434235
2.630628 2.940883 -1.434235
2.630628 2.940883 -1.434235
2.298205 2.197701 -1.019399
2.298205 2.197701 -1.019399
2.298205 2.197701 -1.019399
2.298205 2.197701 -1.019399
2.298205 2.197701 -1.019399
2.298205 2.197701 -1.019399
2.226611 1.73788 -1.484549
2.226611 1.73788 -1.484549
2.226611 1.73788 -1.484549
2.226611 1.73788 -1.484549
2.226611 1.73788 -1.484549
2.226611 1.73788 -1.484549
2.226611 1.73788 -1.484549
2.226611 1.73788 -1.484549
2.226611 1.73788 -1.484549
2.226611 1.73788 -1.484549
2.226611 1.73788 -1.484549
2.226611 1.73788 -1.484549
2.226611 1.73788 -1.484549
2.226611 1.73788 -1.484549
2.226611 1.73788 -1.484549
2.226611 1.73788 -1.484549
2.226611 1.73788 -1.484549
2.226611 1.73788 -1.484549
2.226611 1.73788 -1.484549
2.226611 1.73788 -1.484549
2.226611 1.73788 -1.484549
2.226611 1.73788 -1.484549
2.226611 1.73788 -1.484549
2.226611 1.73788 -1.484549
2.226611 1.73788 -1.484549
2.226611 1.73788 -1.484549
2.226611 1.73788 -1.484549
2.226611 1.73788 -1.484549
2.226611 1.73788 -1.484549
2.226611 1.73788 -1.484549
2.226611 1.73788 -1.484549
2.226611 1.73788 -1.484549
2.226611 1.73788 -1.484549
2.226611 1.73788 -1.484549
2.226611 1.73788 -1.484549
2.226611 1.73788 -1.484549
2.226611 1.73788 -1.484549
2.226611 1.73788 -1.484549
2.349089 2.555984 -1.578213
2.349089 2.555984 -1.578213
2.349089 2.555984 -1.578213
2.349089 2.555984 -1.578213
2.349089 2.555984 -1.578213
2.349089 2.555984 -1.578213
2.349089 2.555984 -1.578213
2.349089 2.555984 -1.578213
2.349089 2.555984 -1.578213
2.349089 2.555984 -1.578213
2.386914 2.610597 -1.767047
2.386914 2.610597 -1.767047
2.386914 2.610597 -1.767047
2.386914 2.610597 -1.767047
2.386914 2.610597 -1.767047
2.386914 2.610597 -1.767047
2.386914 2.610597 -1.767047
2.386914 2.610597 -1.767047
2.386914 2.610597 -1.767047
2.386914 2.610597 -1.767047
2.386914 2.610597 -1.767047
2.386914 2.610597 -1.767047
2.386914 2.610597 -1.767047
2.386914 2.610597 -1.767047
2.292185 2.163894 -0.9814751
2.148467 1.906555 -1.085393
2.148467 1.906555 -1.085393
2.148467 1.906555 -1.085393
2.148467 1.906555 -1.085393
2.148467 1.906555 -1.085393
2.148467 1.906555 -1.085393
2.148467 1.906555 -1.085393
2.148467 1.906555 -1.085393
2.148467 1.906555 -1.085393
2.148467 1.906555 -1.085393
2.148467 1.906555 -1.085393
2.148467 1.906555 -1.085393
2.148467 1.906555 -1.085393
2.148467 1.906555 -1.085393
2.148467 1.906555 -1.085393
2.148467 1.906555 -1.085393
2.148467 1.906555 -1.085393
2.148467 1.906555 -1.085393
2.148467 1.906555 -1.085393
2.148467 1.906555 -1.085393
2.148467 1.906555 -1.085393
2.148467 1.906555 -1.085393
2.148467 1.906555 -1.085393
2.148467 1.906555 -1.085393
2.148467 1.906555 -1.085393
2.148467 1.906555 -1.085393
2.148467 1.906555 -1.085393
2.148467 1.906555 -1.085393
2.148467 1.906555 -1.085393
2.148467 1.906555 -1.085393
2.148467 1.906555 -1.085393
2.148467 1.906555 -1.085393
2.148467 1.906555 -1.085393
2.148467 1.906555 -1.085393
2.148467 1.906555 -1.085393
2.148467 1.906555 -1.085393
2.148467 1.906555 -1.085393
2.148467 1.906555 -1.085393
2.148467 1.906555 -1.085393
2.148467 1.906555 -1.085393
2.148467 1.906555 -1.085393
2.148467 1.906555 -1.085393
2.148467 1.906555 -1.085393
2.148467 1.906555 -1.085393
2.148467 1.906555 -1.085393
2.174532 2.004895 -1.151486
2.174532 2.004895 -1.151486
2.174532 2.004895 -1.151486
2.174532 2.004895 -1.151486
2.463762 2.304974 -1.710461
2.463762 2.304974 -1.710461
2.463762 2.304974 -1.710461
2.463762 2.304974 -1.710461
2.463762 2.304974 -1.710461
2.463762 2.304974 -1.710461
2.463762 2.304974 -1.710461
2.463762 2.304974 -1.710461
2.463762 2.304974 -1.710461
2.463762 2.304974 -1.710461
2.463762 2.304974 -1.710461
2.463762 2.304974 -1.710461
2.463762 2.304974 -1.710461
2.463762 2.304974 -1.710461
2.463762 2.304974 -1.710461
2.463762 2.304974 -1.710461
2.463762 2.304974 -1.710461
2.463762 2.304974 -1.710461
2.463762 2.304974 -1.710461
2.463762 2.304974 -1.710461
2.463762 2.304974 -1.710461
2.463762 2.304974 -1.710461
2.463762 2.304974 -1.710461
2.463762 2.304974 -1.710461
2.463762 2.304974 -1.710461
2.463762 2.304974 -1.710461
2.463762 2.304974 -1.710461
2.463762 2.304974 -1.710461
2.463762 2.304974 -1.710461
2.463762 2.304974 -1.710461
2.463762 2.304974 -1.710461
2.463762 2.304974 -1.710461
2.463762 2.304974 -1.710461
2.463762 2.304974 -1.710461
2.463762 2.304974 -1.710461
2.463762 2.304974 -1.710461
2.463762 2.304974 -1.710461
2.463762 2.304974 -1.710461
2.463762 2.304974 -1.710461
2.463762 2.304974 -1.710461
2.463762 2.304974 -1.710461
2.463762 2.304974 -1.710461
2.463762 2.304974 -1.710461
2.463762 2.304974 -1.710461
2.463762 2.304974 -1.710461
2.463762 2.304974 -1.710461
2.463762 2.304974 -1.710461
2.463762 2.304974 -1.710461
2.463762 2.304974 -1.710461
2.463762 2.304974 -1.710461
2.463762 2.304974 -1.710461
2.463762 2.304974 -1.710461
2.463762 2.304974 -1.710461
2.463762 2.304974 -1.710461
2.463762 2.304974 -1.710461
2.463762 2.304974 -1.710461
2.470842 2.338725 -1.828319
2.470842 2.338725 -1.828319
2.470842 2.338725 -1.828319
2.470842 2.338725 -1.828319
2.470842 2.338725 -1.828319
2.470842 2.338725 -1.828319
2.470842 2.338725 -1.828319
2.470842 2.338725 -1.828319
2.470842 2.338725 -1.828319
2.470842 2.338725 -1.828319
2.470842 2.338725 -1.828319
2.470842 2.338725 -1.828319
2.470842 2.338725 -1.828319
2.470842 2.338725 -1.828319
2.470842 2.338725 -1.828319
2.470842 2.338725 -1.828319
2.470842 2.338725 -1.828319
2.470842 2.338725 -1.828319
2.470842 2.338725 -1.828319
2.470842 2.338725 -1.828319
2.470842 2.338725 -1.828319
2.470842 2.338725 -1.828319
2.470842 2.338725 -1.828319
2.470842 2.338725 -1.828319
2.470842 2.338725 -1.828319
2.470842 2.338725 -1.828319
2.470842 2.338725 -1.828319
2.470842 2.338725 -1.828319
2.470842 2.338725 -1.828319
2.470842 2.338725 -1.828319
2.470842 2.338725 -1.828319
2.470842 2.338725 -1.828319
2.470842 2.338725 -1.828319
2.470842 2.338725 -1.828319
2.470842 2.338725 -1.828319
2.470842 2.338725 -1.828319
2.470842 2.338725 -1.828319
2.470842 2.338725 -1.828319
2.470842 2.338725 -1.828319
2.470842 2.338725 -1.828319
2.470842 2.338725 -1.828319
2.470842 2.338725 -1.828319
2.470842 2.338725 -1.828319
2.470842 2.338725 -1.828319
2.470842 2.338725 -1.828319
2.470842 2.338725 -1.828319
2.470842 2.338725 -1.828319
2.470842 2.338725 -1.828319
2.470842 2.338725 -1.828319
2.470842 2.338725 -1.828319
2.470842 2.338725 -1.828319
2.470842 2.338725 -1.828319
2.470842 2.338725 -1.828319
2.470842 2.338725 -1.828319
2.470842 2.338725 -1.828319
2.470842 2.338725 -1.828319
2.470842 2.338725 -1.828319
2.470842 2.338725 -1.828319
2.470842 2.338725 -1.828319
2.470842 2.338725 -1.828319
2.482112 2.380894 -1.865519
2.482112 2.380894 -1.865519
2.482112 2.380894 -1.865519
2.482112 2.380894 -1.865519
2.482112 2.380894 -1.865519
2.482112 2.380894 -1.865519
2.482112 2.380894 -1.865519
2.482112 2.380894 -1.865519
2.482112 2.380894 -1.865519
2.482112 2.380894 -1.865519
2.482112 2.380894 -1.865519
2.482112 2.380894 -1.865519
2.482112 2.380894 -1.865519
2.482112 2.380894 -1.865519
2.482112 2.380894 -1.865519
2.482112 2.380894 -1.865519
2.482112 2.380894 -1.865519
2.482112 2.380894 -1.865519
2.482112 2.380894 -1.865519
2.482112 2.380894 -1.865519
2.482112 2.380894 -1.865519
2.482112 2.380894 -1.865519
2.482112 2.380894 -1.865519
2.482112 2.380894 -1.865519
2.482112 2.380894 -1.865519
2.482112 2.380894 -1.865519
2.482112 2.380894 -1.865519
2.482112 2.380894 -1.865519
2.482112 2.380894 -1.865519
2.482112 2.380894 -1.865519
2.482112 2.380894 -1.865519
2.482112 2.380894 -1.865519
2.482112 2.380894 -1.865519
2.482112 2.380894 -1.865519
2.482112 2.380894 -1.865519
2.482112 2.380894 -1.865519
2.482112 2.380894 -1.865519
2.482112 2.380894 -1.865519
2.482112 2.380894 -1.865519
2.482112 2.380894 -1.865519
2.482112 2.380894 -1.865519
2.380658 1.813446 -1.967655
2.380658 1.813446 -1.967655
2.380658 1.813446 -1.967655
2.380658 1.813446 -1.967655
2.380658 1.813446 -1.967655
2.380658 1.813446 -1.967655
2.380658 1.813446 -1.967655
2.380658 1.813446 -1.967655
2.380658 1.813446 -1.967655
2.380658 1.813446 -1.967655
2.380658 1.813446 -1.967655
2.380658 1.813446 -1.967655
2.380658 1.813446 -1.967655
2.380658 1.813446 -1.967655
2.380658 1.813446 -1.967655
2.380658 1.813446 -1.967655
2.380658 1.813446 -1.967655
2.380658 1.813446 -1.967655
2.380658 1.813446 -1.967655
2.402136 1.849304 -2.038456
2.402136 1.849304 -2.038456
2.402136 1.849304 -2.038456
2.402136 1.849304 -2.038456
2.402136 1.849304 -2.038456
2.402136 1.849304 -2.038456
2.402136 1.849304 -2.038456
2.402136 1.849304 -2.038456
2.402136 1.849304 -2.038456
2.402136 1.849304 -2.038456
2.402136 1.849304 -2.038456
2.402136 1.849304 -2.038456
2.402136 1.849304 -2.038456
2.402136 1.849304 -2.038456
2.402136 1.849304 -2.038456
2.402136 1.849304 -2.038456
2.402136 1.849304 -2.038456
2.402136 1.849304 -2.038456
2.402136 1.849304 -2.038456
2.402136 1.849304 -2.038456
2.402136 1.849304 -2.038456
2.726086 2.877112 -2.014848
2.726086 2.877112 -2.014848
2.726086 2.877112 -2.014848
2.726086 2.877112 -2.014848
2.726086 2.877112 -2.014848
2.726086 2.877112 -2.014848
2.726086 2.877112 -2.014848
2.726086 2.877112 -2.014848
2.726086 2.877112 -2.014848
2.726086 2.877112 -2.014848
2.726086 2.877112 -2.014848
2.726086 2.877112 -2.014848
2.726086 2.877112 -2.014848
2.726086 2.877112 -2.014848
2.726086 2.877112 -2.014848
2.726086 2.877112 -2.014848
2.726086 2.877112 -2.014848
2.726086 2.877112 -2.014848
2.726086 2.877112 -2.014848
2.726086 2.877112 -2.014848
2.726086 2.877112 -2.014848
2.726086 2.877112 -2.014848
2.726086 2.877112 -2.014848
2.726086 2.877112 -2.014848
2.726086 2.877112 -2.014848
2.726086 2.877112 -2.014848
2.726086 2.877112 -2.014848
2.726086 2.877112 -2.014848
2.726086 2.877112 -2.014848
2.726086 2.877112 -2.014848
2.726086 2.877112 -2.014848
2.726086 2.877112 -2.014848
2.726086 2.877112 -2.014848
2.726086 2.877112 -2.014848
2.726086 2.877112 -2.014848
2.726086 2.877112 -2.014848
2.726086 2.877112 -2.014848
2.726086 2.877112 -2.014848
2.726086 2.877112 -2.014848
2.771079 2.846925 -2.030555
2.771079 2.846925 -2.030555
2.771079 2.846925 -2.030555
2.771079 2.846925 -2.030555
2.771079 2.846925 -2.030555
2.298223 2.411483 -1.776874
2.298223 2.411483 -1.776874
2.298223 2.411483 -1.776874
2.298223 2.411483 -1.776874
2.298223 2.411483 -1.776874
2.298223 2.411483 -1.776874
2.298223 2.411483 -1.776874
2.298223 2.411483 -1.776874
2.298223 2.411483 -1.776874
2.298223 2.411483 -1.776874
2.298223 2.411483 -1.776874
2.298223 2.411483 -1.776874
2.298223 2.411483 -1.776874
2.298223 2.411483 -1.776874
2.298223 2.411483 -1.776874
2.298223 2.411483 -1.776874
2.298223 2.411483 -1.776874
2.298223 2.411483 -1.776874
2.298223 2.411483 -1.776874
2.298223 2.411483 -1.776874
2.298223 2.411483 -1.776874
2.298223 2.411483 -1.776874
2.298223 2.411483 -1.776874
2.298223 2.411483 -1.776874
2.298223 2.411483 -1.776874
2.298223 2.411483 -1.776874
2.298223 2.411483 -1.776874
2.298223 2.411483 -1.776874
2.298223 2.411483 -1.776874
2.298223 2.411483 -1.776874
2.298223 2.411483 -1.776874
2.298223 2.411483 -1.776874
2.298223 2.411483 -1.776874
2.298223 2.411483 -1.776874
2.298223 2.411483 -1.776874
2.298223 2.411483 -1.776874
2.298223 2.411483 -1.776874
2.298223 2.411483 -1.776874
2.298223 2.411483 -1.776874
2.298223 2.411483 -1.776874
2.656898 2.773542 -2.157577
2.618642 2.126532 -2.089227
2.618642 2.126532 -2.089227
2.618642 2.126532 -2.089227
2.618642 2.126532 -2.089227
2.618642 2.126532 -2.089227
2.618642 2.126532 -2.089227
2.618642 2.126532 -2.089227
2.618642 2.126532 -2.089227
2.618642 2.126532 -2.089227
2.618642 2.126532 -2.089227
2.618642 2.126532 -2.089227
2.618642 2.126532 -2.089227
2.618642 2.126532 -2.089227
2.618642 2.126532 -2.089227
2.662817 2.02643 -1.927223
2.662817 2.02643 -1.927223
2.662817 2.02643 -1.927223
2.662817 2.02643 -1.927223
2.662817 2.02643 -1.927223
2.662817 2.02643 -1.927223
2.662817 2.02643 -1.927223
2.662817 2.02643 -1.927223
2.662817 2.02643 -1.927223
2.662817 2.02643 -1.927223
2.662817 2.02643 -1.927223
2.662817 2.02643 -1.927223
2.662817 2.02643 -1.927223
2.662817 2.02643 -1.927223
2.662817 2.02643 -1.927223
2.662817 2.02643 -1.927223
2.662817 2.02643 -1.927223
2.662817 2.02643 -1.927223
2.636245 2.889259 -1.830167
2.636245 2.889259 -1.830167
2.636245 2.889259 -1.830167
2.636245 2.889259 -1.830167
2.636245 2.889259 -1.830167
2.636245 2.889259 -1.830167
2.636245 2.889259 -1.830167
2.636245 2.889259 -1.830167
2.636245 2.889259 -1.830167
2.636245 2.889259 -1.830167
2.636245 2.889259 -1.830167
2.636245 2.889259 -1.830167
2.636245 2.889259 -1.830167
2.636245 2.889259 -1.830167
2.636245 2.889259 -1.830167
2.636245 2.889259 -1.830167
2.636245 2.889259 -1.830167
2.636245 2.889259 -1.830167
2.636245 2.889259 -1.830167
2.636245 2.889259 -1.830167
2.636245 2.889259 -1.830167
2.636245 2.889259 -1.830167
2.636245 2.889259 -1.830167
2.636245 2.889259 -1.830167
2.636245 2.889259 -1.830167
2.636245 2.889259 -1.830167
2.636245 2.889259 -1.830167
2.636245 2.889259 -1.830167
2.636245 2.889259 -1.830167
2.636245 2.889259 -1.830167
2.636245 2.889259 -1.830167
2.636245 2.889259 -1.830167
2.636245 2.889259 -1.830167
2.636245 2.889259 -1.830167
2.636245 2.889259 -1.830167
2.636245 2.889259 -1.830167
2.636245 2.889259 -1.830167
2.636245 2.889259 -1.830167
2.636245 2.889259 -1.830167
2.636245 2.889259 -1.830167
2.636245 2.889259 -1.830167
2.636245 2.889259 -1.830167
2.678312 2.892547 -1.806812
2.678312 2.892547 -1.806812
2.678312 2.892547 -1.806812
2.678312 2.892547 -1.806812
2.678312 2.892547 -1.806812
2.678312 2.892547 -1.806812
2.678312 2.892547 -1.806812
2.678312 2.892547 -1.806812
2.678312 2.892547 -1.806812
2.678312 2.892547 -1.806812
2.678312 2.892547 -1.806812
2.678312 2.892547 -1.806812
2.678312 2.892547 -1.806812
2.678312 2.892547 -1.806812
2.678312 2.892547 -1.806812
2.678312 2.892547 -1.806812
2.678312 2.892547 -1.806812
2.678312 2.892547 -1.806812
2.678312 2.892547 -1.806812
2.678312 2.892547 -1.806812
2.678312 2.892547 -1.806812
2.678312 2.892547 -1.806812
2.678312 2.892547 -1.806812
2.678312 2.892547 -1.806812
2.678312 2.892547 -1.806812
2.678312 2.892547 -1.806812
2.678312 2.892547 -1.806812
2.678312 2.892547 -1.806812
2.678312 2.892547 -1.806812
2.678312 2.892547 -1.806812
2.678312 2.892547 -1.806812
2.678312 2.892547 -1.806812
2.678312 2.892547 -1.806812
2.678312 2.892547 -1.806812
2.678312 2.892547 -1.806812
2.678312 2.892547 -1.806812
2.678312 2.892547 -1.806812
2.678312 2.892547 -1.806812
2.678312 2.892547 -1.806812
2.678312 2.892547 -1.806812
2.678312 2.892547 -1.806812
2.678312 2.892547 -1.806812
2.678312 2.892547 -1.806812
2.678312 2.892547 -1.806812
2.678312 2.892547 -1.806812
2.678312 2.892547 -1.806812
2.678312 2.892547 -1.806812
2.678312 2.892547 -1.806812
2.678312 2.892547 -1.806812
2.678312 2.892547 -1.806812
2.678312 2.892547 -1.806812
2.678312 2.892547 -1.806812
2.678312 2.892547 -1.806812
2.678312 2.892547 -1.806812
2.678312 2.892547 -1.806812
2.678312 2.892547 -1.806812
2.678312 2.892547 -1.806812
2.678312 2.892547 -1.806812
2.678312 2.892547 -1.806812
2.678312 2.892547 -1.806812
2.688955 2.8896 -1.834409
2.688955 2.8896 -1.834409
2.688955 2.8896 -1.834409
2.688955 2.8896 -1.834409
2.688955 2.8896 -1.834409
2.688955 2.8896 -1.834409
2.688955 2.8896 -1.834409
2.688955 2.8896 -1.834409
2.688955 2.8896 -1.834409
2.688955 2.8896 -1.834409
2.688955 2.8896 -1.834409
2.688955 2.8896 -1.834409
2.688955 2.8896 -1.834409
2.688955 2.8896 -1.834409
2.688955 2.8896 -1.834409
2.688955 2.8896 -1.834409
2.688955 2.8896 -1.834409
2.688955 2.8896 -1.834409
2.688955 2.8896 -1.834409
2.688955 2.8896 -1.834409
2.688955 2.8896 -1.834409
2.688955 2.8896 -1.834409
2.688955 2.8896 -1.834409
2.688955 2.8896 -1.834409
2.688955 2.8896 -1.834409
2.688955 2.8896 -1.834409
2.688955 2.8896 -1.834409
2.688955 2.8896 -1.834409
2.688955 2.8896 -1.834409
2.688955 2.8896 -1.834409
2.688955 2.8896 -1.834409
2.688955 2.8896 -1.834409
2.688955 2.8896 -1.834409
2.688955 2.8896 -1.834409
2.688955 2.8896 -1.834409
2.688955 2.8896 -1.834409
2.688955 2.8896 -1.834409
2.688955 2.8896 -1.834409
2.688955 2.8896 -1.834409
2.688955 2.8896 -1.834409
2.688955 2.8896 -1.834409
2.688955 2.8896 -1.834409
2.688955 2.8896 -1.834409
2.688955 2.8896 -1.834409
2.688955 2.8896 -1.834409
2.688955 2.8896 -1.834409
2.688955 2.8896 -1.834409
2.688955 2.8896 -1.834409
2.688955 2.8896 -1.834409
2.688955 2.8896 -1.834409
2.688955 2.8896 -1.834409
2.688955 2.8896 -1.834409
2.688955 2.8896 -1.834409
2.688955 2.8896 -1.834409
2.688955 2.8896 -1.834409
2.688955 2.8896 -1.834409
2.688955 2.8896 -1.834409
2.688955 2.8896 -1.834409
2.688955 2.8896 -1.834409
2.688955 2.8896 -1.834409
2.68019 2.916394 -1.892991
2.68019 2.916394 -1.892991
2.68019 2.916394 -1.892991
2.68019 2.916394 -1.892991
2.68019 2.916394 -1.892991
2.68019 2.916394 -1.892991
2.68019 2.916394 -1.892991
2.68019 2.916394 -1.892991
2.68019 2.916394 -1.892991
2.68019 2.916394 -1.892991
2.68019 2.916394 -1.892991
2.68019 2.916394 -1.892991
2.68019 2.916394 -1.892991
2.68019 2.916394 -1.892991
2.68019 2.916394 -1.892991
2.68019 2.916394 -1.892991
2.68019 2.916394 -1.892991
2.68019 2.916394 -1.892991
2.68019 2.916394 -1.892991
2.68019 2.916394 -1.892991
2.68019 2.916394 -1.892991
2.68019 2.916394 -1.892991
2.68019 2.916394 -1.892991
2.68019 2.916394 -1.892991
2.68019 2.916394 -1.892991
2.68019 2.916394 -1.892991
2.68019 2.916394 -1.892991
2.68019 2.916394 -1.892991
2.68019 2.916394 -1.892991
2.68019 2.916394 -1.892991
2.68019 2.916394 -1.892991
2.68019 2.916394 -1.892991
2.68019 2.916394 -1.892991
2.68019 2.916394 -1.892991
2.68019 2.916394 -1.892991
2.68019 2.916394 -1.892991
2.68019 2.916394 -1.892991
2.68019 2.916394 -1.892991
2.68019 2.916394 -1.892991
2.68019 2.916394 -1.892991
2.68019 2.916394 -1.892991
2.68019 2.916394 -1.892991
2.68019 2.916394 -1.892991
2.68019 2.916394 -1.892991
2.68019 2.916394 -1.892991
2.68019 2.916394 -1.892991
2.68019 2.916394 -1.892991
2.68019 2.916394 -1.892991
2.68019 2.916394 -1.892991
2.68019 2.916394 -1.892991
2.68019 2.916394 -1.892991
2.68019 2.916394 -1.892991
2.68019 2.916394 -1.892991
2.68019 2.916394 -1.892991
2.68019 2.916394 -1.892991
2.68019 2.916394 -1.892991
2.68019 2.916394 -1.892991
2.68019 2.916394 -1.892991
2.68019 2.916394 -1.892991
2.68019 2.916394 -1.892991
2.645273 2.935256 -1.992332
2.645273 2.935256 -1.992332
2.645273 2.935256 -1.992332
2.645273 2.935256 -1.992332
2.645273 2.935256 -1.992332
2.645273 2.935256 -1.992332
2.645273 2.935256 -1.992332
2.645273 2.935256 -1.992332
2.645273 2.935256 -1.992332
2.645273 2.935256 -1.992332
2.645273 2.935256 -1.992332
2.645273 2.935256 -1.992332
2.645273 2.935256 -1.992332
2.645273 2.935256 -1.992332
2.645273 2.935256 -1.992332
2.645273 2.935256 -1.992332
2.645273 2.935256 -1.992332
2.645273 2.935256 -1.992332
2.645273 2.935256 -1.992332
2.645273 2.935256 -1.992332
2.645273 2.935256 -1.992332
2.645273 2.935256 -1.992332
2.645273 2.935256 -1.992332
2.645273 2.935256 -1.992332
2.645273 2.935256 -1.992332
2.645273 2.935256 -1.992332
2.645273 2.935256 -1.992332
2.645273 2.935256 -1.992332
2.645273 2.935256 -1.992332
2.645273 2.935256 -1.992332
2.645273 2.935256 -1.992332
2.645273 2.935256 -1.992332
2.645273 2.935256 -1.992332
2.645273 2.935256 -1.992332
2.645273 2.935256 -1.992332
2.645273 2.935256 -1.992332
2.645273 2.935256 -1.992332
2.645273 2.935256 -1.992332
2.645273 2.935256 -1.992332
2.645273 2.935256 -1.992332
2.645273 2.935256 -1.992332
2.645273 2.935256 -1.992332
2.645273 2.935256 -1.992332
2.645273 2.935256 -1.992332
2.645273 2.935256 -1.992332
2.645273 2.935256 -1.992332
2.645273 2.935256 -1.992332
2.645273 2.935256 -1.992332
2.645273 2.935256 -1.992332
2.645273 2.935256 -1.992332
2.645273 2.935256 -1.992332
2.645273 2.935256 -1.992332
2.645273 2.935256 -1.992332
2.645273 2.935256 -1.992332
2.645273 2.935256 -1.992332
2.645273 2.935256 -1.992332
2.645273 2.935256 -1.992332
2.645273 2.935256 -1.992332
2.364466 2.631603 -1.323909
2.364466 2.631603 -1.323909
2.356465 2.63064 -1.293219
2.356465 2.63064 -1.293219
2.356465 2.63064 -1.293219
2.356465 2.63064 -1.293219
2.356465 2.63064 -1.293219
2.356465 2.63064 -1.293219
2.356465 2.63064 -1.293219
2.356465 2.63064 -1.293219
2.356465 2.63064 -1.293219
2.356465 2.63064 -1.293219
2.356465 2.63064 -1.293219
2.356465 2.63064 -1.293219
2.356465 2.63064 -1.293219
2.356465 2.63064 -1.293219
2.356465 2.63064 -1.293219
2.356465 2.63064 -1.293219
2.356465 2.63064 -1.293219
2.356465 2.63064 -1.293219
2.356465 2.63064 -1.293219
2.356465 2.63064 -1.293219
2.356465 2.63064 -1.293219
2.356465 2.63064 -1.293219
2.356465 2.63064 -1.293219
2.356465 2.63064 -1.293219
2.356465 2.63064 -1.293219
2.356465 2.63064 -1.293219
2.356465 2.63064 -1.293219
2.356465 2.63064 -1.293219
2.356465 2.63064 -1.293219
2.356465 2.63064 -1.293219
2.356465 2.63064 -1.293219
2.356465 2.63064 -1.293219
2.356465 2.63064 -1.293219
2.356465 2.63064 -1.293219
2.356465 2.63064 -1.293219
2.356465 2.63064 -1.293219
2.356465 2.63064 -1.293219
2.356465 2.63064 -1.293219
2.356465 2.63064 -1.293219
2.356465 2.63064 -1.293219
2.356465 2.63064 -1.293219
2.356465 2.63064 -1.293219
2.356465 2.63064 -1.293219
2.356465 2.63064 -1.293219
2.356465 2.63064 -1.293219
2.356465 2.63064 -1.293219
2.356465 2.63064 -1.293219
2.356465 2.63064 -1.293219
2.356465 2.63064 -1.293219
2.356465 2.63064 -1.293219
2.356465 2.63064 -1.293219
2.356465 2.63064 -1.293219
2.356465 2.63064 -1.293219
2.356465 2.63064 -1.293219
2.356465 2.63064 -1.293219
2.356465 2.63064 -1.293219
2.356465 2.63064 -1.293219
2.356465 2.63064 -1.293219
2.356465 2.63064 -1.293219
2.356465 2.63064 -1.293219
2.360395 2.61913 -1.149628
2.360395 2.61913 -1.149628
2.360395 2.61913 -1.149628
2.360395 2.61913 -1.149628
2.360395 2.61913 -1.149628
2.360395 2.61913 -1.149628
2.360395 2.61913 -1.149628
2.360395 2.61913 -1.149628
2.360395 2.61913 -1.149628
2.360395 2.61913 -1.149628
2.360395 2.61913 -1.149628
2.360395 2.61913 -1.149628
2.360395 2.61913 -1.149628
2.360395 2.61913 -1.149628
2.360395 2.61913 -1.149628
2.360395 2.61913 -1.149628
2.360395 2.61913 -1.149628
2.360395 2.61913 -1.149628
2.360395 2.61913 -1.149628
2.360395 2.61913 -1.149628
2.360395 2.61913 -1.149628
2.360395 2.61913 -1.149628
2.360395 2.61913 -1.149628
2.360395 2.61913 -1.149628
2.360395 2.61913 -1.149628
2.360395 2.61913 -1.149628
2.360395 2.61913 -1.149628
2.360395 2.61913 -1.149628
2.360395 2.61913 -1.149628
2.360395 2.61913 -1.149628
2.360395 2.61913 -1.149628
2.360395 2.61913 -1.149628
2.360395 2.61913 -1.149628
2.677891 2.423987 -2.075333
2.677891 2.423987 -2.075333
2.677891 2.423987 -2.075333
2.677891 2.423987 -2.075333
2.677891 2.423987 -2.075333
2.677891 2.423987 -2.075333
2.677891 2.423987 -2.075333
2.677891 2.423987 -2.075333
2.677891 2.423987 -2.075333
2.677891 2.423987 -2.075333
2.677891 2.423987 -2.075333
2.677891 2.423987 -2.075333
2.677891 2.423987 -2.075333
2.677891 2.423987 -2.075333
2.677891 2.423987 -2.075333
2.677891 2.423987 -2.075333
2.677891 2.423987 -2.075333
2.677891 2.423987 -2.075333
2.677891 2.423987 -2.075333
2.677891 2.423987 -2.075333
2.677891 2.423987 -2.075333
2.677891 2.423987 -2.075333
2.677891 2.423987 -2.075333
2.677891 2.423987 -2.075333
2.677891 2.423987 -2.075333
2.543169 2.682704 -1.820074
2.543169 2.682704 -1.820074
2.582328 2.658813 -1.785755
2.582328 2.658813 -1.785755
2.582328 2.658813 -1.785755
2.582328 2.658813 -1.785755
2.582328 2.658813 -1.785755
2.582328 2.658813 -1.785755
2.582328 2.658813 -1.785755
2.582328 2.658813 -1.785755
2.582328 2.658813 -1.785755
2.582328 2.658813 -1.785755
2.582328 2.658813 -1.785755
2.582328 2.658813 -1.785755
2.582328 2.658813 -1.785755
2.582328 2.658813 -1.785755
2.582328 2.658813 -1.785755
2.582328 2.658813 -1.785755
2.582328 2.658813 -1.785755
2.582328 2.658813 -1.785755
2.582328 2.658813 -1.785755
2.582328 2.658813 -1.785755
2.582328 2.658813 -1.785755
2.582328 2.658813 -1.785755
2.582328 2.658813 -1.785755
2.582328 2.658813 -1.785755
2.582328 2.658813 -1.785755
2.582328 2.658813 -1.785755
2.582328 2.658813 -1.785755
2.582328 2.658813 -1.785755
2.582328 2.658813 -1.785755
2.582328 2.658813 -1.785755
2.582328 2.658813 -1.785755
2.582328 2.658813 -1.785755
2.582328 2.658813 -1.785755
2.582328 2.658813 -1.785755
2.582328 2.658813 -1.785755
2.582328 2.658813 -1.785755
2.582328 2.658813 -1.785755
2.582328 2.658813 -1.785755
2.582328 2.658813 -1.785755
2.582328 2.658813 -1.785755
2.582328 2.658813 -1.785755
2.582328 2.658813 -1.785755
2.582328 2.658813 -1.785755
2.582328 2.658813 -1.785755
2.582328 2.658813 -1.785755
2.582328 2.658813 -1.785755
2.582328 2.658813 -1.785755
2.582328 2.658813 -1.785755
2.582328 2.658813 -1.785755
2.582328 2.658813 -1.785755
2.582328 2.658813 -1.785755
2.582328 2.658813 -1.785755
2.582328 2.658813 -1.785755
2.582328 2.658813 -1.785755
2.582328 2.658813 -1.785755
2.582328 2.658813 -1.785755
2.582328 2.658813 -1.785755
2.582328 2.658813 -1.785755
2.582328 2.658813 -1.785755
2.582328 2.658813 -1.785755
2.648281 2.603237 -1.766059
2.648281 2.603237 -1.766059
2.648281 2.603237 -1.766059
2.648281 2.603237 -1.766059
2.648281 2.603237 -1.766059
2.648281 2.603237 -1.766059
2.648281 2.603237 -1.766059
2.648281 2.603237 -1.766059
2.648281 2.603237 -1.766059
2.648281 2.603237 -1.766059
2.648281 2.603237 -1.766059
2.648281 2.603237 -1.766059
2.648281 2.603237 -1.766059
2.648281 2.603237 -1.766059
2.648281 2.603237 -1.766059
2.648281 2.603237 -1.766059
2.648281 2.603237 -1.766059
2.648281 2.603237 -1.766059
2.648281 2.603237 -1.766059
2.648281 2.603237 -1.766059
2.648281 2.603237 -1.766059
2.648281 2.603237 -1.766059
2.648281 2.603237 -1.766059
2.648281 2.603237 -1.766059
2.648281 2.603237 -1.766059
2.648281 2.603237 -1.766059
2.648281 2.603237 -1.766059
2.648281 2.603237 -1.766059
2.648281 2.603237 -1.766059
2.648281 2.603237 -1.766059
2.648281 2.603237 -1.766059
2.648281 2.603237 -1.766059
2.648281 2.603237 -1.766059
2.648281 2.603237 -1.766059
2.648281 2.603237 -1.766059
2.648281 2.603237 -1.766059
2.648281 2.603237 -1.766059
2.648281 2.603237 -1.766059
2.648281 2.603237 -1.766059
2.648281 2.603237 -1.766059
2.648281 2.603237 -1.766059
2.648281 2.603237 -1.766059
2.648281 2.603237 -1.766059
2.648281 2.603237 -1.766059
2.648281 2.603237 -1.766059
2.648281 2.603237 -1.766059
2.648281 2.603237 -1.766059
2.648281 2.603237 -1.766059
2.648281 2.603237 -1.766059
2.648281 2.603237 -1.766059
2.648281 2.603237 -1.766059
2.648281 2.603237 -1.766059
2.648281 2.603237 -1.766059
2.648281 2.603237 -1.766059
2.648281 2.603237 -1.766059
2.648281 2.603237 -1.766059
2.648281 2.603237 -1.766059
2.648281 2.603237 -1.766059
2.648281 2.603237 -1.766059
2.648281 2.603237 -1.766059
2.598675 2.505878 -1.744648
2.598675 2.505878 -1.744648
2.598675 2.505878 -1.744648
2.598675 2.505878 -1.744648
2.598675 2.505878 -1.744648
2.598675 2.505878 -1.744648
2.598675 2.505878 -1.744648
2.598675 2.505878 -1.744648
2.598675 2.505878 -1.744648
2.598675 2.505878 -1.744648
2.598675 2.505878 -1.744648
2.598675 2.505878 -1.744648
2.598675 2.505878 -1.744648
2.598675 2.505878 -1.744648
2.598675 2.505878 -1.744648
2.598675 2.505878 -1.744648
2.598675 2.505878 -1.744648
2.598675 2.505878 -1.744648
2.598675 2.505878 -1.744648
2.598675 2.505878 -1.744648
2.598675 2.505878 -1.744648
2.598675 2.505878 -1.744648
2.598675 2.505878 -1.744648
2.598675 2.505878 -1.744648
2.598675 2.505878 -1.744648
2.598675 2.505878 -1.744648
2.598675 2.505878 -1.744648
2.598675 2.505878 -1.744648
2.598675 2.505878 -1.744648
2.598675 2.505878 -1.744648
2.598675 2.505878 -1.744648
2.598675 2.505878 -1.744648
2.598675 2.505878 -1.744648
2.598675 2.505878 -1.744648
2.598675 2.505878 -1.744648
2.598675 2.505878 -1.744648
2.598675 2.505878 -1.744648
2.598675 2.505878 -1.744648
2.598675 2.505878 -1.744648
2.598675 2.505878 -1.744648
2.598675 2.505878 -1.744648
2.598675 2.505878 -1.744648
2.598675 2.505878 -1.744648
2.598675 2.505878 -1.744648
2.598675 2.505878 -1.744648
2.598675 2.505878 -1.744648
2.598675 2.505878 -1.744648
2.598675 2.505878 -1.744648
2.598675 2.505878 -1.744648
2.598675 2.505878 -1.744648
2.598675 2.505878 -1.744648
2.598675 2.505878 -1.744648
2.598675 2.505878 -1.744648
2.598675 2.505878 -1.744648
2.598675 2.505878 -1.744648
2.598675 2.505878 -1.744648
2.598675 2.505878 -1.744648
2.598675 2.505878 -1.744648
2.598675 2.505878 -1.744648
2.598675 2.505878 -1.744648
2.626744 2.412735 -1.85133
2.626744 2.412735 -1.85133
2.626744 2.412735 -1.85133
2.626744 2.412735 -1.85133
2.626744 2.412735 -1.85133
2.626744 2.412735 -1.85133
2.626744 2.412735 -1.85133
2.626744 2.412735 -1.85133
2.626744 2.412735 -1.85133
2.626744 2.412735 -1.85133
2.626744 2.412735 -1.85133
2.626744 2.412735 -1.85133
2.626744 2.412735 -1.85133
2.626744 2.412735 -1.85133
2.626744 2.412735 -1.85133
2.626744 2.412735 -1.85133
2.626744 2.412735 -1.85133
2.626744 2.412735 -1.85133
2.626744 2.412735 -1.85133
2.626744 2.412735 -1.85133
2.626744 2.412735 -1.85133
2.626744 2.412735 -1.85133
2.626744 2.412735 -1.85133
2.626744 2.412735 -1.85133
2.626744 2.412735 -1.85133
2.626744 2.412735 -1.85133
2.626744 2.412735 -1.85133
2.626744 2.412735 -1.85133
2.626744 2.412735 -1.85133
2.626744 2.412735 -1.85133
2.626744 2.412735 -1.85133
2.626744 2.412735 -1.85133
2.626744 2.412735 -1.85133
2.626744 2.412735 -1.85133
2.626744 2.412735 -1.85133
2.626744 2.412735 -1.85133
2.626744 2.412735 -1.85133
2.626744 2.412735 -1.85133
2.626744 2.412735 -1.85133
2.626744 2.412735 -1.85133
2.626744 2.412735 -1.85133
2.626744 2.412735 -1.85133
2.626744 2.412735 -1.85133
2.626744 2.412735 -1.85133
2.626744 2.412735 -1.85133
2.626744 2.412735 -1.85133
2.626744 2.412735 -1.85133
2.626744 2.412735 -1.85133
2.626744 2.412735 -1.85133
2.626744 2.412735 -1.85133
2.626744 2.412735 -1.85133
2.626744 2.412735 -1.85133
2.626744 2.412735 -1.85133
2.626744 2.412735 -1.85133
2.626744 2.412735 -1.85133
2.626744 2.412735 -1.85133
2.626744 2.412735 -1.85133
2.626744 2.412735 -1.85133
2.626744 2.412735 -1.85133
2.626744 2.412735 -1.85133
2.606077 2.505777 -1.749063
2.606077 2.505777 -1.749063
2.606077 2.505777 -1.749063
2.606077 2.505777 -1.749063
2.606077 2.505777 -1.749063
2.606077 2.505777 -1.749063
2.606077 2.505777 -1.749063
2.606077 2.505777 -1.749063
2.606077 2.505777 -1.749063
2.606077 2.505777 -1.749063
2.606077 2.505777 -1.749063
2.606077 2.505777 -1.749063
2.606077 2.505777 -1.749063
2.606077 2.505777 -1.749063
2.606077 2.505777 -1.749063
2.606077 2.505777 -1.749063
2.606077 2.505777 -1.749063
2.606077 2.505777 -1.749063
2.606077 2.505777 -1.749063
2.606077 2.505777 -1.749063
2.606077 2.505777 -1.749063
2.606077 2.505777 -1.749063
2.606077 2.505777 -1.749063
2.606077 2.505777 -1.749063
2.606077 2.505777 -1.749063
2.606077 2.505777 -1.749063
2.606077 2.505777 -1.749063
2.606077 2.505777 -1.749063
2.606077 2.505777 -1.749063
2.606077 2.505777 -1.749063
2.606077 2.505777 -1.749063
2.606077 2.505777 -1.749063
2.606077 2.505777 -1.749063
2.606077 2.505777 -1.749063
2.606077 2.505777 -1.749063
2.606077 2.505777 -1.749063
2.606077 2.505777 -1.749063
2.606077 2.505777 -1.749063
2.606077 2.505777 -1.749063
2.606077 2.505777 -1.749063
2.606077 2.505777 -1.749063
2.606077 2.505777 -1.749063
2.606077 2.505777 -1.749063
2.606077 2.505777 -1.749063
2.606077 2.505777 -1.749063
2.606077 2.505777 -1.749063
2.606077 2.505777 -1.749063
2.606077 2.505777 -1.749063
2.606077 2.505777 -1.749063
2.606077 2.505777 -1.749063
2.606077 2.505777 -1.749063
2.606077 2.505777 -1.749063
2.606077 2.505777 -1.749063
2.606077 2.505777 -1.749063
2.606077 2.505777 -1.749063
2.606077 2.505777 -1.749063
2.606077 2.505777 -1.749063
2.606077 2.505777 -1.749063
2.606077 2.505777 -1.749063
2.606077 2.505777 -1.749063
2.481383 2.701502 -1.725778
2.481383 2.701502 -1.725778
2.481383 2.701502 -1.725778
2.481383 2.701502 -1.725778
2.481383 2.701502 -1.725778
2.481383 2.701502 -1.725778
2.481383 2.701502 -1.725778
2.481383 2.701502 -1.725778
2.481383 2.701502 -1.725778
2.481383 2.701502 -1.725778
2.481383 2.701502 -1.725778
2.481383 2.701502 -1.725778
2.481383 2.701502 -1.725778
2.481383 2.701502 -1.725778
2.481383 2.701502 -1.725778
2.481383 2.701502 -1.725778
2.481383 2.701502 -1.725778
2.481383 2.701502 -1.725778
2.481383 2.701502 -1.725778
2.481383 2.701502 -1.725778
2.481383 2.701502 -1.725778
2.481383 2.701502 -1.725778
2.481383 2.701502 -1.725778
2.481383 2.701502 -1.725778
2.481383 2.701502 -1.725778
2.481383 2.701502 -1.725778
2.481383 2.701502 -1.725778
2.481383 2.701502 -1.725778
2.481383 2.701502 -1.725778
2.481383 2.701502 -1.725778
2.481383 2.701502 -1.725778
2.481383 2.701502 -1.725778
2.481383 2.701502 -1.725778
2.481383 2.701502 -1.725778
2.481383 2.701502 -1.725778
2.481383 2.701502 -1.725778
2.481383 2.701502 -1.725778
2.481383 2.701502 -1.725778
2.481383 2.701502 -1.725778
2.481383 2.701502 -1.725778
2.481383 2.701502 -1.725778
2.481383 2.701502 -1.725778
2.481383 2.701502 -1.725778
2.481383 2.701502 -1.725778
2.481383 2.701502 -1.725778
2.481383 2.701502 -1.725778
2.481383 2.701502 -1.725778
2.481383 2.701502 -1.725778
2.481383 2.701502 -1.725778
2.481383 2.701502 -1.725778
2.481383 2.701502 -1.725778
2.481383 2.701502 -1.725778
2.481383 2.701502 -1.725778
2.481383 2.701502 -1.725778
2.481383 2.701502 -1.725778
2.481383 2.701502 -1.725778
2.481383 2.701502 -1.725778
2.481383 2.701502 -1.725778
2.481383 2.701502 -1.725778
2.481383 2.701502 -1.725778
2.42851 2.775382 -1.859878
2.42851 2.775382 -1.859878
2.42851 2.775382 -1.859878
2.42851 2.775382 -1.859878
2.42851 2.775382 -1.859878
2.42851 2.775382 -1.859878
2.42851 2.775382 -1.859878
2.42851 2.775382 -1.859878
2.42851 2.775382 -1.859878
2.42851 2.775382 -1.859878
2.42851 2.775382 -1.859878
2.42851 2.775382 -1.859878
2.42851 2.775382 -1.859878
2.42851 2.775382 -1.859878
2.42851 2.775382 -1.859878
2.42851 2.775382 -1.859878
2.42851 2.775382 -1.859878
2.42851 2.775382 -1.859878
2.42851 2.775382 -1.859878
2.42851 2.775382 -1.859878
2.42851 2.775382 -1.859878
2.42851 2.775382 -1.859878
2.42851 2.775382 -1.859878
2.42851 2.775382 -1.859878
2.42851 2.775382 -1.859878
2.42851 2.775382 -1.859878
2.42851 2.775382 -1.859878
2.42851 2.775382 -1.859878
2.42851 2.775382 -1.859878
2.42851 2.775382 -1.859878
2.42851 2.775382 -1.859878
2.42851 2.775382 -1.859878
2.42851 2.775382 -1.859878
2.42851 2.775382 -1.859878
2.42851 2.775382 -1.859878
2.42851 2.775382 -1.859878
2.42851 2.775382 -1.859878
2.42851 2.775382 -1.859878
2.42851 2.775382 -1.859878
2.42851 2.775382 -1.859878
2.42851 2.775382 -1.859878
2.42851 2.775382 -1.859878
2.42851 2.775382 -1.859878
2.42851 2.775382 -1.859878
2.42851 2.775382 -1.859878
2.42851 2.775382 -1.859878
2.42851 2.775382 -1.859878
2.42851 2.775382 -1.859878
2.42851 2.775382 -1.859878
2.42851 2.775382 -1.859878
2.42851 2.775382 -1.859878
2.42851 2.775382 -1.859878
2.42851 2.775382 -1.859878
2.42851 2.775382 -1.859878
2.42851 2.775382 -1.859878
2.42851 2.775382 -1.859878
2.42851 2.775382 -1.859878
2.42851 2.775382 -1.859878
2.42851 2.775382 -1.859878
2.42851 2.775382 -1.859878
2.4645 2.738189 -1.714869
2.4645 2.738189 -1.714869
2.4645 2.738189 -1.714869
2.4645 2.738189 -1.714869
2.4645 2.738189 -1.714869
2.4645 2.738189 -1.714869
2.4645 2.738189 -1.714869
2.4645 2.738189 -1.714869
2.4645 2.738189 -1.714869
2.4645 2.738189 -1.714869
2.4645 2.738189 -1.714869
2.4645 2.738189 -1.714869
2.4645 2.738189 -1.714869
2.4645 2.738189 -1.714869
2.4645 2.738189 -1.714869
2.4645 2.738189 -1.714869
2.4645 2.738189 -1.714869
2.4645 2.738189 -1.714869
2.4645 2.738189 -1.714869
2.4645 2.738189 -1.714869
2.4645 2.738189 -1.714869
2.4645 2.738189 -1.714869
2.4645 2.738189 -1.714869
2.4645 2.738189 -1.714869
2.4645 2.738189 -1.714869
2.4645 2.738189 -1.714869
2.4645 2.738189 -1.714869
2.4645 2.738189 -1.714869
2.4645 2.738189 -1.714869
2.4645 2.738189 -1.714869
2.4645 2.738189 -1.714869
2.4645 2.738189 -1.714869
2.4645 2.738189 -1.714869
2.4645 2.738189 -1.714869
2.4645 2.738189 -1.714869
2.4645 2.738189 -1.714869
2.4645 2.738189 -1.714869
2.4645 2.738189 -1.714869
2.4645 2.738189 -1.714869
2.4645 2.738189 -1.714869
2.4645 2.738189 -1.714869
2.4645 2.738189 -1.714869
2.4645 2.738189 -1.714869
2.4645 2.738189 -1.714869
2.4645 2.738189 -1.714869
2.4645 2.738189 -1.714869
2.4645 2.738189 -1.714869
2.4645 2.738189 -1.714869
2.4645 2.738189 -1.714869
2.4645 2.738189 -1.714869
2.4645 2.738189 -1.714869
2.4645 2.738189 -1.714869
2.4645 2.738189 -1.714869
2.4645 2.738189 -1.714869
2.4645 2.738189 -1.714869
2.4645 2.738189 -1.714869
2.4645 2.738189 -1.714869
2.4645 2.738189 -1.714869
2.4645 2.738189 -1.714869
2.4645 2.738189 -1.714869
2.456225 2.617245 -1.660978
2.456225 2.617245 -1.660978
2.456225 2.617245 -1.660978
2.456225 2.617245 -1.660978
2.456225 2.617245 -1.660978
2.456225 2.617245 -1.660978
2.456225 2.617245 -1.660978
2.456225 2.617245 -1.660978
2.655742 2.743364 -1.763227
2.655742 2.743364 -1.763227
2.655742 2.743364 -1.763227
2.655742 2.743364 -1.763227
2.655742 2.743364 -1.763227
2.655742 2.743364 -1.763227
2.655742 2.743364 -1.763227
2.655742 2.743364 -1.763227
2.655742 2.743364 -1.763227
2.655742 2.743364 -1.763227
2.655742 2.743364 -1.763227
2.655742 2.743364 -1.763227
2.655742 2.743364 -1.763227
2.655742 2.743364 -1.763227
2.655742 2.743364 -1.763227
2.655742 2.743364 -1.763227
2.655742 2.743364 -1.763227
2.655742 2.743364 -1.763227
2.655742 2.743364 -1.763227
2.655742 2.743364 -1.763227
2.760022 2.992783 -2.028105
2.760022 2.992783 -2.028105
2.760022 2.992783 -2.028105
2.760022 2.992783 -2.028105
2.760022 2.992783 -2.028105
2.760022 2.992783 -2.028105
2.760022 2.992783 -2.028105
2.760022 2.992783 -2.028105
2.760022 2.992783 -2.028105
2.411181 2.674357 -1.530853
2.411181 2.674357 -1.530853
2.411181 2.674357 -1.530853
2.411181 2.674357 -1.530853
2.411181 2.674357 -1.530853
2.411181 2.674357 -1.530853
2.411181 2.674357 -1.530853
2.411181 2.674357 -1.530853
2.411181 2.674357 -1.530853
2.411181 2.674357 -1.530853
2.411181 2.674357 -1.530853
2.411181 2.674357 -1.530853
2.411181 2.674357 -1.530853
2.411181 2.674357 -1.530853
2.411181 2.674357 -1.530853
2.411181 2.674357 -1.530853
2.411181 2.674357 -1.530853
2.411181 2.674357 -1.530853
2.411181 2.674357 -1.530853
2.411181 2.674357 -1.530853
2.411181 2.674357 -1.530853
2.411181 2.674357 -1.530853
2.411181 2.674357 -1.530853
