0.3716093 0.4320605 0.198791
0.6100887 -0.4854739 0.6382354
0.6100887 -0.4854739 0.6382354
1.724059 -1.1876 0.7729634
1.724059 -1.1876 0.7729634
1.724059 -1.1876 0.7729634
1.724059 -1.1876 0.7729634
1.724059 -1.1876 0.7729634
1.724059 -1.1876 0.7729634
1.724059 -1.1876 0.7729634
1.724059 -1.1876 0.7729634
1.724059 -1.1876 0.7729634
1.724059 -1.1876 0.7729634
1.724059 -1.1876 0.7729634
1.724059 -1.1876 0.7729634
1.724059 -1.1876 0.7729634
1.724059 -1.1876 0.7729634
1.724059 -1.1876 0.7729634
1.724059 -1.1876 0.7729634
1.724059 -1.1876 0.7729634
1.41946 -0.2098811 -0.3268222
1.41946 -0.2098811 -0.3268222
1.41946 -0.2098811 -0.3268222
1.41946 -0.2098811 -0.3268222
1.41946 -0.2098811 -0.3268222
1.41946 -0.2098811 -0.3268222
1.41946 -0.2098811 -0.3268222
1.41946 -0.2098811 -0.3268222
1.41946 -0.2098811 -0.3268222
1.41946 -0.2098811 -0.3268222
1.41946 -0.2098811 -0.3268222
1.41946 -0.2098811 -0.3268222
1.41946 -0.2098811 -0.3268222
1.41946 -0.2098811 -0.3268222
1.41946 -0.2098811 -0.3268222
1.41946 -0.2098811 -0.3268222
1.41946 -0.2098811 -0.3268222
1.818458 0.3597749 0.3723668
1.818458 0.3597749 0.3723668
1.818458 0.3597749 0.3723668
1.818458 0.3597749 0.3723668
1.818458 0.3597749 0.3723668
1.818458 0.3597749 0.3723668
1.818458 0.3597749 0.3723668
1.818458 0.3597749 0.3723668
1.818458 0.3597749 0.3723668
1.818458 0.3597749 0.3723668
2.01394 1.04285 -0.07886231
2.01394 1.04285 -0.07886231
2.01394 1.04285 -0.07886231
2.01394 1.04285 -0.07886231
2.01394 1.04285 -0.07886231
2.01394 1.04285 -0.07886231
2.01394 1.04285 -0.07886231
2.01394 1.04285 -0.07886231
2.01394 1.04285 -0.07886231
2.01394 1.04285 -0.07886231
2.01394 1.04285 -0.07886231
2.01394 1.04285 -0.07886231
2.01394 1.04285 -0.07886231
1.870607 1.930521 -0.04523832
1.870607 1.930521 -0.04523832
1.870607 1.930521 -0.04523832
1.870607 1.930521 -0.04523832
1.870607 1.930521 -0.04523832
1.870607 1.930521 -0.04523832
1.713521 0.8997644 -0.7373053
1.713521 0.8997644 -0.7373053
1.713521 0.8997644 -0.7373053
1.713521 0.8997644 -0.7373053
1.713521 0.8997644 -0.7373053
1.713521 0.8997644 -0.7373053
1.713521 0.8997644 -0.7373053
1.713521 0.8997644 -0.7373053
1.713521 0.8997644 -0.7373053
1.713521 0.8997644 -0.7373053
1.713521 0.8997644 -0.7373053
1.713521 0.8997644 -0.7373053
1.713521 0.8997644 -0.7373053
1.713521 0.8997644 -0.7373053
1.713521 0.8997644 -0.7373053
1.713521 0.8997644 -0.7373053
1.713521 0.8997644 -0.7373053
1.713521 0.8997644 -0.7373053
1.713521 0.8997644 -0.7373053
1.713521 0.8997644 -0.7373053
1.713521 0.8997644 -0.7373053
1.713521 0.8997644 -0.7373053
1.713521 0.8997644 -0.7373053
1.713521 0.8997644 -0.7373053
1.713521 0.8997644 -0.7373053
1.713521 0.8997644 -0.7373053
1.713521 0.8997644 -0.7373053
1.713521 0.8997644 -0.7373053
1.713521 0.8997644 -0.7373053
1.713521 0.8997644 -0.7373053
1.713521 0.8997644 -0.7373053
1.713521 0.8997644 -0.7373053
1.713521 0.8997644 -0.7373053
1.713521 0.8997644 -0.7373053
1.713521 0.8997644 -0.7373053
1.713521 0.8997644 -0.7373053
1.713521 0.8997644 -0.7373053
1.713521 0.8997644 -0.7373053
1.713521 0.8997644 -0.7373053
1.713521 0.8997644 -0.7373053
1.713521 0.8997644 -0.7373053
1.713521 0.8997644 -0.7373053
1.713521 0.8997644 -0.7373053
1.713521 0.8997644 -0.7373053
1.713521 0.8997644 -0.7373053
1.713521 0.8997644 -0.7373053
1.713521 0.8997644 -0.7373053
1.713521 0.8997644 -0.7373053
1.713521 0.8997644 -0.7373053
1.713521 0.8997644 -0.7373053
1.713521 0.8997644 -0.7373053
1.713521 0.8997644 -0.7373053
1.713521 0.8997644 -0.7373053
1.713521 0.8997644 -0.7373053
2.116684 1.061981 -0.769747
2.116684 1.061981 -0.769747
2.116684 1.061981 -0.769747
2.116684 1.061981 -0.769747
2.116684 1.061981 -0.769747
2.116684 1.061981 -0.769747
2.116684 1.061981 -0.769747
2.116684 1.061981 -0.769747
2.116684 1.061981 -0.769747
2.116684 1.061981 -0.769747
2.116684 1.061981 -0.769747
2.116684 1.061981 -0.769747
2.116684 1.061981 -0.769747
2.116684 1.061981 -0.769747
2.116684 1.061981 -0.769747
2.116684 1.061981 -0.769747
2.116684 1.061981 -0.769747
2.116684 1.061981 -0.769747
2.116684 1.061981 -0.769747
2.116684 1.061981 -0.769747
2.116684 1.061981 -0.769747
2.116684 1.061981 -0.769747
2.116684 1.061981 -0.769747
2.116684 1.061981 -0.769747
2.116684 1.061981 -0.769747
2.116684 1.061981 -0.769747
2.116684 1.061981 -0.769747
2.116684 1.061981 -0.769747
2.116684 1.061981 -0.769747
2.116684 1.061981 -0.769747
2.116684 1.061981 -0.769747
2.116684 1.061981 -0.769747
2.116684 1.061981 -0.769747
2.116684 1.061981 -0.769747
2.116684 1.061981 -0.769747
2.116684 1.061981 -0.769747
2.116684 1.061981 -0.769747
2.116684 1.061981 -0.769747
2.116684 1.061981 -0.769747
2.116684 1.061981 -0.769747
2.116684 1.061981 -0.769747
2.116684 1.061981 -0.769747
2.116684 1.061981 -0.769747
2.116684 1.061981 -0.769747
2.116684 1.061981 -0.769747
2.116684 1.061981 -0.769747
2.116684 1.061981 -0.769747
2.116684 1.061981 -0.769747
2.116684 1.061981 -0.769747
2.116684 1.061981 -0.769747
2.116684 1.061981 -0.769747
2.116684 1.061981 -0.769747
2.116684 1.061981 -0.769747
2.116684 1.061981 -0.769747
2.116684 1.061981 -0.769747
2.116684 1.061981 -0.769747
2.116684 1.061981 -0.769747
2.116684 1.061981 -0.769747
2.116684 1.061981 -0.769747
2.116684 1.061981 -0.769747
2.479823 1.343582 -0.922301
2.479823 1.343582 -0.922301
2.479823 1.343582 -0.922301
2.479823 1.343582 -0.922301
1.766119 0.3332152 -1.381757
1.766119 0.3332152 -1.381757
1.766119 0.3332152 -1.381757
1.766119 0.3332152 -1.381757
1.766119 0.3332152 -1.381757
1.766119 0.3332152 -1.381757
1.766119 0.3332152 -1.381757
1.766119 0.3332152 -1.381757
1.766119 0.3332152 -1.381757
1.766119 0.3332152 -1.381757
1.766119 0.3332152 -1.381757
1.766119 0.3332152 -1.381757
1.619875 0.4670396 -0.6382437
1.619875 0.4670396 -0.6382437
1.619875 0.4670396 -0.6382437
1.619875 0.4670396 -0.6382437
1.619875 0.4670396 -0.6382437
1.619875 0.4670396 -0.6382437
1.619875 0.4670396 -0.6382437
1.619875 0.4670396 -0.6382437
1.619875 0.4670396 -0.6382437
1.619875 0.4670396 -0.6382437
2.055068 1.06739 -1.095425
2.055068 1.06739 -1.095425
2.055068 1.06739 -1.095425
2.055068 1.06739 -1.095425
2.055068 1.06739 -1.095425
2.055068 1.06739 -1.095425
2.055068 1.06739 -1.095425
2.055068 1.06739 -1.095425
2.055068 1.06739 -1.095425
2.055068 1.06739 -1.095425
2.055068 1.06739 -1.095425
2.055068 1.06739 -1.095425
2.055068 1.06739 -1.095425
2.055068 1.06739 -1.095425
2.055068 1.06739 -1.095425
2.055068 1.06739 -1.095425
2.055068 1.06739 -1.095425
2.055068 1.06739 -1.095425
2.055068 1.06739 -1.095425
2.055068 1.06739 -1.095425
2.055068 1.06739 -1.095425
2.055068 1.06739 -1.095425
2.055068 1.06739 -1.095425
2.055068 1.06739 -1.095425
2.055068 1.06739 -1.095425
2.055068 1.06739 -1.095425
2.055068 1.06739 -1.095425
2.055068 1.06739 -1.095425
2.055068 1.06739 -1.095425
2.055068 1.06739 -1.095425
2.055068 1.06739 -1.095425
2.055068 1.06739 -1.095425
2.055068 1.06739 -1.095425
2.055068 1.06739 -1.095425
2.274593 1.294272 -1.196027
2.274593 1.294272 -1.196027
2.274593 1.294272 -1.196027
2.274593 1.294272 -1.196027
2.274593 1.294272 -1.196027
2.274593 1.294272 -1.196027
2.013093 1.800512 -0.8771534
2.013093 1.800512 -0.8771534
2.013093 1.800512 -0.8771534
2.013093 1.800512 -0.8771534
2.013093 1.800512 -0.8771534
2.013093 1.800512 -0.8771534
2.013093 1.800512 -0.8771534
2.013093 1.800512 -0.8771534
2.013093 1.800512 -0.8771534
2.013093 1.800512 -0.8771534
2.013093 1.800512 -0.8771534
2.013093 1.800512 -0.8771534
2.013093 1.800512 -0.8771534
2.014465 1.396838 -0.5189463
2.014465 1.396838 -0.5189463
2.014465 1.396838 -0.5189463
2.014465 1.396838 -0.5189463
2.014465 1.396838 -0.5189463
2.014465 1.396838 -0.5189463
2.014465 1.396838 -0.5189463
2.014465 1.396838 -0.5189463
2.014465 1.396838 -0.5189463
2.014465 1.396838 -0.5189463
2.014465 1.396838 -0.5189463
2.014465 1.396838 -0.5189463
2.014465 1.396838 -0.5189463
2.014465 1.396838 -0.5189463
2.014465 1.396838 -0.5189463
2.014465 1.396838 -0.5189463
2.014465 1.396838 -0.5189463
2.014465 1.396838 -0.5189463
2.014465 1.396838 -0.5189463
2.014465 1.396838 -0.5189463
2.014465 1.396838 -0.5189463
2.014465 1.396838 -0.5189463
2.014465 1.396838 -0.5189463
2.014465 1.396838 -0.5189463
2.014465 1.396838 -0.5189463
2.014465 1.396838 -0.5189463
2.014465 1.396838 -0.5189463
2.014465 1.396838 -0.5189463
2.014465 1.396838 -0.5189463
2.014465 1.396838 -0.5189463
2.014465 1.396838 -0.5189463
2.014465 1.396838 -0.5189463
2.014465 1.396838 -0.5189463
2.014465 1.396838 -0.5189463
2.014465 1.396838 -0.5189463
2.014465 1.396838 -0.5189463
2.014465 1.396838 -0.5189463
2.014465 1.396838 -0.5189463
2.014465 1.396838 -0.5189463
2.014465 1.396838 -0.5189463
2.014465 1.396838 -0.5189463
2.212127 1.596502 -0.6296806
2.212127 1.596502 -0.6296806
2.212127 1.596502 -0.6296806
2.212127 1.596502 -0.6296806
2.212127 1.596502 -0.6296806
2.212127 1.596502 -0.6296806
2.027815 2.098828 -0.7884738
2.027815 2.098828 -0.7884738
2.027815 2.098828 -0.7884738
2.027815 2.098828 -0.7884738
2.027815 2.098828 -0.7884738
2.027815 2.098828 -0.7884738
2.027815 2.098828 -0.7884738
2.027815 2.098828 -0.7884738
2.027815 2.098828 -0.7884738
2.027815 2.098828 -0.7884738
2.027815 2.098828 -0.7884738
2.027815 2.098828 -0.7884738
2.027815 2.098828 -0.7884738
2.027815 2.098828 -0.7884738
2.027815 2.098828 -0.7884738
2.027815 2.098828 -0.7884738
2.027815 2.098828 -0.7884738
2.027815 2.098828 -0.7884738
2.027815 2.098828 -0.7884738
2.027815 2.098828 -0.7884738
2.027815 2.098828 -0.7884738
2.027815 2.098828 -0.7884738
2.094492 0.9277594 -1.287433
2.094492 0.9277594 -1.287433
2.094492 0.9277594 -1.287433
2.094492 0.9277594 -1.287433
2.094492 0.9277594 -1.287433
2.177943 1.889 -0.771085
2.177943 1.889 -0.771085
2.177943 1.889 -0.771085
2.177943 1.889 -0.771085
2.177943 1.889 -0.771085
2.177943 1.889 -0.771085
2.177943 1.889 -0.771085
2.177943 1.889 -0.771085
2.177943 1.889 -0.771085
2.177943 1.889 -0.771085
2.177943 1.889 -0.771085
2.177943 1.889 -0.771085
2.177943 1.889 -0.771085
2.177943 1.889 -0.771085
2.177943 1.889 -0.771085
2.177943 1.889 -0.771085
2.177943 1.889 -0.771085
2.177943 1.889 -0.771085
2.177943 1.889 -0.771085
2.177943 1.889 -0.771085
2.177943 1.889 -0.771085
2.177943 1.889 -0.771085
2.177943 1.889 -0.771085
2.177943 1.889 -0.771085
2.177943 1.889 -0.771085
2.177943 1.889 -0.771085
2.177943 1.889 -0.771085
2.358369 2.123407 -0.928157
2.358369 2.123407 -0.928157
2.358369 2.123407 -0.928157
2.358369 2.123407 -0.928157
2.358369 2.123407 -0.928157
2.358369 2.123407 -0.928157
2.358369 2.123407 -0.928157
2.358369 2.123407 -0.928157
2.358369 2.123407 -0.928157
2.358369 2.123407 -0.928157
2.358369 2.123407 -0.928157
2.358369 2.123407 -0.928157
2.358369 2.123407 -0.928157
2.358369 2.123407 -0.928157
2.358369 2.123407 -0.928157
2.358369 2.123407 -0.928157
2.358369 2.123407 -0.928157
2.358369 2.123407 -0.928157
2.358369 2.123407 -0.928157
2.358369 2.123407 -0.928157
2.358369 2.123407 -0.928157
2.358369 2.123407 -0.928157
2.358369 2.123407 -0.928157
2.358369 2.123407 -0.928157
2.358369 2.123407 -0.928157
2.358369 2.123407 -0.928157
2.358369 2.123407 -0.928157
2.358369 2.123407 -0.928157
2.358369 2.123407 -0.928157
2.358369 2.123407 -0.928157
2.358369 2.123407 -0.928157
2.358369 2.123407 -0.928157
2.358369 2.123407 -0.928157
2.358369 2.123407 -0.928157
2.358369 2.123407 -0.928157
2.358369 2.123407 -0.928157
2.358369 2.123407 -0.928157
2.358369 2.123407 -0.928157
2.358369 2.123407 -0.928157
2.358369 2.123407 -0.928157
2.358369 2.123407 -0.928157
2.358369 2.123407 -0.928157
2.358369 2.123407 -0.928157
2.358369 2.123407 -0.928157
2.358369 2.123407 -0.928157
2.358369 2.123407 -0.928157
2.358369 2.123407 -0.928157
2.358369 2.123407 -0.928157
2.358369 2.123407 -0.928157
2.358369 2.123407 -0.928157
2.358369 2.123407 -0.928157
2.358369 2.123407 -0.928157
2.094186 1.328418 -0.8658888
2.094186 1.328418 -0.8658888
2.094186 1.328418 -0.8658888
2.094186 1.328418 -0.8658888
2.094186 1.328418 -0.8658888
2.094186 1.328418 -0.8658888
2.094186 1.328418 -0.8658888
2.094186 1.328418 -0.8658888
2.231204 1.552046 -1.003331
2.231204 1.552046 -1.003331
2.231204 1.552046 -1.003331
2.231204 1.552046 -1.003331
2.231204 1.552046 -1.003331
2.231204 1.552046 -1.003331
2.231204 1.552046 -1.003331
2.231204 1.552046 -1.003331
2.231204 1.552046 -1.003331
2.231204 1.552046 -1.003331
2.231204 1.552046 -1.003331
2.231204 1.552046 -1.003331
2.231204 1.552046 -1.003331
2.231204 1.552046 -1.003331
2.231204 1.552046 -1.003331
2.146862 2.538318 -0.5080093
2.146862 2.538318 -0.5080093
2.146862 2.538318 -0.5080093
2.146862 2.538318 -0.5080093
2.146862 2.538318 -0.5080093
2.146862 2.538318 -0.5080093
2.146862 2.538318 -0.5080093
2.146862 2.538318 -0.5080093
2.146862 2.538318 -0.5080093
2.146862 2.538318 -0.5080093
2.146862 2.538318 -0.5080093
2.146862 2.538318 -0.5080093
2.146862 2.538318 -0.5080093
2.146862 2.538318 -0.5080093
2.146862 2.538318 -0.5080093
2.146862 2.538318 -0.5080093
2.146862 2.538318 -0.5080093
2.146862 2.538318 -0.5080093
2.146862 2.538318 -0.5080093
2.146862 2.538318 -0.5080093
2.146862 2.538318 -0.5080093
2.146862 2.538318 -0.5080093
2.146862 2.538318 -0.5080093
2.146862 2.538318 -0.5080093
2.146862 2.538318 -0.5080093
2.404932 1.767534 -1.706138
2.404932 1.767534 -1.706138
2.404932 1.767534 -1.706138
2.404932 1.767534 -1.706138
2.404932 1.767534 -1.706138
2.404932 1.767534 -1.706138
2.404932 1.767534 -1.706138
2.404932 1.767534 -1.706138
2.404932 1.767534 -1.706138
2.404932 1.767534 -1.706138
2.404932 1.767534 -1.706138
2.404932 1.767534 -1.706138
2.404932 1.767534 -1.706138
2.404932 1.767534 -1.706138
2.404932 1.767534 -1.706138
2.404932 1.767534 -1.706138
2.404932 1.767534 -1.706138
2.404932 1.767534 -1.706138
2.404932 1.767534 -1.706138
2.404932 1.767534 -1.706138
2.529632 1.991785 -1.809811
2.529632 1.991785 -1.809811
2.529632 1.991785 -1.809811
2.529632 1.991785 -1.809811
2.529632 1.991785 -1.809811
2.529632 1.991785 -1.809811
2.529632 1.991785 -1.809811
2.529632 1.991785 -1.809811
2.529632 1.991785 -1.809811
2.545085 2.209983 -1.610999
2.545085 2.209983 -1.610999
2.545085 2.209983 -1.610999
2.545085 2.209983 -1.610999
2.545085 2.209983 -1.610999
2.545085 2.209983 -1.610999
2.545085 2.209983 -1.610999
2.545085 2.209983 -1.610999
2.545085 2.209983 -1.610999
2.545085 2.209983 -1.610999
2.545085 2.209983 -1.610999
2.545085 2.209983 -1.610999
2.545085 2.209983 -1.610999
2.410999 2.225848 -1.114022
2.410999 2.225848 -1.114022
2.410999 2.225848 -1.114022
2.410999 2.225848 -1.114022
2.410999 2.225848 -1.114022
2.410999 2.225848 -1.114022
2.410999 2.225848 -1.114022
2.410999 2.225848 -1.114022
2.410999 2.225848 -1.114022
2.410999 2.225848 -1.114022
2.410999 2.225848 -1.114022
2.410999 2.225848 -1.114022
2.410999 2.225848 -1.114022
2.410999 2.225848 -1.114022
2.410999 2.225848 -1.114022
2.410999 2.225848 -1.114022
2.410999 2.225848 -1.114022
2.410999 2.225848 -1.114022
2.410999 2.225848 -1.114022
2.410999 2.225848 -1.114022
2.410999 2.225848 -1.114022
2.410999 2.225848 -1.114022
2.410999 2.225848 -1.114022
2.410999 2.225848 -1.114022
2.410999 2.225848 -1.114022
2.410999 2.225848 -1.114022
2.410999 2.225848 -1.114022
2.410999 2.225848 -1.114022
2.410999 2.225848 -1.114022
2.410999 2.225848 -1.114022
2.410999 2.225848 -1.114022
2.410999 2.225848 -1.114022
2.410999 2.225848 -1.114022
2.410999 2.225848 -1.114022
2.410999 2.225848 -1.114022
2.410999 2.225848 -1.114022
2.410999 2.225848 -1.114022
2.410999 2.225848 -1.114022
2.515824 2.391007 -1.254803
2.515824 2.391007 -1.254803
2.515824 2.391007 -1.254803
2.515824 2.391007 -1.254803
2.515824 2.391007 -1.254803
2.515824 2.391007 -1.254803
2.515824 2.391007 -1.254803
2.515824 2.391007 -1.254803
2.515824 2.391007 -1.254803
2.515824 2.391007 -1.254803
2.515824 2.391007 -1.254803
2.515824 2.391007 -1.254803
2.515824 2.391007 -1.254803
2.515824 2.391007 -1.254803
2.515824 2.391007 -1.254803
2.515824 2.391007 -1.254803
2.515824 2.391007 -1.254803
2.515824 2.391007 -1.254803
2.515824 2.391007 -1.254803
2.515824 2.391007 -1.254803
2.515824 2.391007 -1.254803
2.515824 2.391007 -1.254803
2.515824 2.391007 -1.254803
2.515824 2.391007 -1.254803
2.515824 2.391007 -1.254803
2.515824 2.391007 -1.254803
2.515824 2.391007 -1.254803
2.515824 2.391007 -1.254803
2.515824 2.391007 -1.254803
2.318154 1.745274 -1.270039
2.318154 1.745274 -1.270039
2.318154 1.745274 -1.270039
2.318154 1.745274 -1.270039
2.318154 1.745274 -1.270039
2.318154 1.745274 -1.270039
2.318154 1.745274 -1.270039
2.318154 1.745274 -1.270039
2.318154 1.745274 -1.270039
2.318154 1.745274 -1.270039
2.318154 1.745274 -1.270039
2.318154 1.745274 -1.270039
2.318154 1.745274 -1.270039
2.318154 1.745274 -1.270039
2.318154 1.745274 -1.270039
2.318154 1.745274 -1.270039
2.318154 1.745274 -1.270039
2.318154 1.745274 -1.270039
2.318154 1.745274 -1.270039
2.318154 1.745274 -1.270039
2.318154 1.745274 -1.270039
2.318154 1.745274 -1.270039
2.318154 1.745274 -1.270039
2.318154 1.745274 -1.270039
2.318154 1.745274 -1.270039
2.318154 1.745274 -1.270039
2.318154 1.745274 -1.270039
2.318154 1.745274 -1.270039
2.318154 1.745274 -1.270039
2.318154 1.745274 -1.270039
2.318154 1.745274 -1.270039
2.463356 1.965363 -1.398764
2.463356 1.965363 -1.398764
2.463356 1.965363 -1.398764
2.463356 1.965363 -1.398764
2.463356 1.965363 -1.398764
2.463356 1.965363 -1.398764
2.463356 1.965363 -1.398764
2.463356 1.965363 -1.398764
2.463356 1.965363 -1.398764
2.463356 1.965363 -1.398764
2.463356 1.965363 -1.398764
2.463356 1.965363 -1.398764
2.463356 1.965363 -1.398764
2.463356 1.965363 -1.398764
2.463356 1.965363 -1.398764
2.463356 1.965363 -1.398764
2.463356 1.965363 -1.398764
2.463356 1.965363 -1.398764
2.463356 1.965363 -1.398764
2.463356 1.965363 -1.398764
2.463356 1.965363 -1.398764
2.463356 1.965363 -1.398764
2.463356 1.965363 -1.398764
2.463356 1.965363 -1.398764
2.463356 1.965363 -1.398764
2.463356 1.965363 -1.398764
2.463356 1.965363 -1.398764
2.463356 1.965363 -1.398764
2.463356 1.965363 -1.398764
2.463356 1.965363 -1.398764
2.463356 1.965363 -1.398764
2.463356 1.965363 -1.398764
2.463356 1.965363 -1.398764
2.463356 1.965363 -1.398764
2.463356 1.965363 -1.398764
2.463356 1.965363 -1.398764
2.463356 1.965363 -1.398764
2.463356 1.965363 -1.398764
2.463356 1.965363 -1.398764
2.463356 1.965363 -1.398764
2.463356 1.965363 -1.398764
2.463356 1.965363 -1.398764
2.463356 1.965363 -1.398764
2.463356 1.965363 -1.398764
2.463356 1.965363 -1.398764
2.463356 1.965363 -1.398764
2.463356 1.965363 -1.398764
2.463356 1.965363 -1.398764
2.463356 1.965363 -1.398764
2.463356 1.965363 -1.398764
2.463356 1.965363 -1.398764
2.463356 1.965363 -1.398764
2.463356 1.965363 -1.398764
2.463356 1.965363 -1.398764
2.463356 1.965363 -1.398764
2.463356 1.965363 -1.398764
2.463356 1.965363 -1.398764
2.463356 1.965363 -1.398764
2.463356 1.965363 -1.398764
2.463356 1.965363 -1.398764
2.496231 2.098784 -1.601894
2.496231 2.098784 -1.601894
2.496231 2.098784 -1.601894
2.496231 2.098784 -1.601894
2.496231 2.098784 -1.601894
2.496231 2.098784 -1.601894
2.496231 2.098784 -1.601894
2.496231 2.098784 -1.601894
2.496231 2.098784 -1.601894
2.496231 2.098784 -1.601894
2.496231 2.098784 -1.601894
2.496231 2.098784 -1.601894
2.496231 2.098784 -1.601894
2.496231 2.098784 -1.601894
2.496231 2.098784 -1.601894
2.496231 2.098784 -1.601894
2.496231 2.098784 -1.601894
2.496231 2.098784 -1.601894
2.496231 2.098784 -1.601894
2.496231 2.098784 -1.601894
2.496231 2.098784 -1.601894
2.496231 2.098784 -1.601894
2.496231 2.098784 -1.601894
2.496231 2.098784 -1.601894
2.496231 2.098784 -1.601894
2.496231 2.098784 -1.601894
2.496231 2.098784 -1.601894
2.496231 2.098784 -1.601894
2.496231 2.098784 -1.601894
2.496231 2.098784 -1.601894
2.496231 2.098784 -1.601894
2.496231 2.098784 -1.601894
2.496231 2.098784 -1.601894
2.496231 2.098784 -1.601894
2.496231 2.098784 -1.601894
2.496231 2.098784 -1.601894
2.496231 2.098784 -1.601894
2.496231 2.098784 -1.601894
2.496231 2.098784 -1.601894
2.496231 2.098784 -1.601894
2.496231 2.098784 -1.601894
2.496231 2.098784 -1.601894
2.496231 2.098784 -1.601894
2.496231 2.098784 -1.601894
2.496231 2.098784 -1.601894
2.496231 2.098784 -1.601894
2.496231 2.098784 -1.601894
2.496231 2.098784 -1.601894
2.496231 2.098784 -1.601894
2.496231 2.098784 -1.601894
2.496231 2.098784 -1.601894
2.496231 2.098784 -1.601894
2.496231 2.098784 -1.601894
2.496231 2.098784 -1.601894
2.496231 2.098784 -1.601894
2.496231 2.098784 -1.601894
2.496231 2.098784 -1.601894
2.496231 2.098784 -1.601894
2.496231 2.098784 -1.601894
2.496231 2.098784 -1.601894
2.505874 2.179742 -1.657665
2.505874 2.179742 -1.657665
2.505874 2.179742 -1.657665
2.505874 2.179742 -1.657665
2.505874 2.179742 -1.657665
2.505874 2.179742 -1.657665
2.505874 2.179742 -1.657665
2.505874 2.179742 -1.657665
2.505874 2.179742 -1.657665
2.505874 2.179742 -1.657665
2.505874 2.179742 -1.657665
2.505874 2.179742 -1.657665
2.505874 2.179742 -1.657665
2.505874 2.179742 -1.657665
2.505874 2.179742 -1.657665
2.505874 2.179742 -1.657665
2.505874 2.179742 -1.657665
2.505874 2.179742 -1.657665
2.505874 2.179742 -1.657665
2.505874 2.179742 -1.657665
2.505874 2.179742 -1.657665
2.505874 2.179742 -1.657665
2.505874 2.179742 -1.657665
2.505874 2.179742 -1.657665
2.505874 2.179742 -1.657665
2.505874 2.179742 -1.657665
2.505874 2.179742 -1.657665
2.505874 2.179742 -1.657665
2.505874 2.179742 -1.657665
2.505874 2.179742 -1.657665
2.505874 2.179742 -1.657665
2.505874 2.179742 -1.657665
2.505874 2.179742 -1.657665
2.505874 2.179742 -1.657665
2.505874 2.179742 -1.657665
2.505874 2.179742 -1.657665
2.505874 2.179742 -1.657665
2.505874 2.179742 -1.657665
2.505874 2.179742 -1.657665
2.505874 2.179742 -1.657665
2.505874 2.179742 -1.657665
2.505874 2.179742 -1.657665
2.505874 2.179742 -1.657665
2.505874 2.179742 -1.657665
2.505874 2.179742 -1.657665
2.505874 2.179742 -1.657665
2.505874 2.179742 -1.657665
2.505874 2.179742 -1.657665
2.505874 2.179742 -1.657665
2.505874 2.179742 -1.657665
2.505874 2.179742 -1.657665
2.505874 2.179742 -1.657665
2.505874 2.179742 -1.657665
2.505874 2.179742 -1.657665
2.505874 2.179742 -1.657665
2.505874 2.179742 -1.657665
2.505874 2.179742 -1.657665
2.505874 2.179742 -1.657665
2.505874 2.179742 -1.657665
2.505874 2.179742 -1.657665
2.50063 2.222285 -1.774073
2.50063 2.222285 -1.774073
2.50063 2.222285 -1.774073
2.530909 2.810094 -1.14421
2.530909 2.810094 -1.14421
2.530909 2.810094 -1.14421
2.530909 2.810094 -1.14421
2.530909 2.810094 -1.14421
2.530909 2.810094 -1.14421
2.530909 2.810094 -1.14421
2.530909 2.810094 -1.14421
2.530909 2.810094 -1.14421
2.530909 2.810094 -1.14421
2.530909 2.810094 -1.14421
2.530909 2.810094 -1.14421
2.530909 2.810094 -1.14421
2.530909 2.810094 -1.14421
2.530909 2.810094 -1.14421
2.406973 2.911644 -1.134758
2.406973 2.911644 -1.134758
2.406973 2.911644 -1.134758
2.406973 2.911644 -1.134758
2.406973 2.911644 -1.134758
2.406973 2.911644 -1.134758
2.406973 2.911644 -1.134758
2.406973 2.911644 -1.134758
2.406973 2.911644 -1.134758
2.406973 2.911644 -1.134758
2.406973 2.911644 -1.134758
2.406973 2.911644 -1.134758
2.406973 2.911644 -1.134758
2.406973 2.911644 -1.134758
2.406973 2.911644 -1.134758
2.406973 2.911644 -1.134758
2.406973 2.911644 -1.134758
2.406973 2.911644 -1.134758
2.406973 2.911644 -1.134758
2.406973 2.911644 -1.134758
2.406973 2.911644 -1.134758
2.406973 2.911644 -1.134758
2.406973 2.911644 -1.134758
2.406973 2.911644 -1.134758
2.406973 2.911644 -1.134758
2.406973 2.911644 -1.134758
2.406973 2.911644 -1.134758
2.354993 3.016509 -1.298164
2.354993 3.016509 -1.298164
2.354993 3.016509 -1.298164
2.354993 3.016509 -1.298164
2.354993 3.016509 -1.298164
2.354993 3.016509 -1.298164
2.36884 2.411774 -0.9137251
2.36884 2.411774 -0.9137251
2.36884 2.411774 -0.9137251
2.36884 2.411774 -0.9137251
2.36884 2.411774 -0.9137251
2.644006 2.908128 -1.059105
2.65243 3.264874 -1.587993
2.65243 3.264874 -1.587993
2.65243 3.264874 -1.587993
2.658173 3.252243 -1.653893
2.658173 3.252243 -1.653893
2.658173 3.252243 -1.653893
2.658173 3.252243 -1.653893
2.658173 3.252243 -1.653893
2.658173 3.252243 -1.653893
2.658173 3.252243 -1.653893
2.658173 3.252243 -1.653893
2.658173 3.252243 -1.653893
2.658173 3.252243 -1.653893
2.658173 3.252243 -1.653893
2.658173 3.252243 -1.653893
2.658173 3.252243 -1.653893
2.470486 2.399637 -1.649705
2.470486 2.399637 -1.649705
2.470486 2.399637 -1.649705
2.470486 2.399637 -1.649705
2.470486 2.399637 -1.649705
2.470486 2.399637 -1.649705
2.470486 2.399637 -1.649705
2.470486 2.399637 -1.649705
2.470486 2.399637 -1.649705
2.470486 2.399637 -1.649705
2.470486 2.399637 -1.649705
2.470486 2.399637 -1.649705
2.470486 2.399637 -1.649705
2.470486 2.399637 -1.649705
2.470486 2.399637 -1.649705
2.470486 2.399637 -1.649705
2.470486 2.399637 -1.649705
2.470486 2.399637 -1.649705
2.470486 2.399637 -1.649705
2.470486 2.399637 -1.649705
2.470486 2.399637 -1.649705
2.470486 2.399637 -1.649705
2.470486 2.399637 -1.649705
2.470486 2.399637 -1.649705
2.470486 2.399637 -1.649705
2.470486 2.399637 -1.649705
2.470486 2.399637 -1.649705
2.470486 2.399637 -1.649705
2.470486 2.399637 -1.649705
2.470486 2.399637 -1.649705
2.470486 2.399637 -1.649705
2.470486 2.399637 -1.649705
2.470486 2.399637 -1.649705
2.470486 2.399637 -1.649705
2.470486 2.399637 -1.649705
2.470486 2.399637 -1.649705
2.470486 2.399637 -1.649705
2.470486 2.399637 -1.649705
2.470486 2.399637 -1.649705
2.470486 2.399637 -1.649705
2.470486 2.399637 -1.649705
2.470486 2.399637 -1.649705
2.470486 2.399637 -1.649705
2.470486 2.399637 -1.649705
2.470486 2.399637 -1.649705
2.470486 2.399637 -1.649705
2.470486 2.399637 -1.649705
2.483241 2.41055 -1.75913
2.483241 2.41055 -1.75913
2.483241 2.41055 -1.75913
2.483241 2.41055 -1.75913
2.483241 2.41055 -1.75913
2.483241 2.41055 -1.75913
2.747563 2.638029 -1.61992
2.747563 2.638029 -1.61992
2.747563 2.638029 -1.61992
2.747563 2.638029 -1.61992
2.747563 2.638029 -1.61992
2.747563 2.638029 -1.61992
2.747563 2.638029 -1.61992
2.747563 2.638029 -1.61992
2.747563 2.638029 -1.61992
2.747563 2.638029 -1.61992
2.747563 2.638029 -1.61992
2.747563 2.638029 -1.61992
2.747563 2.638029 -1.61992
2.747563 2.638029 -1.61992
2.747563 2.638029 -1.61992
2.747563 2.638029 -1.61992
2.747563 2.638029 -1.61992
2.747563 2.638029 -1.61992
2.747563 2.638029 -1.61992
2.747563 2.638029 -1.61992
2.747563 2.638029 -1.61992
2.747563 2.638029 -1.61992
2.747563 2.638029 -1.61992
2.747563 2.638029 -1.61992
2.747563 2.638029 -1.61992
2.747563 2.638029 -1.61992
2.747563 2.638029 -1.61992
2.747563 2.638029 -1.61992
2.747563 2.638029 -1.61992
2.747563 2.638029 -1.61992
2.747563 2.638029 -1.61992
2.747563 2.638029 -1.61992
2.747563 2.638029 -1.61992
2.747563 2.638029 -1.61992
2.747563 2.638029 -1.61992
2.747563 2.638029 -1.61992
2.747563 2.638029 -1.61992
2.747563 2.638029 -1.61992
2.747563 2.638029 -1.61992
2.747563 2.638029 -1.61992
2.747563 2.638029 -1.61992
2.747563 2.638029 -1.61992
2.747563 2.638029 -1.61992
2.747563 2.638029 -1.61992
2.747563 2.638029 -1.61992
2.747563 2.638029 -1.61992
2.747563 2.638029 -1.61992
2.747563 2.638029 -1.61992
2.747563 2.638029 -1.61992
2.747563 2.638029 -1.61992
2.747563 2.638029 -1.61992
2.747563 2.638029 -1.61992
2.747563 2.638029 -1.61992
2.747563 2.638029 -1.61992
2.772508 2.564629 -1.670251
2.772508 2.564629 -1.670251
2.772508 2.564629 -1.670251
2.772508 2.564629 -1.670251
2.772508 2.564629 -1.670251
2.772508 2.564629 -1.670251
2.772508 2.564629 -1.670251
2.772508 2.564629 -1.670251
2.772508 2.564629 -1.670251
2.772508 2.564629 -1.670251
2.772508 2.564629 -1.670251
2.772508 2.564629 -1.670251
2.772508 2.564629 -1.670251
2.772508 2.564629 -1.670251
2.772508 2.564629 -1.670251
2.772508 2.564629 -1.670251
2.772508 2.564629 -1.670251
2.772508 2.564629 -1.670251
2.772508 2.564629 -1.670251
2.772508 2.564629 -1.670251
2.772508 2.564629 -1.670251
2.772508 2.564629 -1.670251
2.772508 2.564629 -1.670251
2.772508 2.564629 -1.670251
2.772508 2.564629 -1.670251
2.772508 2.564629 -1.670251
2.772508 2.564629 -1.670251
2.772508 2.564629 -1.670251
2.772508 2.564629 -1.670251
2.772508 2.564629 -1.670251
2.772508 2.564629 -1.670251
2.772508 2.564629 -1.670251
2.772508 2.564629 -1.670251
2.772508 2.564629 -1.670251
2.772508 2.564629 -1.670251
2.772508 2.564629 -1.670251
2.772508 2.564629 -1.670251
2.772508 2.564629 -1.670251
2.772508 2.564629 -1.670251
2.772508 2.564629 -1.670251
2.772508 2.564629 -1.670251
2.772508 2.564629 -1.670251
2.772508 2.564629 -1.670251
2.772508 2.564629 -1.670251
2.772508 2.564629 -1.670251
2.772508 2.564629 -1.670251
2.772508 2.564629 -1.670251
2.772508 2.564629 -1.670251
2.772508 2.564629 -1.670251
2.772508 2.564629 -1.670251
2.772508 2.564629 -1.670251
2.772508 2.564629 -1.670251
2.772508 2.564629 -1.670251
2.772508 2.564629 -1.670251
2.772508 2.564629 -1.670251
2.772508 2.564629 -1.670251
2.772508 2.564629 -1.670251
2.772508 2.564629 -1.670251
2.772508 2.564629 -1.670251
2.772508 2.564629 -1.670251
2.790185 2.509053 -1.457614
2.790185 2.509053 -1.457614
2.790185 2.509053 -1.457614
2.790185 2.509053 -1.457614
2.790185 2.509053 -1.457614
2.790185 2.509053 -1.457614
2.790185 2.509053 -1.457614
2.790185 2.509053 -1.457614
2.790185 2.509053 -1.457614
2.790185 2.509053 -1.457614
2.790185 2.509053 -1.457614
2.790185 2.509053 -1.457614
2.790185 2.509053 -1.457614
2.790185 2.509053 -1.457614
2.790185 2.509053 -1.457614
2.790185 2.509053 -1.457614
2.790185 2.509053 -1.457614
2.790185 2.509053 -1.457614
2.946242 2.867086 -1.981834
2.946242 2.867086 -1.981834
2.946242 2.867086 -1.981834
2.946242 2.867086 -1.981834
2.946242 2.867086 -1.981834
2.946242 2.867086 -1.981834
2.946242 2.867086 -1.981834
2.946242 2.867086 -1.981834
2.946242 2.867086 -1.981834
2.946242 2.867086 -1.981834
2.946242 2.867086 -1.981834
2.946242 2.867086 -1.981834
2.946242 2.867086 -1.981834
2.946242 2.867086 -1.981834
2.946242 2.867086 -1.981834
2.946242 2.867086 -1.981834
2.946242 2.867086 -1.981834
2.946242 2.867086 -1.981834
2.946242 2.867086 -1.981834
2.946242 2.867086 -1.981834
2.946242 2.867086 -1.981834
2.946242 2.867086 -1.981834
2.946242 2.867086 -1.981834
2.946242 2.867086 -1.981834
2.946242 2.867086 -1.981834
2.946242 2.867086 -1.981834
2.946242 2.867086 -1.981834
2.946242 2.867086 -1.981834
2.946242 2.867086 -1.981834
2.946242 2.867086 -1.981834
2.946242 2.867086 -1.981834
2.946242 2.867086 -1.981834
2.946242 2.867086 -1.981834
2.946242 2.867086 -1.981834
2.946242 2.867086 -1.981834
2.946242 2.867086 -1.981834
2.946242 2.867086 -1.981834
2.946242 2.867086 -1.981834
2.946242 2.867086 -1.981834
2.946242 2.867086 -1.981834
2.946242 2.867086 -1.981834
2.946242 2.867086 -1.981834
2.944175 2.863204 -1.951022
2.944175 2.863204 -1.951022
2.944175 2.863204 -1.951022
2.944175 2.863204 -1.951022
2.944175 2.863204 -1.951022
2.944175 2.863204 -1.951022
2.944175 2.863204 -1.951022
2.944175 2.863204 -1.951022
2.967619 2.311792 -2.334224
2.619333 2.042592 -2.199583
2.619333 2.042592 -2.199583
2.619333 2.042592 -2.199583
2.619333 2.042592 -2.199583
2.619333 2.042592 -2.199583
2.619333 2.042592 -2.199583
2.619333 2.042592 -2.199583
2.619333 2.042592 -2.199583
2.619333 2.042592 -2.199583
2.619333 2.042592 -2.199583
2.619333 2.042592 -2.199583
2.619333 2.042592 -2.199583
2.619333 2.042592 -2.199583
2.619333 2.042592 -2.199583
2.619333 2.042592 -2.199583
2.619333 2.042592 -2.199583
2.619333 2.042592 -2.199583
2.619333 2.042592 -2.199583
2.619333 2.042592 -2.199583
2.619333 2.042592 -2.199583
2.619333 2.042592 -2.199583
2.619333 2.042592 -2.199583
2.619333 2.042592 -2.199583
2.619333 2.042592 -2.199583
2.619333 2.042592 -2.199583
2.619333 2.042592 -2.199583
2.619333 2.042592 -2.199583
2.619333 2.042592 -2.199583
2.619333 2.042592 -2.199583
2.619333 2.042592 -2.199583
2.619333 2.042592 -2.199583
2.619333 2.042592 -2.199583
2.619333 2.042592 -2.199583
2.619333 2.042592 -2.199583
2.619333 2.042592 -2.199583
2.619333 2.042592 -2.199583
2.619333 2.042592 -2.199583
2.619333 2.042592 -2.199583
2.619333 2.042592 -2.199583
2.619333 2.042592 -2.199583
2.619333 2.042592 -2.199583
2.619333 2.042592 -2.199583
2.619333 2.042592 -2.199583
2.619333 2.042592 -2.199583
2.619333 2.042592 -2.199583
2.619333 2.042592 -2.199583
2.619333 2.042592 -2.199583
2.619333 2.042592 -2.199583
2.619333 2.042592 -2.199583
2.619333 2.042592 -2.199583
2.619333 2.042592 -2.199583
2.621522 2.050257 -2.204247
2.621522 2.050257 -2.204247
2.621522 2.050257 -2.204247
2.621522 2.050257 -2.204247
2.621522 2.050257 -2.204247
2.621522 2.050257 -2.204247
2.621522 2.050257 -2.204247
2.621522 2.050257 -2.204247
2.621522 2.050257 -2.204247
2.621522 2.050257 -2.204247
2.621522 2.050257 -2.204247
2.621522 2.050257 -2.204247
2.621522 2.050257 -2.204247
2.621522 2.050257 -2.204247
2.621522 2.050257 -2.204247
2.621522 2.050257 -2.204247
2.621522 2.050257 -2.204247
2.621522 2.050257 -2.204247
2.621522 2.050257 -2.204247
2.621522 2.050257 -2.204247
2.621522 2.050257 -2.204247
2.621522 2.050257 -2.204247
2.621522 2.050257 -2.204247
2.621522 2.050257 -2.204247
2.621522 2.050257 -2.204247
2.621522 2.050257 -2.204247
2.621522 2.050257 -2.204247
2.621522 2.050257 -2.204247
2.621522 2.050257 -2.204247
2.621522 2.050257 -2.204247
2.621522 2.050257 -2.204247
2.621522 2.050257 -2.204247
2.621522 2.050257 -2.204247
2.621522 2.050257 -2.204247
2.621522 2.050257 -2.204247
2.621522 2.050257 -2.204247
2.621522 2.050257 -2.204247
2.621522 2.050257 -2.204247
2.621522 2.050257 -2.204247
2.621522 2.050257 -2.204247
2.621522 2.050257 -2.204247
2.621522 2.050257 -2.204247
2.621522 2.050257 -2.204247
2.621522 2.050257 -2.204247
2.621522 2.050257 -2.204247
2.621522 2.050257 -2.204247
2.621522 2.050257 -2.204247
2.621522 2.050257 -2.204247
2.621522 2.050257 -2.204247
2.621522 2.050257 -2.204247
2.681164 2.39569 -2.207557
2.681164 2.39569 -2.207557
2.681164 2.39569 -2.207557
2.681164 2.39569 -2.207557
2.477201 2.422963 -1.392368
2.477201 2.422963 -1.392368
2.477201 2.422963 -1.392368
2.477201 2.422963 -1.392368
2.477201 2.422963 -1.392368
2.477201 2.422963 -1.392368
2.470314 2.493091 -1.449294
2.470314 2.493091 -1.449294
2.470314 2.493091 -1.449294
2.470314 2.493091 -1.449294
2.470314 2.493091 -1.449294
2.470314 2.493091 -1.449294
2.470314 2.493091 -1.449294
2.470314 2.493091 -1.449294
2.470314 2.493091 -1.449294
2.470314 2.493091 -1.449294
2.470314 2.493091 -1.449294
2.470314 2.493091 -1.449294
2.470314 2.493091 -1.449294
2.470314 2.493091 -1.449294
2.470314 2.493091 -1.449294
2.470314 2.493091 -1.449294
2.470314 2.493091 -1.449294
2.470314 2.493091 -1.449294
2.470314 2.493091 -1.449294
2.470314 2.493091 -1.449294
2.470314 2.493091 -1.449294
2.470314 2.493091 -1.449294
2.470314 2.493091 -1.449294
2.470314 2.493091 -1.449294
2.470314 2.493091 -1.449294
2.470314 2.493091 -1.449294
2.470314 2.493091 -1.449294
2.470314 2.493091 -1.449294
2.470314 2.493091 -1.449294
2.470314 2.493091 -1.449294
2.470314 2.493091 -1.449294
2.470314 2.493091 -1.449294
2.470314 2.493091 -1.449294
2.470314 2.493091 -1.449294
2.470314 2.493091 -1.449294
2.470314 2.493091 -1.449294
2.470314 2.493091 -1.449294
2.470314 2.493091 -1.449294
2.470314 2.493091 -1.449294
2.470314 2.493091 -1.449294
2.470314 2.493091 -1.449294
2.470314 2.493091 -1.449294
2.470314 2.493091 -1.449294
2.470314 2.493091 -1.449294
2.470314 2.493091 -1.449294
2.470314 2.493091 -1.449294
2.470314 2.493091 -1.449294
2.470314 2.493091 -1.449294
2.470314 2.493091 -1.449294
2.470314 2.493091 -1.449294
2.470314 2.493091 -1.449294
2.470314 2.493091 -1.449294
2.470314 2.493091 -1.449294
2.470314 2.493091 -1.449294
2.470314 2.493091 -1.449294
2.470314 2.493091 -1.449294
2.470314 2.493091 -1.449294
2.470314 2.493091 -1.449294
2.470314 2.493091 -1.449294
2.470314 2.493091 -1.449294
2.456276 2.564264 -1.615409
2.456276 2.564264 -1.615409
2.456276 2.564264 -1.615409
2.456276 2.564264 -1.615409
2.456276 2.564264 -1.615409
2.456276 2.564264 -1.615409
2.456276 2.564264 -1.615409
2.456276 2.564264 -1.615409
2.456276 2.564264 -1.615409
2.456276 2.564264 -1.615409
2.456276 2.564264 -1.615409
2.456276 2.564264 -1.615409
2.456276 2.564264 -1.615409
2.456276 2.564264 -1.615409
2.456276 2.564264 -1.615409
2.456276 2.564264 -1.615409
2.456276 2.564264 -1.615409
2.456276 2.564264 -1.615409
2.456276 2.564264 -1.615409
2.456276 2.564264 -1.615409
2.602995 1.983766 -1.679395
2.602995 1.983766 -1.679395
2.602995 1.983766 -1.679395
2.602995 1.983766 -1.679395
2.602995 1.983766 -1.679395
2.602995 1.983766 -1.679395
2.602995 1.983766 -1.679395
2.602995 1.983766 -1.679395
2.602995 1.983766 -1.679395
2.602995 1.983766 -1.679395
2.602995 1.983766 -1.679395
2.602995 1.983766 -1.679395
2.602995 1.983766 -1.679395
2.602995 1.983766 -1.679395
2.602995 1.983766 -1.679395
2.602995 1.983766 -1.679395
2.602995 1.983766 -1.679395
2.602995 1.983766 -1.679395
2.602995 1.983766 -1.679395
2.602995 1.983766 -1.679395
2.602995 1.983766 -1.679395
2.602995 1.983766 -1.679395
2.602995 1.983766 -1.679395
2.602995 1.983766 -1.679395
2.602995 1.983766 -1.679395
2.602995 1.983766 -1.679395
2.602995 1.983766 -1.679395
2.602995 1.983766 -1.679395
2.602995 1.983766 -1.679395
2.602995 1.983766 -1.679395
2.602995 1.983766 -1.679395
2.602995 1.983766 -1.679395
2.602995 1.983766 -1.679395
2.602995 1.983766 -1.679395
2.602995 1.983766 -1.679395
2.602995 1.983766 -1.679395
2.602995 1.983766 -1.679395
2.602995 1.983766 -1.679395
2.602995 1.983766 -1.679395
2.602995 1.983766 -1.679395
2.591865 2.041803 -1.657474
2.591865 2.041803 -1.657474
2.591865 2.041803 -1.657474
2.591865 2.041803 -1.657474
2.591865 2.041803 -1.657474
2.591865 2.041803 -1.657474
2.591865 2.041803 -1.657474
2.591865 2.041803 -1.657474
2.591865 2.041803 -1.657474
2.591865 2.041803 -1.657474
2.591865 2.041803 -1.657474
2.591865 2.041803 -1.657474
2.591865 2.041803 -1.657474
2.591865 2.041803 -1.657474
2.591865 2.041803 -1.657474
2.591865 2.041803 -1.657474
2.591865 2.041803 -1.657474
2.591865 2.041803 -1.657474
2.591865 2.041803 -1.657474
2.591865 2.041803 -1.657474
2.591865 2.041803 -1.657474
2.591865 2.041803 -1.657474
2.591865 2.041803 -1.657474
2.591865 2.041803 -1.657474
2.591865 2.041803 -1.657474
2.591865 2.041803 -1.657474
2.591865 2.041803 -1.657474
2.591865 2.041803 -1.657474
2.591865 2.041803 -1.657474
2.591865 2.041803 -1.657474
2.591865 2.041803 -1.657474
2.591865 2.041803 -1.657474
2.591865 2.041803 -1.657474
2.591865 2.041803 -1.657474
2.591865 2.041803 -1.657474
2.591865 2.041803 -1.657474
2.591865 2.041803 -1.657474
2.591865 2.041803 -1.657474
2.591865 2.041803 -1.657474
2.591865 2.041803 -1.657474
2.591865 2.041803 -1.657474
2.591865 2.041803 -1.657474
2.591865 2.041803 -1.657474
2.591865 2.041803 -1.657474
2.591865 2.041803 -1.657474
2.591865 2.041803 -1.657474
2.591865 2.041803 -1.657474
2.591865 2.041803 -1.657474
2.591865 2.041803 -1.657474
2.591865 2.041803 -1.657474
2.591865 2.041803 -1.657474
2.591865 2.041803 -1.657474
2.591865 2.041803 -1.657474
2.591865 2.041803 -1.657474
2.591865 2.041803 -1.657474
2.591865 2.041803 -1.657474
2.591865 2.041803 -1.657474
2.591865 2.041803 -1.657474
2.591865 2.041803 -1.657474
2.591865 2.041803 -1.657474
2.584616 2.091048 -1.551441
2.584616 2.091048 -1.551441
2.584616 2.091048 -1.551441
2.584616 2.091048 -1.551441
2.584616 2.091048 -1.551441
2.584616 2.091048 -1.551441
2.584616 2.091048 -1.551441
2.584616 2.091048 -1.551441
2.584616 2.091048 -1.551441
2.584616 2.091048 -1.551441
2.584616 2.091048 -1.551441
2.584616 2.091048 -1.551441
2.584616 2.091048 -1.551441
2.584616 2.091048 -1.551441
2.584616 2.091048 -1.551441
2.584616 2.091048 -1.551441
2.584616 2.091048 -1.551441
2.584616 2.091048 -1.551441
2.768424 2.317429 -1.702936
2.768424 2.317429 -1.702936
2.768424 2.317429 -1.702936
2.768424 2.317429 -1.702936
2.768424 2.317429 -1.702936
2.768424 2.317429 -1.702936
2.768424 2.317429 -1.702936
2.768424 2.317429 -1.702936
2.768424 2.317429 -1.702936
2.768424 2.317429 -1.702936
2.768424 2.317429 -1.702936
2.768424 2.317429 -1.702936
2.768424 2.317429 -1.702936
2.768424 2.317429 -1.702936
2.768424 2.317429 -1.702936
2.768424 2.317429 -1.702936
2.768424 2.317429 -1.702936
2.768424 2.317429 -1.702936
2.768424 2.317429 -1.702936
2.768424 2.317429 -1.702936
2.768424 2.317429 -1.702936
2.768424 2.317429 -1.702936
2.768424 2.317429 -1.702936
2.768424 2.317429 -1.702936
2.768424 2.317429 -1.702936
2.768424 2.317429 -1.702936
2.768424 2.317429 -1.702936
2.768424 2.317429 -1.702936
2.768424 2.317429 -1.702936
2.768424 2.317429 -1.702936
2.768424 2.317429 -1.702936
2.768424 2.317429 -1.702936
2.768424 2.317429 -1.702936
2.768424 2.317429 -1.702936
2.768424 2.317429 -1.702936
2.768424 2.317429 -1.702936
2.768424 2.317429 -1.702936
2.768424 2.317429 -1.702936
2.768424 2.317429 -1.702936
2.768424 2.317429 -1.702936
2.768424 2.317429 -1.702936
2.768424 2.317429 -1.702936
2.771367 2.334873 -1.666348
2.771367 2.334873 -1.666348
2.771367 2.334873 -1.666348
2.771367 2.334873 -1.666348
2.771367 2.334873 -1.666348
2.771367 2.334873 -1.666348
2.771367 2.334873 -1.666348
2.771367 2.334873 -1.666348
2.771367 2.334873 -1.666348
2.771367 2.334873 -1.666348
2.771367 2.334873 -1.666348
2.771367 2.334873 -1.666348
2.771367 2.334873 -1.666348
2.771367 2.334873 -1.666348
2.771367 2.334873 -1.666348
2.771367 2.334873 -1.666348
2.771367 2.334873 -1.666348
2.771367 2.334873 -1.666348
2.771367 2.334873 -1.666348
2.771367 2.334873 -1.666348
2.771367 2.334873 -1.666348
2.771367 2.334873 -1.666348
2.771367 2.334873 -1.666348
2.771367 2.334873 -1.666348
2.771367 2.334873 -1.666348
2.771367 2.334873 -1.666348
2.771367 2.334873 -1.666348
2.771367 2.334873 -1.666348
2.771367 2.334873 -1.666348
2.771367 2.334873 -1.666348
2.771367 2.334873 -1.666348
2.771367 2.334873 -1.666348
2.771367 2.334873 -1.666348
2.771367 2.334873 -1.666348
2.771367 2.334873 -1.666348
2.771367 2.334873 -1.666348
2.771367 2.334873 -1.666348
2.771367 2.334873 -1.666348
2.771367 2.334873 -1.666348
2.771367 2.334873 -1.666348
2.771367 2.334873 -1.666348
2.771367 2.334873 -1.666348
2.771367 2.334873 -1.666348
2.771367 2.334873 -1.666348
2.771367 2.334873 -1.666348
2.771367 2.334873 -1.666348
2.771367 2.334873 -1.666348
2.771367 2.334873 -1.666348
2.771367 2.334873 -1.666348
2.771367 2.334873 -1.666348
2.771367 2.334873 -1.666348
2.771367 2.334873 -1.666348
2.771367 2.334873 -1.666348
2.771367 2.334873 -1.666348
2.771367 2.334873 -1.666348
2.771367 2.334873 -1.666348
2.771367 2.334873 -1.666348
2.771367 2.334873 -1.666348
2.771367 2.334873 -1.666348
2.771367 2.334873 -1.666348
2.78991 2.318745 -1.647979
2.78991 2.318745 -1.647979
2.78991 2.318745 -1.647979
2.78991 2.318745 -1.647979
2.78991 2.318745 -1.647979
2.78991 2.318745 -1.647979
2.78991 2.318745 -1.647979
2.78991 2.318745 -1.647979
2.78991 2.318745 -1.647979
2.78991 2.318745 -1.647979
2.78991 2.318745 -1.647979
2.78991 2.318745 -1.647979
2.78991 2.318745 -1.647979
2.78991 2.318745 -1.647979
2.78991 2.318745 -1.647979
2.78991 2.318745 -1.647979
2.78991 2.318745 -1.647979
2.78991 2.318745 -1.647979
2.78991 2.318745 -1.647979
2.78991 2.318745 -1.647979
2.78991 2.318745 -1.647979
2.78991 2.318745 -1.647979
2.78991 2.318745 -1.647979
2.78991 2.318745 -1.647979
2.78991 2.318745 -1.647979
2.78991 2.318745 -1.647979
2.78991 2.318745 -1.647979
2.78991 2.318745 -1.647979
2.78991 2.318745 -1.647979
2.78991 2.318745 -1.647979
2.78991 2.318745 -1.647979
2.78991 2.318745 -1.647979
2.78991 2.318745 -1.647979
2.78991 2.318745 -1.647979
2.78991 2.318745 -1.647979
2.78991 2.318745 -1.647979
2.78991 2.318745 -1.647979
2.78991 2.318745 -1.647979
2.78991 2.318745 -1.647979
2.78991 2.318745 -1.647979
2.78991 2.318745 -1.647979
2.78991 2.318745 -1.647979
2.78991 2.318745 -1.647979
2.78991 2.318745 -1.647979
2.78991 2.318745 -1.647979
2.78991 2.318745 -1.647979
2.78991 2.318745 -1.647979
2.78991 2.318745 -1.647979
2.78991 2.318745 -1.647979
2.78991 2.318745 -1.647979
2.78991 2.318745 -1.647979
2.78991 2.318745 -1.647979
2.78991 2.318745 -1.647979
2.78991 2.318745 -1.647979
2.78991 2.318745 -1.647979
2.78991 2.318745 -1.647979
2.78991 2.318745 -1.647979
2.78991 2.318745 -1.647979
2.78991 2.318745 -1.647979
2.78991 2.318745 -1.647979
2.727607 2.284504 -1.629911
2.727607 2.284504 -1.629911
2.727607 2.284504 -1.629911
2.727607 2.284504 -1.629911
2.727607 2.284504 -1.629911
2.727607 2.284504 -1.629911
2.727607 2.284504 -1.629911
2.727607 2.284504 -1.629911
2.727607 2.284504 -1.629911
2.727607 2.284504 -1.629911
2.727607 2.284504 -1.629911
2.727607 2.284504 -1.629911
2.727607 2.284504 -1.629911
2.727607 2.284504 -1.629911
2.727607 2.284504 -1.629911
2.727607 2.284504 -1.629911
2.727607 2.284504 -1.629911
2.727607 2.284504 -1.629911
2.727607 2.284504 -1.629911
2.727607 2.284504 -1.629911
2.727607 2.284504 -1.629911
2.727607 2.284504 -1.629911
2.727607 2.284504 -1.629911
2.727607 2.284504 -1.629911
2.727607 2.284504 -1.629911
2.727607 2.284504 -1.629911
2.727607 2.284504 -1.629911
2.727607 2.284504 -1.629911
2.727607 2.284504 -1.629911
2.727607 2.284504 -1.629911
2.727607 2.284504 -1.629911
2.727607 2.284504 -1.629911
2.727607 2.284504 -1.629911
2.727607 2.284504 -1.629911
2.727607 2.284504 -1.629911
2.727607 2.284504 -1.629911
2.727607 2.284504 -1.629911
2.727607 2.284504 -1.629911
2.727607 2.284504 -1.629911
2.727607 2.284504 -1.629911
2.727607 2.284504 -1.629911
2.727607 2.284504 -1.629911
2.727607 2.284504 -1.629911
2.727607 2.284504 -1.629911
2.727607 2.284504 -1.629911
2.727607 2.284504 -1.629911
2.727607 2.284504 -1.629911
2.727607 2.284504 -1.629911
2.727607 2.284504 -1.629911
2.727607 2.284504 -1.629911
2.727607 2.284504 -1.629911
2.727607 2.284504 -1.629911
2.727607 2.284504 -1.629911
2.727607 2.284504 -1.629911
2.727607 2.284504 -1.629911
2.727607 2.284504 -1.629911
2.727607 2.284504 -1.629911
2.727607 2.284504 -1.629911
2.727607 2.284504 -1.629911
2.727607 2.284504 -1.629911
2.694467 2.250299 -1.749413
2.694467 2.250299 -1.749413
2.694467 2.250299 -1.749413
2.694467 2.250299 -1.749413
2.694467 2.250299 -1.749413
2.694467 2.250299 -1.749413
2.694467 2.250299 -1.749413
2.694467 2.250299 -1.749413
2.694467 2.250299 -1.749413
2.694467 2.250299 -1.749413
2.694467 2.250299 -1.749413
2.694467 2.250299 -1.749413
2.694467 2.250299 -1.749413
2.694467 2.250299 -1.749413
2.694467 2.250299 -1.749413
2.694467 2.250299 -1.749413
2.694467 2.250299 -1.749413
2.694467 2.250299 -1.749413
2.694467 2.250299 -1.749413
2.694467 2.250299 -1.749413
2.694467 2.250299 -1.749413
2.694467 2.250299 -1.749413
2.694467 2.250299 -1.749413
2.694467 2.250299 -1.749413
2.694467 2.250299 -1.749413
2.694467 2.250299 -1.749413
2.694467 2.250299 -1.749413
2.694467 2.250299 -1.749413
2.694467 2.250299 -1.749413
2.694467 2.250299 -1.749413
2.694467 2.250299 -1.749413
2.694467 2.250299 -1.749413
2.694467 2.250299 -1.749413
2.694467 2.250299 -1.749413
2.694467 2.250299 -1.749413
2.694467 2.250299 -1.749413
2.694467 2.250299 -1.749413
2.694467 2.250299 -1.749413
2.694467 2.250299 -1.749413
2.694467 2.250299 -1.749413
2.694467 2.250299 -1.749413
2.694467 2.250299 -1.749413
2.694467 2.250299 -1.749413
2.694467 2.250299 -1.749413
2.485187 2.589046 -1.511187
2.485187 2.589046 -1.511187
2.485187 2.589046 -1.511187
2.485187 2.589046 -1.511187
2.485187 2.589046 -1.511187
2.485187 2.589046 -1.511187
2.485187 2.589046 -1.511187
2.485187 2.589046 -1.511187
2.485187 2.589046 -1.511187
2.485187 2.589046 -1.511187
2.485187 2.589046 -1.511187
2.485187 2.589046 -1.511187
2.485187 2.589046 -1.511187
2.485187 2.589046 -1.511187
2.485187 2.589046 -1.511187
2.485187 2.589046 -1.511187
2.470507 2.747636 -1.34593
2.470507 2.747636 -1.34593
2.470507 2.747636 -1.34593
2.470507 2.747636 -1.34593
2.470507 2.747636 -1.34593
2.470507 2.747636 -1.34593
2.470507 2.747636 -1.34593
2.470507 2.747636 -1.34593
2.470507 2.747636 -1.34593
2.470507 2.747636 -1.34593
2.470507 2.747636 -1.34593
2.470507 2.747636 -1.34593
2.470507 2.747636 -1.34593
2.470507 2.747636 -1.34593
2.470507 2.747636 -1.34593
2.470507 2.747636 -1.34593
2.470507 2.747636 -1.34593
2.470507 2.747636 -1.34593
2.470507 2.747636 -1.34593
2.470507 2.747636 -1.34593
2.470507 2.747636 -1.34593
2.470507 2.747636 -1.34593
2.470507 2.747636 -1.34593
2.470507 2.747636 -1.34593
2.470507 2.747636 -1.34593
2.470507 2.747636 -1.34593
2.470507 2.747636 -1.34593
2.470507 2.747636 -1.34593
2.470507 2.747636 -1.34593
2.470507 2.747636 -1.34593
2.470507 2.747636 -1.34593
2.470507 2.747636 -1.34593
2.375287 2.123071 -1.706308
2.375287 2.123071 -1.706308
2.375287 2.123071 -1.706308
2.375287 2.123071 -1.706308
2.375287 2.123071 -1.706308
2.375287 2.123071 -1.706308
2.375287 2.123071 -1.706308
2.375287 2.123071 -1.706308
2.375287 2.123071 -1.706308
2.375287 2.123071 -1.706308
2.375287 2.123071 -1.706308
2.375287 2.123071 -1.706308
2.375287 2.123071 -1.706308
2.375287 2.123071 -1.706308
2.375287 2.123071 -1.706308
2.375287 2.123071 -1.706308
2.375287 2.123071 -1.706308
2.375287 2.123071 -1.706308
2.375287 2.123071 -1.706308
2.375287 2.123071 -1.706308
2.375287 2.123071 -1.706308
2.375287 2.123071 -1.706308
2.375287 2.123071 -1.706308
2.375287 2.123071 -1.706308
2.375287 2.123071 -1.706308
2.375287 2.123071 -1.706308
2.375287 2.123071 -1.706308
2.375287 2.123071 -1.706308
2.350343 2.262397 -1.689588
2.350343 2.262397 -1.689588
2.350343 2.262397 -1.689588
2.350343 2.262397 -1.689588
2.350343 2.262397 -1.689588
2.350343 2.262397 -1.689588
2.350343 2.262397 -1.689588
2.350343 2.262397 -1.689588
2.350343 2.262397 -1.689588
2.350343 2.262397 -1.689588
2.350343 2.262397 -1.689588
2.350343 2.262397 -1.689588
2.350343 2.262397 -1.689588
2.350343 2.262397 -1.689588
2.350343 2.262397 -1.689588
2.350343 2.262397 -1.689588
2.350343 2.262397 -1.689588
2.350343 2.262397 -1.689588
2.350343 2.262397 -1.689588
2.350343 2.262397 -1.689588
2.350343 2.262397 -1.689588
2.350343 2.262397 -1.689588
2.350343 2.262397 -1.689588
2.350343 2.262397 -1.689588
2.350343 2.262397 -1.689588
2.350343 2.262397 -1.689588
2.350343 2.262397 -1.689588
2.350343 2.262397 -1.689588
2.350343 2.262397 -1.689588
2.350343 2.262397 -1.689588
2.350343 2.262397 -1.689588
2.350343 2.262397 -1.689588
2.350343 2.262397 -1.689588
2.350343 2.262397 -1.689588
2.350343 2.262397 -1.689588
2.350343 2.262397 -1.689588
2.350343 2.262397 -1.689588
2.350343 2.262397 -1.689588
2.350343 2.262397 -1.689588
2.350343 2.262397 -1.689588
2.350343 2.262397 -1.689588
2.350343 2.262397 -1.689588
2.350343 2.262397 -1.689588
2.350343 2.262397 -1.689588
2.350343 2.262397 -1.689588
2.350343 2.262397 -1.689588
2.350343 2.262397 -1.689588
2.350343 2.262397 -1.689588
2.350343 2.262397 -1.689588
2.350343 2.262397 -1.689588
2.350343 2.262397 -1.689588
2.350343 2.262397 -1.689588
2.350343 2.262397 -1.689588
2.350343 2.262397 -1.689588
2.350343 2.262397 -1.689588
2.350343 2.262397 -1.689588
2.350343 2.262397 -1.689588
2.350343 2.262397 -1.689588
2.350343 2.262397 -1.689588
2.350343 2.262397 -1.689588
2.349689 2.348544 -1.824568
2.349689 2.348544 -1.824568
2.349689 2.348544 -1.824568
2.349689 2.348544 -1.824568
2.349689 2.348544 -1.824568
2.349689 2.348544 -1.824568
2.349689 2.348544 -1.824568
2.349689 2.348544 -1.824568
2.508298 2.111869 -1.248929
2.508298 2.111869 -1.248929
2.508298 2.111869 -1.248929
2.508298 2.111869 -1.248929
2.508298 2.111869 -1.248929
3.018877 2.761554 -1.837138
2.865486 3.063718 -1.610623
2.865486 3.063718 -1.610623
2.865486 3.063718 -1.610623
2.865486 3.063718 -1.610623
2.865486 3.063718 -1.610623
2.865486 3.063718 -1.610623
2.865486 3.063718 -1.610623
2.865486 3.063718 -1.610623
2.865486 3.063718 -1.610623
2.865486 3.063718 -1.610623
2.865486 3.063718 -1.610623
2.723507 2.280247 -1.634085
2.723507 2.280247 -1.634085
2.723507 2.280247 -1.634085
2.723507 2.280247 -1.634085
2.723507 2.280247 -1.634085
2.723507 2.280247 -1.634085
2.723507 2.280247 -1.634085
2.723507 2.280247 -1.634085
2.723507 2.280247 -1.634085
2.417057 2.810384 -1.453109
2.417057 2.810384 -1.453109
2.417057 2.810384 -1.453109
2.417057 2.810384 -1.453109
2.417057 2.810384 -1.453109
2.417057 2.810384 -1.453109
2.417057 2.810384 -1.453109
2.417057 2.810384 -1.453109
2.417057 2.810384 -1.453109
2.417057 2.810384 -1.453109
2.417057 2.810384 -1.453109
2.417057 2.810384 -1.453109
2.417057 2.810384 -1.453109
2.417057 2.810384 -1.453109
2.417057 2.810384 -1.453109
2.417057 2.810384 -1.453109
2.417057 2.810384 -1.453109
2.417057 2.810384 -1.453109
2.417057 2.810384 -1.453109
2.417057 2.810384 -1.453109
2.417057 2.810384 -1.453109
2.417057 2.810384 -1.453109
2.417057 2.810384 -1.453109
2.496924 2.953212 -0.8951859
2.496924 2.953212 -0.8951859
2.496924 2.953212 -0.8951859
2.498249 2.934063 -0.7066156
2.498249 2.934063 -0.7066156
2.498249 2.934063 -0.7066156
2.498249 2.934063 -0.7066156
2.498249 2.934063 -0.7066156
2.498249 2.934063 -0.7066156
2.498249 2.934063 -0.7066156
2.498249 2.934063 -0.7066156
2.498249 2.934063 -0.7066156
2.498249 2.934063 -0.7066156
2.498249 2.934063 -0.7066156
2.498249 2.934063 -0.7066156
2.498249 2.934063 -0.7066156
2.498249 2.934063 -0.7066156
2.498249 2.934063 -0.7066156
2.498249 2.934063 -0.7066156
2.498249 2.934063 -0.7066156
2.498249 2.934063 -0.7066156
2.498249 2.934063 -0.7066156
2.498249 2.934063 -0.7066156
2.498249 2.934063 -0.7066156
2.498249 2.934063 -0.7066156
2.498249 2.934063 -0.7066156
2.498249 2.934063 -0.7066156
2.498249 2.934063 -0.7066156
2.498249 2.934063 -0.7066156
2.498249 2.934063 -0.7066156
2.498249 2.934063 -0.7066156
2.498249 2.934063 -0.7066156
2.374601 3.306033 -1.016252
2.374601 3.306033 -1.016252
2.374601 3.306033 -1.016252
2.374601 3.306033 -1.016252
2.374601 3.306033 -1.016252
2.374601 3.306033 -1.016252
2.374601 3.306033 -1.016252
2.374601 3.306033 -1.016252
2.374601 3.306033 -1.016252
2.374601 3.306033 -1.016252
2.374601 3.306033 -1.016252
2.374601 3.306033 -1.016252
2.374601 3.306033 -1.016252
2.374601 3.306033 -1.016252
2.374601 3.306033 -1.016252
2.374601 3.306033 -1.016252
2.374601 3.306033 -1.016252
2.374601 3.306033 -1.016252
2.374601 3.306033 -1.016252
2.374601 3.306033 -1.016252
2.374601 3.306033 -1.016252
2.374601 3.306033 -1.016252
2.374601 3.306033 -1.016252
2.330188 2.996851 -0.7526798
2.330188 2.996851 -0.7526798
2.330188 2.996851 -0.7526798
2.330188 2.996851 -0.7526798
2.330188 2.996851 -0.7526798
2.330188 2.996851 -0.7526798
2.330188 2.996851 -0.7526798
2.330188 2.996851 -0.7526798
2.342155 2.881048 -0.7662349
2.342155 2.881048 -0.7662349
2.342155 2.881048 -0.7662349
2.342155 2.881048 -0.7662349
2.342155 2.881048 -0.7662349
2.342155 2.881048 -0.7662349
2.342155 2.881048 -0.7662349
2.342155 2.881048 -0.7662349
2.342155 2.881048 -0.7662349
2.342155 2.881048 -0.7662349
2.342155 2.881048 -0.7662349
2.342155 2.881048 -0.7662349
2.342155 2.881048 -0.7662349
2.342155 2.881048 -0.7662349
2.342155 2.881048 -0.7662349
2.342155 2.881048 -0.7662349
2.342155 2.881048 -0.7662349
2.342155 2.881048 -0.7662349
2.342155 2.881048 -0.7662349
2.342155 2.881048 -0.7662349
2.342155 2.881048 -0.7662349
2.342155 2.881048 -0.7662349
2.342155 2.881048 -0.7662349
2.342155 2.881048 -0.7662349
2.342155 2.881048 -0.7662349
2.342155 2.881048 -0.7662349
2.342155 2.881048 -0.7662349
2.342155 2.881048 -0.7662349
2.342155 2.881048 -0.7662349
2.342155 2.881048 -0.7662349
2.342155 2.881048 -0.7662349
2.342155 2.881048 -0.7662349
2.342155 2.881048 -0.7662349
2.342155 2.881048 -0.7662349
2.342155 2.881048 -0.7662349
2.342155 2.881048 -0.7662349
2.342155 2.881048 -0.7662349
2.342155 2.881048 -0.7662349
2.342155 2.881048 -0.7662349
2.342155 2.881048 -0.7662349
2.342155 2.881048 -0.7662349
2.342155 2.881048 -0.7662349
2.342155 2.881048 -0.7662349
2.342155 2.881048 -0.7662349
2.342155 2.881048 -0.7662349
2.342155 2.881048 -0.7662349
2.156172 2.682092 -0.9561072
2.156172 2.682092 -0.9561072
2.156172 2.682092 -0.9561072
2.156172 2.682092 -0.9561072
2.156172 2.682092 -0.9561072
2.156172 2.682092 -0.9561072
2.156172 2.682092 -0.9561072
2.156172 2.682092 -0.9561072
2.156172 2.682092 -0.9561072
2.156172 2.682092 -0.9561072
2.156172 2.682092 -0.9561072
2.156172 2.682092 -0.9561072
2.156172 2.682092 -0.9561072
2.861743 2.473524 -1.613895
