-0.1158763 0.4241924 0.716824
-0.1158763 0.4241924 0.716824
0.2297955 -1.410143 -0.7742783
0.2297955 -1.410143 -0.7742783
0.2297955 -1.410143 -0.7742783
0.2297955 -1.410143 -0.7742783
0.2297955 -1.410143 -0.7742783
0.2297955 -1.410143 -0.7742783
0.2297955 -1.410143 -0.7742783
0.01409737 -1.886441 -2.128299
0.01409737 -1.886441 -2.128299
0.01409737 -1.886441 -2.128299
0.01409737 -1.886441 -2.128299
0.01409737 -1.886441 -2.128299
0.4864416 -0.4717264 -2.67587
0.4864416 -0.4717264 -2.67587
0.4864416 -0.4717264 -2.67587
0.4864416 -0.4717264 -2.67587
0.4864416 -0.4717264 -2.67587
0.4864416 -0.4717264 -2.67587
0.2824394 -0.90635 -1.309459
0.2824394 -0.90635 -1.309459
0.2824394 -0.90635 -1.309459
0.2824394 -0.90635 -1.309459
0.2824394 -0.90635 -1.309459
0.2824394 -0.90635 -1.309459
0.2824394 -0.90635 -1.309459
0.8492945 -0.2057663 -0.7170051
0.8492945 -0.2057663 -0.7170051
0.8492945 -0.2057663 -0.7170051
0.8492945 -0.2057663 -0.7170051
0.8492945 -0.2057663 -0.7170051
0.8492945 -0.2057663 -0.7170051
0.8492945 -0.2057663 -0.7170051
0.8492945 -0.2057663 -0.7170051
1.453454 -0.3431219 -0.3817418
1.453454 -0.3431219 -0.3817418
1.339814 -0.370355 0.1084126
1.339814 -0.370355 0.1084126
1.339814 -0.370355 0.1084126
1.339814 -0.370355 0.1084126
1.339814 -0.370355 0.1084126
1.339814 -0.370355 0.1084126
1.339814 -0.370355 0.1084126
1.339814 -0.370355 0.1084126
1.339814 -0.370355 0.1084126
1.339814 -0.370355 0.1084126
1.339814 -0.370355 0.1084126
1.330157 0.6962522 -0.03303492
1.330157 0.6962522 -0.03303492
1.330157 0.6962522 -0.03303492
1.330157 0.6962522 -0.03303492
1.330157 0.6962522 -0.03303492
1.330157 0.6962522 -0.03303492
1.330157 0.6962522 -0.03303492
1.330157 0.6962522 -0.03303492
1.330157 0.6962522 -0.03303492
1.330157 0.6962522 -0.03303492
1.330157 0.6962522 -0.03303492
1.330157 0.6962522 -0.03303492
1.330157 0.6962522 -0.03303492
1.330157 0.6962522 -0.03303492
1.330157 0.6962522 -0.03303492
1.330157 0.6962522 -0.03303492
1.330157 0.6962522 -0.03303492
1.330157 0.6962522 -0.03303492
1.330157 0.6962522 -0.03303492
1.330157 0.6962522 -0.03303492
1.964886 1.226937 -0.8699629
1.964886 1.226937 -0.8699629
1.964886 1.226937 -0.8699629
1.964886 1.226937 -0.8699629
1.964886 1.226937 -0.8699629
1.964886 1.226937 -0.8699629
1.964886 1.226937 -0.8699629
1.964886 1.226937 -0.8699629
1.964886 1.226937 -0.8699629
1.964886 1.226937 -0.8699629
1.964886 1.226937 -0.8699629
1.964886 1.226937 -0.8699629
1.964886 1.226937 -0.8699629
1.964886 1.226937 -0.8699629
1.964886 1.226937 -0.8699629
1.58493 1.60002 -0.3756689
1.58493 1.60002 -0.3756689
1.58493 1.60002 -0.3756689
1.618578 1.207585 -0.9102018
1.618578 1.207585 -0.9102018
1.618578 1.207585 -0.9102018
1.618578 1.207585 -0.9102018
1.618578 1.207585 -0.9102018
1.618578 1.207585 -0.9102018
1.618578 1.207585 -0.9102018
1.618578 1.207585 -0.9102018
1.618578 1.207585 -0.9102018
1.618578 1.207585 -0.9102018
1.618578 1.207585 -0.9102018
1.618578 1.207585 -0.9102018
1.618578 1.207585 -0.9102018
1.618578 1.207585 -0.9102018
1.618578 1.207585 -0.9102018
1.618578 1.207585 -0.9102018
1.618578 1.207585 -0.9102018
1.618578 1.207585 -0.9102018
1.618578 1.207585 -0.9102018
1.618578 1.207585 -0.9102018
1.618578 1.207585 -0.9102018
1.618578 1.207585 -0.9102018
1.618578 1.207585 -0.9102018
1.618578 1.207585 -0.9102018
1.618578 1.207585 -0.9102018
1.618578 1.207585 -0.9102018
1.618578 1.207585 -0.9102018
1.618578 1.207585 -0.9102018
1.618578 1.207585 -0.9102018
1.618578 1.207585 -0.9102018
1.618578 1.207585 -0.9102018
1.618578 1.207585 -0.9102018
1.618578 1.207585 -0.9102018
1.618578 1.207585 -0.9102018
1.249231 0.5454487 -0.4425471
1.249231 0.5454487 -0.4425471
1.249231 0.5454487 -0.4425471
1.249231 0.5454487 -0.4425471
1.249231 0.5454487 -0.4425471
1.792095 1.821983 -0.5885222
1.792095 1.821983 -0.5885222
1.792095 1.821983 -0.5885222
1.792095 1.821983 -0.5885222
1.792095 1.821983 -0.5885222
1.792095 1.821983 -0.5885222
1.792095 1.821983 -0.5885222
1.792095 1.821983 -0.5885222
1.792095 1.821983 -0.5885222
1.792095 1.821983 -0.5885222
1.792095 1.821983 -0.5885222
1.792095 1.821983 -0.5885222
1.792095 1.821983 -0.5885222
1.792095 1.821983 -0.5885222
1.792095 1.821983 -0.5885222
1.792095 1.821983 -0.5885222
1.792095 1.821983 -0.5885222
1.792095 1.821983 -0.5885222
1.792095 1.821983 -0.5885222
1.792095 1.821983 -0.5885222
1.792095 1.821983 -0.5885222
1.792095 1.821983 -0.5885222
1.792095 1.821983 -0.5885222
1.792095 1.821983 -0.5885222
1.792095 1.821983 -0.5885222
1.792095 1.821983 -0.5885222
1.792095 1.821983 -0.5885222
1.792095 1.821983 -0.5885222
1.792095 1.821983 -0.5885222
1.792095 1.821983 -0.5885222
1.792095 1.821983 -0.5885222
1.792095 1.821983 -0.5885222
1.792095 1.821983 -0.5885222
1.792095 1.821983 -0.5885222
1.792095 1.821983 -0.5885222
1.792095 1.821983 -0.5885222
1.792095 1.821983 -0.5885222
1.792095 1.821983 -0.5885222
1.929675 1.110829 -0.8352813
1.929675 1.110829 -0.8352813
1.647109 1.083829 -0.9110828
1.647109 1.083829 -0.9110828
1.647109 1.083829 -0.9110828
1.647109 1.083829 -0.9110828
1.647109 1.083829 -0.9110828
1.647109 1.083829 -0.9110828
1.647109 1.083829 -0.9110828
1.647109 1.083829 -0.9110828
1.647109 1.083829 -0.9110828
1.647109 1.083829 -0.9110828
1.647109 1.083829 -0.9110828
1.466969 0.9955665 -0.8686668
1.466969 0.9955665 -0.8686668
1.466969 0.9955665 -0.8686668
1.466969 0.9955665 -0.8686668
1.836592 1.297949 -1.044351
1.836592 1.297949 -1.044351
1.836592 1.297949 -1.044351
1.836592 1.297949 -1.044351
1.836592 1.297949 -1.044351
1.836592 1.297949 -1.044351
1.836592 1.297949 -1.044351
1.836592 1.297949 -1.044351
1.836592 1.297949 -1.044351
1.836592 1.297949 -1.044351
1.836592 1.297949 -1.044351
1.836592 1.297949 -1.044351
1.836592 1.297949 -1.044351
1.836592 1.297949 -1.044351
1.836592 1.297949 -1.044351
1.836592 1.297949 -1.044351
1.836592 1.297949 -1.044351
1.836592 1.297949 -1.044351
1.836592 1.297949 -1.044351
1.836592 1.297949 -1.044351
1.836592 1.297949 -1.044351
1.836592 1.297949 -1.044351
1.836592 1.297949 -1.044351
1.836592 1.297949 -1.044351
1.836592 1.297949 -1.044351
1.836592 1.297949 -1.044351
1.836592 1.297949 -1.044351
1.711717 1.394437 -0.4490673
1.711717 1.394437 -0.4490673
1.711717 1.394437 -0.4490673
1.711717 1.394437 -0.4490673
1.711717 1.394437 -0.4490673
1.711717 1.394437 -0.4490673
1.711717 1.394437 -0.4490673
1.711717 1.394437 -0.4490673
1.711717 1.394437 -0.4490673
1.711717 1.394437 -0.4490673
1.711717 1.394437 -0.4490673
1.711717 1.394437 -0.4490673
1.711717 1.394437 -0.4490673
1.711717 1.394437 -0.4490673
1.711717 1.394437 -0.4490673
1.711717 1.394437 -0.4490673
1.711717 1.394437 -0.4490673
1.711717 1.394437 -0.4490673
1.711717 1.394437 -0.4490673
1.711717 1.394437 -0.4490673
1.711717 1.394437 -0.4490673
1.711717 1.394437 -0.4490673
1.711717 1.394437 -0.4490673
1.711717 1.394437 -0.4490673
1.711717 1.394437 -0.4490673
1.711717 1.394437 -0.4490673
1.711717 1.394437 -0.4490673
1.711717 1.394437 -0.4490673
1.711717 1.394437 -0.4490673
1.711717 1.394437 -0.4490673
1.711717 1.394437 -0.4490673
1.711717 1.394437 -0.4490673
1.711717 1.394437 -0.4490673
1.958206 1.610329 -0.5426479
1.958206 1.610329 -0.5426479
1.958206 1.610329 -0.5426479
1.958206 1.610329 -0.5426479
1.958206 1.610329 -0.5426479
1.958206 1.610329 -0.5426479
1.958206 1.610329 -0.5426479
1.958206 1.610329 -0.5426479
1.958206 1.610329 -0.5426479
1.958206 1.610329 -0.5426479
1.958206 1.610329 -0.5426479
1.958206 1.610329 -0.5426479
1.958206 1.610329 -0.5426479
1.958206 1.610329 -0.5426479
1.958206 1.610329 -0.5426479
1.958206 1.610329 -0.5426479
1.958206 1.610329 -0.5426479
1.958206 1.610329 -0.5426479
1.958206 1.610329 -0.5426479
1.958206 1.610329 -0.5426479
1.958206 1.610329 -0.5426479
1.958206 1.610329 -0.5426479
1.958206 1.610329 -0.5426479
1.958206 1.610329 -0.5426479
1.958206 1.610329 -0.5426479
1.958206 1.610329 -0.5426479
1.958206 1.610329 -0.5426479
1.958206 1.610329 -0.5426479
1.958206 1.610329 -0.5426479
1.958206 1.610329 -0.5426479
1.958206 1.610329 -0.5426479
1.958206 1.610329 -0.5426479
1.958206 1.610329 -0.5426479
1.958206 1.610329 -0.5426479
1.958206 1.610329 -0.5426479
1.958206 1.610329 -0.5426479
1.958206 1.610329 -0.5426479
1.958206 1.610329 -0.5426479
1.958206 1.610329 -0.5426479
1.958206 1.610329 -0.5426479
1.958206 1.610329 -0.5426479
1.958206 1.610329 -0.5426479
1.958206 1.610329 -0.5426479
1.958206 1.610329 -0.5426479
1.958206 1.610329 -0.5426479
1.958206 1.610329 -0.5426479
1.958206 1.610329 -0.5426479
1.958206 1.610329 -0.5426479
1.958206 1.610329 -0.5426479
1.958206 1.610329 -0.5426479
1.958206 1.610329 -0.5426479
1.958206 1.610329 -0.5426479
1.958206 1.610329 -0.5426479
1.958206 1.610329 -0.5426479
1.958206 1.610329 -0.5426479
1.958206 1.610329 -0.5426479
1.958206 1.610329 -0.5426479
1.958206 1.610329 -0.5426479
1.958206 1.610329 -0.5426479
1.958206 1.610329 -0.5426479
2.158679 1.782701 -0.6739622
2.158679 1.782701 -0.6739622
2.158679 1.782701 -0.6739622
2.158679 1.782701 -0.6739622
2.158679 1.782701 -0.6739622
2.158679 1.782701 -0.6739622
2.158679 1.782701 -0.6739622
2.158679 1.782701 -0.6739622
2.158679 1.782701 -0.6739622
2.158679 1.782701 -0.6739622
2.480986 2.344169 -1.693803
2.480986 2.344169 -1.693803
2.480986 2.344169 -1.693803
2.480986 2.344169 -1.693803
2.480986 2.344169 -1.693803
2.480986 2.344169 -1.693803
2.243842 1.839871 -0.9711937
2.243842 1.839871 -0.9711937
2.243842 1.839871 -0.9711937
2.243842 1.839871 -0.9711937
2.243842 1.839871 -0.9711937
2.243842 1.839871 -0.9711937
2.243842 1.839871 -0.9711937
2.243842 1.839871 -0.9711937
2.243842 1.839871 -0.9711937
2.243842 1.839871 -0.9711937
2.453656 2.3848 -1.778553
1.67399 1.65868 -0.7679554
1.67399 1.65868 -0.7679554
1.67399 1.65868 -0.7679554
1.67399 1.65868 -0.7679554
1.67399 1.65868 -0.7679554
1.67399 1.65868 -0.7679554
1.67399 1.65868 -0.7679554
1.67399 1.65868 -0.7679554
1.67399 1.65868 -0.7679554
1.67399 1.65868 -0.7679554
1.67399 1.65868 -0.7679554
1.67399 1.65868 -0.7679554
1.67399 1.65868 -0.7679554
1.67399 1.65868 -0.7679554
1.67399 1.65868 -0.7679554
1.67399 1.65868 -0.7679554
1.67399 1.65868 -0.7679554
1.67399 1.65868 -0.7679554
1.67399 1.65868 -0.7679554
1.67399 1.65868 -0.7679554
1.67399 1.65868 -0.7679554
1.67399 1.65868 -0.7679554
1.67399 1.65868 -0.7679554
1.67399 1.65868 -0.7679554
1.67399 1.65868 -0.7679554
1.67399 1.65868 -0.7679554
1.67399 1.65868 -0.7679554
1.67399 1.65868 -0.7679554
1.67399 1.65868 -0.7679554
1.67399 1.65868 -0.7679554
1.67399 1.65868 -0.7679554
1.67399 1.65868 -0.7679554
1.67399 1.65868 -0.7679554
1.866286 1.877328 -0.8823489
1.866286 1.877328 -0.8823489
1.866286 1.877328 -0.8823489
1.866286 1.877328 -0.8823489
1.866286 1.877328 -0.8823489
1.866286 1.877328 -0.8823489
1.866286 1.877328 -0.8823489
1.866286 1.877328 -0.8823489
1.866286 1.877328 -0.8823489
1.866286 1.877328 -0.8823489
1.866286 1.877328 -0.8823489
1.866286 1.877328 -0.8823489
1.866286 1.877328 -0.8823489
1.866286 1.877328 -0.8823489
1.866286 1.877328 -0.8823489
1.866286 1.877328 -0.8823489
1.866286 1.877328 -0.8823489
1.866286 1.877328 -0.8823489
1.866286 1.877328 -0.8823489
1.866286 1.877328 -0.8823489
1.866286 1.877328 -0.8823489
1.866286 1.877328 -0.8823489
1.866286 1.877328 -0.8823489
1.866286 1.877328 -0.8823489
1.866286 1.877328 -0.8823489
1.866286 1.877328 -0.8823489
1.866286 1.877328 -0.8823489
1.866286 1.877328 -0.8823489
1.866286 1.877328 -0.8823489
1.866286 1.877328 -0.8823489
1.866286 1.877328 -0.8823489
1.866286 1.877328 -0.8823489
1.866286 1.877328 -0.8823489
1.866286 1.877328 -0.8823489
1.866286 1.877328 -0.8823489
1.866286 1.877328 -0.8823489
1.866286 1.877328 -0.8823489
1.866286 1.877328 -0.8823489
1.866286 1.877328 -0.8823489
1.866286 1.877328 -0.8823489
1.866286 1.877328 -0.8823489
1.866286 1.877328 -0.8823489
1.866286 1.877328 -0.8823489
1.866286 1.877328 -0.8823489
1.866286 1.877328 -0.8823489
1.866286 1.877328 -0.8823489
1.866286 1.877328 -0.8823489
1.866286 1.877328 -0.8823489
1.866286 1.877328 -0.8823489
1.866286 1.877328 -0.8823489
1.866286 1.877328 -0.8823489
1.866286 1.877328 -0.8823489
1.866286 1.877328 -0.8823489
1.866286 1.877328 -0.8823489
1.866286 1.877328 -0.8823489
1.885804 2.200203 -0.5730899
1.885804 2.200203 -0.5730899
1.885804 2.200203 -0.5730899
1.885804 2.200203 -0.5730899
1.885804 2.200203 -0.5730899
2.069746 2.405786 -0.7267813
2.069746 2.405786 -0.7267813
2.069746 2.405786 -0.7267813
2.069746 2.405786 -0.7267813
2.069746 2.405786 -0.7267813
2.069746 2.405786 -0.7267813
2.069746 2.405786 -0.7267813
2.069746 2.405786 -0.7267813
2.069746 2.405786 -0.7267813
2.069746 2.405786 -0.7267813
2.069746 2.405786 -0.7267813
2.069746 2.405786 -0.7267813
2.069746 2.405786 -0.7267813
2.069746 2.405786 -0.7267813
2.069746 2.405786 -0.7267813
2.069746 2.405786 -0.7267813
2.069746 2.405786 -0.7267813
2.069746 2.405786 -0.7267813
2.069746 2.405786 -0.7267813
2.069746 2.405786 -0.7267813
2.069746 2.405786 -0.7267813
2.069746 2.405786 -0.7267813
2.069746 2.405786 -0.7267813
2.069746 2.405786 -0.7267813
2.069746 2.405786 -0.7267813
2.069746 2.405786 -0.7267813
2.069746 2.405786 -0.7267813
2.069746 2.405786 -0.7267813
2.069746 2.405786 -0.7267813
2.069746 2.405786 -0.7267813
2.069746 2.405786 -0.7267813
2.069746 2.405786 -0.7267813
2.069746 2.405786 -0.7267813
2.069746 2.405786 -0.7267813
2.069746 2.405786 -0.7267813
2.069746 2.405786 -0.7267813
2.069746 2.405786 -0.7267813
2.069746 2.405786 -0.7267813
2.069746 2.405786 -0.7267813
2.069746 2.405786 -0.7267813
2.069746 2.405786 -0.7267813
2.069746 2.405786 -0.7267813
2.069746 2.405786 -0.7267813
2.069746 2.405786 -0.7267813
2.069746 2.405786 -0.7267813
2.069746 2.405786 -0.7267813
2.069746 2.405786 -0.7267813
2.069746 2.405786 -0.7267813
2.069746 2.405786 -0.7267813
2.069746 2.405786 -0.7267813
2.069746 2.405786 -0.7267813
2.157208 1.97737 -0.8860474
2.157208 1.97737 -0.8860474
2.157208 1.97737 -0.8860474
2.157208 1.97737 -0.8860474
2.157208 1.97737 -0.8860474
2.157208 1.97737 -0.8860474
2.157208 1.97737 -0.8860474
2.157208 1.97737 -0.8860474
2.157208 1.97737 -0.8860474
2.309714 2.157832 -1.028501
2.309714 2.157832 -1.028501
2.309714 2.157832 -1.028501
2.309714 2.157832 -1.028501
2.309714 2.157832 -1.028501
2.309714 2.157832 -1.028501
2.309714 2.157832 -1.028501
2.309714 2.157832 -1.028501
2.309714 2.157832 -1.028501
2.309714 2.157832 -1.028501
2.309714 2.157832 -1.028501
2.309714 2.157832 -1.028501
2.309714 2.157832 -1.028501
2.309714 2.157832 -1.028501
2.309714 2.157832 -1.028501
2.309714 2.157832 -1.028501
2.309714 2.157832 -1.028501
2.309714 2.157832 -1.028501
2.309714 2.157832 -1.028501
2.309714 2.157832 -1.028501
2.309714 2.157832 -1.028501
2.309714 2.157832 -1.028501
2.309714 2.157832 -1.028501
2.309714 2.157832 -1.028501
2.309714 2.157832 -1.028501
2.309714 2.157832 -1.028501
2.309714 2.157832 -1.028501
2.309714 2.157832 -1.028501
2.309714 2.157832 -1.028501
2.309714 2.157832 -1.028501
2.309714 2.157832 -1.028501
2.309714 2.157832 -1.028501
2.309714 2.157832 -1.028501
2.309714 2.157832 -1.028501
2.309714 2.157832 -1.028501
2.309714 2.157832 -1.028501
2.309714 2.157832 -1.028501
2.309714 2.157832 -1.028501
2.309714 2.157832 -1.028501
2.309714 2.157832 -1.028501
2.309714 2.157832 -1.028501
2.309714 2.157832 -1.028501
2.309714 2.157832 -1.028501
2.309714 2.157832 -1.028501
2.309714 2.157832 -1.028501
2.309714 2.157832 -1.028501
2.309714 2.157832 -1.028501
2.309714 2.157832 -1.028501
2.309714 2.157832 -1.028501
2.309714 2.157832 -1.028501
2.309714 2.157832 -1.028501
2.309714 2.157832 -1.028501
2.309714 2.157832 -1.028501
1.889436 1.412681 -0.816633
1.889436 1.412681 -0.816633
1.889436 1.412681 -0.816633
1.889436 1.412681 -0.816633
1.889436 1.412681 -0.816633
1.889436 1.412681 -0.816633
1.889436 1.412681 -0.816633
2.040408 1.628081 -0.9985159
2.040408 1.628081 -0.9985159
2.040408 1.628081 -0.9985159
2.040408 1.628081 -0.9985159
2.040408 1.628081 -0.9985159
2.040408 1.628081 -0.9985159
2.096635 2.035171 -1.223339
2.096635 2.035171 -1.223339
2.096635 2.035171 -1.223339
2.096635 2.035171 -1.223339
2.096635 2.035171 -1.223339
2.096635 2.035171 -1.223339
2.096635 2.035171 -1.223339
2.096635 2.035171 -1.223339
2.096635 2.035171 -1.223339
2.096635 2.035171 -1.223339
2.096635 2.035171 -1.223339
2.096635 2.035171 -1.223339
2.096635 2.035171 -1.223339
2.096635 2.035171 -1.223339
2.096635 2.035171 -1.223339
2.096635 2.035171 -1.223339
2.096635 2.035171 -1.223339
2.096635 2.035171 -1.223339
2.096635 2.035171 -1.223339
2.096635 2.035171 -1.223339
2.096635 2.035171 -1.223339
2.096635 2.035171 -1.223339
2.096635 2.035171 -1.223339
2.096635 2.035171 -1.223339
2.096635 2.035171 -1.223339
2.096635 2.035171 -1.223339
2.096635 2.035171 -1.223339
2.096635 2.035171 -1.223339
2.096635 2.035171 -1.223339
2.096635 2.035171 -1.223339
2.096635 2.035171 -1.223339
2.096635 2.035171 -1.223339
2.096635 2.035171 -1.223339
2.096635 2.035171 -1.223339
2.096635 2.035171 -1.223339
2.096635 2.035171 -1.223339
2.096635 2.035171 -1.223339
2.096635 2.035171 -1.223339
2.096635 2.035171 -1.223339
2.096635 2.035171 -1.223339
2.096635 2.035171 -1.223339
2.096635 2.035171 -1.223339
2.096635 2.035171 -1.223339
2.096635 2.035171 -1.223339
2.096635 2.035171 -1.223339
2.096635 2.035171 -1.223339
2.096635 2.035171 -1.223339
2.096635 2.035171 -1.223339
2.096635 2.035171 -1.223339
2.096635 2.035171 -1.223339
2.096635 2.035171 -1.223339
2.096635 2.035171 -1.223339
2.096635 2.035171 -1.223339
2.096635 2.035171 -1.223339
2.221992 2.192116 -1.321075
2.221992 2.192116 -1.321075
2.221992 2.192116 -1.321075
2.221992 2.192116 -1.321075
2.221992 2.192116 -1.321075
2.221992 2.192116 -1.321075
2.221992 2.192116 -1.321075
2.221992 2.192116 -1.321075
2.221992 2.192116 -1.321075
2.221992 2.192116 -1.321075
2.221992 2.192116 -1.321075
2.221992 2.192116 -1.321075
2.221992 2.192116 -1.321075
2.221992 2.192116 -1.321075
2.221992 2.192116 -1.321075
2.221992 2.192116 -1.321075
2.221992 2.192116 -1.321075
2.221992 2.192116 -1.321075
2.221992 2.192116 -1.321075
2.221992 2.192116 -1.321075
2.221992 2.192116 -1.321075
2.221992 2.192116 -1.321075
2.221992 2.192116 -1.321075
2.221992 2.192116 -1.321075
2.221992 2.192116 -1.321075
2.221992 2.192116 -1.321075
2.221992 2.192116 -1.321075
2.221992 2.192116 -1.321075
2.221992 2.192116 -1.321075
2.221992 2.192116 -1.321075
2.221992 2.192116 -1.321075
2.221992 2.192116 -1.321075
2.221992 2.192116 -1.321075
2.221992 2.192116 -1.321075
2.221992 2.192116 -1.321075
2.221992 2.192116 -1.321075
2.221992 2.192116 -1.321075
2.221992 2.192116 -1.321075
2.221992 2.192116 -1.321075
2.221992 2.192116 -1.321075
2.221992 2.192116 -1.321075
2.221992 2.192116 -1.321075
2.221992 2.192116 -1.321075
2.221992 2.192116 -1.321075
2.221992 2.192116 -1.321075
2.221992 2.192116 -1.321075
2.221992 2.192116 -1.321075
2.221992 2.192116 -1.321075
2.221992 2.192116 -1.321075
2.221992 2.192116 -1.321075
2.221992 2.192116 -1.321075
2.221992 2.192116 -1.321075
2.221992 2.192116 -1.321075
2.221992 2.192116 -1.321075
2.221992 2.192116 -1.321075
2.221992 2.192116 -1.321075
2.221992 2.192116 -1.321075
2.221992 2.192116 -1.321075
2.221992 2.192116 -1.321075
2.221992 2.192116 -1.321075
2.388818 2.345694 -1.550429
2.388818 2.345694 -1.550429
2.388818 2.345694 -1.550429
2.388818 2.345694 -1.550429
2.388818 2.345694 -1.550429
2.388818 2.345694 -1.550429
2.388818 2.345694 -1.550429
2.388818 2.345694 -1.550429
2.388818 2.345694 -1.550429
2.388818 2.345694 -1.550429
2.388818 2.345694 -1.550429
2.388818 2.345694 -1.550429
2.388818 2.345694 -1.550429
2.388818 2.345694 -1.550429
2.388818 2.345694 -1.550429
2.388818 2.345694 -1.550429
2.388818 2.345694 -1.550429
2.388818 2.345694 -1.550429
2.388818 2.345694 -1.550429
2.388818 2.345694 -1.550429
2.388818 2.345694 -1.550429
2.388818 2.345694 -1.550429
2.388818 2.345694 -1.550429
2.388818 2.345694 -1.550429
2.388818 2.345694 -1.550429
2.388818 2.345694 -1.550429
2.388818 2.345694 -1.550429
2.388818 2.345694 -1.550429
2.388818 2.345694 -1.550429
2.388818 2.345694 -1.550429
2.388818 2.345694 -1.550429
2.388818 2.345694 -1.550429
2.388818 2.345694 -1.550429
2.388818 2.345694 -1.550429
2.388818 2.345694 -1.550429
2.388818 2.345694 -1.550429
2.388818 2.345694 -1.550429
2.388818 2.345694 -1.550429
2.388818 2.345694 -1.550429
2.388818 2.345694 -1.550429
2.388818 2.345694 -1.550429
2.388818 2.345694 -1.550429
2.388818 2.345694 -1.550429
2.388818 2.345694 -1.550429
2.388818 2.345694 -1.550429
2.388818 2.345694 -1.550429
2.388818 2.345694 -1.550429
2.388818 2.345694 -1.550429
2.388818 2.345694 -1.550429
2.388818 2.345694 -1.550429
2.388818 2.345694 -1.550429
2.388818 2.345694 -1.550429
2.388818 2.345694 -1.550429
2.388818 2.345694 -1.550429
2.388818 2.345694 -1.550429
2.388818 2.345694 -1.550429
2.388818 2.345694 -1.550429
2.388818 2.345694 -1.550429
2.388818 2.345694 -1.550429
2.388818 2.345694 -1.550429
2.422348 2.41098 -1.622209
2.422348 2.41098 -1.622209
2.422348 2.41098 -1.622209
2.422348 2.41098 -1.622209
2.422348 2.41098 -1.622209
2.422348 2.41098 -1.622209
2.422348 2.41098 -1.622209
2.422348 2.41098 -1.622209
2.422348 2.41098 -1.622209
2.422348 2.41098 -1.622209
2.422348 2.41098 -1.622209
2.422348 2.41098 -1.622209
2.422348 2.41098 -1.622209
2.422348 2.41098 -1.622209
2.596237 2.081667 -2.167284
2.596237 2.081667 -2.167284
2.596237 2.081667 -2.167284
2.596237 2.081667 -2.167284
2.596237 2.081667 -2.167284
2.596237 2.081667 -2.167284
2.596237 2.081667 -2.167284
2.596237 2.081667 -2.167284
2.596237 2.081667 -2.167284
2.596237 2.081667 -2.167284
2.596237 2.081667 -2.167284
2.596237 2.081667 -2.167284
2.596237 2.081667 -2.167284
2.596237 2.081667 -2.167284
2.596237 2.081667 -2.167284
2.596237 2.081667 -2.167284
2.596237 2.081667 -2.167284
2.596237 2.081667 -2.167284
2.596237 2.081667 -2.167284
2.596237 2.081667 -2.167284
2.319814 2.386726 -1.799756
2.319814 2.386726 -1.799756
2.319814 2.386726 -1.799756
2.319814 2.386726 -1.799756
2.319814 2.386726 -1.799756
2.319814 2.386726 -1.799756
2.319814 2.386726 -1.799756
2.319814 2.386726 -1.799756
2.319814 2.386726 -1.799756
2.319814 2.386726 -1.799756
2.319814 2.386726 -1.799756
2.319814 2.386726 -1.799756
2.319814 2.386726 -1.799756
2.319814 2.386726 -1.799756
2.319814 2.386726 -1.799756
2.319814 2.386726 -1.799756
2.319814 2.386726 -1.799756
2.319814 2.386726 -1.799756
2.519602 2.696421 -1.751801
2.519602 2.696421 -1.751801
2.519602 2.696421 -1.751801
2.519602 2.696421 -1.751801
2.519602 2.696421 -1.751801
2.519602 2.696421 -1.751801
2.519602 2.696421 -1.751801
2.519602 2.696421 -1.751801
2.526337 2.712391 -1.857667
2.526337 2.712391 -1.857667
2.526337 2.712391 -1.857667
2.526337 2.712391 -1.857667
2.526337 2.712391 -1.857667
2.526337 2.712391 -1.857667
2.526337 2.712391 -1.857667
2.526337 2.712391 -1.857667
2.526337 2.712391 -1.857667
2.526337 2.712391 -1.857667
2.526337 2.712391 -1.857667
2.526337 2.712391 -1.857667
2.526337 2.712391 -1.857667
2.526337 2.712391 -1.857667
2.526337 2.712391 -1.857667
2.526337 2.712391 -1.857667
2.526337 2.712391 -1.857667
2.526337 2.712391 -1.857667
2.526337 2.712391 -1.857667
2.526337 2.712391 -1.857667
2.526337 2.712391 -1.857667
2.526337 2.712391 -1.857667
2.526337 2.712391 -1.857667
2.526337 2.712391 -1.857667
2.526337 2.712391 -1.857667
2.526337 2.712391 -1.857667
2.526337 2.712391 -1.857667
2.526337 2.712391 -1.857667
2.526337 2.712391 -1.857667
2.526337 2.712391 -1.857667
2.526337 2.712391 -1.857667
2.526337 2.712391 -1.857667
2.526337 2.712391 -1.857667
2.526337 2.712391 -1.857667
2.526337 2.712391 -1.857667
2.526337 2.712391 -1.857667
2.526337 2.712391 -1.857667
2.526337 2.712391 -1.857667
2.526337 2.712391 -1.857667
2.526337 2.712391 -1.857667
2.526337 2.712391 -1.857667
2.526337 2.712391 -1.857667
2.526337 2.712391 -1.857667
2.526337 2.712391 -1.857667
2.526337 2.712391 -1.857667
2.526337 2.712391 -1.857667
2.526337 2.712391 -1.857667
2.526337 2.712391 -1.857667
2.526337 2.712391 -1.857667
2.526337 2.712391 -1.857667
2.526337 2.712391 -1.857667
2.526337 2.712391 -1.857667
2.526337 2.712391 -1.857667
2.526337 2.712391 -1.857667
2.526337 2.712391 -1.857667
2.526337 2.712391 -1.857667
2.526337 2.712391 -1.857667
2.526337 2.712391 -1.857667
2.526337 2.712391 -1.857667
2.526337 2.712391 -1.857667
2.532875 2.719328 -1.904592
2.532875 2.719328 -1.904592
2.532875 2.719328 -1.904592
2.532875 2.719328 -1.904592
2.532875 2.719328 -1.904592
2.532875 2.719328 -1.904592
2.532875 2.719328 -1.904592
2.532875 2.719328 -1.904592
2.532875 2.719328 -1.904592
2.532875 2.719328 -1.904592
2.532875 2.719328 -1.904592
2.532875 2.719328 -1.904592
2.532875 2.719328 -1.904592
2.532875 2.719328 -1.904592
2.532875 2.719328 -1.904592
2.685876 2.743348 -1.647374
2.685876 2.743348 -1.647374
2.685876 2.743348 -1.647374
2.685876 2.743348 -1.647374
2.685876 2.743348 -1.647374
2.685876 2.743348 -1.647374
2.685876 2.743348 -1.647374
2.685876 2.743348 -1.647374
2.685876 2.743348 -1.647374
2.685876 2.743348 -1.647374
2.685876 2.743348 -1.647374
2.685876 2.743348 -1.647374
2.685876 2.743348 -1.647374
2.685876 2.743348 -1.647374
2.685876 2.743348 -1.647374
2.685876 2.743348 -1.647374
2.685876 2.743348 -1.647374
2.685876 2.743348 -1.647374
2.685876 2.743348 -1.647374
2.438091 2.339288 -1.562006
2.438091 2.339288 -1.562006
2.438091 2.339288 -1.562006
2.438091 2.339288 -1.562006
2.438091 2.339288 -1.562006
2.438091 2.339288 -1.562006
2.438091 2.339288 -1.562006
2.438091 2.339288 -1.562006
2.438091 2.339288 -1.562006
2.438091 2.339288 -1.562006
2.438091 2.339288 -1.562006
2.438091 2.339288 -1.562006
2.438091 2.339288 -1.562006
2.438091 2.339288 -1.562006
2.438091 2.339288 -1.562006
2.438091 2.339288 -1.562006
2.438091 2.339288 -1.562006
2.438091 2.339288 -1.562006
2.438091 2.339288 -1.562006
2.438091 2.339288 -1.562006
2.438091 2.339288 -1.562006
2.438091 2.339288 -1.562006
2.438091 2.339288 -1.562006
2.438091 2.339288 -1.562006
2.438091 2.339288 -1.562006
2.438091 2.339288 -1.562006
2.45508 2.384424 -1.672569
2.45508 2.384424 -1.672569
2.45508 2.384424 -1.672569
2.45508 2.384424 -1.672569
2.45508 2.384424 -1.672569
2.45508 2.384424 -1.672569
2.45508 2.384424 -1.672569
2.45508 2.384424 -1.672569
2.45508 2.384424 -1.672569
2.45508 2.384424 -1.672569
2.45508 2.384424 -1.672569
2.45508 2.384424 -1.672569
2.45508 2.384424 -1.672569
2.45508 2.384424 -1.672569
2.45508 2.384424 -1.672569
2.45508 2.384424 -1.672569
2.45508 2.384424 -1.672569
2.45508 2.384424 -1.672569
2.45508 2.384424 -1.672569
2.45508 2.384424 -1.672569
2.45508 2.384424 -1.672569
2.45508 2.384424 -1.672569
2.45508 2.384424 -1.672569
2.45508 2.384424 -1.672569
2.45508 2.384424 -1.672569
2.45508 2.384424 -1.672569
2.45508 2.384424 -1.672569
2.45508 2.384424 -1.672569
2.45508 2.384424 -1.672569
2.45508 2.384424 -1.672569
2.45508 2.384424 -1.672569
2.45508 2.384424 -1.672569
2.45508 2.384424 -1.672569
2.45508 2.384424 -1.672569
2.45508 2.384424 -1.672569
2.45508 2.384424 -1.672569
2.45508 2.384424 -1.672569
2.45508 2.384424 -1.672569
2.45508 2.384424 -1.672569
2.45508 2.384424 -1.672569
2.45508 2.384424 -1.672569
2.45508 2.384424 -1.672569
2.45508 2.384424 -1.672569
2.45508 2.384424 -1.672569
2.45508 2.384424 -1.672569
2.45508 2.384424 -1.672569
2.45508 2.384424 -1.672569
2.45508 2.384424 -1.672569
2.45508 2.384424 -1.672569
2.45508 2.384424 -1.672569
2.45508 2.384424 -1.672569
2.45508 2.384424 -1.672569
2.45508 2.384424 -1.672569
2.45508 2.384424 -1.672569
2.45508 2.384424 -1.672569
2.45508 2.384424 -1.672569
2.45508 2.384424 -1.672569
2.45508 2.384424 -1.672569
2.45508 2.384424 -1.672569
2.45508 2.384424 -1.672569
2.472148 2.393512 -1.723687
2.472148 2.393512 -1.723687
2.472148 2.393512 -1.723687
2.472148 2.393512 -1.723687
2.472148 2.393512 -1.723687
2.472148 2.393512 -1.723687
2.472148 2.393512 -1.723687
2.472148 2.393512 -1.723687
2.472148 2.393512 -1.723687
2.472148 2.393512 -1.723687
2.472148 2.393512 -1.723687
2.472148 2.393512 -1.723687
2.472148 2.393512 -1.723687
2.472148 2.393512 -1.723687
2.472148 2.393512 -1.723687
2.472148 2.393512 -1.723687
2.472148 2.393512 -1.723687
2.472148 2.393512 -1.723687
2.472148 2.393512 -1.723687
2.472148 2.393512 -1.723687
2.472148 2.393512 -1.723687
2.472148 2.393512 -1.723687
2.472148 2.393512 -1.723687
2.472148 2.393512 -1.723687
2.472148 2.393512 -1.723687
2.472148 2.393512 -1.723687
2.472148 2.393512 -1.723687
2.472148 2.393512 -1.723687
2.472148 2.393512 -1.723687
2.472148 2.393512 -1.723687
2.472148 2.393512 -1.723687
2.472148 2.393512 -1.723687
2.472148 2.393512 -1.723687
2.472148 2.393512 -1.723687
2.472148 2.393512 -1.723687
2.472148 2.393512 -1.723687
2.472148 2.393512 -1.723687
2.472148 2.393512 -1.723687
2.472148 2.393512 -1.723687
2.472148 2.393512 -1.723687
2.472148 2.393512 -1.723687
2.472148 2.393512 -1.723687
2.472148 2.393512 -1.723687
2.472148 2.393512 -1.723687
2.472148 2.393512 -1.723687
2.472148 2.393512 -1.723687
2.472148 2.393512 -1.723687
2.472148 2.393512 -1.723687
2.472148 2.393512 -1.723687
2.472148 2.393512 -1.723687
2.472148 2.393512 -1.723687
2.472148 2.393512 -1.723687
2.472148 2.393512 -1.723687
2.472148 2.393512 -1.723687
2.472148 2.393512 -1.723687
2.472148 2.393512 -1.723687
2.472148 2.393512 -1.723687
2.472148 2.393512 -1.723687
2.472148 2.393512 -1.723687
2.472148 2.393512 -1.723687
2.528518 2.282654 -1.527382
2.528518 2.282654 -1.527382
2.528518 2.282654 -1.527382
2.528518 2.282654 -1.527382
2.528518 2.282654 -1.527382
2.528518 2.282654 -1.527382
2.528518 2.282654 -1.527382
2.528518 2.282654 -1.527382
2.528518 2.282654 -1.527382
2.528518 2.282654 -1.527382
2.528518 2.282654 -1.527382
2.528518 2.282654 -1.527382
2.528518 2.282654 -1.527382
2.503445 2.402553 -1.975697
2.503445 2.402553 -1.975697
2.503445 2.402553 -1.975697
2.503445 2.402553 -1.975697
2.503445 2.402553 -1.975697
2.503445 2.402553 -1.975697
2.503445 2.402553 -1.975697
2.503445 2.402553 -1.975697
2.503445 2.402553 -1.975697
2.503445 2.402553 -1.975697
2.503445 2.402553 -1.975697
2.503445 2.402553 -1.975697
2.503445 2.402553 -1.975697
2.503445 2.402553 -1.975697
2.503445 2.402553 -1.975697
2.503445 2.402553 -1.975697
2.503445 2.402553 -1.975697
2.503445 2.402553 -1.975697
2.503445 2.402553 -1.975697
2.503445 2.402553 -1.975697
2.503445 2.402553 -1.975697
2.503445 2.402553 -1.975697
2.503445 2.402553 -1.975697
2.503445 2.402553 -1.975697
2.503445 2.402553 -1.975697
2.503445 2.402553 -1.975697
2.503445 2.402553 -1.975697
2.503445 2.402553 -1.975697
2.503445 2.402553 -1.975697
2.503445 2.402553 -1.975697
2.503445 2.402553 -1.975697
2.503445 2.402553 -1.975697
2.503445 2.402553 -1.975697
2.503445 2.402553 -1.975697
2.503445 2.402553 -1.975697
2.503445 2.402553 -1.975697
2.503445 2.402553 -1.975697
2.503445 2.402553 -1.975697
2.503445 2.402553 -1.975697
2.503445 2.402553 -1.975697
2.503445 2.402553 -1.975697
2.503445 2.402553 -1.975697
2.503445 2.402553 -1.975697
2.503445 2.402553 -1.975697
2.503445 2.402553 -1.975697
2.503445 2.402553 -1.975697
2.503445 2.402553 -1.975697
2.551614 2.340093 -1.905303
2.551614 2.340093 -1.905303
2.551614 2.340093 -1.905303
2.551614 2.340093 -1.905303
2.551614 2.340093 -1.905303
2.551614 2.340093 -1.905303
2.551614 2.340093 -1.905303
2.551614 2.340093 -1.905303
2.551614 2.340093 -1.905303
2.551614 2.340093 -1.905303
2.551614 2.340093 -1.905303
2.551614 2.340093 -1.905303
2.551614 2.340093 -1.905303
2.551614 2.340093 -1.905303
2.551614 2.340093 -1.905303
2.551614 2.340093 -1.905303
2.551614 2.340093 -1.905303
2.551614 2.340093 -1.905303
2.551614 2.340093 -1.905303
2.551614 2.340093 -1.905303
2.551614 2.340093 -1.905303
2.551614 2.340093 -1.905303
2.551614 2.340093 -1.905303
2.551614 2.340093 -1.905303
2.551614 2.340093 -1.905303
2.551614 2.340093 -1.905303
2.551614 2.340093 -1.905303
2.551614 2.340093 -1.905303
2.551614 2.340093 -1.905303
2.551614 2.340093 -1.905303
2.551614 2.340093 -1.905303
2.551614 2.340093 -1.905303
2.551614 2.340093 -1.905303
2.551614 2.340093 -1.905303
2.551614 2.340093 -1.905303
2.551614 2.340093 -1.905303
2.551614 2.340093 -1.905303
2.551614 2.340093 -1.905303
2.551614 2.340093 -1.905303
2.551614 2.340093 -1.905303
2.551614 2.340093 -1.905303
2.551614 2.340093 -1.905303
2.551614 2.340093 -1.905303
2.551614 2.340093 -1.905303
2.551614 2.340093 -1.905303
2.551614 2.340093 -1.905303
2.551614 2.340093 -1.905303
2.551614 2.340093 -1.905303
2.551614 2.340093 -1.905303
2.551614 2.340093 -1.905303
2.551614 2.340093 -1.905303
2.551614 2.340093 -1.905303
2.551614 2.340093 -1.905303
2.551614 2.340093 -1.905303
2.562277 2.349617 -1.970429
2.562277 2.349617 -1.970429
2.562277 2.349617 -1.970429
2.562277 2.349617 -1.970429
2.562277 2.349617 -1.970429
2.562277 2.349617 -1.970429
2.609783 2.335623 -1.968723
2.609783 2.335623 -1.968723
2.609783 2.335623 -1.968723
2.609783 2.335623 -1.968723
2.609783 2.335623 -1.968723
2.609783 2.335623 -1.968723
2.609783 2.335623 -1.968723
2.609783 2.335623 -1.968723
2.609783 2.335623 -1.968723
2.609783 2.335623 -1.968723
2.609783 2.335623 -1.968723
2.609783 2.335623 -1.968723
2.609783 2.335623 -1.968723
2.609783 2.335623 -1.968723
2.609783 2.335623 -1.968723
2.609783 2.335623 -1.968723
2.609783 2.335623 -1.968723
2.609783 2.335623 -1.968723
2.609783 2.335623 -1.968723
2.609783 2.335623 -1.968723
2.609783 2.335623 -1.968723
2.609783 2.335623 -1.968723
2.609783 2.335623 -1.968723
2.609783 2.335623 -1.968723
2.609783 2.335623 -1.968723
2.609783 2.335623 -1.968723
2.609783 2.335623 -1.968723
2.609783 2.335623 -1.968723
2.609783 2.335623 -1.968723
2.609783 2.335623 -1.968723
2.609783 2.335623 -1.968723
2.609783 2.335623 -1.968723
2.609783 2.335623 -1.968723
2.609783 2.335623 -1.968723
2.609783 2.335623 -1.968723
2.609783 2.335623 -1.968723
2.609783 2.335623 -1.968723
2.609783 2.335623 -1.968723
2.609783 2.335623 -1.968723
2.609783 2.335623 -1.968723
2.609783 2.335623 -1.968723
2.609783 2.335623 -1.968723
2.609783 2.335623 -1.968723
2.609783 2.335623 -1.968723
2.609783 2.335623 -1.968723
2.609783 2.335623 -1.968723
2.609783 2.335623 -1.968723
2.609783 2.335623 -1.968723
2.609783 2.335623 -1.968723
2.609783 2.335623 -1.968723
2.609783 2.335623 -1.968723
2.609783 2.335623 -1.968723
2.609783 2.335623 -1.968723
2.609783 2.335623 -1.968723
2.609783 2.335623 -1.968723
2.609783 2.335623 -1.968723
2.609783 2.335623 -1.968723
2.609783 2.335623 -1.968723
2.609783 2.335623 -1.968723
2.609783 2.335623 -1.968723
2.625084 2.364201 -2.023496
2.625084 2.364201 -2.023496
2.625084 2.364201 -2.023496
2.625084 2.364201 -2.023496
2.625084 2.364201 -2.023496
2.625084 2.364201 -2.023496
2.625084 2.364201 -2.023496
2.625084 2.364201 -2.023496
2.625084 2.364201 -2.023496
2.625084 2.364201 -2.023496
2.625084 2.364201 -2.023496
2.625084 2.364201 -2.023496
2.625084 2.364201 -2.023496
2.625084 2.364201 -2.023496
2.625084 2.364201 -2.023496
2.625084 2.364201 -2.023496
2.625084 2.364201 -2.023496
2.625084 2.364201 -2.023496
2.625084 2.364201 -2.023496
2.625084 2.364201 -2.023496
2.625084 2.364201 -2.023496
2.625084 2.364201 -2.023496
2.625084 2.364201 -2.023496
2.625084 2.364201 -2.023496
2.625084 2.364201 -2.023496
2.625084 2.364201 -2.023496
2.625084 2.364201 -2.023496
2.625084 2.364201 -2.023496
2.625084 2.364201 -2.023496
2.625084 2.364201 -2.023496
2.625084 2.364201 -2.023496
2.625084 2.364201 -2.023496
2.625084 2.364201 -2.023496
2.625084 2.364201 -2.023496
2.625084 2.364201 -2.023496
2.625084 2.364201 -2.023496
2.625084 2.364201 -2.023496
2.625084 2.364201 -2.023496
2.625084 2.364201 -2.023496
2.625084 2.364201 -2.023496
2.625084 2.364201 -2.023496
2.625084 2.364201 -2.023496
2.625084 2.364201 -2.023496
2.625084 2.364201 -2.023496
2.625084 2.364201 -2.023496
2.625084 2.364201 -2.023496
2.625084 2.364201 -2.023496
2.625084 2.364201 -2.023496
2.625084 2.364201 -2.023496
2.625084 2.364201 -2.023496
2.625084 2.364201 -2.023496
2.625084 2.364201 -2.023496
2.625084 2.364201 -2.023496
2.625084 2.364201 -2.023496
2.625084 2.364201 -2.023496
2.625084 2.364201 -2.023496
2.625084 2.364201 -2.023496
2.625084 2.364201 -2.023496
2.625084 2.364201 -2.023496
2.625084 2.364201 -2.023496
2.619823 2.478452 -2.131622
2.619823 2.478452 -2.131622
2.619823 2.478452 -2.131622
2.619823 2.478452 -2.131622
2.619823 2.478452 -2.131622
2.619823 2.478452 -2.131622
2.619823 2.478452 -2.131622
2.619823 2.478452 -2.131622
2.619823 2.478452 -2.131622
2.619823 2.478452 -2.131622
2.619823 2.478452 -2.131622
2.619823 2.478452 -2.131622
2.619823 2.478452 -2.131622
2.619823 2.478452 -2.131622
2.619823 2.478452 -2.131622
2.619823 2.478452 -2.131622
2.619823 2.478452 -2.131622
2.619823 2.478452 -2.131622
2.619823 2.478452 -2.131622
2.619823 2.478452 -2.131622
2.619823 2.478452 -2.131622
2.619823 2.478452 -2.131622
2.619823 2.478452 -2.131622
2.619823 2.478452 -2.131622
2.619823 2.478452 -2.131622
2.619823 2.478452 -2.131622
2.619823 2.478452 -2.131622
2.619823 2.478452 -2.131622
2.619823 2.478452 -2.131622
2.619823 2.478452 -2.131622
2.619823 2.478452 -2.131622
2.619823 2.478452 -2.131622
2.619823 2.478452 -2.131622
2.619823 2.478452 -2.131622
2.619823 2.478452 -2.131622
2.619823 2.478452 -2.131622
2.619823 2.478452 -2.131622
2.619823 2.478452 -2.131622
2.619823 2.478452 -2.131622
2.619823 2.478452 -2.131622
2.619823 2.478452 -2.131622
2.619823 2.478452 -2.131622
2.619823 2.478452 -2.131622
2.619823 2.478452 -2.131622
2.619823 2.478452 -2.131622
2.619823 2.478452 -2.131622
2.619823 2.478452 -2.131622
2.619823 2.478452 -2.131622
2.619823 2.478452 -2.131622
2.619823 2.478452 -2.131622
2.619823 2.478452 -2.131622
2.619823 2.478452 -2.131622
2.619823 2.478452 -2.131622
2.619823 2.478452 -2.131622
2.619823 2.478452 -2.131622
2.619823 2.478452 -2.131622
2.619823 2.478452 -2.131622
2.619823 2.478452 -2.131622
2.619823 2.478452 -2.131622
2.619823 2.478452 -2.131622
2.585086 2.491915 -2.106184
2.585086 2.491915 -2.106184
2.585086 2.491915 -2.106184
2.585086 2.491915 -2.106184
2.585086 2.491915 -2.106184
2.585086 2.491915 -2.106184
2.585086 2.491915 -2.106184
2.585086 2.491915 -2.106184
2.585086 2.491915 -2.106184
2.585086 2.491915 -2.106184
2.585086 2.491915 -2.106184
2.585086 2.491915 -2.106184
2.585086 2.491915 -2.106184
2.585086 2.491915 -2.106184
2.585086 2.491915 -2.106184
2.585086 2.491915 -2.106184
2.585086 2.491915 -2.106184
2.585086 2.491915 -2.106184
2.585086 2.491915 -2.106184
2.585086 2.491915 -2.106184
2.585086 2.491915 -2.106184
2.585086 2.491915 -2.106184
2.585086 2.491915 -2.106184
2.585086 2.491915 -2.106184
2.585086 2.491915 -2.106184
2.585086 2.491915 -2.106184
2.585086 2.491915 -2.106184
2.585086 2.491915 -2.106184
2.585086 2.491915 -2.106184
2.585086 2.491915 -2.106184
2.585086 2.491915 -2.106184
2.585086 2.491915 -2.106184
2.585086 2.491915 -2.106184
2.585086 2.491915 -2.106184
2.585086 2.491915 -2.106184
2.585086 2.491915 -2.106184
2.585086 2.491915 -2.106184
2.585086 2.491915 -2.106184
2.585086 2.491915 -2.106184
2.585086 2.491915 -2.106184
2.585086 2.491915 -2.106184
2.585086 2.491915 -2.106184
2.585086 2.491915 -2.106184
2.585086 2.491915 -2.106184
2.585086 2.491915 -2.106184
2.585086 2.491915 -2.106184
2.585086 2.491915 -2.106184
2.585086 2.491915 -2.106184
2.585086 2.491915 -2.106184
2.585086 2.491915 -2.106184
2.585086 2.491915 -2.106184
2.585086 2.491915 -2.106184
2.585086 2.491915 -2.106184
2.585086 2.491915 -2.106184
2.585086 2.491915 -2.106184
2.585086 2.491915 -2.106184
2.585086 2.491915 -2.106184
2.585086 2.491915 -2.106184
2.585086 2.491915 -2.106184
2.585086 2.491915 -2.106184
2.573104 2.507872 -2.025824
2.573104 2.507872 -2.025824
2.573104 2.507872 -2.025824
2.573104 2.507872 -2.025824
2.573104 2.507872 -2.025824
2.573104 2.507872 -2.025824
2.573104 2.507872 -2.025824
2.573104 2.507872 -2.025824
2.573104 2.507872 -2.025824
2.573104 2.507872 -2.025824
2.573104 2.507872 -2.025824
2.573104 2.507872 -2.025824
2.573104 2.507872 -2.025824
2.573104 2.507872 -2.025824
2.573104 2.507872 -2.025824
2.573104 2.507872 -2.025824
2.573104 2.507872 -2.025824
2.573104 2.507872 -2.025824
2.573104 2.507872 -2.025824
2.573104 2.507872 -2.025824
2.573104 2.507872 -2.025824
2.573104 2.507872 -2.025824
2.573104 2.507872 -2.025824
2.573104 2.507872 -2.025824
2.573104 2.507872 -2.025824
2.573104 2.507872 -2.025824
2.573104 2.507872 -2.025824
2.573104 2.507872 -2.025824
2.573104 2.507872 -2.025824
2.573104 2.507872 -2.025824
2.573104 2.507872 -2.025824
2.573104 2.507872 -2.025824
2.573104 2.507872 -2.025824
2.573104 2.507872 -2.025824
2.573104 2.507872 -2.025824
2.573104 2.507872 -2.025824
2.573104 2.507872 -2.025824
2.573104 2.507872 -2.025824
2.573104 2.507872 -2.025824
2.573104 2.507872 -2.025824
2.573104 2.507872 -2.025824
2.573104 2.507872 -2.025824
2.573104 2.507872 -2.025824
2.573104 2.507872 -2.025824
2.573104 2.507872 -2.025824
2.573104 2.507872 -2.025824
2.573104 2.507872 -2.025824
2.573104 2.507872 -2.025824
2.573104 2.507872 -2.025824
2.573104 2.507872 -2.025824
2.573104 2.507872 -2.025824
2.573104 2.507872 -2.025824
2.573104 2.507872 -2.025824
2.573104 2.507872 -2.025824
2.573104 2.507872 -2.025824
2.573104 2.507872 -2.025824
2.573104 2.507872 -2.025824
2.573104 2.507872 -2.025824
2.573104 2.507872 -2.025824
2.573104 2.507872 -2.025824
2.570065 2.518364 -1.979576
2.570065 2.518364 -1.979576
2.570065 2.518364 -1.979576
2.570065 2.518364 -1.979576
2.570065 2.518364 -1.979576
2.570065 2.518364 -1.979576
2.570065 2.518364 -1.979576
2.570065 2.518364 -1.979576
2.570065 2.518364 -1.979576
2.570065 2.518364 -1.979576
2.570065 2.518364 -1.979576
2.570065 2.518364 -1.979576
2.570065 2.518364 -1.979576
2.570065 2.518364 -1.979576
2.570065 2.518364 -1.979576
2.570065 2.518364 -1.979576
2.570065 2.518364 -1.979576
2.570065 2.518364 -1.979576
2.570065 2.518364 -1.979576
2.570065 2.518364 -1.979576
2.570065 2.518364 -1.979576
2.570065 2.518364 -1.979576
2.570065 2.518364 -1.979576
2.570065 2.518364 -1.979576
2.570065 2.518364 -1.979576
2.570065 2.518364 -1.979576
2.570065 2.518364 -1.979576
2.570065 2.518364 -1.979576
2.570065 2.518364 -1.979576
2.570065 2.518364 -1.979576
2.570065 2.518364 -1.979576
2.570065 2.518364 -1.979576
2.570065 2.518364 -1.979576
2.570065 2.518364 -1.979576
2.570065 2.518364 -1.979576
2.570065 2.518364 -1.979576
2.570065 2.518364 -1.979576
2.570065 2.518364 -1.979576
2.570065 2.518364 -1.979576
2.570065 2.518364 -1.979576
2.570065 2.518364 -1.979576
2.570065 2.518364 -1.979576
2.570065 2.518364 -1.979576
2.570065 2.518364 -1.979576
2.570065 2.518364 -1.979576
2.570065 2.518364 -1.979576
2.570065 2.518364 -1.979576
2.570065 2.518364 -1.979576
2.570065 2.518364 -1.979576
2.570065 2.518364 -1.979576
2.570065 2.518364 -1.979576
2.570065 2.518364 -1.979576
2.570065 2.518364 -1.979576
2.570065 2.518364 -1.979576
2.570065 2.518364 -1.979576
2.570065 2.518364 -1.979576
2.570065 2.518364 -1.979576
2.570065 2.518364 -1.979576
2.570065 2.518364 -1.979576
2.570065 2.518364 -1.979576
2.60765 2.512545 -1.952438
2.60765 2.512545 -1.952438
2.60765 2.512545 -1.952438
2.60765 2.512545 -1.952438
2.60765 2.512545 -1.952438
2.60765 2.512545 -1.952438
2.60765 2.512545 -1.952438
2.60765 2.512545 -1.952438
2.60765 2.512545 -1.952438
2.60765 2.512545 -1.952438
2.60765 2.512545 -1.952438
2.60765 2.512545 -1.952438
2.60765 2.512545 -1.952438
2.60765 2.512545 -1.952438
2.60765 2.512545 -1.952438
2.60765 2.512545 -1.952438
2.60765 2.512545 -1.952438
2.60765 2.512545 -1.952438
2.60765 2.512545 -1.952438
2.60765 2.512545 -1.952438
2.60765 2.512545 -1.952438
2.60765 2.512545 -1.952438
2.60765 2.512545 -1.952438
2.60765 2.512545 -1.952438
2.60765 2.512545 -1.952438
2.60765 2.512545 -1.952438
2.60765 2.512545 -1.952438
2.60765 2.512545 -1.952438
2.60765 2.512545 -1.952438
2.60765 2.512545 -1.952438
2.60765 2.512545 -1.952438
2.60765 2.512545 -1.952438
2.60765 2.512545 -1.952438
2.60765 2.512545 -1.952438
2.60765 2.512545 -1.952438
2.60765 2.512545 -1.952438
2.60765 2.512545 -1.952438
2.60765 2.512545 -1.952438
2.60765 2.512545 -1.952438
2.60765 2.512545 -1.952438
2.60765 2.512545 -1.952438
2.60765 2.512545 -1.952438
2.60765 2.512545 -1.952438
2.60765 2.512545 -1.952438
2.60765 2.512545 -1.952438
2.60765 2.512545 -1.952438
2.60765 2.512545 -1.952438
2.60765 2.512545 -1.952438
2.60765 2.512545 -1.952438
2.60765 2.512545 -1.952438
2.60765 2.512545 -1.952438
2.60765 2.512545 -1.952438
2.60765 2.512545 -1.952438
2.60765 2.512545 -1.952438
2.60765 2.512545 -1.952438
2.60765 2.512545 -1.952438
2.60765 2.512545 -1.952438
2.60765 2.512545 -1.952438
2.60765 2.512545 -1.952438
2.60765 2.512545 -1.952438
2.671791 2.490651 -1.939895
2.671791 2.490651 -1.939895
2.454621 2.170071 -1.939925
2.454621 2.170071 -1.939925
2.454621 2.170071 -1.939925
2.454621 2.170071 -1.939925
2.454621 2.170071 -1.939925
2.454621 2.170071 -1.939925
2.454621 2.170071 -1.939925
2.454621 2.170071 -1.939925
2.454621 2.170071 -1.939925
2.454621 2.170071 -1.939925
2.454621 2.170071 -1.939925
2.454621 2.170071 -1.939925
2.454621 2.170071 -1.939925
2.454621 2.170071 -1.939925
2.454621 2.170071 -1.939925
2.454621 2.170071 -1.939925
2.454621 2.170071 -1.939925
2.454621 2.170071 -1.939925
2.454621 2.170071 -1.939925
2.454621 2.170071 -1.939925
2.454621 2.170071 -1.939925
2.454621 2.170071 -1.939925
2.454621 2.170071 -1.939925
2.454621 2.170071 -1.939925
2.454621 2.170071 -1.939925
2.454621 2.170071 -1.939925
2.454621 2.170071 -1.939925
2.454621 2.170071 -1.939925
2.454621 2.170071 -1.939925
2.454621 2.170071 -1.939925
2.5794 2.463098 -2.157338
2.5794 2.463098 -2.157338
2.5794 2.463098 -2.157338
2.5794 2.463098 -2.157338
2.5794 2.463098 -2.157338
2.5794 2.463098 -2.157338
2.5794 2.463098 -2.157338
2.5794 2.463098 -2.157338
2.5794 2.463098 -2.157338
2.5794 2.463098 -2.157338
2.5794 2.463098 -2.157338
2.5794 2.463098 -2.157338
2.5794 2.463098 -2.157338
2.5794 2.463098 -2.157338
2.5794 2.463098 -2.157338
2.5794 2.463098 -2.157338
2.5794 2.463098 -2.157338
2.5794 2.463098 -2.157338
2.5794 2.463098 -2.157338
2.5794 2.463098 -2.157338
2.5794 2.463098 -2.157338
2.5794 2.463098 -2.157338
2.5794 2.463098 -2.157338
2.5794 2.463098 -2.157338
2.5794 2.463098 -2.157338
2.5794 2.463098 -2.157338
2.5794 2.463098 -2.157338
2.5794 2.463098 -2.157338
2.520906 2.399236 -2.195195
2.520906 2.399236 -2.195195
2.520906 2.399236 -2.195195
2.520906 2.399236 -2.195195
2.520906 2.399236 -2.195195
2.520906 2.399236 -2.195195
2.520906 2.399236 -2.195195
2.520906 2.399236 -2.195195
2.520906 2.399236 -2.195195
2.520906 2.399236 -2.195195
2.520906 2.399236 -2.195195
2.520906 2.399236 -2.195195
2.520906 2.399236 -2.195195
2.520906 2.399236 -2.195195
2.520906 2.399236 -2.195195
2.520906 2.399236 -2.195195
2.520906 2.399236 -2.195195
2.520906 2.399236 -2.195195
2.520906 2.399236 -2.195195
2.520906 2.399236 -2.195195
2.520906 2.399236 -2.195195
2.520906 2.399236 -2.195195
2.520906 2.399236 -2.195195
2.520906 2.399236 -2.195195
2.520906 2.399236 -2.195195
2.520906 2.399236 -2.195195
2.520906 2.399236 -2.195195
2.520906 2.399236 -2.195195
2.520906 2.399236 -2.195195
2.520906 2.399236 -2.195195
2.520906 2.399236 -2.195195
2.520906 2.399236 -2.195195
2.520906 2.399236 -2.195195
2.520906 2.399236 -2.195195
2.520906 2.399236 -2.195195
2.520906 2.399236 -2.195195
2.520906 2.399236 -2.195195
2.520906 2.399236 -2.195195
2.520906 2.399236 -2.195195
2.520906 2.399236 -2.195195
2.520906 2.399236 -2.195195
2.520906 2.399236 -2.195195
2.520906 2.399236 -2.195195
2.520906 2.399236 -2.195195
2.520906 2.399236 -2.195195
2.520906 2.399236 -2.195195
2.520906 2.399236 -2.195195
2.520906 2.399236 -2.195195
2.520906 2.399236 -2.195195
2.520906 2.399236 -2.195195
2.520906 2.399236 -2.195195
2.520906 2.399236 -2.195195
2.520906 2.399236 -2.195195
2.520906 2.399236 -2.195195
2.520906 2.399236 -2.195195
2.520906 2.399236 -2.195195
2.520906 2.399236 -2.195195
2.520906 2.399236 -2.195195
2.520906 2.399236 -2.195195
2.520906 2.399236 -2.195195
2.554134 2.387028 -2.10676
2.554134 2.387028 -2.10676
2.554134 2.387028 -2.10676
2.554134 2.387028 -2.10676
2.554134 2.387028 -2.10676
2.554134 2.387028 -2.10676
2.554134 2.387028 -2.10676
2.554134 2.387028 -2.10676
2.554134 2.387028 -2.10676
2.554134 2.387028 -2.10676
2.554134 2.387028 -2.10676
2.554134 2.387028 -2.10676
2.554134 2.387028 -2.10676
2.554134 2.387028 -2.10676
2.554134 2.387028 -2.10676
2.554134 2.387028 -2.10676
2.554134 2.387028 -2.10676
2.554134 2.387028 -2.10676
2.554134 2.387028 -2.10676
2.554134 2.387028 -2.10676
2.554134 2.387028 -2.10676
2.554134 2.387028 -2.10676
2.554134 2.387028 -2.10676
2.554134 2.387028 -2.10676
2.554134 2.387028 -2.10676
2.554134 2.387028 -2.10676
2.554134 2.387028 -2.10676
2.554134 2.387028 -2.10676
2.554134 2.387028 -2.10676
2.554134 2.387028 -2.10676
2.554134 2.387028 -2.10676
2.554134 2.387028 -2.10676
2.554134 2.387028 -2.10676
2.554134 2.387028 -2.10676
2.554134 2.387028 -2.10676
2.554134 2.387028 -2.10676
2.554134 2.387028 -2.10676
2.554134 2.387028 -2.10676
2.554134 2.387028 -2.10676
2.554134 2.387028 -2.10676
2.554134 2.387028 -2.10676
2.554134 2.387028 -2.10676
2.554134 2.387028 -2.10676
2.554134 2.387028 -2.10676
2.554134 2.387028 -2.10676
2.554134 2.387028 -2.10676
2.554134 2.387028 -2.10676
2.554134 2.387028 -2.10676
2.554134 2.387028 -2.10676
2.554134 2.387028 -2.10676
2.554134 2.387028 -2.10676
2.554134 2.387028 -2.10676
2.554134 2.387028 -2.10676
2.554134 2.387028 -2.10676
2.554134 2.387028 -2.10676
2.554134 2.387028 -2.10676
2.554134 2.387028 -2.10676
2.554134 2.387028 -2.10676
2.554134 2.387028 -2.10676
2.554134 2.387028 -2.10676
2.538748 2.510919 -2.107084
2.538748 2.510919 -2.107084
2.538748 2.510919 -2.107084
2.538748 2.510919 -2.107084
2.538748 2.510919 -2.107084
2.538748 2.510919 -2.107084
2.538748 2.510919 -2.107084
2.538748 2.510919 -2.107084
2.538748 2.510919 -2.107084
2.538748 2.510919 -2.107084
2.538748 2.510919 -2.107084
2.538748 2.510919 -2.107084
2.538748 2.510919 -2.107084
2.538748 2.510919 -2.107084
2.538748 2.510919 -2.107084
2.538748 2.510919 -2.107084
2.538748 2.510919 -2.107084
2.538748 2.510919 -2.107084
2.538748 2.510919 -2.107084
2.538748 2.510919 -2.107084
2.538748 2.510919 -2.107084
2.538748 2.510919 -2.107084
2.538748 2.510919 -2.107084
2.538748 2.510919 -2.107084
2.538748 2.510919 -2.107084
2.538748 2.510919 -2.107084
2.538748 2.510919 -2.107084
2.538748 2.510919 -2.107084
2.538748 2.510919 -2.107084
2.538748 2.510919 -2.107084
2.538748 2.510919 -2.107084
2.538748 2.510919 -2.107084
2.538748 2.510919 -2.107084
2.538748 2.510919 -2.107084
2.538748 2.510919 -2.107084
2.538748 2.510919 -2.107084
2.538748 2.510919 -2.107084
2.538748 2.510919 -2.107084
2.538748 2.510919 -2.107084
2.538748 2.510919 -2.107084
2.538748 2.510919 -2.107084
2.538748 2.510919 -2.107084
2.538748 2.510919 -2.107084
2.538748 2.510919 -2.107084
2.538748 2.510919 -2.107084
2.538748 2.510919 -2.107084
2.538748 2.510919 -2.107084
2.538748 2.510919 -2.107084
2.538748 2.510919 -2.107084
2.538748 2.510919 -2.107084
2.538748 2.510919 -2.107084
2.538748 2.510919 -2.107084
2.538748 2.510919 -2.107084
2.538748 2.510919 -2.107084
2.538748 2.510919 -2.107084
2.538748 2.510919 -2.107084
2.538748 2.510919 -2.107084
2.538748 2.510919 -2.107084
2.538748 2.510919 -2.107084
2.538748 2.510919 -2.107084
2.415851 2.733076 -2.058013
2.511997 2.847968 -1.392627
2.511997 2.847968 -1.392627
2.511997 2.847968 -1.392627
2.511997 2.847968 -1.392627
2.511997 2.847968 -1.392627
2.511997 2.847968 -1.392627
2.511997 2.847968 -1.392627
2.511997 2.847968 -1.392627
2.511997 2.847968 -1.392627
2.511997 2.847968 -1.392627
2.511997 2.847968 -1.392627
2.511997 2.847968 -1.392627
2.511997 2.847968 -1.392627
2.511997 2.847968 -1.392627
2.511997 2.847968 -1.392627
2.511997 2.847968 -1.392627
2.511997 2.847968 -1.392627
2.511997 2.847968 -1.392627
2.511997 2.847968 -1.392627
2.511997 2.847968 -1.392627
2.511997 2.847968 -1.392627
2.511997 2.847968 -1.392627
2.511997 2.847968 -1.392627
2.511997 2.847968 -1.392627
2.511997 2.847968 -1.392627
2.511997 2.847968 -1.392627
2.511997 2.847968 -1.392627
2.511997 2.847968 -1.392627
2.511997 2.847968 -1.392627
2.511997 2.847968 -1.392627
2.511997 2.847968 -1.392627
2.511997 2.847968 -1.392627
2.511997 2.847968 -1.392627
2.511997 2.847968 -1.392627
2.511997 2.847968 -1.392627
2.511997 2.847968 -1.392627
2.511997 2.847968 -1.392627
2.511997 2.847968 -1.392627
2.511997 2.847968 -1.392627
2.511997 2.847968 -1.392627
2.511997 2.847968 -1.392627
2.511997 2.847968 -1.392627
2.511997 2.847968 -1.392627
2.546092 2.433025 -1.633921
2.546092 2.433025 -1.633921
2.546092 2.433025 -1.633921
2.546092 2.433025 -1.633921
2.546092 2.433025 -1.633921
2.546092 2.433025 -1.633921
2.546092 2.433025 -1.633921
2.546092 2.433025 -1.633921
2.546092 2.433025 -1.633921
2.546092 2.433025 -1.633921
2.546092 2.433025 -1.633921
2.546092 2.433025 -1.633921
2.546092 2.433025 -1.633921
2.546092 2.433025 -1.633921
2.546092 2.433025 -1.633921
2.546092 2.433025 -1.633921
2.498907 2.499863 -1.619543
2.498907 2.499863 -1.619543
2.498907 2.499863 -1.619543
2.498907 2.499863 -1.619543
2.498907 2.499863 -1.619543
2.498907 2.499863 -1.619543
2.498907 2.499863 -1.619543
2.498907 2.499863 -1.619543
2.498907 2.499863 -1.619543
2.498907 2.499863 -1.619543
2.498907 2.499863 -1.619543
2.498907 2.499863 -1.619543
2.498907 2.499863 -1.619543
2.498907 2.499863 -1.619543
2.498907 2.499863 -1.619543
2.498907 2.499863 -1.619543
2.498907 2.499863 -1.619543
2.498907 2.499863 -1.619543
2.498907 2.499863 -1.619543
2.498907 2.499863 -1.619543
2.498907 2.499863 -1.619543
2.498907 2.499863 -1.619543
2.498907 2.499863 -1.619543
2.498907 2.499863 -1.619543
2.498907 2.499863 -1.619543
2.498907 2.499863 -1.619543
2.498907 2.499863 -1.619543
2.498907 2.499863 -1.619543
2.498907 2.499863 -1.619543
2.498907 2.499863 -1.619543
2.498907 2.499863 -1.619543
2.498907 2.499863 -1.619543
2.498907 2.499863 -1.619543
2.498907 2.499863 -1.619543
2.498907 2.499863 -1.619543
2.498907 2.499863 -1.619543
2.498907 2.499863 -1.619543
2.498907 2.499863 -1.619543
2.498907 2.499863 -1.619543
2.498907 2.499863 -1.619543
2.498907 2.499863 -1.619543
2.498907 2.499863 -1.619543
2.498907 2.499863 -1.619543
2.498907 2.499863 -1.619543
2.498907 2.499863 -1.619543
2.498907 2.499863 -1.619543
2.498907 2.499863 -1.619543
2.498907 2.499863 -1.619543
2.498907 2.499863 -1.619543
2.498907 2.499863 -1.619543
2.498907 2.499863 -1.619543
2.498907 2.499863 -1.619543
2.498907 2.499863 -1.619543
2.498907 2.499863 -1.619543
2.498907 2.499863 -1.619543
2.498907 2.499863 -1.619543
2.498907 2.499863 -1.619543
2.498907 2.499863 -1.619543
2.498907 2.499863 -1.619543
2.498907 2.499863 -1.619543
2.531532 2.407191 -1.591159
2.531532 2.407191 -1.591159
2.531532 2.407191 -1.591159
2.531532 2.407191 -1.591159
2.531532 2.407191 -1.591159
2.531532 2.407191 -1.591159
2.531532 2.407191 -1.591159
2.531532 2.407191 -1.591159
2.531532 2.407191 -1.591159
2.531532 2.407191 -1.591159
2.531532 2.407191 -1.591159
2.531532 2.407191 -1.591159
2.531532 2.407191 -1.591159
2.531532 2.407191 -1.591159
2.531532 2.407191 -1.591159
2.531532 2.407191 -1.591159
2.531532 2.407191 -1.591159
2.531532 2.407191 -1.591159
2.531532 2.407191 -1.591159
2.531532 2.407191 -1.591159
2.531532 2.407191 -1.591159
2.531532 2.407191 -1.591159
2.531532 2.407191 -1.591159
2.531532 2.407191 -1.591159
2.531532 2.407191 -1.591159
2.531532 2.407191 -1.591159
2.531532 2.407191 -1.591159
2.531532 2.407191 -1.591159
2.531532 2.407191 -1.591159
2.531532 2.407191 -1.591159
2.531532 2.407191 -1.591159
2.531532 2.407191 -1.591159
2.531532 2.407191 -1.591159
2.531532 2.407191 -1.591159
2.531532 2.407191 -1.591159
2.531532 2.407191 -1.591159
2.531532 2.407191 -1.591159
2.531532 2.407191 -1.591159
2.531532 2.407191 -1.591159
2.531532 2.407191 -1.591159
2.531532 2.407191 -1.591159
2.531532 2.407191 -1.591159
2.531532 2.407191 -1.591159
2.531532 2.407191 -1.591159
2.531532 2.407191 -1.591159
2.531532 2.407191 -1.591159
2.531532 2.407191 -1.591159
2.531532 2.407191 -1.591159
2.531532 2.407191 -1.591159
2.531532 2.407191 -1.591159
2.531532 2.407191 -1.591159
2.531532 2.407191 -1.591159
2.531532 2.407191 -1.591159
2.531532 2.407191 -1.591159
2.531532 2.407191 -1.591159
2.531532 2.407191 -1.591159
2.531532 2.407191 -1.591159
2.531532 2.407191 -1.591159
2.531532 2.407191 -1.591159
2.531532 2.407191 -1.591159
