1725529229
-1506522340
244124703
433464043
-725230737
-1246262301
-1273190005
859064770
1555082336
294119311
265264901
188065673
1525447760
-785062531
690415599
-2016909060
-415455344
-173275371
148293172
389314729
-1530086753
-1791685729
923185605
613948445
1322863608
-1967999045
-1986883779
829673089
-1695555096
1129719212
2047334170
-533392050
-1684234090
-84683584
72740253
488083664
1309584696
1291668870
574330901
767492338
525648723
1800590751
1065589047
-11602386
-1397401404
470272656
526688608
-17814822
-237610317
-471714386
-734878873
-11666220
-576127002
-1426938279
-250436031
445517234
482079535
-505404479
-895514274
26400877
-1198018237
675155095
1557734637
-963131499
840778693
-966675748
-944120257
1317179146
1950482245
931439438
-693491
-1672053179
100037263
2094463064
1935399314
1108342158
1129696460
167747465
1044185594
1034759339
381326118
969106361
265241575
1741329808
-989337218
1141446975
-790748853
2059506124
2083823724
827513138
1851569524
-580123314
-333637608
-484815784
1365032624
-399667197
-919432786
-2093413479
37
