1349196712
813728130
1304941770
18240986
-1511195748
231066003
-2071690550
-1401597672
-381174178
-393773422
1689187404
-1470787009
944084917
-391838763
-37592231
-1234683467
-479645747
1036633420
-371446299
843157088
481133969
1896734470
2297311
-441834992
1353673249
1737406336
322829400
646093832
-2046707183
1873921339
-2114286140
-1233184930
-895973956
-73722935
1068919862
-1755266571
-1158670360
1493050506
-1311846460
-900041231
-435031502
-1441444644
745110047
-59223943
803089710
1521616691
425397882
-1085168723
-1294539960
1865487700
-440118791
-934296072
-1394661800
1299824337
-978591501
-1280411668
1700809944
-1121434431
1116434652
1945184211
1162927637
1333516814
1835211491
-871865530
1702781798
-215918866
1439201958
-130090754
-1085231636
-324957226
53525980
-422248996
2131362451
-849510241
-1460613959
1342246953
-902722676
-1142700057
185464535
-1672602614
1883689016
445120643
118659072
1946101948
-2004752625
-1774885840
-571283459
-562132996
693943439
-1913730881
839692949
1128782642
425257230
-405562437
1867223640
2106864482
-266104962
-2023349406
1
