609064290
-1538016985
284881873
834628669
-1802809831
-12999424
-1918884191
376964285
-2005340777
-1803971027
1416269566
370633523
1791926096
1185265702
-114000541
1679323023
1253078905
278060628
1808301264
1051388228
995314514
-1738246729
-1292370689
857434152
-1259807257
-784478533
99868522
1643512223
1441700790
97047950
-1805911471
1892253902
1014288810
-638984881
589710146
1008033692
1647685180
-526973093
966131048
-780894708
726880949
1669365377
348183443
1793524610
1630725776
1596505020
645500892
-156155767
-452692061
-814193722
-414569458
-1098687735
-1353543220
766986345
1597417558
2015263363
-623459365
-1565666279
284256286
1946006995
-345300176
-1694314870
-1801190992
-70541309
1399205792
-170172974
-1929028468
614641619
324780588
1501745332
49744804
291106595
1981652041
-1904614952
2048734112
679281106
-88848873
886554377
2097006960
-444353818
-2016620878
1315047707
1105545724
-804492822
65486348
769408577
-1488315512
1013692156
1879150915
1392451212
1356168174
-2027064710
-933520520
-291309341
1370193394
1550797380
-219694794
-319627226
65
