0 5 : 18 15  0
0 1 : 16 18 15  0
0 1 : 11 18 15  0
0 2 : 13  8  0
0 1 : 14 13  8  0
0 1 :  7 13  8  0
0 1 :  6 18 15  0
0 2 :  5 13  8  0
0 1 :  9  5 13  8  0
0 1 :  3 13  8  0
0 1 :  4  2 18 15  0
0 1 : 17  1  0
0 1 : 12 17  1  0
0 1 : 10 17  1  0

1 i1 17 
2 a 4 
3 d j 
4 2 k 
5 d h 
6 a g 
7 d f 
8 i1 13 
9 h i 
10 l n 
11 a c 
12 l m 
13 8 d 
14 d e 
15 i1 18 
16 a b 
17 1 l 
18 15 a 
a 18 16 11 6 2 
b 16 
c 11 
d 13 14 7 5 3 
e 14 
f 7 
g 6 
h 5 9 
i 9 
j 3 
k 4 
l 17 12 10 
m 12 
n 10 
i1 1 8 15 
