1 121.9541 0.02439082 -0.1349806 -3.28537 -0.002456368 0.2880915 0.3092955 0.0340597 0.3092955 0.640622 -0.08086833 0.0340597 -0.08086833 0.3952586
2 451.5192 0.09030385 0.005974408 -2.955842 -0.02928369 0.128417 0.1137675 0.008945038 0.1137675 0.2187323 -0.05078295 0.008945038 -0.05078295 0.09831449
3 608.6772 0.1217354 0.04190485 -2.904386 -0.0277417 0.08336235 0.07067485 0.005713345 0.07067485 0.1276626 -0.02896026 0.005713345 -0.02896026 0.05754368
4 650.4517 0.1300903 0.06145374 -2.869365 -0.03041332 0.06354302 0.05518514 0.002677594 0.05518514 0.09775307 -0.02239147 0.002677594 -0.02239147 0.04242044
5 659.7863 0.1319573 0.06417006 -2.851571 -0.04687839 0.05523807 0.04676458 0.003293838 0.04676458 0.08272224 -0.01796851 0.003293838 -0.01796851 0.03485965
6 692.9673 0.1385935 0.08461759 -2.828637 -0.04799864 0.04626768 0.03746968 0.003406652 0.03746968 0.0674978 -0.01548181 0.003406652 -0.01548181 0.03014789
7 711.6004 0.1423201 0.08471181 -2.825174 -0.0474657 0.04117864 0.03408102 0.002466404 0.03408102 0.05999936 -0.01333097 0.002466404 -0.01333097 0.02579877
8 721.4188 0.1442838 0.08061503 -2.828837 -0.04822182 0.03728554 0.0325085 0.001503635 0.0325085 0.06015573 -0.01378787 0.001503635 -0.01378787 0.02471702
9 715.3305 0.1430661 0.07311932 -2.825965 -0.05428616 0.03627478 0.031547 0.001606292 0.031547 0.05619514 -0.01218405 0.001606292 -0.01218405 0.02381218
10 714.5735 0.1429147 0.08416886 -2.823306 -0.0577316 0.03320026 0.02950209 0.00160378 0.02950209 0.05412729 -0.01164739 0.00160378 -0.01164739 0.02146447
11 709.5486 0.1419097 0.08742735 -2.811901 -0.05605971 0.03118782 0.02692085 0.001733479 0.02692085 0.04999258 -0.01133625 0.001733479 -0.01133625 0.02195981
12 728.4098 0.145682 0.09105341 -2.81013 -0.06122443 0.02811353 0.02398656 0.002099322 0.02398656 0.04650163 -0.01035813 0.002099322 -0.01035813 0.02028202
13 753.8559 0.1507712 0.09535543 -2.801001 -0.06150214 0.02819429 0.02307003 0.003046588 0.02307003 0.04285312 -0.008148741 0.003046588 -0.008148741 0.01971205
14 756.5217 0.1513043 0.09603335 -2.793095 -0.06666458 0.028735 0.02316883 0.003653387 0.02316883 0.04193388 -0.006884716 0.003653387 -0.006884716 0.01882108
15 747.0009 0.1494002 0.09251443 -2.796685 -0.06568101 0.0278677 0.02168289 0.004270077 0.02168289 0.03793493 -0.005766566 0.004270077 -0.005766566 0.01805795
16 754.5934 0.1509187 0.09776481 -2.788018 -0.06520826 0.02696099 0.02166894 0.004258226 0.02166894 0.03859974 -0.006201398 0.004258226 -0.006201398 0.01853163
17 749.8821 0.1499764 0.09578881 -2.785813 -0.07579616 0.02739143 0.02357972 0.003232793 0.02357972 0.04236667 -0.006998899 0.003232793 -0.006998899 0.01822307
18 738.8487 0.1477697 0.09982209 -2.78225 -0.0682251 0.02796467 0.02427123 0.002480832 0.02427123 0.04339523 -0.007586561 0.002480832 -0.007586561 0.01899542
19 742.6625 0.1485325 0.1055404 -2.779067 -0.05937145 0.02647018 0.0231509 0.002060233 0.0231509 0.04073216 -0.007749779 0.002060233 -0.007749779 0.01930481
20 740.9696 0.1481939 0.1072942 -2.780137 -0.06025685 0.02618246 0.02190327 0.002864689 0.02190327 0.03934045 -0.007717075 0.002864689 -0.007717075 0.01982302
21 735.8035 0.1471607 0.09984821 -2.796275 -0.05602685 0.02628075 0.02185981 0.00263505 0.02185981 0.0379781 -0.007569787 0.00263505 -0.007569787 0.01862095
22 738.082 0.1476164 0.09252033 -2.812283 -0.04782039 0.0271668 0.02268919 0.002044315 0.02268919 0.03913038 -0.008439313 0.002044315 -0.008439313 0.01895787
23 718.0304 0.1436061 0.09570524 -2.808397 -0.04515757 0.02597151 0.02144645 0.002310675 0.02144645 0.03824521 -0.008042278 0.002310675 -0.008042278 0.01863815
24 747.0896 0.1494179 0.09672076 -2.804513 -0.04283402 0.02535606 0.02006049 0.002496037 0.02006049 0.03628451 -0.008691555 0.002496037 -0.008691555 0.02057678
25 746.3628 0.1492726 0.1042701 -2.800248 -0.04156621 0.02560511 0.0206354 0.001996373 0.0206354 0.03878027 -0.01017977 0.001996373 -0.01017977 0.02120091
26 732.251 0.1464502 0.1100774 -2.787022 -0.04486025 0.02548266 0.02098712 0.001228208 0.02098712 0.0382703 -0.0103046 0.001228208 -0.0103046 0.02059149
27 750.6897 0.1501379 0.1102978 -2.782581 -0.05061074 0.0256909 0.02107764 0.001347835 0.02107764 0.03717278 -0.009066679 0.001347835 -0.009066679 0.01931582
28 737.557 0.1475114 0.1088238 -2.778475 -0.05618142 0.02694727 0.02238586 0.001778947 0.02238586 0.0396241 -0.008570677 0.001778947 -0.008570677 0.01962033
29 755.664 0.1511328 0.1022406 -2.787961 -0.05128292 0.02725959 0.02257428 0.001945193 0.02257428 0.03963984 -0.008557131 0.001945193 -0.008557131 0.01983164
30 743.7513 0.1487503 0.1042124 -2.782046 -0.05794896 0.02543766 0.02107811 0.002070598 0.02107811 0.03727091 -0.007409369 0.002070598 -0.007409369 0.01817335
31 742.1359 0.1484272 0.1066952 -2.779108 -0.05742317 0.02600246 0.02165219 0.002292625 0.02165219 0.03906116 -0.008645 0.002292625 -0.008645 0.0189879
32 730.1865 0.1460373 0.1125854 -2.776109 -0.05542333 0.02521351 0.02100866 0.002237093 0.02100866 0.03782295 -0.008270391 0.002237093 -0.008270391 0.01833702
33 733.8245 0.1467649 0.1075854 -2.78088 -0.05623057 0.02604905 0.02191571 0.001012191 0.02191571 0.04028977 -0.009427408 0.001012191 -0.009427408 0.01842103
34 763.4158 0.1526832 0.1021848 -2.784368 -0.05918191 0.02628528 0.02154826 0.002317439 0.02154826 0.03845746 -0.007309858 0.002317439 -0.007309858 0.01861962
35 760.2273 0.1520455 0.1015125 -2.788506 -0.06176752 0.02684778 0.02259487 0.001963321 0.02259487 0.04127632 -0.008485208 0.001963321 -0.008485208 0.01890309
36 754.2368 0.1508474 0.1070271 -2.785783 -0.0588872 0.03045838 0.02618715 0.002129202 0.02618715 0.04452998 -0.008736579 0.002129202 -0.008736579 0.01898975
37 718.6772 0.1437354 0.09579011 -2.795785 -0.05568528 0.0304561 0.02599235 0.00183334 0.02599235 0.04370944 -0.008678 0.00183334 -0.008678 0.01864864
38 707.8592 0.1415718 0.08658797 -2.811381 -0.0508009 0.02838092 0.02399355 0.001611886 0.02399355 0.04192032 -0.008582621 0.001611886 -0.008582621 0.01729868
39 727.7722 0.1455544 0.08898702 -2.809339 -0.05424183 0.0272922 0.02270757 0.001497071 0.02270757 0.04053292 -0.008753072 0.001497071 -0.008753072 0.01686849
40 745.3679 0.1490736 0.09282932 -2.801494 -0.05537822 0.02743587 0.02244195 0.00188329 0.02244195 0.04076151 -0.008866983 0.00188329 -0.008866983 0.01696894
41 733.7141 0.1467428 0.08744986 -2.810303 -0.05196557 0.02836994 0.02412578 0.001166093 0.02412578 0.04442038 -0.01050962 0.001166093 -0.01050962 0.01752894
42 728.9841 0.1457968 0.08727994 -2.815194 -0.048227 0.02832411 0.02375122 0.000922267 0.02375122 0.04415295 -0.01149604 0.000922267 -0.01149604 0.01833024
43 709.6996 0.1419399 0.08360137 -2.815209 -0.05076943 0.02673694 0.02233176 0.001226668 0.02233176 0.04298067 -0.01184109 0.001226668 -0.01184109 0.01862755
44 711.5478 0.1423096 0.08492461 -2.812345 -0.0500822 0.02632125 0.02318982 0.0006598957 0.02318982 0.04411403 -0.01135014 0.0006598957 -0.01135014 0.01865428
45 719.9029 0.1439806 0.07951606 -2.814186 -0.05614022 0.02619561 0.02367032 0.001306066 0.02367032 0.04414827 -0.01015528 0.001306066 -0.01015528 0.01861488
46 714.0986 0.1428197 0.08472184 -2.806241 -0.04873343 0.02915971 0.0257002 0.001148697 0.0257002 0.04580251 -0.01005557 0.001148697 -0.01005557 0.01874407
47 716.5154 0.1433031 0.07723994 -2.810898 -0.05189076 0.02946133 0.02682701 -0.0004185014 0.02682701 0.04755598 -0.01151897 -0.0004185014 -0.01151897 0.01877217
48 700.0258 0.1400052 0.08119323 -2.801619 -0.04661401 0.02789822 0.02514053 0.0002594565 0.02514053 0.04567544 -0.01114567 0.0002594565 -0.01114567 0.01930899
49 712.527 0.1425054 0.09157253 -2.793344 -0.04071176 0.02542405 0.02301548 0.0005226818 0.02301548 0.04443533 -0.01137486 0.0005226818 -0.01137486 0.01988151
50 725.2539 0.1450508 0.08585562 -2.790036 -0.04545324 0.02728819 0.02485961 0.0003623346 0.02485961 0.04675911 -0.01116956 0.0003623346 -0.01116956 0.01889966
51 731.286 0.1462572 0.09198447 -2.788721 -0.04440661 0.02833139 0.02479323 0.0004558628 0.02479323 0.04479585 -0.01055065 0.0004558628 -0.01055065 0.01838458
52 725.1027 0.1450205 0.09720106 -2.779612 -0.05110211 0.02769 0.0233608 0.001289663 0.0233608 0.04201257 -0.009237339 0.001289663 -0.009237339 0.0180341
53 734.9801 0.146996 0.1023165 -2.775072 -0.05701722 0.02776736 0.0234064 0.002018471 0.0234064 0.04269245 -0.00847773 0.002018471 -0.00847773 0.01749702
54 756.6824 0.1513365 0.102696 -2.773952 -0.05933615 0.0251295 0.02080286 0.001575274 0.02080286 0.0405246 -0.009153594 0.001575274 -0.009153594 0.01713156
55 758.8434 0.1517687 0.1057323 -2.773403 -0.06109276 0.0271018 0.02252461 0.00184822 0.02252461 0.04218398 -0.008486956 0.00184822 -0.008486956 0.01698088
56 761.7404 0.1523481 0.1046141 -2.769907 -0.05663138 0.0262165 0.02107462 0.002086692 0.02107462 0.03981746 -0.008149208 0.002086692 -0.008149208 0.01704793
57 765.3491 0.1530698 0.1095815 -2.771384 -0.05805772 0.0264431 0.02187283 0.001570196 0.02187283 0.04088508 -0.008451379 0.001570196 -0.008451379 0.01734194
58 762.3474 0.1524695 0.1127352 -2.779294 -0.05885297 0.02652667 0.0213812 0.001860529 0.0213812 0.04017913 -0.00847288 0.001860529 -0.00847288 0.0179721
59 770.039 0.1540078 0.1135711 -2.778459 -0.05650909 0.02821592 0.02294879 0.001732666 0.02294879 0.04248824 -0.009420316 0.001732666 -0.009420316 0.0180577
60 751.8058 0.1503612 0.1152005 -2.777763 -0.05180166 0.0269599 0.02119662 0.002430462 0.02119662 0.03990582 -0.008066388 0.002430462 -0.008066388 0.01719724
61 767.3861 0.1534772 0.1158312 -2.790681 -0.04865363 0.02579023 0.02000102 0.002591727 0.02000102 0.0382907 -0.007982166 0.002591727 -0.007982166 0.01722478
62 777.6638 0.1555328 0.1147296 -2.788482 -0.05145922 0.02606144 0.02060247 0.001674691 0.02060247 0.03836541 -0.008039162 0.001674691 -0.008039162 0.01690491
63 772.4887 0.1544977 0.1084117 -2.79093 -0.05639634 0.02556203 0.01948774 0.002811918 0.01948774 0.03588452 -0.006954963 0.002811918 -0.006954963 0.01688829
64 778.4462 0.1556892 0.1064815 -2.793027 -0.05657241 0.0269349 0.02015177 0.002611098 0.02015177 0.03720977 -0.007676445 0.002611098 -0.007676445 0.01729573
65 771.1739 0.1542348 0.1177712 -2.78303 -0.05243471 0.02640768 0.01991061 0.002308865 0.01991061 0.03585683 -0.00727656 0.002308865 -0.00727656 0.01655755
66 776.4444 0.1552889 0.1063454 -2.79378 -0.0563783 0.02613304 0.01968576 0.002377943 0.01968576 0.03506508 -0.006803174 0.002377943 -0.006803174 0.01585671
67 772.112 0.1544224 0.1116098 -2.795136 -0.05282193 0.02388222 0.01881246 0.002453316 0.01881246 0.03448397 -0.006519313 0.002453316 -0.006519313 0.01548012
68 775.7116 0.1551423 0.1107347 -2.789641 -0.05577017 0.02280238 0.01765283 0.002632656 0.01765283 0.03445833 -0.007286443 0.002632656 -0.007286443 0.01634988
69 788.7276 0.1577455 0.105795 -2.79337 -0.05662542 0.02306397 0.01817418 0.001990368 0.01817418 0.03577883 -0.007349483 0.001990368 -0.007349483 0.01564836
70 796.1208 0.1592242 0.1098578 -2.789752 -0.06123719 0.02379987 0.01866957 0.003071233 0.01866957 0.03591287 -0.006001735 0.003071233 -0.006001735 0.0153391
71 785.6104 0.1571221 0.1072965 -2.794725 -0.06334329 0.02454742 0.01888958 0.002985934 0.01888958 0.03402292 -0.00559845 0.002985934 -0.00559845 0.01511306
72 773.3382 0.1546676 0.1097928 -2.788263 -0.06366988 0.02466745 0.01866739 0.003184587 0.01866739 0.03366892 -0.005525066 0.003184587 -0.005525066 0.01465575
73 783.9074 0.1567815 0.1177728 -2.783612 -0.06621699 0.02479722 0.01898099 0.003017522 0.01898099 0.03460053 -0.005766177 0.003017522 -0.005766177 0.01463186
74 784.8124 0.1569625 0.1147511 -2.780292 -0.06929897 0.02496507 0.01956276 0.002715211 0.01956276 0.03610361 -0.006253733 0.002715211 -0.006253733 0.01445647
75 770.5486 0.1541097 0.1067929 -2.793457 -0.0662423 0.02532382 0.01965184 0.003026925 0.01965184 0.03703412 -0.007152029 0.003026925 -0.007152029 0.01542674
76 778.7707 0.1557541 0.1075131 -2.792972 -0.06506478 0.02517865 0.0203245 0.001800551 0.0203245 0.03779354 -0.007882785 0.001800551 -0.007882785 0.01540931
77 762.81 0.152562 0.09529192 -2.800556 -0.06093337 0.02506303 0.02013097 0.002258171 0.02013097 0.03748545 -0.006994418 0.002258171 -0.006994418 0.01499066
78 773.4404 0.1546881 0.09840726 -2.795156 -0.05308349 0.02763604 0.02133168 0.003225567 0.02133168 0.03793178 -0.006320656 0.003225567 -0.006320656 0.01647987
79 760.4641 0.1520928 0.09888082 -2.795155 -0.05259916 0.02653606 0.02110393 0.002826797 0.02110393 0.03924918 -0.007551612 0.002826797 -0.007551612 0.01812826
80 769.1676 0.1538335 0.1047493 -2.786777 -0.05267914 0.02723641 0.02238504 0.002975705 0.02238504 0.04059245 -0.006796059 0.002975705 -0.006796059 0.0175596
81 762.4221 0.1524844 0.1063588 -2.77518 -0.05596879 0.02663343 0.02238089 0.00284259 0.02238089 0.04052909 -0.006533732 0.00284259 -0.006533732 0.01732184
82 753.2417 0.1506483 0.1026445 -2.776659 -0.05474078 0.02433832 0.02017239 0.002030875 0.02017239 0.03866372 -0.007173598 0.002030875 -0.007173598 0.01736198
83 795.6826 0.1591365 0.1055161 -2.777274 -0.05314385 0.02440642 0.01990232 0.001678055 0.01990232 0.03786321 -0.007986497 0.001678055 -0.007986497 0.0174016
84 783.7911 0.1567582 0.1104618 -2.773557 -0.05832359 0.02328706 0.01951152 0.000839208 0.01951152 0.03644072 -0.008031676 0.000839208 -0.008031676 0.01631751
85 778.9489 0.1557898 0.1100706 -2.778222 -0.05707532 0.02589436 0.02125789 0.001158392 0.02125789 0.03836658 -0.008390848 0.001158392 -0.008390848 0.01646922
86 751.5532 0.1503106 0.1149006 -2.7783 -0.05328125 0.02596824 0.02207845 -6.55105e-05 0.02207845 0.04095177 -0.01002208 -6.55105e-05 -0.01002208 0.0166378
87 760.1114 0.1520223 0.1156275 -2.774859 -0.05232759 0.02582436 0.02227517 -0.000110345 0.02227517 0.04108247 -0.009754443 -0.000110345 -0.009754443 0.016705
