676591577
1454229284
-329718068
2103565724
-1666821360
996243018
-970828016
-61153354
-1480991182
437164772
606306043
2000708024
1807954931
-1226139773
-818495292
596292653
1318586659
-2129952670
1895241412
592243283
1495594588
-457896530
-307269407
1172266946
-787330741
-1392993304
-756978924
1289813390
-412276962
892488732
317538649
1994193522
946969033
745488183
-1866877614
544754859
-148182698
427476213
791297993
-449644476
-652995310
422529976
-1120923114
-1777463234
-448433735
-1156277483
-848997348
1581593455
255522533
1536611967
2035655784
-787877016
1635642816
1179105635
-311465303
-1171123859
2043834290
-2017329540
-1879946215
545199732
1315947850
-1425048317
-1461570277
-1957959411
380146361
1600761967
1445514596
1343143063
720324996
670882927
-1755043517
-1173765939
1495513624
-965371166
-73154693
895374390
1658023745
-2102249775
434295261
-469746346
-1877977123
1486290738
1458492071
1933233941
-1280978928
34449490
-1957784887
-487431209
444623285
1992253648
1085395618
1769875108
-1082479432
487766173
373301438
142876442
29280024
1802867752
19
