0 3 : 22 11 37 36 33 23 18 16 14 13 12  3  0
0 3 :  5 37 36 33 23 18 16 14 13 12  3  0
0 2 : 29 40 38 35 34 32 31 30 28 27 26 24 21 20 19 17 15 10  9  7  6  4  2  0
0 4 : 25 40 38 35 34 32 31 30 28 27 26 24 21 20 19 17 15 10  9  7  6  4  2  0
0 7 : 39  8 40 38 35 34 32 31 30 28 27 26 24 21 20 19 17 15 10  9  7  6  4  2  0
0 1 :  1 39  8 40 38 35 34 32 31 30 28 27 26 24 21 20 19 17 15 10  9  7  6  4  2  0

1 e f 
2 i3 4 
3 i3 12 
4 2 6 
5 i1 b 
6 4 7 
7 6 9 
8 i2 39 
9 7 10 
10 9 15 
11 i1 22 
12 3 13 
13 12 14 
14 13 16 
15 10 17 
16 14 18 
17 15 19 
18 16 23 
19 17 20 
20 19 21 
21 20 24 
22 11 a 
23 18 33 
24 21 26 
25 i2 d 
26 24 27 
27 26 28 
28 27 30 
29 i2 c 
30 28 31 
31 30 32 
32 31 34 
33 23 36 
34 32 35 
35 34 38 
36 33 37 
37 36 i1 
38 35 40 
39 8 e 
40 38 i2 
a 22 
b 5 
c 29 
d 25 
e 39 1 
f 1 
i1 37 11 5 
i2 40 29 25 8 
i3 2 3 
