-641442312
-722959960
831766538
-1163819171
-1060955011
1910533795
1126323899
-216885769
-341921176
-1885793377
667975458
707559136
-1802827567
-1350933569
1263130574
1566839782
1870276241
1331428226
449790694
-1803460288
-878990613
-1776391380
-450768580
299955846
-572465575
1709927452
1166482359
-1216102557
-1366053421
1117002287
1857346299
-135652537
1015204887
1315755806
-1818236980
-343175587
2136984194
2038748536
1502127322
-513111677
268392117
-1485226973
-514827138
-835297712
682884853
246695987
2106372443
-617122173
-388264602
-1822746590
-959208038
-482846206
-492359170
-48419066
286303959
-1620207562
-1224551106
-265090303
-86451724
-333228922
-1696145134
554084231
1940695484
36132393
572786313
-966436050
835291923
1850801189
-990198836
-1892229144
-1222362854
41960839
-1551006375
-1979187341
1559601681
33371089
-243657873
1642905260
412093750
417440481
-456511416
250302693
-2010493345
-1168852925
1707704152
741584751
-1668244786
-1750312721
-1172781164
-683115651
-1017313422
83864321
-2088328378
1143611401
-599222867
1311725652
-1680465068
459494974
41
