-756931325
382783511
-1279699678
258565196
1287619495
1589401729
1605323830
-1543820928
-2026166688
-1070855781
-946177082
1357896761
-867686948
-1919730750
-310878333
883798352
1645753481
-1674817047
2099310021
-181518901
-1531799947
606413362
-1663217419
-556749627
-425272402
-512140297
-1670310202
-2085614232
244673953
1251730429
2037049052
1880305012
-277445134
-1863099609
1146403493
-67247648
618594383
2068999678
1269558255
1622599111
570190702
-774254957
-1791182122
131554339
1158537332
-1406484639
-88529675
1157621387
-171325476
543087782
-381363214
1815161432
-400258581
309719650
252577699
534409744
921154957
-1871607545
-1048783875
1756100354
378641725
67881484
-914524035
66785657
1830632255
-314877493
-523240096
-1966230616
769189231
-724702443
-1943210498
-1975129134
-752021549
1943264470
921823283
634248960
2037864900
-1451055153
1020330878
1408959141
-1376785958
942951575
-1666353662
-790976286
-842736712
-1636702791
1568401493
-1712721825
811739395
1693138503
-1133316971
-585391463
397807120
-346794433
-1371422841
-150946864
1370705164
-318733631
51
