-246298821
-352975843
446399049
-2131907928
1113067334
2017089524
-2011428804
-1000006235
-987347023
-35975982
841332259
-43204223
-679967724
1521436201
-1315926812
-434019052
-1637325793
-163084475
1585635103
1189141659
1614967231
-1425686455
-1894974040
851458618
1628815338
-1552068021
-501880035
1189618878
1094357346
1904071462
-1361733340
1571505054
-1894576859
-794879616
1223355928
75582677
-1669604815
773741778
-867100570
2132307096
-1131192533
-975549739
1774130969
-2038109519
-568396370
40806611
-858796264
-802909411
-1265293988
-2126266527
735828271
-1601863705
-1017006524
-2094155086
-1061501459
-1705522983
-1106444296
1371465983
-1569203234
1981483434
1290044105
-1728824987
1373469450
-1200908871
-174157081
1303800163
-298936749
42833849
-1762434372
-867844456
1525643346
-1263814451
1799483969
-2064384736
-1846875401
1355889380
-521567283
-2143805421
84734433
-1360098987
-1724033361
-509448088
280060359
1165988440
302118264
-319303648
1490680055
995437378
1316539507
-595682619
2062309355
904557906
-941247062
590142025
1595864143
863185280
-1855508785
2097199257
45
