426525420
-1200235933
934819508
-809408773
-63640390
1172041088
-1997026889
-221328542
622975811
1535215834
-194587826
-877643116
970043272
-126630776
-1918106447
-537258196
-1224617319
1766622068
-863914687
-1917347393
2125728775
444004820
1188052341
195432230
790941607
863354436
1466849342
-1141329463
1216224424
1413067134
-219280355
-1386761128
-33040754
161789898
-318886738
-1141424206
-502016020
-1927683357
1404089750
-1602094877
1345101018
862794582
-1964355009
739780469
1803731978
328737492
-1475561277
1133926790
-670521168
1814216926
1179868889
1831703440
-1118300282
973660039
1591895664
346449159
838798285
2126319577
436103766
1070361398
1331369665
1308713706
1790399244
1476182440
657003966
1842555284
1524554478
-778430934
-1602783652
680279379
890226070
-1946382020
847633560
103464077
251081408
-1061867239
-589988390
-1647845197
1348016831
-2018800173
-1744255180
303346816
59214687
-1655596827
-314785214
-552553127
64930503
66874716
193185827
-1701570818
1755756727
-148839572
-1487679157
705485167
962684791
1791358289
6799254
-1754642039
33
