-2022573608
1029367088
1582889686
1581688623
418870696
-1150167663
-2031332642
1814657291
-1765283098
140545607
-269063003
526399001
-1101925991
-850574503
1782752312
1728272475
-1156430190
-1461423530
469534900
-1639217341
-966409524
-783139116
1292011315
-1756636000
29541118
-1300704358
-776230184
-532938139
-624722540
-719881273
230236078
-362880844
948447337
-1080955490
-1615203701
268363117
-962357411
-1979899240
-2076075078
583228120
846756723
-1537865661
-1832724500
-897223084
599720041
-361753142
-465925657
572885154
1019163383
-1806978580
323874069
-280162254
-310830036
-115633198
12761388
-1214352191
-32292401
1558352890
-295818711
-434306488
1726625571
1050417297
586370029
-852355421
-745285681
1092380383
-1031278476
200234608
-2090978576
1690128315
-1162221311
453142001
322511275
-963776121
1916532532
1227682357
-318287792
1010280846
-1935808330
525644309
1510111496
208394953
1761577732
842501551
-740890794
-931178216
7809362
1225130112
-700820604
435299510
-1074855241
-719678165
1446963030
-1189658602
540214370
430126554
450489826
-1440610619
55
