-147750148
-217184816
-1263553891
371414061
893809704
-278998297
123565237
-724354971
-1624514203
980047705
1603827618
701364980
-852277930
189855021
-1264913771
-1014749804
1291230950
946530885
363891142
1924384154
1505921174
1197185645
779484289
-963750625
959201509
39246812
289037810
729677364
-1774136847
344697593
1122517251
-1409687034
1531177640
2049523430
-451537095
-1594898478
-1993048366
1589397540
-1748325278
134829856
-1472100126
-1689325576
320332741
1682207799
1251889284
-172638998
1837389037
-1584068284
627846663
-389912847
-1380775858
2114789157
887942817
433203838
-207105923
-417485025
2062336542
-707500378
1753415127
-857210114
-1840025399
958164625
-390042915
-2133590167
-1996868057
1262075038
-1210549404
-957259645
406823037
-113495082
1172109327
93838065
622085101
-923265153
-1047686187
1527030717
1236718468
721884889
1079175828
-1522941057
766465366
1972337700
-1970429785
448385313
1789034017
2002486038
-372334714
2001773120
-505009241
1895431236
-2001678215
1888781558
494725235
-1066077461
1263707304
-109346342
1561920032
589915762
19
