-1571183859
-1510046942
1455594830
293700549
2096911028
-697565442
-124196247
1322372707
1435841633
2071847518
146060529
583918088
-577177736
753966824
-1134264353
270148810
25758263
48185309
2009966462
853471868
-1130579595
-890205489
1551372395
1093851143
-116688284
176306148
-1488178479
1764657004
790160820
-672157538
-1427491595
-1163308249
-1114625074
1978726865
1235699244
683202737
1803811820
1726427440
1479786863
2059881311
1573969136
-799047187
-2032104025
-868557356
-1795993719
-257907295
-835255220
-505206436
1872838562
-1181381829
-393796043
-2007906345
1498100754
293418977
2135162722
-884114471
1359777466
1279694805
515379507
1894670822
-2029274370
272653115
415230647
-1432420482
-475770281
147205705
586274082
24326200
-2084752725
-761129483
1435170011
60114155
1570242687
2038882491
-1156691425
2118818356
1691491831
581197979
1861723628
-1499910267
-1604692109
-1500756189
2086135923
103475517
-751706532
1627215767
1375373760
480473110
-1182711296
-1826074458
-1615490868
-69154995
372085252
-289826980
2076097983
-1185752254
-1376307438
-1013213290
57
