-295352686
1977813102
2085556534
-1705675588
-1413083747
949091298
1539653817
372053671
-1349785395
-1251004003
2084448899
776709553
-1592816420
1613767295
-152895684
-36112939
88297258
411925930
-1327219671
243383255
-1865059100
-986294158
-199845426
87143634
-585391800
47115580
878706909
-1495782012
-1727558519
1189801176
1014355172
-1519255921
2064926472
-1332816907
1321617021
1685112205
-909511965
-135488588
803893433
1019610290
-570242584
1484406953
-1768481173
-785312862
-1380982617
-1036156225
1390141610
-1652635293
160734601
750238182
1433147892
-76347912
495840572
-2143582610
-806867680
-1206482707
-1329014606
44476569
1852173320
-1807848222
982179377
1399034656
753687136
1847263332
-1040537011
-1579269716
-1101283077
1457372239
970069041
1565800857
1379462315
1846863199
-1644295642
-486043202
-732945660
-830974405
1081546149
384871469
1755103606
-177855123
-270083754
1249291182
-1688107877
1105213474
2112482596
1709866303
-632193828
-1662504555
-647946773
1014328587
-975241877
-982194876
1555411285
1695067221
1127981744
1983289877
-763900076
284091881
77
