-162817659
-1292383108
1079395811
-2085315099
-1074329442
-646166692
-799480709
259721446
-1011180299
1575222433
1048448121
-2107945313
1319987735
-1899178949
265977654
-1074103123
1745288085
-1762850488
-722443217
-1495794187
-2136547762
-1509654991
-1508950279
-1962097199
-1655688223
594966492
1167935305
-220180050
573174978
358865356
1471028962
-2145959399
-425468297
2054543574
1689221183
846976685
1230451149
701369152
386786769
-1771664348
1764434242
-1049455639
218942180
899765697
-124258254
1902629609
-1535307822
-199832731
-1430965847
-867121930
1543104332
1451586904
-1898132086
346522675
1452748687
-1140633343
1187200026
-1284304933
819027942
-1623819948
-1671511162
-711513623
1497167249
-120263486
-546632244
102559851
-945166430
672066900
-125845437
-1422498596
522141536
1852013078
1603004234
-1190207051
457611842
759537536
-1606544088
2062669515
901501551
-1361150528
-294383060
-2066479340
-349820939
782651960
1171939483
-1206206225
-1297997413
1159310282
74479151
59637330
521772215
1362578773
-735579577
359965704
-66798631
1524712465
1463540984
1067133863
59
