2089805030
-2124282875
-1429397629
845765659
-778241824
-1035149415
549367251
217079416
1416169851
1756197120
-1442731960
-799212093
-450133974
1443906652
-1303957350
507488489
792671527
482514932
-2111043906
31699423
1755945771
573473068
-1326299899
2033090913
1831617424
-1294037936
-1648471517
-1503311987
-1666282233
-2115286145
-1738497980
-987003753
-1416605430
1277462852
1835594520
1283982339
-1369807810
-137300072
-1903572806
1895876499
-167482033
-109117763
1266808240
1134159876
-748203967
-2047763729
951347952
-722597256
1141596992
1864232353
1412129694
1763548962
2095773579
173267229
1062170917
2125024597
28164831
1850923702
-739591442
874434387
-1762200592
-874898758
-676217567
620934102
1414488470
79012626
-321243537
1800647727
-100463334
-572350911
1641038236
990023416
-121141502
392230397
-101964670
1079623159
-1377693401
820498484
1878446586
1294374570
233978854
80492989
-215530677
1445749606
-854820817
428729144
-2109403765
-2034317291
1569435786
1934733754
-1943315816
421894521
-141782335
1935871892
-1000003919
-132978388
82775190
-1496102883
49
