-2120104993
344757819
-637103341
236384696
2067612346
1880241114
-2014029610
661699930
1930109062
704401615
633925588
142738530
1765009238
-1493654406
416158970
1442135450
-1255036681
396090001
-1031488785
-733892578
669461555
-929055507
-1542534558
-1157678087
1003397933
-577669768
-1696664666
-1525918686
-1985966669
1525529745
-1501701172
-1888057484
-1912952095
781227213
744303346
-1628431993
536425929
-322538025
-1986499300
-1362733997
-1685095914
-1785213326
-1399005517
-1500242898
-1699543382
-1821056142
-628286540
-1390449176
-536535356
-365900351
-1130680360
734102734
-2000486380
657720307
2061431368
-1188680545
-843632478
-707329825
828038803
957164448
-793938350
-1366460168
-1628823499
299743489
-1194188289
-2121778695
-57213196
-49869400
-1849144444
316394835
-1049097983
-1683161437
811210513
-535119488
759938551
772272797
-224661052
20453115
-1499391813
902444694
950381902
-815994009
-681013750
934135555
25735627
-143506429
-200707270
1842942037
1929107943
1338403120
1697514010
223130883
-581116829
-418540293
-2061765544
-1874643793
1448789287
1124301110
55
