463534728
1968294460
-819887952
1494770312
-2010601769
-755971416
-1464798516
-424259275
-380032420
50781820
-357628404
-1161109037
1140422067
-700357959
110179765
506677476
1328894059
377253412
-1180837795
-1821389395
-1566912714
-1498372768
1070028946
563819509
234745910
-1286539307
264877642
1054233431
823958369
1043101491
165102412
166502351
-2132487860
657940527
777783586
592533655
-651067136
478426530
-893769949
-1355715675
2107462569
-978115146
-319269341
-1701596123
681285778
180414578
-129399788
669491753
-625830352
1287026157
2087365104
1529513322
753089475
-1190555827
-1490486137
-1360707424
-552848348
-1845016121
1901109232
-1362134438
2055477023
-775303934
-595257843
1877600766
342026960
-851452913
-1622953687
629131465
-873607818
-917674261
2105716120
808375871
-482718741
2130587677
106758229
-1465426054
-323862821
-935733002
-256435968
1167760763
-180758780
-1651098095
-1747550780
-132484610
-1696162699
-1500009645
1722425582
452102292
801199598
1993064672
-1796103670
-1170356140
206126948
-22816781
-815943781
854550858
2028092306
481102411
95
