-1729714630
1763846781
1755957212
-1982435073
838508366
215743926
-1222009741
-664112082
1119155699
-149627756
-1396727271
1106329857
1194753395
723595658
242386185
341463472
-1825334415
-932636086
1347001696
-1633898849
448777302
1665068889
-1022742155
325406434
-1231534029
-525696286
1929924265
-1309369254
1313442054
-2018800563
-1006163375
1039084343
-918743418
-1079873739
988648129
-942145469
178608676
-147157729
862618742
-1699061245
2012109713
301166422
-1936418343
231882545
16565734
-524559444
-1843468100
-1624263783
-846400101
1835268843
1428289416
1847728594
-825171982
-1289647838
-1621626676
-1659620111
-5855229
1967995970
-1429955190
-1466394929
346958377
-151875330
164367715
-865029444
-752885184
872831835
1988614949
-1767568691
-165383657
1574855836
-893819414
1315353969
1363611833
1317380140
744026909
-157848821
-119958913
-339198739
1145029375
603395399
-2147297262
2080623547
1721260410
1026027048
2024105103
-981847524
1793230419
440767015
1975505341
-344193504
-1383726594
1013851022
-1179957541
1245802574
642925971
-199348092
310653867
-2013714508
17
