549904052
-406794503
1066643002
-1353845382
-1219719345
904659961
1391757607
-1993485728
-128088068
-1828640019
1005615261
1360050723
-868594949
-266768600
-1946954824
-1020180539
-1336161977
370777336
168505636
-1539756134
-809799236
1785578121
-59652808
504387583
-1546842938
-2056090970
-209336040
795607635
1437302060
-826038894
656300482
1931493358
-671268486
1753747491
-1149880833
1357828105
1132628575
-587625156
967604641
260643581
-601719320
-874477374
2124186534
132602550
-1323464924
1847630780
-1703573058
1739062091
1460605153
1956413299
-279155454
-700813491
-963596003
1548293044
1070180006
1056095914
1441203503
355157187
-1230655242
495904975
1883445362
-125505467
1599118109
586988469
297594345
725506791
-1495904177
-912134335
-1551231967
-2070959499
811014342
1225972806
725756819
872685485
-1510847394
1855067321
-589935959
-1251610344
-284365123
-913197743
-882864264
-64432524
-279558576
1107644669
-1794351414
916869647
-690325207
-2102949283
717084152
1446192828
-886907157
248855932
778129400
618328341
485153740
-1248518789
-1073940214
-156398824
25
