-580569984
1594910816
1412813583
538300939
-1075579096
-648076081
-462409281
1628819697
-1318703451
712713735
1244699439
554936135
-1711753020
-1550510204
653582704
-1565659521
-1330863160
-957211573
963512885
873942698
797186260
602256129
-971842352
-49293154
-1864727346
2112825396
-1579875965
-1624749632
224946241
-215550786
-628653083
1057008809
250378914
-1814808994
-120159334
-588485712
-1621479751
-476515886
-981584632
-1957763645
-534320124
2017095945
1601610453
1792790151
509113747
-2130520814
409523324
-769799837
-1299539828
2047451459
686668520
-2094880236
-159757521
959568755
-12644084
-392117409
1210324875
1582229812
-1117557326
13370223
2130176940
-998717880
1905325731
-2100215593
1719617779
994379888
-882023780
402837131
777128099
1172045963
-1853748761
-851136023
741177149
362691347
384232199
-218421296
790760110
1191518606
-1510570282
557038002
235050735
656249189
-1583085363
-449522493
1681594792
2017109895
-1655318454
-413023105
676272252
-1078884856
1227813844
859187060
-3987835
-1209101655
956643696
197576810
-1814003544
414892255
77
