230890241
-922623083
1316217294
-1090347952
-1359088821
-2140921375
-932846748
815253621
-1450007359
429920057
359918804
-270291001
-952742994
-1304036799
-34178567
1352972279
-26722409
836092579
-642368281
1851946906
-825525161
1911907725
771819047
-522931856
-1413588673
550100113
-1701681857
878105534
-245886785
-1154282520
568410557
-1815794177
-1862789536
-951213371
1106795273
-1639662259
-1059572934
-1639468149
-1365733193
497941912
1386497646
1596885964
351722245
-807058371
-969474791
-1376825378
-184026339
-398765671
-1525274668
782272389
-2055427803
1804235515
737228844
-989896183
324476507
1363953504
-1471632370
-1802801528
433646178
-410841447
526751549
2050091504
36710945
1143954383
-1256206947
-1405559340
1603823651
-4094996
-537102026
1584624551
-1954253180
-1357150415
324192122
852447263
-353601159
-946752628
-2037310645
-665987251
-1814904613
-572830058
-1487864891
286758538
-470065675
-601268868
-1339706485
-1266598241
1244100842
202078453
668606782
-74670508
177742085
-45199109
1153893913
-1884107802
-1292654845
-136553897
772858492
2092418134
67
