-1086336250
1967864347
-1141333474
1269349453
159220731
-307428829
-609622854
-643528457
1187418239
-334858857
-75222631
870931946
-2019458327
-2042812497
-922664232
-1299162035
-1195473145
-1360203446
1442297066
564038366
-606830579
-997834750
-955613931
621189971
1153875505
125960259
-777688881
-1893606558
-676647438
1191457566
275087824
1063699564
1185097850
-303211518
1507096988
-456442912
-1627925097
158855290
-1155996617
-859384345
780038185
176373465
173923694
1733864155
-118532376
267571498
-1648507295
847849463
-1948263908
-678248450
-1900796702
-1023355685
-1819671879
-1188077379
888307814
-1262328194
238713584
1691860614
806600095
-196443588
284258525
1131624225
1151618424
-62901201
1843884695
-908550129
310872288
-1687317478
1467984689
-1741901559
-361800197
-1804055683
-2086705874
1304264792
-1533870928
1144717098
1926782644
-2020104582
-384671941
-669483608
-299013168
-591438896
300374023
1702544857
-1408860400
-1870160052
-1994536370
641397466
-1762303905
-1865937134
-237243064
-1008159109
499881924
57483235
452250084
884867551
-375086434
1317375636
5
