303102192
-951256122
1198549174
-1096126648
1787763266
1226522071
-1197491342
1636606183
1819459686
1563689800
7471930
1618424047
993849780
318514478
1912766784
-1054190410
1918656264
-1232801486
725880640
-647089216
495874114
1171737786
-209284813
-2138422142
-189553864
-979647617
-1795064697
2050585889
-19820000
-1431996066
1810667897
-707755444
-1144461477
787498730
1186133359
-953431002
427325201
1017911283
-143171120
1673544264
-51957503
-803484857
-1870866799
-1917292099
519283779
725861961
1537745730
1684216373
-190246114
-1836802585
-837258929
2016371852
-1045881158
1956256668
-105901519
-292666489
1287968653
238461741
-797661560
-725623420
-1159487998
-545321559
1586673322
1137582670
-1289705456
-1215546610
1031719887
-296991832
146846063
1687997183
1293252497
127673992
-1766581986
2012481678
-1859791467
1049044390
-1666184398
491193753
-412445890
1943135807
-205954304
613996719
-1999541995
-1237529647
-815106134
-1992759321
-401559139
-2082425942
-1013483811
-919326705
644819368
-1996792165
509445089
1900462930
-1003572217
910406944
-2018156833
1364898080
21
