560071917
-1756460830
-1701489655
-900305661
-1274779069
1312697267
747798152
-1064701973
6900755
-1091874931
-1567471464
1491574278
-193324154
1452904520
556809527
-730567467
-1195159238
-484099880
-1697766815
2117133899
1824297803
2062565597
-1975954765
319315308
542816879
329134400
-135042066
366507338
930191423
1664757073
-203368696
77198180
-2026583295
1402793679
-1777774429
2060049090
-524817349
1977119825
-502736621
1644572647
905061106
-754876905
194180055
1913809610
-1550359250
1542128758
727125062
-533654892
-1173477959
506385387
-1540097826
-1125721897
-1977738876
1572446517
-844050219
-1270207101
-809014798
-1148990266
1846409558
530273638
-19645061
-683237997
142264728
-166442343
792180252
-1521800312
356433692
-571380017
-565482770
-2003420818
-1744402216
786625939
-44094249
-201955538
-2009743839
1635021448
-594896590
1184855294
-916968281
813616714
1492726509
-618439533
-1902134787
1221304879
-1798242451
-1427087227
-485627694
405201755
774127094
-1835246986
-552605543
-778129642
-722843205
1344070930
2037503909
-1203998436
-1547207710
-515593671
71
