-597787474
64676615
-1557985866
123233855
-327103422
-1352798380
633633769
-1512870716
-829470221
-1144469986
903100397
-1869047057
-993474400
-1540684798
1418201593
-571986064
436842536
-182524154
-678192241
467267215
1724657713
-31331394
-63554978
-1775442533
535792091
434241909
1634462663
-1773009651
-1614078633
855739436
-1756198114
-1417748613
695843149
-575252024
-905269642
1178488113
-663633122
519402591
-824639978
-822953405
649075263
1694765906
223610025
1681739975
526772915
-1199000048
-1153549463
829511358
-1535427044
2078635469
-411218818
-42403147
1203645598
-1510994620
167339733
58367641
-983737257
-1645620636
-264017407
-345439255
-364638425
924040931
-950095053
-985824886
99127054
-1941309393
1348965710
-381946991
-990496888
1759899481
1800457651
-515505693
-345558038
-194645720
-339952527
1260988846
-1251916699
904738445
-1456529559
-696379526
-1607251608
188930773
-1824714358
-1473376331
-1593746882
-984683539
2006423005
-660575274
1251868759
1525525171
1498373437
-83495681
2107396196
-199613527
-1339106562
2032789467
-874916662
-674122948
85
