592906877
1663445283
659203114
861099
1492290968
-749590090
826870366
1503763836
-828252838
-2145551490
-187766937
-90859817
639586130
-490123981
-1651127636
-1618151097
-466644454
-2096469779
536793937
-1646604489
411126782
-330638846
690003374
-779972924
621021795
-572390997
1019136419
-1294140568
-2132436752
902682724
-37329283
630450146
807433139
1845926897
-302273675
387430260
-1982088555
-1681762869
-858330101
633710133
-1397056298
188862602
668963115
-2103662997
-1531087446
-1235276840
-1818782478
701320414
1248702188
-733434267
739183471
-583885080
-150265965
-1927555441
-911078382
-2121581581
1206490508
92989944
2009110754
-1804448448
533536351
1309014848
-1455223723
-947301305
-930191665
500362549
-252270950
-1533576440
-1710738789
-1818229725
267567734
906065981
-1024256063
924131141
-1610549824
-1383553442
2088256651
248539601
-1475565376
-950154334
-92848551
673349922
-2146139006
1210593611
-101723703
997264140
128062246
-2040413815
1646283591
1971115532
982754807
132318081
1725159667
1285565497
-68578282
241527484
-870147095
-169037482
49
