36705231
151509454
1035904657
553541380
616059806
-450765241
1976322565
1064092611
-695419085
-2004500024
184007631
-194906584
-469487375
-776349562
416131565
1204721517
-1302296782
-158613796
-60862531
1086462440
55738458
-1190670061
-1986331846
1237137913
-503808267
-79720403
-1898686155
-962272788
-706860341
975374001
-769516291
-1237203225
-1721093108
994427333
-1278236917
-2015939050
-617914481
1144799536
-1802133816
-1438667507
933660094
-1012258260
-709818248
203134543
-308986967
1656905872
-1932625500
-636288976
1596064466
-1602318325
-2014172088
-1645963694
1974275508
-860505165
421779809
-158416712
1673199594
-226061657
1127556332
-713334440
290657945
-1181514532
-820891432
1119721086
1884605827
-574851593
724037693
-1359344398
-2012282498
1475472755
-19791385
-1458549871
-420496154
448802194
2084765252
701580479
342729401
-2011320542
-1547040890
-351968030
1870001260
846186289
738220942
759103078
1861099145
1040034008
1383020644
1824569598
420055894
-105116211
-26488923
-1129724246
342895878
574158239
1910875854
-1178408861
-9786839
767391733
34
