2.995732 2.995732 -2.995732 2.902674 2.848964 -2.835813 0.2114313 0.3097759 0.3592637 0.4763995 -0.8726461 -0.1103875
2.995732 2.995732 -2.995732 2.810715 2.827705 -2.603572 0.1800974 0.2933182 0.3235669 0.4119067 -0.8552749 -0.01888902
2.995732 2.995732 -2.995732 2.739022 3.133733 -2.580454 0.1826472 0.3861598 0.3252087 0.328827 -0.8387434 0.1205787
2.995732 2.995732 -2.995732 3.00456 3.221305 -2.879426 0.247926 0.4224116 0.4014327 0.4513873 -0.8771007 -0.08513859
2.995732 2.995732 -2.995732 2.871605 3.636471 -2.617064 0.2124001 0.5438376 0.391858 0.1056479 -0.8442415 0.3449535
2.995732 2.995732 -2.995732 3.052577 3.028386 -3.264523 0.2535097 0.314672 0.3893404 0.6459882 -0.9037863 -0.3793931
2.995732 2.995732 -2.995732 2.941924 3.305366 -2.857731 0.1924706 0.3450926 0.3129044 0.3641322 -0.8663446 0.02210209
2.995732 2.995732 -2.995732 3.287023 3.150233 -3.515187 0.3151952 0.3753827 0.4639708 0.6999108 -0.9133707 -0.4652641
2.995732 2.995732 -2.995732 3.146116 3.282144 -3.066186 0.2578862 0.3874587 0.4079308 0.4807754 -0.8912143 -0.149848
2.995732 2.995732 -2.995732 3.038152 3.143498 -3.022837 0.2590099 0.3550055 0.4134238 0.5384967 -0.903241 -0.2427112
2.995732 2.995732 -2.995732 2.923616 2.856952 -2.900423 0.2165746 0.300183 0.3505585 0.5722516 -0.8878944 -0.2636563
2.995732 2.995732 -2.995732 2.947969 2.910553 -3.007585 0.2298797 0.314497 0.3685446 0.5795142 -0.8837017 -0.2698621
2.995732 2.995732 -2.995732 2.862201 2.97999 -2.853078 0.2062916 0.306971 0.3345732 0.5175379 -0.880562 -0.1938562
2.995732 2.995732 -2.995732 3.00872 3.059586 -3.084 0.2388939 0.3253748 0.3735333 0.5792809 -0.8914099 -0.2741332
2.995732 2.995732 -2.995732 3.113508 3.07168 -3.218783 0.2666082 0.3484723 0.4049182 0.6264158 -0.9006115 -0.3504332
2.995732 2.995732 -2.995732 2.802883 2.807918 -2.691723 0.1869744 0.2932545 0.3094979 0.4975604 -0.8622992 -0.1265507
2.995732 2.995732 -2.995732 2.885513 3.298045 -2.737011 0.2019341 0.4016035 0.3469544 0.3335515 -0.847705 0.1013889
2.995732 2.995732 -2.995732 3.046326 3.109017 -3.008303 0.2294687 0.3377184 0.363301 0.5216345 -0.8835771 -0.1973156
2.995732 2.995732 -2.995732 3.026014 3.197869 -2.972809 0.2359876 0.35095 0.3756119 0.4664836 -0.8838228 -0.1369672
2.995732 2.995732 -2.995732 3.016311 2.857394 -3.182268 0.2573044 0.3169649 0.3966476 0.7003697 -0.9096155 -0.4517366
