1611471310
-560912952
-1036217595
1057459008
831669718
1360691802
1404678943
1754892298
-826039897
-1237673679
-1483564794
1179283971
1692165221
-271077874
-822474247
-997003559
1283435633
649027206
1299819772
-1561246751
832453086
-74177723
-1123102233
-1896370783
-1139589048
-946922932
2031418914
-27739618
-2047971286
1302325171
1611997697
225674117
-1699187199
-1124574377
-1644604094
1385489237
2010209529
1469404927
-173850474
-1219123948
-2110015573
1572038557
-1998921119
-65903807
-711841949
1201288788
432948049
1938608639
1455099996
1129039063
368441514
955456718
896411620
-1969075238
-1738777861
858989656
185073010
575014675
747162815
1781513791
-305814665
-1752689923
-528878195
-1459206643
1528197952
-867812074
113250899
565890732
786357055
30090498
-1999552441
-26363562
-46772040
1544264251
-530903254
157924372
-854280911
1582608152
-1641443660
-1789810040
-67943679
7694118
425400394
-849903845
-1630721323
-2066353043
-953052384
-715910899
1693929775
2094544753
-1117720740
1250727341
-260857266
972816507
-800783653
-402124062
-839787521
-1393933887
95
