0 1 : 01001000000000000000000001000000110
0 3 : 01001000001100000000000001000001000
0 1 : 01001000100000000000000001000000110
0 1 : 01001001000000000000000001000000010
0 1 : 01001001000000000000000101000000011
0 1 : 01001001000000000000001101000000010
0 1 : 01001100000000000000000001000010110
0 2 : 01011010000000000000000001000000000
0 3 : 10100000000000110010010000010000000
0 1 : 10100000000000110010110000000000000
0 2 : 10100000010000011010010000000100000
0 1 : 10100000010000011010010000100100000
0 1 : 10100000010010010110010000001000000
0 1 : 10100000010011010011010010001000000
