-1642967182
1792452503
-1777783707
-1989003946
865912755
-1791432695
-1017081446
410026926
1283287710
-519411937
-456931072
462650532
1415615320
858444249
1082698341
-259656315
385868897
-1458468696
1015992359
-921278830
1277311056
1177109994
-841708904
1903439226
1774290528
-1342926482
-94545468
-1292328843
1102654521
1059692548
-964360039
-932007668
-738652338
855101809
573200237
-580792205
1059405511
1594725500
846183287
1238199447
-889559794
-1952147208
1778792801
-1060249377
1203543767
270152617
1814478950
-600318436
-1089953900
-415513236
451832676
-1117544268
12361991
-576428445
1525810191
1346744057
-1326263580
-1814042526
1510318184
-1011568500
1979686491
-1835813290
-1654148159
635925569
447236754
311972457
-559497220
-1051048525
-2087971474
-505551123
-375390610
-1431315892
-611822452
1602752253
-1173778404
1869504141
552315724
-778209745
1764601521
925185816
-1536400394
-1253397341
-1264169225
-134606295
-1991493862
-2094252701
286889200
1005521929
-1002616458
-299063438
-2079856526
-1038951244
-870710728
-1136607043
-1755992629
-1661794134
1841046784
184011995
47
