-231727112
-1812508359
1822849047
694030587
-253767106
-1705185981
-68720785
698167826
-17073422
543168136
934666667
-678429205
-2003866681
-124018087
629070737
1310139107
-97130460
2003154062
544435116
1114482283
-1047428215
-413366033
911243257
-1722331525
-1676301555
727885718
-2056495952
-1509577399
2113781522
1843411277
1052594904
-659452641
1551043397
1534688755
1931402676
-1797505742
1440240390
-158154674
129108666
254721544
-155898827
-1810035767
-992882140
569016681
1269871331
988614871
1340155247
-320231508
-1654204968
-1041188495
244377938
-535530089
-851877569
-1930614662
1951495881
241712147
1617378343
1305308396
392553345
749542685
-1197925662
1507995840
-483755127
252426015
1261843096
-23689244
1946056803
-969296993
-410213708
543049211
-124974210
-1489796198
-1011077785
1127445632
1368771709
20128224
-699693391
-941133959
234263866
-2039656083
674514458
1656278111
-1692879834
-1281730037
-98705995
-1410040234
-792356360
1326610413
1360195690
963429124
-483738132
929394507
-336189996
1813968647
1501748350
766053476
58239480
-1130228568
13
