-957292935
-2134853298
2082443291
129262903
-554998069
-1900246940
-922407908
85878920
-1625805684
1858768913
1202748809
-1223827953
157315236
-1468744681
812586469
1291368693
-1205278083
-663338508
1511455258
-1173874690
-454509789
1565356574
1583067963
676555289
-1015024539
1785775337
-342610366
-1813294949
225137466
1636408770
420327283
1487719668
-1516702842
1133479142
-934182592
-275252176
1565362685
-1109959801
1467033188
240738258
-445405866
943994385
115048369
1821145750
984454988
1094805865
1881991936
345696463
1538755438
391332677
-435412900
-964718343
-1075159252
-1641077277
1455927626
-222239062
-346682039
135502410
-1493240497
1844297700
1402825343
-1793592755
-1300110603
267702463
2002568059
1690053261
1216397414
-2067948201
-36047834
-786351473
340426097
1406440218
1363937619
-1611615275
-1025651591
876874601
-525643447
267018901
1856992521
-852249499
2022160316
-1052484834
-574251270
1114693618
1851577341
-1847448361
-45760299
285310077
-2141890856
1490689063
-890889775
-1291137217
311888453
-1294176640
-1440169645
-1871970579
-1423197844
945319282
39
