2063944952
-1370615007
-1882255872
-500708109
-324970176
-90160987
1090265037
-1810744890
-1185134846
-1262713490
983881300
565036238
155775397
333543996
-531524813
-1957751993
-2104477662
1471532054
1144019009
-270786431
-2079228263
-1161967996
-813503713
1766624067
-1968226748
1898146632
83836100
-1503241899
1560275906
-861886260
-2127745222
995772035
-2120137775
-100756367
659305205
-2118814747
-752461540
-1711834892
-1701594530
188243765
-507848752
-1294621248
-1254151241
2033235516
-1990753754
-2094596586
1279825042
-999081539
-65930082
1796400291
-62920879
-810748975
354345412
-129461417
-1661972423
1952443773
1153912448
1177647183
1655203376
1557460483
340903703
-1665418789
261749641
114017099
1727355407
-1741628920
-503396325
-2007927764
-1561044369
-1695891363
223597526
831082267
-1365040368
-1817958123
2012575238
74577800
607920123
1850285112
1849143496
259436024
-432570700
-568571560
530615582
-215340470
-922385160
972795196
-1958128345
531910141
352348310
1600958689
-898521943
1198832608
-1020202293
1235056812
1199094509
-79754424
2011751033
-346539458
1
