420820482
992604662
-186450044
1163353479
-1858994868
-787639043
-833493498
-33757631
-855637520
149015567
1165117464
-852710009
-1683150223
1284670905
-1457607522
910326226
-2115848267
-1369695520
-230898665
1798073178
2072327346
64763039
1938596651
-1700846908
-1761326608
1041548655
-1081750508
866434456
-870936971
611644153
787998570
-534295940
2097820804
-1267155082
-1443779172
296437888
-1350715265
-1015717332
485909132
-823562857
-1938825096
1811739187
-1875135469
2120214360
-1180433468
-2039063462
-2109959635
1591459391
298793879
1076744736
-935834502
-297813032
1721903286
1079315455
-1809661108
-1064396934
-1288014866
1758297597
-1366238877
142834013
173516085
1076644572
-361627828
1638814350
-1785218774
-1952787236
-1790351130
385360273
-1331268330
-864190059
-1364609172
-299685992
-2087057274
-1362948231
-74918718
2111958910
-459292234
-1242985269
-4226639
-241340868
-848280023
2044913944
-1035717015
-1255712453
843167062
930837440
1793561194
1019772329
-1314980137
1497394085
1936475607
-838784913
-789209185
-981404053
349404284
-1136174876
1306856208
756029872
35
