0.9977522 0.3307397 0.1271922
0.9977522 0.3307397 0.1271922
0.395592 -1.019028 0.1748402
1.142662 -0.7692693 -0.4080991
1.142662 -0.7692693 -0.4080991
2.271345 -0.8650264 -2.186627
2.271345 -0.8650264 -2.186627
2.271345 -0.8650264 -2.186627
2.440126 0.6183435 -1.09595
2.440126 0.6183435 -1.09595
2.440126 0.6183435 -1.09595
2.440126 0.6183435 -1.09595
2.440126 0.6183435 -1.09595
2.440126 0.6183435 -1.09595
2.440126 0.6183435 -1.09595
2.440126 0.6183435 -1.09595
2.440126 0.6183435 -1.09595
2.440126 0.6183435 -1.09595
2.421905 0.7310699 -0.2309285
2.215507 0.02552355 -0.09768928
2.215507 0.02552355 -0.09768928
2.215507 0.02552355 -0.09768928
2.215507 0.02552355 -0.09768928
2.215507 0.02552355 -0.09768928
2.215507 0.02552355 -0.09768928
2.215507 0.02552355 -0.09768928
2.215507 0.02552355 -0.09768928
2.215507 0.02552355 -0.09768928
2.215507 0.02552355 -0.09768928
2.215507 0.02552355 -0.09768928
2.215507 0.02552355 -0.09768928
2.215507 0.02552355 -0.09768928
2.215507 0.02552355 -0.09768928
2.215507 0.02552355 -0.09768928
2.215507 0.02552355 -0.09768928
2.215507 0.02552355 -0.09768928
2.215507 0.02552355 -0.09768928
2.215507 0.02552355 -0.09768928
2.215507 0.02552355 -0.09768928
2.215507 0.02552355 -0.09768928
2.215507 0.02552355 -0.09768928
2.215507 0.02552355 -0.09768928
2.215507 0.02552355 -0.09768928
2.215507 0.02552355 -0.09768928
2.215507 0.02552355 -0.09768928
2.215507 0.02552355 -0.09768928
2.215507 0.02552355 -0.09768928
2.215507 0.02552355 -0.09768928
2.215507 0.02552355 -0.09768928
2.215507 0.02552355 -0.09768928
2.215507 0.02552355 -0.09768928
2.215507 0.02552355 -0.09768928
2.215507 0.02552355 -0.09768928
2.215507 0.02552355 -0.09768928
2.215507 0.02552355 -0.09768928
2.215507 0.02552355 -0.09768928
2.215507 0.02552355 -0.09768928
2.215507 0.02552355 -0.09768928
2.215507 0.02552355 -0.09768928
2.215507 0.02552355 -0.09768928
2.215507 0.02552355 -0.09768928
2.215507 0.02552355 -0.09768928
2.215507 0.02552355 -0.09768928
2.215507 0.02552355 -0.09768928
2.215507 0.02552355 -0.09768928
2.215507 0.02552355 -0.09768928
2.215507 0.02552355 -0.09768928
2.215507 0.02552355 -0.09768928
2.215507 0.02552355 -0.09768928
2.215507 0.02552355 -0.09768928
2.215507 0.02552355 -0.09768928
2.215507 0.02552355 -0.09768928
2.215507 0.02552355 -0.09768928
2.215507 0.02552355 -0.09768928
2.215507 0.02552355 -0.09768928
2.215507 0.02552355 -0.09768928
2.215507 0.02552355 -0.09768928
2.215507 0.02552355 -0.09768928
2.215507 0.02552355 -0.09768928
2.215507 0.02552355 -0.09768928
2.215507 0.02552355 -0.09768928
2.215507 0.02552355 -0.09768928
2.215507 0.02552355 -0.09768928
2.215507 0.02552355 -0.09768928
2.215507 0.02552355 -0.09768928
2.215507 0.02552355 -0.09768928
2.215507 0.02552355 -0.09768928
2.215507 0.02552355 -0.09768928
2.215507 0.02552355 -0.09768928
2.215507 0.02552355 -0.09768928
2.215507 0.02552355 -0.09768928
2.215507 0.02552355 -0.09768928
2.42956 0.3835343 1.691186
2.42956 0.3835343 1.691186
2.42956 0.3835343 1.691186
2.42956 0.3835343 1.691186
2.42956 0.3835343 1.691186
2.42956 0.3835343 1.691186
2.42956 0.3835343 1.691186
2.42956 0.3835343 1.691186
2.42956 0.3835343 1.691186
2.42956 0.3835343 1.691186
2.42956 0.3835343 1.691186
2.42956 0.3835343 1.691186
2.42956 0.3835343 1.691186
2.42956 0.3835343 1.691186
2.42956 0.3835343 1.691186
2.42956 0.3835343 1.691186
2.42956 0.3835343 1.691186
2.42956 0.3835343 1.691186
2.42956 0.3835343 1.691186
2.42956 0.3835343 1.691186
2.42956 0.3835343 1.691186
2.42956 0.3835343 1.691186
2.42956 0.3835343 1.691186
2.42956 0.3835343 1.691186
2.42956 0.3835343 1.691186
2.42956 0.3835343 1.691186
2.42956 0.3835343 1.691186
2.42956 0.3835343 1.691186
2.42956 0.3835343 1.691186
2.42956 0.3835343 1.691186
2.42956 0.3835343 1.691186
2.312817 -0.01054784 1.14942
2.312817 -0.01054784 1.14942
2.312817 -0.01054784 1.14942
2.312817 -0.01054784 1.14942
2.312817 -0.01054784 1.14942
2.190104 -0.4252394 1.003617
2.190104 -0.4252394 1.003617
2.190104 -0.4252394 1.003617
2.190104 -0.4252394 1.003617
2.190104 -0.4252394 1.003617
2.190104 -0.4252394 1.003617
2.190104 -0.4252394 1.003617
2.190104 -0.4252394 1.003617
2.190104 -0.4252394 1.003617
2.190104 -0.4252394 1.003617
2.190104 -0.4252394 1.003617
2.190104 -0.4252394 1.003617
2.190104 -0.4252394 1.003617
2.190104 -0.4252394 1.003617
2.190104 -0.4252394 1.003617
2.190104 -0.4252394 1.003617
2.190104 -0.4252394 1.003617
2.190104 -0.4252394 1.003617
2.190104 -0.4252394 1.003617
2.190104 -0.4252394 1.003617
2.190104 -0.4252394 1.003617
2.190104 -0.4252394 1.003617
2.190104 -0.4252394 1.003617
2.174755 -0.07610451 -0.1552511
2.174755 -0.07610451 -0.1552511
2.174755 -0.07610451 -0.1552511
2.174755 -0.07610451 -0.1552511
2.174755 -0.07610451 -0.1552511
2.174755 -0.07610451 -0.1552511
2.174755 -0.07610451 -0.1552511
2.174755 -0.07610451 -0.1552511
2.174755 -0.07610451 -0.1552511
2.174755 -0.07610451 -0.1552511
2.174755 -0.07610451 -0.1552511
2.174755 -0.07610451 -0.1552511
2.547231 0.3439016 -0.9965791
2.547231 0.3439016 -0.9965791
2.547231 0.3439016 -0.9965791
2.547231 0.3439016 -0.9965791
2.547231 0.3439016 -0.9965791
2.547231 0.3439016 -0.9965791
2.547231 0.3439016 -0.9965791
2.547231 0.3439016 -0.9965791
2.547231 0.3439016 -0.9965791
2.547231 0.3439016 -0.9965791
2.547231 0.3439016 -0.9965791
2.547231 0.3439016 -0.9965791
2.547231 0.3439016 -0.9965791
2.547231 0.3439016 -0.9965791
2.547231 0.3439016 -0.9965791
2.547231 0.3439016 -0.9965791
2.547231 0.3439016 -0.9965791
2.547231 0.3439016 -0.9965791
2.547231 0.3439016 -0.9965791
2.547231 0.3439016 -0.9965791
2.547231 0.3439016 -0.9965791
2.547231 0.3439016 -0.9965791
2.547231 0.3439016 -0.9965791
2.547231 0.3439016 -0.9965791
2.547231 0.3439016 -0.9965791
2.547231 0.3439016 -0.9965791
2.547231 0.3439016 -0.9965791
2.547231 0.3439016 -0.9965791
2.547231 0.3439016 -0.9965791
2.547231 0.3439016 -0.9965791
2.547231 0.3439016 -0.9965791
2.547231 0.3439016 -0.9965791
2.547231 0.3439016 -0.9965791
2.547231 0.3439016 -0.9965791
2.547231 0.3439016 -0.9965791
2.547231 0.3439016 -0.9965791
2.547231 0.3439016 -0.9965791
2.285089 0.1920584 -1.407781
2.285089 0.1920584 -1.407781
2.285089 0.1920584 -1.407781
2.285089 0.1920584 -1.407781
2.285089 0.1920584 -1.407781
2.285089 0.1920584 -1.407781
2.285089 0.1920584 -1.407781
2.285089 0.1920584 -1.407781
2.285089 0.1920584 -1.407781
2.285089 0.1920584 -1.407781
2.285089 0.1920584 -1.407781
2.285089 0.1920584 -1.407781
2.285089 0.1920584 -1.407781
2.285089 0.1920584 -1.407781
2.285089 0.1920584 -1.407781
2.285089 0.1920584 -1.407781
2.285089 0.1920584 -1.407781
2.285089 0.1920584 -1.407781
2.285089 0.1920584 -1.407781
2.285089 0.1920584 -1.407781
2.285089 0.1920584 -1.407781
2.285089 0.1920584 -1.407781
2.285089 0.1920584 -1.407781
2.285089 0.1920584 -1.407781
2.285089 0.1920584 -1.407781
2.285089 0.1920584 -1.407781
2.285089 0.1920584 -1.407781
2.285089 0.1920584 -1.407781
2.285089 0.1920584 -1.407781
2.285089 0.1920584 -1.407781
2.285089 0.1920584 -1.407781
2.285089 0.1920584 -1.407781
2.285089 0.1920584 -1.407781
2.285089 0.1920584 -1.407781
2.285089 0.1920584 -1.407781
2.285089 0.1920584 -1.407781
2.285089 0.1920584 -1.407781
2.285089 0.1920584 -1.407781
2.285089 0.1920584 -1.407781
2.285089 0.1920584 -1.407781
2.285089 0.1920584 -1.407781
2.285089 0.1920584 -1.407781
2.285089 0.1920584 -1.407781
2.285089 0.1920584 -1.407781
2.285089 0.1920584 -1.407781
2.285089 0.1920584 -1.407781
2.285089 0.1920584 -1.407781
2.285089 0.1920584 -1.407781
2.285089 0.1920584 -1.407781
2.285089 0.1920584 -1.407781
2.285089 0.1920584 -1.407781
2.285089 0.1920584 -1.407781
2.285089 0.1920584 -1.407781
2.285089 0.1920584 -1.407781
2.285089 0.1920584 -1.407781
2.285089 0.1920584 -1.407781
2.285089 0.1920584 -1.407781
2.285089 0.1920584 -1.407781
2.650339 0.3488513 -1.265807
2.650339 0.3488513 -1.265807
2.650339 0.3488513 -1.265807
2.650339 0.3488513 -1.265807
2.650339 0.3488513 -1.265807
2.650339 0.3488513 -1.265807
2.650339 0.3488513 -1.265807
2.650339 0.3488513 -1.265807
2.650339 0.3488513 -1.265807
2.650339 0.3488513 -1.265807
2.650339 0.3488513 -1.265807
2.650339 0.3488513 -1.265807
2.650339 0.3488513 -1.265807
2.650339 0.3488513 -1.265807
2.650339 0.3488513 -1.265807
2.650339 0.3488513 -1.265807
2.650339 0.3488513 -1.265807
2.650339 0.3488513 -1.265807
2.650339 0.3488513 -1.265807
2.650339 0.3488513 -1.265807
2.650339 0.3488513 -1.265807
2.650339 0.3488513 -1.265807
2.650339 0.3488513 -1.265807
2.650339 0.3488513 -1.265807
2.650339 0.3488513 -1.265807
2.650339 0.3488513 -1.265807
2.650339 0.3488513 -1.265807
2.650339 0.3488513 -1.265807
2.650339 0.3488513 -1.265807
2.650339 0.3488513 -1.265807
2.650339 0.3488513 -1.265807
2.650339 0.3488513 -1.265807
2.650339 0.3488513 -1.265807
2.650339 0.3488513 -1.265807
2.650339 0.3488513 -1.265807
2.650339 0.3488513 -1.265807
2.650339 0.3488513 -1.265807
2.650339 0.3488513 -1.265807
2.650339 0.3488513 -1.265807
2.650339 0.3488513 -1.265807
2.650339 0.3488513 -1.265807
2.650339 0.3488513 -1.265807
2.650339 0.3488513 -1.265807
2.650339 0.3488513 -1.265807
2.650339 0.3488513 -1.265807
2.650339 0.3488513 -1.265807
2.650339 0.3488513 -1.265807
2.650339 0.3488513 -1.265807
2.650339 0.3488513 -1.265807
2.650339 0.3488513 -1.265807
2.650339 0.3488513 -1.265807
2.650339 0.3488513 -1.265807
2.650339 0.3488513 -1.265807
2.650339 0.3488513 -1.265807
2.650339 0.3488513 -1.265807
2.650339 0.3488513 -1.265807
2.650339 0.3488513 -1.265807
2.650339 0.3488513 -1.265807
2.650339 0.3488513 -1.265807
2.650339 0.3488513 -1.265807
2.650339 0.3488513 -1.265807
2.650339 0.3488513 -1.265807
