-207751432
-1783321757
-2099786093
1225962557
-846021068
-602964013
858851877
-10483210
-1641971766
-1719893826
-1139663023
-1413862072
-1262513302
1084269013
384146000
166284841
-1980972426
1471049135
2137782241
896322122
-1086039247
2120776703
-324436182
-1033906341
-167325934
-16027803
2058269463
1766620951
315449153
-1954917737
739986571
-953009431
1856888495
-1517399933
1168920159
-168159713
1566240689
1655174064
-450995255
1851645756
489527606
-1496194411
1653823049
-340464825
1350054828
694758282
1942831928
1790695095
-6184146
497664039
-1727810133
1446846926
-664492576
39684360
369346531
-1187093735
-1022227945
1511879954
-526389778
491583362
1735030350
846629046
-1836274496
-2015570854
-2026766680
-79350770
-1065237292
-566550302
-1841161535
864841915
-1746725284
813771588
920890827
-133699520
1553439326
1096892551
-214770525
1772844511
1561513625
-177954732
1928699351
-2081144028
109563902
2091616715
-884716153
150461784
-1414687520
331361539
-1496691339
-181512016
1124877104
-657123224
-39500633
1195827808
1903517795
-262515562
-1968964409
738197026
29
