-1611873763
1184215971
-622858011
1501300295
1184500356
-1726095001
-789741739
797243847
1956092866
-332845692
1160395586
-1230296676
-643947981
1642354150
1540554902
846744436
-48320008
1563280744
1107099800
1802539754
-1922633472
-1557121580
1650608278
32735031
-113944433
-1173179176
-1523243531
872922646
-1856519727
2027117487
693258281
-1009134435
-1162781661
-44865052
708361210
1431342691
644979135
-650019280
-1711308149
-503602404
536732957
1067899683
4451341
-1072616178
-256300517
2093570056
-2334329
-1681920355
642925005
-770738289
-63437745
-1068918476
-2011944614
-1842181868
-1106172464
1602768957
280226896
1690172155
-2029896167
153663094
3006416
1855474024
-1536937324
-1477563783
382780853
1295724430
-1807737231
1456300940
1248187832
93397272
-1611755621
-740199205
-127387882
313581755
-1733313958
-1606676180
-238968190
997612739
5064361
-831285436
-1578890550
-2119226800
823339774
679960755
2092973882
-2010125102
-252505767
307063595
-987441393
1451520073
-1687270028
-1418439644
1023758456
-1337689692
-2137263989
-352136605
-380035959
1566608103
19
