-107950432
-234984161
89946215
37452585
1098622267
1529025793
1806887084
-1737601395
-229337141
866359715
1581200448
-1106734979
2064583317
1428757550
1730799268
-1946201597
1820732888
1606852072
-169721667
-2147324013
-363169759
640249263
-2123088950
195522179
1957705180
1269397990
727234829
-1105860667
-228167415
1977781286
1788231968
-932365179
-1825772356
1514570530
-74834211
1416405367
-1949275124
-1818988450
-2086327369
1588444185
585541079
-1700771362
1388886009
433392411
-353227110
289210883
1282449057
1972385529
1586810567
-1907778947
-616066144
-45921802
1532662666
1781710835
1974265910
684808537
956851926
-969239807
241027959
-1961328842
265507034
-418240369
652906033
434368537
1869808015
573723072
-755863291
53849745
2087825192
-1123563286
1145388394
-202177986
2071854055
-511468826
47006464
232588380
-596965649
-1058492132
703415099
1643969670
-1364295849
920248161
-582568480
1990473164
-768434730
1284670350
525970675
-2050191922
-1539521315
-55276541
-1731676440
229012324
155225716
-310395881
81191031
-1674491916
1037665707
-702440606
17
