179228098
-354583403
-1972630822
2117144083
123682458
1681044908
-788166911
-2025407854
-1441350369
1617661130
1969488840
751808367
1148389119
1949475779
-1324295394
1045871795
790978817
-357785518
-905081059
253049803
1282695791
-407618837
1982984491
-1340021824
1354096046
609781675
-1938053819
1801707592
1652544453
-1356684838
669871789
-64725934
-1321133376
1339415016
498713423
1371771793
-1423737043
1883367049
2100847024
-875110806
-1681399958
-1180834758
882275963
-558108017
1346851671
-1881970821
1951996217
-346393552
1613107824
-469112416
-567654968
1041075257
1685837733
1173932693
-914853825
-1650695670
-323134475
1284333691
1223358357
-769032766
1384530207
-569772992
1874145578
166826851
-2111606347
704958014
327143609
543062087
1928918372
1233506271
-72904954
1018289870
1325814432
-1117750680
430155218
110795959
-564860666
-1771552585
-441776015
869324681
1970913873
-16088281
-1532220353
-2073693139
13940698
2118447700
-1373122371
616962607
857356865
-1181183532
-1253115074
-1474619240
-863244593
-918606312
1392194301
809713226
294448990
928613937
25
