0.8170106 -1.913557 0.3738236
0.8170106 -1.913557 0.3738236
0.3427049 -2.659918 0.6882636
0.3427049 -2.659918 0.6882636
0.3427049 -2.659918 0.6882636
0.3427049 -2.659918 0.6882636
0.3427049 -2.659918 0.6882636
0.239498 -2.604253 0.4174729
0.239498 -2.604253 0.4174729
0.239498 -2.604253 0.4174729
0.239498 -2.604253 0.4174729
0.239498 -2.604253 0.4174729
0.239498 -2.604253 0.4174729
0.239498 -2.604253 0.4174729
0.239498 -2.604253 0.4174729
0.239498 -2.604253 0.4174729
0.239498 -2.604253 0.4174729
0.239498 -2.604253 0.4174729
0.239498 -2.604253 0.4174729
0.239498 -2.604253 0.4174729
0.239498 -2.604253 0.4174729
0.1010533 -2.664477 0.5947315
0.1010533 -2.664477 0.5947315
0.1010533 -2.664477 0.5947315
