-1796005742
125324821
-137073752
1718606335
-189097208
-711294795
1472332232
-1935702102
983641378
1353782296
7213334
-1934017056
1104300676
-53195977
-913355649
-1578852744
1239325876
-1783107240
-199929856
1488315305
-1487751746
208666919
-1050104373
-1327303105
-1865867824
-1792091986
-311147631
11639827
-1594958512
1276393111
1163152565
-1664556961
-222666792
1328748341
281955934
-1298293212
1123158391
1997883642
1373163868
880994602
-903249083
632885600
724127731
-2100567168
-2108150970
156805638
-190433577
326447886
-146901902
1797315396
-665644460
316980432
-526507220
1410948100
2058162511
1346083298
-1937602248
-1405376668
-519690644
564668852
1661003145
-1767142551
-2099859176
-1299059243
-1048172896
-388498004
1356336605
947355274
1551470588
1665441995
1394038315
-635104137
456318332
-1547843314
-1610217272
-455134186
-2031138885
1811131334
603251607
1937037778
-1785302719
-948339623
-518592520
-394226309
-1384420089
-1801400659
-1830286475
414343019
-244055598
-1980368602
124441410
-1963251622
-8109862
-699558162
-541034535
-1266608146
328473584
114824903
87
