-2078804183
-1855147876
1195470879
1231572892
-766596589
-1621578808
341468316
391376447
1379254370
941180570
-764261921
-2030316995
1134017734
1220892991
-1457622204
251785046
-1083293215
-485733828
-2031967735
-1809091098
650237208
520007118
-1133364229
1770549023
962222181
1277384081
-564630557
255929286
344129895
152554420
-514844782
-1287540425
-2126751965
1853586157
-1351661429
-1737812187
-1398464221
890026960
1540045921
1167504208
30511287
-445093616
314882815
1562983444
1301541101
1511225564
-945411532
711609593
-1832905303
738400353
225384983
1398821678
-9349285
-1781805633
-790610348
1500812422
37399401
-1693461632
1529396003
-901561392
1046474815
-863470944
38212851
8203537
-1279786854
-916371783
-1828091364
-1406787323
-1108620924
846035159
63300615
-72787713
805831543
-1749247036
1233535775
-960948725
1731342942
-596260165
268500397
701090149
1562413076
220695213
2015096295
68276069
611005505
1944523557
-865082407
-286737204
-1260896997
-1747704767
-1116767882
-833375200
1006446534
1624430670
-1524102393
-1659177106
1285405018
-176353791
25
