1769055430
355316912
6214940
10478157
-1584154559
67373671
-1928391748
691640451
353946500
-28794616
-1471353312
-1345405869
-360372731
-751228511
-758774811
-309376477
1222281969
-1792374357
-148201958
-790999657
-322921926
202616327
-530950194
-826484908
-217705896
-124834968
1066540639
-604176399
-1676030554
369327869
109818360
1985954451
886513133
-618931428
-102448123
1447355353
-1105786349
957163978
22064391
1827671778
-566503644
-2030732838
986914306
983279868
1226066036
-796738256
290936774
2108363217
-445941380
205807948
1576145796
642938833
-85583404
607247843
1479517390
206640658
950927413
1343167168
-1291599263
1706792477
1065955963
-727890093
-916382841
-972682519
-1176146976
112565453
-2096583973
133578364
-1065591971
308882802
1927072412
-2084801099
-944497655
1726004305
160147923
-531348303
-391036497
-1994614704
-415114091
-1601327711
-317955614
-1862441411
1630831243
1832521878
-847431379
1844344353
504361698
-163859804
-1191938852
-1369077443
-773358437
2012398851
-42834110
223874679
534380455
1064939129
-1646333182
906734880
3
