682719583
-368511519
42958008
-1612516648
-512495283
1177329782
-1877372637
778843761
-826805911
1254940297
155659205
112649544
1861871921
-1169871487
836166304
1324180475
874345440
1052803807
1081951862
1390090672
-538626575
427163134
78005396
-476369816
1776391731
-850989934
-1263621963
-1911869274
-1825577737
-711506670
-1636718618
-1326855494
-65205626
-1013062900
1904752104
28315949
-1919761429
-1413967591
769162100
-1869093556
-956345468
-1736610738
-1440579260
-1910934790
-1017635956
-1764720417
-196060058
-2043211717
-1741415162
324704935
-620125366
-1889983582
316965193
-1871554096
762921235
1605119392
-46779116
1869341252
-1021583153
1847439277
-1410114179
2082371812
2029892990
1181155092
1586442017
-830623960
-610533256
-715393719
512222159
2126135271
419014938
1497947059
-728567877
-585088532
2011468226
1664863391
458082294
186225183
-678856172
1907102822
-1903408040
-2084653384
-1233466827
450110014
148490345
-419870773
1998440940
-2040967114
-1925547592
-2101097496
-377940998
676264475
1805018691
499755281
-1423625635
-1292804471
1569183376
-944060656
97
