-82939623
1792660274
805508679
1643614563
-746333800
855250253
-1658008280
546677811
6569238
1062961142
1298199822
1046063578
-2067745789
208151485
1763492160
226860223
-902502616
-130389141
-1445720769
1253617088
-1996269788
-239391770
1592524224
195614109
-762430925
649885569
-501323690
836318500
299100565
202249199
354445494
664853957
-1198227124
-1881397768
-1831919927
-53190115
1767475187
2123705854
1672662017
1149718566
-1613415977
1568373334
140358123
-247641635
-1957031804
465524011
848332033
268668744
1494013852
810211106
719289159
-420120981
-728767611
-528193057
-647137785
178205092
1846763912
1431018853
1154388400
1751447376
1228009471
-970266812
1684323261
329897472
-1220665783
1941037080
357695447
104419282
1226387581
-2063270295
2050334457
-713393900
-427905619
272387861
-1337651895
-1178822705
-921469921
1412361423
2027215179
822694766
-2069440286
168564357
1581258887
199674107
-1682261472
-999888062
363391914
-1999127729
-90734304
-1780484072
324383886
471243554
1392159837
1627059218
-1654233779
1405536938
-1057220503
2113799418
53
