0.3104165 0.2303404 -0.1130944 -2.260282 0.2085791 -0.1080733 0.2085791 -2.33984 -0.08839377 -0.1080733 -0.08839377 -2.456559
0.5153414 0.3799409 -0.2043611 -2.138109 0.3235932 -0.1796344 0.3235932 -2.269729 -0.1420099 -0.1796344 -0.1420099 -2.442282
0.6687408 0.5034369 -0.2745627 -2.073923 0.4017775 -0.2263559 0.4017775 -2.224426 -0.1795006 -0.2263559 -0.1795006 -2.443177
0.7951674 0.6125073 -0.3372154 -2.040335 0.4593306 -0.2625922 0.4593306 -2.189144 -0.2119556 -0.2625922 -0.2119556 -2.445335
0.9177542 0.7207883 -0.3996987 -2.023808 0.5030118 -0.2908371 0.5030118 -2.168615 -0.2380673 -0.2908371 -0.2380673 -2.448809
1.043196 0.8411497 -0.4657918 -2.01957 0.5380625 -0.3128555 0.5380625 -2.154716 -0.2577681 -0.3128555 -0.2577681 -2.458796
1.183211 0.9724223 -0.5516676 -2.02366 0.5652848 -0.3336926 0.5652848 -2.149424 -0.2715492 -0.3336926 -0.2715492 -2.461273
1.345256 1.13406 -0.662527 -2.035409 0.5871364 -0.3507573 0.5871364 -2.150996 -0.2820852 -0.3507573 -0.2820852 -2.471315
1.540169 1.345876 -0.8179201 -2.054012 0.6040206 -0.3648394 0.6040206 -2.161749 -0.28787 -0.3648394 -0.28787 -2.485683
1.784952 1.642069 -1.063406 -2.079694 0.6159549 -0.3753793 0.6159549 -2.183042 -0.2873932 -0.3753793 -0.2873932 -2.510495
2.100296 2.103601 -1.490338 -2.112962 0.622726 -0.3814081 0.622726 -2.219657 -0.2724202 -0.3814081 -0.2724202 -2.550091
2.529244 2.888215 -2.288142 -2.154635 0.6221414 -0.3809582 0.6221414 -2.281961 -0.2305903 -0.3809582 -0.2305903 -2.622644
3.087709 4.049676 -3.376536 -2.204359 0.6128732 -0.373729 0.6128732 -2.376598 -0.1658702 -0.373729 -0.1658702 -2.717451
3.863098 6.122713 -5.239352 -2.263344 0.5901487 -0.3540861 0.5901487 -2.547252 -0.03731456 -0.3540861 -0.03731456 -2.863219
5.055669 10.04454 -8.619789 -2.333885 0.5380404 -0.3092808 0.5380404 -2.868266 0.2106003 -0.3092808 0.2106003 -3.111215
