0.973308 -1.363337 -0.1294758
0.973308 -1.363337 -0.1294758
0.7250566 -0.7141528 0.192437
0.9880778 1.083731 -0.01328095
0.9880778 1.083731 -0.01328095
0.9880778 1.083731 -0.01328095
0.9880778 1.083731 -0.01328095
0.9880778 1.083731 -0.01328095
1.523409 0.6344973 -0.3278503
1.523409 0.6344973 -0.3278503
1.523409 0.6344973 -0.3278503
1.523409 0.6344973 -0.3278503
1.523409 0.6344973 -0.3278503
1.523409 0.6344973 -0.3278503
1.523409 0.6344973 -0.3278503
1.523409 0.6344973 -0.3278503
1.523409 0.6344973 -0.3278503
1.523409 0.6344973 -0.3278503
1.523409 0.6344973 -0.3278503
1.523409 0.6344973 -0.3278503
1.523409 0.6344973 -0.3278503
1.523409 0.6344973 -0.3278503
1.523409 0.6344973 -0.3278503
1.523409 0.6344973 -0.3278503
1.523409 0.6344973 -0.3278503
1.523409 0.6344973 -0.3278503
1.831318 2.4317 -0.8340877
1.831318 2.4317 -0.8340877
1.831318 2.4317 -0.8340877
1.831318 2.4317 -0.8340877
1.831318 2.4317 -0.8340877
1.831318 2.4317 -0.8340877
1.831318 2.4317 -0.8340877
1.831318 2.4317 -0.8340877
1.831318 2.4317 -0.8340877
1.831318 2.4317 -0.8340877
1.831318 2.4317 -0.8340877
1.831318 2.4317 -0.8340877
1.823681 2.150305 0.2503987
1.823681 2.150305 0.2503987
1.823681 2.150305 0.2503987
1.674881 1.827954 -0.2710045
1.674881 1.827954 -0.2710045
1.674881 1.827954 -0.2710045
1.674881 1.827954 -0.2710045
1.674881 1.827954 -0.2710045
1.674881 1.827954 -0.2710045
1.674881 1.827954 -0.2710045
1.674881 1.827954 -0.2710045
1.767432 1.868093 -0.2616832
1.767432 1.868093 -0.2616832
1.767432 1.868093 -0.2616832
1.767432 1.868093 -0.2616832
1.767432 1.868093 -0.2616832
1.767432 1.868093 -0.2616832
1.767432 1.868093 -0.2616832
1.767432 1.868093 -0.2616832
1.767432 1.868093 -0.2616832
1.767432 1.868093 -0.2616832
2.196671 1.785503 -1.557925
2.196671 1.785503 -1.557925
2.196671 1.785503 -1.557925
2.196671 1.785503 -1.557925
2.196671 1.785503 -1.557925
2.196671 1.785503 -1.557925
2.196671 1.785503 -1.557925
2.196671 1.785503 -1.557925
2.196671 1.785503 -1.557925
2.196671 1.785503 -1.557925
2.196671 1.785503 -1.557925
2.196671 1.785503 -1.557925
2.196671 1.785503 -1.557925
2.196671 1.785503 -1.557925
2.196671 1.785503 -1.557925
2.196671 1.785503 -1.557925
2.196671 1.785503 -1.557925
2.196671 1.785503 -1.557925
2.196671 1.785503 -1.557925
2.196671 1.785503 -1.557925
2.196671 1.785503 -1.557925
2.196671 1.785503 -1.557925
2.196671 1.785503 -1.557925
2.196671 1.785503 -1.557925
2.196671 1.785503 -1.557925
2.196671 1.785503 -1.557925
2.196671 1.785503 -1.557925
2.196671 1.785503 -1.557925
2.196671 1.785503 -1.557925
2.196671 1.785503 -1.557925
2.196671 1.785503 -1.557925
2.196671 1.785503 -1.557925
2.196671 1.785503 -1.557925
2.196671 1.785503 -1.557925
2.196671 1.785503 -1.557925
1.829269 1.547894 -1.005296
1.829269 1.547894 -1.005296
1.829269 1.547894 -1.005296
1.829269 1.547894 -1.005296
1.829269 1.547894 -1.005296
1.829269 1.547894 -1.005296
1.829269 1.547894 -1.005296
1.829269 1.547894 -1.005296
1.829269 1.547894 -1.005296
1.829269 1.547894 -1.005296
1.829269 1.547894 -1.005296
1.829269 1.547894 -1.005296
1.829269 1.547894 -1.005296
1.829269 1.547894 -1.005296
1.829269 1.547894 -1.005296
1.829269 1.547894 -1.005296
1.829269 1.547894 -1.005296
1.829269 1.547894 -1.005296
1.829269 1.547894 -1.005296
1.829269 1.547894 -1.005296
1.829269 1.547894 -1.005296
1.829269 1.547894 -1.005296
1.829269 1.547894 -1.005296
1.829269 1.547894 -1.005296
1.829269 1.547894 -1.005296
1.829269 1.547894 -1.005296
1.829269 1.547894 -1.005296
1.829269 1.547894 -1.005296
1.829269 1.547894 -1.005296
1.829269 1.547894 -1.005296
1.829269 1.547894 -1.005296
1.829269 1.547894 -1.005296
1.829269 1.547894 -1.005296
1.829269 1.547894 -1.005296
1.829269 1.547894 -1.005296
1.829269 1.547894 -1.005296
1.829269 1.547894 -1.005296
1.829269 1.547894 -1.005296
1.829269 1.547894 -1.005296
1.829269 1.547894 -1.005296
1.829269 1.547894 -1.005296
1.829269 1.547894 -1.005296
1.829269 1.547894 -1.005296
1.829269 1.547894 -1.005296
1.829269 1.547894 -1.005296
1.829269 1.547894 -1.005296
1.829269 1.547894 -1.005296
1.829269 1.547894 -1.005296
1.829269 1.547894 -1.005296
1.829269 1.547894 -1.005296
1.829269 1.547894 -1.005296
1.829269 1.547894 -1.005296
1.829269 1.547894 -1.005296
1.829269 1.547894 -1.005296
1.829269 1.547894 -1.005296
1.829269 1.547894 -1.005296
1.829269 1.547894 -1.005296
1.829269 1.547894 -1.005296
1.829269 1.547894 -1.005296
2.134299 1.740657 -1.084394
2.134299 1.740657 -1.084394
2.134299 1.740657 -1.084394
2.134299 1.740657 -1.084394
2.134299 1.740657 -1.084394
2.134299 1.740657 -1.084394
2.134299 1.740657 -1.084394
2.134299 1.740657 -1.084394
2.134299 1.740657 -1.084394
2.134299 1.740657 -1.084394
2.134299 1.740657 -1.084394
2.134299 1.740657 -1.084394
2.134299 1.740657 -1.084394
2.134299 1.740657 -1.084394
2.134299 1.740657 -1.084394
2.134299 1.740657 -1.084394
2.134299 1.740657 -1.084394
2.134299 1.740657 -1.084394
2.134299 1.740657 -1.084394
2.134299 1.740657 -1.084394
2.134299 1.740657 -1.084394
2.134299 1.740657 -1.084394
2.134299 1.740657 -1.084394
2.134299 1.740657 -1.084394
2.134299 1.740657 -1.084394
2.134299 1.740657 -1.084394
2.134299 1.740657 -1.084394
2.134299 1.740657 -1.084394
2.134299 1.740657 -1.084394
2.134299 1.740657 -1.084394
2.134299 1.740657 -1.084394
2.134299 1.740657 -1.084394
2.134299 1.740657 -1.084394
2.134299 1.740657 -1.084394
2.134299 1.740657 -1.084394
2.134299 1.740657 -1.084394
2.134299 1.740657 -1.084394
2.134299 1.740657 -1.084394
2.134299 1.740657 -1.084394
2.134299 1.740657 -1.084394
2.134299 1.740657 -1.084394
2.134299 1.740657 -1.084394
2.134299 1.740657 -1.084394
2.134299 1.740657 -1.084394
2.134299 1.740657 -1.084394
2.134299 1.740657 -1.084394
2.134299 1.740657 -1.084394
2.134299 1.740657 -1.084394
2.134299 1.740657 -1.084394
2.134299 1.740657 -1.084394
2.134299 1.740657 -1.084394
2.134299 1.740657 -1.084394
2.134299 1.740657 -1.084394
2.134299 1.740657 -1.084394
2.134299 1.740657 -1.084394
2.134299 1.740657 -1.084394
2.134299 1.740657 -1.084394
2.134299 1.740657 -1.084394
2.134299 1.740657 -1.084394
2.134299 1.740657 -1.084394
2.134299 1.740657 -1.084394
2.134299 1.740657 -1.084394
2.134299 1.740657 -1.084394
2.134299 1.740657 -1.084394
2.134299 1.740657 -1.084394
2.134299 1.740657 -1.084394
2.134299 1.740657 -1.084394
2.134299 1.740657 -1.084394
2.134299 1.740657 -1.084394
2.134299 1.740657 -1.084394
2.134299 1.740657 -1.084394
2.134299 1.740657 -1.084394
2.134299 1.740657 -1.084394
2.134299 1.740657 -1.084394
2.134299 1.740657 -1.084394
2.134299 1.740657 -1.084394
2.134299 1.740657 -1.084394
2.134299 1.740657 -1.084394
2.134299 1.740657 -1.084394
2.134299 1.740657 -1.084394
2.134299 1.740657 -1.084394
2.134299 1.740657 -1.084394
2.134299 1.740657 -1.084394
2.134299 1.740657 -1.084394
2.134299 1.740657 -1.084394
2.134299 1.740657 -1.084394
2.134299 1.740657 -1.084394
2.134299 1.740657 -1.084394
2.134299 1.740657 -1.084394
2.134299 1.740657 -1.084394
2.134299 1.740657 -1.084394
2.134299 1.740657 -1.084394
2.134299 1.740657 -1.084394
2.134299 1.740657 -1.084394
2.134299 1.740657 -1.084394
2.134299 1.740657 -1.084394
2.134299 1.740657 -1.084394
2.134299 1.740657 -1.084394
2.134299 1.740657 -1.084394
2.134299 1.740657 -1.084394
2.134299 1.740657 -1.084394
2.134299 1.740657 -1.084394
2.134299 1.740657 -1.084394
2.134299 1.740657 -1.084394
2.134299 1.740657 -1.084394
2.134299 1.740657 -1.084394
2.134299 1.740657 -1.084394
2.134299 1.740657 -1.084394
2.134299 1.740657 -1.084394
2.134299 1.740657 -1.084394
2.134299 1.740657 -1.084394
2.134299 1.740657 -1.084394
2.134299 1.740657 -1.084394
2.134299 1.740657 -1.084394
2.134299 1.740657 -1.084394
2.134299 1.740657 -1.084394
2.134299 1.740657 -1.084394
2.134299 1.740657 -1.084394
2.134299 1.740657 -1.084394
2.134299 1.740657 -1.084394
2.134299 1.740657 -1.084394
2.134299 1.740657 -1.084394
2.134299 1.740657 -1.084394
2.134299 1.740657 -1.084394
2.134299 1.740657 -1.084394
2.134299 1.740657 -1.084394
2.134299 1.740657 -1.084394
2.134299 1.740657 -1.084394
2.134299 1.740657 -1.084394
2.134299 1.740657 -1.084394
2.134299 1.740657 -1.084394
2.134299 1.740657 -1.084394
2.134299 1.740657 -1.084394
2.134299 1.740657 -1.084394
2.134299 1.740657 -1.084394
2.134299 1.740657 -1.084394
2.134299 1.740657 -1.084394
2.134299 1.740657 -1.084394
2.134299 1.740657 -1.084394
2.134299 1.740657 -1.084394
2.134299 1.740657 -1.084394
2.134299 1.740657 -1.084394
2.134299 1.740657 -1.084394
2.134299 1.740657 -1.084394
2.134299 1.740657 -1.084394
2.134299 1.740657 -1.084394
2.134299 1.740657 -1.084394
2.134299 1.740657 -1.084394
2.134299 1.740657 -1.084394
2.134299 1.740657 -1.084394
2.134299 1.740657 -1.084394
2.134299 1.740657 -1.084394
2.134299 1.740657 -1.084394
2.134299 1.740657 -1.084394
2.134299 1.740657 -1.084394
2.134299 1.740657 -1.084394
2.134299 1.740657 -1.084394
2.134299 1.740657 -1.084394
2.134299 1.740657 -1.084394
2.134299 1.740657 -1.084394
2.134299 1.740657 -1.084394
2.134299 1.740657 -1.084394
2.134299 1.740657 -1.084394
2.134299 1.740657 -1.084394
2.134299 1.740657 -1.084394
2.134299 1.740657 -1.084394
2.134299 1.740657 -1.084394
2.134299 1.740657 -1.084394
2.134299 1.740657 -1.084394
2.134299 1.740657 -1.084394
2.134299 1.740657 -1.084394
2.134299 1.740657 -1.084394
2.134299 1.740657 -1.084394
2.134299 1.740657 -1.084394
2.134299 1.740657 -1.084394
2.134299 1.740657 -1.084394
2.134299 1.740657 -1.084394
2.134299 1.740657 -1.084394
2.134299 1.740657 -1.084394
2.134299 1.740657 -1.084394
2.134299 1.740657 -1.084394
2.134299 1.740657 -1.084394
2.134299 1.740657 -1.084394
2.134299 1.740657 -1.084394
2.134299 1.740657 -1.084394
2.134299 1.740657 -1.084394
2.134299 1.740657 -1.084394
2.134299 1.740657 -1.084394
2.134299 1.740657 -1.084394
2.134299 1.740657 -1.084394
2.134299 1.740657 -1.084394
2.134299 1.740657 -1.084394
2.134299 1.740657 -1.084394
2.134299 1.740657 -1.084394
2.134299 1.740657 -1.084394
2.134299 1.740657 -1.084394
2.134299 1.740657 -1.084394
2.134299 1.740657 -1.084394
2.134299 1.740657 -1.084394
2.134299 1.740657 -1.084394
2.134299 1.740657 -1.084394
2.134299 1.740657 -1.084394
2.134299 1.740657 -1.084394
2.134299 1.740657 -1.084394
2.134299 1.740657 -1.084394
2.134299 1.740657 -1.084394
2.134299 1.740657 -1.084394
2.134299 1.740657 -1.084394
2.134299 1.740657 -1.084394
2.134299 1.740657 -1.084394
2.134299 1.740657 -1.084394
2.134299 1.740657 -1.084394
2.134299 1.740657 -1.084394
2.134299 1.740657 -1.084394
2.134299 1.740657 -1.084394
2.134299 1.740657 -1.084394
2.134299 1.740657 -1.084394
2.134299 1.740657 -1.084394
2.134299 1.740657 -1.084394
2.134299 1.740657 -1.084394
2.134299 1.740657 -1.084394
2.134299 1.740657 -1.084394
2.480719 2.394972 -1.614839
2.480719 2.394972 -1.614839
2.480719 2.394972 -1.614839
2.480719 2.394972 -1.614839
2.480719 2.394972 -1.614839
2.480719 2.394972 -1.614839
2.480719 2.394972 -1.614839
2.480719 2.394972 -1.614839
2.480719 2.394972 -1.614839
2.480719 2.394972 -1.614839
2.480719 2.394972 -1.614839
2.480719 2.394972 -1.614839
2.480719 2.394972 -1.614839
2.480719 2.394972 -1.614839
2.480719 2.394972 -1.614839
2.480719 2.394972 -1.614839
2.480719 2.394972 -1.614839
2.480719 2.394972 -1.614839
2.480719 2.394972 -1.614839
2.480719 2.394972 -1.614839
2.480719 2.394972 -1.614839
2.480719 2.394972 -1.614839
2.480719 2.394972 -1.614839
2.480719 2.394972 -1.614839
2.480719 2.394972 -1.614839
2.480719 2.394972 -1.614839
2.480719 2.394972 -1.614839
2.480719 2.394972 -1.614839
2.480719 2.394972 -1.614839
2.480719 2.394972 -1.614839
2.480719 2.394972 -1.614839
2.480719 2.394972 -1.614839
2.480719 2.394972 -1.614839
2.480719 2.394972 -1.614839
2.480719 2.394972 -1.614839
2.480719 2.394972 -1.614839
2.480719 2.394972 -1.614839
2.480719 2.394972 -1.614839
2.480719 2.394972 -1.614839
2.480719 2.394972 -1.614839
2.480719 2.394972 -1.614839
2.480719 2.394972 -1.614839
2.480719 2.394972 -1.614839
2.480719 2.394972 -1.614839
2.480719 2.394972 -1.614839
2.480719 2.394972 -1.614839
2.480719 2.394972 -1.614839
2.480719 2.394972 -1.614839
2.480719 2.394972 -1.614839
2.164068 2.097262 -1.633904
2.164068 2.097262 -1.633904
2.164068 2.097262 -1.633904
2.164068 2.097262 -1.633904
2.164068 2.097262 -1.633904
2.164068 2.097262 -1.633904
2.164068 2.097262 -1.633904
2.164068 2.097262 -1.633904
2.164068 2.097262 -1.633904
2.164068 2.097262 -1.633904
2.164068 2.097262 -1.633904
2.164068 2.097262 -1.633904
2.164068 2.097262 -1.633904
2.164068 2.097262 -1.633904
2.164068 2.097262 -1.633904
2.164068 2.097262 -1.633904
2.164068 2.097262 -1.633904
2.05995 2.673726 -1.079495
2.05995 2.673726 -1.079495
2.05995 2.673726 -1.079495
2.05995 2.673726 -1.079495
2.05995 2.673726 -1.079495
2.05995 2.673726 -1.079495
2.05995 2.673726 -1.079495
2.05995 2.673726 -1.079495
2.05995 2.673726 -1.079495
2.05995 2.673726 -1.079495
2.05995 2.673726 -1.079495
2.05995 2.673726 -1.079495
2.05995 2.673726 -1.079495
2.05995 2.673726 -1.079495
2.05995 2.673726 -1.079495
2.05995 2.673726 -1.079495
2.05995 2.673726 -1.079495
2.05995 2.673726 -1.079495
2.05995 2.673726 -1.079495
2.05995 2.673726 -1.079495
2.05995 2.673726 -1.079495
2.05995 2.673726 -1.079495
2.05995 2.673726 -1.079495
2.05995 2.673726 -1.079495
2.05995 2.673726 -1.079495
2.05995 2.673726 -1.079495
2.05995 2.673726 -1.079495
2.05995 2.673726 -1.079495
2.05995 2.673726 -1.079495
2.05995 2.673726 -1.079495
2.010103 1.584819 -0.6899291
2.010103 1.584819 -0.6899291
2.010103 1.584819 -0.6899291
2.010103 1.584819 -0.6899291
2.010103 1.584819 -0.6899291
2.010103 1.584819 -0.6899291
2.010103 1.584819 -0.6899291
2.010103 1.584819 -0.6899291
2.010103 1.584819 -0.6899291
2.010103 1.584819 -0.6899291
2.010103 1.584819 -0.6899291
2.010103 1.584819 -0.6899291
2.010103 1.584819 -0.6899291
2.010103 1.584819 -0.6899291
2.010103 1.584819 -0.6899291
2.010103 1.584819 -0.6899291
2.010103 1.584819 -0.6899291
2.010103 1.584819 -0.6899291
2.010103 1.584819 -0.6899291
2.010103 1.584819 -0.6899291
2.010103 1.584819 -0.6899291
2.010103 1.584819 -0.6899291
2.010103 1.584819 -0.6899291
2.010103 1.584819 -0.6899291
2.010103 1.584819 -0.6899291
2.010103 1.584819 -0.6899291
2.010103 1.584819 -0.6899291
2.010103 1.584819 -0.6899291
2.010103 1.584819 -0.6899291
2.010103 1.584819 -0.6899291
2.010103 1.584819 -0.6899291
2.010103 1.584819 -0.6899291
2.010103 1.584819 -0.6899291
2.010103 1.584819 -0.6899291
2.010103 1.584819 -0.6899291
2.010103 1.584819 -0.6899291
2.010103 1.584819 -0.6899291
2.010103 1.584819 -0.6899291
2.010103 1.584819 -0.6899291
2.010103 1.584819 -0.6899291
2.010103 1.584819 -0.6899291
2.010103 1.584819 -0.6899291
2.010103 1.584819 -0.6899291
2.010103 1.584819 -0.6899291
2.010103 1.584819 -0.6899291
2.010103 1.584819 -0.6899291
2.010103 1.584819 -0.6899291
2.010103 1.584819 -0.6899291
2.010103 1.584819 -0.6899291
2.010103 1.584819 -0.6899291
2.010103 1.584819 -0.6899291
2.010103 1.584819 -0.6899291
2.010103 1.584819 -0.6899291
2.010103 1.584819 -0.6899291
2.010103 1.584819 -0.6899291
2.010103 1.584819 -0.6899291
2.010103 1.584819 -0.6899291
2.010103 1.584819 -0.6899291
2.010103 1.584819 -0.6899291
2.010103 1.584819 -0.6899291
2.010103 1.584819 -0.6899291
2.010103 1.584819 -0.6899291
2.010103 1.584819 -0.6899291
2.010103 1.584819 -0.6899291
2.010103 1.584819 -0.6899291
2.010103 1.584819 -0.6899291
2.010103 1.584819 -0.6899291
2.010103 1.584819 -0.6899291
2.010103 1.584819 -0.6899291
2.010103 1.584819 -0.6899291
2.010103 1.584819 -0.6899291
2.010103 1.584819 -0.6899291
2.010103 1.584819 -0.6899291
2.010103 1.584819 -0.6899291
2.010103 1.584819 -0.6899291
2.010103 1.584819 -0.6899291
2.010103 1.584819 -0.6899291
2.010103 1.584819 -0.6899291
2.010103 1.584819 -0.6899291
2.010103 1.584819 -0.6899291
2.010103 1.584819 -0.6899291
2.010103 1.584819 -0.6899291
2.010103 1.584819 -0.6899291
2.010103 1.584819 -0.6899291
2.010103 1.584819 -0.6899291
2.010103 1.584819 -0.6899291
2.010103 1.584819 -0.6899291
2.010103 1.584819 -0.6899291
2.010103 1.584819 -0.6899291
2.010103 1.584819 -0.6899291
2.010103 1.584819 -0.6899291
2.010103 1.584819 -0.6899291
2.010103 1.584819 -0.6899291
2.010103 1.584819 -0.6899291
2.010103 1.584819 -0.6899291
2.010103 1.584819 -0.6899291
2.010103 1.584819 -0.6899291
2.010103 1.584819 -0.6899291
2.010103 1.584819 -0.6899291
2.010103 1.584819 -0.6899291
2.010103 1.584819 -0.6899291
2.010103 1.584819 -0.6899291
2.010103 1.584819 -0.6899291
2.010103 1.584819 -0.6899291
2.079921 2.303844 -0.6110075
2.079921 2.303844 -0.6110075
2.079921 2.303844 -0.6110075
2.079921 2.303844 -0.6110075
2.079921 2.303844 -0.6110075
2.079921 2.303844 -0.6110075
2.079921 2.303844 -0.6110075
2.079921 2.303844 -0.6110075
2.079921 2.303844 -0.6110075
2.079921 2.303844 -0.6110075
2.079921 2.303844 -0.6110075
2.079921 2.303844 -0.6110075
2.079921 2.303844 -0.6110075
2.079921 2.303844 -0.6110075
2.079921 2.303844 -0.6110075
2.079921 2.303844 -0.6110075
2.079921 2.303844 -0.6110075
2.079921 2.303844 -0.6110075
2.079921 2.303844 -0.6110075
2.079921 2.303844 -0.6110075
2.079921 2.303844 -0.6110075
2.079921 2.303844 -0.6110075
2.079921 2.303844 -0.6110075
2.079921 2.303844 -0.6110075
2.079921 2.303844 -0.6110075
2.079921 2.303844 -0.6110075
2.079921 2.303844 -0.6110075
2.079921 2.303844 -0.6110075
2.079921 2.303844 -0.6110075
2.079921 2.303844 -0.6110075
2.079921 2.303844 -0.6110075
2.079921 2.303844 -0.6110075
2.079921 2.303844 -0.6110075
2.079921 2.303844 -0.6110075
2.079921 2.303844 -0.6110075
2.079921 2.303844 -0.6110075
2.079921 2.303844 -0.6110075
2.079921 2.303844 -0.6110075
2.079921 2.303844 -0.6110075
2.079921 2.303844 -0.6110075
2.079921 2.303844 -0.6110075
2.079921 2.303844 -0.6110075
2.079921 2.303844 -0.6110075
2.079921 2.303844 -0.6110075
2.079921 2.303844 -0.6110075
2.079921 2.303844 -0.6110075
2.079921 2.303844 -0.6110075
2.079921 2.303844 -0.6110075
2.079921 2.303844 -0.6110075
2.079921 2.303844 -0.6110075
2.079921 2.303844 -0.6110075
2.079921 2.303844 -0.6110075
2.079921 2.303844 -0.6110075
2.079921 2.303844 -0.6110075
2.079921 2.303844 -0.6110075
2.079921 2.303844 -0.6110075
2.079921 2.303844 -0.6110075
2.079921 2.303844 -0.6110075
2.079921 2.303844 -0.6110075
2.079921 2.303844 -0.6110075
2.079921 2.303844 -0.6110075
2.079921 2.303844 -0.6110075
2.079921 2.303844 -0.6110075
2.079921 2.303844 -0.6110075
2.079921 2.303844 -0.6110075
2.079921 2.303844 -0.6110075
2.079921 2.303844 -0.6110075
2.079921 2.303844 -0.6110075
2.079921 2.303844 -0.6110075
2.079921 2.303844 -0.6110075
2.079921 2.303844 -0.6110075
2.079921 2.303844 -0.6110075
2.079921 2.303844 -0.6110075
2.079921 2.303844 -0.6110075
2.079921 2.303844 -0.6110075
2.079921 2.303844 -0.6110075
2.079921 2.303844 -0.6110075
2.079921 2.303844 -0.6110075
2.079921 2.303844 -0.6110075
2.079921 2.303844 -0.6110075
2.079921 2.303844 -0.6110075
2.079921 2.303844 -0.6110075
2.079921 2.303844 -0.6110075
2.079921 2.303844 -0.6110075
2.079921 2.303844 -0.6110075
2.079921 2.303844 -0.6110075
2.079921 2.303844 -0.6110075
2.079921 2.303844 -0.6110075
2.079921 2.303844 -0.6110075
2.079921 2.303844 -0.6110075
2.079921 2.303844 -0.6110075
2.079921 2.303844 -0.6110075
2.079921 2.303844 -0.6110075
2.079921 2.303844 -0.6110075
2.079921 2.303844 -0.6110075
2.079921 2.303844 -0.6110075
2.079921 2.303844 -0.6110075
2.079921 2.303844 -0.6110075
2.079921 2.303844 -0.6110075
2.079921 2.303844 -0.6110075
2.079921 2.303844 -0.6110075
2.079921 2.303844 -0.6110075
2.079921 2.303844 -0.6110075
2.079921 2.303844 -0.6110075
2.079921 2.303844 -0.6110075
2.079921 2.303844 -0.6110075
2.079921 2.303844 -0.6110075
2.079921 2.303844 -0.6110075
2.079921 2.303844 -0.6110075
2.079921 2.303844 -0.6110075
2.079921 2.303844 -0.6110075
2.079921 2.303844 -0.6110075
2.079921 2.303844 -0.6110075
2.079921 2.303844 -0.6110075
2.079921 2.303844 -0.6110075
2.079921 2.303844 -0.6110075
2.079921 2.303844 -0.6110075
2.079921 2.303844 -0.6110075
2.079921 2.303844 -0.6110075
2.079921 2.303844 -0.6110075
2.079921 2.303844 -0.6110075
2.079921 2.303844 -0.6110075
2.079921 2.303844 -0.6110075
2.079921 2.303844 -0.6110075
2.079921 2.303844 -0.6110075
2.079921 2.303844 -0.6110075
2.427586 2.412592 -1.431973
2.427586 2.412592 -1.431973
2.427586 2.412592 -1.431973
2.427586 2.412592 -1.431973
2.427586 2.412592 -1.431973
2.427586 2.412592 -1.431973
2.427586 2.412592 -1.431973
2.427586 2.412592 -1.431973
2.427586 2.412592 -1.431973
2.427586 2.412592 -1.431973
2.427586 2.412592 -1.431973
2.427586 2.412592 -1.431973
2.427586 2.412592 -1.431973
2.427586 2.412592 -1.431973
2.427586 2.412592 -1.431973
2.427586 2.412592 -1.431973
2.427586 2.412592 -1.431973
2.427586 2.412592 -1.431973
2.427586 2.412592 -1.431973
2.427586 2.412592 -1.431973
2.427586 2.412592 -1.431973
2.427586 2.412592 -1.431973
2.427586 2.412592 -1.431973
2.427586 2.412592 -1.431973
2.427586 2.412592 -1.431973
2.427586 2.412592 -1.431973
2.427586 2.412592 -1.431973
2.427586 2.412592 -1.431973
2.427586 2.412592 -1.431973
2.427586 2.412592 -1.431973
2.427586 2.412592 -1.431973
2.427586 2.412592 -1.431973
2.427586 2.412592 -1.431973
2.427586 2.412592 -1.431973
2.427586 2.412592 -1.431973
2.427586 2.412592 -1.431973
2.427586 2.412592 -1.431973
2.427586 2.412592 -1.431973
2.427586 2.412592 -1.431973
2.427586 2.412592 -1.431973
2.427586 2.412592 -1.431973
2.427586 2.412592 -1.431973
2.427586 2.412592 -1.431973
2.427586 2.412592 -1.431973
2.427586 2.412592 -1.431973
2.427586 2.412592 -1.431973
2.427586 2.412592 -1.431973
2.427586 2.412592 -1.431973
2.525659 2.807551 -1.851336
2.525659 2.807551 -1.851336
2.525659 2.807551 -1.851336
2.525659 2.807551 -1.851336
2.525659 2.807551 -1.851336
2.525659 2.807551 -1.851336
2.525659 2.807551 -1.851336
2.525659 2.807551 -1.851336
2.525659 2.807551 -1.851336
2.525659 2.807551 -1.851336
2.525659 2.807551 -1.851336
2.525659 2.807551 -1.851336
2.525659 2.807551 -1.851336
2.525659 2.807551 -1.851336
2.525659 2.807551 -1.851336
2.525659 2.807551 -1.851336
2.525659 2.807551 -1.851336
2.525659 2.807551 -1.851336
2.525659 2.807551 -1.851336
2.525659 2.807551 -1.851336
2.525659 2.807551 -1.851336
2.525659 2.807551 -1.851336
2.525659 2.807551 -1.851336
2.525659 2.807551 -1.851336
2.525659 2.807551 -1.851336
2.525659 2.807551 -1.851336
2.525659 2.807551 -1.851336
2.525659 2.807551 -1.851336
2.525659 2.807551 -1.851336
2.525659 2.807551 -1.851336
2.525659 2.807551 -1.851336
2.525659 2.807551 -1.851336
2.525659 2.807551 -1.851336
2.525659 2.807551 -1.851336
2.525659 2.807551 -1.851336
2.765338 2.795908 -2.070642
2.765338 2.795908 -2.070642
2.765338 2.795908 -2.070642
2.765338 2.795908 -2.070642
2.765338 2.795908 -2.070642
2.765338 2.795908 -2.070642
2.765338 2.795908 -2.070642
2.765338 2.795908 -2.070642
2.765338 2.795908 -2.070642
2.765338 2.795908 -2.070642
2.765338 2.795908 -2.070642
2.765338 2.795908 -2.070642
2.765338 2.795908 -2.070642
2.765338 2.795908 -2.070642
2.765338 2.795908 -2.070642
2.765338 2.795908 -2.070642
2.765338 2.795908 -2.070642
2.765338 2.795908 -2.070642
2.765338 2.795908 -2.070642
2.765338 2.795908 -2.070642
2.765338 2.795908 -2.070642
2.765338 2.795908 -2.070642
2.765338 2.795908 -2.070642
2.765338 2.795908 -2.070642
2.765338 2.795908 -2.070642
2.765338 2.795908 -2.070642
2.765338 2.795908 -2.070642
2.765338 2.795908 -2.070642
2.765338 2.795908 -2.070642
2.765338 2.795908 -2.070642
2.765338 2.795908 -2.070642
2.765338 2.795908 -2.070642
2.765338 2.795908 -2.070642
2.765338 2.795908 -2.070642
2.765338 2.795908 -2.070642
2.765338 2.795908 -2.070642
2.765338 2.795908 -2.070642
2.765338 2.795908 -2.070642
2.765338 2.795908 -2.070642
2.765338 2.795908 -2.070642
2.765338 2.795908 -2.070642
2.765338 2.795908 -2.070642
2.765338 2.795908 -2.070642
2.765338 2.795908 -2.070642
2.765338 2.795908 -2.070642
2.765338 2.795908 -2.070642
2.765338 2.795908 -2.070642
2.765338 2.795908 -2.070642
2.765338 2.795908 -2.070642
2.765338 2.795908 -2.070642
2.765338 2.795908 -2.070642
2.765338 2.795908 -2.070642
2.765338 2.795908 -2.070642
2.765338 2.795908 -2.070642
2.765338 2.795908 -2.070642
2.765338 2.795908 -2.070642
2.765338 2.795908 -2.070642
2.765338 2.795908 -2.070642
2.765338 2.795908 -2.070642
2.765338 2.795908 -2.070642
2.765338 2.795908 -2.070642
2.765338 2.795908 -2.070642
2.765338 2.795908 -2.070642
2.765338 2.795908 -2.070642
2.765338 2.795908 -2.070642
2.765338 2.795908 -2.070642
2.765338 2.795908 -2.070642
2.765338 2.795908 -2.070642
2.765338 2.795908 -2.070642
2.765338 2.795908 -2.070642
2.765338 2.795908 -2.070642
2.765338 2.795908 -2.070642
2.765338 2.795908 -2.070642
2.765338 2.795908 -2.070642
2.765338 2.795908 -2.070642
2.765338 2.795908 -2.070642
2.765338 2.795908 -2.070642
2.765338 2.795908 -2.070642
2.765338 2.795908 -2.070642
2.765338 2.795908 -2.070642
2.765338 2.795908 -2.070642
2.765338 2.795908 -2.070642
2.765338 2.795908 -2.070642
2.765338 2.795908 -2.070642
2.765338 2.795908 -2.070642
2.765338 2.795908 -2.070642
2.765338 2.795908 -2.070642
2.296815 2.593558 -1.100462
2.296815 2.593558 -1.100462
2.296815 2.593558 -1.100462
2.296815 2.593558 -1.100462
2.296815 2.593558 -1.100462
2.296815 2.593558 -1.100462
2.296815 2.593558 -1.100462
2.296815 2.593558 -1.100462
2.296815 2.593558 -1.100462
2.296815 2.593558 -1.100462
2.296815 2.593558 -1.100462
2.296815 2.593558 -1.100462
2.296815 2.593558 -1.100462
2.296815 2.593558 -1.100462
2.296815 2.593558 -1.100462
2.296815 2.593558 -1.100462
2.296815 2.593558 -1.100462
2.296815 2.593558 -1.100462
2.296815 2.593558 -1.100462
2.296815 2.593558 -1.100462
2.296815 2.593558 -1.100462
2.296815 2.593558 -1.100462
2.296815 2.593558 -1.100462
2.296815 2.593558 -1.100462
2.296815 2.593558 -1.100462
2.296815 2.593558 -1.100462
2.296815 2.593558 -1.100462
2.296815 2.593558 -1.100462
2.296815 2.593558 -1.100462
2.296815 2.593558 -1.100462
2.296815 2.593558 -1.100462
2.296815 2.593558 -1.100462
2.296815 2.593558 -1.100462
2.296815 2.593558 -1.100462
2.296815 2.593558 -1.100462
2.204122 2.181539 -1.252254
2.204122 2.181539 -1.252254
2.204122 2.181539 -1.252254
2.204122 2.181539 -1.252254
2.204122 2.181539 -1.252254
2.204122 2.181539 -1.252254
2.204122 2.181539 -1.252254
2.204122 2.181539 -1.252254
2.204122 2.181539 -1.252254
2.204122 2.181539 -1.252254
2.204122 2.181539 -1.252254
2.204122 2.181539 -1.252254
2.204122 2.181539 -1.252254
2.204122 2.181539 -1.252254
2.204122 2.181539 -1.252254
2.204122 2.181539 -1.252254
2.204122 2.181539 -1.252254
2.204122 2.181539 -1.252254
2.204122 2.181539 -1.252254
2.204122 2.181539 -1.252254
2.204122 2.181539 -1.252254
2.204122 2.181539 -1.252254
2.204122 2.181539 -1.252254
2.204122 2.181539 -1.252254
2.204122 2.181539 -1.252254
2.204122 2.181539 -1.252254
2.204122 2.181539 -1.252254
2.204122 2.181539 -1.252254
2.204122 2.181539 -1.252254
2.204122 2.181539 -1.252254
2.204122 2.181539 -1.252254
2.204122 2.181539 -1.252254
2.204122 2.181539 -1.252254
2.204122 2.181539 -1.252254
2.204122 2.181539 -1.252254
2.204122 2.181539 -1.252254
2.204122 2.181539 -1.252254
2.204122 2.181539 -1.252254
2.204122 2.181539 -1.252254
2.204122 2.181539 -1.252254
2.204122 2.181539 -1.252254
2.204122 2.181539 -1.252254
2.204122 2.181539 -1.252254
2.204122 2.181539 -1.252254
2.204122 2.181539 -1.252254
2.204122 2.181539 -1.252254
2.204122 2.181539 -1.252254
2.204122 2.181539 -1.252254
2.204122 2.181539 -1.252254
2.204122 2.181539 -1.252254
2.204122 2.181539 -1.252254
2.204122 2.181539 -1.252254
2.204122 2.181539 -1.252254
2.204122 2.181539 -1.252254
2.204122 2.181539 -1.252254
2.204122 2.181539 -1.252254
2.204122 2.181539 -1.252254
2.204122 2.181539 -1.252254
1.960425 2.285576 -0.8529824
1.960425 2.285576 -0.8529824
1.960425 2.285576 -0.8529824
1.960425 2.285576 -0.8529824
1.960425 2.285576 -0.8529824
1.960425 2.285576 -0.8529824
1.960425 2.285576 -0.8529824
1.960425 2.285576 -0.8529824
1.960425 2.285576 -0.8529824
1.960425 2.285576 -0.8529824
1.960425 2.285576 -0.8529824
1.960425 2.285576 -0.8529824
1.960425 2.285576 -0.8529824
1.960425 2.285576 -0.8529824
1.960425 2.285576 -0.8529824
1.960425 2.285576 -0.8529824
1.960425 2.285576 -0.8529824
1.960425 2.285576 -0.8529824
1.960425 2.285576 -0.8529824
1.960425 2.285576 -0.8529824
1.960425 2.285576 -0.8529824
1.960425 2.285576 -0.8529824
1.960425 2.285576 -0.8529824
1.960425 2.285576 -0.8529824
1.960425 2.285576 -0.8529824
1.960425 2.285576 -0.8529824
1.960425 2.285576 -0.8529824
1.960425 2.285576 -0.8529824
1.960425 2.285576 -0.8529824
1.960425 2.285576 -0.8529824
1.960425 2.285576 -0.8529824
1.960425 2.285576 -0.8529824
1.960425 2.285576 -0.8529824
1.960425 2.285576 -0.8529824
1.960425 2.285576 -0.8529824
1.960425 2.285576 -0.8529824
1.960425 2.285576 -0.8529824
1.960425 2.285576 -0.8529824
1.960425 2.285576 -0.8529824
1.960425 2.285576 -0.8529824
1.960425 2.285576 -0.8529824
1.960425 2.285576 -0.8529824
1.960425 2.285576 -0.8529824
2.315897 2.781738 -0.8993596
2.315897 2.781738 -0.8993596
2.315897 2.781738 -0.8993596
2.560894 2.713352 -1.634214
2.560894 2.713352 -1.634214
2.560894 2.713352 -1.634214
2.560894 2.713352 -1.634214
2.560894 2.713352 -1.634214
2.560894 2.713352 -1.634214
2.560894 2.713352 -1.634214
2.560894 2.713352 -1.634214
2.560894 2.713352 -1.634214
2.560894 2.713352 -1.634214
2.560894 2.713352 -1.634214
2.560894 2.713352 -1.634214
2.560894 2.713352 -1.634214
2.560894 2.713352 -1.634214
2.560894 2.713352 -1.634214
2.560894 2.713352 -1.634214
2.560894 2.713352 -1.634214
2.560894 2.713352 -1.634214
2.560894 2.713352 -1.634214
2.560894 2.713352 -1.634214
2.560894 2.713352 -1.634214
2.560894 2.713352 -1.634214
2.560894 2.713352 -1.634214
2.560894 2.713352 -1.634214
2.560894 2.713352 -1.634214
2.560894 2.713352 -1.634214
2.560894 2.713352 -1.634214
2.560894 2.713352 -1.634214
2.560894 2.713352 -1.634214
2.560894 2.713352 -1.634214
2.560894 2.713352 -1.634214
2.560894 2.713352 -1.634214
2.560894 2.713352 -1.634214
2.560894 2.713352 -1.634214
2.44635 2.31437 -2.04888
2.44635 2.31437 -2.04888
2.44635 2.31437 -2.04888
2.44635 2.31437 -2.04888
2.44635 2.31437 -2.04888
2.44635 2.31437 -2.04888
2.44635 2.31437 -2.04888
2.44635 2.31437 -2.04888
2.44635 2.31437 -2.04888
2.44635 2.31437 -2.04888
2.44635 2.31437 -2.04888
2.44635 2.31437 -2.04888
2.44635 2.31437 -2.04888
2.44635 2.31437 -2.04888
2.44635 2.31437 -2.04888
2.44635 2.31437 -2.04888
2.44635 2.31437 -2.04888
2.44635 2.31437 -2.04888
2.44635 2.31437 -2.04888
2.44635 2.31437 -2.04888
2.44635 2.31437 -2.04888
2.44635 2.31437 -2.04888
2.44635 2.31437 -2.04888
2.44635 2.31437 -2.04888
2.44635 2.31437 -2.04888
2.44635 2.31437 -2.04888
2.44635 2.31437 -2.04888
2.44635 2.31437 -2.04888
2.44635 2.31437 -2.04888
2.44635 2.31437 -2.04888
2.44635 2.31437 -2.04888
2.44635 2.31437 -2.04888
2.44635 2.31437 -2.04888
2.44635 2.31437 -2.04888
2.44635 2.31437 -2.04888
2.44635 2.31437 -2.04888
2.44635 2.31437 -2.04888
2.44635 2.31437 -2.04888
2.281308 1.950859 -1.070583
2.281308 1.950859 -1.070583
2.281308 1.950859 -1.070583
2.281308 1.950859 -1.070583
2.281308 1.950859 -1.070583
2.281308 1.950859 -1.070583
2.281308 1.950859 -1.070583
2.620338 2.701197 -1.775115
2.620338 2.701197 -1.775115
2.620338 2.701197 -1.775115
2.620338 2.701197 -1.775115
2.620338 2.701197 -1.775115
2.620338 2.701197 -1.775115
2.219834 2.602035 -0.9992172
2.219834 2.602035 -0.9992172
2.219834 2.602035 -0.9992172
2.219834 2.602035 -0.9992172
2.386861 2.541978 -1.527973
2.386861 2.541978 -1.527973
2.386861 2.541978 -1.527973
2.386861 2.541978 -1.527973
2.386861 2.541978 -1.527973
2.386861 2.541978 -1.527973
2.386861 2.541978 -1.527973
2.386861 2.541978 -1.527973
2.386861 2.541978 -1.527973
2.386861 2.541978 -1.527973
2.386861 2.541978 -1.527973
2.386861 2.541978 -1.527973
2.386861 2.541978 -1.527973
2.386861 2.541978 -1.527973
2.386861 2.541978 -1.527973
2.386861 2.541978 -1.527973
2.386861 2.541978 -1.527973
2.386861 2.541978 -1.527973
2.386861 2.541978 -1.527973
2.386861 2.541978 -1.527973
2.386861 2.541978 -1.527973
2.386861 2.541978 -1.527973
2.386861 2.541978 -1.527973
2.386861 2.541978 -1.527973
2.386861 2.541978 -1.527973
2.386861 2.541978 -1.527973
2.386861 2.541978 -1.527973
2.386861 2.541978 -1.527973
2.386861 2.541978 -1.527973
2.386861 2.541978 -1.527973
2.386861 2.541978 -1.527973
2.386861 2.541978 -1.527973
2.386861 2.541978 -1.527973
2.386861 2.541978 -1.527973
2.386861 2.541978 -1.527973
2.386861 2.541978 -1.527973
2.386861 2.541978 -1.527973
2.386861 2.541978 -1.527973
2.386861 2.541978 -1.527973
2.386861 2.541978 -1.527973
2.386861 2.541978 -1.527973
2.386861 2.541978 -1.527973
2.386861 2.541978 -1.527973
2.386861 2.541978 -1.527973
2.386861 2.541978 -1.527973
2.386861 2.541978 -1.527973
2.386861 2.541978 -1.527973
2.386861 2.541978 -1.527973
2.386861 2.541978 -1.527973
2.386861 2.541978 -1.527973
2.386861 2.541978 -1.527973
2.386861 2.541978 -1.527973
2.386861 2.541978 -1.527973
2.386861 2.541978 -1.527973
2.386861 2.541978 -1.527973
2.386861 2.541978 -1.527973
2.386861 2.541978 -1.527973
2.386861 2.541978 -1.527973
2.386861 2.541978 -1.527973
2.386861 2.541978 -1.527973
2.386861 2.541978 -1.527973
2.443859 2.337031 -1.738017
2.443859 2.337031 -1.738017
2.443859 2.337031 -1.738017
2.443859 2.337031 -1.738017
2.443859 2.337031 -1.738017
2.443859 2.337031 -1.738017
2.443859 2.337031 -1.738017
2.443859 2.337031 -1.738017
2.443859 2.337031 -1.738017
2.443859 2.337031 -1.738017
2.443859 2.337031 -1.738017
2.443859 2.337031 -1.738017
2.443859 2.337031 -1.738017
2.443859 2.337031 -1.738017
2.443859 2.337031 -1.738017
2.443859 2.337031 -1.738017
2.443859 2.337031 -1.738017
2.443859 2.337031 -1.738017
2.443859 2.337031 -1.738017
2.443859 2.337031 -1.738017
2.443859 2.337031 -1.738017
2.443859 2.337031 -1.738017
2.443859 2.337031 -1.738017
2.443859 2.337031 -1.738017
2.443859 2.337031 -1.738017
2.443859 2.337031 -1.738017
2.443859 2.337031 -1.738017
2.443859 2.337031 -1.738017
2.443859 2.337031 -1.738017
2.443859 2.337031 -1.738017
2.443859 2.337031 -1.738017
2.443859 2.337031 -1.738017
2.443859 2.337031 -1.738017
2.443859 2.337031 -1.738017
2.443859 2.337031 -1.738017
2.443859 2.337031 -1.738017
2.443859 2.337031 -1.738017
2.443859 2.337031 -1.738017
2.443859 2.337031 -1.738017
2.443859 2.337031 -1.738017
2.443859 2.337031 -1.738017
2.443859 2.337031 -1.738017
2.443859 2.337031 -1.738017
2.443859 2.337031 -1.738017
2.443859 2.337031 -1.738017
2.443859 2.337031 -1.738017
2.443859 2.337031 -1.738017
2.443859 2.337031 -1.738017
2.832636 2.451159 -2.195672
2.832636 2.451159 -2.195672
2.832636 2.451159 -2.195672
2.832636 2.451159 -2.195672
2.832636 2.451159 -2.195672
2.832636 2.451159 -2.195672
2.832636 2.451159 -2.195672
2.683809 2.273732 -1.892794
2.683809 2.273732 -1.892794
2.683809 2.273732 -1.892794
2.683809 2.273732 -1.892794
2.797807 2.460337 -1.938221
2.797807 2.460337 -1.938221
2.797807 2.460337 -1.938221
2.797807 2.460337 -1.938221
2.797807 2.460337 -1.938221
2.797807 2.460337 -1.938221
2.797807 2.460337 -1.938221
2.797807 2.460337 -1.938221
2.797807 2.460337 -1.938221
2.797807 2.460337 -1.938221
2.797807 2.460337 -1.938221
2.797807 2.460337 -1.938221
2.797807 2.460337 -1.938221
2.797807 2.460337 -1.938221
2.797807 2.460337 -1.938221
2.797807 2.460337 -1.938221
2.797807 2.460337 -1.938221
2.797807 2.460337 -1.938221
2.797807 2.460337 -1.938221
2.797807 2.460337 -1.938221
2.797807 2.460337 -1.938221
2.797807 2.460337 -1.938221
2.797807 2.460337 -1.938221
2.260541 2.021693 -0.9887818
2.260541 2.021693 -0.9887818
2.260541 2.021693 -0.9887818
2.260541 2.021693 -0.9887818
2.260541 2.021693 -0.9887818
2.260541 2.021693 -0.9887818
2.260541 2.021693 -0.9887818
2.260541 2.021693 -0.9887818
2.260541 2.021693 -0.9887818
2.260541 2.021693 -0.9887818
2.260541 2.021693 -0.9887818
2.260541 2.021693 -0.9887818
2.260541 2.021693 -0.9887818
2.260541 2.021693 -0.9887818
2.260541 2.021693 -0.9887818
2.260541 2.021693 -0.9887818
2.260541 2.021693 -0.9887818
2.260541 2.021693 -0.9887818
2.260541 2.021693 -0.9887818
2.260541 2.021693 -0.9887818
2.260541 2.021693 -0.9887818
2.260541 2.021693 -0.9887818
2.430762 1.921763 -1.931396
2.430762 1.921763 -1.931396
2.430762 1.921763 -1.931396
2.430762 1.921763 -1.931396
2.430762 1.921763 -1.931396
2.430762 1.921763 -1.931396
2.430762 1.921763 -1.931396
2.430762 1.921763 -1.931396
2.430762 1.921763 -1.931396
2.430762 1.921763 -1.931396
2.430762 1.921763 -1.931396
2.430762 1.921763 -1.931396
2.430762 1.921763 -1.931396
2.430762 1.921763 -1.931396
2.430762 1.921763 -1.931396
2.430762 1.921763 -1.931396
2.430762 1.921763 -1.931396
2.430762 1.921763 -1.931396
2.430762 1.921763 -1.931396
2.430762 1.921763 -1.931396
2.430762 1.921763 -1.931396
2.430762 1.921763 -1.931396
2.430762 1.921763 -1.931396
2.430762 1.921763 -1.931396
2.430762 1.921763 -1.931396
2.430762 1.921763 -1.931396
2.430762 1.921763 -1.931396
2.430762 1.921763 -1.931396
2.430762 1.921763 -1.931396
2.430762 1.921763 -1.931396
2.430762 1.921763 -1.931396
2.430762 1.921763 -1.931396
2.430762 1.921763 -1.931396
2.430762 1.921763 -1.931396
2.430762 1.921763 -1.931396
2.430762 1.921763 -1.931396
2.430762 1.921763 -1.931396
2.430762 1.921763 -1.931396
2.430762 1.921763 -1.931396
2.430762 1.921763 -1.931396
2.430762 1.921763 -1.931396
2.430762 1.921763 -1.931396
2.430762 1.921763 -1.931396
2.430762 1.921763 -1.931396
2.430762 1.921763 -1.931396
2.430762 1.921763 -1.931396
2.430762 1.921763 -1.931396
2.430762 1.921763 -1.931396
2.430762 1.921763 -1.931396
2.430762 1.921763 -1.931396
2.430762 1.921763 -1.931396
2.430762 1.921763 -1.931396
2.430762 1.921763 -1.931396
2.430762 1.921763 -1.931396
2.430762 1.921763 -1.931396
2.430762 1.921763 -1.931396
2.69441 2.277156 -2.212723
2.69441 2.277156 -2.212723
2.69441 2.277156 -2.212723
2.69441 2.277156 -2.212723
2.69441 2.277156 -2.212723
2.69441 2.277156 -2.212723
2.69441 2.277156 -2.212723
2.69441 2.277156 -2.212723
2.69441 2.277156 -2.212723
2.69441 2.277156 -2.212723
2.69441 2.277156 -2.212723
2.69441 2.277156 -2.212723
2.69441 2.277156 -2.212723
2.69441 2.277156 -2.212723
2.69441 2.277156 -2.212723
2.69441 2.277156 -2.212723
2.69441 2.277156 -2.212723
2.69441 2.277156 -2.212723
2.69441 2.277156 -2.212723
2.69441 2.277156 -2.212723
2.69441 2.277156 -2.212723
2.69441 2.277156 -2.212723
2.69441 2.277156 -2.212723
2.69441 2.277156 -2.212723
2.69441 2.277156 -2.212723
2.69441 2.277156 -2.212723
2.69441 2.277156 -2.212723
2.69441 2.277156 -2.212723
2.69441 2.277156 -2.212723
2.69441 2.277156 -2.212723
2.69441 2.277156 -2.212723
2.69441 2.277156 -2.212723
2.69441 2.277156 -2.212723
2.69441 2.277156 -2.212723
2.69441 2.277156 -2.212723
2.69441 2.277156 -2.212723
2.69441 2.277156 -2.212723
2.69441 2.277156 -2.212723
2.69441 2.277156 -2.212723
2.69441 2.277156 -2.212723
2.69441 2.277156 -2.212723
2.69441 2.277156 -2.212723
2.685798 2.870085 -1.529865
2.680619 3.093893 -1.592328
2.680619 3.093893 -1.592328
2.680619 3.093893 -1.592328
2.680619 3.093893 -1.592328
2.680619 3.093893 -1.592328
2.680619 3.093893 -1.592328
2.680619 3.093893 -1.592328
2.680619 3.093893 -1.592328
2.680619 3.093893 -1.592328
2.680619 3.093893 -1.592328
2.680619 3.093893 -1.592328
2.680619 3.093893 -1.592328
2.680619 3.093893 -1.592328
2.680619 3.093893 -1.592328
2.680619 3.093893 -1.592328
2.680619 3.093893 -1.592328
2.680619 3.093893 -1.592328
2.680619 3.093893 -1.592328
2.680619 3.093893 -1.592328
2.680619 3.093893 -1.592328
2.680619 3.093893 -1.592328
2.680619 3.093893 -1.592328
2.680619 3.093893 -1.592328
2.680619 3.093893 -1.592328
2.680619 3.093893 -1.592328
2.680619 3.093893 -1.592328
2.680619 3.093893 -1.592328
2.680619 3.093893 -1.592328
2.680619 3.093893 -1.592328
2.680619 3.093893 -1.592328
2.680619 3.093893 -1.592328
2.680619 3.093893 -1.592328
2.680619 3.093893 -1.592328
2.680619 3.093893 -1.592328
2.477713 2.579156 -1.449895
2.477713 2.579156 -1.449895
2.477713 2.579156 -1.449895
2.477713 2.579156 -1.449895
2.196594 2.305739 -1.303464
2.196594 2.305739 -1.303464
2.196594 2.305739 -1.303464
2.196594 2.305739 -1.303464
2.196594 2.305739 -1.303464
2.196594 2.305739 -1.303464
2.196594 2.305739 -1.303464
2.196594 2.305739 -1.303464
2.196594 2.305739 -1.303464
2.196594 2.305739 -1.303464
2.196594 2.305739 -1.303464
2.196594 2.305739 -1.303464
2.196594 2.305739 -1.303464
2.196594 2.305739 -1.303464
2.196594 2.305739 -1.303464
2.196594 2.305739 -1.303464
2.196594 2.305739 -1.303464
2.196594 2.305739 -1.303464
2.196594 2.305739 -1.303464
2.196594 2.305739 -1.303464
2.196594 2.305739 -1.303464
2.196594 2.305739 -1.303464
2.196594 2.305739 -1.303464
2.196594 2.305739 -1.303464
2.196594 2.305739 -1.303464
2.196594 2.305739 -1.303464
2.196594 2.305739 -1.303464
2.196594 2.305739 -1.303464
2.196594 2.305739 -1.303464
2.196594 2.305739 -1.303464
2.196594 2.305739 -1.303464
2.196594 2.305739 -1.303464
2.196594 2.305739 -1.303464
2.196594 2.305739 -1.303464
2.196594 2.305739 -1.303464
2.196594 2.305739 -1.303464
2.196594 2.305739 -1.303464
2.196594 2.305739 -1.303464
2.196594 2.305739 -1.303464
2.196594 2.305739 -1.303464
2.196594 2.305739 -1.303464
2.196594 2.305739 -1.303464
2.196594 2.305739 -1.303464
2.196594 2.305739 -1.303464
2.196594 2.305739 -1.303464
2.196594 2.305739 -1.303464
2.196594 2.305739 -1.303464
2.196594 2.305739 -1.303464
2.196594 2.305739 -1.303464
2.196594 2.305739 -1.303464
2.196594 2.305739 -1.303464
2.52382 2.397536 -1.837088
2.52382 2.397536 -1.837088
2.52382 2.397536 -1.837088
2.52382 2.397536 -1.837088
2.52382 2.397536 -1.837088
2.52382 2.397536 -1.837088
2.52382 2.397536 -1.837088
2.52382 2.397536 -1.837088
2.52382 2.397536 -1.837088
2.52382 2.397536 -1.837088
2.52382 2.397536 -1.837088
2.52382 2.397536 -1.837088
2.52382 2.397536 -1.837088
2.52382 2.397536 -1.837088
2.52382 2.397536 -1.837088
2.52382 2.397536 -1.837088
2.52382 2.397536 -1.837088
2.52382 2.397536 -1.837088
2.52382 2.397536 -1.837088
2.52382 2.397536 -1.837088
2.52382 2.397536 -1.837088
2.52382 2.397536 -1.837088
2.52382 2.397536 -1.837088
2.52382 2.397536 -1.837088
2.52382 2.397536 -1.837088
2.52382 2.397536 -1.837088
2.52382 2.397536 -1.837088
2.52382 2.397536 -1.837088
2.52382 2.397536 -1.837088
2.52382 2.397536 -1.837088
2.52382 2.397536 -1.837088
2.52382 2.397536 -1.837088
2.52382 2.397536 -1.837088
2.52382 2.397536 -1.837088
2.52382 2.397536 -1.837088
2.52382 2.397536 -1.837088
2.52382 2.397536 -1.837088
2.52382 2.397536 -1.837088
2.52382 2.397536 -1.837088
2.52382 2.397536 -1.837088
2.52382 2.397536 -1.837088
2.52382 2.397536 -1.837088
2.52382 2.397536 -1.837088
2.52382 2.397536 -1.837088
2.52382 2.397536 -1.837088
2.52382 2.397536 -1.837088
2.52382 2.397536 -1.837088
2.52382 2.397536 -1.837088
2.52382 2.397536 -1.837088
2.52382 2.397536 -1.837088
2.52382 2.397536 -1.837088
2.52382 2.397536 -1.837088
2.52382 2.397536 -1.837088
2.52382 2.397536 -1.837088
2.52382 2.397536 -1.837088
2.52382 2.397536 -1.837088
2.52382 2.397536 -1.837088
2.52382 2.397536 -1.837088
2.52382 2.397536 -1.837088
2.52382 2.397536 -1.837088
2.52382 2.397536 -1.837088
2.52382 2.397536 -1.837088
2.52382 2.397536 -1.837088
2.52382 2.397536 -1.837088
2.52382 2.397536 -1.837088
2.52382 2.397536 -1.837088
2.52382 2.397536 -1.837088
2.52382 2.397536 -1.837088
2.52382 2.397536 -1.837088
2.52382 2.397536 -1.837088
2.52382 2.397536 -1.837088
2.52382 2.397536 -1.837088
2.52382 2.397536 -1.837088
2.52382 2.397536 -1.837088
2.52382 2.397536 -1.837088
2.52382 2.397536 -1.837088
2.52382 2.397536 -1.837088
2.52382 2.397536 -1.837088
2.52382 2.397536 -1.837088
2.52382 2.397536 -1.837088
2.52382 2.397536 -1.837088
2.52382 2.397536 -1.837088
2.52382 2.397536 -1.837088
2.52382 2.397536 -1.837088
2.52382 2.397536 -1.837088
2.52382 2.397536 -1.837088
2.52382 2.397536 -1.837088
2.52382 2.397536 -1.837088
2.52382 2.397536 -1.837088
2.52382 2.397536 -1.837088
2.52382 2.397536 -1.837088
2.52382 2.397536 -1.837088
2.52382 2.397536 -1.837088
2.52382 2.397536 -1.837088
2.52382 2.397536 -1.837088
2.52382 2.397536 -1.837088
2.52382 2.397536 -1.837088
2.52382 2.397536 -1.837088
2.52382 2.397536 -1.837088
2.52382 2.397536 -1.837088
2.52382 2.397536 -1.837088
2.52382 2.397536 -1.837088
2.52382 2.397536 -1.837088
2.52382 2.397536 -1.837088
2.52382 2.397536 -1.837088
2.52382 2.397536 -1.837088
2.52382 2.397536 -1.837088
2.52382 2.397536 -1.837088
2.52382 2.397536 -1.837088
2.52382 2.397536 -1.837088
2.52382 2.397536 -1.837088
2.52382 2.397536 -1.837088
2.52382 2.397536 -1.837088
2.52382 2.397536 -1.837088
2.52382 2.397536 -1.837088
2.52382 2.397536 -1.837088
2.52382 2.397536 -1.837088
2.52382 2.397536 -1.837088
2.52382 2.397536 -1.837088
2.52382 2.397536 -1.837088
2.52382 2.397536 -1.837088
2.52382 2.397536 -1.837088
2.52382 2.397536 -1.837088
2.52382 2.397536 -1.837088
2.52382 2.397536 -1.837088
2.52382 2.397536 -1.837088
2.52382 2.397536 -1.837088
2.52382 2.397536 -1.837088
2.52382 2.397536 -1.837088
2.52382 2.397536 -1.837088
2.52382 2.397536 -1.837088
2.52382 2.397536 -1.837088
2.52382 2.397536 -1.837088
2.52382 2.397536 -1.837088
2.52382 2.397536 -1.837088
2.52382 2.397536 -1.837088
2.52382 2.397536 -1.837088
2.52382 2.397536 -1.837088
2.52382 2.397536 -1.837088
2.52382 2.397536 -1.837088
2.52382 2.397536 -1.837088
2.52382 2.397536 -1.837088
2.52382 2.397536 -1.837088
2.52382 2.397536 -1.837088
2.52382 2.397536 -1.837088
2.52382 2.397536 -1.837088
2.52382 2.397536 -1.837088
2.52382 2.397536 -1.837088
2.52382 2.397536 -1.837088
2.52382 2.397536 -1.837088
2.52382 2.397536 -1.837088
2.52382 2.397536 -1.837088
2.52382 2.397536 -1.837088
2.52382 2.397536 -1.837088
2.52382 2.397536 -1.837088
2.52382 2.397536 -1.837088
2.52382 2.397536 -1.837088
2.52382 2.397536 -1.837088
2.52382 2.397536 -1.837088
2.52382 2.397536 -1.837088
2.52382 2.397536 -1.837088
2.52382 2.397536 -1.837088
2.52382 2.397536 -1.837088
2.52382 2.397536 -1.837088
2.52382 2.397536 -1.837088
2.52382 2.397536 -1.837088
2.52382 2.397536 -1.837088
2.52382 2.397536 -1.837088
2.52382 2.397536 -1.837088
2.52382 2.397536 -1.837088
2.52382 2.397536 -1.837088
2.52382 2.397536 -1.837088
2.52382 2.397536 -1.837088
2.52382 2.397536 -1.837088
2.52382 2.397536 -1.837088
2.52382 2.397536 -1.837088
2.52382 2.397536 -1.837088
2.52382 2.397536 -1.837088
2.52382 2.397536 -1.837088
2.52382 2.397536 -1.837088
2.52382 2.397536 -1.837088
2.52382 2.397536 -1.837088
2.52382 2.397536 -1.837088
2.52382 2.397536 -1.837088
2.52382 2.397536 -1.837088
2.52382 2.397536 -1.837088
2.52382 2.397536 -1.837088
2.52382 2.397536 -1.837088
2.52382 2.397536 -1.837088
2.52382 2.397536 -1.837088
2.52382 2.397536 -1.837088
2.52382 2.397536 -1.837088
2.52382 2.397536 -1.837088
2.52382 2.397536 -1.837088
2.52382 2.397536 -1.837088
2.52382 2.397536 -1.837088
2.52382 2.397536 -1.837088
2.52382 2.397536 -1.837088
2.52382 2.397536 -1.837088
2.52382 2.397536 -1.837088
2.52382 2.397536 -1.837088
2.52382 2.397536 -1.837088
2.52382 2.397536 -1.837088
2.52382 2.397536 -1.837088
2.52382 2.397536 -1.837088
2.52382 2.397536 -1.837088
2.52382 2.397536 -1.837088
2.52382 2.397536 -1.837088
2.52382 2.397536 -1.837088
2.52382 2.397536 -1.837088
2.52382 2.397536 -1.837088
2.52382 2.397536 -1.837088
2.52382 2.397536 -1.837088
2.52382 2.397536 -1.837088
2.52382 2.397536 -1.837088
2.52382 2.397536 -1.837088
2.52382 2.397536 -1.837088
2.52382 2.397536 -1.837088
2.52382 2.397536 -1.837088
2.52382 2.397536 -1.837088
2.52382 2.397536 -1.837088
2.52382 2.397536 -1.837088
2.52382 2.397536 -1.837088
2.52382 2.397536 -1.837088
2.52382 2.397536 -1.837088
2.52382 2.397536 -1.837088
2.52382 2.397536 -1.837088
2.52382 2.397536 -1.837088
2.52382 2.397536 -1.837088
2.52382 2.397536 -1.837088
2.52382 2.397536 -1.837088
2.52382 2.397536 -1.837088
2.52382 2.397536 -1.837088
2.52382 2.397536 -1.837088
2.52382 2.397536 -1.837088
2.52382 2.397536 -1.837088
2.52382 2.397536 -1.837088
2.52382 2.397536 -1.837088
2.52382 2.397536 -1.837088
2.52382 2.397536 -1.837088
2.52382 2.397536 -1.837088
2.52382 2.397536 -1.837088
2.52382 2.397536 -1.837088
2.52382 2.397536 -1.837088
2.52382 2.397536 -1.837088
2.52382 2.397536 -1.837088
2.52382 2.397536 -1.837088
2.52382 2.397536 -1.837088
2.52382 2.397536 -1.837088
2.52382 2.397536 -1.837088
2.52382 2.397536 -1.837088
2.52382 2.397536 -1.837088
2.52382 2.397536 -1.837088
2.52382 2.397536 -1.837088
2.52382 2.397536 -1.837088
2.52382 2.397536 -1.837088
2.52382 2.397536 -1.837088
2.52382 2.397536 -1.837088
2.86937 2.719865 -2.429156
2.86937 2.719865 -2.429156
2.86937 2.719865 -2.429156
2.86937 2.719865 -2.429156
2.86937 2.719865 -2.429156
2.969502 3.044105 -2.194625
2.969502 3.044105 -2.194625
2.969502 3.044105 -2.194625
2.969502 3.044105 -2.194625
2.969502 3.044105 -2.194625
2.969502 3.044105 -2.194625
2.969502 3.044105 -2.194625
2.848113 2.554302 -2.152269
2.848113 2.554302 -2.152269
2.848113 2.554302 -2.152269
2.848113 2.554302 -2.152269
2.848113 2.554302 -2.152269
2.848113 2.554302 -2.152269
2.848113 2.554302 -2.152269
2.848113 2.554302 -2.152269
2.848113 2.554302 -2.152269
2.848113 2.554302 -2.152269
2.848113 2.554302 -2.152269
2.848113 2.554302 -2.152269
2.848113 2.554302 -2.152269
2.848113 2.554302 -2.152269
2.848113 2.554302 -2.152269
2.848113 2.554302 -2.152269
2.848113 2.554302 -2.152269
2.848113 2.554302 -2.152269
2.81166 2.935749 -2.243678
2.81166 2.935749 -2.243678
2.81166 2.935749 -2.243678
2.81166 2.935749 -2.243678
2.81166 2.935749 -2.243678
2.81166 2.935749 -2.243678
2.81166 2.935749 -2.243678
2.81166 2.935749 -2.243678
2.81166 2.935749 -2.243678
2.81166 2.935749 -2.243678
2.81166 2.935749 -2.243678
2.81166 2.935749 -2.243678
2.81166 2.935749 -2.243678
2.81166 2.935749 -2.243678
2.81166 2.935749 -2.243678
2.81166 2.935749 -2.243678
2.81166 2.935749 -2.243678
2.81166 2.935749 -2.243678
2.81166 2.935749 -2.243678
2.81166 2.935749 -2.243678
2.81166 2.935749 -2.243678
2.81166 2.935749 -2.243678
2.81166 2.935749 -2.243678
2.81166 2.935749 -2.243678
2.81166 2.935749 -2.243678
2.81166 2.935749 -2.243678
2.81166 2.935749 -2.243678
2.81166 2.935749 -2.243678
2.81166 2.935749 -2.243678
2.81166 2.935749 -2.243678
2.81166 2.935749 -2.243678
2.81166 2.935749 -2.243678
2.81166 2.935749 -2.243678
2.81166 2.935749 -2.243678
2.81166 2.935749 -2.243678
2.81166 2.935749 -2.243678
2.81166 2.935749 -2.243678
2.81166 2.935749 -2.243678
2.81166 2.935749 -2.243678
2.81166 2.935749 -2.243678
2.81166 2.935749 -2.243678
2.81166 2.935749 -2.243678
2.81166 2.935749 -2.243678
2.81166 2.935749 -2.243678
2.81166 2.935749 -2.243678
2.81166 2.935749 -2.243678
2.81166 2.935749 -2.243678
2.81166 2.935749 -2.243678
2.81166 2.935749 -2.243678
2.81166 2.935749 -2.243678
2.81166 2.935749 -2.243678
2.81166 2.935749 -2.243678
2.81166 2.935749 -2.243678
2.81166 2.935749 -2.243678
2.81166 2.935749 -2.243678
2.81166 2.935749 -2.243678
2.752772 2.670964 -1.946629
2.752772 2.670964 -1.946629
2.752772 2.670964 -1.946629
2.752772 2.670964 -1.946629
2.752772 2.670964 -1.946629
2.752772 2.670964 -1.946629
2.752772 2.670964 -1.946629
2.752772 2.670964 -1.946629
2.752772 2.670964 -1.946629
2.752772 2.670964 -1.946629
2.752772 2.670964 -1.946629
2.752772 2.670964 -1.946629
2.752772 2.670964 -1.946629
2.752772 2.670964 -1.946629
2.752772 2.670964 -1.946629
2.752772 2.670964 -1.946629
2.752772 2.670964 -1.946629
2.752772 2.670964 -1.946629
2.752772 2.670964 -1.946629
2.752772 2.670964 -1.946629
2.752772 2.670964 -1.946629
2.752772 2.670964 -1.946629
2.752772 2.670964 -1.946629
2.752772 2.670964 -1.946629
2.752772 2.670964 -1.946629
2.752772 2.670964 -1.946629
2.752772 2.670964 -1.946629
2.763392 3.113243 -1.940489
2.763392 3.113243 -1.940489
2.763392 3.113243 -1.940489
2.763392 3.113243 -1.940489
2.763392 3.113243 -1.940489
2.763392 3.113243 -1.940489
2.763392 3.113243 -1.940489
2.763392 3.113243 -1.940489
2.763392 3.113243 -1.940489
2.763392 3.113243 -1.940489
2.763392 3.113243 -1.940489
2.763392 3.113243 -1.940489
2.763392 3.113243 -1.940489
2.763392 3.113243 -1.940489
2.763392 3.113243 -1.940489
2.763392 3.113243 -1.940489
2.763392 3.113243 -1.940489
