0.09540422 0.4549077 -0.01795197
0.09540422 0.4549077 -0.01795197
0.4537279 -0.1048841 -0.06910909
1.370204 -0.4841949 0.1652893
1.370204 -0.4841949 0.1652893
1.370204 -0.4841949 0.1652893
1.370204 -0.4841949 0.1652893
1.370204 -0.4841949 0.1652893
1.370204 -0.4841949 0.1652893
1.370204 -0.4841949 0.1652893
1.370204 -0.4841949 0.1652893
1.370204 -0.4841949 0.1652893
1.623914 0.09727302 1.339631
1.623914 0.09727302 1.339631
1.623914 0.09727302 1.339631
1.623914 0.09727302 1.339631
1.954607 1.072147 0.01554068
1.954607 1.072147 0.01554068
1.954607 1.072147 0.01554068
1.954607 1.072147 0.01554068
1.954607 1.072147 0.01554068
1.954607 1.072147 0.01554068
1.954607 1.072147 0.01554068
1.954607 1.072147 0.01554068
1.954607 1.072147 0.01554068
1.954607 1.072147 0.01554068
1.954607 1.072147 0.01554068
1.983848 2.519556 -0.1227342
1.983848 2.519556 -0.1227342
1.983848 2.519556 -0.1227342
1.983848 2.519556 -0.1227342
1.983848 2.519556 -0.1227342
1.983848 2.519556 -0.1227342
1.983848 2.519556 -0.1227342
1.983848 2.519556 -0.1227342
1.983848 2.519556 -0.1227342
1.983848 2.519556 -0.1227342
1.983848 2.519556 -0.1227342
1.983848 2.519556 -0.1227342
1.70043 1.735311 0.1506024
1.70043 1.735311 0.1506024
1.70043 1.735311 0.1506024
1.70043 1.735311 0.1506024
1.70043 1.735311 0.1506024
1.70043 1.735311 0.1506024
1.70043 1.735311 0.1506024
1.70043 1.735311 0.1506024
1.70043 1.735311 0.1506024
1.70043 1.735311 0.1506024
1.70043 1.735311 0.1506024
1.70043 1.735311 0.1506024
1.70043 1.735311 0.1506024
1.70043 1.735311 0.1506024
1.70043 1.735311 0.1506024
1.70043 1.735311 0.1506024
1.70043 1.735311 0.1506024
1.70043 1.735311 0.1506024
1.70043 1.735311 0.1506024
1.70043 1.735311 0.1506024
1.70043 1.735311 0.1506024
1.70043 1.735311 0.1506024
1.679925 1.396687 -0.1451675
1.679925 1.396687 -0.1451675
1.679925 1.396687 -0.1451675
1.679925 1.396687 -0.1451675
1.679925 1.396687 -0.1451675
1.679925 1.396687 -0.1451675
1.679925 1.396687 -0.1451675
1.679925 1.396687 -0.1451675
1.979474 1.548847 -0.09016624
1.979474 1.548847 -0.09016624
1.979474 1.548847 -0.09016624
1.979474 1.548847 -0.09016624
1.979474 1.548847 -0.09016624
1.979474 1.548847 -0.09016624
1.979474 1.548847 -0.09016624
1.979474 1.548847 -0.09016624
1.979474 1.548847 -0.09016624
1.979474 1.548847 -0.09016624
1.979474 1.548847 -0.09016624
1.979474 1.548847 -0.09016624
1.979474 1.548847 -0.09016624
1.979474 1.548847 -0.09016624
1.979474 1.548847 -0.09016624
1.979474 1.548847 -0.09016624
1.979474 1.548847 -0.09016624
1.979474 1.548847 -0.09016624
1.979474 1.548847 -0.09016624
1.979474 1.548847 -0.09016624
1.979474 1.548847 -0.09016624
1.979474 1.548847 -0.09016624
1.979474 1.548847 -0.09016624
1.979474 1.548847 -0.09016624
1.979474 1.548847 -0.09016624
1.979474 1.548847 -0.09016624
1.979474 1.548847 -0.09016624
1.979474 1.548847 -0.09016624
1.979474 1.548847 -0.09016624
1.979474 1.548847 -0.09016624
1.979474 1.548847 -0.09016624
1.979474 1.548847 -0.09016624
1.979474 1.548847 -0.09016624
1.979474 1.548847 -0.09016624
1.979474 1.548847 -0.09016624
1.979474 1.548847 -0.09016624
1.979474 1.548847 -0.09016624
1.979474 1.548847 -0.09016624
2.013795 1.128094 -0.779924
2.013795 1.128094 -0.779924
2.013795 1.128094 -0.779924
2.013795 1.128094 -0.779924
2.013795 1.128094 -0.779924
2.013795 1.128094 -0.779924
2.013795 1.128094 -0.779924
2.013795 1.128094 -0.779924
2.013795 1.128094 -0.779924
2.013795 1.128094 -0.779924
2.013795 1.128094 -0.779924
2.013795 1.128094 -0.779924
2.013795 1.128094 -0.779924
2.013795 1.128094 -0.779924
2.013795 1.128094 -0.779924
2.013795 1.128094 -0.779924
2.013795 1.128094 -0.779924
2.013795 1.128094 -0.779924
2.013795 1.128094 -0.779924
2.013795 1.128094 -0.779924
2.013795 1.128094 -0.779924
2.013795 1.128094 -0.779924
2.013795 1.128094 -0.779924
2.013795 1.128094 -0.779924
2.013795 1.128094 -0.779924
2.013795 1.128094 -0.779924
2.013795 1.128094 -0.779924
2.013795 1.128094 -0.779924
2.013795 1.128094 -0.779924
2.013795 1.128094 -0.779924
2.013795 1.128094 -0.779924
2.013795 1.128094 -0.779924
2.013795 1.128094 -0.779924
2.013795 1.128094 -0.779924
2.013795 1.128094 -0.779924
2.013795 1.128094 -0.779924
2.013795 1.128094 -0.779924
2.013795 1.128094 -0.779924
2.013795 1.128094 -0.779924
2.013795 1.128094 -0.779924
2.013795 1.128094 -0.779924
2.013795 1.128094 -0.779924
2.013795 1.128094 -0.779924
2.013795 1.128094 -0.779924
2.013795 1.128094 -0.779924
2.013795 1.128094 -0.779924
2.013795 1.128094 -0.779924
2.013795 1.128094 -0.779924
2.013795 1.128094 -0.779924
2.013795 1.128094 -0.779924
2.013795 1.128094 -0.779924
2.013795 1.128094 -0.779924
2.013795 1.128094 -0.779924
2.013795 1.128094 -0.779924
2.013795 1.128094 -0.779924
2.013795 1.128094 -0.779924
2.013795 1.128094 -0.779924
2.013795 1.128094 -0.779924
2.013795 1.128094 -0.779924
2.013795 1.128094 -0.779924
2.013795 1.128094 -0.779924
2.013795 1.128094 -0.779924
2.013795 1.128094 -0.779924
2.013795 1.128094 -0.779924
2.013795 1.128094 -0.779924
2.013795 1.128094 -0.779924
2.013795 1.128094 -0.779924
2.013795 1.128094 -0.779924
2.013795 1.128094 -0.779924
2.013795 1.128094 -0.779924
2.013795 1.128094 -0.779924
2.013795 1.128094 -0.779924
2.013795 1.128094 -0.779924
2.013795 1.128094 -0.779924
2.013795 1.128094 -0.779924
2.013795 1.128094 -0.779924
2.013795 1.128094 -0.779924
2.013795 1.128094 -0.779924
2.013795 1.128094 -0.779924
2.013795 1.128094 -0.779924
2.013795 1.128094 -0.779924
2.013795 1.128094 -0.779924
2.013795 1.128094 -0.779924
2.013795 1.128094 -0.779924
2.013795 1.128094 -0.779924
2.013795 1.128094 -0.779924
1.757244 1.247972 -0.6804186
1.757244 1.247972 -0.6804186
1.757244 1.247972 -0.6804186
1.757244 1.247972 -0.6804186
1.757244 1.247972 -0.6804186
1.757244 1.247972 -0.6804186
1.757244 1.247972 -0.6804186
1.757244 1.247972 -0.6804186
1.757244 1.247972 -0.6804186
1.757244 1.247972 -0.6804186
1.757244 1.247972 -0.6804186
1.757244 1.247972 -0.6804186
1.757244 1.247972 -0.6804186
1.757244 1.247972 -0.6804186
1.757244 1.247972 -0.6804186
1.757244 1.247972 -0.6804186
1.757244 1.247972 -0.6804186
1.757244 1.247972 -0.6804186
1.757244 1.247972 -0.6804186
1.757244 1.247972 -0.6804186
1.757244 1.247972 -0.6804186
1.757244 1.247972 -0.6804186
1.757244 1.247972 -0.6804186
1.757244 1.247972 -0.6804186
1.757244 1.247972 -0.6804186
1.757244 1.247972 -0.6804186
1.757244 1.247972 -0.6804186
1.757244 1.247972 -0.6804186
1.757244 1.247972 -0.6804186
1.757244 1.247972 -0.6804186
1.757244 1.247972 -0.6804186
1.757244 1.247972 -0.6804186
1.757244 1.247972 -0.6804186
1.757244 1.247972 -0.6804186
1.757244 1.247972 -0.6804186
1.757244 1.247972 -0.6804186
1.757244 1.247972 -0.6804186
1.757244 1.247972 -0.6804186
1.757244 1.247972 -0.6804186
1.757244 1.247972 -0.6804186
1.757244 1.247972 -0.6804186
1.757244 1.247972 -0.6804186
1.757244 1.247972 -0.6804186
1.757244 1.247972 -0.6804186
1.757244 1.247972 -0.6804186
1.757244 1.247972 -0.6804186
1.757244 1.247972 -0.6804186
1.757244 1.247972 -0.6804186
1.757244 1.247972 -0.6804186
1.757244 1.247972 -0.6804186
1.757244 1.247972 -0.6804186
1.757244 1.247972 -0.6804186
1.757244 1.247972 -0.6804186
1.757244 1.247972 -0.6804186
1.757244 1.247972 -0.6804186
1.757244 1.247972 -0.6804186
1.757244 1.247972 -0.6804186
1.757244 1.247972 -0.6804186
1.757244 1.247972 -0.6804186
1.757244 1.247972 -0.6804186
1.757244 1.247972 -0.6804186
1.757244 1.247972 -0.6804186
1.757244 1.247972 -0.6804186
1.757244 1.247972 -0.6804186
1.878809 1.761313 -0.5334257
1.878809 1.761313 -0.5334257
1.878809 1.761313 -0.5334257
1.878809 1.761313 -0.5334257
1.878809 1.761313 -0.5334257
1.878809 1.761313 -0.5334257
1.878809 1.761313 -0.5334257
1.878809 1.761313 -0.5334257
1.878809 1.761313 -0.5334257
1.878809 1.761313 -0.5334257
1.878809 1.761313 -0.5334257
1.878809 1.761313 -0.5334257
1.878809 1.761313 -0.5334257
1.878809 1.761313 -0.5334257
1.878809 1.761313 -0.5334257
1.878809 1.761313 -0.5334257
1.878809 1.761313 -0.5334257
1.878809 1.761313 -0.5334257
1.878809 1.761313 -0.5334257
1.878809 1.761313 -0.5334257
1.878809 1.761313 -0.5334257
1.878809 1.761313 -0.5334257
1.878809 1.761313 -0.5334257
1.878809 1.761313 -0.5334257
1.878809 1.761313 -0.5334257
1.878809 1.761313 -0.5334257
1.878809 1.761313 -0.5334257
1.878809 1.761313 -0.5334257
1.878809 1.761313 -0.5334257
1.878809 1.761313 -0.5334257
1.878809 1.761313 -0.5334257
1.878809 1.761313 -0.5334257
1.878809 1.761313 -0.5334257
1.878809 1.761313 -0.5334257
1.878809 1.761313 -0.5334257
1.878809 1.761313 -0.5334257
1.878809 1.761313 -0.5334257
1.878809 1.761313 -0.5334257
1.878809 1.761313 -0.5334257
1.878809 1.761313 -0.5334257
1.878809 1.761313 -0.5334257
1.878809 1.761313 -0.5334257
1.878809 1.761313 -0.5334257
1.878809 1.761313 -0.5334257
1.878809 1.761313 -0.5334257
1.878809 1.761313 -0.5334257
1.878809 1.761313 -0.5334257
1.878809 1.761313 -0.5334257
1.878809 1.761313 -0.5334257
1.878809 1.761313 -0.5334257
1.878809 1.761313 -0.5334257
1.878809 1.761313 -0.5334257
1.878809 1.761313 -0.5334257
1.878809 1.761313 -0.5334257
1.878809 1.761313 -0.5334257
1.878809 1.761313 -0.5334257
1.878809 1.761313 -0.5334257
1.878809 1.761313 -0.5334257
1.878809 1.761313 -0.5334257
1.878809 1.761313 -0.5334257
1.878809 1.761313 -0.5334257
1.878809 1.761313 -0.5334257
1.878809 1.761313 -0.5334257
1.878809 1.761313 -0.5334257
1.878809 1.761313 -0.5334257
1.878809 1.761313 -0.5334257
1.878809 1.761313 -0.5334257
1.878809 1.761313 -0.5334257
1.878809 1.761313 -0.5334257
1.878809 1.761313 -0.5334257
1.878809 1.761313 -0.5334257
1.878809 1.761313 -0.5334257
1.878809 1.761313 -0.5334257
1.878809 1.761313 -0.5334257
1.878809 1.761313 -0.5334257
1.878809 1.761313 -0.5334257
1.878809 1.761313 -0.5334257
1.878809 1.761313 -0.5334257
1.878809 1.761313 -0.5334257
1.878809 1.761313 -0.5334257
1.878809 1.761313 -0.5334257
1.878809 1.761313 -0.5334257
1.878809 1.761313 -0.5334257
1.878809 1.761313 -0.5334257
1.878809 1.761313 -0.5334257
1.878809 1.761313 -0.5334257
1.878809 1.761313 -0.5334257
1.878809 1.761313 -0.5334257
1.878809 1.761313 -0.5334257
1.878809 1.761313 -0.5334257
1.878809 1.761313 -0.5334257
1.878809 1.761313 -0.5334257
1.878809 1.761313 -0.5334257
1.878809 1.761313 -0.5334257
1.878809 1.761313 -0.5334257
1.878809 1.761313 -0.5334257
1.878809 1.761313 -0.5334257
1.878809 1.761313 -0.5334257
1.878809 1.761313 -0.5334257
1.878809 1.761313 -0.5334257
1.878809 1.761313 -0.5334257
1.878809 1.761313 -0.5334257
1.878809 1.761313 -0.5334257
1.878809 1.761313 -0.5334257
1.878809 1.761313 -0.5334257
1.878809 1.761313 -0.5334257
1.878809 1.761313 -0.5334257
1.878809 1.761313 -0.5334257
1.878809 1.761313 -0.5334257
1.878809 1.761313 -0.5334257
1.878809 1.761313 -0.5334257
1.878809 1.761313 -0.5334257
1.878809 1.761313 -0.5334257
1.878809 1.761313 -0.5334257
1.878809 1.761313 -0.5334257
1.878809 1.761313 -0.5334257
1.878809 1.761313 -0.5334257
1.878809 1.761313 -0.5334257
1.878809 1.761313 -0.5334257
1.878809 1.761313 -0.5334257
1.878809 1.761313 -0.5334257
1.878809 1.761313 -0.5334257
1.878809 1.761313 -0.5334257
1.878809 1.761313 -0.5334257
1.878809 1.761313 -0.5334257
1.878809 1.761313 -0.5334257
1.878809 1.761313 -0.5334257
1.878809 1.761313 -0.5334257
1.878809 1.761313 -0.5334257
1.878809 1.761313 -0.5334257
1.878809 1.761313 -0.5334257
1.878809 1.761313 -0.5334257
1.878809 1.761313 -0.5334257
1.878809 1.761313 -0.5334257
1.878809 1.761313 -0.5334257
1.878809 1.761313 -0.5334257
1.878809 1.761313 -0.5334257
1.878809 1.761313 -0.5334257
1.878809 1.761313 -0.5334257
1.878809 1.761313 -0.5334257
1.878809 1.761313 -0.5334257
1.878809 1.761313 -0.5334257
1.878809 1.761313 -0.5334257
1.878809 1.761313 -0.5334257
1.878809 1.761313 -0.5334257
1.878809 1.761313 -0.5334257
1.878809 1.761313 -0.5334257
1.878809 1.761313 -0.5334257
1.878809 1.761313 -0.5334257
1.781964 1.603311 -0.5509581
2.265034 2.507649 -0.7246145
2.265034 2.507649 -0.7246145
2.265034 2.507649 -0.7246145
2.265034 2.507649 -0.7246145
2.265034 2.507649 -0.7246145
2.265034 2.507649 -0.7246145
2.265034 2.507649 -0.7246145
2.265034 2.507649 -0.7246145
2.265034 2.507649 -0.7246145
2.265034 2.507649 -0.7246145
2.265034 2.507649 -0.7246145
2.265034 2.507649 -0.7246145
2.265034 2.507649 -0.7246145
2.265034 2.507649 -0.7246145
2.265034 2.507649 -0.7246145
2.265034 2.507649 -0.7246145
2.265034 2.507649 -0.7246145
2.265034 2.507649 -0.7246145
2.265034 2.507649 -0.7246145
2.265034 2.507649 -0.7246145
2.265034 2.507649 -0.7246145
2.265034 2.507649 -0.7246145
2.265034 2.507649 -0.7246145
2.265034 2.507649 -0.7246145
2.265034 2.507649 -0.7246145
2.265034 2.507649 -0.7246145
2.265034 2.507649 -0.7246145
2.265034 2.507649 -0.7246145
2.265034 2.507649 -0.7246145
2.265034 2.507649 -0.7246145
2.265034 2.507649 -0.7246145
2.265034 2.507649 -0.7246145
2.265034 2.507649 -0.7246145
2.265034 2.507649 -0.7246145
2.265034 2.507649 -0.7246145
2.265034 2.507649 -0.7246145
2.265034 2.507649 -0.7246145
2.265034 2.507649 -0.7246145
2.265034 2.507649 -0.7246145
2.265034 2.507649 -0.7246145
2.265034 2.507649 -0.7246145
2.265034 2.507649 -0.7246145
2.265034 2.507649 -0.7246145
2.265034 2.507649 -0.7246145
2.265034 2.507649 -0.7246145
2.265034 2.507649 -0.7246145
2.265034 2.507649 -0.7246145
2.265034 2.507649 -0.7246145
2.265034 2.507649 -0.7246145
2.265034 2.507649 -0.7246145
2.265034 2.507649 -0.7246145
2.265034 2.507649 -0.7246145
2.265034 2.507649 -0.7246145
2.265034 2.507649 -0.7246145
2.265034 2.507649 -0.7246145
2.265034 2.507649 -0.7246145
2.265034 2.507649 -0.7246145
2.265034 2.507649 -0.7246145
2.265034 2.507649 -0.7246145
2.265034 2.507649 -0.7246145
2.265034 2.507649 -0.7246145
2.265034 2.507649 -0.7246145
2.265034 2.507649 -0.7246145
2.265034 2.507649 -0.7246145
2.265034 2.507649 -0.7246145
2.265034 2.507649 -0.7246145
2.265034 2.507649 -0.7246145
2.265034 2.507649 -0.7246145
2.265034 2.507649 -0.7246145
2.265034 2.507649 -0.7246145
2.265034 2.507649 -0.7246145
2.265034 2.507649 -0.7246145
2.265034 2.507649 -0.7246145
2.265034 2.507649 -0.7246145
2.265034 2.507649 -0.7246145
2.265034 2.507649 -0.7246145
2.265034 2.507649 -0.7246145
2.265034 2.507649 -0.7246145
2.265034 2.507649 -0.7246145
2.265034 2.507649 -0.7246145
2.265034 2.507649 -0.7246145
2.265034 2.507649 -0.7246145
2.265034 2.507649 -0.7246145
2.265034 2.507649 -0.7246145
2.265034 2.507649 -0.7246145
2.265034 2.507649 -0.7246145
2.265034 2.507649 -0.7246145
2.265034 2.507649 -0.7246145
2.265034 2.507649 -0.7246145
2.265034 2.507649 -0.7246145
2.265034 2.507649 -0.7246145
2.265034 2.507649 -0.7246145
2.265034 2.507649 -0.7246145
2.265034 2.507649 -0.7246145
2.265034 2.507649 -0.7246145
2.265034 2.507649 -0.7246145
2.265034 2.507649 -0.7246145
2.265034 2.507649 -0.7246145
2.265034 2.507649 -0.7246145
2.265034 2.507649 -0.7246145
2.265034 2.507649 -0.7246145
2.265034 2.507649 -0.7246145
2.265034 2.507649 -0.7246145
2.265034 2.507649 -0.7246145
2.265034 2.507649 -0.7246145
2.265034 2.507649 -0.7246145
2.265034 2.507649 -0.7246145
2.265034 2.507649 -0.7246145
2.265034 2.507649 -0.7246145
2.0799 2.437379 -0.8271553
2.0799 2.437379 -0.8271553
2.0799 2.437379 -0.8271553
2.0799 2.437379 -0.8271553
2.0799 2.437379 -0.8271553
2.0799 2.437379 -0.8271553
2.0799 2.437379 -0.8271553
2.0799 2.437379 -0.8271553
2.0799 2.437379 -0.8271553
2.0799 2.437379 -0.8271553
2.0799 2.437379 -0.8271553
2.0799 2.437379 -0.8271553
2.0799 2.437379 -0.8271553
2.0799 2.437379 -0.8271553
2.0799 2.437379 -0.8271553
2.0799 2.437379 -0.8271553
2.0799 2.437379 -0.8271553
2.0799 2.437379 -0.8271553
2.0799 2.437379 -0.8271553
2.0799 2.437379 -0.8271553
2.084091 2.130769 -0.9504672
2.084091 2.130769 -0.9504672
2.084091 2.130769 -0.9504672
2.084091 2.130769 -0.9504672
2.084091 2.130769 -0.9504672
2.084091 2.130769 -0.9504672
2.084091 2.130769 -0.9504672
2.084091 2.130769 -0.9504672
2.084091 2.130769 -0.9504672
2.084091 2.130769 -0.9504672
2.084091 2.130769 -0.9504672
2.084091 2.130769 -0.9504672
2.084091 2.130769 -0.9504672
2.084091 2.130769 -0.9504672
2.084091 2.130769 -0.9504672
2.084091 2.130769 -0.9504672
2.084091 2.130769 -0.9504672
2.084091 2.130769 -0.9504672
2.084091 2.130769 -0.9504672
2.084091 2.130769 -0.9504672
2.084091 2.130769 -0.9504672
2.084091 2.130769 -0.9504672
2.084091 2.130769 -0.9504672
2.084091 2.130769 -0.9504672
2.084091 2.130769 -0.9504672
2.084091 2.130769 -0.9504672
2.084091 2.130769 -0.9504672
2.084091 2.130769 -0.9504672
2.084091 2.130769 -0.9504672
2.084091 2.130769 -0.9504672
2.318895 2.028225 -1.699257
2.318895 2.028225 -1.699257
2.318895 2.028225 -1.699257
2.318895 2.028225 -1.699257
2.318895 2.028225 -1.699257
2.318895 2.028225 -1.699257
2.318895 2.028225 -1.699257
2.318895 2.028225 -1.699257
2.376886 2.157072 -1.482354
2.376886 2.157072 -1.482354
2.376886 2.157072 -1.482354
2.376886 2.157072 -1.482354
2.376886 2.157072 -1.482354
2.376886 2.157072 -1.482354
2.376886 2.157072 -1.482354
2.376886 2.157072 -1.482354
2.376886 2.157072 -1.482354
2.376886 2.157072 -1.482354
2.376886 2.157072 -1.482354
2.376886 2.157072 -1.482354
2.376886 2.157072 -1.482354
2.376886 2.157072 -1.482354
2.376886 2.157072 -1.482354
2.376886 2.157072 -1.482354
2.376886 2.157072 -1.482354
2.376886 2.157072 -1.482354
2.376886 2.157072 -1.482354
2.376886 2.157072 -1.482354
2.376886 2.157072 -1.482354
2.376886 2.157072 -1.482354
2.376886 2.157072 -1.482354
2.376886 2.157072 -1.482354
2.376886 2.157072 -1.482354
2.474995 2.162322 -1.193974
2.474995 2.162322 -1.193974
2.474995 2.162322 -1.193974
2.474995 2.162322 -1.193974
2.474995 2.162322 -1.193974
2.474995 2.162322 -1.193974
2.474995 2.162322 -1.193974
2.474995 2.162322 -1.193974
2.474995 2.162322 -1.193974
2.474995 2.162322 -1.193974
2.474995 2.162322 -1.193974
2.474995 2.162322 -1.193974
2.474995 2.162322 -1.193974
2.567951 2.278662 -1.78541
2.567951 2.278662 -1.78541
2.567951 2.278662 -1.78541
2.362465 2.651637 -0.9106059
2.362465 2.651637 -0.9106059
2.362465 2.651637 -0.9106059
2.362465 2.651637 -0.9106059
2.362465 2.651637 -0.9106059
2.362465 2.651637 -0.9106059
2.362465 2.651637 -0.9106059
2.362465 2.651637 -0.9106059
2.362465 2.651637 -0.9106059
2.362465 2.651637 -0.9106059
2.362465 2.651637 -0.9106059
2.362465 2.651637 -0.9106059
2.362465 2.651637 -0.9106059
2.362465 2.651637 -0.9106059
2.362465 2.651637 -0.9106059
2.362465 2.651637 -0.9106059
2.362465 2.651637 -0.9106059
2.362465 2.651637 -0.9106059
2.362465 2.651637 -0.9106059
2.362465 2.651637 -0.9106059
2.362465 2.651637 -0.9106059
2.362465 2.651637 -0.9106059
2.362465 2.651637 -0.9106059
2.362465 2.651637 -0.9106059
2.362465 2.651637 -0.9106059
2.362465 2.651637 -0.9106059
2.362465 2.651637 -0.9106059
2.362465 2.651637 -0.9106059
2.362465 2.651637 -0.9106059
2.362465 2.651637 -0.9106059
2.362465 2.651637 -0.9106059
2.362465 2.651637 -0.9106059
2.362465 2.651637 -0.9106059
2.362465 2.651637 -0.9106059
2.362465 2.651637 -0.9106059
2.362465 2.651637 -0.9106059
2.362465 2.651637 -0.9106059
2.362465 2.651637 -0.9106059
2.362465 2.651637 -0.9106059
2.362465 2.651637 -0.9106059
2.362465 2.651637 -0.9106059
2.362465 2.651637 -0.9106059
2.362465 2.651637 -0.9106059
2.362465 2.651637 -0.9106059
2.362465 2.651637 -0.9106059
2.362465 2.651637 -0.9106059
2.362465 2.651637 -0.9106059
2.362465 2.651637 -0.9106059
2.362465 2.651637 -0.9106059
2.362465 2.651637 -0.9106059
2.362465 2.651637 -0.9106059
2.362465 2.651637 -0.9106059
2.362465 2.651637 -0.9106059
2.362465 2.651637 -0.9106059
2.362465 2.651637 -0.9106059
2.362465 2.651637 -0.9106059
2.362465 2.651637 -0.9106059
2.362465 2.651637 -0.9106059
2.362465 2.651637 -0.9106059
2.362465 2.651637 -0.9106059
2.362465 2.651637 -0.9106059
2.362465 2.651637 -0.9106059
2.362465 2.651637 -0.9106059
2.362465 2.651637 -0.9106059
2.362465 2.651637 -0.9106059
2.362465 2.651637 -0.9106059
2.362465 2.651637 -0.9106059
2.362465 2.651637 -0.9106059
2.362465 2.651637 -0.9106059
2.362465 2.651637 -0.9106059
2.362465 2.651637 -0.9106059
2.362465 2.651637 -0.9106059
2.362465 2.651637 -0.9106059
2.362465 2.651637 -0.9106059
2.362465 2.651637 -0.9106059
2.362465 2.651637 -0.9106059
2.362465 2.651637 -0.9106059
2.362465 2.651637 -0.9106059
2.362465 2.651637 -0.9106059
2.362465 2.651637 -0.9106059
2.362465 2.651637 -0.9106059
2.362465 2.651637 -0.9106059
2.362465 2.651637 -0.9106059
2.362465 2.651637 -0.9106059
2.362465 2.651637 -0.9106059
2.362465 2.651637 -0.9106059
2.362465 2.651637 -0.9106059
2.362465 2.651637 -0.9106059
2.362465 2.651637 -0.9106059
2.362465 2.651637 -0.9106059
2.362465 2.651637 -0.9106059
2.362465 2.651637 -0.9106059
2.362465 2.651637 -0.9106059
2.362465 2.651637 -0.9106059
2.362465 2.651637 -0.9106059
2.362465 2.651637 -0.9106059
2.362465 2.651637 -0.9106059
2.362465 2.651637 -0.9106059
2.362465 2.651637 -0.9106059
2.362465 2.651637 -0.9106059
2.362465 2.651637 -0.9106059
2.362465 2.651637 -0.9106059
2.362465 2.651637 -0.9106059
2.362465 2.651637 -0.9106059
2.362465 2.651637 -0.9106059
2.362465 2.651637 -0.9106059
2.362465 2.651637 -0.9106059
2.362465 2.651637 -0.9106059
2.362465 2.651637 -0.9106059
2.362465 2.651637 -0.9106059
2.518486 1.708325 -2.009785
2.518486 1.708325 -2.009785
2.518486 1.708325 -2.009785
2.518486 1.708325 -2.009785
2.518486 1.708325 -2.009785
2.518486 1.708325 -2.009785
2.518486 1.708325 -2.009785
2.518486 1.708325 -2.009785
2.518486 1.708325 -2.009785
2.518486 1.708325 -2.009785
2.518486 1.708325 -2.009785
2.518486 1.708325 -2.009785
2.518486 1.708325 -2.009785
2.518486 1.708325 -2.009785
2.518486 1.708325 -2.009785
2.518486 1.708325 -2.009785
2.518486 1.708325 -2.009785
2.518486 1.708325 -2.009785
2.518486 1.708325 -2.009785
2.518486 1.708325 -2.009785
2.518486 1.708325 -2.009785
2.518486 1.708325 -2.009785
2.518486 1.708325 -2.009785
2.518486 1.708325 -2.009785
2.518486 1.708325 -2.009785
2.518486 1.708325 -2.009785
2.518486 1.708325 -2.009785
2.518486 1.708325 -2.009785
2.518486 1.708325 -2.009785
2.518486 1.708325 -2.009785
2.518486 1.708325 -2.009785
2.518486 1.708325 -2.009785
2.518486 1.708325 -2.009785
2.518486 1.708325 -2.009785
2.518486 1.708325 -2.009785
2.518486 1.708325 -2.009785
2.518486 1.708325 -2.009785
2.518486 1.708325 -2.009785
2.518486 1.708325 -2.009785
2.518486 1.708325 -2.009785
2.518486 1.708325 -2.009785
2.518486 1.708325 -2.009785
2.518486 1.708325 -2.009785
2.518486 1.708325 -2.009785
2.518486 1.708325 -2.009785
2.518486 1.708325 -2.009785
2.518486 1.708325 -2.009785
2.518486 1.708325 -2.009785
2.518486 1.708325 -2.009785
2.518486 1.708325 -2.009785
2.518486 1.708325 -2.009785
2.518486 1.708325 -2.009785
2.518486 1.708325 -2.009785
2.518486 1.708325 -2.009785
2.518486 1.708325 -2.009785
2.518486 1.708325 -2.009785
2.518486 1.708325 -2.009785
2.518486 1.708325 -2.009785
2.518486 1.708325 -2.009785
2.518486 1.708325 -2.009785
2.518486 1.708325 -2.009785
2.518486 1.708325 -2.009785
2.518486 1.708325 -2.009785
2.518486 1.708325 -2.009785
2.518486 1.708325 -2.009785
2.518486 1.708325 -2.009785
2.518486 1.708325 -2.009785
2.518486 1.708325 -2.009785
2.518486 1.708325 -2.009785
2.518486 1.708325 -2.009785
2.518486 1.708325 -2.009785
2.518486 1.708325 -2.009785
2.518486 1.708325 -2.009785
2.518486 1.708325 -2.009785
2.518486 1.708325 -2.009785
2.518486 1.708325 -2.009785
2.518486 1.708325 -2.009785
2.518486 1.708325 -2.009785
2.518486 1.708325 -2.009785
2.518486 1.708325 -2.009785
2.518486 1.708325 -2.009785
2.260396 1.55256 -1.458089
2.260396 1.55256 -1.458089
2.260396 1.55256 -1.458089
2.260396 1.55256 -1.458089
2.260396 1.55256 -1.458089
2.260396 1.55256 -1.458089
2.260396 1.55256 -1.458089
2.260396 1.55256 -1.458089
2.260396 1.55256 -1.458089
2.260396 1.55256 -1.458089
2.260396 1.55256 -1.458089
2.260396 1.55256 -1.458089
2.260396 1.55256 -1.458089
2.260396 1.55256 -1.458089
2.260396 1.55256 -1.458089
2.260396 1.55256 -1.458089
2.260396 1.55256 -1.458089
2.260396 1.55256 -1.458089
2.260396 1.55256 -1.458089
2.260396 1.55256 -1.458089
2.260396 1.55256 -1.458089
2.260396 1.55256 -1.458089
2.260396 1.55256 -1.458089
2.260396 1.55256 -1.458089
2.260396 1.55256 -1.458089
2.260396 1.55256 -1.458089
2.260396 1.55256 -1.458089
2.260396 1.55256 -1.458089
2.260396 1.55256 -1.458089
2.260396 1.55256 -1.458089
2.260396 1.55256 -1.458089
2.260396 1.55256 -1.458089
2.260396 1.55256 -1.458089
2.260396 1.55256 -1.458089
2.260396 1.55256 -1.458089
2.260396 1.55256 -1.458089
2.260396 1.55256 -1.458089
2.260396 1.55256 -1.458089
2.260396 1.55256 -1.458089
2.260396 1.55256 -1.458089
2.260396 1.55256 -1.458089
2.260396 1.55256 -1.458089
2.260396 1.55256 -1.458089
2.260396 1.55256 -1.458089
2.260396 1.55256 -1.458089
2.260396 1.55256 -1.458089
2.260396 1.55256 -1.458089
2.155822 1.788386 -0.9620035
2.155822 1.788386 -0.9620035
2.41903 2.468993 -1.118698
2.41903 2.468993 -1.118698
2.41903 2.468993 -1.118698
2.41903 2.468993 -1.118698
2.41903 2.468993 -1.118698
2.41903 2.468993 -1.118698
2.41903 2.468993 -1.118698
2.41903 2.468993 -1.118698
2.41903 2.468993 -1.118698
2.41903 2.468993 -1.118698
2.41903 2.468993 -1.118698
2.41903 2.468993 -1.118698
2.41903 2.468993 -1.118698
2.41903 2.468993 -1.118698
2.41903 2.468993 -1.118698
2.41903 2.468993 -1.118698
2.41903 2.468993 -1.118698
2.41903 2.468993 -1.118698
2.41903 2.468993 -1.118698
2.41903 2.468993 -1.118698
2.41903 2.468993 -1.118698
2.41903 2.468993 -1.118698
2.41903 2.468993 -1.118698
2.41903 2.468993 -1.118698
2.41903 2.468993 -1.118698
2.41903 2.468993 -1.118698
2.41903 2.468993 -1.118698
2.41903 2.468993 -1.118698
2.41903 2.468993 -1.118698
2.41903 2.468993 -1.118698
2.41903 2.468993 -1.118698
2.41903 2.468993 -1.118698
2.41903 2.468993 -1.118698
2.41903 2.468993 -1.118698
2.41903 2.468993 -1.118698
2.41903 2.468993 -1.118698
2.41903 2.468993 -1.118698
2.41903 2.468993 -1.118698
2.41903 2.468993 -1.118698
2.41903 2.468993 -1.118698
2.41903 2.468993 -1.118698
2.41903 2.468993 -1.118698
2.41903 2.468993 -1.118698
2.41903 2.468993 -1.118698
2.41903 2.468993 -1.118698
2.41903 2.468993 -1.118698
2.41903 2.468993 -1.118698
2.41903 2.468993 -1.118698
2.41903 2.468993 -1.118698
2.41903 2.468993 -1.118698
2.41903 2.468993 -1.118698
2.41903 2.468993 -1.118698
2.41903 2.468993 -1.118698
2.41903 2.468993 -1.118698
2.41903 2.468993 -1.118698
2.41903 2.468993 -1.118698
2.41903 2.468993 -1.118698
2.41903 2.468993 -1.118698
2.41903 2.468993 -1.118698
2.41903 2.468993 -1.118698
2.41903 2.468993 -1.118698
2.41903 2.468993 -1.118698
2.41903 2.468993 -1.118698
2.41903 2.468993 -1.118698
2.41903 2.468993 -1.118698
2.41903 2.468993 -1.118698
2.41903 2.468993 -1.118698
2.41903 2.468993 -1.118698
2.41903 2.468993 -1.118698
2.41903 2.468993 -1.118698
2.41903 2.468993 -1.118698
2.41903 2.468993 -1.118698
2.41903 2.468993 -1.118698
2.41903 2.468993 -1.118698
2.41903 2.468993 -1.118698
2.41903 2.468993 -1.118698
2.41903 2.468993 -1.118698
2.41903 2.468993 -1.118698
2.41903 2.468993 -1.118698
2.41903 2.468993 -1.118698
2.41903 2.468993 -1.118698
2.41903 2.468993 -1.118698
2.41903 2.468993 -1.118698
2.41903 2.468993 -1.118698
2.41903 2.468993 -1.118698
2.41903 2.468993 -1.118698
2.41903 2.468993 -1.118698
2.41903 2.468993 -1.118698
2.41903 2.468993 -1.118698
2.41903 2.468993 -1.118698
2.41903 2.468993 -1.118698
2.41903 2.468993 -1.118698
2.41903 2.468993 -1.118698
2.41903 2.468993 -1.118698
2.41903 2.468993 -1.118698
2.41903 2.468993 -1.118698
2.41903 2.468993 -1.118698
2.41903 2.468993 -1.118698
2.41903 2.468993 -1.118698
2.41903 2.468993 -1.118698
2.41903 2.468993 -1.118698
2.41903 2.468993 -1.118698
2.41903 2.468993 -1.118698
2.41903 2.468993 -1.118698
2.41903 2.468993 -1.118698
2.41903 2.468993 -1.118698
2.41903 2.468993 -1.118698
2.41903 2.468993 -1.118698
2.41903 2.468993 -1.118698
2.41903 2.468993 -1.118698
2.41903 2.468993 -1.118698
2.41903 2.468993 -1.118698
2.41903 2.468993 -1.118698
2.41903 2.468993 -1.118698
2.41903 2.468993 -1.118698
2.41903 2.468993 -1.118698
2.41903 2.468993 -1.118698
2.41903 2.468993 -1.118698
2.41903 2.468993 -1.118698
2.41903 2.468993 -1.118698
2.41903 2.468993 -1.118698
2.41903 2.468993 -1.118698
2.740207 2.147595 -2.101359
2.740207 2.147595 -2.101359
2.740207 2.147595 -2.101359
2.740207 2.147595 -2.101359
2.740207 2.147595 -2.101359
2.740207 2.147595 -2.101359
2.740207 2.147595 -2.101359
2.740207 2.147595 -2.101359
2.740207 2.147595 -2.101359
2.740207 2.147595 -2.101359
2.740207 2.147595 -2.101359
2.740207 2.147595 -2.101359
2.376633 1.825162 -1.440987
2.376633 1.825162 -1.440987
2.383271 2.293529 -1.419609
2.383271 2.293529 -1.419609
2.383271 2.293529 -1.419609
2.383271 2.293529 -1.419609
2.383271 2.293529 -1.419609
2.383271 2.293529 -1.419609
2.383271 2.293529 -1.419609
2.383271 2.293529 -1.419609
2.383271 2.293529 -1.419609
2.383271 2.293529 -1.419609
2.383271 2.293529 -1.419609
2.383271 2.293529 -1.419609
2.383271 2.293529 -1.419609
2.383271 2.293529 -1.419609
2.383271 2.293529 -1.419609
2.383271 2.293529 -1.419609
2.383271 2.293529 -1.419609
2.383271 2.293529 -1.419609
2.383271 2.293529 -1.419609
2.383271 2.293529 -1.419609
2.383271 2.293529 -1.419609
2.383271 2.293529 -1.419609
2.383271 2.293529 -1.419609
2.383271 2.293529 -1.419609
2.383271 2.293529 -1.419609
2.383271 2.293529 -1.419609
2.383271 2.293529 -1.419609
2.383271 2.293529 -1.419609
2.383271 2.293529 -1.419609
2.383271 2.293529 -1.419609
2.383271 2.293529 -1.419609
2.383271 2.293529 -1.419609
2.383271 2.293529 -1.419609
2.383271 2.293529 -1.419609
2.383271 2.293529 -1.419609
2.383271 2.293529 -1.419609
2.383271 2.293529 -1.419609
2.383271 2.293529 -1.419609
2.383271 2.293529 -1.419609
2.383271 2.293529 -1.419609
2.383271 2.293529 -1.419609
2.383271 2.293529 -1.419609
2.383271 2.293529 -1.419609
2.383271 2.293529 -1.419609
2.383271 2.293529 -1.419609
2.383271 2.293529 -1.419609
2.383271 2.293529 -1.419609
2.383271 2.293529 -1.419609
2.383271 2.293529 -1.419609
2.383271 2.293529 -1.419609
2.383271 2.293529 -1.419609
2.383271 2.293529 -1.419609
2.383271 2.293529 -1.419609
2.383271 2.293529 -1.419609
2.383271 2.293529 -1.419609
2.383271 2.293529 -1.419609
2.383271 2.293529 -1.419609
2.383271 2.293529 -1.419609
2.383271 2.293529 -1.419609
2.383271 2.293529 -1.419609
2.383271 2.293529 -1.419609
2.383271 2.293529 -1.419609
2.383271 2.293529 -1.419609
2.383271 2.293529 -1.419609
2.383271 2.293529 -1.419609
2.383271 2.293529 -1.419609
2.383271 2.293529 -1.419609
2.383271 2.293529 -1.419609
2.383271 2.293529 -1.419609
2.383271 2.293529 -1.419609
2.383271 2.293529 -1.419609
2.383271 2.293529 -1.419609
2.383271 2.293529 -1.419609
2.383271 2.293529 -1.419609
2.383271 2.293529 -1.419609
2.383271 2.293529 -1.419609
2.383271 2.293529 -1.419609
2.383271 2.293529 -1.419609
2.383271 2.293529 -1.419609
2.383271 2.293529 -1.419609
2.383271 2.293529 -1.419609
2.383271 2.293529 -1.419609
2.383271 2.293529 -1.419609
2.383271 2.293529 -1.419609
2.383271 2.293529 -1.419609
2.383271 2.293529 -1.419609
2.383271 2.293529 -1.419609
2.383271 2.293529 -1.419609
2.383271 2.293529 -1.419609
2.383271 2.293529 -1.419609
2.383271 2.293529 -1.419609
2.617898 2.551426 -1.829542
2.617898 2.551426 -1.829542
2.617898 2.551426 -1.829542
2.617898 2.551426 -1.829542
2.617898 2.551426 -1.829542
2.617898 2.551426 -1.829542
2.617898 2.551426 -1.829542
2.617898 2.551426 -1.829542
2.617898 2.551426 -1.829542
2.617898 2.551426 -1.829542
2.617898 2.551426 -1.829542
2.617898 2.551426 -1.829542
2.617898 2.551426 -1.829542
2.617898 2.551426 -1.829542
2.617898 2.551426 -1.829542
2.617898 2.551426 -1.829542
2.617898 2.551426 -1.829542
2.617898 2.551426 -1.829542
2.617898 2.551426 -1.829542
2.617898 2.551426 -1.829542
2.617898 2.551426 -1.829542
2.617898 2.551426 -1.829542
2.617898 2.551426 -1.829542
2.422867 2.037236 -1.235842
2.422867 2.037236 -1.235842
2.422867 2.037236 -1.235842
2.422867 2.037236 -1.235842
2.422867 2.037236 -1.235842
2.422867 2.037236 -1.235842
2.422867 2.037236 -1.235842
2.422867 2.037236 -1.235842
2.422867 2.037236 -1.235842
2.422867 2.037236 -1.235842
2.422867 2.037236 -1.235842
2.422867 2.037236 -1.235842
2.422867 2.037236 -1.235842
2.422867 2.037236 -1.235842
2.422867 2.037236 -1.235842
2.422867 2.037236 -1.235842
2.422867 2.037236 -1.235842
2.422867 2.037236 -1.235842
2.422867 2.037236 -1.235842
2.422867 2.037236 -1.235842
2.422867 2.037236 -1.235842
2.422867 2.037236 -1.235842
2.422867 2.037236 -1.235842
2.422867 2.037236 -1.235842
2.422867 2.037236 -1.235842
2.422867 2.037236 -1.235842
2.422867 2.037236 -1.235842
2.422867 2.037236 -1.235842
2.422867 2.037236 -1.235842
2.422867 2.037236 -1.235842
2.422867 2.037236 -1.235842
2.422867 2.037236 -1.235842
2.422867 2.037236 -1.235842
2.422867 2.037236 -1.235842
2.422867 2.037236 -1.235842
2.422867 2.037236 -1.235842
2.422867 2.037236 -1.235842
2.422867 2.037236 -1.235842
2.422867 2.037236 -1.235842
2.422867 2.037236 -1.235842
2.422867 2.037236 -1.235842
2.422867 2.037236 -1.235842
2.489319 2.530584 -1.337661
2.489319 2.530584 -1.337661
2.489319 2.530584 -1.337661
2.489319 2.530584 -1.337661
2.489319 2.530584 -1.337661
2.489319 2.530584 -1.337661
2.489319 2.530584 -1.337661
2.489319 2.530584 -1.337661
2.489319 2.530584 -1.337661
2.489319 2.530584 -1.337661
2.489319 2.530584 -1.337661
2.489319 2.530584 -1.337661
2.489319 2.530584 -1.337661
2.489319 2.530584 -1.337661
2.489319 2.530584 -1.337661
2.489319 2.530584 -1.337661
2.489319 2.530584 -1.337661
2.489319 2.530584 -1.337661
2.489319 2.530584 -1.337661
2.489319 2.530584 -1.337661
2.489319 2.530584 -1.337661
2.489319 2.530584 -1.337661
2.489319 2.530584 -1.337661
2.489319 2.530584 -1.337661
2.489319 2.530584 -1.337661
2.489319 2.530584 -1.337661
2.489319 2.530584 -1.337661
2.489319 2.530584 -1.337661
2.489319 2.530584 -1.337661
2.489319 2.530584 -1.337661
2.489319 2.530584 -1.337661
2.489319 2.530584 -1.337661
2.489319 2.530584 -1.337661
2.489319 2.530584 -1.337661
2.489319 2.530584 -1.337661
2.489319 2.530584 -1.337661
2.489319 2.530584 -1.337661
2.489319 2.530584 -1.337661
2.489319 2.530584 -1.337661
2.489319 2.530584 -1.337661
2.489319 2.530584 -1.337661
2.489319 2.530584 -1.337661
2.113078 1.618152 -1.254854
2.113078 1.618152 -1.254854
2.113078 1.618152 -1.254854
2.113078 1.618152 -1.254854
2.113078 1.618152 -1.254854
2.113078 1.618152 -1.254854
2.113078 1.618152 -1.254854
2.113078 1.618152 -1.254854
2.113078 1.618152 -1.254854
2.113078 1.618152 -1.254854
2.113078 1.618152 -1.254854
2.113078 1.618152 -1.254854
2.113078 1.618152 -1.254854
2.113078 1.618152 -1.254854
2.113078 1.618152 -1.254854
2.113078 1.618152 -1.254854
2.294381 1.935261 -1.633668
2.294381 1.935261 -1.633668
2.294381 1.935261 -1.633668
2.294381 1.935261 -1.633668
2.294381 1.935261 -1.633668
2.294381 1.935261 -1.633668
2.294381 1.935261 -1.633668
2.294381 1.935261 -1.633668
2.294381 1.935261 -1.633668
2.294381 1.935261 -1.633668
2.294381 1.935261 -1.633668
2.294381 1.935261 -1.633668
2.294381 1.935261 -1.633668
2.294381 1.935261 -1.633668
2.294381 1.935261 -1.633668
2.294381 1.935261 -1.633668
2.294381 1.935261 -1.633668
2.294381 1.935261 -1.633668
2.294381 1.935261 -1.633668
2.294381 1.935261 -1.633668
2.294381 1.935261 -1.633668
2.294381 1.935261 -1.633668
2.294381 1.935261 -1.633668
2.294381 1.935261 -1.633668
2.294381 1.935261 -1.633668
2.294381 1.935261 -1.633668
2.294381 1.935261 -1.633668
2.294381 1.935261 -1.633668
2.294381 1.935261 -1.633668
2.778477 2.666259 -1.872167
2.778477 2.666259 -1.872167
2.778477 2.666259 -1.872167
2.778477 2.666259 -1.872167
2.778477 2.666259 -1.872167
2.778477 2.666259 -1.872167
2.778477 2.666259 -1.872167
2.778477 2.666259 -1.872167
2.778477 2.666259 -1.872167
2.778477 2.666259 -1.872167
2.778477 2.666259 -1.872167
2.778477 2.666259 -1.872167
2.778477 2.666259 -1.872167
2.778477 2.666259 -1.872167
2.778477 2.666259 -1.872167
2.778477 2.666259 -1.872167
2.778477 2.666259 -1.872167
2.778477 2.666259 -1.872167
2.778477 2.666259 -1.872167
2.778477 2.666259 -1.872167
2.432098 2.062828 -1.624317
2.432098 2.062828 -1.624317
2.432098 2.062828 -1.624317
2.432098 2.062828 -1.624317
2.432098 2.062828 -1.624317
2.432098 2.062828 -1.624317
2.432098 2.062828 -1.624317
2.432098 2.062828 -1.624317
2.432098 2.062828 -1.624317
2.432098 2.062828 -1.624317
2.432098 2.062828 -1.624317
2.432098 2.062828 -1.624317
2.432098 2.062828 -1.624317
2.432098 2.062828 -1.624317
2.432098 2.062828 -1.624317
2.432098 2.062828 -1.624317
2.432098 2.062828 -1.624317
2.432098 2.062828 -1.624317
2.432098 2.062828 -1.624317
2.432098 2.062828 -1.624317
2.432098 2.062828 -1.624317
2.432098 2.062828 -1.624317
2.432098 2.062828 -1.624317
2.432098 2.062828 -1.624317
2.432098 2.062828 -1.624317
2.432098 2.062828 -1.624317
2.432098 2.062828 -1.624317
2.432098 2.062828 -1.624317
2.432098 2.062828 -1.624317
2.432098 2.062828 -1.624317
2.432098 2.062828 -1.624317
2.432098 2.062828 -1.624317
2.432098 2.062828 -1.624317
2.432098 2.062828 -1.624317
2.432098 2.062828 -1.624317
2.432098 2.062828 -1.624317
2.432098 2.062828 -1.624317
2.432098 2.062828 -1.624317
2.432098 2.062828 -1.624317
2.432098 2.062828 -1.624317
2.432098 2.062828 -1.624317
2.432098 2.062828 -1.624317
2.432098 2.062828 -1.624317
2.432098 2.062828 -1.624317
2.432098 2.062828 -1.624317
2.432098 2.062828 -1.624317
2.432098 2.062828 -1.624317
2.432098 2.062828 -1.624317
2.432098 2.062828 -1.624317
2.432098 2.062828 -1.624317
2.432098 2.062828 -1.624317
2.432098 2.062828 -1.624317
2.432098 2.062828 -1.624317
2.432098 2.062828 -1.624317
2.432098 2.062828 -1.624317
2.432098 2.062828 -1.624317
2.432098 2.062828 -1.624317
2.432098 2.062828 -1.624317
2.432098 2.062828 -1.624317
2.432098 2.062828 -1.624317
2.432098 2.062828 -1.624317
2.432098 2.062828 -1.624317
2.432098 2.062828 -1.624317
2.432098 2.062828 -1.624317
2.432098 2.062828 -1.624317
2.432098 2.062828 -1.624317
2.432098 2.062828 -1.624317
2.432098 2.062828 -1.624317
2.432098 2.062828 -1.624317
2.432098 2.062828 -1.624317
2.469316 2.141206 -1.267194
2.469316 2.141206 -1.267194
2.469316 2.141206 -1.267194
2.469316 2.141206 -1.267194
2.469316 2.141206 -1.267194
2.469316 2.141206 -1.267194
2.469316 2.141206 -1.267194
2.469316 2.141206 -1.267194
2.469316 2.141206 -1.267194
2.469316 2.141206 -1.267194
2.469316 2.141206 -1.267194
2.469316 2.141206 -1.267194
2.469316 2.141206 -1.267194
2.469316 2.141206 -1.267194
2.469316 2.141206 -1.267194
2.469316 2.141206 -1.267194
2.469316 2.141206 -1.267194
2.469316 2.141206 -1.267194
2.469316 2.141206 -1.267194
2.469316 2.141206 -1.267194
2.469316 2.141206 -1.267194
2.469316 2.141206 -1.267194
2.469316 2.141206 -1.267194
2.469316 2.141206 -1.267194
2.469316 2.141206 -1.267194
2.469316 2.141206 -1.267194
2.469316 2.141206 -1.267194
2.469316 2.141206 -1.267194
2.469316 2.141206 -1.267194
2.469316 2.141206 -1.267194
2.469316 2.141206 -1.267194
2.469316 2.141206 -1.267194
2.469316 2.141206 -1.267194
2.469316 2.141206 -1.267194
2.469316 2.141206 -1.267194
2.469316 2.141206 -1.267194
2.469316 2.141206 -1.267194
2.469316 2.141206 -1.267194
2.469316 2.141206 -1.267194
2.469316 2.141206 -1.267194
2.469316 2.141206 -1.267194
2.469316 2.141206 -1.267194
2.469316 2.141206 -1.267194
2.469316 2.141206 -1.267194
2.469316 2.141206 -1.267194
2.469316 2.141206 -1.267194
2.469316 2.141206 -1.267194
2.469316 2.141206 -1.267194
2.469316 2.141206 -1.267194
2.469316 2.141206 -1.267194
2.469316 2.141206 -1.267194
2.469316 2.141206 -1.267194
2.469316 2.141206 -1.267194
2.469316 2.141206 -1.267194
2.469316 2.141206 -1.267194
2.469316 2.141206 -1.267194
2.469316 2.141206 -1.267194
2.469316 2.141206 -1.267194
2.469316 2.141206 -1.267194
2.469316 2.141206 -1.267194
2.469316 2.141206 -1.267194
2.469316 2.141206 -1.267194
2.469316 2.141206 -1.267194
2.469316 2.141206 -1.267194
2.469316 2.141206 -1.267194
2.469316 2.141206 -1.267194
2.469316 2.141206 -1.267194
2.469316 2.141206 -1.267194
2.469316 2.141206 -1.267194
2.613371 1.887621 -2.212418
2.613371 1.887621 -2.212418
2.613371 1.887621 -2.212418
2.613371 1.887621 -2.212418
2.613371 1.887621 -2.212418
2.613371 1.887621 -2.212418
2.613371 1.887621 -2.212418
2.613371 1.887621 -2.212418
2.613371 1.887621 -2.212418
2.613371 1.887621 -2.212418
2.613371 1.887621 -2.212418
2.613371 1.887621 -2.212418
2.613371 1.887621 -2.212418
2.613371 1.887621 -2.212418
2.613371 1.887621 -2.212418
2.613371 1.887621 -2.212418
2.613371 1.887621 -2.212418
2.613371 1.887621 -2.212418
2.613371 1.887621 -2.212418
2.613371 1.887621 -2.212418
2.613371 1.887621 -2.212418
2.613371 1.887621 -2.212418
2.613371 1.887621 -2.212418
2.613371 1.887621 -2.212418
2.613371 1.887621 -2.212418
2.613371 1.887621 -2.212418
2.613371 1.887621 -2.212418
2.613371 1.887621 -2.212418
2.613371 1.887621 -2.212418
2.613371 1.887621 -2.212418
2.613371 1.887621 -2.212418
2.21967 2.207649 -0.8173177
2.21967 2.207649 -0.8173177
2.21967 2.207649 -0.8173177
2.21967 2.207649 -0.8173177
2.21967 2.207649 -0.8173177
2.21967 2.207649 -0.8173177
2.21967 2.207649 -0.8173177
2.21967 2.207649 -0.8173177
2.21967 2.207649 -0.8173177
2.21967 2.207649 -0.8173177
2.21967 2.207649 -0.8173177
2.21967 2.207649 -0.8173177
2.21967 2.207649 -0.8173177
2.21967 2.207649 -0.8173177
2.21967 2.207649 -0.8173177
2.21967 2.207649 -0.8173177
2.21967 2.207649 -0.8173177
2.21967 2.207649 -0.8173177
2.21967 2.207649 -0.8173177
2.21967 2.207649 -0.8173177
2.21967 2.207649 -0.8173177
2.21967 2.207649 -0.8173177
2.21967 2.207649 -0.8173177
2.21967 2.207649 -0.8173177
2.21967 2.207649 -0.8173177
2.21967 2.207649 -0.8173177
2.21967 2.207649 -0.8173177
2.21967 2.207649 -0.8173177
2.21967 2.207649 -0.8173177
2.21967 2.207649 -0.8173177
2.21967 2.207649 -0.8173177
2.21967 2.207649 -0.8173177
2.892894 3.315369 -1.959904
2.892894 3.315369 -1.959904
2.892894 3.315369 -1.959904
2.892894 3.315369 -1.959904
2.892894 3.315369 -1.959904
2.892894 3.315369 -1.959904
2.892894 3.315369 -1.959904
2.892894 3.315369 -1.959904
2.892894 3.315369 -1.959904
2.892894 3.315369 -1.959904
2.892894 3.315369 -1.959904
2.892894 3.315369 -1.959904
2.892894 3.315369 -1.959904
2.892894 3.315369 -1.959904
2.892894 3.315369 -1.959904
2.892894 3.315369 -1.959904
2.892894 3.315369 -1.959904
2.892894 3.315369 -1.959904
2.892894 3.315369 -1.959904
2.892894 3.315369 -1.959904
2.892894 3.315369 -1.959904
2.892894 3.315369 -1.959904
2.892894 3.315369 -1.959904
2.892894 3.315369 -1.959904
2.892894 3.315369 -1.959904
2.892894 3.315369 -1.959904
2.892894 3.315369 -1.959904
2.892894 3.315369 -1.959904
2.892894 3.315369 -1.959904
2.892894 3.315369 -1.959904
2.892894 3.315369 -1.959904
2.892894 3.315369 -1.959904
2.892894 3.315369 -1.959904
2.892894 3.315369 -1.959904
2.892894 3.315369 -1.959904
2.892894 3.315369 -1.959904
2.892894 3.315369 -1.959904
2.892894 3.315369 -1.959904
2.892894 3.315369 -1.959904
2.892894 3.315369 -1.959904
2.892894 3.315369 -1.959904
2.892894 3.315369 -1.959904
2.892894 3.315369 -1.959904
2.892894 3.315369 -1.959904
2.892894 3.315369 -1.959904
2.892894 3.315369 -1.959904
2.892894 3.315369 -1.959904
2.892894 3.315369 -1.959904
2.892894 3.315369 -1.959904
2.892894 3.315369 -1.959904
2.892894 3.315369 -1.959904
2.892894 3.315369 -1.959904
2.892894 3.315369 -1.959904
2.892894 3.315369 -1.959904
2.892894 3.315369 -1.959904
2.892894 3.315369 -1.959904
2.892894 3.315369 -1.959904
2.892894 3.315369 -1.959904
2.892894 3.315369 -1.959904
2.892894 3.315369 -1.959904
2.892894 3.315369 -1.959904
2.12825 2.511338 -0.9738613
2.12825 2.511338 -0.9738613
2.12825 2.511338 -0.9738613
2.12825 2.511338 -0.9738613
2.12825 2.511338 -0.9738613
2.12825 2.511338 -0.9738613
2.12825 2.511338 -0.9738613
2.12825 2.511338 -0.9738613
2.12825 2.511338 -0.9738613
2.12825 2.511338 -0.9738613
2.12825 2.511338 -0.9738613
2.12825 2.511338 -0.9738613
2.12825 2.511338 -0.9738613
2.12825 2.511338 -0.9738613
2.12825 2.511338 -0.9738613
2.12825 2.511338 -0.9738613
2.12825 2.511338 -0.9738613
2.12825 2.511338 -0.9738613
2.12825 2.511338 -0.9738613
2.12825 2.511338 -0.9738613
2.12825 2.511338 -0.9738613
2.12825 2.511338 -0.9738613
2.12825 2.511338 -0.9738613
2.12825 2.511338 -0.9738613
2.12825 2.511338 -0.9738613
2.12825 2.511338 -0.9738613
2.12825 2.511338 -0.9738613
2.12825 2.511338 -0.9738613
2.12825 2.511338 -0.9738613
2.12825 2.511338 -0.9738613
2.12825 2.511338 -0.9738613
2.12825 2.511338 -0.9738613
2.12825 2.511338 -0.9738613
2.12825 2.511338 -0.9738613
2.12825 2.511338 -0.9738613
2.496037 1.970906 -1.120875
2.496037 1.970906 -1.120875
2.496037 1.970906 -1.120875
2.496037 1.970906 -1.120875
2.496037 1.970906 -1.120875
2.496037 1.970906 -1.120875
2.254726 2.789534 -1.09168
2.254726 2.789534 -1.09168
2.254726 2.789534 -1.09168
2.254726 2.789534 -1.09168
2.254726 2.789534 -1.09168
2.254726 2.789534 -1.09168
2.254726 2.789534 -1.09168
2.965438 2.40857 -2.058563
2.965438 2.40857 -2.058563
2.965438 2.40857 -2.058563
2.965438 2.40857 -2.058563
2.965438 2.40857 -2.058563
2.965438 2.40857 -2.058563
2.965438 2.40857 -2.058563
2.965438 2.40857 -2.058563
2.965438 2.40857 -2.058563
2.965438 2.40857 -2.058563
2.965438 2.40857 -2.058563
2.965438 2.40857 -2.058563
2.965438 2.40857 -2.058563
2.965438 2.40857 -2.058563
2.965438 2.40857 -2.058563
2.965438 2.40857 -2.058563
2.965438 2.40857 -2.058563
2.965438 2.40857 -2.058563
2.965438 2.40857 -2.058563
2.965438 2.40857 -2.058563
2.965438 2.40857 -2.058563
2.965438 2.40857 -2.058563
2.965438 2.40857 -2.058563
2.965438 2.40857 -2.058563
2.965438 2.40857 -2.058563
2.965438 2.40857 -2.058563
2.965438 2.40857 -2.058563
2.965438 2.40857 -2.058563
2.965438 2.40857 -2.058563
2.965438 2.40857 -2.058563
2.965438 2.40857 -2.058563
2.965438 2.40857 -2.058563
2.965438 2.40857 -2.058563
2.965438 2.40857 -2.058563
2.965438 2.40857 -2.058563
2.965438 2.40857 -2.058563
2.965438 2.40857 -2.058563
2.965438 2.40857 -2.058563
2.965438 2.40857 -2.058563
2.672701 1.901116 -2.496351
2.672701 1.901116 -2.496351
2.672701 1.901116 -2.496351
2.672701 1.901116 -2.496351
2.672701 1.901116 -2.496351
2.672701 1.901116 -2.496351
2.672701 1.901116 -2.496351
2.672701 1.901116 -2.496351
2.672701 1.901116 -2.496351
2.672701 1.901116 -2.496351
2.672701 1.901116 -2.496351
2.672701 1.901116 -2.496351
2.672701 1.901116 -2.496351
2.672701 1.901116 -2.496351
2.672701 1.901116 -2.496351
2.672701 1.901116 -2.496351
2.672701 1.901116 -2.496351
2.672701 1.901116 -2.496351
2.672701 1.901116 -2.496351
2.672701 1.901116 -2.496351
2.672701 1.901116 -2.496351
2.672701 1.901116 -2.496351
2.672701 1.901116 -2.496351
2.246259 1.611174 -1.710642
2.246259 1.611174 -1.710642
2.246259 1.611174 -1.710642
2.724772 2.116148 -1.931457
2.724772 2.116148 -1.931457
2.724772 2.116148 -1.931457
2.724772 2.116148 -1.931457
2.724772 2.116148 -1.931457
2.724772 2.116148 -1.931457
2.724772 2.116148 -1.931457
2.724772 2.116148 -1.931457
2.724772 2.116148 -1.931457
2.724772 2.116148 -1.931457
2.724772 2.116148 -1.931457
2.724772 2.116148 -1.931457
2.724772 2.116148 -1.931457
2.724772 2.116148 -1.931457
2.724772 2.116148 -1.931457
2.724772 2.116148 -1.931457
2.724772 2.116148 -1.931457
2.724772 2.116148 -1.931457
2.724772 2.116148 -1.931457
2.724772 2.116148 -1.931457
2.724772 2.116148 -1.931457
2.724772 2.116148 -1.931457
2.724772 2.116148 -1.931457
2.724772 2.116148 -1.931457
2.724772 2.116148 -1.931457
2.724772 2.116148 -1.931457
2.724772 2.116148 -1.931457
2.724772 2.116148 -1.931457
2.724772 2.116148 -1.931457
2.724772 2.116148 -1.931457
2.724772 2.116148 -1.931457
2.724772 2.116148 -1.931457
2.724772 2.116148 -1.931457
2.724772 2.116148 -1.931457
2.724772 2.116148 -1.931457
2.724772 2.116148 -1.931457
2.724772 2.116148 -1.931457
2.724772 2.116148 -1.931457
2.724772 2.116148 -1.931457
2.724772 2.116148 -1.931457
2.724772 2.116148 -1.931457
2.724772 2.116148 -1.931457
2.724772 2.116148 -1.931457
2.724772 2.116148 -1.931457
2.724772 2.116148 -1.931457
2.724772 2.116148 -1.931457
2.724772 2.116148 -1.931457
2.724772 2.116148 -1.931457
2.724772 2.116148 -1.931457
2.724772 2.116148 -1.931457
2.724772 2.116148 -1.931457
2.724772 2.116148 -1.931457
2.724772 2.116148 -1.931457
2.724772 2.116148 -1.931457
2.724772 2.116148 -1.931457
2.724772 2.116148 -1.931457
2.724772 2.116148 -1.931457
2.724772 2.116148 -1.931457
2.462937 2.810815 -1.489883
2.462937 2.810815 -1.489883
2.462937 2.810815 -1.489883
2.462937 2.810815 -1.489883
2.462937 2.810815 -1.489883
2.462937 2.810815 -1.489883
2.462937 2.810815 -1.489883
2.462937 2.810815 -1.489883
2.462937 2.810815 -1.489883
2.462937 2.810815 -1.489883
2.462937 2.810815 -1.489883
2.462937 2.810815 -1.489883
2.462937 2.810815 -1.489883
2.462937 2.810815 -1.489883
2.462937 2.810815 -1.489883
2.462937 2.810815 -1.489883
2.462937 2.810815 -1.489883
2.462937 2.810815 -1.489883
2.462937 2.810815 -1.489883
2.462937 2.810815 -1.489883
2.462937 2.810815 -1.489883
2.462937 2.810815 -1.489883
2.462937 2.810815 -1.489883
2.462937 2.810815 -1.489883
2.462937 2.810815 -1.489883
2.462937 2.810815 -1.489883
2.462937 2.810815 -1.489883
2.462937 2.810815 -1.489883
2.462937 2.810815 -1.489883
2.462937 2.810815 -1.489883
2.462937 2.810815 -1.489883
2.462937 2.810815 -1.489883
2.462937 2.810815 -1.489883
2.462937 2.810815 -1.489883
2.462937 2.810815 -1.489883
2.462937 2.810815 -1.489883
2.462937 2.810815 -1.489883
2.462937 2.810815 -1.489883
2.462937 2.810815 -1.489883
2.462937 2.810815 -1.489883
2.462937 2.810815 -1.489883
2.462937 2.810815 -1.489883
2.462937 2.810815 -1.489883
2.462937 2.810815 -1.489883
2.462937 2.810815 -1.489883
2.462937 2.810815 -1.489883
2.462937 2.810815 -1.489883
2.462937 2.810815 -1.489883
2.462937 2.810815 -1.489883
2.462937 2.810815 -1.489883
2.462937 2.810815 -1.489883
2.462937 2.810815 -1.489883
2.462937 2.810815 -1.489883
2.462937 2.810815 -1.489883
2.462937 2.810815 -1.489883
2.462937 2.810815 -1.489883
2.462937 2.810815 -1.489883
2.462937 2.810815 -1.489883
2.462937 2.810815 -1.489883
2.462937 2.810815 -1.489883
2.462937 2.810815 -1.489883
2.462937 2.810815 -1.489883
2.462937 2.810815 -1.489883
2.462937 2.810815 -1.489883
2.462937 2.810815 -1.489883
2.462937 2.810815 -1.489883
2.462937 2.810815 -1.489883
2.462937 2.810815 -1.489883
2.462937 2.810815 -1.489883
2.462937 2.810815 -1.489883
2.462937 2.810815 -1.489883
2.462937 2.810815 -1.489883
2.462937 2.810815 -1.489883
2.462937 2.810815 -1.489883
2.462937 2.810815 -1.489883
2.462937 2.810815 -1.489883
2.462937 2.810815 -1.489883
2.462937 2.810815 -1.489883
2.462937 2.810815 -1.489883
2.462937 2.810815 -1.489883
2.462937 2.810815 -1.489883
2.462937 2.810815 -1.489883
2.588488 2.608543 -1.915053
2.831446 2.560819 -1.856876
2.831446 2.560819 -1.856876
2.831446 2.560819 -1.856876
2.831446 2.560819 -1.856876
2.831446 2.560819 -1.856876
2.831446 2.560819 -1.856876
2.831446 2.560819 -1.856876
2.831446 2.560819 -1.856876
2.831446 2.560819 -1.856876
2.831446 2.560819 -1.856876
2.831446 2.560819 -1.856876
2.831446 2.560819 -1.856876
2.831446 2.560819 -1.856876
2.831446 2.560819 -1.856876
2.831446 2.560819 -1.856876
2.831446 2.560819 -1.856876
2.831446 2.560819 -1.856876
2.831446 2.560819 -1.856876
2.831446 2.560819 -1.856876
2.831446 2.560819 -1.856876
2.831446 2.560819 -1.856876
2.831446 2.560819 -1.856876
2.831446 2.560819 -1.856876
2.831446 2.560819 -1.856876
2.831446 2.560819 -1.856876
2.831446 2.560819 -1.856876
2.831446 2.560819 -1.856876
2.831446 2.560819 -1.856876
2.831446 2.560819 -1.856876
2.831446 2.560819 -1.856876
2.831446 2.560819 -1.856876
2.831446 2.560819 -1.856876
2.831446 2.560819 -1.856876
2.831446 2.560819 -1.856876
2.831446 2.560819 -1.856876
2.831446 2.560819 -1.856876
2.831446 2.560819 -1.856876
2.831446 2.560819 -1.856876
2.831446 2.560819 -1.856876
2.831446 2.560819 -1.856876
2.831446 2.560819 -1.856876
2.831446 2.560819 -1.856876
2.831446 2.560819 -1.856876
2.831446 2.560819 -1.856876
2.831446 2.560819 -1.856876
2.831446 2.560819 -1.856876
2.831446 2.560819 -1.856876
2.831446 2.560819 -1.856876
2.831446 2.560819 -1.856876
2.831446 2.560819 -1.856876
2.831446 2.560819 -1.856876
2.797066 2.692868 -1.800663
2.797066 2.692868 -1.800663
2.797066 2.692868 -1.800663
2.797066 2.692868 -1.800663
2.797066 2.692868 -1.800663
2.797066 2.692868 -1.800663
2.797066 2.692868 -1.800663
2.797066 2.692868 -1.800663
2.797066 2.692868 -1.800663
2.797066 2.692868 -1.800663
2.797066 2.692868 -1.800663
2.797066 2.692868 -1.800663
2.797066 2.692868 -1.800663
2.797066 2.692868 -1.800663
2.797066 2.692868 -1.800663
2.797066 2.692868 -1.800663
2.797066 2.692868 -1.800663
2.797066 2.692868 -1.800663
