0.6248958 0.5469799 -0.2323142 -4.186095 -4.313188 -4.558211
1.130584 1.037435 -0.5839895 -3.760113 -3.930569 -4.313397
1.627542 1.513097 -0.9516627 -3.557399 -3.730937 -4.195707
2.186935 2.040352 -1.306793 -3.489715 -3.650253 -4.156831
2.864087 2.649087 -1.698176 -3.524522 -3.664141 -4.15364
3.720552 3.330442 -2.130431 -3.655652 -3.724013 -4.177843
4.776458 4.117228 -2.660317 -3.87754 -3.85016 -4.265708
5.943014 5.045364 -3.332842 -4.152427 -4.04388 -4.427894
6.816686 6.09278 -4.148495 -4.352356 -4.294008 -4.67327
7.65444 6.967433 -5.129577 -4.553067 -4.506245 -5.004171
8.491541 7.612147 -6.243732 -4.765568 -4.659607 -5.412425
9.393419 8.18808 -7.506741 -5.00759 -4.802377 -5.906693
10.50541 8.932268 -8.8253 -5.318906 -5.005937 -6.451105
11.85932 9.7009 -10.85204 -5.709921 -5.226178 -7.312603
13.46231 10.56512 -13.5508 -6.182491 -5.475816 -8.459253
15.30401 11.51909 -16.61336 -6.73473 -5.760331 -9.781594
