-0.1237428 0.211184 0.8607541
-0.1237428 0.211184 0.8607541
1.083401 0.6125468 0.1722845
1.715623 1.162619 -0.211018
1.715623 1.162619 -0.211018
1.715623 1.162619 -0.211018
1.715623 1.162619 -0.211018
1.715623 1.162619 -0.211018
1.715623 1.162619 -0.211018
1.715623 1.162619 -0.211018
1.715623 1.162619 -0.211018
1.715623 1.162619 -0.211018
1.715623 1.162619 -0.211018
2.034204 1.655206 -0.3567047
2.034204 1.655206 -0.3567047
2.034204 1.655206 -0.3567047
2.034204 1.655206 -0.3567047
2.034204 1.655206 -0.3567047
2.034204 1.655206 -0.3567047
2.034204 1.655206 -0.3567047
2.034204 1.655206 -0.3567047
2.034204 1.655206 -0.3567047
2.034204 1.655206 -0.3567047
2.034204 1.655206 -0.3567047
2.034204 1.655206 -0.3567047
2.034204 1.655206 -0.3567047
2.034204 1.655206 -0.3567047
2.034204 1.655206 -0.3567047
2.034204 1.655206 -0.3567047
2.034204 1.655206 -0.3567047
2.034204 1.655206 -0.3567047
2.034204 1.655206 -0.3567047
2.034204 1.655206 -0.3567047
2.034204 1.655206 -0.3567047
2.034204 1.655206 -0.3567047
2.034204 1.655206 -0.3567047
2.034204 1.655206 -0.3567047
2.034204 1.655206 -0.3567047
2.034204 1.655206 -0.3567047
2.034204 1.655206 -0.3567047
2.034204 1.655206 -0.3567047
2.034204 1.655206 -0.3567047
2.034204 1.655206 -0.3567047
2.034204 1.655206 -0.3567047
1.917505 1.354504 -1.141116
1.917505 1.354504 -1.141116
1.917505 1.354504 -1.141116
1.917505 1.354504 -1.141116
1.917505 1.354504 -1.141116
1.917505 1.354504 -1.141116
1.917505 1.354504 -1.141116
1.917505 1.354504 -1.141116
1.917505 1.354504 -1.141116
1.917505 1.354504 -1.141116
1.917505 1.354504 -1.141116
1.917505 1.354504 -1.141116
1.917505 1.354504 -1.141116
1.917505 1.354504 -1.141116
1.917505 1.354504 -1.141116
1.917505 1.354504 -1.141116
2.296391 1.636304 -1.232172
2.296391 1.636304 -1.232172
2.296391 1.636304 -1.232172
2.296391 1.636304 -1.232172
2.296391 1.636304 -1.232172
2.296391 1.636304 -1.232172
2.296391 1.636304 -1.232172
2.296391 1.636304 -1.232172
2.296391 1.636304 -1.232172
2.296391 1.636304 -1.232172
2.296391 1.636304 -1.232172
2.296391 1.636304 -1.232172
2.296391 1.636304 -1.232172
2.296391 1.636304 -1.232172
2.296391 1.636304 -1.232172
2.296391 1.636304 -1.232172
2.296391 1.636304 -1.232172
2.296391 1.636304 -1.232172
2.296391 1.636304 -1.232172
2.296391 1.636304 -1.232172
2.296391 1.636304 -1.232172
2.296391 1.636304 -1.232172
2.296391 1.636304 -1.232172
2.296391 1.636304 -1.232172
2.296391 1.636304 -1.232172
2.296391 1.636304 -1.232172
2.296391 1.636304 -1.232172
2.296391 1.636304 -1.232172
2.296391 1.636304 -1.232172
2.296391 1.636304 -1.232172
2.296391 1.636304 -1.232172
2.296391 1.636304 -1.232172
2.296391 1.636304 -1.232172
2.296391 1.636304 -1.232172
2.296391 1.636304 -1.232172
2.296391 1.636304 -1.232172
2.296391 1.636304 -1.232172
2.296391 1.636304 -1.232172
2.296391 1.636304 -1.232172
2.296391 1.636304 -1.232172
2.296391 1.636304 -1.232172
2.296391 1.636304 -1.232172
2.296391 1.636304 -1.232172
2.296391 1.636304 -1.232172
2.296391 1.636304 -1.232172
2.296391 1.636304 -1.232172
2.296391 1.636304 -1.232172
2.296391 1.636304 -1.232172
2.296391 1.636304 -1.232172
2.296391 1.636304 -1.232172
2.296391 1.636304 -1.232172
2.296391 1.636304 -1.232172
2.296391 1.636304 -1.232172
2.296391 1.636304 -1.232172
2.296391 1.636304 -1.232172
2.296391 1.636304 -1.232172
2.296391 1.636304 -1.232172
2.296391 1.636304 -1.232172
2.296391 1.636304 -1.232172
2.296391 1.636304 -1.232172
1.839205 2.199666 -0.7897859
1.839205 2.199666 -0.7897859
1.839205 2.199666 -0.7897859
1.839205 2.199666 -0.7897859
1.839205 2.199666 -0.7897859
2.628778 1.702173 -1.60502
2.575862 2.145517 -1.545802
2.575862 2.145517 -1.545802
2.575862 2.145517 -1.545802
2.575862 2.145517 -1.545802
2.575862 2.145517 -1.545802
2.575862 2.145517 -1.545802
2.575862 2.145517 -1.545802
2.575862 2.145517 -1.545802
2.575862 2.145517 -1.545802
2.575862 2.145517 -1.545802
2.575862 2.145517 -1.545802
2.575862 2.145517 -1.545802
2.575862 2.145517 -1.545802
2.575862 2.145517 -1.545802
2.575862 2.145517 -1.545802
2.575862 2.145517 -1.545802
2.575862 2.145517 -1.545802
2.575862 2.145517 -1.545802
2.575862 2.145517 -1.545802
2.575862 2.145517 -1.545802
2.575862 2.145517 -1.545802
2.575862 2.145517 -1.545802
2.575862 2.145517 -1.545802
2.575862 2.145517 -1.545802
2.192099 1.586274 -1.076098
2.192099 1.586274 -1.076098
2.192099 1.586274 -1.076098
2.192099 1.586274 -1.076098
2.192099 1.586274 -1.076098
2.192099 1.586274 -1.076098
2.192099 1.586274 -1.076098
2.192099 1.586274 -1.076098
2.192099 1.586274 -1.076098
2.192099 1.586274 -1.076098
2.192099 1.586274 -1.076098
2.192099 1.586274 -1.076098
2.192099 1.586274 -1.076098
2.192099 1.586274 -1.076098
2.192099 1.586274 -1.076098
2.192099 1.586274 -1.076098
2.192099 1.586274 -1.076098
2.192099 1.586274 -1.076098
2.192099 1.586274 -1.076098
2.192099 1.586274 -1.076098
2.192099 1.586274 -1.076098
2.192099 1.586274 -1.076098
2.219933 1.977118 -1.390661
2.219933 1.977118 -1.390661
2.219933 1.977118 -1.390661
2.219933 1.977118 -1.390661
2.219933 1.977118 -1.390661
2.219933 1.977118 -1.390661
2.219933 1.977118 -1.390661
2.219933 1.977118 -1.390661
2.512413 2.259272 -1.542239
2.512413 2.259272 -1.542239
2.512413 2.259272 -1.542239
2.512413 2.259272 -1.542239
2.512413 2.259272 -1.542239
2.512413 2.259272 -1.542239
2.512413 2.259272 -1.542239
2.512413 2.259272 -1.542239
2.512413 2.259272 -1.542239
2.512413 2.259272 -1.542239
2.512413 2.259272 -1.542239
2.512413 2.259272 -1.542239
2.512413 2.259272 -1.542239
2.512413 2.259272 -1.542239
2.512413 2.259272 -1.542239
2.512413 2.259272 -1.542239
2.512413 2.259272 -1.542239
2.512413 2.259272 -1.542239
2.512413 2.259272 -1.542239
2.512413 2.259272 -1.542239
2.512413 2.259272 -1.542239
2.512413 2.259272 -1.542239
2.512413 2.259272 -1.542239
2.512413 2.259272 -1.542239
2.512413 2.259272 -1.542239
2.512413 2.259272 -1.542239
2.512413 2.259272 -1.542239
2.512413 2.259272 -1.542239
2.512413 2.259272 -1.542239
2.512413 2.259272 -1.542239
2.512413 2.259272 -1.542239
2.512413 2.259272 -1.542239
2.512413 2.259272 -1.542239
2.512413 2.259272 -1.542239
2.512413 2.259272 -1.542239
2.512413 2.259272 -1.542239
2.512413 2.259272 -1.542239
2.400036 1.834256 -1.427445
2.400036 1.834256 -1.427445
2.400036 1.834256 -1.427445
2.400036 1.834256 -1.427445
2.400036 1.834256 -1.427445
2.400036 1.834256 -1.427445
2.400036 1.834256 -1.427445
2.400036 1.834256 -1.427445
2.400036 1.834256 -1.427445
2.400036 1.834256 -1.427445
2.400036 1.834256 -1.427445
2.400036 1.834256 -1.427445
2.400036 1.834256 -1.427445
2.400036 1.834256 -1.427445
2.400036 1.834256 -1.427445
2.400036 1.834256 -1.427445
2.400036 1.834256 -1.427445
2.400036 1.834256 -1.427445
2.400036 1.834256 -1.427445
2.400036 1.834256 -1.427445
2.400036 1.834256 -1.427445
2.400036 1.834256 -1.427445
2.400036 1.834256 -1.427445
2.626645 2.06179 -1.524134
2.626645 2.06179 -1.524134
2.626645 2.06179 -1.524134
2.626645 2.06179 -1.524134
2.434945 1.736821 -1.766262
2.434945 1.736821 -1.766262
2.434945 1.736821 -1.766262
2.434945 1.736821 -1.766262
2.434945 1.736821 -1.766262
2.434945 1.736821 -1.766262
2.434945 1.736821 -1.766262
2.434945 1.736821 -1.766262
2.434945 1.736821 -1.766262
2.434945 1.736821 -1.766262
2.434945 1.736821 -1.766262
2.434945 1.736821 -1.766262
2.434945 1.736821 -1.766262
2.434945 1.736821 -1.766262
2.434945 1.736821 -1.766262
2.434945 1.736821 -1.766262
2.434945 1.736821 -1.766262
2.434945 1.736821 -1.766262
2.434945 1.736821 -1.766262
2.071909 1.480232 -1.173208
2.071909 1.480232 -1.173208
2.071909 1.480232 -1.173208
2.071909 1.480232 -1.173208
2.071909 1.480232 -1.173208
2.071909 1.480232 -1.173208
2.071909 1.480232 -1.173208
2.071909 1.480232 -1.173208
2.071909 1.480232 -1.173208
2.071909 1.480232 -1.173208
2.071909 1.480232 -1.173208
2.071909 1.480232 -1.173208
2.071909 1.480232 -1.173208
2.071909 1.480232 -1.173208
2.071909 1.480232 -1.173208
2.071909 1.480232 -1.173208
2.071909 1.480232 -1.173208
2.071909 1.480232 -1.173208
2.071909 1.480232 -1.173208
2.622654 1.789149 -1.947439
2.622654 1.789149 -1.947439
2.622654 1.789149 -1.947439
2.622654 1.789149 -1.947439
2.622654 1.789149 -1.947439
2.622654 1.789149 -1.947439
2.381941 1.496329 -1.429827
2.381941 1.496329 -1.429827
2.381941 1.496329 -1.429827
2.381941 1.496329 -1.429827
2.381941 1.496329 -1.429827
2.381941 1.496329 -1.429827
2.381941 1.496329 -1.429827
2.381941 1.496329 -1.429827
2.381941 1.496329 -1.429827
2.381941 1.496329 -1.429827
2.381941 1.496329 -1.429827
2.381941 1.496329 -1.429827
2.572721 1.743044 -1.529595
2.572721 1.743044 -1.529595
2.442374 3.303616 -0.8147697
2.442374 3.303616 -0.8147697
2.442374 3.303616 -0.8147697
2.442374 3.303616 -0.8147697
2.442374 3.303616 -0.8147697
2.442374 3.303616 -0.8147697
2.442374 3.303616 -0.8147697
2.442374 3.303616 -0.8147697
2.442374 3.303616 -0.8147697
2.442374 3.303616 -0.8147697
2.442374 3.303616 -0.8147697
2.442374 3.303616 -0.8147697
2.442374 3.303616 -0.8147697
2.442374 3.303616 -0.8147697
2.442374 3.303616 -0.8147697
2.442374 3.303616 -0.8147697
2.442374 3.303616 -0.8147697
2.442374 3.303616 -0.8147697
2.442374 3.303616 -0.8147697
2.442374 3.303616 -0.8147697
2.442374 3.303616 -0.8147697
2.442374 3.303616 -0.8147697
2.442374 3.303616 -0.8147697
2.442374 3.303616 -0.8147697
2.442374 3.303616 -0.8147697
2.442374 3.303616 -0.8147697
2.442374 3.303616 -0.8147697
2.442374 3.303616 -0.8147697
2.442374 3.303616 -0.8147697
2.442374 3.303616 -0.8147697
2.442374 3.303616 -0.8147697
2.442374 3.303616 -0.8147697
2.442374 3.303616 -0.8147697
2.442374 3.303616 -0.8147697
2.442374 3.303616 -0.8147697
2.442374 3.303616 -0.8147697
2.442374 3.303616 -0.8147697
2.442374 3.303616 -0.8147697
2.442374 3.303616 -0.8147697
2.442374 3.303616 -0.8147697
2.442374 3.303616 -0.8147697
2.442374 3.303616 -0.8147697
2.442374 3.303616 -0.8147697
2.442374 3.303616 -0.8147697
2.442374 3.303616 -0.8147697
2.442374 3.303616 -0.8147697
2.442374 3.303616 -0.8147697
2.442374 3.303616 -0.8147697
2.442374 3.303616 -0.8147697
2.657044 2.833808 -1.20981
2.657044 2.833808 -1.20981
2.657044 2.833808 -1.20981
2.657044 2.833808 -1.20981
2.657044 2.833808 -1.20981
2.657044 2.833808 -1.20981
2.657044 2.833808 -1.20981
2.657044 2.833808 -1.20981
2.657044 2.833808 -1.20981
2.827345 2.986223 -1.376789
2.827345 2.986223 -1.376789
2.827345 2.986223 -1.376789
2.263297 2.877611 -1.075261
2.263297 2.877611 -1.075261
2.385836 2.863468 -1.16762
2.385836 2.863468 -1.16762
2.385836 2.863468 -1.16762
2.385836 2.863468 -1.16762
2.385836 2.863468 -1.16762
2.385836 2.863468 -1.16762
2.385836 2.863468 -1.16762
2.385836 2.863468 -1.16762
2.385836 2.863468 -1.16762
2.385836 2.863468 -1.16762
2.322609 2.477726 -1.261922
2.322609 2.477726 -1.261922
2.322609 2.477726 -1.261922
2.322609 2.477726 -1.261922
2.322609 2.477726 -1.261922
2.322609 2.477726 -1.261922
2.322609 2.477726 -1.261922
2.322609 2.477726 -1.261922
2.322609 2.477726 -1.261922
2.322609 2.477726 -1.261922
2.322609 2.477726 -1.261922
2.322609 2.477726 -1.261922
2.322609 2.477726 -1.261922
2.322609 2.477726 -1.261922
2.322609 2.477726 -1.261922
2.322609 2.477726 -1.261922
2.322609 2.477726 -1.261922
2.322609 2.477726 -1.261922
2.322609 2.477726 -1.261922
2.322609 2.477726 -1.261922
2.322609 2.477726 -1.261922
2.322609 2.477726 -1.261922
2.322609 2.477726 -1.261922
2.322609 2.477726 -1.261922
2.322609 2.477726 -1.261922
2.322609 2.477726 -1.261922
2.322609 2.477726 -1.261922
2.322609 2.477726 -1.261922
2.322609 2.477726 -1.261922
2.454892 2.326363 -1.347731
2.454892 2.326363 -1.347731
2.454892 2.326363 -1.347731
2.454892 2.326363 -1.347731
2.454892 2.326363 -1.347731
2.454892 2.326363 -1.347731
2.454892 2.326363 -1.347731
2.454892 2.326363 -1.347731
2.454892 2.326363 -1.347731
2.454892 2.326363 -1.347731
2.454892 2.326363 -1.347731
2.454892 2.326363 -1.347731
2.454892 2.326363 -1.347731
2.454892 2.326363 -1.347731
2.454892 2.326363 -1.347731
2.419148 2.06418 -1.368885
2.601415 2.235717 -1.515741
2.601415 2.235717 -1.515741
2.601415 2.235717 -1.515741
2.601415 2.235717 -1.515741
2.601415 2.235717 -1.515741
2.601415 2.235717 -1.515741
2.601415 2.235717 -1.515741
2.601415 2.235717 -1.515741
2.601415 2.235717 -1.515741
2.601415 2.235717 -1.515741
2.601415 2.235717 -1.515741
2.601415 2.235717 -1.515741
2.601415 2.235717 -1.515741
2.601415 2.235717 -1.515741
2.601415 2.235717 -1.515741
2.601415 2.235717 -1.515741
2.601415 2.235717 -1.515741
2.601415 2.235717 -1.515741
2.553532 2.20863 -1.90366
2.606462 2.168318 -1.908691
2.606462 2.168318 -1.908691
2.606462 2.168318 -1.908691
2.606462 2.168318 -1.908691
2.606462 2.168318 -1.908691
2.606462 2.168318 -1.908691
2.606462 2.168318 -1.908691
2.606462 2.168318 -1.908691
2.606462 2.168318 -1.908691
2.606462 2.168318 -1.908691
2.606462 2.168318 -1.908691
2.606462 2.168318 -1.908691
2.606462 2.168318 -1.908691
2.606462 2.168318 -1.908691
2.606462 2.168318 -1.908691
2.606462 2.168318 -1.908691
2.606462 2.168318 -1.908691
2.606462 2.168318 -1.908691
2.606462 2.168318 -1.908691
2.606462 2.168318 -1.908691
2.606462 2.168318 -1.908691
2.606462 2.168318 -1.908691
2.606462 2.168318 -1.908691
2.606462 2.168318 -1.908691
2.606462 2.168318 -1.908691
2.606462 2.168318 -1.908691
2.606462 2.168318 -1.908691
2.606462 2.168318 -1.908691
2.606462 2.168318 -1.908691
2.606462 2.168318 -1.908691
2.606462 2.168318 -1.908691
2.606462 2.168318 -1.908691
2.606462 2.168318 -1.908691
2.606462 2.168318 -1.908691
2.606462 2.168318 -1.908691
2.606462 2.168318 -1.908691
2.606462 2.168318 -1.908691
2.606462 2.168318 -1.908691
2.606462 2.168318 -1.908691
2.606462 2.168318 -1.908691
2.287647 1.649138 -1.474857
2.424998 1.869984 -1.619162
2.424998 1.869984 -1.619162
2.424998 1.869984 -1.619162
2.424998 1.869984 -1.619162
2.424998 1.869984 -1.619162
2.424998 1.869984 -1.619162
2.424998 1.869984 -1.619162
2.424998 1.869984 -1.619162
2.424998 1.869984 -1.619162
2.424998 1.869984 -1.619162
2.424998 1.869984 -1.619162
2.424998 1.869984 -1.619162
2.424998 1.869984 -1.619162
2.424998 1.869984 -1.619162
2.424998 1.869984 -1.619162
2.424998 1.869984 -1.619162
2.424998 1.869984 -1.619162
2.424998 1.869984 -1.619162
2.424998 1.869984 -1.619162
2.424998 1.869984 -1.619162
2.424998 1.869984 -1.619162
2.424998 1.869984 -1.619162
2.424998 1.869984 -1.619162
2.424998 1.869984 -1.619162
2.424998 1.869984 -1.619162
2.424998 1.869984 -1.619162
2.424998 1.869984 -1.619162
2.424998 1.869984 -1.619162
2.424998 1.869984 -1.619162
2.424998 1.869984 -1.619162
2.424998 1.869984 -1.619162
2.424998 1.869984 -1.619162
2.424998 1.869984 -1.619162
2.424998 1.869984 -1.619162
2.424998 1.869984 -1.619162
2.424998 1.869984 -1.619162
2.424998 1.869984 -1.619162
2.424998 1.869984 -1.619162
2.424998 1.869984 -1.619162
2.424998 1.869984 -1.619162
2.424998 1.869984 -1.619162
2.424998 1.869984 -1.619162
2.424998 1.869984 -1.619162
2.424998 1.869984 -1.619162
2.424998 1.869984 -1.619162
2.424998 1.869984 -1.619162
2.424998 1.869984 -1.619162
2.424998 1.869984 -1.619162
2.424998 1.869984 -1.619162
2.15736 1.638252 -1.204482
2.15736 1.638252 -1.204482
2.15736 1.638252 -1.204482
2.15736 1.638252 -1.204482
2.15736 1.638252 -1.204482
2.15736 1.638252 -1.204482
2.15736 1.638252 -1.204482
2.15736 1.638252 -1.204482
2.15736 1.638252 -1.204482
2.15736 1.638252 -1.204482
2.15736 1.638252 -1.204482
2.13157 1.84094 -1.344661
2.13157 1.84094 -1.344661
2.13157 1.84094 -1.344661
2.13157 1.84094 -1.344661
2.13157 1.84094 -1.344661
2.13157 1.84094 -1.344661
2.13157 1.84094 -1.344661
2.13157 1.84094 -1.344661
2.13157 1.84094 -1.344661
2.13157 1.84094 -1.344661
2.13157 1.84094 -1.344661
2.13157 1.84094 -1.344661
2.13157 1.84094 -1.344661
2.13157 1.84094 -1.344661
2.13157 1.84094 -1.344661
2.13157 1.84094 -1.344661
2.13157 1.84094 -1.344661
2.13157 1.84094 -1.344661
2.13157 1.84094 -1.344661
2.13157 1.84094 -1.344661
2.13157 1.84094 -1.344661
2.13157 1.84094 -1.344661
2.13157 1.84094 -1.344661
2.13157 1.84094 -1.344661
2.13157 1.84094 -1.344661
2.13157 1.84094 -1.344661
2.13157 1.84094 -1.344661
2.13157 1.84094 -1.344661
2.13157 1.84094 -1.344661
2.13157 1.84094 -1.344661
2.13157 1.84094 -1.344661
2.13157 1.84094 -1.344661
2.13157 1.84094 -1.344661
2.353105 2.167056 -1.45402
2.353105 2.167056 -1.45402
2.353105 2.167056 -1.45402
2.353105 2.167056 -1.45402
2.353105 2.167056 -1.45402
2.353105 2.167056 -1.45402
2.353105 2.167056 -1.45402
2.353105 2.167056 -1.45402
2.353105 2.167056 -1.45402
2.353105 2.167056 -1.45402
2.353105 2.167056 -1.45402
2.353105 2.167056 -1.45402
2.353105 2.167056 -1.45402
2.353105 2.167056 -1.45402
2.353105 2.167056 -1.45402
2.353105 2.167056 -1.45402
2.353105 2.167056 -1.45402
2.353105 2.167056 -1.45402
2.353105 2.167056 -1.45402
2.353105 2.167056 -1.45402
2.353105 2.167056 -1.45402
2.353105 2.167056 -1.45402
2.353105 2.167056 -1.45402
2.353105 2.167056 -1.45402
2.353105 2.167056 -1.45402
2.353105 2.167056 -1.45402
2.353105 2.167056 -1.45402
2.416827 2.178357 -1.607662
2.416827 2.178357 -1.607662
2.416827 2.178357 -1.607662
2.416827 2.178357 -1.607662
2.416827 2.178357 -1.607662
2.416827 2.178357 -1.607662
2.416827 2.178357 -1.607662
2.416827 2.178357 -1.607662
2.416827 2.178357 -1.607662
2.416827 2.178357 -1.607662
2.416827 2.178357 -1.607662
2.416827 2.178357 -1.607662
2.416827 2.178357 -1.607662
2.416827 2.178357 -1.607662
2.416827 2.178357 -1.607662
2.416827 2.178357 -1.607662
2.416827 2.178357 -1.607662
2.416827 2.178357 -1.607662
2.416827 2.178357 -1.607662
2.416827 2.178357 -1.607662
2.594312 2.200011 -1.43062
2.594312 2.200011 -1.43062
2.594312 2.200011 -1.43062
2.594312 2.200011 -1.43062
2.594312 2.200011 -1.43062
2.594312 2.200011 -1.43062
2.594312 2.200011 -1.43062
2.594312 2.200011 -1.43062
2.594312 2.200011 -1.43062
2.594312 2.200011 -1.43062
2.594312 2.200011 -1.43062
2.594312 2.200011 -1.43062
2.594312 2.200011 -1.43062
2.594312 2.200011 -1.43062
2.594312 2.200011 -1.43062
2.594312 2.200011 -1.43062
2.594312 2.200011 -1.43062
2.594312 2.200011 -1.43062
2.594312 2.200011 -1.43062
2.594312 2.200011 -1.43062
2.594312 2.200011 -1.43062
2.594312 2.200011 -1.43062
2.594312 2.200011 -1.43062
2.594312 2.200011 -1.43062
2.594312 2.200011 -1.43062
2.040425 2.364998 -0.7528108
2.040425 2.364998 -0.7528108
2.040425 2.364998 -0.7528108
2.040425 2.364998 -0.7528108
2.040425 2.364998 -0.7528108
2.040425 2.364998 -0.7528108
2.040425 2.364998 -0.7528108
2.040425 2.364998 -0.7528108
2.040425 2.364998 -0.7528108
2.040425 2.364998 -0.7528108
2.040425 2.364998 -0.7528108
2.040425 2.364998 -0.7528108
2.040425 2.364998 -0.7528108
2.040425 2.364998 -0.7528108
2.040425 2.364998 -0.7528108
2.102605 2.311127 -0.9578943
2.102605 2.311127 -0.9578943
2.102605 2.311127 -0.9578943
2.102605 2.311127 -0.9578943
2.102605 2.311127 -0.9578943
2.102605 2.311127 -0.9578943
2.102605 2.311127 -0.9578943
2.102605 2.311127 -0.9578943
2.102605 2.311127 -0.9578943
2.102605 2.311127 -0.9578943
2.102605 2.311127 -0.9578943
2.102605 2.311127 -0.9578943
2.102605 2.311127 -0.9578943
2.102605 2.311127 -0.9578943
2.102605 2.311127 -0.9578943
2.102605 2.311127 -0.9578943
2.102605 2.311127 -0.9578943
2.102605 2.311127 -0.9578943
2.19127 1.749585 -1.232953
2.19127 1.749585 -1.232953
2.19127 1.749585 -1.232953
2.19127 1.749585 -1.232953
2.19127 1.749585 -1.232953
2.19127 1.749585 -1.232953
2.19127 1.749585 -1.232953
2.19127 1.749585 -1.232953
2.19127 1.749585 -1.232953
2.19127 1.749585 -1.232953
2.19127 1.749585 -1.232953
2.19127 1.749585 -1.232953
2.19127 1.749585 -1.232953
2.19127 1.749585 -1.232953
2.19127 1.749585 -1.232953
2.19127 1.749585 -1.232953
2.19127 1.749585 -1.232953
2.19127 1.749585 -1.232953
2.19127 1.749585 -1.232953
2.19127 1.749585 -1.232953
2.19127 1.749585 -1.232953
2.19127 1.749585 -1.232953
2.19127 1.749585 -1.232953
2.19127 1.749585 -1.232953
2.19127 1.749585 -1.232953
2.19127 1.749585 -1.232953
2.19127 1.749585 -1.232953
2.19127 1.749585 -1.232953
2.19127 1.749585 -1.232953
2.19127 1.749585 -1.232953
2.19127 1.749585 -1.232953
2.19127 1.749585 -1.232953
2.19127 1.749585 -1.232953
2.19127 1.749585 -1.232953
2.19127 1.749585 -1.232953
2.19127 1.749585 -1.232953
2.19127 1.749585 -1.232953
2.19127 1.749585 -1.232953
2.19127 1.749585 -1.232953
2.19127 1.749585 -1.232953
2.19127 1.749585 -1.232953
2.19127 1.749585 -1.232953
2.293263 1.775758 -1.374707
2.293263 1.775758 -1.374707
2.293263 1.775758 -1.374707
2.293263 1.775758 -1.374707
2.293263 1.775758 -1.374707
2.293263 1.775758 -1.374707
2.293263 1.775758 -1.374707
2.293263 1.775758 -1.374707
2.293263 1.775758 -1.374707
2.293263 1.775758 -1.374707
2.293263 1.775758 -1.374707
2.293263 1.775758 -1.374707
2.293263 1.775758 -1.374707
2.237972 1.986576 -1.115489
2.237972 1.986576 -1.115489
2.237972 1.986576 -1.115489
2.237972 1.986576 -1.115489
2.237972 1.986576 -1.115489
2.237972 1.986576 -1.115489
2.237972 1.986576 -1.115489
2.237972 1.986576 -1.115489
2.237972 1.986576 -1.115489
2.237972 1.986576 -1.115489
2.237972 1.986576 -1.115489
2.237972 1.986576 -1.115489
2.237972 1.986576 -1.115489
2.237972 1.986576 -1.115489
2.237972 1.986576 -1.115489
2.237972 1.986576 -1.115489
2.237972 1.986576 -1.115489
2.237972 1.986576 -1.115489
2.237972 1.986576 -1.115489
2.237972 1.986576 -1.115489
2.237972 1.986576 -1.115489
2.237972 1.986576 -1.115489
2.186714 1.70029 -1.257984
2.186714 1.70029 -1.257984
2.186714 1.70029 -1.257984
2.399507 1.784902 -1.536059
2.399507 1.784902 -1.536059
2.399507 1.784902 -1.536059
2.399507 1.784902 -1.536059
2.399507 1.784902 -1.536059
2.399507 1.784902 -1.536059
2.399507 1.784902 -1.536059
2.399507 1.784902 -1.536059
2.399507 1.784902 -1.536059
2.399507 1.784902 -1.536059
2.399507 1.784902 -1.536059
2.399507 1.784902 -1.536059
2.399507 1.784902 -1.536059
2.399507 1.784902 -1.536059
2.399507 1.784902 -1.536059
2.399507 1.784902 -1.536059
2.399507 1.784902 -1.536059
2.399507 1.784902 -1.536059
2.399507 1.784902 -1.536059
2.399507 1.784902 -1.536059
2.399507 1.784902 -1.536059
2.399507 1.784902 -1.536059
2.534374 1.960735 -1.643165
2.534374 1.960735 -1.643165
2.534374 1.960735 -1.643165
2.534374 1.960735 -1.643165
2.534374 1.960735 -1.643165
2.534374 1.960735 -1.643165
2.534374 1.960735 -1.643165
2.534374 1.960735 -1.643165
2.534374 1.960735 -1.643165
2.534374 1.960735 -1.643165
2.534374 1.960735 -1.643165
2.534374 1.960735 -1.643165
2.534374 1.960735 -1.643165
2.534374 1.960735 -1.643165
2.534374 1.960735 -1.643165
2.534374 1.960735 -1.643165
2.534374 1.960735 -1.643165
2.534374 1.960735 -1.643165
2.534374 1.960735 -1.643165
2.534374 1.960735 -1.643165
2.534374 1.960735 -1.643165
2.534374 1.960735 -1.643165
2.534374 1.960735 -1.643165
2.534374 1.960735 -1.643165
2.534374 1.960735 -1.643165
2.534374 1.960735 -1.643165
2.534374 1.960735 -1.643165
2.534374 1.960735 -1.643165
2.534374 1.960735 -1.643165
2.534374 1.960735 -1.643165
2.534374 1.960735 -1.643165
2.534374 1.960735 -1.643165
2.534374 1.960735 -1.643165
2.534374 1.960735 -1.643165
2.534374 1.960735 -1.643165
2.534374 1.960735 -1.643165
2.534374 1.960735 -1.643165
2.534374 1.960735 -1.643165
2.534374 1.960735 -1.643165
2.534374 1.960735 -1.643165
2.534374 1.960735 -1.643165
2.534374 1.960735 -1.643165
2.534374 1.960735 -1.643165
2.534374 1.960735 -1.643165
2.534374 1.960735 -1.643165
2.534374 1.960735 -1.643165
2.534374 1.960735 -1.643165
2.534374 1.960735 -1.643165
2.534374 1.960735 -1.643165
2.534374 1.960735 -1.643165
2.534374 1.960735 -1.643165
2.534374 1.960735 -1.643165
2.534374 1.960735 -1.643165
2.534374 1.960735 -1.643165
2.534374 1.960735 -1.643165
2.534374 1.960735 -1.643165
2.534374 1.960735 -1.643165
2.534374 1.960735 -1.643165
2.534374 1.960735 -1.643165
2.534374 1.960735 -1.643165
2.637036 2.012852 -1.697535
2.637036 2.012852 -1.697535
2.637036 2.012852 -1.697535
2.637036 2.012852 -1.697535
2.637036 2.012852 -1.697535
2.744488 3.110564 -1.691845
2.744488 3.110564 -1.691845
2.744488 3.110564 -1.691845
2.744488 3.110564 -1.691845
2.744488 3.110564 -1.691845
2.744488 3.110564 -1.691845
2.822378 3.200777 -1.982846
2.822378 3.200777 -1.982846
2.822378 3.200777 -1.982846
2.822378 3.200777 -1.982846
2.822378 3.200777 -1.982846
2.822378 3.200777 -1.982846
2.822378 3.200777 -1.982846
2.822378 3.200777 -1.982846
2.822378 3.200777 -1.982846
2.822378 3.200777 -1.982846
2.822378 3.200777 -1.982846
2.822378 3.200777 -1.982846
2.822378 3.200777 -1.982846
2.822378 3.200777 -1.982846
2.822378 3.200777 -1.982846
2.822378 3.200777 -1.982846
2.822378 3.200777 -1.982846
2.822378 3.200777 -1.982846
2.822378 3.200777 -1.982846
2.822378 3.200777 -1.982846
2.822378 3.200777 -1.982846
2.822378 3.200777 -1.982846
2.822378 3.200777 -1.982846
2.822378 3.200777 -1.982846
2.822378 3.200777 -1.982846
2.822378 3.200777 -1.982846
2.822378 3.200777 -1.982846
2.822378 3.200777 -1.982846
2.822378 3.200777 -1.982846
2.822378 3.200777 -1.982846
2.822378 3.200777 -1.982846
2.822378 3.200777 -1.982846
2.822378 3.200777 -1.982846
2.822378 3.200777 -1.982846
2.822378 3.200777 -1.982846
2.822378 3.200777 -1.982846
2.822378 3.200777 -1.982846
2.822378 3.200777 -1.982846
2.822378 3.200777 -1.982846
2.822378 3.200777 -1.982846
2.822378 3.200777 -1.982846
2.822378 3.200777 -1.982846
2.822378 3.200777 -1.982846
2.822378 3.200777 -1.982846
2.822378 3.200777 -1.982846
2.822378 3.200777 -1.982846
2.822378 3.200777 -1.982846
2.70944 2.227467 -1.775502
2.70944 2.227467 -1.775502
2.783937 2.307905 -1.929524
2.783937 2.307905 -1.929524
2.783937 2.307905 -1.929524
2.783937 2.307905 -1.929524
2.783937 2.307905 -1.929524
2.783937 2.307905 -1.929524
2.783937 2.307905 -1.929524
2.783937 2.307905 -1.929524
2.783937 2.307905 -1.929524
2.783937 2.307905 -1.929524
2.783937 2.307905 -1.929524
2.783937 2.307905 -1.929524
2.783937 2.307905 -1.929524
2.783937 2.307905 -1.929524
2.783937 2.307905 -1.929524
2.783937 2.307905 -1.929524
2.783937 2.307905 -1.929524
2.783937 2.307905 -1.929524
2.783937 2.307905 -1.929524
2.783937 2.307905 -1.929524
2.783937 2.307905 -1.929524
2.783937 2.307905 -1.929524
2.783937 2.307905 -1.929524
2.783937 2.307905 -1.929524
2.783937 2.307905 -1.929524
2.783937 2.307905 -1.929524
2.783937 2.307905 -1.929524
2.783937 2.307905 -1.929524
2.783937 2.307905 -1.929524
2.783937 2.307905 -1.929524
2.783937 2.307905 -1.929524
2.783937 2.307905 -1.929524
2.783937 2.307905 -1.929524
2.783937 2.307905 -1.929524
2.783937 2.307905 -1.929524
2.783937 2.307905 -1.929524
2.783937 2.307905 -1.929524
2.783937 2.307905 -1.929524
2.783937 2.307905 -1.929524
2.783937 2.307905 -1.929524
2.783937 2.307905 -1.929524
2.783937 2.307905 -1.929524
2.783937 2.307905 -1.929524
2.783937 2.307905 -1.929524
2.783937 2.307905 -1.929524
2.783937 2.307905 -1.929524
2.783937 2.307905 -1.929524
2.783937 2.307905 -1.929524
2.783937 2.307905 -1.929524
2.783937 2.307905 -1.929524
2.783937 2.307905 -1.929524
2.783937 2.307905 -1.929524
2.783937 2.307905 -1.929524
2.783937 2.307905 -1.929524
2.783937 2.307905 -1.929524
2.783937 2.307905 -1.929524
2.783937 2.307905 -1.929524
2.783937 2.307905 -1.929524
2.783937 2.307905 -1.929524
2.783937 2.307905 -1.929524
2.838166 2.37175 -2.022393
2.838166 2.37175 -2.022393
2.838166 2.37175 -2.022393
2.838166 2.37175 -2.022393
2.838166 2.37175 -2.022393
2.838166 2.37175 -2.022393
2.838166 2.37175 -2.022393
2.838166 2.37175 -2.022393
2.838166 2.37175 -2.022393
2.838166 2.37175 -2.022393
2.838166 2.37175 -2.022393
2.838166 2.37175 -2.022393
2.838166 2.37175 -2.022393
2.838166 2.37175 -2.022393
2.838166 2.37175 -2.022393
2.838166 2.37175 -2.022393
2.838166 2.37175 -2.022393
2.838166 2.37175 -2.022393
2.838166 2.37175 -2.022393
2.838166 2.37175 -2.022393
