-0.375464 -0.1006235 1.221602
0.3993567 -1.166194 1.149506
0.3993567 -1.166194 1.149506
1.495519 0.4235479 1.980667
1.495519 0.4235479 1.980667
1.495519 0.4235479 1.980667
1.495519 0.4235479 1.980667
1.495519 0.4235479 1.980667
1.495519 0.4235479 1.980667
1.495519 0.4235479 1.980667
1.495519 0.4235479 1.980667
1.495519 0.4235479 1.980667
1.495519 0.4235479 1.980667
1.495519 0.4235479 1.980667
1.495519 0.4235479 1.980667
1.495519 0.4235479 1.980667
1.495519 0.4235479 1.980667
1.495519 0.4235479 1.980667
1.495519 0.4235479 1.980667
1.495519 0.4235479 1.980667
1.495519 0.4235479 1.980667
1.495519 0.4235479 1.980667
1.495519 0.4235479 1.980667
1.495519 0.4235479 1.980667
1.495519 0.4235479 1.980667
1.495519 0.4235479 1.980667
1.495519 0.4235479 1.980667
1.63067 0.9943694 1.757619
1.63067 0.9943694 1.757619
1.63067 0.9943694 1.757619
1.63067 0.9943694 1.757619
1.63067 0.9943694 1.757619
1.63067 0.9943694 1.757619
1.63067 0.9943694 1.757619
1.63067 0.9943694 1.757619
1.63067 0.9943694 1.757619
1.63067 0.9943694 1.757619
1.775667 1.385341 0.9032113
1.775667 1.385341 0.9032113
1.775667 1.385341 0.9032113
1.775667 1.385341 0.9032113
1.775667 1.385341 0.9032113
1.775667 1.385341 0.9032113
1.775667 1.385341 0.9032113
2.427334 1.277601 -1.821095
2.427334 1.277601 -1.821095
2.427334 1.277601 -1.821095
1.999833 2.404342 -0.07588775
1.999833 2.404342 -0.07588775
1.999833 2.404342 -0.07588775
1.999833 2.404342 -0.07588775
1.999833 2.404342 -0.07588775
1.999833 2.404342 -0.07588775
1.999833 2.404342 -0.07588775
1.999833 2.404342 -0.07588775
1.999833 2.404342 -0.07588775
1.999833 2.404342 -0.07588775
1.986973 1.761857 -0.3653706
1.986973 1.761857 -0.3653706
1.986973 1.761857 -0.3653706
1.986973 1.761857 -0.3653706
1.986973 1.761857 -0.3653706
1.986973 1.761857 -0.3653706
1.986973 1.761857 -0.3653706
1.986973 1.761857 -0.3653706
1.644639 1.304605 -0.4060332
1.644639 1.304605 -0.4060332
1.644639 1.304605 -0.4060332
1.644639 1.304605 -0.4060332
1.644639 1.304605 -0.4060332
1.644639 1.304605 -0.4060332
1.644639 1.304605 -0.4060332
1.644639 1.304605 -0.4060332
1.644639 1.304605 -0.4060332
1.644639 1.304605 -0.4060332
1.644639 1.304605 -0.4060332
2.372742 2.076156 -1.124887
2.372742 2.076156 -1.124887
2.372742 2.076156 -1.124887
2.372742 2.076156 -1.124887
2.372742 2.076156 -1.124887
2.372742 2.076156 -1.124887
2.372742 2.076156 -1.124887
2.372742 2.076156 -1.124887
2.372742 2.076156 -1.124887
2.372742 2.076156 -1.124887
2.372742 2.076156 -1.124887
2.372742 2.076156 -1.124887
2.372742 2.076156 -1.124887
2.372742 2.076156 -1.124887
2.372742 2.076156 -1.124887
2.372742 2.076156 -1.124887
2.372742 2.076156 -1.124887
2.372742 2.076156 -1.124887
2.372742 2.076156 -1.124887
2.372742 2.076156 -1.124887
2.372742 2.076156 -1.124887
2.372742 2.076156 -1.124887
2.372742 2.076156 -1.124887
2.372742 2.076156 -1.124887
2.372742 2.076156 -1.124887
2.372742 2.076156 -1.124887
2.372742 2.076156 -1.124887
2.372742 2.076156 -1.124887
2.372742 2.076156 -1.124887
2.372742 2.076156 -1.124887
2.372742 2.076156 -1.124887
2.372742 2.076156 -1.124887
2.372742 2.076156 -1.124887
2.372742 2.076156 -1.124887
2.372742 2.076156 -1.124887
2.372742 2.076156 -1.124887
2.372742 2.076156 -1.124887
2.372742 2.076156 -1.124887
2.372742 2.076156 -1.124887
2.372742 2.076156 -1.124887
2.372742 2.076156 -1.124887
2.372742 2.076156 -1.124887
2.372742 2.076156 -1.124887
2.372742 2.076156 -1.124887
3.114744 2.656946 -1.365392
1.907927 2.956013 -0.4863474
1.907927 2.956013 -0.4863474
1.907927 2.956013 -0.4863474
1.907927 2.956013 -0.4863474
1.907927 2.956013 -0.4863474
1.907927 2.956013 -0.4863474
1.907927 2.956013 -0.4863474
1.907927 2.956013 -0.4863474
2.231793 2.073272 -1.397112
2.231793 2.073272 -1.397112
2.231793 2.073272 -1.397112
2.231793 2.073272 -1.397112
2.231793 2.073272 -1.397112
2.231793 2.073272 -1.397112
2.231793 2.073272 -1.397112
2.231793 2.073272 -1.397112
2.231793 2.073272 -1.397112
2.231793 2.073272 -1.397112
2.231793 2.073272 -1.397112
2.231793 2.073272 -1.397112
2.231793 2.073272 -1.397112
2.231793 2.073272 -1.397112
2.231793 2.073272 -1.397112
2.231793 2.073272 -1.397112
2.231793 2.073272 -1.397112
2.231793 2.073272 -1.397112
2.231793 2.073272 -1.397112
2.231793 2.073272 -1.397112
2.231793 2.073272 -1.397112
2.231793 2.073272 -1.397112
2.231793 2.073272 -1.397112
2.231793 2.073272 -1.397112
2.231793 2.073272 -1.397112
2.231793 2.073272 -1.397112
2.231793 2.073272 -1.397112
2.231793 2.073272 -1.397112
2.231793 2.073272 -1.397112
2.231793 2.073272 -1.397112
2.231793 2.073272 -1.397112
2.231793 2.073272 -1.397112
2.231793 2.073272 -1.397112
2.231793 2.073272 -1.397112
2.231793 2.073272 -1.397112
2.231793 2.073272 -1.397112
2.231793 2.073272 -1.397112
2.231793 2.073272 -1.397112
1.964542 1.7526 -0.9813511
1.964542 1.7526 -0.9813511
1.964542 1.7526 -0.9813511
1.964542 1.7526 -0.9813511
1.964542 1.7526 -0.9813511
1.964542 1.7526 -0.9813511
1.964542 1.7526 -0.9813511
1.964542 1.7526 -0.9813511
1.964542 1.7526 -0.9813511
1.964542 1.7526 -0.9813511
1.964542 1.7526 -0.9813511
1.964542 1.7526 -0.9813511
1.964542 1.7526 -0.9813511
2.319746 2.066202 -1.177954
2.319746 2.066202 -1.177954
2.319746 2.066202 -1.177954
2.319746 2.066202 -1.177954
2.319746 2.066202 -1.177954
2.319746 2.066202 -1.177954
2.319746 2.066202 -1.177954
2.319746 2.066202 -1.177954
2.319746 2.066202 -1.177954
2.319746 2.066202 -1.177954
2.319746 2.066202 -1.177954
2.319746 2.066202 -1.177954
2.319746 2.066202 -1.177954
2.319746 2.066202 -1.177954
2.319746 2.066202 -1.177954
2.319746 2.066202 -1.177954
2.319746 2.066202 -1.177954
2.319746 2.066202 -1.177954
2.319746 2.066202 -1.177954
2.319746 2.066202 -1.177954
2.319746 2.066202 -1.177954
2.319746 2.066202 -1.177954
2.319746 2.066202 -1.177954
2.319746 2.066202 -1.177954
2.319746 2.066202 -1.177954
2.319746 2.066202 -1.177954
2.319746 2.066202 -1.177954
2.319746 2.066202 -1.177954
2.319746 2.066202 -1.177954
2.319746 2.066202 -1.177954
2.319746 2.066202 -1.177954
2.319746 2.066202 -1.177954
2.319746 2.066202 -1.177954
2.319746 2.066202 -1.177954
2.319746 2.066202 -1.177954
2.319746 2.066202 -1.177954
2.319746 2.066202 -1.177954
2.319746 2.066202 -1.177954
2.319746 2.066202 -1.177954
2.319746 2.066202 -1.177954
2.319746 2.066202 -1.177954
2.319746 2.066202 -1.177954
2.319746 2.066202 -1.177954
2.319746 2.066202 -1.177954
2.319746 2.066202 -1.177954
2.319746 2.066202 -1.177954
2.319746 2.066202 -1.177954
2.319746 2.066202 -1.177954
2.319746 2.066202 -1.177954
2.319746 2.066202 -1.177954
2.319746 2.066202 -1.177954
2.319746 2.066202 -1.177954
2.319746 2.066202 -1.177954
2.319746 2.066202 -1.177954
2.319746 2.066202 -1.177954
2.319746 2.066202 -1.177954
2.319746 2.066202 -1.177954
2.319746 2.066202 -1.177954
2.319746 2.066202 -1.177954
2.319746 2.066202 -1.177954
2.534472 2.277888 -1.32275
2.534472 2.277888 -1.32275
2.534472 2.277888 -1.32275
2.534472 2.277888 -1.32275
2.534472 2.277888 -1.32275
2.534472 2.277888 -1.32275
2.534472 2.277888 -1.32275
2.534472 2.277888 -1.32275
2.534472 2.277888 -1.32275
2.534472 2.277888 -1.32275
2.534472 2.277888 -1.32275
2.534472 2.277888 -1.32275
2.534472 2.277888 -1.32275
2.534472 2.277888 -1.32275
2.534472 2.277888 -1.32275
2.534472 2.277888 -1.32275
2.534472 2.277888 -1.32275
2.463799 2.781255 -1.305541
2.463799 2.781255 -1.305541
2.463799 2.781255 -1.305541
2.463799 2.781255 -1.305541
2.463799 2.781255 -1.305541
2.463799 2.781255 -1.305541
2.463799 2.781255 -1.305541
2.463799 2.781255 -1.305541
2.463799 2.781255 -1.305541
2.463799 2.781255 -1.305541
2.463799 2.781255 -1.305541
2.463799 2.781255 -1.305541
2.463799 2.781255 -1.305541
2.305041 2.069693 -1.570269
2.305041 2.069693 -1.570269
2.305041 2.069693 -1.570269
2.305041 2.069693 -1.570269
2.305041 2.069693 -1.570269
2.305041 2.069693 -1.570269
2.305041 2.069693 -1.570269
2.305041 2.069693 -1.570269
2.305041 2.069693 -1.570269
2.305041 2.069693 -1.570269
2.305041 2.069693 -1.570269
2.305041 2.069693 -1.570269
2.305041 2.069693 -1.570269
2.305041 2.069693 -1.570269
2.305041 2.069693 -1.570269
2.305041 2.069693 -1.570269
2.305041 2.069693 -1.570269
2.305041 2.069693 -1.570269
2.305041 2.069693 -1.570269
2.305041 2.069693 -1.570269
2.305041 2.069693 -1.570269
2.305041 2.069693 -1.570269
2.305041 2.069693 -1.570269
2.305041 2.069693 -1.570269
2.305041 2.069693 -1.570269
2.305041 2.069693 -1.570269
2.305041 2.069693 -1.570269
2.305041 2.069693 -1.570269
2.305041 2.069693 -1.570269
2.305041 2.069693 -1.570269
2.464967 2.266065 -1.66557
2.464967 2.266065 -1.66557
2.464967 2.266065 -1.66557
2.464967 2.266065 -1.66557
2.464967 2.266065 -1.66557
2.464967 2.266065 -1.66557
2.464967 2.266065 -1.66557
2.464967 2.266065 -1.66557
2.464967 2.266065 -1.66557
2.464967 2.266065 -1.66557
2.464967 2.266065 -1.66557
2.464967 2.266065 -1.66557
2.464967 2.266065 -1.66557
2.464967 2.266065 -1.66557
2.464967 2.266065 -1.66557
2.464967 2.266065 -1.66557
2.464967 2.266065 -1.66557
2.464967 2.266065 -1.66557
2.464967 2.266065 -1.66557
2.464967 2.266065 -1.66557
2.464967 2.266065 -1.66557
2.464967 2.266065 -1.66557
2.464967 2.266065 -1.66557
2.464967 2.266065 -1.66557
2.464967 2.266065 -1.66557
2.608539 2.531793 -1.688059
2.608539 2.531793 -1.688059
2.608539 2.531793 -1.688059
2.608539 2.531793 -1.688059
2.608539 2.531793 -1.688059
2.608539 2.531793 -1.688059
2.608539 2.531793 -1.688059
2.46904 2.16209 -2.094753
2.46904 2.16209 -2.094753
2.46904 2.16209 -2.094753
2.46904 2.16209 -2.094753
2.46904 2.16209 -2.094753
2.46904 2.16209 -2.094753
2.46904 2.16209 -2.094753
2.46904 2.16209 -2.094753
2.46904 2.16209 -2.094753
2.46904 2.16209 -2.094753
2.46904 2.16209 -2.094753
2.46904 2.16209 -2.094753
2.46904 2.16209 -2.094753
2.46904 2.16209 -2.094753
2.46904 2.16209 -2.094753
2.46904 2.16209 -2.094753
2.392427 2.736658 -1.489393
2.392427 2.736658 -1.489393
2.392427 2.736658 -1.489393
2.392427 2.736658 -1.489393
2.392427 2.736658 -1.489393
2.392427 2.736658 -1.489393
2.392427 2.736658 -1.489393
2.392427 2.736658 -1.489393
2.301546 2.087947 -1.693178
2.301546 2.087947 -1.693178
2.301546 2.087947 -1.693178
2.301546 2.087947 -1.693178
2.431937 2.230039 -1.848051
2.431937 2.230039 -1.848051
2.431937 2.230039 -1.848051
2.431937 2.230039 -1.848051
2.431937 2.230039 -1.848051
2.431937 2.230039 -1.848051
2.431937 2.230039 -1.848051
2.431937 2.230039 -1.848051
2.431937 2.230039 -1.848051
2.431937 2.230039 -1.848051
2.431937 2.230039 -1.848051
2.431937 2.230039 -1.848051
2.431937 2.230039 -1.848051
2.431937 2.230039 -1.848051
2.431937 2.230039 -1.848051
2.431937 2.230039 -1.848051
2.431937 2.230039 -1.848051
2.431937 2.230039 -1.848051
2.431937 2.230039 -1.848051
2.431937 2.230039 -1.848051
2.431937 2.230039 -1.848051
2.431937 2.230039 -1.848051
2.431937 2.230039 -1.848051
2.431937 2.230039 -1.848051
2.431937 2.230039 -1.848051
2.431937 2.230039 -1.848051
2.431937 2.230039 -1.848051
2.431937 2.230039 -1.848051
2.431937 2.230039 -1.848051
2.431937 2.230039 -1.848051
2.431937 2.230039 -1.848051
2.431937 2.230039 -1.848051
2.431937 2.230039 -1.848051
2.431937 2.230039 -1.848051
2.431937 2.230039 -1.848051
2.431937 2.230039 -1.848051
2.431937 2.230039 -1.848051
2.431937 2.230039 -1.848051
2.431937 2.230039 -1.848051
2.431937 2.230039 -1.848051
2.431937 2.230039 -1.848051
2.431937 2.230039 -1.848051
2.431937 2.230039 -1.848051
2.431937 2.230039 -1.848051
2.431937 2.230039 -1.848051
2.431937 2.230039 -1.848051
2.431937 2.230039 -1.848051
2.431937 2.230039 -1.848051
2.431937 2.230039 -1.848051
2.431937 2.230039 -1.848051
2.431937 2.230039 -1.848051
2.431937 2.230039 -1.848051
2.431937 2.230039 -1.848051
2.431937 2.230039 -1.848051
2.431937 2.230039 -1.848051
2.431937 2.230039 -1.848051
2.431937 2.230039 -1.848051
2.431937 2.230039 -1.848051
2.431937 2.230039 -1.848051
2.431937 2.230039 -1.848051
2.534202 2.39903 -2.003887
2.534202 2.39903 -2.003887
2.534202 2.39903 -2.003887
2.534202 2.39903 -2.003887
2.534202 2.39903 -2.003887
2.534202 2.39903 -2.003887
2.534202 2.39903 -2.003887
2.534202 2.39903 -2.003887
2.534202 2.39903 -2.003887
2.534202 2.39903 -2.003887
2.534202 2.39903 -2.003887
2.534202 2.39903 -2.003887
2.534202 2.39903 -2.003887
2.534202 2.39903 -2.003887
2.534202 2.39903 -2.003887
2.534202 2.39903 -2.003887
2.534202 2.39903 -2.003887
2.534202 2.39903 -2.003887
2.534202 2.39903 -2.003887
2.534202 2.39903 -2.003887
2.534202 2.39903 -2.003887
2.534202 2.39903 -2.003887
2.534202 2.39903 -2.003887
2.534202 2.39903 -2.003887
2.534202 2.39903 -2.003887
2.534202 2.39903 -2.003887
2.534202 2.39903 -2.003887
2.534202 2.39903 -2.003887
2.534202 2.39903 -2.003887
2.534202 2.39903 -2.003887
2.534202 2.39903 -2.003887
2.534202 2.39903 -2.003887
2.534202 2.39903 -2.003887
2.534202 2.39903 -2.003887
2.534202 2.39903 -2.003887
2.534202 2.39903 -2.003887
2.534202 2.39903 -2.003887
2.534202 2.39903 -2.003887
2.534202 2.39903 -2.003887
2.534202 2.39903 -2.003887
2.534202 2.39903 -2.003887
2.534202 2.39903 -2.003887
2.534202 2.39903 -2.003887
2.534202 2.39903 -2.003887
2.534202 2.39903 -2.003887
2.534202 2.39903 -2.003887
2.534202 2.39903 -2.003887
2.534202 2.39903 -2.003887
2.534202 2.39903 -2.003887
2.534202 2.39903 -2.003887
1.89848 2.013776 -0.7105514
1.89848 2.013776 -0.7105514
1.89848 2.013776 -0.7105514
1.89848 2.013776 -0.7105514
1.89848 2.013776 -0.7105514
1.89848 2.013776 -0.7105514
1.89848 2.013776 -0.7105514
1.89848 2.013776 -0.7105514
1.89848 2.013776 -0.7105514
1.89848 2.013776 -0.7105514
1.989706 2.125768 -0.9211422
1.989706 2.125768 -0.9211422
1.989706 2.125768 -0.9211422
1.989706 2.125768 -0.9211422
1.989706 2.125768 -0.9211422
1.989706 2.125768 -0.9211422
1.989706 2.125768 -0.9211422
1.989706 2.125768 -0.9211422
1.989706 2.125768 -0.9211422
1.989706 2.125768 -0.9211422
1.989706 2.125768 -0.9211422
1.989706 2.125768 -0.9211422
1.989706 2.125768 -0.9211422
1.989706 2.125768 -0.9211422
1.989706 2.125768 -0.9211422
1.989706 2.125768 -0.9211422
1.989706 2.125768 -0.9211422
1.989706 2.125768 -0.9211422
1.989706 2.125768 -0.9211422
1.989706 2.125768 -0.9211422
1.989706 2.125768 -0.9211422
1.989706 2.125768 -0.9211422
1.989706 2.125768 -0.9211422
1.989706 2.125768 -0.9211422
1.989706 2.125768 -0.9211422
1.989706 2.125768 -0.9211422
1.989706 2.125768 -0.9211422
1.989706 2.125768 -0.9211422
1.989706 2.125768 -0.9211422
1.989706 2.125768 -0.9211422
1.989706 2.125768 -0.9211422
1.989706 2.125768 -0.9211422
1.989706 2.125768 -0.9211422
1.989706 2.125768 -0.9211422
1.989706 2.125768 -0.9211422
1.989706 2.125768 -0.9211422
1.989706 2.125768 -0.9211422
1.989706 2.125768 -0.9211422
1.989706 2.125768 -0.9211422
1.989706 2.125768 -0.9211422
1.989706 2.125768 -0.9211422
1.989706 2.125768 -0.9211422
1.989706 2.125768 -0.9211422
1.989706 2.125768 -0.9211422
1.989706 2.125768 -0.9211422
1.989706 2.125768 -0.9211422
1.989706 2.125768 -0.9211422
1.989706 2.125768 -0.9211422
1.989706 2.125768 -0.9211422
1.989706 2.125768 -0.9211422
1.989706 2.125768 -0.9211422
1.989706 2.125768 -0.9211422
1.989706 2.125768 -0.9211422
1.989706 2.125768 -0.9211422
1.989706 2.125768 -0.9211422
1.989706 2.125768 -0.9211422
1.989706 2.125768 -0.9211422
1.989706 2.125768 -0.9211422
1.989706 2.125768 -0.9211422
1.989706 2.125768 -0.9211422
2.082825 2.241628 -1.153731
2.082825 2.241628 -1.153731
2.082825 2.241628 -1.153731
2.082825 2.241628 -1.153731
2.082825 2.241628 -1.153731
2.082825 2.241628 -1.153731
2.082825 2.241628 -1.153731
2.082825 2.241628 -1.153731
2.082825 2.241628 -1.153731
2.082825 2.241628 -1.153731
2.082825 2.241628 -1.153731
2.082825 2.241628 -1.153731
2.082825 2.241628 -1.153731
2.082825 2.241628 -1.153731
2.082825 2.241628 -1.153731
2.082825 2.241628 -1.153731
2.082825 2.241628 -1.153731
2.082825 2.241628 -1.153731
2.082825 2.241628 -1.153731
2.082825 2.241628 -1.153731
2.082825 2.241628 -1.153731
2.047292 2.435831 -0.6016909
2.047292 2.435831 -0.6016909
2.047292 2.435831 -0.6016909
2.047292 2.435831 -0.6016909
2.047292 2.435831 -0.6016909
2.047292 2.435831 -0.6016909
2.047292 2.435831 -0.6016909
2.783376 2.525304 -2.648072
2.783376 2.525304 -2.648072
2.783376 2.525304 -2.648072
2.783376 2.525304 -2.648072
2.783376 2.525304 -2.648072
2.783376 2.525304 -2.648072
2.783376 2.525304 -2.648072
2.783376 2.525304 -2.648072
2.783376 2.525304 -2.648072
2.783376 2.525304 -2.648072
2.783376 2.525304 -2.648072
2.783376 2.525304 -2.648072
2.783376 2.525304 -2.648072
2.491838 1.771606 -1.651431
2.491838 1.771606 -1.651431
2.491838 1.771606 -1.651431
2.491838 1.771606 -1.651431
2.491838 1.771606 -1.651431
2.491838 1.771606 -1.651431
2.491838 1.771606 -1.651431
2.491838 1.771606 -1.651431
2.491838 1.771606 -1.651431
2.491838 1.771606 -1.651431
2.491838 1.771606 -1.651431
2.491838 1.771606 -1.651431
2.491838 1.771606 -1.651431
2.491838 1.771606 -1.651431
2.334522 1.906172 -1.255764
2.334522 1.906172 -1.255764
2.334522 1.906172 -1.255764
2.334522 1.906172 -1.255764
2.334522 1.906172 -1.255764
2.384829 2.053345 -1.434454
2.384829 2.053345 -1.434454
2.384829 2.053345 -1.434454
2.384829 2.053345 -1.434454
2.384829 2.053345 -1.434454
2.384829 2.053345 -1.434454
2.384829 2.053345 -1.434454
2.384829 2.053345 -1.434454
2.384829 2.053345 -1.434454
2.384829 2.053345 -1.434454
2.384829 2.053345 -1.434454
2.384829 2.053345 -1.434454
2.384829 2.053345 -1.434454
2.384829 2.053345 -1.434454
2.384829 2.053345 -1.434454
2.384829 2.053345 -1.434454
2.384829 2.053345 -1.434454
2.384829 2.053345 -1.434454
2.384829 2.053345 -1.434454
2.384829 2.053345 -1.434454
2.384829 2.053345 -1.434454
2.384829 2.053345 -1.434454
2.384829 2.053345 -1.434454
2.384829 2.053345 -1.434454
2.384829 2.053345 -1.434454
2.384829 2.053345 -1.434454
2.384829 2.053345 -1.434454
2.384829 2.053345 -1.434454
2.384829 2.053345 -1.434454
2.384829 2.053345 -1.434454
2.384829 2.053345 -1.434454
2.384829 2.053345 -1.434454
2.384829 2.053345 -1.434454
2.384829 2.053345 -1.434454
2.384829 2.053345 -1.434454
2.384829 2.053345 -1.434454
2.384829 2.053345 -1.434454
2.384829 2.053345 -1.434454
2.384829 2.053345 -1.434454
2.384829 2.053345 -1.434454
2.550688 2.635756 -2.016
2.550688 2.635756 -2.016
2.550688 2.635756 -2.016
2.550688 2.635756 -2.016
2.550688 2.635756 -2.016
2.550688 2.635756 -2.016
2.550688 2.635756 -2.016
2.550688 2.635756 -2.016
2.550688 2.635756 -2.016
2.550688 2.635756 -2.016
2.550688 2.635756 -2.016
2.550688 2.635756 -2.016
2.550688 2.635756 -2.016
2.550688 2.635756 -2.016
2.550688 2.635756 -2.016
2.550688 2.635756 -2.016
2.550688 2.635756 -2.016
2.550688 2.635756 -2.016
2.550688 2.635756 -2.016
2.550688 2.635756 -2.016
2.590612 2.637935 -2.111446
2.590612 2.637935 -2.111446
2.590612 2.637935 -2.111446
2.590612 2.637935 -2.111446
2.590612 2.637935 -2.111446
2.590612 2.637935 -2.111446
2.590612 2.637935 -2.111446
2.590612 2.637935 -2.111446
2.590612 2.637935 -2.111446
2.590612 2.637935 -2.111446
2.590612 2.637935 -2.111446
2.590612 2.637935 -2.111446
2.590612 2.637935 -2.111446
2.590612 2.637935 -2.111446
2.590612 2.637935 -2.111446
2.590612 2.637935 -2.111446
2.590612 2.637935 -2.111446
2.590612 2.637935 -2.111446
2.590612 2.637935 -2.111446
2.590612 2.637935 -2.111446
2.590612 2.637935 -2.111446
2.797131 2.463238 -2.246577
2.797131 2.463238 -2.246577
2.797131 2.463238 -2.246577
2.797131 2.463238 -2.246577
2.797131 2.463238 -2.246577
2.797131 2.463238 -2.246577
2.797131 2.463238 -2.246577
2.797131 2.463238 -2.246577
2.797131 2.463238 -2.246577
2.797131 2.463238 -2.246577
2.797131 2.463238 -2.246577
2.797131 2.463238 -2.246577
2.797131 2.463238 -2.246577
2.797131 2.463238 -2.246577
2.797131 2.463238 -2.246577
2.797131 2.463238 -2.246577
2.797131 2.463238 -2.246577
2.797131 2.463238 -2.246577
2.797131 2.463238 -2.246577
2.797131 2.463238 -2.246577
2.797131 2.463238 -2.246577
2.797131 2.463238 -2.246577
2.797131 2.463238 -2.246577
2.797131 2.463238 -2.246577
2.797131 2.463238 -2.246577
2.797131 2.463238 -2.246577
2.797131 2.463238 -2.246577
2.797131 2.463238 -2.246577
2.797131 2.463238 -2.246577
2.797131 2.463238 -2.246577
2.797131 2.463238 -2.246577
2.797131 2.463238 -2.246577
2.797131 2.463238 -2.246577
2.797131 2.463238 -2.246577
2.797131 2.463238 -2.246577
2.797131 2.463238 -2.246577
2.797131 2.463238 -2.246577
2.797131 2.463238 -2.246577
2.797131 2.463238 -2.246577
2.81561 2.422546 -2.28009
2.81561 2.422546 -2.28009
2.81561 2.422546 -2.28009
2.81561 2.422546 -2.28009
2.81561 2.422546 -2.28009
2.81561 2.422546 -2.28009
2.81561 2.422546 -2.28009
2.81561 2.422546 -2.28009
2.81561 2.422546 -2.28009
2.81561 2.422546 -2.28009
2.81561 2.422546 -2.28009
2.81561 2.422546 -2.28009
2.81561 2.422546 -2.28009
2.81561 2.422546 -2.28009
2.81561 2.422546 -2.28009
2.81561 2.422546 -2.28009
2.81561 2.422546 -2.28009
2.81561 2.422546 -2.28009
2.81561 2.422546 -2.28009
2.81561 2.422546 -2.28009
2.81561 2.422546 -2.28009
2.81561 2.422546 -2.28009
2.81561 2.422546 -2.28009
2.81561 2.422546 -2.28009
2.81561 2.422546 -2.28009
2.81561 2.422546 -2.28009
2.81561 2.422546 -2.28009
2.81561 2.422546 -2.28009
2.81561 2.422546 -2.28009
2.81561 2.422546 -2.28009
2.81561 2.422546 -2.28009
2.81561 2.422546 -2.28009
2.81561 2.422546 -2.28009
2.81561 2.422546 -2.28009
2.81561 2.422546 -2.28009
2.81561 2.422546 -2.28009
2.81561 2.422546 -2.28009
2.81561 2.422546 -2.28009
2.81561 2.422546 -2.28009
2.81561 2.422546 -2.28009
2.81561 2.422546 -2.28009
2.81561 2.422546 -2.28009
2.81561 2.422546 -2.28009
2.81561 2.422546 -2.28009
2.81561 2.422546 -2.28009
2.81561 2.422546 -2.28009
2.81561 2.422546 -2.28009
2.81561 2.422546 -2.28009
2.81561 2.422546 -2.28009
2.81561 2.422546 -2.28009
2.81561 2.422546 -2.28009
2.81561 2.422546 -2.28009
2.81561 2.422546 -2.28009
2.81561 2.422546 -2.28009
2.81561 2.422546 -2.28009
2.81561 2.422546 -2.28009
2.81561 2.422546 -2.28009
2.81561 2.422546 -2.28009
2.81561 2.422546 -2.28009
2.81561 2.422546 -2.28009
2.816482 2.398942 -2.286206
2.816482 2.398942 -2.286206
2.816482 2.398942 -2.286206
2.816482 2.398942 -2.286206
2.816482 2.398942 -2.286206
2.816482 2.398942 -2.286206
2.816482 2.398942 -2.286206
2.816482 2.398942 -2.286206
2.816482 2.398942 -2.286206
2.816482 2.398942 -2.286206
2.816482 2.398942 -2.286206
2.816482 2.398942 -2.286206
2.816482 2.398942 -2.286206
2.816482 2.398942 -2.286206
2.816482 2.398942 -2.286206
2.816482 2.398942 -2.286206
2.816482 2.398942 -2.286206
2.816482 2.398942 -2.286206
2.816482 2.398942 -2.286206
2.816482 2.398942 -2.286206
2.816482 2.398942 -2.286206
2.816482 2.398942 -2.286206
2.816482 2.398942 -2.286206
2.816482 2.398942 -2.286206
2.816482 2.398942 -2.286206
2.816482 2.398942 -2.286206
2.816482 2.398942 -2.286206
2.816482 2.398942 -2.286206
2.816482 2.398942 -2.286206
2.816482 2.398942 -2.286206
2.816482 2.398942 -2.286206
2.816482 2.398942 -2.286206
2.816482 2.398942 -2.286206
2.816482 2.398942 -2.286206
2.816482 2.398942 -2.286206
2.816482 2.398942 -2.286206
2.816482 2.398942 -2.286206
2.816482 2.398942 -2.286206
2.816482 2.398942 -2.286206
2.816482 2.398942 -2.286206
2.816482 2.398942 -2.286206
2.816482 2.398942 -2.286206
2.816482 2.398942 -2.286206
2.816482 2.398942 -2.286206
2.816482 2.398942 -2.286206
2.816482 2.398942 -2.286206
2.816482 2.398942 -2.286206
2.816482 2.398942 -2.286206
2.816482 2.398942 -2.286206
2.816482 2.398942 -2.286206
2.816482 2.398942 -2.286206
2.816482 2.398942 -2.286206
2.816482 2.398942 -2.286206
2.816482 2.398942 -2.286206
2.816482 2.398942 -2.286206
2.816482 2.398942 -2.286206
2.816482 2.398942 -2.286206
2.816482 2.398942 -2.286206
2.816482 2.398942 -2.286206
2.816482 2.398942 -2.286206
2.842836 2.482438 -2.263101
2.842836 2.482438 -2.263101
2.842836 2.482438 -2.263101
2.842836 2.482438 -2.263101
2.842836 2.482438 -2.263101
2.842836 2.482438 -2.263101
2.842836 2.482438 -2.263101
2.842836 2.482438 -2.263101
2.842836 2.482438 -2.263101
2.842836 2.482438 -2.263101
2.842836 2.482438 -2.263101
2.842836 2.482438 -2.263101
2.842836 2.482438 -2.263101
2.842836 2.482438 -2.263101
2.842836 2.482438 -2.263101
2.842836 2.482438 -2.263101
2.842836 2.482438 -2.263101
2.842836 2.482438 -2.263101
2.842836 2.482438 -2.263101
2.842836 2.482438 -2.263101
2.842836 2.482438 -2.263101
2.842836 2.482438 -2.263101
2.842836 2.482438 -2.263101
2.842836 2.482438 -2.263101
2.842836 2.482438 -2.263101
2.842836 2.482438 -2.263101
2.842836 2.482438 -2.263101
2.842836 2.482438 -2.263101
2.842836 2.482438 -2.263101
2.842836 2.482438 -2.263101
2.842836 2.482438 -2.263101
2.842836 2.482438 -2.263101
2.842836 2.482438 -2.263101
2.842836 2.482438 -2.263101
2.842836 2.482438 -2.263101
2.842836 2.482438 -2.263101
2.842836 2.482438 -2.263101
2.842836 2.482438 -2.263101
2.842836 2.482438 -2.263101
2.842836 2.482438 -2.263101
2.842836 2.482438 -2.263101
2.842836 2.482438 -2.263101
2.842836 2.482438 -2.263101
2.842836 2.482438 -2.263101
2.842836 2.482438 -2.263101
2.842836 2.482438 -2.263101
2.842836 2.482438 -2.263101
2.842836 2.482438 -2.263101
2.842836 2.482438 -2.263101
2.842836 2.482438 -2.263101
2.842836 2.482438 -2.263101
2.842836 2.482438 -2.263101
2.842836 2.482438 -2.263101
2.842836 2.482438 -2.263101
2.842836 2.482438 -2.263101
2.842836 2.482438 -2.263101
2.842836 2.482438 -2.263101
2.842836 2.482438 -2.263101
2.842836 2.482438 -2.263101
2.842836 2.482438 -2.263101
2.861274 2.495176 -2.309068
2.861274 2.495176 -2.309068
2.861274 2.495176 -2.309068
2.861274 2.495176 -2.309068
2.861274 2.495176 -2.309068
2.861274 2.495176 -2.309068
2.861274 2.495176 -2.309068
2.861274 2.495176 -2.309068
2.861274 2.495176 -2.309068
2.861274 2.495176 -2.309068
2.861274 2.495176 -2.309068
2.861274 2.495176 -2.309068
2.861274 2.495176 -2.309068
2.861274 2.495176 -2.309068
2.861274 2.495176 -2.309068
2.861274 2.495176 -2.309068
2.861274 2.495176 -2.309068
2.861274 2.495176 -2.309068
2.861274 2.495176 -2.309068
2.861274 2.495176 -2.309068
2.861274 2.495176 -2.309068
2.861274 2.495176 -2.309068
2.861274 2.495176 -2.309068
2.861274 2.495176 -2.309068
2.861274 2.495176 -2.309068
2.861274 2.495176 -2.309068
2.861274 2.495176 -2.309068
2.861274 2.495176 -2.309068
2.861274 2.495176 -2.309068
2.861274 2.495176 -2.309068
2.861274 2.495176 -2.309068
2.861274 2.495176 -2.309068
2.861274 2.495176 -2.309068
2.861274 2.495176 -2.309068
2.861274 2.495176 -2.309068
2.861274 2.495176 -2.309068
2.861274 2.495176 -2.309068
2.861274 2.495176 -2.309068
2.861274 2.495176 -2.309068
2.861274 2.495176 -2.309068
2.861274 2.495176 -2.309068
2.861274 2.495176 -2.309068
2.861274 2.495176 -2.309068
2.861274 2.495176 -2.309068
2.861274 2.495176 -2.309068
2.861274 2.495176 -2.309068
2.861274 2.495176 -2.309068
2.861274 2.495176 -2.309068
2.861274 2.495176 -2.309068
2.861274 2.495176 -2.309068
2.861274 2.495176 -2.309068
2.861274 2.495176 -2.309068
2.861274 2.495176 -2.309068
2.861274 2.495176 -2.309068
2.861274 2.495176 -2.309068
2.861274 2.495176 -2.309068
2.861274 2.495176 -2.309068
2.861274 2.495176 -2.309068
2.861274 2.495176 -2.309068
2.861274 2.495176 -2.309068
2.878115 2.567732 -2.351051
2.878115 2.567732 -2.351051
2.878115 2.567732 -2.351051
2.878115 2.567732 -2.351051
2.878115 2.567732 -2.351051
2.878115 2.567732 -2.351051
2.878115 2.567732 -2.351051
2.878115 2.567732 -2.351051
2.878115 2.567732 -2.351051
2.878115 2.567732 -2.351051
2.878115 2.567732 -2.351051
2.878115 2.567732 -2.351051
2.878115 2.567732 -2.351051
2.878115 2.567732 -2.351051
2.878115 2.567732 -2.351051
2.878115 2.567732 -2.351051
2.878115 2.567732 -2.351051
2.878115 2.567732 -2.351051
2.878115 2.567732 -2.351051
2.878115 2.567732 -2.351051
