-0.2433209 0.3485877 -0.1752023
-0.2433209 0.3485877 -0.1752023
-0.2433209 0.3485877 -0.1752023
-0.2433209 0.3485877 -0.1752023
-0.2433209 0.3485877 -0.1752023
0.6756808 1.564353 -0.7853436
0.6756808 1.564353 -0.7853436
1.84139 2.066852 -1.428765
1.84139 2.066852 -1.428765
1.84139 2.066852 -1.428765
1.84139 2.066852 -1.428765
2.158772 3.544142 -0.7224081
2.158772 3.544142 -0.7224081
2.158772 3.544142 -0.7224081
2.158772 3.544142 -0.7224081
2.158772 3.544142 -0.7224081
2.158772 3.544142 -0.7224081
2.158772 3.544142 -0.7224081
2.158772 3.544142 -0.7224081
2.158772 3.544142 -0.7224081
2.158772 3.544142 -0.7224081
2.158772 3.544142 -0.7224081
2.158772 3.544142 -0.7224081
2.158772 3.544142 -0.7224081
2.175008 2.388445 -1.480698
2.175008 2.388445 -1.480698
2.175008 2.388445 -1.480698
2.175008 2.388445 -1.480698
2.175008 2.388445 -1.480698
2.175008 2.388445 -1.480698
2.175008 2.388445 -1.480698
2.175008 2.388445 -1.480698
2.175008 2.388445 -1.480698
2.175008 2.388445 -1.480698
2.175008 2.388445 -1.480698
2.175008 2.388445 -1.480698
2.175008 2.388445 -1.480698
2.175008 2.388445 -1.480698
2.175008 2.388445 -1.480698
2.175008 2.388445 -1.480698
2.175008 2.388445 -1.480698
2.175008 2.388445 -1.480698
2.175008 2.388445 -1.480698
2.175008 2.388445 -1.480698
2.175008 2.388445 -1.480698
2.175008 2.388445 -1.480698
2.175008 2.388445 -1.480698
2.591663 2.262076 -1.597146
2.591663 2.262076 -1.597146
2.591663 2.262076 -1.597146
2.591663 2.262076 -1.597146
2.591663 2.262076 -1.597146
2.591663 2.262076 -1.597146
2.591663 2.262076 -1.597146
2.591663 2.262076 -1.597146
2.591663 2.262076 -1.597146
2.591663 2.262076 -1.597146
2.591663 2.262076 -1.597146
2.591663 2.262076 -1.597146
2.591663 2.262076 -1.597146
2.77951 2.388349 -1.614732
2.77951 2.388349 -1.614732
2.77951 2.388349 -1.614732
2.77951 2.388349 -1.614732
2.77951 2.388349 -1.614732
2.102034 1.909521 -2.124308
2.102034 1.909521 -2.124308
2.135879 2.695126 -0.2614434
2.135879 2.695126 -0.2614434
2.135879 2.695126 -0.2614434
2.135879 2.695126 -0.2614434
2.135879 2.695126 -0.2614434
2.135879 2.695126 -0.2614434
2.135879 2.695126 -0.2614434
2.135879 2.695126 -0.2614434
2.135879 2.695126 -0.2614434
2.135879 2.695126 -0.2614434
2.135879 2.695126 -0.2614434
2.135879 2.695126 -0.2614434
2.135879 2.695126 -0.2614434
2.135879 2.695126 -0.2614434
2.135879 2.695126 -0.2614434
2.135879 2.695126 -0.2614434
2.135879 2.695126 -0.2614434
2.135879 2.695126 -0.2614434
2.135879 2.695126 -0.2614434
2.135879 2.695126 -0.2614434
2.135879 2.695126 -0.2614434
2.135879 2.695126 -0.2614434
2.135879 2.695126 -0.2614434
2.135879 2.695126 -0.2614434
2.135879 2.695126 -0.2614434
2.135879 2.695126 -0.2614434
2.135879 2.695126 -0.2614434
2.135879 2.695126 -0.2614434
2.135879 2.695126 -0.2614434
2.135879 2.695126 -0.2614434
2.135879 2.695126 -0.2614434
2.135879 2.695126 -0.2614434
1.848879 2.155231 -0.3207314
1.848879 2.155231 -0.3207314
1.848879 2.155231 -0.3207314
1.848879 2.155231 -0.3207314
1.848879 2.155231 -0.3207314
1.848879 2.155231 -0.3207314
1.848879 2.155231 -0.3207314
1.848879 2.155231 -0.3207314
1.848879 2.155231 -0.3207314
1.848879 2.155231 -0.3207314
1.848879 2.155231 -0.3207314
1.848879 2.155231 -0.3207314
1.848879 2.155231 -0.3207314
1.848879 2.155231 -0.3207314
1.848879 2.155231 -0.3207314
1.848879 2.155231 -0.3207314
1.848879 2.155231 -0.3207314
1.848879 2.155231 -0.3207314
1.848879 2.155231 -0.3207314
1.848879 2.155231 -0.3207314
1.848879 2.155231 -0.3207314
2.409407 2.631474 -0.4860746
2.409407 2.631474 -0.4860746
1.940533 1.831271 -0.5113996
1.940533 1.831271 -0.5113996
1.940533 1.831271 -0.5113996
1.940533 1.831271 -0.5113996
1.940533 1.831271 -0.5113996
1.940533 1.831271 -0.5113996
1.940533 1.831271 -0.5113996
1.940533 1.831271 -0.5113996
1.940533 1.831271 -0.5113996
1.940533 1.831271 -0.5113996
1.940533 1.831271 -0.5113996
1.940533 1.831271 -0.5113996
1.940533 1.831271 -0.5113996
1.940533 1.831271 -0.5113996
1.940533 1.831271 -0.5113996
1.940533 1.831271 -0.5113996
1.940533 1.831271 -0.5113996
1.940533 1.831271 -0.5113996
1.940533 1.831271 -0.5113996
1.940533 1.831271 -0.5113996
1.940533 1.831271 -0.5113996
1.940533 1.831271 -0.5113996
1.940533 1.831271 -0.5113996
1.940533 1.831271 -0.5113996
1.940533 1.831271 -0.5113996
1.940533 1.831271 -0.5113996
1.940533 1.831271 -0.5113996
1.940533 1.831271 -0.5113996
1.940533 1.831271 -0.5113996
1.940533 1.831271 -0.5113996
1.940533 1.831271 -0.5113996
1.940533 1.831271 -0.5113996
1.940533 1.831271 -0.5113996
1.940533 1.831271 -0.5113996
1.940533 1.831271 -0.5113996
1.940533 1.831271 -0.5113996
1.940533 1.831271 -0.5113996
1.940533 1.831271 -0.5113996
1.940533 1.831271 -0.5113996
1.940533 1.831271 -0.5113996
1.940533 1.831271 -0.5113996
1.940533 1.831271 -0.5113996
1.940533 1.831271 -0.5113996
1.940533 1.831271 -0.5113996
1.940533 1.831271 -0.5113996
1.940533 1.831271 -0.5113996
1.940533 1.831271 -0.5113996
1.940533 1.831271 -0.5113996
1.940533 1.831271 -0.5113996
1.940533 1.831271 -0.5113996
1.940533 1.831271 -0.5113996
1.940533 1.831271 -0.5113996
1.940533 1.831271 -0.5113996
1.940533 1.831271 -0.5113996
1.940533 1.831271 -0.5113996
1.940533 1.831271 -0.5113996
1.940533 1.831271 -0.5113996
1.940533 1.831271 -0.5113996
2.281505 2.143756 -0.7105347
2.281505 2.143756 -0.7105347
2.281505 2.143756 -0.7105347
2.281505 2.143756 -0.7105347
2.281505 2.143756 -0.7105347
2.281505 2.143756 -0.7105347
2.281505 2.143756 -0.7105347
2.281505 2.143756 -0.7105347
2.281505 2.143756 -0.7105347
2.281505 2.143756 -0.7105347
2.281505 2.143756 -0.7105347
2.281505 2.143756 -0.7105347
2.281505 2.143756 -0.7105347
2.281505 2.143756 -0.7105347
2.281505 2.143756 -0.7105347
2.281505 2.143756 -0.7105347
2.281505 2.143756 -0.7105347
2.281505 2.143756 -0.7105347
2.281505 2.143756 -0.7105347
2.281505 2.143756 -0.7105347
2.281505 2.143756 -0.7105347
2.281505 2.143756 -0.7105347
2.281505 2.143756 -0.7105347
2.281505 2.143756 -0.7105347
2.281505 2.143756 -0.7105347
2.281505 2.143756 -0.7105347
2.281505 2.143756 -0.7105347
2.281505 2.143756 -0.7105347
2.281505 2.143756 -0.7105347
2.281505 2.143756 -0.7105347
2.281505 2.143756 -0.7105347
2.281505 2.143756 -0.7105347
2.281505 2.143756 -0.7105347
2.281505 2.143756 -0.7105347
2.281505 2.143756 -0.7105347
2.281505 2.143756 -0.7105347
2.281505 2.143756 -0.7105347
2.281505 2.143756 -0.7105347
2.281505 2.143756 -0.7105347
2.281505 2.143756 -0.7105347
2.281505 2.143756 -0.7105347
2.281505 2.143756 -0.7105347
2.281505 2.143756 -0.7105347
2.281505 2.143756 -0.7105347
2.281505 2.143756 -0.7105347
2.281505 2.143756 -0.7105347
1.981276 2.33786 -0.06483559
1.981276 2.33786 -0.06483559
1.981276 2.33786 -0.06483559
1.981276 2.33786 -0.06483559
1.981276 2.33786 -0.06483559
1.981276 2.33786 -0.06483559
1.981276 2.33786 -0.06483559
1.981276 2.33786 -0.06483559
1.981276 2.33786 -0.06483559
1.981276 2.33786 -0.06483559
1.981276 2.33786 -0.06483559
1.981276 2.33786 -0.06483559
1.981276 2.33786 -0.06483559
1.981276 2.33786 -0.06483559
2.225036 2.555004 -0.2216966
2.225036 2.555004 -0.2216966
2.225036 2.555004 -0.2216966
2.225036 2.555004 -0.2216966
2.225036 2.555004 -0.2216966
2.225036 2.555004 -0.2216966
2.225036 2.555004 -0.2216966
2.225036 2.555004 -0.2216966
2.225036 2.555004 -0.2216966
2.225036 2.555004 -0.2216966
2.225036 2.555004 -0.2216966
2.225036 2.555004 -0.2216966
2.225036 2.555004 -0.2216966
2.225036 2.555004 -0.2216966
2.225036 2.555004 -0.2216966
2.225036 2.555004 -0.2216966
2.225036 2.555004 -0.2216966
2.225036 2.555004 -0.2216966
2.225036 2.555004 -0.2216966
2.225036 2.555004 -0.2216966
2.225036 2.555004 -0.2216966
2.225036 2.555004 -0.2216966
2.225036 2.555004 -0.2216966
2.225036 2.555004 -0.2216966
2.225036 2.555004 -0.2216966
2.225036 2.555004 -0.2216966
2.225036 2.555004 -0.2216966
1.950724 1.957838 -0.7864715
2.097522 1.330289 -1.627145
2.097522 1.330289 -1.627145
2.097522 1.330289 -1.627145
2.097522 1.330289 -1.627145
2.097522 1.330289 -1.627145
2.097522 1.330289 -1.627145
2.371829 1.705463 -1.626701
2.371829 1.705463 -1.626701
2.751494 2.219694 -2.025147
2.751494 2.219694 -2.025147
2.751494 2.219694 -2.025147
2.751494 2.219694 -2.025147
2.751494 2.219694 -2.025147
2.567916 1.99263 -2.114749
2.567916 1.99263 -2.114749
2.567916 1.99263 -2.114749
2.567916 1.99263 -2.114749
2.567916 1.99263 -2.114749
2.567916 1.99263 -2.114749
2.567916 1.99263 -2.114749
2.567916 1.99263 -2.114749
2.294894 1.783827 -1.323945
2.294894 1.783827 -1.323945
2.294894 1.783827 -1.323945
2.294894 1.783827 -1.323945
2.294894 1.783827 -1.323945
2.294894 1.783827 -1.323945
2.294894 1.783827 -1.323945
2.294894 1.783827 -1.323945
2.294894 1.783827 -1.323945
2.294894 1.783827 -1.323945
2.294894 1.783827 -1.323945
2.273073 2.172446 -2.019757
2.273073 2.172446 -2.019757
2.273073 2.172446 -2.019757
2.273073 2.172446 -2.019757
2.273073 2.172446 -2.019757
2.273073 2.172446 -2.019757
2.273073 2.172446 -2.019757
2.273073 2.172446 -2.019757
2.273073 2.172446 -2.019757
2.273073 2.172446 -2.019757
2.273073 2.172446 -2.019757
2.273073 2.172446 -2.019757
2.273073 2.172446 -2.019757
2.273073 2.172446 -2.019757
2.273073 2.172446 -2.019757
2.273073 2.172446 -2.019757
2.273073 2.172446 -2.019757
2.273073 2.172446 -2.019757
2.273073 2.172446 -2.019757
2.273073 2.172446 -2.019757
2.273073 2.172446 -2.019757
2.273073 2.172446 -2.019757
2.273073 2.172446 -2.019757
2.273073 2.172446 -2.019757
2.273073 2.172446 -2.019757
2.273073 2.172446 -2.019757
2.273073 2.172446 -2.019757
2.273073 2.172446 -2.019757
2.273073 2.172446 -2.019757
2.273073 2.172446 -2.019757
2.273073 2.172446 -2.019757
2.307601 1.953725 -2.042564
2.307601 1.953725 -2.042564
2.307601 1.953725 -2.042564
2.307601 1.953725 -2.042564
2.307601 1.953725 -2.042564
2.307601 1.953725 -2.042564
2.307601 1.953725 -2.042564
2.307601 1.953725 -2.042564
2.307601 1.953725 -2.042564
2.307601 1.953725 -2.042564
2.307601 1.953725 -2.042564
2.115979 1.418363 -1.423581
2.115979 1.418363 -1.423581
2.115979 1.418363 -1.423581
2.115979 1.418363 -1.423581
2.115979 1.418363 -1.423581
2.686476 2.777037 -2.11678
2.686476 2.777037 -2.11678
2.686476 2.777037 -2.11678
2.686476 2.777037 -2.11678
2.686476 2.777037 -2.11678
2.258307 1.302012 -1.777541
2.258307 1.302012 -1.777541
2.258307 1.302012 -1.777541
2.258307 1.302012 -1.777541
2.258307 1.302012 -1.777541
2.258307 1.302012 -1.777541
2.258307 1.302012 -1.777541
2.258307 1.302012 -1.777541
2.543818 2.002772 -1.836645
2.543818 2.002772 -1.836645
2.543818 2.002772 -1.836645
2.543818 2.002772 -1.836645
2.543818 2.002772 -1.836645
2.543818 2.002772 -1.836645
2.543818 2.002772 -1.836645
2.543818 2.002772 -1.836645
2.543818 2.002772 -1.836645
2.543818 2.002772 -1.836645
2.543818 2.002772 -1.836645
2.543818 2.002772 -1.836645
2.543818 2.002772 -1.836645
2.543818 2.002772 -1.836645
2.543818 2.002772 -1.836645
2.543818 2.002772 -1.836645
2.543818 2.002772 -1.836645
2.543818 2.002772 -1.836645
2.543818 2.002772 -1.836645
2.543818 2.002772 -1.836645
2.543818 2.002772 -1.836645
2.543818 2.002772 -1.836645
2.543818 2.002772 -1.836645
2.543818 2.002772 -1.836645
2.543818 2.002772 -1.836645
2.543818 2.002772 -1.836645
2.543818 2.002772 -1.836645
2.543818 2.002772 -1.836645
2.543818 2.002772 -1.836645
2.543818 2.002772 -1.836645
2.543818 2.002772 -1.836645
2.543818 2.002772 -1.836645
2.543818 2.002772 -1.836645
2.543818 2.002772 -1.836645
2.543818 2.002772 -1.836645
2.543818 2.002772 -1.836645
2.543818 2.002772 -1.836645
2.543818 2.002772 -1.836645
2.543818 2.002772 -1.836645
2.543818 2.002772 -1.836645
2.543818 2.002772 -1.836645
2.543818 2.002772 -1.836645
2.543818 2.002772 -1.836645
2.543818 2.002772 -1.836645
2.543818 2.002772 -1.836645
2.543818 2.002772 -1.836645
2.543818 2.002772 -1.836645
2.543818 2.002772 -1.836645
2.543818 2.002772 -1.836645
2.543818 2.002772 -1.836645
2.543818 2.002772 -1.836645
2.543818 2.002772 -1.836645
2.543818 2.002772 -1.836645
2.543818 2.002772 -1.836645
2.543818 2.002772 -1.836645
2.543818 2.002772 -1.836645
2.543818 2.002772 -1.836645
2.543818 2.002772 -1.836645
2.543818 2.002772 -1.836645
2.543818 2.002772 -1.836645
2.718427 2.176654 -1.938833
2.718427 2.176654 -1.938833
2.718427 2.176654 -1.938833
2.718427 2.176654 -1.938833
2.718427 2.176654 -1.938833
2.718427 2.176654 -1.938833
2.718427 2.176654 -1.938833
2.718427 2.176654 -1.938833
2.718427 2.176654 -1.938833
2.718427 2.176654 -1.938833
2.718427 2.176654 -1.938833
2.718427 2.176654 -1.938833
2.718427 2.176654 -1.938833
2.718427 2.176654 -1.938833
2.718427 2.176654 -1.938833
2.718427 2.176654 -1.938833
2.718427 2.176654 -1.938833
2.718427 2.176654 -1.938833
2.718427 2.176654 -1.938833
2.718427 2.176654 -1.938833
2.718427 2.176654 -1.938833
2.718427 2.176654 -1.938833
2.718427 2.176654 -1.938833
2.718427 2.176654 -1.938833
2.718427 2.176654 -1.938833
2.718427 2.176654 -1.938833
2.718427 2.176654 -1.938833
2.718427 2.176654 -1.938833
2.362803 1.763247 -1.513191
2.362803 1.763247 -1.513191
2.362803 1.763247 -1.513191
2.738062 2.753535 -1.730475
2.738062 2.753535 -1.730475
2.738062 2.753535 -1.730475
2.738062 2.753535 -1.730475
2.738062 2.753535 -1.730475
2.738062 2.753535 -1.730475
2.738062 2.753535 -1.730475
2.738062 2.753535 -1.730475
2.738062 2.753535 -1.730475
2.738062 2.753535 -1.730475
2.738062 2.753535 -1.730475
2.738062 2.753535 -1.730475
2.738062 2.753535 -1.730475
2.738062 2.753535 -1.730475
2.738062 2.753535 -1.730475
2.738062 2.753535 -1.730475
2.738062 2.753535 -1.730475
2.738062 2.753535 -1.730475
2.738062 2.753535 -1.730475
2.738062 2.753535 -1.730475
2.738062 2.753535 -1.730475
2.738062 2.753535 -1.730475
2.738062 2.753535 -1.730475
2.738062 2.753535 -1.730475
2.738062 2.753535 -1.730475
2.738062 2.753535 -1.730475
2.738062 2.753535 -1.730475
2.738062 2.753535 -1.730475
2.738062 2.753535 -1.730475
2.836701 2.842511 -1.856797
2.836701 2.842511 -1.856797
2.836701 2.842511 -1.856797
2.653627 2.630725 -1.515425
2.653627 2.630725 -1.515425
2.653627 2.630725 -1.515425
2.653627 2.630725 -1.515425
2.653627 2.630725 -1.515425
2.653627 2.630725 -1.515425
2.653627 2.630725 -1.515425
2.653627 2.630725 -1.515425
2.653627 2.630725 -1.515425
2.653627 2.630725 -1.515425
2.653627 2.630725 -1.515425
2.653627 2.630725 -1.515425
2.653627 2.630725 -1.515425
2.653627 2.630725 -1.515425
2.653627 2.630725 -1.515425
2.653627 2.630725 -1.515425
2.653627 2.630725 -1.515425
2.653627 2.630725 -1.515425
2.653627 2.630725 -1.515425
2.653627 2.630725 -1.515425
2.653627 2.630725 -1.515425
2.653627 2.630725 -1.515425
2.653627 2.630725 -1.515425
2.653627 2.630725 -1.515425
2.653627 2.630725 -1.515425
2.653627 2.630725 -1.515425
2.653627 2.630725 -1.515425
2.653627 2.630725 -1.515425
2.653627 2.630725 -1.515425
2.653627 2.630725 -1.515425
2.653627 2.630725 -1.515425
2.653627 2.630725 -1.515425
2.653627 2.630725 -1.515425
2.653627 2.630725 -1.515425
2.653627 2.630725 -1.515425
2.653627 2.630725 -1.515425
2.653627 2.630725 -1.515425
2.653627 2.630725 -1.515425
2.653627 2.630725 -1.515425
2.653627 2.630725 -1.515425
2.653627 2.630725 -1.515425
2.653627 2.630725 -1.515425
2.653627 2.630725 -1.515425
2.653627 2.630725 -1.515425
2.653627 2.630725 -1.515425
2.653627 2.630725 -1.515425
2.653627 2.630725 -1.515425
2.653627 2.630725 -1.515425
3.024894 2.662909 -2.758119
3.024894 2.662909 -2.758119
3.024894 2.662909 -2.758119
3.024894 2.662909 -2.758119
3.024894 2.662909 -2.758119
3.024894 2.662909 -2.758119
3.024894 2.662909 -2.758119
3.024894 2.662909 -2.758119
3.024894 2.662909 -2.758119
3.009514 2.689904 -2.817471
3.009514 2.689904 -2.817471
3.009514 2.689904 -2.817471
3.009514 2.689904 -2.817471
3.009514 2.689904 -2.817471
3.009514 2.689904 -2.817471
3.009514 2.689904 -2.817471
3.009514 2.689904 -2.817471
3.009514 2.689904 -2.817471
3.009514 2.689904 -2.817471
3.009514 2.689904 -2.817471
3.009514 2.689904 -2.817471
3.009514 2.689904 -2.817471
3.009514 2.689904 -2.817471
3.009514 2.689904 -2.817471
3.009514 2.689904 -2.817471
3.009514 2.689904 -2.817471
3.009514 2.689904 -2.817471
3.009514 2.689904 -2.817471
3.009514 2.689904 -2.817471
3.009514 2.689904 -2.817471
3.009514 2.689904 -2.817471
3.009514 2.689904 -2.817471
3.009514 2.689904 -2.817471
3.009514 2.689904 -2.817471
3.009514 2.689904 -2.817471
2.43385 2.093856 -1.607553
2.43385 2.093856 -1.607553
2.43385 2.093856 -1.607553
2.43385 2.093856 -1.607553
2.43385 2.093856 -1.607553
2.43385 2.093856 -1.607553
2.43385 2.093856 -1.607553
2.43385 2.093856 -1.607553
2.43385 2.093856 -1.607553
2.43385 2.093856 -1.607553
2.43385 2.093856 -1.607553
2.43385 2.093856 -1.607553
2.43385 2.093856 -1.607553
2.43385 2.093856 -1.607553
2.43385 2.093856 -1.607553
2.43385 2.093856 -1.607553
2.43385 2.093856 -1.607553
2.43385 2.093856 -1.607553
2.43385 2.093856 -1.607553
2.43385 2.093856 -1.607553
2.43385 2.093856 -1.607553
2.43385 2.093856 -1.607553
2.43385 2.093856 -1.607553
2.43385 2.093856 -1.607553
2.43385 2.093856 -1.607553
2.43385 2.093856 -1.607553
2.43385 2.093856 -1.607553
2.43385 2.093856 -1.607553
2.43385 2.093856 -1.607553
2.43385 2.093856 -1.607553
2.43385 2.093856 -1.607553
2.43385 2.093856 -1.607553
2.43385 2.093856 -1.607553
2.43385 2.093856 -1.607553
2.459465 2.095656 -1.742414
2.459465 2.095656 -1.742414
2.459465 2.095656 -1.742414
2.459465 2.095656 -1.742414
2.459465 2.095656 -1.742414
2.459465 2.095656 -1.742414
2.459465 2.095656 -1.742414
2.459465 2.095656 -1.742414
2.459465 2.095656 -1.742414
2.459465 2.095656 -1.742414
2.459465 2.095656 -1.742414
2.459465 2.095656 -1.742414
2.459465 2.095656 -1.742414
2.459465 2.095656 -1.742414
2.459465 2.095656 -1.742414
2.459465 2.095656 -1.742414
2.459465 2.095656 -1.742414
2.459465 2.095656 -1.742414
2.459465 2.095656 -1.742414
2.459465 2.095656 -1.742414
2.459465 2.095656 -1.742414
2.459465 2.095656 -1.742414
2.459465 2.095656 -1.742414
2.459465 2.095656 -1.742414
2.459465 2.095656 -1.742414
2.459465 2.095656 -1.742414
2.459465 2.095656 -1.742414
2.459465 2.095656 -1.742414
2.459465 2.095656 -1.742414
2.459465 2.095656 -1.742414
2.459465 2.095656 -1.742414
2.459465 2.095656 -1.742414
2.459465 2.095656 -1.742414
2.459465 2.095656 -1.742414
2.459465 2.095656 -1.742414
2.459465 2.095656 -1.742414
2.459465 2.095656 -1.742414
2.459465 2.095656 -1.742414
2.459465 2.095656 -1.742414
2.459465 2.095656 -1.742414
2.459465 2.095656 -1.742414
2.459465 2.095656 -1.742414
2.459465 2.095656 -1.742414
2.459465 2.095656 -1.742414
2.459465 2.095656 -1.742414
2.459465 2.095656 -1.742414
2.459465 2.095656 -1.742414
2.459465 2.095656 -1.742414
2.459465 2.095656 -1.742414
2.459465 2.095656 -1.742414
2.459465 2.095656 -1.742414
2.459465 2.095656 -1.742414
2.459465 2.095656 -1.742414
2.459465 2.095656 -1.742414
2.459465 2.095656 -1.742414
2.459465 2.095656 -1.742414
2.459465 2.095656 -1.742414
2.459465 2.095656 -1.742414
2.459465 2.095656 -1.742414
2.459465 2.095656 -1.742414
2.487824 2.09273 -1.845283
2.487824 2.09273 -1.845283
2.487824 2.09273 -1.845283
2.487824 2.09273 -1.845283
2.487824 2.09273 -1.845283
2.487824 2.09273 -1.845283
2.487824 2.09273 -1.845283
2.487824 2.09273 -1.845283
2.487824 2.09273 -1.845283
2.487824 2.09273 -1.845283
2.487824 2.09273 -1.845283
2.487824 2.09273 -1.845283
2.487824 2.09273 -1.845283
2.487824 2.09273 -1.845283
2.487824 2.09273 -1.845283
2.487824 2.09273 -1.845283
2.487824 2.09273 -1.845283
2.487824 2.09273 -1.845283
2.487824 2.09273 -1.845283
2.487824 2.09273 -1.845283
2.487824 2.09273 -1.845283
2.487824 2.09273 -1.845283
2.487824 2.09273 -1.845283
2.487824 2.09273 -1.845283
2.487824 2.09273 -1.845283
2.487824 2.09273 -1.845283
2.487824 2.09273 -1.845283
2.487824 2.09273 -1.845283
2.487824 2.09273 -1.845283
2.487824 2.09273 -1.845283
2.487824 2.09273 -1.845283
2.487824 2.09273 -1.845283
2.487824 2.09273 -1.845283
2.487824 2.09273 -1.845283
2.487824 2.09273 -1.845283
2.487824 2.09273 -1.845283
2.487824 2.09273 -1.845283
2.487824 2.09273 -1.845283
2.487824 2.09273 -1.845283
2.487824 2.09273 -1.845283
2.487824 2.09273 -1.845283
2.487824 2.09273 -1.845283
2.487824 2.09273 -1.845283
2.487824 2.09273 -1.845283
2.487824 2.09273 -1.845283
2.487824 2.09273 -1.845283
2.487824 2.09273 -1.845283
2.487824 2.09273 -1.845283
2.487824 2.09273 -1.845283
2.487824 2.09273 -1.845283
2.487824 2.09273 -1.845283
2.487824 2.09273 -1.845283
2.487824 2.09273 -1.845283
2.487824 2.09273 -1.845283
2.487824 2.09273 -1.845283
2.487824 2.09273 -1.845283
2.487824 2.09273 -1.845283
2.866918 2.673502 -2.205633
2.866918 2.673502 -2.205633
2.866918 2.673502 -2.205633
2.919847 2.707946 -2.24708
2.919847 2.707946 -2.24708
2.919847 2.707946 -2.24708
2.919847 2.707946 -2.24708
2.919847 2.707946 -2.24708
2.919847 2.707946 -2.24708
2.919847 2.707946 -2.24708
2.919847 2.707946 -2.24708
2.919847 2.707946 -2.24708
2.919847 2.707946 -2.24708
2.919847 2.707946 -2.24708
2.919847 2.707946 -2.24708
2.919847 2.707946 -2.24708
2.919847 2.707946 -2.24708
2.919847 2.707946 -2.24708
2.919847 2.707946 -2.24708
2.919847 2.707946 -2.24708
2.919847 2.707946 -2.24708
2.919847 2.707946 -2.24708
2.919847 2.707946 -2.24708
2.919847 2.707946 -2.24708
2.919847 2.707946 -2.24708
2.919847 2.707946 -2.24708
2.919847 2.707946 -2.24708
2.919847 2.707946 -2.24708
2.919847 2.707946 -2.24708
2.919847 2.707946 -2.24708
2.919847 2.707946 -2.24708
2.919847 2.707946 -2.24708
2.919847 2.707946 -2.24708
2.919847 2.707946 -2.24708
2.919847 2.707946 -2.24708
2.919847 2.707946 -2.24708
2.919847 2.707946 -2.24708
2.919847 2.707946 -2.24708
2.919847 2.707946 -2.24708
2.919847 2.707946 -2.24708
2.919847 2.707946 -2.24708
2.919847 2.707946 -2.24708
2.919847 2.707946 -2.24708
2.919847 2.707946 -2.24708
2.919847 2.707946 -2.24708
2.919847 2.707946 -2.24708
2.919847 2.707946 -2.24708
2.919847 2.707946 -2.24708
2.886252 2.796718 -2.208678
2.886252 2.796718 -2.208678
2.886252 2.796718 -2.208678
2.886252 2.796718 -2.208678
2.886252 2.796718 -2.208678
2.886252 2.796718 -2.208678
2.886252 2.796718 -2.208678
2.886252 2.796718 -2.208678
2.886252 2.796718 -2.208678
2.886252 2.796718 -2.208678
2.886252 2.796718 -2.208678
2.886252 2.796718 -2.208678
2.886252 2.796718 -2.208678
2.886252 2.796718 -2.208678
2.886252 2.796718 -2.208678
2.929755 2.805329 -2.22377
2.929755 2.805329 -2.22377
2.929755 2.805329 -2.22377
2.929755 2.805329 -2.22377
2.929755 2.805329 -2.22377
2.929755 2.805329 -2.22377
2.929755 2.805329 -2.22377
2.625156 2.113282 -2.154462
2.625156 2.113282 -2.154462
2.625156 2.113282 -2.154462
2.625156 2.113282 -2.154462
2.625156 2.113282 -2.154462
2.625156 2.113282 -2.154462
2.625156 2.113282 -2.154462
2.625156 2.113282 -2.154462
2.625156 2.113282 -2.154462
2.625156 2.113282 -2.154462
2.625156 2.113282 -2.154462
2.625156 2.113282 -2.154462
2.625156 2.113282 -2.154462
2.625156 2.113282 -2.154462
2.625156 2.113282 -2.154462
2.625156 2.113282 -2.154462
2.625156 2.113282 -2.154462
2.625156 2.113282 -2.154462
2.625156 2.113282 -2.154462
2.625156 2.113282 -2.154462
2.625156 2.113282 -2.154462
3.059287 2.926444 -2.603722
3.059287 2.926444 -2.603722
3.059287 2.926444 -2.603722
3.088129 2.580558 -2.669421
3.088129 2.580558 -2.669421
3.088129 2.580558 -2.669421
3.088129 2.580558 -2.669421
3.088129 2.580558 -2.669421
3.088129 2.580558 -2.669421
3.088129 2.580558 -2.669421
3.088129 2.580558 -2.669421
3.088129 2.580558 -2.669421
3.088129 2.580558 -2.669421
3.088129 2.580558 -2.669421
3.088129 2.580558 -2.669421
3.088129 2.580558 -2.669421
3.088129 2.580558 -2.669421
3.088129 2.580558 -2.669421
2.805704 2.529584 -2.153303
2.805704 2.529584 -2.153303
2.805704 2.529584 -2.153303
2.805704 2.529584 -2.153303
2.805704 2.529584 -2.153303
2.805704 2.529584 -2.153303
2.805704 2.529584 -2.153303
2.805704 2.529584 -2.153303
2.805704 2.529584 -2.153303
2.805704 2.529584 -2.153303
2.805704 2.529584 -2.153303
2.805704 2.529584 -2.153303
2.805704 2.529584 -2.153303
2.805704 2.529584 -2.153303
2.853807 2.535528 -2.135459
2.853807 2.535528 -2.135459
2.853807 2.535528 -2.135459
2.853807 2.535528 -2.135459
2.853807 2.535528 -2.135459
2.853807 2.535528 -2.135459
2.853807 2.535528 -2.135459
2.853807 2.535528 -2.135459
2.853807 2.535528 -2.135459
2.853807 2.535528 -2.135459
2.853807 2.535528 -2.135459
2.853807 2.535528 -2.135459
2.853807 2.535528 -2.135459
2.853807 2.535528 -2.135459
2.853807 2.535528 -2.135459
2.853807 2.535528 -2.135459
2.853807 2.535528 -2.135459
2.853807 2.535528 -2.135459
2.853807 2.535528 -2.135459
2.853807 2.535528 -2.135459
2.853807 2.535528 -2.135459
2.853807 2.535528 -2.135459
2.853807 2.535528 -2.135459
2.853807 2.535528 -2.135459
2.853807 2.535528 -2.135459
2.853807 2.535528 -2.135459
2.853807 2.535528 -2.135459
2.853807 2.535528 -2.135459
2.853807 2.535528 -2.135459
2.853807 2.535528 -2.135459
2.853807 2.535528 -2.135459
2.853807 2.535528 -2.135459
2.853807 2.535528 -2.135459
2.853807 2.535528 -2.135459
2.853807 2.535528 -2.135459
2.853807 2.535528 -2.135459
2.853807 2.535528 -2.135459
2.853807 2.535528 -2.135459
2.853807 2.535528 -2.135459
2.853807 2.535528 -2.135459
2.853807 2.535528 -2.135459
2.853807 2.535528 -2.135459
2.853807 2.535528 -2.135459
2.853807 2.535528 -2.135459
2.853807 2.535528 -2.135459
2.853807 2.535528 -2.135459
2.853807 2.535528 -2.135459
2.853807 2.535528 -2.135459
2.853807 2.535528 -2.135459
2.853807 2.535528 -2.135459
2.853807 2.535528 -2.135459
2.853807 2.535528 -2.135459
2.853807 2.535528 -2.135459
2.853807 2.535528 -2.135459
2.853807 2.535528 -2.135459
2.853807 2.535528 -2.135459
2.853807 2.535528 -2.135459
2.853807 2.535528 -2.135459
2.853807 2.535528 -2.135459
2.853807 2.535528 -2.135459
2.895644 2.54452 -2.198918
2.895644 2.54452 -2.198918
2.895644 2.54452 -2.198918
2.895644 2.54452 -2.198918
2.895644 2.54452 -2.198918
2.895644 2.54452 -2.198918
2.895644 2.54452 -2.198918
2.895644 2.54452 -2.198918
2.895644 2.54452 -2.198918
2.895644 2.54452 -2.198918
2.895644 2.54452 -2.198918
2.895644 2.54452 -2.198918
2.895644 2.54452 -2.198918
2.895644 2.54452 -2.198918
2.895644 2.54452 -2.198918
2.895644 2.54452 -2.198918
2.895644 2.54452 -2.198918
2.895644 2.54452 -2.198918
2.895644 2.54452 -2.198918
2.895644 2.54452 -2.198918
2.895644 2.54452 -2.198918
2.895644 2.54452 -2.198918
2.895644 2.54452 -2.198918
2.895644 2.54452 -2.198918
2.895644 2.54452 -2.198918
2.895644 2.54452 -2.198918
2.895644 2.54452 -2.198918
2.895644 2.54452 -2.198918
2.895644 2.54452 -2.198918
2.895644 2.54452 -2.198918
2.895644 2.54452 -2.198918
2.895644 2.54452 -2.198918
2.895644 2.54452 -2.198918
2.895644 2.54452 -2.198918
2.895644 2.54452 -2.198918
2.895644 2.54452 -2.198918
2.895644 2.54452 -2.198918
2.895644 2.54452 -2.198918
2.895644 2.54452 -2.198918
2.895644 2.54452 -2.198918
2.895644 2.54452 -2.198918
2.895644 2.54452 -2.198918
2.895644 2.54452 -2.198918
2.895644 2.54452 -2.198918
2.895644 2.54452 -2.198918
2.895644 2.54452 -2.198918
2.895644 2.54452 -2.198918
2.895644 2.54452 -2.198918
2.895644 2.54452 -2.198918
2.895644 2.54452 -2.198918
2.895644 2.54452 -2.198918
2.895644 2.54452 -2.198918
2.895644 2.54452 -2.198918
2.895644 2.54452 -2.198918
2.895644 2.54452 -2.198918
2.895644 2.54452 -2.198918
2.895644 2.54452 -2.198918
2.895644 2.54452 -2.198918
2.895644 2.54452 -2.198918
2.895644 2.54452 -2.198918
2.928886 2.585405 -2.254357
2.928886 2.585405 -2.254357
2.928886 2.585405 -2.254357
2.928886 2.585405 -2.254357
2.928886 2.585405 -2.254357
2.928886 2.585405 -2.254357
2.858847 2.849014 -2.024112
2.858847 2.849014 -2.024112
2.858847 2.849014 -2.024112
2.858847 2.849014 -2.024112
2.858847 2.849014 -2.024112
2.858847 2.849014 -2.024112
2.858847 2.849014 -2.024112
2.858847 2.849014 -2.024112
2.858847 2.849014 -2.024112
2.858847 2.849014 -2.024112
2.858847 2.849014 -2.024112
2.858847 2.849014 -2.024112
2.858847 2.849014 -2.024112
2.858847 2.849014 -2.024112
