2.034204 1.655206 -0.3567047
2.034204 1.655206 -0.3567047
1.917505 1.354504 -1.141116
2.296391 1.636304 -1.232172
2.296391 1.636304 -1.232172
2.296391 1.636304 -1.232172
2.575862 2.145517 -1.545802
2.192099 1.586274 -1.076098
2.219933 1.977118 -1.390661
2.512413 2.259272 -1.542239
2.400036 1.834256 -1.427445
2.400036 1.834256 -1.427445
2.434945 1.736821 -1.766262
2.071909 1.480232 -1.173208
2.381941 1.496329 -1.429827
2.442374 3.303616 -0.8147697
2.442374 3.303616 -0.8147697
2.657044 2.833808 -1.20981
2.322609 2.477726 -1.261922
2.322609 2.477726 -1.261922
2.419148 2.06418 -1.368885
2.606462 2.168318 -1.908691
2.606462 2.168318 -1.908691
2.287647 1.649138 -1.474857
2.424998 1.869984 -1.619162
2.424998 1.869984 -1.619162
2.15736 1.638252 -1.204482
2.13157 1.84094 -1.344661
2.353105 2.167056 -1.45402
2.353105 2.167056 -1.45402
2.416827 2.178357 -1.607662
2.594312 2.200011 -1.43062
2.040425 2.364998 -0.7528108
2.19127 1.749585 -1.232953
2.19127 1.749585 -1.232953
2.19127 1.749585 -1.232953
2.237972 1.986576 -1.115489
2.399507 1.784902 -1.536059
2.399507 1.784902 -1.536059
2.534374 1.960735 -1.643165
2.534374 1.960735 -1.643165
2.534374 1.960735 -1.643165
2.822378 3.200777 -1.982846
2.822378 3.200777 -1.982846
2.70944 2.227467 -1.775502
2.783937 2.307905 -1.929524
2.783937 2.307905 -1.929524
2.783937 2.307905 -1.929524
2.838166 2.37175 -2.022393
