1.495519 0.4235479 1.980667
1.775667 1.385341 0.9032113
1.986973 1.761857 -0.3653706
2.372742 2.076156 -1.124887
2.372742 2.076156 -1.124887
2.372742 2.076156 -1.124887
2.231793 2.073272 -1.397112
2.231793 2.073272 -1.397112
1.964542 1.7526 -0.9813511
2.319746 2.066202 -1.177954
2.319746 2.066202 -1.177954
2.319746 2.066202 -1.177954
2.463799 2.781255 -1.305541
2.305041 2.069693 -1.570269
2.305041 2.069693 -1.570269
2.464967 2.266065 -1.66557
2.46904 2.16209 -2.094753
2.301546 2.087947 -1.693178
2.431937 2.230039 -1.848051
2.431937 2.230039 -1.848051
2.431937 2.230039 -1.848051
2.534202 2.39903 -2.003887
2.534202 2.39903 -2.003887
1.89848 2.013776 -0.7105514
1.989706 2.125768 -0.9211422
1.989706 2.125768 -0.9211422
1.989706 2.125768 -0.9211422
2.082825 2.241628 -1.153731
2.783376 2.525304 -2.648072
2.334522 1.906172 -1.255764
2.384829 2.053345 -1.434454
2.384829 2.053345 -1.434454
2.550688 2.635756 -2.016
2.590612 2.637935 -2.111446
2.797131 2.463238 -2.246577
2.797131 2.463238 -2.246577
2.81561 2.422546 -2.28009
2.81561 2.422546 -2.28009
2.81561 2.422546 -2.28009
2.816482 2.398942 -2.286206
2.816482 2.398942 -2.286206
2.816482 2.398942 -2.286206
2.842836 2.482438 -2.263101
2.842836 2.482438 -2.263101
2.842836 2.482438 -2.263101
2.861274 2.495176 -2.309068
2.861274 2.495176 -2.309068
2.861274 2.495176 -2.309068
2.878115 2.567732 -2.351051
