0 1 : 001110010000000100001000100001110001000010010
0 1 : 001110110011010000001000000001110001000010010
0 1 : 001110110011010000001000000101110001000010010
0 1 : 001110110011010000001000010001110001000010010
0 4 : 001111010000000000101000000001110001000010010
0 5 : 100000001000101001010100001010001000010001100
0 3 : 100000001000101001010100001010001000011001100
0 1 : 100000001100101001010100001010001000011001101
0 1 : 110000001000101001010001001010000110100101000
0 2 : 110000001000101011010010001010000110100101000
