2147358643
1048606617
-1649934516
-1149217852
-1024236017
-1883513589
337808399
-80197082
-1741417618
2134808785
598909988
2109411870
-462732002
488107387
1428175942
-871183598
-1774475647
-1325430585
136526626
1609518923
2020705714
-1557559013
1385410751
-1010066481
-91974328
892584803
-798714353
728438185
180323381
1183037122
789250010
-893337184
-1952809175
-865654439
-222372569
-689898580
1663021860
2087023437
-1775996821
823297048
1242206800
-1659611851
1528005162
-733718519
1419577311
-1878418672
1096759428
935888388
1758938434
326007350
-767370988
-92228086
880075991
-1610123468
-344731322
2146968272
1312547014
-2060074877
87124617
262708968
1724463678
-1672838679
-1146400613
-833886688
-37920229
1654361245
-1457981144
1640120585
821581145
-739298583
975384203
852022300
1359161499
-1246296895
-953013777
673761837
-2143233417
-1910376495
1420783664
-1170021744
-1380772441
984933945
1812364950
-88745021
-357620252
-1879247084
1887821416
1578345077
-138257173
223924659
-158383203
1622793301
-2001878964
864845204
905105130
-822540292
1551980294
-2018819959
13
