1690806417
1785139777
-1043607945
-181270733
1791085475
1555893459
1074433399
-187888407
710827858
1023165667
-638791953
932064805
-161696923
528025126
-55672086
-790035523
-1888150578
1363776098
287093135
1348108812
430257175
-282196798
-1929466332
1316454504
620432945
-1502600243
150801983
1082390242
-1405225705
172373161
1606597163
-1929297497
-1200641365
-1055488839
1820872500
967783177
-313257623
1011335125
233442664
1348844732
-181366734
2096903087
-1888162613
1222949336
1615117771
1759824490
-2032789227
-1362619214
1991924567
194736577
2040842418
1799271740
1446535556
-1016494014
-100308665
1519883744
-117671630
91605872
23922488
128788548
-856212908
-421386640
-363101734
-1773855254
1749768751
-116587882
-1886329123
321707153
1227578136
1666134643
1814399940
1033373838
1815033834
-1568340879
-945777705
1594683625
-411637038
34684344
56486026
-1958389764
-1919186577
598177661
966432107
-2025849992
-1824773546
-1981483108
-1505925408
1247112968
822371209
-737613542
-1252431756
1529515784
570248888
-1828713526
-1425609551
1887418214
1548499765
-422442303
47
