0 4 : 32 28 21 18 15 13 29  0
0 3 : 12 32 28 21 18 15 13 29  0
0 1 : 11 12 32 28 21 18 15 13 29  0
0 1 : 27 10 29  0
0 1 : 31 30 24 22 20  8  0
0 2 : 19 16 14  6  3 29  0
0 1 : 17 19 16 14  6  3 29  0
0 2 :  7 25  4  3 29  0
0 1 :  9  5 25  4  3 29  0
0 1 : 23  2 12 32 28 21 18 15 13 29  0
0 1 :  1 31 30 24 22 20  8  0
0 2 : 26  1 31 30 24 22 20  8  0

1 e k 
2 b 23 
3 i3 i1 
4 i1 25 
5 i2 9 
6 i1 14 
7 i2 h 
8 i4 20 
9 5 i 
10 i3 27 
11 b c 
12 a b 
13 i3 15 
14 6 16 
15 13 18 
16 14 19 
17 f g 
18 15 21 
19 16 f 
20 8 22 
21 18 28 
22 20 24 
23 2 j 
24 22 30 
25 4 i2 
26 k l 
27 10 d 
28 21 32 
29 i4 i3 
30 24 31 
31 30 e 
32 28 a 
a 32 12 
b 12 11 2 
c 11 
d 27 
e 31 1 
f 19 17 
g 17 
h 7 
i 9 
j 23 
k 1 26 
l 26 
i1 3 6 4 
i2 25 7 5 
i3 29 13 10 3 
i4 8 29 
