-1904977842
-22148213
1970612999
-1137118878
-1730322537
1192046942
2133204264
-2040569872
746473442
-1411563657
1312563676
1934286595
1151367844
702857136
-1628973718
-1385824735
1132555362
1603026654
1126787181
1750995751
-1432088800
-1602333494
257696347
-1298070881
-929227757
205763236
264426434
234058323
158259382
1069087340
-1395106930
1442566002
-686558066
1456509256
-1370168017
1498013876
-1658701781
-218474298
-1818788544
-954761950
945507977
-1736330348
-397950656
-1751421529
282420757
70460493
1060870973
-54364736
781021161
-1589168282
1287213988
-116546114
1860907825
831695959
1194113665
593306314
1618110271
474058680
1989175031
-1872956183
-1351958238
309570376
-2113507858
1114994310
-1213506742
-1679311036
-1783259294
1292257656
-781006529
-1355209430
1718934363
-1215830630
1799963198
1066689242
-1954187741
835807417
-230656907
-1936419662
-563014861
1533527605
613773043
303842657
-467208595
-34795277
258531595
1954469553
-86796561
1829819156
642609774
1344866907
-1392837209
722408981
-2007300527
268932469
-632384389
352687063
-1365393175
383053772
69
