-1258417018
551402233
-1160217390
-580493621
1401762437
-700634207
-9269015
-1288781532
-1024125731
-1032608632
-2102109050
-452348294
690052818
1751714046
1419067436
-1311772171
-784986747
-1588059140
-1513815194
1529320135
106949327
-1316414803
714491914
-1524154461
-2137390040
1124138841
1757606893
-348645661
-1497135214
-478712423
1942147408
2040265421
-1732562500
1523254738
876037369
1411427754
-1062475056
-1010850683
1986343347
-884798847
-38585894
1716822460
-766341182
-1903998106
-1835936119
1432083165
1416447664
704209768
-373858235
-1706182607
368571185
1209713150
303988273
-1484038101
1986977018
-171300891
1844410356
-361658332
1975378205
-1373463136
1316818677
1338155592
997180920
-763911124
-469350247
-1748080253
-1290729280
1871526274
1264086091
1639894835
765448811
-1518974685
-1555234841
1243399843
1179552719
-396280530
2125811887
-160287316
1564846920
53179731
1114577184
2036454018
-1663221767
-1932543684
1546643017
1927219307
1295954962
-1164846279
1531839168
-321050313
622399801
1188205047
-324927055
920459443
1660049007
1123743103
1281307672
2014000462
35
