814653932
726657227
-1186000486
-669019863
847093924
213023083
838944071
-695918030
1402452667
1351659822
1922543040
-666382166
1099452362
1366272762
-1214731405
-689618355
-304973222
-1400844397
-727479328
46474568
-1819279367
1800209885
1123242650
1598019114
-1787551155
946879913
-1624707324
1961552000
1811128260
-1524276197
-730076335
-1162092955
-797040165
712048027
-1062519539
-167264921
-2133249683
1367289497
1292278670
-914307694
1820647967
-626189257
-1615995520
1023930328
-451520408
-562880026
-1990852490
1050007523
-1127235548
-1120066692
527564504
-306299202
-128328651
19121409
548273864
1947237452
515653691
-979479121
-739758637
741655763
352613278
1069080863
1702153579
1213971333
-972246152
1094329502
-1467891342
-393994637
1136077748
1501680894
91517919
1287839974
605976290
1741884307
-1496640871
867427077
1311828868
1443994376
-1623786140
-2137615221
-599394154
-1231976992
1026097818
-822499233
-734617892
1370430831
128820174
1040673329
1067743573
-519986777
2048443
-1418730498
182484256
951717182
-1716914313
1110258724
-665632578
1709910252
83
