0 0 0 -3 -3 -3
1.740818 -0.6483497 0.2141336 -2.465216 -2.45406 -1.458477
3.342302 -0.9053795 0.5518031 -3.216746 -2.411405 -1.515456
4.692332 -0.3106083 0.6404951 -4.017823 -1.940116 -1.561467
6.010208 0.05438871 0.651677 -4.758687 -1.663923 -1.590925
7.306511 0.2426049 0.6630945 -5.483022 -1.574017 -1.626709
8.237137 0.3673614 0.6451144 -5.940416 -1.542872 -1.646091
9.139482 0.458144 0.5608303 -6.456852 -1.558791 -1.627974
9.914732 0.5410268 0.5133847 -6.919608 -1.589397 -1.632629
10.67903 0.6217321 0.4479338 -7.321904 -1.604286 -1.624525
11.18679 0.6913398 0.3457681 -7.468152 -1.590397 -1.588119
11.14806 0.7576678 0.2379395 -7.239381 -1.587023 -1.543051
10.98489 0.8207459 0.1560882 -6.948247 -1.597639 -1.514626
10.88704 0.8781818 0.07238938 -6.718816 -1.61445 -1.477304
10.9106 0.9357772 -0.01252803 -6.577658 -1.634793 -1.429182
11.04557 0.9966731 -0.08754846 -6.509334 -1.658045 -1.381644
11.22306 1.058156 -0.146389 -6.478253 -1.683579 -1.346287
11.30147 1.114373 -0.1892445 -6.433625 -1.709849 -1.327425
11.3103 1.168171 -0.2235019 -6.382395 -1.736715 -1.317326
11.30128 1.224806 -0.2548356 -6.330759 -1.760632 -1.309629
11.27264 1.281001 -0.2850087 -6.272569 -1.779165 -1.302657
11.22132 1.335744 -0.3133992 -6.206711 -1.794356 -1.297499
11.17251 1.387044 -0.339967 -6.147458 -1.808698 -1.294675
11.15257 1.428699 -0.3648971 -6.112529 -1.818584 -1.293984
11.1236 1.468389 -0.3887615 -6.073054 -1.82451 -1.29276
11.05777 1.510375 -0.4115988 -6.008146 -1.831836 -1.291078
10.95428 1.55427 -0.4334895 -5.919687 -1.840933 -1.2896
10.82202 1.599877 -0.4545822 -5.815858 -1.85186 -1.288645
10.68906 1.64699 -0.4750346 -5.71338 -1.864493 -1.288319
10.58474 1.68875 -0.4949628 -5.627833 -1.874252 -1.289089
10.52463 1.720786 -0.5144656 -5.569969 -1.881814 -1.290253
10.48389 1.750865 -0.5330907 -5.525459 -1.889379 -1.290831
10.44421 1.784583 -0.5505471 -5.482143 -1.896873 -1.290265
10.41518 1.817866 -0.5676855 -5.444543 -1.902418 -1.290161
10.40648 1.850252 -0.5844366 -5.418327 -1.906714 -1.291167
10.41989 1.882428 -0.6008026 -5.404686 -1.910782 -1.292894
10.44983 1.910526 -0.6168775 -5.400114 -1.912162 -1.295127
10.492 1.936147 -0.6328042 -5.402139 -1.912142 -1.297719
10.5431 1.96304 -0.6486446 -5.408879 -1.913294 -1.300632
10.60183 1.991366 -0.6644046 -5.419668 -1.915701 -1.303838
10.66709 2.021093 -0.6800965 -5.433931 -1.919309 -1.307303
10.73667 2.052125 -0.6957408 -5.450481 -1.924023 -1.310996
10.80714 2.08434 -0.7113721 -5.46746 -1.929739 -1.31489
10.8786 2.117623 -0.7269927 -5.484957 -1.93635 -1.318964
10.94682 2.149345 -0.7427499 -5.500838 -1.942194 -1.323179
11.0112 2.180027 -0.7585108 -5.514798 -1.9478 -1.327511
11.07526 2.211735 -0.774465 -5.528662 -1.954546 -1.331847
11.13812 2.244766 -0.7906182 -5.542038 -1.96252 -1.336199
11.17717 2.278857 -0.8069128 -5.5443 -1.97143 -1.340598
11.21422 2.313854 -0.8232424 -5.545791 -1.981112 -1.345077
11.25687 2.349647 -0.839571 -5.550022 -1.99146 -1.34965
11.30587 2.385638 -0.8558946 -5.557475 -2.002362 -1.354261
11.35795 2.422057 -0.872175 -5.566364 -2.013772 -1.358797
11.41332 2.459072 -0.8884236 -5.576753 -2.025644 -1.363352
11.46359 2.49669 -0.9046734 -5.584584 -2.037935 -1.367997
11.50376 2.534509 -0.920902 -5.587611 -2.050593 -1.372616
11.53614 2.572533 -0.9371088 -5.587076 -2.063584 -1.377217
11.56369 2.610893 -0.9533112 -5.584614 -2.076902 -1.38184
11.58851 2.649585 -0.969514 -5.581228 -2.090525 -1.386499
11.61231 2.688583 -0.9857191 -5.5777 -2.104431 -1.391198
11.63635 2.727864 -1.001935 -5.574582 -2.118601 -1.395937
11.66152 2.767403 -1.018169 -5.57227 -2.133016 -1.400718
11.68868 2.807177 -1.034421 -5.571129 -2.147659 -1.405539
11.71841 2.847164 -1.050689 -5.571401 -2.162515 -1.4104
11.75108 2.887342 -1.066973 -5.573225 -2.177569 -1.415299
11.78688 2.927691 -1.083272 -5.576665 -2.192808 -1.420234
11.82584 2.968224 -1.099579 -5.581719 -2.20822 -1.425199
11.86764 3.009272 -1.115852 -5.588219 -2.223809 -1.430129
11.91215 3.050812 -1.132081 -5.596085 -2.239556 -1.435015
11.95927 3.092742 -1.148273 -5.605261 -2.255446 -1.439866
12.01 3.134989 -1.164429 -5.6162 -2.271467 -1.444691
12.0678 3.177494 -1.180538 -5.630506 -2.287613 -1.449498
12.12747 3.22022 -1.196606 -5.645863 -2.303874 -1.454292
12.18212 3.263139 -1.21265 -5.6592 -2.320245 -1.459077
12.23285 3.306225 -1.228672 -5.671003 -2.336717 -1.463856
12.28045 3.348596 -1.244671 -5.6816 -2.3528 -1.468645
12.32398 3.384041 -1.260642 -5.690536 -2.365051 -1.473556
12.36367 3.412224 -1.276572 -5.697902 -2.373219 -1.478561
12.40002 3.437048 -1.292369 -5.704011 -2.379326 -1.483458
12.44323 3.454285 -1.307894 -5.713599 -2.381444 -1.488383
12.49276 3.464049 -1.323132 -5.726723 -2.379729 -1.493349
12.54461 3.470699 -1.338261 -5.741609 -2.376457 -1.498349
12.59105 3.477683 -1.353469 -5.754239 -2.373324 -1.50332
12.63242 3.486139 -1.368723 -5.764281 -2.370989 -1.508177
12.66976 3.496443 -1.38397 -5.772156 -2.369666 -1.512908
12.7065 3.508053 -1.399212 -5.77954 -2.369026 -1.517607
12.7466 3.520127 -1.414448 -5.788349 -2.36886 -1.522317
12.79006 3.532122 -1.42957 -5.798631 -2.369155 -1.526963
12.83697 3.545314 -1.444226 -5.810529 -2.370104 -1.531598
12.88715 3.559765 -1.458475 -5.823969 -2.371699 -1.53622
12.94021 3.575369 -1.472426 -5.838719 -2.373893 -1.540834
12.99489 3.592036 -1.48617 -5.854134 -2.376647 -1.545448
13.0497 3.609702 -1.49976 -5.869696 -2.379922 -1.550073
13.10618 3.628289 -1.513261 -5.88635 -2.383681 -1.554721
13.15918 3.647605 -1.526926 -5.902426 -2.38788 -1.559444
13.20715 3.666467 -1.540831 -5.917352 -2.392154 -1.564242
13.25162 3.681982 -1.554884 -5.931449 -2.395556 -1.569102
13.2938 3.69498 -1.569041 -5.945063 -2.398306 -1.574017
13.33454 3.706337 -1.583271 -5.958458 -2.400669 -1.578982
13.37449 3.716668 -1.597553 -5.971833 -2.402836 -1.583991
0 0 0 0 0 0
