0 1 : 000010100001000001010110100010001010101101100011010011101101000101000000
0 1 : 000010100001000001010110100010001010101101100011010011101101000101000100
0 3 : 000010101101000001010011100010101010001101100010010011100001000101010000
0 3 : 000010101101000001010011100010101010001101110010010011100001000101010000
0 1 : 000010101101000001010011100010101010001101110010010011100001100101010000
0 1 : 000010101101000001010011100111101010001101100010010011100001000101010000
0 1 : 000010101101000001011011100010101010001101110010010011100001100101010000
0 1 : 000010111101000001010011100010111010001101110010010011100001000101010000
0 1 : 000011101101000001010011100010101010001101100010010011100001001101010000
0 2 : 001011101101000001010011100010101010001101100010011011100001001101010000
0 5 : 110100000010111110100000011000000101010010001100100100010010010010101011
