0 3 : 000010011100011001000010000000010111010101000100100110100001110000011000000110
0 1 : 000010011100011001001001000000010111010101000000100110100001110001011000001010
0 1 : 000010011100011001001001000000010111010101000010100110100001110001011000001010
0 2 : 000010011100111001000000000000010111010110001000110111110001110000111000000010
0 3 : 000010011100111001000000100000010111010110001000110111110101110000111000000010
0 4 : 000010011100111001100000000001010111010110001000100111110001110000111000000010
0 1 : 000010011100111001100000000001010111010110001000100111110001110100111000000010
0 2 : 000010011100111011100000010001010111011110001000100111110001110000111010000010
0 1 : 000010011100111101000000001000010111010110001000110111110001110000111000000010
0 1 : 111101100011000000010100000110101000100000110001001000001010000010000101110001
0 1 : 111101100011000000010100000110101000100000110001001000001010001010000101110001
