0 1 : 0000000000000000110110010100000100100
0 1 : 0000000000000000110110010100000100101
0 1 : 0000000000000000110111000100000100100
0 1 : 0000000000001101001000100011000000000
0 2 : 0000000001001001000000100010100010000
0 1 : 0000000001001011000000101010100000000
0 1 : 0000001000000000110111000100000100100
0 2 : 0000010000001001000000100010000000000
0 3 : 0001000000000000110110000100000100100
0 1 : 0010000001001001000000100010110010000
0 1 : 0100100100100000000000000000001000000
0 3 : 1000000000011001000000100000000001000
0 1 : 1000000010001001000000100000000000000
0 1 : 1000000010001001000000100000000000010
