0 6 : 010001000011000000100011010000010010010010000000101
0 1 : 010001000011000010100011010000010110010010000000101
0 3 : 010001000011001000100011010000010010010010000000101
0 1 : 010001000011101100100011010000010010010010000000101
0 1 : 010001010011000000100011010000010010010010000000101
0 1 : 100010001000000001010100000010100000000001000110010
0 1 : 100010001000000001010100100010101000000001011110010
0 1 : 100010001000000001011100100010101000000001011111010
0 1 : 100110001100000000010100000010000001000001100110010
0 2 : 100110001100000000010100000110000001000001100110010
0 1 : 101010101000010000010100001011000000001101000110010
0 1 : 101010101000010000010100001011000000100101000110010
