0 1 : 00000110000100000000110000000100000000000
0 1 : 00000110100100001001110001000000110000000
0 3 : 10101000010001100000000010010010001110110
0 2 : 10101000010001100100000010010010001110110
0 1 : 10101000010011100000000010010010001110110
0 4 : 10101000011001100000000010010010001111110
0 1 : 10101001010001000000001110010010001100111
0 1 : 10101001010001010000001110010010001100111
0 3 : 10111000010001000010000110011010001100110
0 1 : 10111000010001000010000110011011001100110
0 1 : 11101001010001000000001110010010001100111
0 1 : 11101001010001000000001110110010001100111
