0 3 : 0000000000100001010000010001000000000
0 1 : 0000000000100001010000010001001000000
0 1 : 0000000000100001011010010001000000000
0 2 : 0000000000101001010000010011000000000
0 1 : 1000000010000100100100000000000010110
0 1 : 1000000010000100100100101000000000100
0 1 : 1000000010000110100100000100000000100
0 6 : 1000010010010000000100000000000100100
0 1 : 1000110010010000000100000000000100100
0 1 : 1001000110000000100101000000100000100
0 1 : 1001001110000000100101000000100000101
0 1 : 1110000011000000000100000000010001100
