0 1 : 000000000000000000001000001000010
0 3 : 000010000011011000100100000001100
0 1 : 000011000011011000100100000001100
0 1 : 000110000011011000100100010001100
0 2 : 001000000000000000000000000010000
0 1 : 001000000000000000000001000010000
0 2 : 001000000000000000000010000000000
0 3 : 001000000000000111000000000000000
0 1 : 001000001000100000000000100000001
0 1 : 001000100000000000010000000000000
0 1 : 001000100000000000010000000100000
0 1 : 001000100100000000010000000000000
0 2 : 110000010000000000001000001000010
