0 1 : 0010001001000011010000001101000000100010110100100000100
0 3 : 0010001001000011010000001101000001100010110110100000100
0 1 : 0010001001000011010000001101000001100011110110100000100
0 1 : 0010001001000110010000001101100000101010110001110011100
0 1 : 0010001001000110010001001101100000101010110001110011100
0 1 : 0010001011000110010000001101100000111010110001110011110
0 1 : 0010001011000110010100001101100000111010110001110011110
0 1 : 0010011001000110010010001101000000100010110000110011100
0 1 : 0010011001001110010010001101000000100010110000110011100
0 3 : 0011101001000010010000000101001000100110011000100000100
0 1 : 0011101001000010010000000101001010100110011000100000100
0 1 : 0011101101000010010000000101001000100110011000100000100
0 2 : 1100000000110000101000110010000100000000000000001100001
0 2 : 1100000000110000101000110010010100000000000000001100001
