0 5 : 0001000000000000000001001000110000000000
0 2 : 0001001000000000000000001000110010010100
0 1 : 0001001000000000000000001010110010010100
0 2 : 0001001000000001001000101000110010010100
0 1 : 0001001000000001001000111000110010010100
0 1 : 0001010000000000000000001000111000000100
0 1 : 0010100010011000110100000001000100000001
0 3 : 0010100111011000110110000101000101100001
0 1 : 0101000000000000000000001000110000010100
0 1 : 0101000000100000000000001000110000010110
0 1 : 0101000000100000000000001000110000011110
0 1 : 1001001000000110000000001000110010010100
