0 1 : 00000001001000100001100000010000011000
0 2 : 00000001001000100011100000010010011000
0 2 : 00000001001000100011100000110010011000
0 1 : 00000001001000100011100000110010011100
0 1 : 00010001101000100001100000010000011000
0 2 : 10000000000011011100011010001001100000
0 3 : 10000000010010011100000010001001100000
0 1 : 10000000010010011100000011001001100010
0 2 : 10001010000010011100000110001001100000
0 2 : 10100000000110011100000010001101100000
0 1 : 10100100000110011100000010001101100001
0 2 : 11000000000011011100011010001001100000
