0 1 : 00000100010000100000111000000100110010000100111
0 5 : 00001000010010110000011000001000111010000100100
0 1 : 00001000010010110000011000011000111010000100100
0 2 : 00001000010010110001011000001000111011000100100
0 1 : 00001000010010111000011000001010111010000100100
0 1 : 00001000010011110000011000001000111010000100100
0 1 : 00001000011010110000011000001000111010000100100
0 1 : 00001000110010110000011000001000111010000100100
0 1 : 00110010000000000010000001000000000100011011000
0 1 : 00110010000000000110000001000000000100000011000
0 2 : 01000000010100110000011010100001110010000100100
0 1 : 11000000010100110000011010100001110010000100100
0 1 : 11000000010100110000011110100001110010000100100
0 1 : 11000001010100110000011010100001110010100100100
