-1941796192
-1003133977
953206970
-600546821
252982226
-1982835241
39607931
-1910559426
-1048022042
1587983117
-380830755
1305575030
-984820924
72169106
1173775026
-1506913927
1487203296
-1349165051
-127472365
1398340480
1260597077
1160426838
817981658
1225308374
883258855
2087505273
1828348609
928901786
1115347554
145282428
-910564809
-1574921741
1218990311
1733758089
-14262208
-1039701444
-1821836000
-2062960071
-103064032
-129872911
-1837730815
910173036
2025967097
-88182495
-1360122206
426598535
-566279556
1046108225
1243310713
56114891
1552568130
1839240307
554564352
1362888686
-1521551475
306767779
471961102
-1998087551
979674236
889866640
-1782991287
-1005558583
-1894020203
-544966661
-359008517
1498815783
1810901827
1792852781
2134585404
2041143940
-381612754
1209897074
-1126911292
-1737554203
-320669649
1884256256
1436838510
-618572144
-1616955723
-1382649818
-840482260
26104893
28660201
646289201
1373832944
-968370189
-1102265094
-209891902
10861666
-1623623998
-1889593371
-394826576
570042595
866291601
-356551082
538229395
-110870134
-1042639591
61
