-1536602124
14728445
512511628
1794041154
1030635268
862211374
1661524938
1182713255
-497997406
-1565501481
-2099058915
708024715
-530454688
1375783712
-1161034968
2124985687
420888
204943910
1702316333
1730686640
270183150
1885551204
85062165
1396477688
-294652684
407933849
554958557
-1302231511
-1638908548
-1417323310
-899432922
1724780072
661709865
-2049506343
1725349970
-1071179841
-1860510785
-554014618
1667780078
-1104145213
-1404236626
106918562
-680088213
1950002087
-627328509
1605817216
1684012809
-1576110098
1075358805
-1500066507
-643243767
533917494
-2016565312
2041990445
-1363755760
258316619
-212514336
-557289235
-515072720
1548504671
-1801476204
-2024511290
-522644676
-174804566
-674275810
-1403497014
836889244
-1921303787
-62267443
-194714260
-391390443
-266612192
588248297
944870400
-1619636334
-340893077
1740128716
-477342965
550796712
-1097395668
3900283
-757196249
1219516479
1130829951
-1639952639
-1337594438
-1476915975
-1278454838
841532709
-974135405
-1483239256
-1402551434
545260138
1098117477
691122689
1741941618
-780632455
1504230320
35
