1028127555
1211264055
762368359
506579587
-779395922
1004686157
-565204708
5617980
597688626
-549456150
1795038933
-2120929676
470454468
-2083015465
-1701219187
-1821651745
-1809844805
1236143213
-702282827
918812348
2105060745
-885044974
1870762844
18052354
323303963
-1886371572
-1592497266
699647748
971094462
110357292
-1233616700
1707628118
8271564
-1059017263
1391776549
-152512240
839783594
927675604
-2132869954
590908624
1275687389
524574600
-453925300
-902462826
1606637971
-875748939
-1500165487
1994896449
-2048176208
874613863
-1033360145
-262592271
773684693
503298338
1563105476
-1876135714
1152055423
-838540770
-640351109
-407836908
-1401474649
-295094333
-1691088726
1889730757
185492702
262685635
-837839569
285238051
-1854096459
270857056
-239475884
-664520098
1607080396
-2131852017
-338142202
-1830968116
-1207128416
1265777608
-1008258576
-521488552
842379139
61508436
-444663194
1627698573
2090563748
1745186808
354290696
-1772135337
1393517817
2086881234
-1427853954
-1115978211
-1000001552
1259787608
1326016048
1360276984
1668266342
-1124897237
65
