1600835448
-878466832
222989200
1430954835
-1194785779
-1416878583
-790773878
-1312478598
1525291507
58727200
-146287531
-723730545
-705901208
1438135358
-200580195
1974703016
1821887657
1183163336
-794283927
1084972338
1508179006
408348828
-478199715
1897166802
1758380397
-638781638
1978067267
-237878295
1966294666
837940541
-2060849400
2021652036
593888815
168195702
-791743782
-1200547794
1853878934
615253751
235906210
926596589
620290459
730990310
802924083
-1863967921
-638202496
401701818
350541051
1893786413
1687247360
1593581565
177155108
2065506451
-1760400939
-1307241435
1113847807
191941735
100707180
1929137739
-1962540472
1090928573
1824691479
-1911322722
1698502282
-1564773011
168490370
605864666
-497878484
922123193
231941393
-1872186662
-777166637
-1725284023
107837531
1152963962
1289968867
-1409942796
1443074148
-1294520858
-1381505584
982198151
-1236405834
-729741655
1764737201
-560278877
1035129407
-668393385
977087570
-1762254943
1093537951
654631244
164990024
1288679885
1187274561
923747633
2077272674
-970459678
-543734867
384602925
13
