1322510014
-552583511
-752240605
-28575443
-55586012
-1116267661
-1166387170
-843213777
-1503220672
-285970854
-1611638209
-707330559
5762900
-42710100
1181669551
2023907514
1503242135
-1922397033
1418101148
928568695
668563604
-75867236
-2007511967
1184712080
-484857076
-1929639518
-1997809856
-504761990
-880892576
1844423771
914240075
-111534634
1483193509
144214999
1154469144
2026386019
-1216263824
1619949393
-524613591
602940172
1217277890
11841767
1060967245
2146826245
-1711925945
-1429263674
1912339203
-1811197633
-1689482514
-62152660
1881965615
-1374384287
755712431
2036842467
-2127766035
1769634912
-1731817257
289456829
-223656689
-1176822477
-1286148576
-1044885525
-697557015
-1574933020
-897601210
1787657980
682810125
464217542
-1403985009
-56655825
-1511756932
-775958690
-126585134
1813794384
1796282719
-276109902
-1465530184
1524897398
-373772541
-387426778
1039122073
-890760544
-1625576190
-1495331843
-116773050
-257856905
-990156974
1135451178
-730473316
1653476774
-1657966320
-1004520803
-414842744
625027435
-2085272027
316824900
-569157673
-1689880131
35
