./ms 20 1 -t 10 -G 0 -eG 1 0 
53822 44610 29392

//
segsites: 21
positions: 0.0107 0.0331 0.0527 0.1341 0.1694 0.1900 0.1983 0.2726 0.2874 0.3348 0.4257 0.4741 0.5255 0.5763 0.6076 0.6263 0.6284 0.7705 0.8607 0.9538 0.9663 
001001000000001010000
000001000000011000000
000101110010001000000
000101110010001000000
000101110010001000010
010011010010001000000
000101110010001000000
000001000000011000000
100000000000000001001
000001000100000000100
100000000000000001001
000001001000011000000
000001000000011000000
000001000000011000000
100000000000000001001
000001001000011000000
000101110010001000000
000001010011001100000
000001000000111000000
001001000000001010000

//
segsites: 27
positions: 0.0120 0.1041 0.1282 0.1519 0.2397 0.3063 0.3104 0.3147 0.3333 0.3640 0.3908 0.4010 0.4843 0.4985 0.5264 0.5899 0.6239 0.6701 0.6871 0.6908 0.7290 0.7453 0.9144 0.9225 0.9272 0.9776 0.9851 
000000000001000010000000000
000101000001000000110001000
000000000000110000000010000
000101000001000100010001010
000000100000000000000000100
000000100000001000000000100
000101000001000000011000000
000000000001000010000000001
000000000001000010000000001
000000000000110000000010000
000000000000110000000010000
000000001010000001000000000
011010110000001000000000100
000101000001000000010101000
000000100000001000000000100
000101000101000000010000000
000101000101000000010000000
100101000001000000010000000
000000000001000010000000000
000000100000001000000000100

//
segsites: 74
positions: 0.0093 0.0095 0.0214 0.0251 0.0288 0.0411 0.0838 0.1308 0.1394 0.1618 0.1628 0.1802 0.1994 0.1994 0.2363 0.2466 0.2488 0.2752 0.2865 0.2915 0.2936 0.2986 0.3445 0.3632 0.3694 0.3981 0.4237 0.4319 0.4389 0.4440 0.4526 0.4694 0.4768 0.4807 0.4893 0.4899 0.4983 0.5040 0.5146 0.5179 0.5250 0.5532 0.5876 0.5889 0.5945 0.6273 0.6808 0.6858 0.7136 0.7512 0.7607 0.7708 0.7758 0.8033 0.8132 0.8344 0.8380 0.8431 0.8446 0.8472 0.8648 0.8660 0.8849 0.8853 0.8900 0.9109 0.9155 0.9191 0.9236 0.9261 0.9272 0.9492 0.9545 0.9982 
00011110111100001001100011100100000001110111001011111100010110100000001111
00011110111100001001100011100100000001110111001011111100010110100000001111
00011110111100001001100011100100000001110111001011111100010100100000001111
00011110111000001001100011100100000001110111001011010100010100100000001011
11100001000011110100011000011011111100000000000100000010001001011011110000
11100001000011010100010000011011111100000000010100000010101001011011110000
00011110111000001011100011100100000001110111001011010100010100100000001011
00011110111000001001100011100100000001110111001011010100010100100000001011
00011110111000001000100011100100000001100111101011010100010100100000001011
11100001000011010100010000011011111110000000000100000010001001011011110000
11100001000011110100011000011011111100000000000100000010001001011011110000
11100001000011010100010000011011111110000000000100000010001001011011110000
00011110111000001000100011100100000001100111101011010100010100100000001011
11100001000011010100010100011011111110000000000100000010001001011011110000
00011110111100001001100011100100000001110111001011111100010110100000001111
00011110111000001000100011100100000001100111101011010100010100100000001011
11100001000011010100010000011011111100000000010100000010101001011011110000
11100001000011010100010000011011111110001000000100000011001001011011110000
11100001000011010100010100011011111110000000000100000010001001011111110000
11100001000011010100010000011011111110000000000100000010001001011011110000

//
segsites: 41
positions: 0.0325 0.0932 0.1293 0.1314 0.1429 0.1544 0.1780 0.1811 0.1874 0.1997 0.2147 0.2998 0.3186 0.3661 0.3830 0.4071 0.4278 0.4606 0.4629 0.4811 0.5085 0.5313 0.5727 0.5798 0.5801 0.6047 0.6079 0.6614 0.6951 0.7446 0.7604 0.7645 0.7887 0.8291 0.8321 0.8509 0.8826 0.9029 0.9165 0.9176 0.9510 
10101000011001100000000010010010001111110
10101000010001100100000010010010001110110
00000110000100000000110000000100000000000
11101001010001000000001110010010001100111
10111000010001000010000110011010001100110
10101000010011100000000010010010001110110
10111000010001000010000110011011001100110
00000110100100001001110001000000110000000
11101001010001000000001110110010001100111
10101000010001100000000010010010001110110
10101000010001100100000010010010001110110
10101000010001100000000010010010001110110
10101000011001100000000010010010001111110
10111000010001000010000110011010001100110
10101001010001010000001110010010001100111
10101000010001100000000010010010001110110
10111000010001000010000110011010001100110
10101000011001100000000010010010001111110
10101000011001100000000010010010001111110
10101001010001000000001110010010001100111

//
segsites: 31
positions: 0.0030 0.0082 0.0108 0.0600 0.1566 0.1924 0.1992 0.2707 0.3262 0.3718 0.4089 0.4400 0.4833 0.5128 0.5167 0.5263 0.5504 0.5529 0.5891 0.6101 0.6474 0.6661 0.6935 0.7005 0.7276 0.7518 0.8255 0.8525 0.8815 0.9079 0.9127 
0000011000001100000000000001000
0001100000110000000000000100010
0001100000110000110001010000010
0000011010000000000100000001000
0000011000000001000000000011000
0001100000110000000000000100010
0000011000000100000000000001000
0011000101010000001010100000101
0001100000110010000000000000010
0000011000000100000000000001000
0001100000110000000000000100010
1001100000110000110001011000010
0100011000000000000100000001000
0000011010000000000100000001000
0001100000110000110001010000010
0001100000110010000000000000010
0001100000110010000000000000010
0001100000110000110001010000010
0001100000110000110001010000010
0001100000110000110001011000010

//
segsites: 10
positions: 0.1715 0.2177 0.3337 0.3812 0.4487 0.4841 0.5246 0.7145 0.7428 0.7664 
0100010010
0100010010
0100010000
0000010000
0100010010
0100010010
0100010010
0100010010
0100010001
0100010110
0100010010
0100010001
0100010000
0100010000
0100010110
1011101000
0100010110
0100010010
0100010010
0100010010

//
segsites: 40
positions: 0.0003 0.0362 0.0460 0.1216 0.1260 0.2084 0.2106 0.2263 0.2873 0.2913 0.2960 0.3370 0.3466 0.4129 0.4215 0.4440 0.4833 0.4862 0.4943 0.4955 0.4987 0.5083 0.5108 0.5547 0.5594 0.5871 0.6392 0.6572 0.6651 0.6738 0.6927 0.7320 0.7437 0.7788 0.8712 0.9103 0.9295 0.9336 0.9892 0.9915 
0001000000000000000001001000110000000000
0010100010011000110100000001000100000001
0101000000000000000000001000110000010100
0010100111011000110110000101000101100001
0001001000000001001000101000110010010100
0001001000000000000000001010110010010100
0001000000000000000001001000110000000000
0001001000000001001000101000110010010100
0001000000000000000001001000110000000000
0001001000000000000000001000110010010100
0001000000000000000001001000110000000000
0101000000100000000000001000110000010110
0001000000000000000001001000110000000000
0001010000000000000000001000111000000100
0001001000000001001000111000110010010100
0010100111011000110110000101000101100001
0001001000000000000000001000110010010100
0010100111011000110110000101000101100001
1001001000000110000000001000110010010100
0101000000100000000000001000110000011110

//
segsites: 36
positions: 0.0014 0.0103 0.0160 0.0252 0.0315 0.0354 0.0744 0.0915 0.1189 0.1542 0.1783 0.1828 0.1839 0.1873 0.2065 0.4031 0.4067 0.4210 0.4237 0.4373 0.4810 0.5765 0.6332 0.6445 0.6703 0.7056 0.7218 0.8352 0.8470 0.8534 0.8653 0.8903 0.9263 0.9470 0.9537 0.9998 
000000100110000110000000010010001001
001000101010100000100000001001001001
000000100011000000000000000010001001
000000111010000000100000001001101001
000000100010000110000000000010001001
100000100011000000000000000010001001
000000100011001000001000000010001001
000000111010000000100000001001001001
000000111010000000100000001001001001
000000100011000000000000000010001001
000000100010000110000000000010001001
010011000000010001010011000100010110
000000111010000000100000001001001001
001000101010100000100000001001001001
000000100011000000000000000010001001
000100101010000000100100001001001001
000000100110000110000000010010001001
000000100010000110000000000010001001
000000100110000110000000010010001001
000000100010000110000000100010001001

//
segsites: 28
positions: 0.0945 0.1069 0.1173 0.1958 0.2241 0.2537 0.2621 0.2741 0.3389 0.3705 0.3882 0.3991 0.4108 0.4135 0.4561 0.5352 0.5353 0.5354 0.5513 0.5585 0.5654 0.5966 0.6283 0.6473 0.8426 0.8647 0.9466 0.9480 
0100000100010000000001011010
0000000000000000001110000100
0001000000110000000000011000
0000010000010000000000011000
0000000000001001001010000000
0000001000000001001010100000
0000100010000001001010000000
0000000010000001001010000000
0000000000000001001010000000
0000000000000001001010000000
0100000100010100000000011010
1000000001010000010000001001
0100000100010100000000011010
0000000000000000001110000100
0000000010000001001010000000
1000000000010000110000001001
0001000000110000000000011000
0000010000010000000000011000
0100000100010100000000011010
0010000000010010000000011000

//
segsites: 33
positions: 0.0440 0.0449 0.0876 0.0980 0.1408 0.1714 0.2074 0.2691 0.2951 0.3027 0.3281 0.3955 0.4390 0.4450 0.4476 0.4597 0.5510 0.5760 0.6627 0.6844 0.7061 0.7219 0.7235 0.7357 0.7854 0.7982 0.7989 0.8559 0.8611 0.9068 0.9497 0.9585 0.9829 
000010100011011011001010001110000
010101000000000100000001110000000
000000100011000001001110001110110
000010101011101011001010001110000
010101000000000100000001110000000
000000100011000001001110001110110
000000100011000001001110001110110
000010101011101011001010001110000
010101010000000100000001110000000
001000100011000001001110001110110
000000100011000000001010001101000
010101000000000100000001110000000
010101000000000100000001110000000
000000100011000001001110001110110
000000100011000000111010001100000
010101000000000100000001110000000
010101000000000100000001110000000
010101000000000100000001110000001
100000100111000000111010001100000
010101000000000100000001110000000

//
segsites: 25
positions: 0.0066 0.0186 0.0229 0.0278 0.0624 0.0682 0.2466 0.2776 0.4049 0.4718 0.4952 0.5084 0.5126 0.5517 0.5863 0.6347 0.7019 0.7177 0.7579 0.8082 0.8316 0.8317 0.8556 0.8883 0.9541 
0100000000010000000000000
1000010011001010011000001
1000010010001010000100001
1000010010001010000100001
1000111010001010100100001
0100000000010000000000000
1000010010001010011001001
0100000000010000000000000
1010010010001010000000001
0100000000010000000000000
1001010010001010011000101
1010010010001010000000001
1000010010001010011001011
1000010010001010011001001
1000010010101011000000001
1000010010101010000000001
1000010010001010000000001
1001010010001010011010101
1000010110001010000100001
1000010010001110011001001

//
segsites: 17
positions: 0.0368 0.2465 0.2561 0.3079 0.3509 0.3712 0.4289 0.5007 0.5136 0.5739 0.5807 0.5890 0.6064 0.6500 0.7010 0.9337 0.9830 
01011000000100001
01011000000000001
00000100110010100
00000110110011100
00000110110011100
00001000000000001
10100101111010110
00000100110010100
00000110110011100
10000101111010110
00000100110010100
10000101111010110
00001000000000001
00001000000000001
00000110110011100
00000110110011100
10000101111010110
00000101110010110
00000110110011100
00000110110011100

//
segsites: 46
positions: 0.0073 0.0200 0.1660 0.1771 0.1819 0.1977 0.2038 0.2432 0.2639 0.2698 0.2715 0.2809 0.3709 0.3822 0.4219 0.4523 0.4600 0.4728 0.5183 0.5273 0.5304 0.5555 0.5622 0.5724 0.5750 0.5770 0.5890 0.5928 0.5937 0.6313 0.6320 0.6403 0.6645 0.7128 0.7514 0.7925 0.7958 0.8280 0.8333 0.8535 0.8634 0.9034 0.9231 0.9479 0.9762 0.9837 
0010000101110001010100010110110100100000010100
0010000101110000010100010110010100100100000100
1100000000000110100001000000001000000010000001
0010000111110000010100010110010100110100000110
0010000101110001010100010110110100100000010100
0010000101110000010110010110010100100100100100
1100000000000110100001000000001000000010000001
0010000101110000010100010110010100100101001100
1100000000000110100001000000001000000010000001
0010000101110000010100010110010100100000000100
0010000101110000010100010111010100100100000100
0010000101110000010100010111010100100100000100
0011010101110000010100010110010101100000000100
1100000000000110100001000000001010000010000001
0010000101110000010100010110010100100100000100
0010100101110000010100010110010100100100000100
0010001100001000011000011110000000101000000000
0011010101110000010100010110010101100000000100
0010000101110001010100110110110100100000000100
0010000101110000010100010110010100100100000100

//
segsites: 25
positions: 0.0090 0.0240 0.0667 0.0678 0.1320 0.1454 0.1679 0.2471 0.2894 0.2967 0.3026 0.3643 0.4776 0.5062 0.5320 0.5816 0.6627 0.6955 0.7561 0.7862 0.8030 0.8521 0.9055 0.9321 0.9655 
0001001000001000000101000
0001001000000010000001000
0001011010000001000001000
0001011010000001000001000
0001001000000000000011000
1010000001000000010000101
0001001000001000000101000
0100000000000100001000100
0001001000001000000101000
0001001000000010000001000
0001001000000000000001010
0100000000000100001000100
0001001000000000000011000
1010000001000000010000101
0001011010000001000001000
0001111010000001000001000
1010000001000000010000101
0001011010000001000001000
0010000101110000000000100
0100000000000100100000100

//
segsites: 47
positions: 0.0087 0.0091 0.0135 0.0519 0.0938 0.1087 0.1115 0.1154 0.1389 0.1598 0.1629 0.2098 0.2313 0.2335 0.2756 0.2923 0.3244 0.3325 0.3334 0.3596 0.3720 0.4157 0.4160 0.4194 0.4218 0.5423 0.5458 0.5657 0.5774 0.5882 0.6093 0.6272 0.6615 0.6868 0.7400 0.8032 0.8090 0.8844 0.8881 0.9061 0.9063 0.9281 0.9523 0.9617 0.9760 0.9853 0.9957 
00110001010000010010010001101100000011000001001
00010001000001010011001001101100001010010000001
11110001110000010010000001101100010011000000001
00001100001010100100000110010010000100001110110
00110001010000010010010001101100000011000001001
11110001110000010010000001101100010011000000001
01110001110000010010000001101100010011000000001
00001100001010100100000110010010000100001100110
00010011000100011010101001101101000010000000001
00010001000001010011001001101100001010010000001
00110001010000010010010001101100000011000001001
00010011000100011010101001101101000010000000001
00010001000001010011001001101100001010110000001
00010011000100011010101001101101000010000000001
00110001010000010010010001101100000011000001001
00110001010000010010010001101100000011000001001
00010001000001010011001001101100001010010000001
11110001110000010010000001101100010011000000001
00110001010000010010010001101100100011000001001
11110001110000010010000001101100010011000000001

//
segsites: 26
positions: 0.0612 0.0987 0.1465 0.2542 0.2609 0.3065 0.3099 0.3234 0.3265 0.3548 0.3642 0.3745 0.4026 0.4088 0.4863 0.5796 0.6988 0.7533 0.7743 0.7836 0.7844 0.7983 0.8425 0.9090 0.9576 0.9621 
00000000000011000001010010
01000000000011000000010010
10100010000000000010101000
00001000000011000000010010
01000000000011000000010010
00000000111011101000000000
00000100000011000000010010
10100010000000000010101000
00000000000011000000010010
00000000111011101000000000
00010001111011001000000001
00000000000011000000010010
00000000111011101000000000
01000000000011000000010010
00000000000011000000010110
00000000000111010100010010
00000000000011000000010010
00000000000011000000010010
01000000000011000000010010
00010001111011001000000000

//
segsites: 65
positions: 0.0289 0.0481 0.0605 0.0981 0.0997 0.1073 0.1111 0.1246 0.1279 0.1594 0.1864 0.1989 0.2028 0.2074 0.2228 0.2272 0.2455 0.2680 0.3002 0.3059 0.3223 0.3255 0.3412 0.3846 0.4042 0.4327 0.4601 0.4629 0.4959 0.5521 0.5578 0.5845 0.5873 0.6105 0.6176 0.6249 0.6346 0.6415 0.6433 0.6469 0.6756 0.6857 0.6860 0.7010 0.7384 0.7427 0.7567 0.7745 0.8138 0.8580 0.8770 0.8806 0.9082 0.9186 0.9291 0.9307 0.9332 0.9389 0.9423 0.9563 0.9639 0.9747 0.9789 0.9840 0.9987 
00010100000001100000000011000011000001100000100110000100000001100
00000100000000100000000000000010001001111101000110000100010001100
00000100100000110000010100101010000001100000011111100100000101100
00000100000000100000000000000010001001111100000110000100000001100
00100100000100100000000000000010000001110000000110000100000001100
10000100000000100000000000010010000001110000000110000100000001100
00100100000100100000000000000010000001110000000110000100000001100
00000100000000100000000000000010001101111000000110000100000001100
10000100000000100000000000010110000001110010000110000100000001100
00010100000001100000000001000010000001100000100110000100000001100
00100100000100100000000000000010000001110000000110000100000001100
01001000011010000111101000000000110010000000000000001011101010011
00000101100000110000010100101010000001100000011111100100000101100
00100100000100100000000000000010000001110000000110000100000001100
00000110000000100000000000010010000001110000000110010100000001100
00000100000000101000000000000010001001111000000110000100000001100
00000100000000101000000000000010001001111000000110000100000001100
00000100000000100000000000000010001001111100000110000100000001100
00100100000100100000000000000010000001110000000110000100000001100
00000100000000101000000000000010001001111000000110000100000001100

//
segsites: 37
positions: 0.0297 0.0494 0.0664 0.0747 0.0923 0.1313 0.1339 0.1475 0.2173 0.2363 0.2552 0.2679 0.2992 0.2996 0.3253 0.3588 0.3775 0.3790 0.3931 0.4215 0.4313 0.4841 0.5047 0.5171 0.5720 0.5923 0.6346 0.6904 0.7142 0.7849 0.8464 0.8474 0.8597 0.8614 0.8701 0.8881 0.9744 
0001000000000000110110000100000100100
1000000010001001000000100000000000000
0000000000001101001000100011000000000
0000000001001011000000101010100000000
0000010000001001000000100010000000000
1000000000011001000000100000000001000
0000010000001001000000100010000000000
0001000000000000110110000100000100100
0000000001001001000000100010100010000
0010000001001001000000100010110010000
0000000000000000110111000100000100100
1000000000011001000000100000000001000
0000000000000000110110010100000100101
0001000000000000110110000100000100100
0000000000000000110110010100000100100
1000000000011001000000100000000001000
1000000010001001000000100000000000010
0000000001001001000000100010100010000
0100100100100000000000000000001000000
0000001000000000110111000100000100100

//
segsites: 41
positions: 0.0096 0.0178 0.0350 0.0411 0.0412 0.0452 0.0501 0.0951 0.0961 0.0971 0.1056 0.1384 0.1444 0.1501 0.1530 0.1948 0.2011 0.2288 0.2374 0.2469 0.2618 0.2687 0.5029 0.5355 0.5754 0.5925 0.6161 0.6327 0.6370 0.6438 0.6591 0.6824 0.7110 0.7366 0.7537 0.7673 0.8980 0.9144 0.9518 0.9793 0.9961 
00011011000001010110100100000010000010011
00000000000000100001010010000000000000000
00000000101000100000010011000000000000000
00100000000000000000000000100100100000000
00001000010000010100100100000010000011110
00000000000000101000010010001000000000000
00001000010000010100100100000011000010010
00011011000001010110100100000010010010011
00001000010000010100100100000011000010010
00001000010000010100100100000010000010010
00001000010000010100100100010010001010010
00001100000101010100100100000010000110011
00000000001000100000010011000000000000000
00000000000000100000010010000000000000000
01001000010000010100100100000010000011110
00001000010000010100100100000010000011110
00001000010000010100100100000011000010010
10000000000000000000011010000000000000000
00000000000000101000010010000000000000000
00001000000011010100100100000010000010011

//
segsites: 16
positions: 0.0266 0.1133 0.1180 0.1406 0.3579 0.3634 0.4255 0.5348 0.5567 0.5749 0.5954 0.6617 0.7341 0.7344 0.9213 0.9383 
0001100000000001
0000000001000000
0010000000000000
0000000000000010
0000010000001100
0000000000000010
0000000000010010
0000010000001100
0000000000010010
1000000001000000
1000000001100000
1000000001100000
0101100000000001
0000001000000000
0010000000000000
0000000010000010
0000010000001100
0000000000000010
0000000000000010
0010000100000000

//
segsites: 78
positions: 0.0097 0.0162 0.0199 0.0206 0.0327 0.0396 0.0553 0.0556 0.0572 0.0799 0.0929 0.0950 0.1008 0.1292 0.1528 0.1565 0.1624 0.1718 0.2189 0.2495 0.2508 0.2637 0.3176 0.3422 0.3684 0.3853 0.3912 0.4002 0.4331 0.4355 0.4419 0.4617 0.4784 0.4799 0.4872 0.4933 0.5112 0.5141 0.5364 0.5440 0.5473 0.5485 0.5567 0.5609 0.5701 0.5774 0.5836 0.6239 0.6419 0.6459 0.6465 0.6733 0.6943 0.7120 0.7201 0.7475 0.7493 0.7543 0.7667 0.8104 0.8154 0.8177 0.8262 0.8278 0.8328 0.8342 0.8597 0.8610 0.8877 0.9042 0.9189 0.9335 0.9428 0.9436 0.9456 0.9566 0.9961 0.9983 
000010011100011001000010000000010111010101000100100110100001110000011000000110
000010011100111001100000000001010111010110001000100111110001110000111000000010
000010011100111101000000001000010111010110001000110111110001110000111000000010
000010011100111001100000000001010111010110001000100111110001110100111000000010
111101100011000000010100000110101000100000110001001000001010001010000101110001
000010011100011001000010000000010111010101000100100110100001110000011000000110
000010011100111001000000100000010111010110001000110111110101110000111000000010
000010011100111011100000010001010111011110001000100111110001110000111010000010
000010011100011001000010000000010111010101000100100110100001110000011000000110
000010011100111011100000010001010111011110001000100111110001110000111010000010
000010011100011001001001000000010111010101000010100110100001110001011000001010
000010011100111001000000100000010111010110001000110111110101110000111000000010
000010011100111001000000100000010111010110001000110111110101110000111000000010
000010011100111001100000000001010111010110001000100111110001110000111000000010
111101100011000000010100000110101000100000110001001000001010000010000101110001
000010011100111001100000000001010111010110001000100111110001110000111000000010
000010011100111001100000000001010111010110001000100111110001110000111000000010
000010011100011001001001000000010111010101000000100110100001110001011000001010
000010011100111001000000000000010111010110001000110111110001110000111000000010
000010011100111001000000000000010111010110001000110111110001110000111000000010

//
segsites: 46
positions: 0.0277 0.0497 0.0540 0.0547 0.0998 0.1011 0.1620 0.1655 0.1770 0.1995 0.2047 0.2123 0.2178 0.2226 0.2411 0.2536 0.3018 0.3528 0.3531 0.3571 0.3572 0.3664 0.3730 0.3971 0.4292 0.4358 0.4555 0.4580 0.4910 0.5652 0.5875 0.6239 0.6487 0.6512 0.6652 0.6996 0.7617 0.7887 0.8076 0.8586 0.8862 0.8900 0.9222 0.9663 0.9672 0.9863 
0100100000011001010100000011000011001000000001
1011011111100110101001100100010100010111110000
0100000000011000010100000011100011001000000001
0100000000011000010110011011000011101000000001
1011011110100110101001100100000100010111110000
0100000000011000010100011011000011001000000001
1011011110100110101001100100000100010111110000
0100000000011000010100000011000011001000000001
0100000000011000010100011011000011001000000001
1011011111100110101001100100010100010111110000
1011011110100110101001100100000100010111110000
0100000000011000010110011011000011001000000001
1011011110100110101001100100010100010111110000
0100000000011000010100011011000011001000000001
0100000000011000010100000011100011001000000001
0100000000011000010100011011000011001000000001
0100000000011000010100000011000011001000000001
0100000000011000010100011011000011001000000011
1011011110100110101001100100000100010111110000
0100000000011001010100000011001011001000001101

//
segsites: 40
positions: 0.0151 0.0163 0.1000 0.1173 0.1254 0.1330 0.1389 0.1552 0.1867 0.2122 0.2784 0.3508 0.3525 0.3620 0.3904 0.4330 0.4565 0.4822 0.4880 0.4995 0.6157 0.6284 0.6808 0.7151 0.7222 0.7291 0.7603 0.8059 0.8121 0.8232 0.8250 0.8257 0.8895 0.8935 0.9081 0.9182 0.9388 0.9668 0.9802 0.9809 
0000001101000010001101100100110000100110
0000001001001010001101000000110000100100
0000001001000010001101001000110000100101
0000001001001010001101000000110000100100
0010001001000010001101001000110000100100
1101100010100100100010000001001101001000
0000001001001010001101000000110000100100
0000011001000010011101010000110000100100
1101100010100100100010000001001101001000
0000001001000011001101000010110000110100
1101100010100100100010000001001101001000
0000001001000010001101010000110000100100
1101100010100100100010000001001101001000
0000001001000010001101010000110000100100
1101100010010100100010000001001101001000
0000001001000010001101001000110010100100
1101100010100100100010000001001101001000
0000001001000010001101010000110000100100
0000011001000010011101010000110000100100
0000011001000010011101010000110000100100

//
segsites: 29
positions: 0.1046 0.1048 0.1175 0.1316 0.1521 0.1875 0.2892 0.2942 0.3641 0.3750 0.4097 0.4154 0.4589 0.4751 0.4760 0.4949 0.5017 0.5232 0.5298 0.5456 0.5652 0.5907 0.7606 0.7970 0.8534 0.8701 0.9012 0.9106 0.9870 
10100000000010110000000100000
10100000000010110000000100000
10000100000010110000000100000
10001000001000000101110001010
01010010010001001010000010100
10000000000010110000000100000
10001000001000000101110000001
10000000000010110000000100000
10001001001000000101111000000
01010010010001001010000000100
01010010010001001010000000100
10100000000010110000000100000
10100000000110110000000100000
10100000000110110000000100000
01010010010001001010000010100
01010010010001001010000000100
01010010110001001010000000100
10100000000110110000000100000
01010010010001001010000000100
10100000000010110000000100000

//
segsites: 33
positions: 0.0013 0.0047 0.0218 0.0612 0.0802 0.0913 0.1283 0.2671 0.2705 0.2764 0.2983 0.3531 0.3607 0.3956 0.4222 0.4343 0.4698 0.5133 0.5207 0.5362 0.5710 0.6121 0.6436 0.6634 0.6718 0.7203 0.7971 0.8320 0.8378 0.8509 0.9002 0.9315 0.9734 
001000110001000000000100100100010
001000110001000000000100100100010
001000110001000000000100100100010
001000110001000000000100100110010
001000110001000100000110100100010
001000110011000001000100100100010
001000110011001000000100100100010
001000110001000000000100100100010
101000110001000000000100100100010
001000110001000000000100100101010
001000110011000001010100100100010
001000110011000000000100100100010
001000110011000001010100100100010
001000110011000000000100100100010
001000110011000001000100100100010
010101001100110010101001011000101
001010110001000000000100100100010
001000110001000000000100100100010
001000110001000000000100100100010
001000110001000000000100100100010

//
segsites: 45
positions: 0.0061 0.0267 0.0595 0.0821 0.1242 0.1819 0.2001 0.2199 0.2206 0.2216 0.2304 0.2831 0.2901 0.2914 0.3077 0.3132 0.3237 0.4182 0.5027 0.5229 0.5371 0.5587 0.5656 0.6018 0.6029 0.6329 0.6391 0.6436 0.6882 0.6989 0.7119 0.7138 0.7977 0.8122 0.8156 0.8165 0.8201 0.8283 0.8306 0.8564 0.8687 0.8721 0.8838 0.9058 0.9170 
001111010000000000101000000001110001000010010
100000001000101001010100001010001000011001100
001110110011010000001000000101110001000010010
110000001000101001010001001010000110100101000
110000001000101011010010001010000110100101000
001111010000000000101000000001110001000010010
001110110011010000001000000001110001000010010
100000001000101001010100001010001000010001100
100000001000101001010100001010001000010001100
110000001000101011010010001010000110100101000
001110010000000100001000100001110001000010010
100000001000101001010100001010001000010001100
001111010000000000101000000001110001000010010
100000001000101001010100001010001000010001100
100000001000101001010100001010001000011001100
001111010000000000101000000001110001000010010
100000001000101001010100001010001000011001100
001110110011010000001000010001110001000010010
100000001000101001010100001010001000010001100
100000001100101001010100001010001000011001101

//
segsites: 37
positions: 0.0411 0.0540 0.1221 0.1412 0.2155 0.2394 0.2691 0.2703 0.3207 0.3358 0.3467 0.3471 0.3799 0.4063 0.4327 0.4403 0.4760 0.5041 0.5164 0.5514 0.5656 0.6229 0.7140 0.7322 0.7335 0.7771 0.7997 0.8135 0.8587 0.9426 0.9465 0.9568 0.9643 0.9720 0.9897 0.9904 0.9979 
0000000000100001010000010001001000000
0000000000100001010000010001000000000
1000000010000100100100000000000010110
1000000010000100100100101000000000100
1000010010010000000100000000000100100
0000000000100001010000010001000000000
1000010010010000000100000000000100100
1000010010010000000100000000000100100
1000010010010000000100000000000100100
0000000000100001011010010001000000000
1000010010010000000100000000000100100
0000000000101001010000010011000000000
0000000000101001010000010011000000000
1000010010010000000100000000000100100
0000000000100001010000010001000000000
1110000011000000000100000000010001100
1000110010010000000100000000000100100
1001000110000000100101000000100000100
1001001110000000100101000000100000101
1000000010000110100100000100000000100

//
segsites: 51
positions: 0.0288 0.0450 0.0565 0.0817 0.0911 0.1013 0.1117 0.1204 0.1231 0.1412 0.1762 0.1794 0.1837 0.2031 0.2082 0.2189 0.2358 0.2362 0.2651 0.3066 0.3219 0.3299 0.3401 0.3513 0.3709 0.4351 0.4410 0.4473 0.4826 0.5177 0.5227 0.5308 0.5666 0.5884 0.6025 0.6135 0.6717 0.6831 0.6853 0.7548 0.8016 0.8143 0.8167 0.9160 0.9249 0.9299 0.9497 0.9686 0.9777 0.9962 0.9973 
100110001100000000010100000110000001000001100110010
100110001100000000010100000010000001000001100110010
101010101000010000010100001011000000100101000110010
010001000011001000100011010000010010010010000000101
010001000011001000100011010000010010010010000000101
100010001000000001011100100010101000000001011111010
010001000011000000100011010000010010010010000000101
010001000011000000100011010000010010010010000000101
010001000011101100100011010000010010010010000000101
101010101000010000010100001011000000001101000110010
010001000011000010100011010000010110010010000000101
010001010011000000100011010000010010010010000000101
010001000011000000100011010000010010010010000000101
100010001000000001010100000010100000000001000110010
010001000011000000100011010000010010010010000000101
010001000011000000100011010000010010010010000000101
010001000011000000100011010000010010010010000000101
010001000011001000100011010000010010010010000000101
100110001100000000010100000110000001000001100110010
100010001000000001010100100010101000000001011110010

//
segsites: 35
positions: 0.0126 0.0152 0.0215 0.0279 0.0842 0.1023 0.1242 0.1536 0.1872 0.1938 0.2992 0.3123 0.3217 0.3494 0.3531 0.3548 0.3580 0.3633 0.3974 0.4223 0.4260 0.5288 0.5328 0.6627 0.6763 0.6865 0.6891 0.7249 0.7435 0.7447 0.8203 0.8358 0.8465 0.9600 0.9881 
01001000001101001110000000010100011
00010100100000000000101100000000100
00010101100000000000101100000000100
00010100100000000000101100000000100
00001000001001010010000011011100011
00010100100000000000101100000000100
00101000001011110011000010011100011
00010100100000000000101100000000100
00010100100000000000101100000000100
00001010001101001110000000010100011
00001000011101001110000000010100011
10010000100000000000101100100010100
00101000001011110011000010011100011
00010101100000000000101100000000100
00001010001101001110000000010100011
00101000001011110010000010011100011
00010100100000000000101100000000100
00001000001101001110000000010100011
00010100100000000000111100000001100
01001000001101001110000000010100011

//
segsites: 72
positions: 0.0076 0.0197 0.0202 0.0272 0.0303 0.0557 0.0705 0.0802 0.0852 0.1310 0.1431 0.1500 0.1560 0.1767 0.1795 0.1866 0.1868 0.1986 0.2001 0.2182 0.2197 0.2307 0.2416 0.2730 0.2741 0.2849 0.2863 0.3075 0.3203 0.3275 0.3322 0.3398 0.3626 0.3820 0.3820 0.3842 0.3992 0.4052 0.4164 0.4369 0.4419 0.4530 0.4588 0.4874 0.5127 0.5511 0.5535 0.5590 0.5731 0.5778 0.6373 0.7156 0.7431 0.7739 0.7747 0.7996 0.8156 0.8204 0.8277 0.8324 0.8681 0.8702 0.8715 0.8801 0.8826 0.8898 0.9061 0.9274 0.9527 0.9740 0.9850 0.9942 
000010101101000001011011100010101010001101110010010011100001100101010000
000010101101000001010011100010101010001101110010010011100001000101010000
000010100001000001010110100010001010101101100011010011101101000101000100
110100000010111110100000011000000101010010001100100100010010010010101011
000010111101000001010011100010111010001101110010010011100001000101010000
110100000010111110100000011000000101010010001100100100010010010010101011
000010101101000001010011100111101010001101100010010011100001000101010000
000010101101000001010011100010101010001101100010010011100001000101010000
110100000010111110100000011000000101010010001100100100010010010010101011
000010101101000001010011100010101010001101100010010011100001000101010000
000011101101000001010011100010101010001101100010010011100001001101010000
001011101101000001010011100010101010001101100010011011100001001101010000
000010101101000001010011100010101010001101110010010011100001000101010000
110100000010111110100000011000000101010010001100100100010010010010101011
000010100001000001010110100010001010101101100011010011101101000101000000
000010101101000001010011100010101010001101110010010011100001100101010000
000010101101000001010011100010101010001101110010010011100001000101010000
110100000010111110100000011000000101010010001100100100010010010010101011
000010101101000001010011100010101010001101100010010011100001000101010000
001011101101000001010011100010101010001101100010011011100001001101010000

//
segsites: 33
positions: 0.0183 0.0417 0.1018 0.1302 0.1727 0.2155 0.2363 0.2397 0.3771 0.4098 0.4102 0.4122 0.4723 0.4881 0.5124 0.5376 0.5512 0.6267 0.6276 0.6330 0.6406 0.6696 0.6801 0.7063 0.7229 0.7316 0.7764 0.7981 0.8089 0.8126 0.8254 0.9009 0.9037 
000001000100000001110010000110101
000100000000000000000001001000010
001001000000010000000000000001100
001001000000011100000000000000100
000010011001000000001000000000100
000010011001000000001000000000100
011001100000100010000000010000100
000001000100000001110010000110101
001001000000010000000000000000100
100000011000000000000000000000100
001001000000010000000000000000100
001001000000010000000000100000100
001001000010011100000100000000100
001001000010011100000100000000100
000001000100000001110010000110101
001001000000010000000000100000100
100000011000000000000000000000100
001001000010011100000100000000100
001001000010011100000100000000100
000001000100000001110010000110101

//
segsites: 32
positions: 0.0031 0.0104 0.0417 0.0582 0.0847 0.1078 0.1191 0.1213 0.1809 0.1896 0.1934 0.2038 0.2184 0.2837 0.3047 0.3246 0.3626 0.3988 0.4414 0.4669 0.5732 0.6125 0.6740 0.7223 0.7919 0.8220 0.8286 0.8699 0.8787 0.9087 0.9713 0.9787 
00111000100000000000000010001000
00110010000000000000000010001000
10000001000000000001010101000110
00110010000000000000000010001000
00000000000110100100100000011001
00000000000010100100100000011001
01000000000110100100101000011001
00000000001110100100100000011001
00000000000010100100100000011001
10000001000000000001010101000110
00000001000000000001010100000110
00000000010000000000000000101000
00000000000110100100100000011001
00100100000001010010000000001000
00000000000010100100100000011001
10000001000000000001010100000110
00000000000110100100100000011001
00100100000001011010000000001000
00000000000010100100100000011001
00100100000001010010000000001000

//
segsites: 21
positions: 0.0932 0.2457 0.2663 0.2689 0.2964 0.3354 0.3615 0.3914 0.4319 0.4506 0.5566 0.6094 0.6112 0.6703 0.7052 0.7242 0.7626 0.7661 0.9106 0.9348 0.9544 
100000000000110000000
100000000000010000001
100000010000110000000
110000001001010000000
100010000000010000000
000001000000011000100
000001000000010000000
001000000110000000000
100000000000110000000
001000000110000000000
001000000000000000000
100100000000010010000
001000000000000000000
100000000000010000000
000001000000011000000
100000000000010000000
001000000110000000000
001000100000000001010
100000000000010000000
100000010000110100000

//
segsites: 44
positions: 0.0039 0.0696 0.0791 0.1031 0.1079 0.1297 0.2219 0.2324 0.2343 0.2551 0.3090 0.3373 0.3769 0.3804 0.4272 0.4295 0.5162 0.5176 0.5433 0.5458 0.5529 0.5604 0.5771 0.6134 0.6794 0.6915 0.7282 0.7334 0.7552 0.7562 0.7819 0.8258 0.8277 0.8366 0.8553 0.8567 0.8601 0.8669 0.8891 0.9252 0.9258 0.9489 0.9584 0.9800 
10001101000000100000000000000000010000010000
01000010001001001100111110001110000001000001
01000010001001001100111110001110000000000001
01000010001001001100111110001110000001000001
01000010001001001100111110001110000000000001
00000010000000000111011010001001000010001100
10000101000000000000000000000000010000010000
10000101000000000000000000000000010000010000
00000010100000000111011010001001000010001100
10100101000000110000000000100000010000010000
00000010000100000111011010001001000010001100
10000101000010000000000000000000010100010000
00000010100000000111011010001001000010001100
10010101000010000000000000010000010100010000
10010101000010000000000000010000010100010000
00000010000000000111011011001001000010001100
10000101010000000000000000000000110000110000
01000010000001001100111110001110001000000011
00000010000100000111011010001001000010001100
01000010001001001100111110001110000001000001

//
segsites: 15
positions: 0.0079 0.0518 0.1057 0.1926 0.3348 0.3549 0.3932 0.4330 0.4760 0.6104 0.6200 0.8015 0.8308 0.8317 0.9857 
001000000000000
000000000100100
000011000000000
100000100000000
000110000000000
100000100000000
000000100000011
000010000000000
000000100000011
000010000000000
000000000000000
100000100000000
100000100010000
000000110001011
010000100000011
100000101000000
000000110001011
100000100010000
000000000000000
100000100000000

//
segsites: 13
positions: 0.0471 0.0946 0.1815 0.3110 0.3261 0.4238 0.5012 0.6861 0.7171 0.7380 0.7421 0.7439 0.8865 
0100000000000
0010010000000
0000000000000
0000001000001
0000000000000
0000000000100
1000000000010
0000000000000
0001000000000
0000000000000
0000000100000
0000001000001
0000000000000
0000000000000
0000000000000
0000000000000
0000001000001
0000100011000
0000000000000
0000000100000

//
segsites: 37
positions: 0.0159 0.0300 0.1203 0.1605 0.1988 0.2190 0.2333 0.2607 0.2978 0.2978 0.3072 0.3245 0.3684 0.3833 0.4112 0.4512 0.4597 0.5090 0.5341 0.5555 0.5703 0.5715 0.5799 0.5867 0.6100 0.6513 0.6901 0.7246 0.7267 0.8036 0.8042 0.8351 0.8692 0.8909 0.9855 0.9892 0.9921 
0010010000000000100000100000000001010
0010010000000000100000100000100001010
1010000000000000000010100000000000000
0010000010000000100000100000000000000
0110000010000000100000101000000000000
0110000010000001100000101000000000000
1010000000000000000000100000000000000
0010000010000000110000100000000000000
0010010000000000100000100010010000010
0010000000000100000000100001000000000
0010010000000000100000100000010000010
0000100000000010001101000000001000001
0000100000000010001101000000001000001
0001001001011000001000010100000000100
1010000000100000000010100000000000000
1010000100000000000000100000000010000
0000100000000010001101000000001000000
0010000010000000100000100000000100000
0001001001011000001000010100000000100
1010000000100000000010100000000000000

//
segsites: 26
positions: 0.0150 0.0244 0.0688 0.2390 0.2700 0.3150 0.3218 0.3795 0.3955 0.3988 0.4265 0.4932 0.5108 0.5196 0.6096 0.6138 0.6327 0.6941 0.7388 0.8085 0.8313 0.8448 0.9218 0.9361 0.9639 0.9889 
10000001001000000111011010
00001110000101010000000000
00001100000100010000000000
00001100000101010000000000
10000001000010001101011000
10000001000000000101111000
00001000000100000000000000
10000001000000000101111000
01001100000100110000000000
10000001100010001101011000
00111000010100000000000100
00001100000100010000000001
00111000010100000000000100
10000001001000000111011010
10000001001000000111011010
00111000010100000000000100
00111000010100000000000100
00111000010100000000000100
00001100000100010000000000
10000001001000000111011010

//
segsites: 30
positions: 0.0410 0.0716 0.1129 0.1287 0.1610 0.1705 0.1805 0.3650 0.3809 0.3994 0.4246 0.4328 0.5479 0.5485 0.6113 0.6351 0.6603 0.6766 0.6898 0.7029 0.7239 0.7479 0.7523 0.7861 0.7891 0.8389 0.8788 0.9307 0.9486 0.9750 
101011000010110100001000000101
101011000010110100000000100100
101000100110111111000000001100
101000110010111111000000001100
101011000010110100000000000101
101000000010110100010000000100
101000000010110100010001000100
101000000010110100010000000100
101000000010110100110000000100
101011000010110100001000000101
101100000010111101000000001100
101000000010110100010001000100
101000000010110100010000000100
000000001000000000000100010010
101011000010110100001000000101
101011000010110100000000000100
101011000010110100000000000100
101011000010110100000000000100
101011000010110100000000000100
111000000011111101000010001100

//
segsites: 34
positions: 0.0161 0.0333 0.0564 0.0623 0.2369 0.2525 0.2692 0.3051 0.3246 0.3350 0.3633 0.3975 0.4146 0.4436 0.4839 0.5032 0.5287 0.5403 0.5525 0.5542 0.5924 0.6242 0.6348 0.6512 0.6615 0.6837 0.7138 0.7311 0.7584 0.8294 0.8497 0.9376 0.9442 0.9594 
0010010101101011010100000010010000
0010010100111011000010000000010000
0000000000000000100001001100000000
0010010100101111010100100001010000
0010010100101011000000000000010000
0010010100111011000010000000010000
0000000000000000100000000100100000
0010011111101011010100000010010000
0010011111101011010100000010010000
0011010100101011010100000000010000
0000000000000000100000011100000000
0000000000000000100001001100000000
0000000000000000100000000100101000
0000000000000000101000001100000010
0000000000000000100001001100000000
0011110100101011010100000000010000
0100000000000000100000000100000101
0000000000000000100000001100000000
0011110100101011010100000000010000
1000000000000000100000000100100000

//
segsites: 33
positions: 0.0066 0.0255 0.0485 0.0782 0.0914 0.1706 0.2185 0.2662 0.2698 0.2935 0.3164 0.3618 0.3873 0.3940 0.4491 0.4607 0.5224 0.5248 0.5638 0.6629 0.6652 0.6896 0.7144 0.7226 0.7456 0.7712 0.7807 0.8626 0.8639 0.8703 0.8828 0.9082 0.9537 
110000010000000000001000001000010
001000000000000111000000000000000
001000000000000000000010000000000
001000100000000000010000000000000
001000000000000000000000000010000
000000000000000000001000001000010
001000000000000111000000000000000
001000000000000000000010000000000
000110000011011000100100010001100
001000100000000000010000000100000
110000010000000000001000001000010
001000000000000000000000000010000
001000100100000000010000000000000
000010000011011000100100000001100
001000000000000111000000000000000
000010000011011000100100000001100
000011000011011000100100000001100
000010000011011000100100000001100
001000000000000000000001000010000
001000001000100000000000100000001

//
segsites: 31
positions: 0.0247 0.0419 0.0764 0.0804 0.1942 0.1980 0.2047 0.2286 0.2337 0.2938 0.3169 0.4071 0.4146 0.4550 0.4938 0.5086 0.5095 0.5971 0.6311 0.6365 0.6400 0.6509 0.6537 0.6806 0.6867 0.7690 0.8499 0.8510 0.8942 0.9333 0.9511 
0001101001110001000000100001000
0001101001110001000000100001000
1010000010000000001000000000000
0001100001100001000011110001110
0101101001110001000000101001000
0001101001110001000000100011000
0001100001100001000011110001100
0101101001110001000000101001000
0101101001110001010000101001000
0001101001111001000000100001000
1010010010000100001100000100000
0001100001100001000011110001100
0101101001110001010000101001000
0001100001100011100000100001000
0001101001110001000000100001001
0001101001110001000000100001001
0001100001100001000011110001100
1010000010000000001000000000000
0001100101100001100000100001000
0001100001100001000011110001100

//
segsites: 56
positions: 0.0145 0.0721 0.0788 0.1121 0.1222 0.1257 0.1304 0.1456 0.1568 0.1941 0.2196 0.2342 0.2710 0.2934 0.3068 0.3218 0.3679 0.3807 0.4049 0.4086 0.4290 0.4306 0.4513 0.4682 0.4794 0.4824 0.5231 0.5361 0.5410 0.5535 0.5551 0.5595 0.5672 0.6036 0.6656 0.6723 0.6753 0.6771 0.6864 0.7048 0.7061 0.7171 0.7354 0.7380 0.7633 0.8137 0.8226 0.8566 0.8625 0.8768 0.8778 0.9269 0.9317 0.9745 0.9796 0.9852 
11000000010100101100101001001000000100001001000110000000
00010010000011000010000000000010010000000100010001010000
11000000010100101100101001001000000100001001000110000000
10001000010100011101101000000000001000101010001000100100
00010010000001000010000000000010010000000100110001010000
11000000010100101100111101001000000100001001000110000000
11100000010100101100101001000000100100001001000100000000
10001000010100001100101010100000000001111000000000100010
00010010000011000010000000000010010000000100010001010000
11000000010100101100101001001000000100001001000110000000
10001000111100001100101000010101000000111000000000100011
10001100011100001100101000000101000000111000000000100011
11000000010100101100101001000000000100001001000100000000
10001000010100011101101000000000001000101010001000100100
10001001011100001100101000000001000010111000000000101010
11000000010100101100101001000000100100001001000100000000
11000000010100101100101001001000000100001001000110000000
00010010000011000010000000000010010000000100010001010000
10001000111100001100101000010101000000111000000000100011
11000000010100101100111001001000000100001001000110000000

//
segsites: 11
positions: 0.1506 0.2500 0.3094 0.5873 0.6356 0.6373 0.6547 0.6854 0.7345 0.9263 0.9734 
00000000100
00000100000
00000100000
01000010000
01001010000
00000000001
01000010000
00000000100
00000000000
00000000000
01000010000
10100001000
01000010000
01010010000
00000100000
00000000100
00000000100
01010010000
01000010000
00000000110

//
segsites: 34
positions: 0.0004 0.1266 0.1363 0.1463 0.1558 0.2348 0.2596 0.2982 0.3085 0.3357 0.3574 0.3898 0.3904 0.4095 0.4406 0.4635 0.5209 0.5820 0.5966 0.5991 0.6029 0.6379 0.6433 0.6569 0.7759 0.7942 0.7995 0.8000 0.8410 0.8645 0.9367 0.9399 0.9534 0.9981 
0000011111000001010001010000110001
1001000000100010000010001000000000
0000011111000001010001010000110001
1100000000100010000010101000000000
1100000000100010000010101000000000
1100000000100010000010101000000000
0000100101000001110001010011110001
1100000000100010000010101000000000
1001000000100010000010001000000000
1100000000100010000010101100000000
0010000101011001011001000000101001
1100000000100010000110101000000000
1001000000100010000010001000000000
0010000101011001011001000000101001
1001000000100010000010001000000000
0010000101011001011001000000101001
0010000101011001011001000000100001
1100000000100010000010101000000110
1100000000100110000010101000000000
1001000000100010000010001000000000

//
segsites: 42
positions: 0.0533 0.0571 0.0880 0.1536 0.1757 0.2056 0.2122 0.2169 0.2963 0.3125 0.3209 0.3284 0.3558 0.3710 0.4235 0.4558 0.4651 0.4955 0.4983 0.5001 0.5317 0.5381 0.5517 0.5603 0.5996 0.6063 0.6460 0.6655 0.6689 0.6718 0.7228 0.7428 0.7846 0.9042 0.9098 0.9189 0.9385 0.9590 0.9796 0.9922 0.9946 0.9981 
101000000010000001000101101100100100001000
011010100011000100000001000100110001001010
011010100011000100000001000100110001001010
000100000100010010100010000010000010010100
001000100011001100000001000100110001001010
000100000100010010100010000010000010010100
101000000010000001000001101100100100001000
000101000100010010101010010010000010010100
101000000010000001000001101100100100001001
000100000100010010100010000010000010010100
000100000100010010110010000010000000010000
001000100011001100000001000100110001001010
001000100011001100000001000100110001001010
000100000100010010110010000010001000010000
001000011010100000000001001101100000001000
011010100011000100000001000100110001001010
000100000100010010110010000010001000010000
101000000010000001000001101100100100001000
000101000100010010101010010010000010010100
001000100011001100000001000100110001101010

//
segsites: 20
positions: 0.0476 0.0523 0.0806 0.1548 0.1931 0.4189 0.4201 0.4268 0.4468 0.4701 0.5665 0.5689 0.6391 0.6428 0.6611 0.6691 0.7297 0.7595 0.9643 0.9893 
00000001001110100000
00110000010001000000
01001110001000100000
10010000010001000010
01000110001000100000
01000110001000100000
01000110001000100000
00000000001000100000
00000000001100100000
01000010001000100000
00010000010001001000
00000001001110100000
00010000010001001000
01000110001000100000
00000001001110100000
00000001001110100000
00000000010001000101
00000000101000100000
00000000001100100000
00000000001000110000

//
segsites: 19
positions: 0.0341 0.0775 0.0970 0.1032 0.1759 0.2121 0.2890 0.3388 0.4104 0.4268 0.4434 0.5282 0.5629 0.6792 0.7658 0.7829 0.7994 0.8955 0.9161 
0000000100000001100
0000010001110000001
0100000100001001100
0000000100000001100
0011010001000000001
0000010001000010000
0000000100000001100
0011010001000000001
0000000100000001100
0011010001000000001
0000000100000001100
0000000100000001100
1000111001000010010
0000010001110000001
0000010001110000001
0000000110000101000
0000010001110000001
0000000100000001100
0011010001000000001
0000010001000000000

//
segsites: 18
positions: 0.1703 0.1881 0.2627 0.2732 0.4188 0.4909 0.5055 0.5749 0.5782 0.6112 0.6702 0.7141 0.7251 0.8124 0.8580 0.8888 0.9749 0.9754 
010000001001001000
001000010000000000
000001100010000010
000100100010000010
010000001000000000
010000001000000000
000000100000000110
001000010100000000
000000100000000110
010000001000010000
000010010000000001
010000001001001000
010000001000000000
001000010000000000
010000001000000000
100000100000100010
000000010000000000
010000001000001000
000001100010000010
000000100010000010

//
segsites: 29
positions: 0.0396 0.1035 0.1295 0.1383 0.1652 0.2429 0.2432 0.2437 0.2598 0.2661 0.2682 0.3608 0.3648 0.3651 0.3834 0.4275 0.4669 0.4927 0.5465 0.5645 0.6388 0.7097 0.7272 0.7345 0.7490 0.8112 0.8515 0.8754 0.9459 
00000000000000100000000000000
00000000000000110000000000000
00000000000000100000000010000
00011000000000000010100000001
00000111001000100000011100010
00000111001000100100011100010
10100000100001101000000000100
00000000000000100000000000000
00011000000110000011100000001
01000000010000100000000001000
00000000000000100000000010000
00011000000110000011100000001
00011000000000000010100000001
00000000000000100000000000000
00011000000000000010100000001
01000000010000100000000001000
00011000000010000011100000001
00000000000000100000000000000
00000000000000100000000010000
00011000000010000011100000001

//
segsites: 54
positions: 0.0390 0.0419 0.0493 0.0641 0.1166 0.1216 0.1600 0.2479 0.2506 0.2519 0.2553 0.2761 0.3455 0.3596 0.3703 0.3706 0.3828 0.3968 0.4203 0.4310 0.4354 0.4437 0.4808 0.5003 0.5331 0.5337 0.5409 0.5664 0.5753 0.5788 0.5830 0.6136 0.6298 0.6378 0.6741 0.7200 0.7243 0.7418 0.7663 0.7782 0.7788 0.7950 0.8414 0.8446 0.8510 0.8586 0.8763 0.8776 0.8986 0.9074 0.9173 0.9277 0.9312 0.9987 
000000001011000001000000100100001000100001000010010001
011101110000101000110001010010010010000000000100101100
000000001111000001000010100000000000100011000011000001
000000001011000001000100100100001000100001001010000001
100110000000010010001000001000100101011100110000000000
100110000000010010001000001000100101011100110000000010
100110000000010010001000001000100000011100110000000000
010101110000101000110001010010010010000000000100101100
100110000000010010001000001000100101011100110000000000
000000001111000001000010100000000000100011000011000001
000000001011000001000000100100001000100001000010010001
000000001011000001000000100100001000100001000010000001
100110000000010010001000001000100101011100110000000000
010101110000101000110001010010010000000000000100101100
000000001111000101000010100001000000100011000011000001
000000001111000001000010100000000000100011000011000001
100110000000010010001000001000100101011100110000000000
000000001111000001000000100000000000100011000010000001
000000001111000101000010100001000000100011000011000001
100110000000010010001000001000100101011100110000000000

//
segsites: 17
positions: 0.0502 0.0738 0.0869 0.1087 0.3330 0.3831 0.3839 0.4128 0.4374 0.5576 0.6132 0.6574 0.7220 0.7295 0.7468 0.9228 0.9774 
00000101000100000
10000101000000000
00000000000000000
01000000000000010
00000010010000001
00000101001000000
00000101000100000
00000010110010001
00000101001000000
00000000000001000
00000000000000000
00000101000000000
00000000000000000
00000000000000000
00001101000100000
00000101000100000
00000101001000000
00000000000000100
00110010110010001
00000000000000000

//
segsites: 31
positions: 0.0347 0.0538 0.0798 0.0816 0.0846 0.1022 0.1086 0.1312 0.1861 0.1926 0.2061 0.2737 0.2761 0.3157 0.3627 0.3866 0.4026 0.5072 0.5108 0.5209 0.5497 0.6244 0.6324 0.6803 0.7680 0.8237 0.8244 0.9358 0.9423 0.9601 0.9932 
1001000001110000001000101010110
1001000001010000001000101010110
1001001001010100001000101010110
1001000001011000000100111000111
0000110100000010110001000000000
1001000001010000001000101010110
1001000001010000001000101010110
0000100110000011110001000000000
0000100100000010110001000000000
0000110100000010110001000000000
0000100100000010110001000000000
1101000001010000001000101010110
1001000001010000001000101010110
0000100100000010110001000000000
1001001001010100001000101010110
1011000000000000000000001001110
0000100100000010110001000000000
0000100100000010110011000100000
1001000001010000001000101010110
1001000000000000000000001001110

//
segsites: 19
positions: 0.0839 0.1351 0.1580 0.1767 0.2847 0.2910 0.3938 0.4056 0.4141 0.4196 0.4764 0.4767 0.5730 0.7371 0.7385 0.7837 0.8181 0.8285 0.9550 
1011000000010010100
0011000000100010100
0001010000000010101
0000101110000101010
0100101110000100010
0000101110000101010
0000101101000100010
0000101110000101010
0000101110001100010
0000101110000101010
0011000000000010100
0001010000000010100
0000101110000101010
0011000000000010100
0000101110000100010
0001010000000010100
0001000000000010100
0000101110000100010
0011000000100010100
0000101110000101010

//
segsites: 38
positions: 0.0020 0.0163 0.0192 0.0347 0.0435 0.0633 0.0977 0.1074 0.1591 0.1798 0.2075 0.2274 0.2496 0.3420 0.3672 0.3955 0.4269 0.4570 0.5147 0.5452 0.5639 0.5692 0.5833 0.5857 0.6196 0.6223 0.6320 0.6564 0.6834 0.6865 0.7102 0.7246 0.7573 0.7811 0.8725 0.8740 0.8857 0.9745 
00100000110000000000001000101000000000
01011000000001110011110001010010001011
00100001000000001000001000100001000000
00100000110100000000001000100000010000
00100000110100000000001000100000010000
00100000110010000000001000100000000000
10100000001000001000001100100100000100
00100000110000000000001000100000000000
00100001000000001000001000100000000000
01011000000001110011110001010010001011
01001100000001100111010001000010100001
00100000110000000000001000101000000000
10100000001000001000001100100100000100
01001100000001100111010001000010100001
10100000001000001000001010100000000100
00100010000000001000001000100000000000
10100000001000001000001010100000000100
10100000001000001000001000100000000100
00100000110000000000001000100000000000
00100001000000001000001000100000000000

//
segsites: 55
positions: 0.0297 0.0343 0.0346 0.0407 0.0740 0.0754 0.0806 0.1136 0.1283 0.1615 0.1710 0.1730 0.1793 0.1977 0.2444 0.2708 0.2784 0.3121 0.3386 0.3516 0.3750 0.3776 0.4006 0.4125 0.4499 0.4895 0.4997 0.5072 0.5119 0.5158 0.5261 0.5431 0.5682 0.5834 0.6502 0.6513 0.6590 0.6688 0.6717 0.6967 0.7089 0.7233 0.7667 0.7699 0.8046 0.8204 0.8210 0.8999 0.9241 0.9470 0.9532 0.9584 0.9625 0.9638 0.9656 
0010001001000011010000001101000001100010110110100000100
0011101001000010010000000101001000100110011000100000100
0011101001000010010000000101001010100110011000100000100
0010001011000110010000001101100000111010110001110011110
0011101001000010010000000101001000100110011000100000100
1100000000110000101000110010010100000000000000001100001
0010001001000011010000001101000001100010110110100000100
0011101101000010010000000101001000100110011000100000100
1100000000110000101000110010000100000000000000001100001
0010011001000110010010001101000000100010110000110011100
0010001001000011010000001101000001100010110110100000100
0010001001000011010000001101000000100010110100100000100
0010001011000110010100001101100000111010110001110011110
0010001001000110010001001101100000101010110001110011100
0010001001000110010000001101100000101010110001110011100
0010011001001110010010001101000000100010110000110011100
1100000000110000101000110010000100000000000000001100001
0010001001000011010000001101000001100011110110100000100
1100000000110000101000110010010100000000000000001100001
0011101001000010010000000101001000100110011000100000100

//
segsites: 88
positions: 0.0064 0.0155 0.0179 0.0242 0.0262 0.0375 0.0587 0.0658 0.1029 0.1117 0.1248 0.1697 0.1784 0.1919 0.2064 0.2112 0.2126 0.2161 0.2545 0.2650 0.2689 0.3133 0.3165 0.3267 0.3301 0.3526 0.3611 0.3660 0.3756 0.4032 0.4081 0.4091 0.4118 0.4140 0.4284 0.4412 0.4459 0.4512 0.4752 0.4762 0.4861 0.4921 0.5302 0.5405 0.5508 0.5563 0.5631 0.5747 0.5763 0.5964 0.6001 0.6152 0.6203 0.6524 0.6585 0.6764 0.6942 0.6974 0.6975 0.6988 0.7167 0.7262 0.7633 0.7970 0.8015 0.8035 0.8244 0.8286 0.8436 0.8458 0.8553 0.8593 0.8595 0.8598 0.8655 0.8993 0.9123 0.9158 0.9183 0.9297 0.9438 0.9474 0.9542 0.9689 0.9724 0.9774 0.9803 0.9886 
1101001000110111010001000000000011110100010101101000000111110110010000101010110000000001
0010110101001000101110100101010100000011101010010101001000000000001010010000000111101010
1101001000110111010001000000000011110100010101101000100111110110010000101010110000000001
1101001000110111010001000000000011111100010101101000000111110110010000101010110000000001
0010110101001000101110100101110100000011101010010101001000000000001010010001000111101010
1101001000110111010001000000000011110100010101101000000111111110110000101010110000000001
0010110101001000101110100101010100000011101010010101001000000000001010010000000111101010
0100000000000011000000010000000011000100010101100010010100110111010100001110111000010001
0010110101001000101110100101010100000011101010010101001000000000001010010000000111101010
0100000010000011000000000000001011000100010101100010000100110111010000001110110000000101
0100000000000011000000010000000011000100010101100010010100110111010100001110111000010001
0010110101001000101110100111010100000011101010010101001000000000001010010000000111101010
0010110101001000101110100101010100000011101010010101001000000000001011010000000111101010
1101001000110111010001000000000011110100010101101000000111110110010000101010110000000001
1101001000110111010001000000000011110100010101101000000111111110110000101010110000000001
0010110101001000101110100101110100000011101010010101001000000000001010010001000111101010
0010110101001000101110100101010100000011101010010101001000000000001010010000000111101010
1101001000110111010001001000000011110100010101101000000111110110010000101010110000000001
1101001000110111010001000000000011110100010101101000000111110110010000101010110000000001
0010110101001000101110100101010100000011101010010101001000000000001011010000000111101010

//
segsites: 26
positions: 0.0455 0.0847 0.0869 0.1047 0.1643 0.1905 0.2087 0.2098 0.2342 0.4883 0.5076 0.5141 0.5919 0.7209 0.7568 0.7581 0.7818 0.8434 0.8826 0.8889 0.8947 0.9238 0.9316 0.9728 0.9802 0.9945 
01000000000000000101001000
00000010000001000010000000
00000000000010001000000001
00000000001010001000000001
00000000000001000010000000
00000000000010001000000001
00100100100000010000010000
00111001000000000000100100
00000000000001000010000000
00000000000001000010000000
00100100110000010000010000
01000000000000000101000000
00000000000000000100000000
00000000000010001000000001
10000000000000000100000000
00100100100000010000010000
00101000000100000000000110
01000000000000000101000000
00000000000001000010000000
10000000000000100100000000

//
segsites: 47
positions: 0.0230 0.0943 0.1122 0.1171 0.1461 0.1610 0.1702 0.1829 0.1920 0.2034 0.2053 0.2163 0.2400 0.3124 0.3994 0.4010 0.4118 0.4418 0.4421 0.4504 0.4587 0.4608 0.4647 0.4850 0.5611 0.6030 0.6310 0.6484 0.6521 0.6546 0.6786 0.7125 0.7492 0.7922 0.8034 0.8208 0.8440 0.8441 0.8543 0.8565 0.8768 0.9372 0.9373 0.9582 0.9895 0.9905 0.9989 
00110010000000000010000001000000000100011011000
00000100010000100000111000000100110010000100111
00001000010010110001011000001000111011000100100
01000000010100110000011010100001110010000100100
00001000110010110000011000001000111010000100100
00001000010010110001011000001000111011000100100
11000001010100110000011010100001110010100100100
00001000011010110000011000001000111010000100100
00001000010010110000011000001000111010000100100
00001000010010110000011000011000111010000100100
00110010000000000110000001000000000100000011000
01000000010100110000011010100001110010000100100
00001000010010110000011000001000111010000100100
00001000010010110000011000001000111010000100100
11000000010100110000011010100001110010000100100
00001000010011110000011000001000111010000100100
00001000010010110000011000001000111010000100100
00001000010010110000011000001000111010000100100
00001000010010111000011000001010111010000100100
11000000010100110000011110100001110010000100100

//
segsites: 61
positions: 0.0204 0.0206 0.0231 0.0312 0.0703 0.0786 0.0834 0.0838 0.1252 0.1525 0.1776 0.1969 0.2142 0.2150 0.2150 0.2228 0.2311 0.2376 0.2419 0.3206 0.3465 0.3627 0.3801 0.3861 0.3942 0.4026 0.4124 0.4399 0.4566 0.4754 0.4963 0.4997 0.5082 0.5499 0.5605 0.5615 0.5633 0.6090 0.6378 0.6461 0.6510 0.6645 0.6856 0.7032 0.7179 0.7314 0.7405 0.7469 0.8099 0.8111 0.8845 0.9018 0.9065 0.9067 0.9068 0.9092 0.9373 0.9621 0.9695 0.9716 0.9976 
0010100110000000000000110101011000001001101110000001010100010
0010100110000000100000110101011000001000101110000001011000010
0010100110000000000000110101011000001001101110000001010000010
0010100110000000100000110101011000001000101110000001011000010
0010100110000000000000110101011000001001101110000001010001010
0010100110100000000000110101011000001000101111000001010000010
0010100110000000000000110101011000001001101110000001010000010
0010100110000000100000110101011000001000101110000001011000010
0010100110100000000000110101011000001000101111000001010000010
0010100110100000000000110101011000001000101111000001010000010
1001011001001111010111000010000111110100010000011010100010101
0010100110100000000000110101011000001000101111000101010000010
0010100110100000000000110101011000001000101111000001010000010
0010100110100000000000110101111000001000101111000001010000010
1001011001001111011111001010000111110100010000011010100010101
0010100110110000000000110101011000001000101111000001010000010
0010100110000000000000110101011000001000101110000001010000010
0110100110100000000000110101011000001000101110000001010000010
0010100110000000100000110101011000001010101110000001011000010
1001011001001111010111000010000111110100010000110010100010101

//
segsites: 22
positions: 0.1269 0.2121 0.2186 0.2428 0.2838 0.3454 0.4579 0.5507 0.5816 0.6022 0.6735 0.6740 0.6952 0.7008 0.7890 0.8040 0.8191 0.8699 0.8777 0.9185 0.9425 0.9631 
0000000000100010110101
0000100001110000010101
0000100001110000010101
0100100000100000010101
0010000000100101010110
0000000000100010110101
0010000000100101010110
0000000000100010110101
0000000000100010110101
0100100000100000010101
0000010010001000000000
1011001100100000010100
0010000000100101011110
0000000000100010110101
0000000000100010110101
0100100000100000010101
0010000000100101010110
1011001100100000010100
0100100000100000010101
0000000000100010110101

//
segsites: 23
positions: 0.0560 0.0799 0.1190 0.1232 0.1459 0.1524 0.1863 0.2404 0.3060 0.3470 0.4285 0.5338 0.5414 0.6066 0.6114 0.6128 0.7107 0.7328 0.8651 0.9320 0.9360 0.9392 0.9611 
01001100000000010001000
00000000101000000000000
01001000000000110010000
01101000000000010001000
01001100000000010001000
01001100000001010001000
01001100000000010001000
11001000000100010001000
01001000000000110000000
01001100000000010001000
00000011000000001100011
00000011000000001000101
01001100000000010001000
01101000000000010001000
00000011000000001000001
11001000000110010001000
00000000101000000000000
01001100010000010001000
00000011000000001000001
00010011000000001000001

//
segsites: 34
positions: 0.0143 0.0361 0.0439 0.0719 0.0764 0.0877 0.1056 0.1375 0.1709 0.2032 0.2700 0.2936 0.3395 0.4722 0.4974 0.5525 0.6077 0.6164 0.6167 0.6179 0.6521 0.6988 0.7184 0.7386 0.7406 0.7416 0.7639 0.7649 0.7974 0.8448 0.8804 0.9412 0.9555 0.9794 
0000000001000110000000110011101010
0000000001000111000000100110101110
1100000001100110010010100010101010
0000000001000110000000110011101010
0000100001000110000000100010101010
0001000001000110000000100110101010
0000000111010110000000100010101010
0000000001000110000100100110101010
0000000000001000001000001000000001
0000000000001000001000001000000001
0000000001000110000000110011101010
0000000111010110000000100010101010
0000000001000110000000100110101110
0000000001000110100000100010101010
0000000001000110000000100110101010
0010000001000110000001100110111010
0000000001000110000000100010101010
0000011000000000001000000000000001
1100000001100110000010100010101010
0010000001000110000001100110111010

//
segsites: 18
positions: 0.0603 0.0831 0.3483 0.4311 0.4388 0.4694 0.5355 0.5684 0.6356 0.6511 0.6906 0.6950 0.7183 0.7682 0.8638 0.8641 0.9350 0.9703 
001110000000000000
000000000100001011
000000100000000000
000000010000010010
100000000000001010
000000001000000100
010000000011000000
000000100000000000
000000000000000000
000000010000010010
000000000001100000
000000001000000100
000000100000000000
000000100000000000
000001000000000000
100000000000001010
000000000000000000
000000001000000100
000000000001100000
010000000011000000

//
segsites: 30
positions: 0.0218 0.0479 0.0836 0.0906 0.1225 0.1545 0.1780 0.2006 0.2041 0.2523 0.3048 0.3339 0.3966 0.4162 0.4228 0.4331 0.4364 0.4499 0.4607 0.5267 0.5584 0.6391 0.6466 0.7043 0.7647 0.8101 0.8353 0.8531 0.9025 0.9849 
000100010101001010000001000000
010000000000100000000110000010
010001000000100000000010000010
010000001010100000000000010010
010000000010100000000000010010
010000000000100000000110000010
111000000000100000010000001010
000100000101011000100000100000
010000000000100000000010000010
000100000101011000100000100000
111000000000100000010000001111
111000000000100000010000001010
010000000000100000000010000010
010001000000100001001010000010
010000000000100000000110000010
010000000000100100000010000010
010000100000100000000010000010
000100010101001010000001000000
000100010101001010000001000000
010010000000100000000010000010

//
segsites: 35
positions: 0.0418 0.0485 0.0606 0.0609 0.1186 0.1262 0.1404 0.1478 0.1713 0.1731 0.2321 0.2357 0.2597 0.2935 0.3126 0.4193 0.4533 0.4575 0.4624 0.4697 0.5232 0.5484 0.5587 0.6004 0.6111 0.6229 0.6400 0.6529 0.6791 0.6923 0.6985 0.6985 0.8409 0.8878 0.9237 
00000000101001000010010001100101000
00101000001000001010010000100101000
00000000101001010010010001100101000
00101000001100001010010000100101000
00101000011000001010010000100101000
00101001001000001010010000100101000
00101000001000001010010000100101000
00101000001000001010010000100101000
00101000001000001010010000100101000
00101000001000001010010000100101000
00101000001000001010010000100101000
00000010001000000010011000100101100
00101000001000001010010000100101000
00000000101001000010010001101101000
00000000101001000010010001100101000
00101000001000101010010000100101000
11010100000010000101100110010010011
00101000001000001010010000100101000
00101001001000001010010000100101000
00101000001000001010010000100101000

//
segsites: 53
positions: 0.0006 0.0101 0.0245 0.0304 0.0710 0.0710 0.0891 0.0910 0.1101 0.1410 0.1852 0.1992 0.2102 0.2108 0.2380 0.3325 0.3338 0.3370 0.3637 0.3752 0.3752 0.3923 0.4000 0.4446 0.4472 0.4494 0.4578 0.4845 0.5017 0.5733 0.5790 0.6544 0.6849 0.6925 0.6974 0.6990 0.7325 0.7810 0.7986 0.8147 0.8352 0.8452 0.8501 0.8653 0.8909 0.8972 0.9047 0.9166 0.9271 0.9359 0.9665 0.9870 0.9878 
01000100000011100000000000010101010010000101101101000
01000110000010100100001100010110011010110001111100000
01000100000010100000000010010101010010000011101100000
11000100000010100000000000010101010010000001101100000
00110001110100011001100001100000100001001000000000101
01000110000010100100001100010110011010110001111100000
00110001110100011001100001100000100001001000000000101
01001110000010100010000100010100010010110001101100000
01000100000011100000000000010101010010000101101101000
01000110000010100100001100011110011010110001111100000
11000100000010100000000000010101010010000001101100010
01000110000010100100001100010110011010110001111100000
01000110000010100100001100010110011010110001111110000
00110001110100011001100001100000100001001000000000100
01001110000010100010000100010100010010110001101100000
01000110000010100100001100010110011010110001111110000
01001110001010100010010100010100010010110001101100000
01000100000010100000000010010101010010000011101100000
01001110000010100010000100010100010110110001101100000
00110001110100011001100001100000100001001000000000101

//
segsites: 31
positions: 0.0192 0.0573 0.0624 0.0631 0.1021 0.1066 0.1281 0.1453 0.1525 0.1758 0.2120 0.2454 0.3250 0.3361 0.3711 0.3879 0.4077 0.4120 0.4428 0.4764 0.5228 0.6146 0.6350 0.6830 0.7747 0.7854 0.8603 0.8864 0.9051 0.9756 0.9880 
1100101010100100010000000011000
1100101010100100010000000010000
1100101010100100010000000010000
1100101010100100010000010010000
1100101010100100011000010010000
0010010100001001100100001100111
1100101010100100011000010010000
1100101010100100010000000010000
1100101011100100010001000010000
1100101010100100010000000010000
1100101010100110010010000010000
0011010100001001100100001100111
1100101010100100010001000010000
1100101010100100010001000010000
1100101010100100010001000010000
1100101010100100010001000010000
1100101010100100010000000010000
1100101010110100010000100010000
1100101010100100011000010010000
1100101010100100010000010010000

//
segsites: 23
positions: 0.0979 0.3088 0.3372 0.3583 0.3623 0.3827 0.3910 0.4151 0.4844 0.4934 0.5189 0.5278 0.5489 0.5889 0.6091 0.6447 0.6960 0.8158 0.8490 0.9117 0.9428 0.9737 0.9795 
10000100010001000000000
00100010000000100000111
00000000000000000000000
00100010000000100000111
00100010000000100000111
00100000000000100000101
00000000000000000001000
00100000000000100000101
01100000100000100000101
00100000001000100000101
00110001000010111100100
00000000000000000000000
00000000000000000011000
00000000000000000000000
00000000000100000000000
00000000000000000000000
00110001000010110100100
00100000000000100000101
00101000000000110100100
10000100010001000000000

//
segsites: 48
positions: 0.0226 0.1205 0.1350 0.1356 0.1423 0.1495 0.1557 0.1875 0.2196 0.2242 0.2319 0.3087 0.3115 0.3182 0.3254 0.3256 0.3615 0.4208 0.4318 0.4519 0.4579 0.4693 0.4767 0.4896 0.4934 0.5028 0.5660 0.5706 0.5886 0.6095 0.6591 0.6631 0.6744 0.6872 0.7147 0.7162 0.7316 0.7590 0.8108 0.8213 0.8781 0.8908 0.9407 0.9426 0.9454 0.9652 0.9798 0.9940 
010100010100010100010010100001000010101000100100
000100010100010000010100100100000110001000000000
000110011100011000010000100000010010001101000000
000100010100010000110100100000000110001000000001
000100011100011000010000110000000010001100000000
001001100001100010001000000010101001000010001010
000100010100010000010100100100000110001000000000
000100010110010100010000100001000010001000100100
101001100001100010001000000010101001000010001010
010100010100010100010010101001000010101000100100
010100010100010100010010100001000010101000100100
000100011100011001010001100000000010001100000000
010100010100010100010010100001000010101000100100
000100010100010000010100100100000110001000000000
000100010100010000010100100100000110001000000000
010100010100010100010010101001000010101000100100
001001100001000010001000000010101001010010000010
010100010100010100010010100001000010101000110100
000100011100011000010000110000000010001100000000
010100010100010100010010100001000010101000100100

//
segsites: 19
positions: 0.0015 0.0102 0.1050 0.1943 0.2238 0.2669 0.2715 0.2752 0.2850 0.3350 0.3624 0.4673 0.5777 0.6655 0.7867 0.8520 0.8942 0.8994 0.9095 
0110001010000000000
0110001010000000000
0000000000010110100
0110001010000000000
0110001010000000010
0110001010000000000
0000000000110000100
0000000000010001100
0000000000110000100
0110001010000000010
0000010000010000100
0001000001110000100
0000000000110000100
0000000000110000100
0110101010000000010
0110001010001000000
0000000100010000101
1110001010000000000
0110001010000000000
0000000000010001100

//
segsites: 44
positions: 0.0327 0.0419 0.0468 0.0508 0.0823 0.0960 0.1102 0.1653 0.1669 0.1844 0.2450 0.2480 0.2769 0.2913 0.3547 0.3739 0.4182 0.4265 0.4564 0.4870 0.5103 0.5311 0.5595 0.5836 0.6127 0.6668 0.6672 0.6776 0.6974 0.6985 0.7315 0.7439 0.7522 0.7534 0.7731 0.8308 0.8434 0.8558 0.8913 0.9111 0.9178 0.9202 0.9537 0.9611 
00101100001000000001000001101100000011011110
01000000000101010010000000010000111000000000
11000000000111010010000000010000001100000000
00000010010101111100000110010000001000000000
00000010010101110000100000010010001000100000
01000000100101010010001000010000011000000000
00000010010101111000010110010000001000000000
01000000000101010010000000010001011000000000
01000000000101010010001000010000011000000000
01000000100101010010001000010000011000000000
00000011010101111000000110010000001000000000
01000000000101010010000000010000111000000001
00111100001000000001000001101100000011011110
00101100001000000001000001101100000011011110
00101100001000000001000001101100000011011110
00000010010101110000100000010010001000100000
01000000000101010010001000010000011000000000
11000000000111010010000000010000001100000000
01000000000101010010000000010000111000000000
00000010010101110000100000010010001000100000

//
segsites: 29
positions: 0.0955 0.1318 0.2366 0.2525 0.2701 0.2862 0.2923 0.2946 0.3086 0.3524 0.3756 0.3857 0.4301 0.4989 0.5246 0.5673 0.5721 0.5775 0.6943 0.7294 0.7343 0.7576 0.7877 0.7963 0.9268 0.9363 0.9809 0.9944 0.9994 
00000001101011000000000000001
00000000010000000000000010000
00000100000000010010000001000
00000110000100000010000001000
00010000010000001100100010010
00000000010000000000000010000
00000001101011000000000000001
01101100000000100011011101100
00000001101011000000000000001
00000001101011000000000000001
00010000010000001100100010010
01001100000000100011011001100
00000001101011000000000000001
00000000010000000000000010000
00000100000000010010000001000
00000100000000010010000001000
00010000010000001100100010010
00000100000000010010000001000
10000100000000010010000001000
00000100000000010010000001000

//
segsites: 19
positions: 0.0231 0.0468 0.2050 0.2477 0.2868 0.2943 0.3080 0.3718 0.4463 0.4589 0.4870 0.6619 0.7118 0.7223 0.7409 0.7988 0.8853 0.9745 0.9893 
1010010000000000100
0000001000010011001
1000010000000100100
1010010000000000100
0101100000010010000
1010010000000000100
0001000101010010000
1010010000000000100
0000001000010011011
1010010000000000100
0000001010010011011
0001000100010010000
0000001000010011001
0000001000111011001
1010010000000000100
0000001000010011001
0000001000010011001
0000001000010011011
0000001000010011001
1010010000000000100

//
segsites: 63
positions: 0.0362 0.0424 0.0851 0.1097 0.1149 0.1267 0.1317 0.1433 0.2089 0.2182 0.2299 0.2347 0.2585 0.2895 0.2904 0.2931 0.3242 0.3272 0.3316 0.3328 0.3393 0.3426 0.3749 0.3963 0.4051 0.4152 0.4318 0.4399 0.4782 0.4976 0.5220 0.5252 0.5322 0.5718 0.5793 0.5919 0.5949 0.6183 0.6231 0.6302 0.6537 0.6589 0.6874 0.6922 0.6994 0.7244 0.7617 0.7654 0.7750 0.8122 0.8234 0.8351 0.8439 0.8489 0.8590 0.8632 0.8701 0.8785 0.9049 0.9072 0.9367 0.9472 0.9595 
000000000001010110010011010000001001000011010000010000011100100
010100011100100000001000100000100100000000001010001100000011010
010100111100100000001000100000100100000000001010001100000010010
000000000001010101010011000000001001100101000001000000001100101
101011000011000100010011000111010001010001000000100010001100100
000000000001011100010111000000001001100101100101000000001100100
010100011100000000101000100000100100000000001010001101000010010
000000000001010100010011000000001001100101000001000000001100100
000000000001010110010011010000001001001011010000010000111100100
000000000001010100010111000000001001100101100101000000001100100
000000000001010100010011000000001001100101000001000000001100100
010100011100100000001000100000100100000000001010001100000011010
000000000001010100010011000000001001100101000001000000001100100
000000000001010100010011000000001001100101000001000000001100100
000000000001010100010011000000001001100101000001000000001100100
010100011100100000001000101000100110000000001010001100000010010
000000000001010100010011000000001001100101000001000000001100100
010100011100100000001000100000100100000000001010001100000011010
000000000001010110010011010000001001001011010000010000011100100
000000000001010100010011000000001001100101000001000000001100100

//
segsites: 38
positions: 0.1208 0.1952 0.2160 0.2395 0.2476 0.2490 0.3638 0.3717 0.3746 0.3801 0.4060 0.4071 0.4125 0.4353 0.4368 0.4382 0.4626 0.4673 0.4938 0.5259 0.5580 0.5933 0.6299 0.6483 0.6516 0.6536 0.6555 0.6705 0.6929 0.7301 0.7570 0.7871 0.8323 0.8349 0.8487 0.9307 0.9354 0.9709 
01100100001000010000001000011000100000
00000001000000101000000100100000001010
01100100001000010000001000011000100000
00001000000010000010000000000000010001
00000001000000000000000110100000000000
01100100001000010000001000011000100000
00010001100000000001100101100000000000
00000001000000000000000110100000000000
00000001000000000000000110100000000000
10000010000000000010000000000011010001
10000010000000000010000000000011010001
00000001010000000100000110100000000000
00000100001001000000001000011000100100
00000001000000000000000110100000000000
01100100001100010000001000011000100000
10000010000000000010000000000111010001
00001000000010000010000000000000010001
01100100001000010000001000011000100000
00000001000000000000010100100000000000
00001000000010000010000000000000010001

//
segsites: 27
positions: 0.0930 0.1049 0.1172 0.1285 0.1452 0.1511 0.1669 0.1870 0.2424 0.3072 0.3268 0.3472 0.4102 0.4159 0.4243 0.4253 0.4447 0.4837 0.5181 0.6362 0.6811 0.7629 0.7727 0.7852 0.8361 0.8591 0.8962 
001010001000110001100100010
001010001000110001100100011
001010001000111001100100010
101010001000110001100100010
001010001000110001100100011
000000110000000100000001100
000000110000000100001001100
010001010011000010010000100
001110001000110001100100010
010001010011000010010000100
001110001000110001100100010
001010001000110001100100011
001010001000111001100100010
001010001100110001100100011
010001010011000010010000100
010001010011000010000010100
101010001000110001100100010
000000110000000100000001100
000000110000000100000001100
010001010011000010000000100

//
segsites: 38
positions: 0.0366 0.1073 0.1093 0.1433 0.1700 0.2323 0.2397 0.2611 0.2671 0.2947 0.3526 0.3533 0.3591 0.4319 0.4424 0.4942 0.5405 0.5561 0.5581 0.5811 0.5827 0.5833 0.5991 0.6272 0.6317 0.6331 0.6621 0.6742 0.7199 0.7230 0.7706 0.8008 0.8039 0.8233 0.8264 0.8578 0.9302 0.9632 
00001000001101001010000000001011100000
00010001000010100001000100000000000100
00000000011001000010000001000000000000
01000000001001010010000000000100000000
10000010001101001010000010000011100000
00000000001101001010000000000011100001
00100000101001000110000000000000000000
00000000001101001010000000000011100001
00000001000010100001000000000000000100
00000100001000000010010000010000001000
00000000001101001010100000000011110000
01000000001001010010000000000100000000
00100000101001000110000000000000000000
01000000001001010010000000000100000000
00000000001101000010000000100011100000
00000100001000000010010000010000001000
00010001000010100001000000000000000100
00000001000010100001001000000000000100
00010001000010100001000100000000000100
00001000001101001010000000000011100010

//
segsites: 28
positions: 0.0232 0.0412 0.0461 0.0500 0.0881 0.1027 0.2235 0.2548 0.2579 0.2599 0.2711 0.3517 0.3932 0.4227 0.4715 0.4884 0.5043 0.5516 0.6109 0.6464 0.6785 0.7319 0.7619 0.8067 0.8569 0.9233 0.9251 0.9493 
0010101000001000000000000000
0000000000100001000000100100
0010001000001000000000000001
0000000000100001000000100100
0010001000001000000000000000
0000000000100001000000100100
0000000000100001000000100100
0000000000100001000000100100
0000000000100001000000100100
0010001000001000000001000000
0010001000001000000000000000
0000011100011010101000000000
0110001001001000000100010000
0010001000001000000000000000
0000000000100001000000100100
0011001000001000010010001010
1010001000001100000000000000
0010001000001000000000010000
0010001010001100000000000000
0000000000100001000000100100

//
segsites: 33
positions: 0.0262 0.0355 0.0467 0.0752 0.0935 0.1082 0.1364 0.1423 0.1598 0.1987 0.2339 0.2461 0.2814 0.3168 0.3238 0.3388 0.3580 0.3995 0.4043 0.4282 0.4378 0.4476 0.4914 0.5310 0.5367 0.5613 0.5800 0.5800 0.5939 0.6031 0.6108 0.7311 0.7598 
001001010000010010000101001000001
001001000100010010000101000000101
001001000010010010000101000000001
001001000000010010000101000000001
001001000000010010000101000000001
001001000000110010000101000010001
001001000100010010000101000000101
001001000000110010000101000010001
001001000010010010000101000000001
010100000001000100001010110000000
101011000000010010010101001000011
001001000000110010000101000010001
001001101010010010000101000000001
001001000000010010000101000000001
001001000010010011000101000000001
001001010000010010100101001000001
010100000001001100001010100100000
001001000000010010000101000001001
001001000010010010000101000000001
001001000010010010000101000000001

//
segsites: 15
positions: 0.0017 0.0670 0.0792 0.3025 0.3964 0.3999 0.4950 0.6200 0.6256 0.7257 0.7509 0.8969 0.9074 0.9586 0.9983 
100101000000000
000000000000000
011000100000000
000000000010000
000000010000000
100101000000000
100101000000000
000000000000100
011000100000000
000000000000001
100101000000000
000000001000000
000100000101000
100101000000000
100111000000000
000100000101010
000000000000100
100101000000000
000000001000000
000100000101000

//
segsites: 41
positions: 0.0044 0.0337 0.0454 0.0834 0.1036 0.1076 0.1143 0.1231 0.1644 0.2107 0.2722 0.3210 0.3215 0.3643 0.3721 0.3722 0.3765 0.4249 0.4819 0.5005 0.5133 0.5315 0.5343 0.5438 0.5483 0.5628 0.5666 0.6306 0.6428 0.6547 0.6557 0.6613 0.6729 0.6854 0.7083 0.7116 0.7550 0.7755 0.8200 0.8756 0.9113 
10001000010000010100001110110000110110000
01000110000000101000110001001100000001111
01010011000000101001110001001100000000010
01010011000000101001110001001100000000010
01000010000101101000110001001110000000010
01110010001000101011110001001100000000010
01010011000000101001110001001100000000010
01000110000000101000110001001100000001111
01000010000010101000110001001100000001111
10001000010000010100001110110000110110000
01000010000010101000110001001100001001111
01110010100000101011110001001100000000010
01010010000000101011110001001100000000010
01000010000010101000110001001100001001111
10001000010000010100001110110000110110000
01010010000000101011110001001100000000010
01000010000010101000110001001101000001111
10001000010000010100001110110000110110000
10001000010000010100001110110000110110000
10001000010000010100001110110000110110000

//
segsites: 27
positions: 0.0329 0.0551 0.0669 0.0729 0.0992 0.1033 0.1294 0.1326 0.2762 0.3185 0.4125 0.4285 0.4454 0.4521 0.5841 0.6274 0.7439 0.7630 0.8129 0.8601 0.8607 0.8997 0.9068 0.9174 0.9188 0.9427 0.9958 
010000000100000000000100100
000000000100000000000100000
000000000100000001000100000
001000100000010010010000000
000010100001010000010000000
000000000100000000000100000
000000100001010000010000000
000000000100000001000100000
000100000110000000001000001
000001100000010000010000000
010000000100000000000100100
000000001110000000001010001
000000100000010100110000000
000000100000010000010000000
000000100000010000010000000
000000100000010000010000000
000000100000010000010000000
100000010100001000000001000
000000000110000000001000001
000000100000110000010000010

//
segsites: 25
positions: 0.0069 0.0744 0.0995 0.1277 0.1324 0.2188 0.2539 0.2801 0.3518 0.3623 0.4076 0.4468 0.5125 0.5658 0.5788 0.5814 0.6223 0.6856 0.7086 0.7624 0.8597 0.8628 0.8642 0.9652 0.9800 
0100001000010000000000010
0010000001100100001000001
0100001000000000000000000
0100001000010000000000010
0100001000010001000000000
0100001000010000000000010
0100001000010001000000000
0100101110011000000000000
0100001000000000000000000
0010010001000000001000101
0100001000000010000000000
0100001000010000100000000
0010000001000000011011001
0100001000010001000000000
0010000001100000001000001
0100001000010000000000010
0101101100010000000000000
0010010001000000001000101
1100001000010000000100000
0010000001100000001000001

//
segsites: 47
positions: 0.0042 0.0401 0.0601 0.0633 0.0695 0.0803 0.1072 0.1347 0.1365 0.1479 0.1816 0.1954 0.1977 0.2024 0.2074 0.2133 0.2803 0.3123 0.3438 0.3525 0.3814 0.3860 0.4415 0.4979 0.5139 0.5460 0.5757 0.6114 0.6174 0.6404 0.6796 0.6854 0.7427 0.7518 0.7763 0.7800 0.7879 0.8378 0.8783 0.8798 0.8807 0.8866 0.8878 0.9176 0.9443 0.9471 0.9854 
00010010010100100100100000001010010111110110100
00010010000100100110100000001110010111110110100
00010010001100100100100000001010010111110110100
10101101000010011001001110110000100000000001001
00010010000000100100000000000010010111111110100
00010010000100100100100000001010010111110110100
00010010000100100100100000001010010111110110110
01010010000100100110100000001011011111110110100
00010010000100100100100000001010010111110110100
00010010000100100100100000001010010111110110100
00010010000100100100100000001010010111110110100
00010010000100100100100000001010010111110110100
00010010000100100100100000001010010111110110100
00010010000101100100110000001010010111110110100
00010010000100100100100000001010010111110110100
00010010000100100100100000001010010111110110100
00010010000100100110100001001010010111110110100
00010010000100100100100000001010010111110110100
00010010000100100100100000001010010111110110100
00010010100101100100110000001010010111110110100

//
segsites: 23
positions: 0.0250 0.0279 0.1013 0.3365 0.3747 0.3865 0.3886 0.4462 0.4620 0.4687 0.4717 0.5884 0.5916 0.6411 0.6675 0.6750 0.7273 0.7477 0.7607 0.8099 0.8876 0.9255 0.9791 
01000000001001000000000
00100000000000101100000
10011000001001000011000
00000010001001000000010
00000000000110010000000
00001000001001000011100
00000000000000101100000
00000000000110010000000
00000000101001000000000
00000000101001000000000
00000000001001000000001
00000000000110010000000
00000100000110010000000
00000000000010010000000
00000000010000000000000
00000000000000000000000
01000000001001000000000
00000001001001000000000
00000000101001000000000
00000000000000000000000

//
segsites: 16
positions: 0.1195 0.1457 0.2616 0.2712 0.3027 0.3043 0.3558 0.4018 0.4371 0.4475 0.4743 0.7136 0.7797 0.9433 0.9874 0.9939 
1011100000111100
1011000000110101
1011000000110100
1011000000110100
1011100000110100
1011000000110100
1011100000110100
1111000001110100
1011000000110100
1011000000110100
0000010110000010
1011001000110100
1111000000110100
1011100000110100
1111000000110100
1111000000110100
1011000000110100
1011000000110100
1011000000110100
0000010110000010

//
segsites: 33
positions: 0.0659 0.0690 0.1508 0.1794 0.1811 0.1814 0.1883 0.2137 0.2152 0.2343 0.2354 0.2442 0.2551 0.2876 0.2882 0.3052 0.3278 0.4079 0.4363 0.4555 0.5409 0.5485 0.5515 0.6340 0.6753 0.7157 0.7575 0.8083 0.8376 0.8828 0.8965 0.9187 0.9905 
001000000010000000010001000000010
000011100101101111000000100001001
001000000010000000010001000000010
000011100101101111000000100001001
010000010010000000010011010000010
000000000010000000110011000000010
000011100101101111000100100101001
000011100101101111000000100001101
000011100101101111000000100001001
000011101101101111000000100001001
000011100101101111000000100001001
000011100101101111000000100001001
000111100101101111000000100001001
000011100101101111000000100001001
000011100101101111000000100001001
100011100101011011001000100011001
000011100101101111000000101001001
001000000010000000010001000000010
010000000010000000010011010000010
000011100101101111000000100001001

//
segsites: 31
positions: 0.0019 0.1089 0.1976 0.2138 0.2154 0.2186 0.2470 0.2950 0.4417 0.4593 0.4682 0.4958 0.5479 0.5673 0.6535 0.7022 0.7036 0.7103 0.7523 0.7934 0.7950 0.8373 0.8485 0.8653 0.8950 0.9301 0.9326 0.9350 0.9605 0.9643 0.9675 
1001001101110000110100001001001
1000000001000001001000101100001
1001001001110000000100001001001
1001011001110010000110001001001
1001000001010000000000001000001
1001001101110000110100001001001
1010000001000001001000101100001
1001100001010000000001001000001
0000000010001000000000010000000
1001100001010000000001001000001
1000000001000001001000101100001
1000000001000001001000101100001
1001001001110000000100001001001
1100000001000001001000101110101
1000000001000001001000101100101
1000000001000001001000101100001
1001001001110000000100001001011
1001000001010000000001001000001
1000000001000101001000101100001
1001000001010000000000001000001

//
segsites: 31
positions: 0.0233 0.0371 0.1331 0.1597 0.1741 0.1921 0.2071 0.2206 0.2395 0.2412 0.2995 0.4187 0.4478 0.4580 0.4618 0.4741 0.5173 0.5772 0.6062 0.6064 0.6124 0.6157 0.6959 0.7626 0.8644 0.9019 0.9115 0.9308 0.9331 0.9462 0.9969 
1010000100010010000000001000100
0000010010100000001000000000000
0000010000100000001000000000000
0000010000000000001100010000000
0000000001000001100000100000000
1010000100010010000000001010100
0000010000000000001100010000000
0000010000100000001010000000000
0000000001000001100000100000000
1010000100010010000000001000100
0000101000001000010001000001010
0100010000000100000000000100001
0000010000000000001100010000000
0000010000100000001000000000000
0100010000000000000000000000001
0100010000000000000000000000001
0100010000000000000000000000001
1010000100010010000000001010100
0000010000000000001100010000000
0001010000100000001010000000000

//
segsites: 19
positions: 0.0049 0.0310 0.0425 0.0445 0.1028 0.1158 0.1294 0.1382 0.1422 0.2056 0.2185 0.3440 0.4106 0.4149 0.4187 0.6734 0.8812 0.9217 0.9868 
0000000000100000010
0000000000001000000
0000000000001000000
0000000000100000010
0100010000000010100
0100010000000010100
0000101110100000000
0001000000001000000
0010000000110100010
0100010000000010100
0000000000100001011
0100010000000010100
0010000000110100010
0000000001001000000
0000000000001000000
0000000000100000010
0000000000001000000
1000000000001000000
0000000000100000010
0100010000000010100

//
segsites: 48
positions: 0.0404 0.0541 0.0554 0.0684 0.0817 0.1186 0.1419 0.1862 0.1919 0.1930 0.1935 0.2001 0.2050 0.2120 0.2178 0.2653 0.2983 0.3060 0.3152 0.3216 0.4145 0.4359 0.4552 0.5277 0.6027 0.6068 0.6176 0.6232 0.6303 0.6718 0.7461 0.7467 0.7468 0.7529 0.7538 0.7868 0.7912 0.8386 0.8446 0.8544 0.8730 0.9110 0.9129 0.9160 0.9169 0.9372 0.9741 0.9758 
011000001000001000010011000100110001000111000110
000001000001010011000100000011000100101000100000
000001000101010011000100000011000100101000100000
000001000001110011100100000011000100101000100000
000001010001010011000100000011000100101000100000
000001010001010011000100000011000100101000100000
000001010001010011000100000011000100101000100000
000001000000010111000100000011000110101000010000
000001000001010011000100000011000100101000100000
100011000001010011000100000011000100101000100000
000001000001010011000100000011000100101000100000
000100001000001000011001011000101001010101001001
000100001000001000011001100000100001000101001000
000100001000001000011001100000100001000101001000
000001100001010011000100000011000100101000100000
000001000011010011000100000011000100101000100000
011000001000001000010011000100110001000111000100
000100001000001000011001100000100001000101001000
000001000001010011000100000011000100101000100000
000001000001010011000100000011000100101000100000

//
segsites: 35
positions: 0.0097 0.0117 0.0949 0.1010 0.1113 0.1453 0.1575 0.1971 0.2185 0.2276 0.2358 0.2422 0.2445 0.2525 0.3888 0.4110 0.4327 0.5078 0.5122 0.5204 0.5382 0.5711 0.5954 0.6584 0.6671 0.7383 0.7641 0.7744 0.7961 0.8453 0.8654 0.8681 0.9281 0.9352 0.9760 
01001001000000000000000001000000010
01011010000000000000000001000000000
10100000000000110010010000010000000
10100000010000011010010000100100000
01001000001100000000000001000001000
10100000010000011010010000000100000
10100000010000011010010000000100000
10100000000000110010110000000000000
10100000010010010110010000001000000
01011010000000000000000001000000000
01001100000000000000000001000010110
01001000000000000000000001000000110
10100000000000110010010000010000000
10100000000000110010010000010000000
01001000001100000000000001000001000
01001000001100000000000001000001000
01001001000000000000000101000000011
10100000010011010011010010001000000
01001000100000000000000001000000110
01001001000000000000001101000000010

//
segsites: 22
positions: 0.0240 0.0329 0.0431 0.0837 0.0972 0.1460 0.2534 0.2953 0.3037 0.3052 0.3570 0.3874 0.3885 0.4863 0.5425 0.5656 0.8249 0.8345 0.8516 0.8765 0.9094 0.9430 
0011100000010000101100
0000011011100100000001
0001100100010000001100
0000010010100100010001
0011100000010000101100
0001100000011000001100
0000011011100100000001
0100010010100101000001
0001100000010010001110
0011100000010000101100
0001100000010000001100
0000011010100100000001
0011100000010000101100
0000011011100100000001
0001100000010000001100
0001100000010010001110
0100010010100100000001
1001100000010000001100
0001100000010000001100
0001100000010010001110

//
segsites: 38
positions: 0.0005 0.0511 0.0640 0.0663 0.1491 0.1625 0.1749 0.1858 0.2288 0.2297 0.2859 0.2999 0.3012 0.3331 0.3575 0.3655 0.3863 0.4074 0.4281 0.4299 0.5085 0.5113 0.5119 0.5389 0.5474 0.6212 0.6355 0.6552 0.7266 0.7666 0.7825 0.8196 0.8441 0.8948 0.9334 0.9556 0.9876 0.9913 
10001010000010011100000110001001100000
00000001001000100011100000110010011000
10000000010010011100000010001001100000
10000000010010011100000010001001100000
10000000000011011100011010001001100000
10100000000110011100000010001101100000
10000000000011011100011010001001100000
00000001001000100001100000010000011000
11000000000011011100011010001001100000
10000000010010011100000010001001100000
00000001001000100011100000010010011000
00000001001000100011100000010010011000
11000000000011011100011010001001100000
00000001001000100011100000110010011000
00000001001000100011100000110010011100
00010001101000100001100000010000011000
10000000010010011100000011001001100010
10100100000110011100000010001101100001
10001010000010011100000110001001100000
10100000000110011100000010001101100000

//
segsites: 33
positions: 0.0722 0.0728 0.1069 0.1135 0.1764 0.2166 0.3039 0.3075 0.3742 0.4154 0.4339 0.4481 0.4657 0.5326 0.5897 0.5924 0.6402 0.6413 0.6770 0.6902 0.7147 0.7314 0.7356 0.7523 0.7531 0.7587 0.7700 0.8400 0.8433 0.8489 0.8554 0.8640 0.9031 
000001000000001000000100000001010
000001000000001000000000000001010
001001000000000001100001000001000
000011010001010000001000000001000
010100101100000000010000111100000
010100101100000000010000111100000
001001000000000001000001000001000
001001000000000001000001000001000
000001000000001000000000000001000
000001000000001000000000000001000
000011000001010000001000000001000
000000100100000010000010001000000
000011000001010100001000000001000
100000000010100000000000000000101
000001000000001000000000000001010
010100101100000000010000111100000
010100101100000000010000111100000
001001000000000001000001000001000
000100101100000000010000101010000
100000000010100000000000000000001

//
segsites: 9
positions: 0.2675 0.4171 0.4831 0.5351 0.5664 0.5674 0.5915 0.8857 0.9220 
010000000
010000000
000000000
000000000
000000000
010000000
000000000
010100000
010000000
000011101
000000000
000000010
010000000
000000000
000011101
010000000
101011101
000010101
000010101
010000000

//
segsites: 26
positions: 0.0149 0.0542 0.0558 0.0670 0.1036 0.1694 0.1992 0.2543 0.3305 0.3939 0.4073 0.4084 0.4139 0.4433 0.4495 0.6228 0.6872 0.7714 0.7844 0.7872 0.8051 0.8060 0.8090 0.8796 0.9847 0.9892 
01000010010001010000000001
00000100000000000100011011
10000000001010001011100000
00110000000001000000000001
01000000010001000000000001
00000001100000000000000000
10000000001010001011100000
00111000000001000000000001
01000000010001000000000001
01000000010001000000000001
01000000010001000000000001
10000000000010100010100100
01000000010101000000000001
10000000000010100010100100
00000000000000000100011011
01000000010001000000000001
01000010010001000000000001
01000000010101000000000001
01000000010001000000000001
10000000000010100010100100

//
segsites: 44
positions: 0.0031 0.0376 0.0661 0.1219 0.1609 0.2296 0.2299 0.2377 0.2500 0.2974 0.3187 0.3591 0.3646 0.3652 0.3728 0.3734 0.3769 0.3944 0.4076 0.4263 0.4876 0.5246 0.5457 0.5788 0.6266 0.6365 0.6472 0.6569 0.6715 0.6884 0.6998 0.7074 0.7525 0.7708 0.7806 0.7888 0.8200 0.8224 0.8617 0.8854 0.8914 0.9377 0.9389 0.9479 
00100010001110000001011000110101010000110000
00100010001110000001011000110101010000110000
00011000000001100010100100000010000111001000
00011000000001100010100100000010000111001000
00011000000001100010100100000010000111001001
00011000000001100010100100000010001111001000
10100100011000000000010001110000110000000000
00011000000001100010100100000010001111001000
00011000000001100010100110000010000111001010
00011000000001100010100100000010001111001000
00100100101000000000010000110000010000000100
10100100011000000000010001110000110000000000
00100000001110000000011000111101010000000000
00011000000001100010100100000010000111001000
00100010001110000001011000110101010000110000
01011001000001101010100100000010001111001000
00100100001000010100010000110000010000000100
00011000000001100010100100000010000111001000
00100100001000010100010000110000010000000100
00011000000001100010100100000010000111001000

//
segsites: 57
positions: 0.0093 0.0240 0.0250 0.0351 0.0443 0.0488 0.0719 0.0757 0.1152 0.1225 0.1380 0.1427 0.2423 0.2571 0.2586 0.2688 0.2699 0.2875 0.3113 0.3427 0.3427 0.3462 0.3558 0.3579 0.3657 0.3682 0.3935 0.3940 0.3993 0.4419 0.4575 0.4785 0.4797 0.5325 0.5561 0.5595 0.5624 0.5720 0.5814 0.5887 0.5948 0.6512 0.6537 0.6863 0.6988 0.7308 0.7751 0.8011 0.8328 0.8462 0.8496 0.8517 0.8826 0.8939 0.9637 0.9690 0.9842 
111000000100010010000001100000111110000110011011100010000
111011000101010100010011000001011010000010000011100010100
111000001100010010000101100000111110000110011011100010010
000100110010000001101000010100000001111001100000000000000
000100110010000001101000010110000001111001100000000000000
000100110010001001101000010100000001111001100000000100000
111000001100010010000101100000111110000110011011100010010
000100110010000001101000011100000001111001100000001000000
111000000100010010000001100000111110000110011011100010000
111000000100010010000001100000111110000110011011100010000
111000000100010010000001100000111110000110011111100010001
000100110010000001101000010100000001111001100000000100000
111000000100110010000001100000111110000110011011100010000
111000000100010010000101100000111110000110011011110011000
000100110010000001101000010110000001111001100000000000000
000100110010000001101000010110000001111001100000000000000
111011000101010100010011000001011010000010000011100010100
111000001100010010000101100000111110000110011011100010010
111000000100010010000001100000111110000110011011100010000
111000000100010010000101100000111110000110011011100011000
