./ms 20 1 -t 10 -G 0 -eG 1 0 
47632 13597 55189

//
segsites: 38
positions: 0.0233 0.0309 0.0375 0.0770 0.0866 0.0955 0.1677 0.2039 0.2388 0.2416 0.2645 0.2952 0.2957 0.3021 0.3370 0.3384 0.3463 0.3716 0.3737 0.3854 0.3882 0.4026 0.4343 0.5388 0.5465 0.5642 0.5725 0.6173 0.6594 0.6927 0.7383 0.7593 0.7977 0.8315 0.8662 0.9592 0.9602 0.9667 
00001001001010000100010100010000010110
00001001001000000100000100010000010010
00001001001000100100000100010001010010
00011001001000000100000100010000010010
00001001001000000100000100010000010010
00001001001000000100000100010000010010
00001001001010000100010100010000010110
10000110110101001001000011101110001000
00001001001010000100010100010000010110
10000110110101001001000011101110000000
00001001001010000100000100010000110110
10000110110001001011101011001010000000
01101001001010000100000100010000010111
00001001001010000100000100010000110110
10000110110101011001000011101110000000
00001001001010000100010100010000010110
10000110110101001001000011101110000000
10000110110001001011101011001010000000
10000110110001001011101011001010000000
00001001001000000100000100010000010010

//
segsites: 35
positions: 0.0044 0.1154 0.1378 0.1380 0.1471 0.1499 0.2159 0.2535 0.2552 0.2867 0.2899 0.3311 0.3841 0.4524 0.4930 0.5133 0.5430 0.5575 0.5649 0.5706 0.5763 0.6771 0.7299 0.7537 0.7854 0.8106 0.8160 0.8558 0.8646 0.8665 0.8914 0.9169 0.9263 0.9352 0.9448 
00110100000001010101000101000100001
00100000000000000110000010000101000
01100000010000000100000000100100000
10000001000000100000000000011000100
00100000010100000100000000000100000
10000001100000100000000000011000100
00100000010100000100000000000100000
00110110000001000101000101000100001
00110100000001010101000101000100001
00100000010000000100000000000100000
10000001100000100000000000011000100
00110100000001000101000101000100001
00100000001010001100000010000111010
01100000010000000100100000100100000
01100000010000000100100000100100000
00100000010000000100010000000100000
00101000001010001100001010000111010
01100000010000000100000000100100000
01100000010000000100100000100100000
00100000000000000100000010000101000

//
segsites: 34
positions: 0.0306 0.1203 0.1360 0.1507 0.2584 0.2966 0.3113 0.3908 0.4179 0.4785 0.4937 0.4965 0.5080 0.5186 0.5722 0.5809 0.5944 0.6228 0.6728 0.6824 0.6913 0.7823 0.7862 0.8245 0.8263 0.8299 0.8466 0.8704 0.9004 0.9238 0.9448 0.9720 0.9809 0.9869 
0000101101000000100101000100100000
1000000000000101011000001011000010
0000101100000000100101000100000000
1000000000000101011010001001000000
0000101101000010100101000100100000
1000000010000001010000010001000000
0001101100010000100101000100001000
0000111100000000100101000100000000
0000101101000010100101000100110000
1000000000000101011000001011000010
0101101100000000100101000100001001
0000101100001000100101000100001000
0010101100100000100101100100000000
1000000000000101011010001001000000
0000101101000010100101000100100000
0000111100000000100101000100000000
0001101100010000100101000100001000
0010101100100000100101100100000000
0000101101000000100101000100100000
1000000000000001010000010001000100

//
segsites: 27
positions: 0.0127 0.0297 0.0367 0.0484 0.0508 0.0509 0.0642 0.1040 0.1046 0.1210 0.1351 0.2348 0.3605 0.3609 0.4377 0.4622 0.5547 0.6142 0.6789 0.7067 0.7163 0.7265 0.7475 0.7687 0.7862 0.9165 0.9228 
101100000000010101000110100
101100000000010101000110100
101100000000010101000110100
101100000001010100000110110
000000000100101000011000000
101100100000010100000110101
000011000000101000111001000
101100000000010101000110100
101100001010000110000110100
000000000000101000011000000
101100010000000100000110100
111100000010000100000110100
000011000000101000111001000
101100100000010100000110101
101100000010000100000110100
000000000000101000011000000
101100000001010100000110110
101100000000010101000110100
101100000001010100000110110
101100000000010101000110100

//
segsites: 49
positions: 0.0202 0.0403 0.0428 0.1205 0.1507 0.2024 0.2344 0.2407 0.2774 0.2921 0.3049 0.3239 0.3423 0.3539 0.3990 0.4018 0.4168 0.4195 0.4473 0.4542 0.5136 0.5508 0.5916 0.6007 0.6046 0.6253 0.6529 0.6547 0.6576 0.6705 0.6847 0.6993 0.7073 0.7090 0.7171 0.7338 0.7431 0.7524 0.7627 0.8060 0.8175 0.8359 0.8464 0.8526 0.8777 0.9313 0.9357 0.9768 0.9881 
0100010011000000111000010000010000000100011110100
1010000000010110000000100001001010100000000000001
1010000000010110000000100001001010100010000000001
1010000000010110000000100001001010100010000000001
0001010010000000111000010000010000000100011010100
0000001000101000000110101100001000011001100001010
0000000100000000000000101100001101011001100001010
1010000000010110000000100001001010100000000000001
0000010000000000011000010000110000000100011010100
0000010000000000011000010000010000000100011010100
0000000100000000000000101100001001011001100001010
0000000100000000000000101100001001011001100001010
1010100000010110000001100001001010100000000000001
0000001000101000000110101100001000011001100001010
1010000000010110000000100001001010100000000000001
1010000000010110000000100001001010100000000000001
0000000000000001000000101110001000011001100001010
1010100000010110000001100001001010100000000000001
0000000000000001000000101110001000011001100001010
0000000000000001000000101110001000011001100001010

//
segsites: 22
positions: 0.0046 0.0997 0.2443 0.2993 0.3175 0.3230 0.3249 0.3333 0.3373 0.3576 0.4637 0.5236 0.5300 0.5815 0.5939 0.6654 0.7368 0.7492 0.7616 0.7788 0.8657 0.8665 
0000010000100011000010
0010000000001000000000
0010000000000000010000
0000000000100110000010
1001100100000000100001
0010000001010000000000
0010000001010000000000
1001100100000000100001
1101100100000000100001
0010000000000000000000
0010000000001000000000
1001101100000000100001
0010000000000000000000
0000010010100010000110
0000010010100010000110
0000010000100011000010
0010000001010000001000
0000010000100010000010
0010000001010000000000
0010000000001000000000

//
segsites: 49
positions: 0.0122 0.0205 0.0260 0.0462 0.0804 0.0910 0.0993 0.1110 0.1388 0.1631 0.1768 0.2004 0.2005 0.2172 0.2220 0.2787 0.3038 0.3280 0.3416 0.3585 0.3620 0.4001 0.4052 0.4099 0.4536 0.4862 0.4939 0.5953 0.5958 0.6558 0.6802 0.6913 0.6924 0.7007 0.7013 0.7046 0.7143 0.7234 0.7696 0.7928 0.7984 0.8405 0.8420 0.8728 0.9046 0.9621 0.9628 0.9669 0.9823 
1010001000001010101010000100000100001011000010000
1010001011000000101000100100000100001010000010000
1010001000010000101000000100000100011010000010000
0100000000000001101000010000000100000010000101001
1010001000010000101000000100000100011010000010000
1010001010000000101000100100000100001010000010000
1010001011000000101000100100000100001010000010000
1010001000010000101000000100000100011010000010000
1010001000010000101000000100000100011010000010000
0000000100100100010001001010011011100100111000000
1010001000000000101100000100000100001010000010010
1010001000010000101000000100000100011010000010000
1010001010000000101000100100000100001010000010000
1011001000000000101000000100100100001010000010110
1010101000000000101000000100000100001010000010010
1010001000001010101010000100000100001011000010000
1010011000001010101010000101000100001011000010000
1010001000001010101010000100000100001011000010000
1011001000000000101000000100100100001010000010110
1010001010000000101000100100000100001010000010000

//
segsites: 29
positions: 0.0070 0.0281 0.0932 0.1258 0.1281 0.1774 0.1929 0.2524 0.2913 0.3120 0.3563 0.4230 0.4484 0.4807 0.5265 0.5517 0.5709 0.5971 0.6070 0.6462 0.6558 0.6691 0.7323 0.7929 0.8323 0.8423 0.8577 0.9127 0.9995 
10010010000011000000000010000
00000001101000001000000100001
11111010010011000000000010000
10010010000011000000000011000
10000110000101000001100010010
10010010000011000000000010000
00000001100000001000000100000
00000001000000010100010100000
10010010000011000000000010000
10000010000001000000101010100
10010010000011000000000010000
10010010000011000000000010000
10010010000011100010000010000
10010010000011000000000011000
10000010000001000000101010000
10000010000001000000101010000
10010010000011100010000010000
10000010000001000000101010100
10000010000001000000101010100
10000010000001000000100010000

//
segsites: 33
positions: 0.0779 0.1052 0.1121 0.1735 0.1957 0.2183 0.2550 0.3141 0.3146 0.3251 0.3736 0.3785 0.4201 0.4845 0.4859 0.4954 0.4985 0.5314 0.5849 0.5879 0.6032 0.6096 0.7292 0.7397 0.7480 0.7667 0.8108 0.8407 0.8569 0.8722 0.8918 0.8923 0.9565 
000010000000100001000000001100001
100110001000100000100000001100000
100110001000100000100000001101000
000010000010100000000000001100000
100110001000100000100000001100000
000010000000100001001000001100000
010011000000100000000000001100000
010010000000100000000000001100010
000010010010110000000000001110000
001000000000000010010110110000000
100110001000100000100000001100000
001000000000000010010110110000100
000010100101100000000000001100000
000010000000100001000000001100000
000010000000100001000000001100000
000010000000100001000000001100000
000010000000100001001000001100000
000010000000100001000000001100000
000010000010101000000001001100000
100110001000100100100000001100000

//
segsites: 31
positions: 0.0293 0.0371 0.0476 0.0599 0.0602 0.0913 0.1126 0.1419 0.1752 0.1799 0.2432 0.2524 0.2551 0.2773 0.2876 0.2895 0.4235 0.5055 0.5058 0.5606 0.5836 0.6483 0.7195 0.7516 0.7963 0.8682 0.8707 0.9127 0.9599 0.9703 0.9816 
0000001000010000000010100000001
0000001000010000000010100000001
1010100100001100001001010100000
1010100100001100001001010000000
0000001000010000000110100010001
0000001000010000000110100010001
1010110100001100100000010000000
1011110100001100100000010000000
1000000010101000000000010000000
1011110100001100100000010000000
1000000010101000000000010000000
0000001000010000000010100000001
1000000010101000000000010000000
1000000001101001010000011000110
0000001000010000000010100001001
0000001000010000000010100000001
1000000001101001000000010000010
1100000001101011000000010000010
1011110100001100100000010000000
0000001000010000000110100010001

//
segsites: 28
positions: 0.0632 0.0761 0.0972 0.1339 0.1537 0.1860 0.2534 0.2851 0.4373 0.4533 0.4668 0.5094 0.5231 0.5829 0.5838 0.6074 0.6307 0.6405 0.6468 0.6785 0.7005 0.7592 0.7813 0.8028 0.8084 0.8454 0.8461 0.8792 
0100100100100000000000000010
0100100000000000000000000000
1000001000000110000101110000
1000001000000110000101000100
0110100000000000100000000000
0110100000000000000000000000
0110100000000000000000000000
0110100010000000000000000000
0110100000000000100000000000
1000001000000110000101100001
0100100100100000000000000010
0100100100100000000000000010
0101100100100000000000000010
0100100000000000000000000000
0110100010000000000000000000
0101100100100000000000000010
0100100000000001001010001000
0110100001000000000000000000
0110110000011000010000000000
0100100100100000000000000010

//
segsites: 29
positions: 0.0622 0.1109 0.1357 0.1406 0.1735 0.1932 0.2757 0.3672 0.3980 0.4073 0.4301 0.5078 0.5080 0.5283 0.5320 0.5516 0.5764 0.6148 0.6503 0.6699 0.7624 0.8141 0.8229 0.9081 0.9485 0.9520 0.9568 0.9828 0.9922 
00001000000001000110001001000
01110000100010111001100100001
00010001000010100000100000001
00001000000001000110001001000
01110000100010111001100100001
00010000010010100000100010001
01110000100010111001100100011
01110000100010111001100100001
01110000100010111001100100001
00001000001001000110001001000
01110000100010111001100100001
01110000100010111001110100001
10001100000001000010001000000
01110000100010111001100100101
01110000100010111001100100001
01110000100010111001100100001
00010001000010100000100000001
10001000000101000010001000000
00001000000001000110001001000
01110010100010111001100100001

//
segsites: 47
positions: 0.0057 0.0213 0.0314 0.0516 0.0548 0.0623 0.0659 0.0803 0.1120 0.1246 0.1657 0.1738 0.2454 0.2801 0.2947 0.2995 0.3157 0.3229 0.3522 0.3601 0.3639 0.3680 0.3900 0.3927 0.4521 0.5002 0.5112 0.5207 0.6149 0.6377 0.6389 0.6652 0.6778 0.6895 0.7184 0.7229 0.7465 0.7537 0.7890 0.8431 0.8527 0.8647 0.9165 0.9237 0.9543 0.9592 0.9706 
00000001101011010001000000001000000000000000100
00100001000000010101111110110000100000010001101
01001001001011010001000000001000000010000000100
01001001001011010001000000001000000010000000100
00000101001011010001000000001000000000000000100
10000000000000000000000000000010010100001010000
00000111001011010001000000001100000000100100100
10000000000000000000000000000010010100001010000
00000111001011010001000000001100000000100100100
00000111001011010001000000001100000000100100100
01001001001011010001000000001000000000000000100
10010000000000000010000001000001011001000000010
10010000000000000010000001000001011001000000010
00100001000000010101111010110000100000010001101
00000101001011010001000000001000000000000000100
10010000010100001010000001000001010001000000010
00000001101011010001000000001000000000000000100
10010000000000100010000001000001011001000000010
00000001101011010001000000001000000000000000100
00000001101011010001000000001000000000000000100

//
segsites: 20
positions: 0.0617 0.1105 0.1198 0.1276 0.1883 0.2010 0.2256 0.2501 0.2904 0.3064 0.3658 0.3839 0.3975 0.6013 0.6548 0.6696 0.7053 0.7325 0.8458 0.8839 
00000100001001000101
00100100001001000101
00000100000001000101
11000010000010101010
00000100000001000101
00000100000001000101
00000100000001000101
00000100000001000101
00000100001001000101
11001010110100101010
11010011000010111010
11000010000010101010
00000100000001000101
00000100001001000101
11000010000010101010
00000100000001000101
00000100001001000101
00000100000001000101
11001010110100101010
00000100000001000101

//
segsites: 38
positions: 0.0263 0.0421 0.0653 0.1422 0.2416 0.2527 0.2660 0.3309 0.3697 0.4143 0.4675 0.4743 0.4789 0.4999 0.5030 0.5302 0.5317 0.6108 0.6138 0.6342 0.6572 0.6597 0.6733 0.6788 0.7023 0.7114 0.7146 0.7157 0.7222 0.7387 0.7805 0.7819 0.8004 0.8580 0.8666 0.9298 0.9595 0.9922 
00000000001100011010100110000000100000
00000000001100011010100110000000100000
00000000001100011010100110000000100000
00000000001100011011100110000000100000
00000000001100111010100110000100100001
00000000001100011010100110000000100000
01011010010000000000001001100011000110
10000000001100011010100110000100101001
01111011010000000000000001100011000100
10000000101100011010100110000100101001
00000000001100011010100110000000100000
00000000001100011010100110000000100000
10000000001100011010100110010100100001
00000000001100011010100110000000100000
01111010010000000000000001100011000100
00000100001100011110110110000000100000
10000000001100011010100110011100100001
00000000001100111010100110000100100001
01011010010001000000000001100001010000
01011010010010000000000001100011000100

//
segsites: 26
positions: 0.0582 0.0693 0.0708 0.1396 0.2096 0.2838 0.2895 0.3073 0.3801 0.4107 0.4132 0.4134 0.4627 0.5948 0.6227 0.6644 0.6846 0.7115 0.7291 0.7504 0.8221 0.8441 0.9110 0.9178 0.9353 0.9482 
00010000010010000000000110
00000010100010000100100100
00000000000010000001010100
00010000010010000000000110
00100001000111010000000000
00010000010010000000000110
10001000000010100010000100
01000010100010000100100100
00000000000010000001010100
00000000000010000001000100
00000000001000001000001001
00000010100010000100100100
10001000000010100010000100
00100001000011010000000000
00000010100010000100100100
00100001000011010000000000
00000010100010000100100100
00000010100010000100100100
00000110100010000100100100
00000110100010000100100100

//
segsites: 23
positions: 0.0338 0.0617 0.1202 0.1547 0.2367 0.2804 0.2847 0.3684 0.4182 0.4435 0.4455 0.4940 0.5060 0.5241 0.5694 0.6073 0.7678 0.7841 0.7847 0.8262 0.8401 0.9289 0.9919 
00101000001100010111101
00001000001100010111101
10001000001100010000100
00000000100001001000010
00001010010100100000100
00000000000001001000010
10001000001100010000100
00001010010100100000100
11001000001100010000100
00000000000001001000010
00000000000001001000010
00001010010100100000100
00000000000001001000010
00001011010100100000100
00010100000001001000010
00101000001100010111101
11001000001100010000100
10001000001100010000100
00001010010100100000100
00000000000011001000010

//
segsites: 29
positions: 0.0119 0.0214 0.1078 0.1250 0.1924 0.1977 0.2269 0.2374 0.2449 0.3077 0.3165 0.3353 0.4020 0.4094 0.4699 0.5076 0.5143 0.5656 0.6506 0.7024 0.7216 0.7496 0.7998 0.8135 0.8316 0.8720 0.8878 0.9153 0.9662 
00000000010010110001100100000
00000000010010010001100100000
00000000000010011001100100000
00011011000001000010011010010
00001010000000000010011010011
00000000010010010001100100000
00001010000000000010011010110
00000000000010010001100100000
01000000000010010001100100000
00100100101110000101100001000
00000000000010011001100100000
00011011000001000010011010010
00011011000001000010011010010
10100100101110000101100001000
00011011000001000010011010010
00001010000000000010011010010
00001010000000000010011010010
00000000000010010001100100000
00000000010010110001100100000
00000000000010010001100100000

//
segsites: 11
positions: 0.0098 0.1875 0.2308 0.2459 0.2897 0.5422 0.5766 0.6375 0.6637 0.9621 0.9810 
01110000000
01111000000
01110000000
01000110010
01000110011
01110000000
01000110010
10000001000
01000110010
01110000000
01110000000
01110000000
10000001000
01110000000
01110000000
01000110010
10000001100
01110000000
10000001000
01110000000

//
segsites: 19
positions: 0.0258 0.1368 0.1393 0.1769 0.2443 0.2854 0.3238 0.3327 0.3478 0.3993 0.4058 0.4450 0.5733 0.6310 0.6397 0.7629 0.8012 0.8084 0.8537 
0010100110000000100
0100001000000010000
0000000000010000000
0000010001010001000
1000000000000000010
0010100110000000100
1000000000000000010
1000000000001000010
0000000000010000000
0010100110000000100
0000000000010000000
0001000000100100010
0000000000000000011
0001000000100100010
0100001000000010000
0010100110000000100
1000000000001000010
0010100110000000100
0000000000010000000
0000000000000000010

//
segsites: 23
positions: 0.0768 0.0835 0.0883 0.1135 0.1400 0.1750 0.2385 0.2420 0.2615 0.2809 0.2995 0.4600 0.4911 0.5066 0.5537 0.6887 0.7438 0.7759 0.9027 0.9047 0.9170 0.9484 0.9696 
00000010000000100100100
00000011010000100000000
00100010000000100000000
00001010000000100001000
00010000100000000000011
00100010000000100000000
10000010001000100100100
00000010000000100100100
00100010000000100000000
00000010000000110000000
00000010000000110000000
00000010000001100100100
00000010000000110000000
00000010000000100100100
01010100100010000000001
01010100100010000000001
01010100100010000000001
01010100100010000000001
10000010001100101100100
00000010000000100010100

//
segsites: 25
positions: 0.1615 0.2074 0.2349 0.2367 0.2525 0.2595 0.3374 0.4119 0.4283 0.4885 0.4934 0.5720 0.6203 0.6431 0.6431 0.6585 0.6769 0.8010 0.8375 0.8560 0.8628 0.9369 0.9417 0.9480 0.9625 
0000000001010000010001001
0000000001000000010000001
0000000001010000010001001
0010000001000000010000001
1000000100000101110110010
0000001001000000010000001
0100000010000010000000000
0100000010000010000000000
1000000100000101110010110
0000011001100000010000001
0000101001001000010000001
0000000001000000010000001
0010000001000000010000001
0000001001000000010000001
0000001001000000010000001
0000001001000000010000001
0001001001000000010000001
0010000001000000010000001
0010000001000000011000001
0010000001000000010000001

//
segsites: 25
positions: 0.0130 0.0437 0.0542 0.0876 0.0890 0.1032 0.1261 0.1823 0.2151 0.2279 0.3476 0.4216 0.4526 0.4691 0.4702 0.5375 0.5411 0.5705 0.5847 0.7056 0.7635 0.8787 0.9017 0.9175 0.9809 
0101110000000000100100111
0101110000000000100100111
0101110000000000100100111
0010000101000000000010000
0010001101100010000010000
0010000101010000000011000
1010000101000000000010000
0010000101010000000011000
0010000101001000000010000
0010001101100010001010000
0101100000000000100100111
0010000101000000000010000
0010000101000000000010000
0101100000000000110100111
0010000101000100000010000
0010000101010000000010000
0010001101100010000010000
0010000101000000000010000
0101100000000000100100111
0010000111000001000010000

//
segsites: 43
positions: 0.0020 0.0505 0.0617 0.1216 0.1339 0.1531 0.1635 0.1703 0.1832 0.2152 0.2331 0.2358 0.2581 0.2646 0.2744 0.2986 0.3453 0.3460 0.3700 0.3919 0.4078 0.4194 0.4729 0.4926 0.5168 0.5623 0.5673 0.5723 0.5873 0.5876 0.5939 0.6198 0.6721 0.6793 0.7216 0.7993 0.8035 0.8590 0.8639 0.9252 0.9512 0.9593 0.9739 
1000000010000010001000001100010111011000100
0000101001000001010010000001101000100001011
0000010110000010001000011100010111011000100
0001000010000010101101101100010111011100100
0000000010000010001000001100010111011000100
0000010010110010001000011100010111011000100
0000010010110010001000011100010111011000100
0000000010000010001000001100010111011000100
0000101001000100010010000001101000100001011
0000101001000001010010000001101000100001011
0000010110000010001000011100010111011000100
0000000010000010001000001100010111011000100
0000000010000010101001101110010111011000100
0001000010000010101101101100010111011100100
0010010110001010001000011100010111011000100
0001000010000010101101101100010111011100100
0000010110000010001000011100010111011000100
0000000010000010101001001100010111011010100
0100000010000010001000001100010111011000100
0001000010000010101101101100010111011100100

//
segsites: 14
positions: 0.1028 0.1848 0.2161 0.3347 0.3544 0.3841 0.3904 0.4609 0.5011 0.5883 0.6362 0.7728 0.7855 0.8148 
01001000000000
00000100000101
00000011000010
00000011000010
00000011001010
11010000100000
01001000000000
11010000000000
00000100000101
00000011001010
01001000000000
00000000000101
00000100000101
00100100010101
11010000100000
00000000000101
00000000000101
11010000000000
00100100010101
01001000000000

//
segsites: 29
positions: 0.0089 0.0147 0.0302 0.0956 0.1230 0.1660 0.2784 0.3482 0.4116 0.4301 0.4404 0.4772 0.5029 0.5325 0.5383 0.5821 0.6243 0.6604 0.6720 0.6809 0.6841 0.6993 0.7229 0.8091 0.8145 0.8812 0.8819 0.9009 0.9374 
00001001010100000000000000001
00001000000100001000010000000
00001001010100000000100000001
00011000001100000000000000000
00001101000100100010000000001
00001000000100000000000000000
00001001010100000000000000001
00001001010100000000000000001
00011000000100000000000000000
00001000000100000000000000000
00001001010100000000100000001
00011000000100000000000000000
00001001010100000000000000001
00001000000100000000000000000
00011000000100000000000000000
00001000000100000000000000000
00001001010100000000001100001
00001000000100000000000000000
11100010100011010101000001110
00011000000100000000000010000

//
segsites: 28
positions: 0.0367 0.0799 0.0905 0.0916 0.1016 0.1261 0.2036 0.2788 0.2823 0.3596 0.3654 0.3993 0.4472 0.4592 0.4920 0.5177 0.5456 0.5660 0.5707 0.5742 0.5948 0.6422 0.6763 0.7157 0.7165 0.7361 0.7440 0.8734 
0000100000000000000001110000
0100001000001011110100000001
0100001000001001110100000001
0000110000000000000010100000
1000100001000000000010100000
0100001000001001110100000000
0100001000001001110100000100
0100000100001101011100000010
0000110000000000000010100000
1000100001000000000010100000
0000100000000000000001110000
0000110000000000000010100000
0000100000110000000001110000
0100001000001001110100000000
0000100001000000000010100000
0001100000000000000001110000
0100001000001001110100001100
0000100000000000000001110000
0100001000001001110100000100
0110001010001001110100000000

//
segsites: 13
positions: 0.1053 0.1548 0.3541 0.3918 0.4066 0.5168 0.5240 0.5476 0.6245 0.6715 0.6745 0.6915 0.8789 
0010011100000
0000011100000
1000100000001
0000011100000
0000001100100
0000011100010
0010011100000
0000011100000
1000100000001
0000011100000
0001000011000
0000011100000
0000001100100
0001000011000
0010011100000
1100100000000
0001000011000
0001000011000
0010011100000
1000100000001

//
segsites: 40
positions: 0.0046 0.0458 0.0642 0.0896 0.1084 0.1417 0.1537 0.1649 0.2960 0.3162 0.3256 0.3381 0.3653 0.3887 0.4098 0.4393 0.4444 0.4523 0.4841 0.4992 0.5050 0.5189 0.5940 0.6346 0.6404 0.6476 0.6648 0.6837 0.7052 0.7914 0.7921 0.8222 0.8286 0.8395 0.8734 0.8941 0.8943 0.9257 0.9316 0.9528 
0101100100000001001100000100001101110110
1010001011011000000011110011110010001000
1010001001010000000011110011110010000000
1000001001010000000011110011110010000000
1000001001010000000011110011110010000000
1010001011011000000011110011110010001000
1010001011011100000011110011110010000000
1010001011011000000011110011110010000000
1010001011011000000011110011110010000000
1000001001010010000011110011110010000000
0101100100000001001100000100001101110110
0101100100000001001100000100001101110111
1000011001110000110010111010100000000000
1010001011011000000011110011110010000000
1010001011011000000011110011110010000000
1010001011011000000011110011110010001000
1000001001010010000011110011110010000000
1000001001010000000011110011110010000000
1010001001010000000011110011110010000000
0101100100000001001100000100001101110110

//
segsites: 47
positions: 0.0243 0.0527 0.0774 0.1014 0.1318 0.1405 0.1449 0.1804 0.2125 0.2677 0.2788 0.3571 0.3583 0.4115 0.4362 0.4844 0.4868 0.4908 0.5306 0.5871 0.5876 0.5926 0.6209 0.6619 0.6744 0.7398 0.7446 0.7628 0.7761 0.7915 0.7994 0.7998 0.8103 0.8159 0.8220 0.8365 0.8463 0.8546 0.8555 0.8673 0.8818 0.8847 0.8998 0.9538 0.9896 0.9911 0.9946 
00000010000101000001111101000111001011000001100
00000011000110000100011101000101001011100001000
00011100001000101010000010110000010100000000001
00011100001000001010000010110000010100000000000
00000011000110000100011101000101001011100001010
01000011000110000100011101000101001011100001000
00000011000110000100011101000101001011101001000
00000011000110000100011101000101101011100001000
00011100001000001010000010111000010100000110001
00011100001000101010000010110000010100000000001
10111100011000001010000010110000010100010000000
00000011000110000100011101000101001011100001000
10011100001000001010000010110000010100010000000
00000011000110000100011101000101001011100001010
00011100001000001010000010110000010100000000000
10011100001000001010000010110000010100010000000
00011100001000001010000010110000010100000000000
00000011000110000100011101000101001011100001000
00011100101000011010000010111000010100000110001
00000010000101000001111101000111001011000001100

//
segsites: 21
positions: 0.0251 0.0701 0.0970 0.1352 0.1903 0.3386 0.3846 0.3980 0.4122 0.4564 0.4809 0.5186 0.5236 0.5241 0.5426 0.5519 0.5778 0.6088 0.6755 0.8072 0.8776 
000000000010000000000
001000000001000000001
000000000000000000000
000000100000010100000
000000000000000000000
011010001100000000100
011010000100000000000
000000000010000000000
011010000100000000000
000000000000001000000
100000000000000000000
000000010000000000000
001000000001000000001
000000000000000011000
001100000100000000010
001000000001000000001
001000000100100000010
001000000001000000001
000001010000000000000
000000000000000000000

//
segsites: 56
positions: 0.0285 0.0638 0.0721 0.0833 0.0899 0.0963 0.1034 0.1492 0.1763 0.1969 0.2052 0.2210 0.2382 0.2443 0.2523 0.2536 0.2536 0.2588 0.2796 0.2801 0.2856 0.3239 0.3688 0.3938 0.3996 0.4067 0.4121 0.4381 0.4416 0.4515 0.4698 0.5021 0.5166 0.5191 0.5249 0.5251 0.5340 0.5492 0.5565 0.5605 0.5739 0.5783 0.5850 0.6012 0.6028 0.6045 0.6509 0.6584 0.6906 0.6937 0.6970 0.7276 0.7392 0.7526 0.9225 0.9476 
00100011011100000010000001100011101010000000000100000000
00010100000000101101110110000000000000000011110001000000
11100011011000010010000001100001100011011000001000011110
00010100000000101101110110000000000000000011110001000000
00100011011100000010000001101011100010000000000100000000
00010100000000101101110110000000000000000111010001000000
00100011011100000010000001101011100010000000000100000000
11100011111001010010000001110001100011111000001000111000
00100011011100000010000001101011100010000000000100000000
00010100000000101101110110000000000100000011010001000000
00100011011100000010001001101111100010000000000100000001
11100011011000010010000001100001110011011000001000011110
11100011011000010010000001100001110011011000001000011110
00100011011100000010000001100011101010000000000100000000
00100011011100000010000001100011101010000000000110000000
00100011011100000010000001101011100010000000000100000000
11100011011000010010000001100001110011011000001000011110
11100011011010010010000001100001100011011000000000010000
11100011011000010010000001100001100011011000001000011110
00101011011100000010000001101011100010000000000100000000

//
segsites: 51
positions: 0.0144 0.0235 0.0448 0.0532 0.0556 0.0788 0.0793 0.0908 0.1150 0.1580 0.1626 0.1728 0.2469 0.2484 0.2545 0.2833 0.3155 0.3403 0.3699 0.3837 0.3854 0.4095 0.4167 0.4210 0.4248 0.4308 0.4361 0.4568 0.5263 0.5786 0.6065 0.6129 0.6140 0.6236 0.6281 0.6319 0.6476 0.6515 0.6800 0.7182 0.7310 0.7566 0.7716 0.7880 0.8546 0.8765 0.9668 0.9668 0.9743 0.9754 0.9852 
010010110011000110001001000001001000001110001000011
010010110011000110001001000011001000001110001000011
010110111111000110011001000001001000001111001000011
010010110011000110001001000001001000101110001000011
010010110011010110001001010001001000001110001000111
010010110011010110001001000001001000001110001000111
010010110011010110001001000001001000001110001010011
001001000000101001000110000100010111010000100100000
010010110011010110001001000001001000001110001010011
010010110011000110101001101001101000001110001000011
010010110011010110001001000001001000001110001010011
010010110011000110001001000011001000001110001001011
010010110011010110001001000001001000001110001010011
010110110011000110001001000001001000001110011000011
010010110011010110001001000001001000001110001010011
010010110011010110001001000001001000001110001000111
010010110011010110001001000001001000001110001010011
010010110011010110001001000001001000001110001010011
010010110011000110001001000011001000001110001000011
110010110011010110001001000001001000001110001010011

//
segsites: 34
positions: 0.0123 0.1073 0.1335 0.1363 0.2308 0.3072 0.3725 0.4511 0.4791 0.5595 0.5607 0.5646 0.5681 0.5692 0.5798 0.5819 0.5894 0.6187 0.6716 0.7114 0.7317 0.7405 0.7563 0.7572 0.7628 0.7705 0.7817 0.8132 0.8315 0.8564 0.8696 0.8701 0.8736 0.9521 
0000000000001000010000001000010010
0000000011000101000010000010000000
0001000000000000000000010000000000
0000010011000101000010000111000000
0000000000001000010000001000010010
0000000000001000010000001000010010
0000001111000101000010000010000000
1100000000110010100101100000001100
0000001111000101000010000010000000
0010000011000101000010000010000000
0000001111000101001010000010100000
0000000011000101000010000010000001
0000101111000101001010000010100000
0000000000001000010000001000010010
0000000000001000010000001000010010
0000001111000101000010000010000000
0000000000001000010000001000010010
0000000000001000010000001000010010
0000000000001000010000001000010010
0001000000000000000000010000000000

//
segsites: 27
positions: 0.1263 0.1266 0.2117 0.2318 0.2498 0.2736 0.3487 0.3526 0.3549 0.3886 0.4012 0.4055 0.4779 0.5071 0.5216 0.5486 0.6038 0.6099 0.6188 0.6830 0.7085 0.7319 0.8033 0.8101 0.8115 0.8463 0.9682 
000100000010101000001000000
100000000001010100100000100
001000001100000001000100001
000100000010101000001000000
000100000010101000001000000
000100100010101000001000000
000100000010101000001000000
001000001100000001010100001
001010000100000001000100001
001000001100000001000100001
011000010100000001000100001
100001000001010000100000000
100001000001010000100000000
001000000100000001000100001
001000001100000001000100011
001000001100000001000100001
100000000001010010100011000
100001000001010000100000000
001000001100000001000100011
100000000001010100100000000

//
segsites: 24
positions: 0.0494 0.0824 0.1620 0.2277 0.2501 0.3498 0.4502 0.4603 0.5006 0.5501 0.5724 0.5788 0.6154 0.6617 0.6888 0.7023 0.7893 0.7955 0.8386 0.8575 0.8700 0.9287 0.9441 0.9522 
000000000000000000010000
000010001000000100000011
000000001000001100100011
000010001000000100000011
100001000000000001000000
000000000000000000001000
000000000101000000000100
000000000001010000000100
000000000001000000000100
000000001000001100100011
000000000000000000001000
000010001000000100000011
000010001000000100000011
000100100010100000000000
010010001000000100000011
001100010000100010000000
000000000001000000000100
001100010000100010000000
000000000001000000000100
000010001000000100000011

//
segsites: 13
positions: 0.0121 0.2613 0.3139 0.4371 0.4625 0.5213 0.5328 0.5472 0.5581 0.6797 0.8474 0.8583 0.9337 
1000110001000
0010100000000
0000100000000
0010100000000
0000100001000
0000100001000
0100100000000
0000000000000
0000101100000
0000100001000
0000100000000
0001100000011
0000000000100
0000100001000
0010100000000
0000100011000
0000100000010
0000100000000
0000100011000
0000100000000

//
segsites: 28
positions: 0.0506 0.0579 0.0821 0.1181 0.1389 0.1624 0.2232 0.2980 0.3125 0.3600 0.4014 0.4026 0.4219 0.4243 0.5896 0.6207 0.6253 0.6783 0.7100 0.7335 0.7545 0.8468 0.8598 0.9135 0.9498 0.9509 0.9835 0.9933 
1000100000000000000000010001
1000100000001000000000011001
1100100000010010000100010001
1000100000000000000000010001
1000100000000000000000010001
1100100010000010001000010001
0011010100100100010010100110
1100100010000010001000010001
0011010100100100010010100110
0001011100000100010010100110
0001010101000100110011100110
1100100010000010000000010001
0001010101000100110011100110
0001011100000100010010100110
0011010100100100010010100110
1000100000000000000000010001
1000100000000001000000010001
0001011100000100010010100110
1100100000000010000100010001
0011010100100100010010100110

//
segsites: 51
positions: 0.0384 0.0654 0.1395 0.1649 0.1774 0.1862 0.1878 0.1922 0.2324 0.2530 0.2755 0.2836 0.2954 0.3606 0.3628 0.3654 0.4002 0.4059 0.5289 0.5314 0.5419 0.5596 0.5733 0.5738 0.5798 0.6042 0.6137 0.6703 0.6709 0.6801 0.6931 0.7100 0.7163 0.7308 0.7358 0.7463 0.7563 0.7609 0.7776 0.7777 0.7821 0.7872 0.7935 0.8917 0.9066 0.9189 0.9258 0.9297 0.9392 0.9702 0.9979 
010110010001001000101000000000101000001010010000000
010010010001001000101000000000101000001010010000000
000000000000000101000111000000000101110100000000010
000000000010010100000111001100000101010100000111000
010010010101001000101000000000111000001010010000001
000000000010010100000111001100000101010100000111000
011110011001001000101000000000101000001010010000000
011110011001001000101000000000101000001010010000000
100000000000000010010111010011000101010000001000000
010010110001001000101000000000101000001010010000000
010010010001001000101000000000111000001010010000001
000001000000000010000111100000000101010000000000000
000001000000100010000111100000000101010000100000000
000000000000000100000111000000000101010100000000100
010010110001001000101000000000101010001010010000000
010010010001001000101000000000111000001010010000001
010010010001001000101000000000101000001011010000000
010010110001001000101000000000101000001010010000000
000000000010010100000111001100000101010100000111000
000000000000000100000111000000000101010100000000100

//
segsites: 23
positions: 0.0087 0.1415 0.1540 0.1585 0.3036 0.3746 0.4099 0.4450 0.4616 0.4803 0.5166 0.5517 0.5550 0.7454 0.7564 0.7657 0.7855 0.8056 0.8422 0.8534 0.8898 0.9286 0.9991 
10000000000000000110010
00000000000000100000000
00000000000000100000000
00000000000000100000000
00100100000000100000000
00000000001000100000000
00001001100000000000000
00000000000000000000000
00010000010100001001001
00000000000000100000000
00000000000000100000000
00000000000000100000000
00000010000000000000000
00000000000000000000000
01000000000011010000000
00000000000000100000000
00100100000000100000000
00000000000000100000000
10000000000000000110010
00000000000000100000100

//
segsites: 31
positions: 0.1109 0.1717 0.2021 0.2318 0.2366 0.2627 0.2641 0.3546 0.3876 0.4180 0.5327 0.5566 0.5624 0.5657 0.5741 0.6253 0.6397 0.6428 0.6433 0.7586 0.7748 0.7928 0.8091 0.8268 0.8447 0.8515 0.8913 0.8968 0.9330 0.9877 0.9949 
1110100000100101110000001011001
1110000000100101110000001010001
1110001000100111100000101010011
1110000000100101110000001010001
1110000000100101110000001010001
1110000000100101110000001010001
1110000000100101110000001010001
1110000000100100000000001010001
1110000100100101110000001010001
1110000000100101110000001010001
1110000000100101100000101010001
1110000000100101110000001010001
1110000000100101110000001010001
1110001000100111100000101010011
1111000010100101110010001110001
0000000000011000001000010000000
1110010001100101110000001010001
0000000000011000000001010000100
1110000000100101110100001010001
1110010001100101110000001010001

//
segsites: 14
positions: 0.0168 0.0950 0.1529 0.1785 0.3372 0.3374 0.3811 0.5434 0.6433 0.6441 0.8532 0.8971 0.9225 0.9719 
01001100000001
10010000100000
00000000000000
00000000000000
00000000000000
00010010000010
00000000000000
00000000001000
00010000100000
00000000000000
00000000000000
00000000000000
01001101000001
00000000000000
10010000100000
00100000010100
00000000000000
00000000000000
00000000000000
00100000000100

//
segsites: 24
positions: 0.0055 0.1504 0.2756 0.3101 0.4007 0.5175 0.5250 0.5610 0.5616 0.5638 0.6256 0.6289 0.7226 0.7345 0.7404 0.7955 0.8058 0.8092 0.8186 0.8301 0.8505 0.9073 0.9207 0.9388 
000000010000000000000000
000000011010000001000000
010110010000000000010000
010100010000001000000100
000000011010000001100000
010110010001000000010000
010110010000000000010001
010110010000000000010000
000000011010000001000000
101000000000010010001010
010110010000000000010000
000001010000000000000000
010110010000000000010000
000000010000000100000000
010100010000000000000100
001000100000100010000010
010110010100000000010000
010110010100000000010000
101000000000010010001010
000000011010000001000000

//
segsites: 29
positions: 0.0063 0.0197 0.1970 0.2083 0.2257 0.2517 0.2757 0.3531 0.3882 0.4519 0.5409 0.5632 0.6344 0.6860 0.6861 0.7203 0.7333 0.7501 0.7779 0.8035 0.8343 0.8352 0.8392 0.8613 0.8835 0.9064 0.9234 0.9584 0.9788 
00000110110000010000000010000
00000000000000000000000010000
00000110110000010000000010000
00000110110000010010001010000
00000000001000001001000000000
01000110010000010000000011000
10111001000011000000000100101
00000110110000010000000010000
00000110110000010000000010000
00000000000000000000000010000
00000110010000010000000010000
00000000000100000000000010000
00000110110000010000001010000
10111000000011000000000100101
10111001000011000000000100101
00000110110000110000011010000
00000000000000000000000010000
00000000000000000100100010000
00000110110000010000001010000
00000000000000000000000010010

//
segsites: 39
positions: 0.0340 0.0404 0.0753 0.1102 0.1379 0.1599 0.2117 0.2170 0.2711 0.2794 0.2992 0.3288 0.3590 0.3813 0.4192 0.4281 0.4536 0.4687 0.4710 0.5101 0.5598 0.6140 0.6461 0.6868 0.7201 0.7970 0.8206 0.8255 0.8439 0.8642 0.8883 0.8911 0.8933 0.9139 0.9293 0.9372 0.9686 0.9928 0.9928 
110100001110001100000110111100100010000
100110001111001100000110001100010010000
100110101110001100000110001100000011000
001001010000010001101000000000000100110
100110101110001100000110001100000011000
001000010000010001101000000000000000010
100110001111001100000110001100010010000
110100001110001100000110111100100010000
001000010000010001101000000000000000010
100100001110001100000110001101000010001
100100001110001100010110001100000010000
001001010000010001101000000000000100110
100100001110001100010110001100000010000
001000010000010001101000000000000000010
100100001110001100000111001110000010000
100100001110001100010110001100000010000
100100001110001100000110011100100010000
001000010000010001101000000000000000010
100110001111001100000110001100010010000
100110101110101110000110001100001010000

//
segsites: 40
positions: 0.1215 0.1829 0.2009 0.2383 0.2696 0.2979 0.3345 0.3648 0.3752 0.3812 0.4085 0.4155 0.4569 0.4873 0.4907 0.4980 0.5154 0.5327 0.5466 0.5866 0.6098 0.7053 0.7068 0.7389 0.7399 0.7637 0.7754 0.7803 0.7849 0.8412 0.8465 0.8531 0.8562 0.8621 0.9198 0.9276 0.9507 0.9720 0.9731 0.9774 
0000000000100100000010000100000000100100
1001010000000010000000100000000000000000
1100000001000000100000100000010000000000
1000000100000000000100110000100000010001
1000101000000000100001100001000001000010
1100000001000000100000100000011000000000
1000000000000000100000100000010000000000
1000000000000000101000100010000000000010
1000000000000000100000100000010000000000
1100000001000000100000100000010000000000
1000000110011001000100100000000100001001
1100000001000000100000100000010000000000
1100000001000000110000101000010000000000
0000000000100100000010000100000000100100
1100000001000000110000100000010010000000
1100000001000000100000100000010000000000
1110000001000000100000100000010000000000
1000000001000000100000100000010000000000
1000000100000000000100110000100000010001
1100000001000000100000100000010000000000

//
segsites: 12
positions: 0.0960 0.1414 0.2216 0.2794 0.4563 0.5515 0.5611 0.5840 0.7830 0.7849 0.8554 0.9234 
010000010000
001000000000
000000000000
010000010000
000000000000
100001000010
010000010000
000010000000
000100000001
100001000010
000000000000
000000001000
010000010000
000010000000
001000000000
001000100000
001000000000
100001000010
000010000100
010000010000

//
segsites: 42
positions: 0.0192 0.0198 0.0285 0.0344 0.0373 0.0770 0.1234 0.1426 0.1759 0.1798 0.1947 0.2630 0.2776 0.2927 0.3671 0.3696 0.4079 0.4195 0.4264 0.4578 0.4794 0.5014 0.5171 0.5213 0.5256 0.5691 0.5773 0.6377 0.6419 0.6880 0.7063 0.7443 0.7679 0.7868 0.8024 0.9007 0.9034 0.9240 0.9256 0.9263 0.9704 0.9831 
011000001000100011000000000000010100100000
000011010000001100010100100100000010010010
011000001000000011000000000000010100100000
111000001000000011000000000000010100100000
011000001000100011000000000000010100100000
011000001000000011000000001000010100100000
011000001000000011000000000000110100100000
011000001000000011000000000000110100100000
011000001000000011000000000000010100100000
000110110101000100101000010111000010010111
011000001000100011000000000000010100100000
011000001000000011000000000000110100100000
011000001000000011000000000000010100100000
011000001000000011000000000000010100100000
011000001000000011000000000000010101100000
000010010011010100000011000110001010011111
000010010000001100010100100100000010010010
011000001000000011000000000000010101100000
000011010000001100010100100100000010010010
011000001000000011000000000000010100100000

//
segsites: 15
positions: 0.0980 0.1214 0.2149 0.2534 0.2968 0.3451 0.3533 0.4743 0.4806 0.5182 0.5214 0.7069 0.7188 0.7288 0.8445 
000000010100010
000101001010100
000101001001100
000000010100010
000101001010100
000101001010100
000000010100010
000101001010100
000000010100010
000000010100010
000101001010100
011101101000100
000101001000100
000000010100010
100101001000100
000101001000100
000101001010100
000010010100011
000010010100011
000101001010100

//
segsites: 25
positions: 0.0236 0.0869 0.1134 0.2101 0.2133 0.2177 0.3159 0.3467 0.3486 0.3622 0.3767 0.4041 0.4415 0.4552 0.5122 0.5168 0.5280 0.5592 0.6026 0.7205 0.7370 0.7414 0.8163 0.8381 0.9683 
0010000000100110000000001
0010000000100110000000001
0010010000000100000000000
0010100000010101000000000
0010000000100110000000000
1001000110000000111011000
0010000000100110000000000
0110001000001100000000000
0010000000100110000000000
0010000000100110000000000
0010000000000100000000010
0010010001000100000000000
0010000000100110000000000
0010100000010101000000000
0010000000100110000100001
0010000000100110000000001
0010000000100110000000000
0010000000000100000000010
0010000000100110000000100
0010000000100110000000001

//
segsites: 33
positions: 0.0070 0.0415 0.0820 0.1011 0.1043 0.2007 0.2345 0.2427 0.2845 0.3403 0.3853 0.3916 0.4115 0.4203 0.4788 0.5315 0.5489 0.5565 0.6002 0.6041 0.6322 0.6336 0.6785 0.6992 0.7024 0.7185 0.7423 0.7991 0.8007 0.8381 0.8456 0.8679 0.9500 
010110000000000101000001000100010
010011000110000100001101001110010
000000100000000000110010000001100
000000100000000000110010000001100
001000100001000000110010000001100
000000100001001000110010000001100
010110000000000101000001000100010
000000100000000000110010000001100
010010000010000100001001000100010
010110000000000101000001000100010
100010001000100110000000110100010
010110000000000101000001000100010
010110010000000100000001000100011
000000100000000000110010000001100
000000100001010000110010000001100
010010000010000100001001000100010
000000100001000000110010000001100
010010000010000100001001000100010
000000100001000000110010000001100
000000100001000000110010000001100

//
segsites: 46
positions: 0.0057 0.0433 0.0546 0.1065 0.1406 0.1685 0.1863 0.1949 0.2163 0.2279 0.2393 0.2428 0.2448 0.2511 0.2749 0.2863 0.3400 0.3454 0.3790 0.4030 0.4100 0.4273 0.4450 0.4544 0.4698 0.4791 0.5568 0.5740 0.5876 0.5877 0.6014 0.6277 0.7001 0.7078 0.7094 0.7623 0.7897 0.8035 0.8460 0.8501 0.9040 0.9049 0.9148 0.9574 0.9600 0.9936 
0001000000010000001000100001011100000010001000
1010000000000101000010000010000000111001110010
0101100010010000101001101101010110000010000000
1000000000001101000010010010000000101101110110
1010000000000101000010000010000000111001110010
0001000010110010101000101001010110000010000000
1000000000001101000010010010000000101101110110
0001001010010000111000101001010111000010000000
0001000010110000101000101001010110000010000000
1010000000000101000010000010000000111001110010
0101100010010000101001101101010110000010000000
1010010001000101000010000010000000111001110011
1010000000000101000010000010000000111001110010
0001001010010000111100101001010111000010000000
1000000100001101000010000010000000101101110110
1010000000000101000010000010000000111001110010
1000000100001101000010000010000000101101110110
0001000000010000001000100001111100000010001000
1010000000000101000010000010000000111001110010
1010000000000101000010000010000000111001110010

//
segsites: 22
positions: 0.0189 0.0974 0.1052 0.1335 0.1628 0.2702 0.3281 0.3308 0.3330 0.3470 0.4025 0.4687 0.5161 0.5436 0.6092 0.6150 0.7453 0.7909 0.8451 0.8454 0.8643 0.9880 
1010011100011011000000
0010000100011001000000
0010000100011001000000
0000000000100000011000
0000000000100000011000
0000000010100000011100
0010000100011001000000
0010000100011001000010
0000000010100000011100
0000000000100000011100
0000000000100000011000
0000000000100000011100
0010000100011001000001
0000000010100000011100
0011100101011101100000
0010000100011001000000
0111100100011001000000
0010000100011001000010
0010000100011001000000
0111100100011001000000

//
segsites: 35
positions: 0.0911 0.1636 0.2807 0.2817 0.3194 0.3350 0.3384 0.3535 0.4575 0.4850 0.4911 0.5016 0.5514 0.5955 0.6135 0.6360 0.6573 0.6855 0.6872 0.7031 0.7098 0.7278 0.7472 0.7512 0.7524 0.7776 0.7971 0.7977 0.8172 0.8713 0.9261 0.9282 0.9347 0.9470 0.9927 
00010010100011001110011011001100000
10100001011000000000000000100010101
00010010100011001110011011001100000
00010010100011101110011011001100000
00010010100011001110011011001100000
10100000001000000000100000100010100
00010010100011001110011011001100000
10100001011000000000000000100010101
10100001011000000000000000100010101
00010010100011001110011011001100000
00010010100011001110011011001100000
00010010100011001110011011011100000
00010010100011001110011011001100000
00010010100011011110011011001100000
00010010100011001110011011001100000
00001110100111001100010001000001010
11100000001000000001000000100010100
00001110100111001100010001000001010
10100001011000000000000000100010101
00010010100011001110011101001100000

//
segsites: 22
positions: 0.0342 0.0464 0.0543 0.2075 0.2256 0.3893 0.4579 0.4923 0.5290 0.6098 0.6488 0.6854 0.7486 0.7542 0.8118 0.8236 0.8895 0.9012 0.9273 0.9491 0.9752 0.9810 
0110100011000110010100
0000000001000000100000
0000000001000000100000
0010100011000110010100
0000000001000000100000
0010100011000111010100
0000000001010000100000
1001011100001000000010
1001011100001000000010
0000000001000000100000
0000000001000000100000
0010100011100110010100
0000000001000000100000
0000000001000000101000
0000100011000100010101
0010100011000110010100
0000000001000000100000
0000000001000000100000
0010100011000110010100
0000000001000000100000

//
segsites: 69
positions: 0.0086 0.0203 0.0208 0.0250 0.0343 0.0626 0.1041 0.1260 0.1525 0.1649 0.1995 0.2314 0.2363 0.2624 0.2873 0.3098 0.3422 0.3425 0.3568 0.3604 0.3628 0.3866 0.3880 0.4155 0.4220 0.4230 0.4337 0.4437 0.4504 0.4517 0.4857 0.5006 0.5104 0.5115 0.5156 0.5358 0.5490 0.5586 0.5587 0.5600 0.5672 0.5810 0.5988 0.6250 0.6266 0.6266 0.6495 0.6544 0.6550 0.6612 0.6932 0.6996 0.7127 0.7558 0.7731 0.7844 0.8016 0.8182 0.8287 0.8586 0.8701 0.8764 0.8849 0.9262 0.9273 0.9374 0.9425 0.9595 0.9749 
000000010000110000011010001100100000000010100001000000010100001101110
100001010001100000110010001101100000000000110000000000010100000100100
000010010100100100010010001100100000110001100100101000010100000101100
000000011001100000110010001101100010000000100000000000010100000100100
000100000010000011000101110010011101001000001010010010101011110010000
000000010000110000011010001100100000000000100001000000010100001101110
000000110000100000010010001100100000110100100000100000010100000101101
000000011001100000110010001101100010000000100000000000010100000100100
000010010100100100010010001100100000110001100100100000010100000101100
001000010001100000110010001101100010000000100000000000010100000100100
010100000010000011000001110010011101001000001010010000101010110010000
000010010100100100010010001100100000110001100100101000010100000101100
100001010001100000110010001101100000000000110000000000010100000100100
000000011001100000110010001101100010000000100000000000010100000100100
100001010001100000110010001101100000000000110000000000010100000100100
000000110000100000010010001100100000110000100000100101010100000101101
000010010100100100010010001100100000110001100100100000010100000101100
000000010000110000011010001100100000000010100001000000010100001101110
100001010001101000110010001101100000000000110000000000010100000100100
000100000010000011000001110010011101001000001010010000101010110010000

//
segsites: 34
positions: 0.0064 0.0246 0.1306 0.1427 0.1644 0.1810 0.1934 0.2425 0.2678 0.2783 0.2921 0.3006 0.3478 0.3882 0.4662 0.4877 0.4879 0.4979 0.5557 0.5637 0.5683 0.5746 0.6591 0.6625 0.7052 0.7328 0.8471 0.8585 0.8966 0.9455 0.9562 0.9809 0.9824 0.9971 
0000001101001101100010001000000010
0100001101001010000100000001000010
0100001101001000000100000001010010
1000010000000000000001010110000001
1001010000000000000001110010000001
0010000010110000001001000000100000
1000010000000000000001010010000101
1000010000000000000001010110000001
0010000010110000001001000000100000
1000010000000000000001010010000101
0000001101001000000100000001001010
0010000010100000001001000000100000
0000001101001101100010001000000010
0010000010110000001001000000100000
0010100010100000011001000000100000
1000010000000000000001110010000001
0010100010100000011001000000100000
0000001101001101100010001000000010
1000010000000000000001010010000001
0010000010110000001001000000100000

//
segsites: 26
positions: 0.0044 0.0490 0.0562 0.1749 0.2253 0.2480 0.2606 0.3084 0.3407 0.3422 0.3439 0.3867 0.3882 0.4000 0.4406 0.6910 0.7207 0.7508 0.7546 0.7573 0.7722 0.8438 0.8791 0.8844 0.9673 0.9742 
00010101001000000000110001
00010101001000000000110001
00010101001000000000110001
00010101001000000000110001
10101010100000000111000000
01010101001010001000110001
10101010100100000101000010
01010101001010001000110001
00010101001000000000110001
00010001001001000000100001
00010101001000000000110001
10101010110000000100000000
00010101001000000000110001
00010001001000000000100101
00010001001001000000100001
10101010110000000100000000
00010101001000100000110001
00010101001000010000100001
10101010100000000100001000
00010101001000000000110001

//
segsites: 47
positions: 0.0016 0.0080 0.0415 0.1059 0.1151 0.1216 0.1620 0.1698 0.1782 0.2039 0.2132 0.2162 0.2181 0.2333 0.2512 0.2754 0.2841 0.2967 0.3030 0.3062 0.3111 0.3126 0.3240 0.3615 0.3646 0.3944 0.4145 0.4259 0.4843 0.5108 0.5678 0.6391 0.6533 0.7058 0.7105 0.8074 0.8165 0.8186 0.8323 0.8348 0.8521 0.9087 0.9107 0.9351 0.9558 0.9657 0.9908 
00000100010000000000010000110000001001101001000
00100000000100000010010100001000001011010000100
00000000101011100101000001000010110000000000000
10000100010000001000010000110000001001101001000
00000000001001110100001000000011100000000010000
00000000101011100101000001000010110000000000000
00000000001001110100001000000011100000000010000
10000100010000001000010000110000001001101001000
00000000001001110100001000000011100000000010000
01000111010000000000110000110000001001101001000
00100000000100000010010100001000001011010000100
10000100010000001000010000110000001001101001000
00000000101011100101000001000010110000000000000
00000100010000000000010000110000001001101001000
10000100010000001000010000110100001001101001000
00000100000000000000010000110000001101001000000
00000000001001110100001000000011100000000010000
00000100010000000000010000110000001001101001000
10000100010000001000010000110100001001101001010
00011100000000000000010010110000001101001100001

//
segsites: 49
positions: 0.0171 0.0473 0.0748 0.0778 0.1038 0.1094 0.1423 0.1500 0.1876 0.2461 0.2652 0.2696 0.2852 0.3277 0.3380 0.3609 0.4091 0.4149 0.4157 0.4746 0.5128 0.5187 0.5284 0.5887 0.6003 0.6004 0.6046 0.6270 0.6288 0.6791 0.7155 0.7176 0.7219 0.7372 0.7415 0.7613 0.7841 0.7877 0.8021 0.8052 0.8145 0.8227 0.8448 0.8577 0.8640 0.8963 0.9067 0.9093 0.9891 
0000100001001100100100001101001010000010100000101
0001100001001100000100001101001010000010100000101
0110011110100001010010000010000101010101000100010
0000100001001100000101101101001010000010110000101
0000100001001100000100001101001010000010110010101
0001100001001100000100001101001010000010100000101
0000100001001100000100001101001010001010110000101
0000100001001100000100001101001010000010110010101
0000100001001100001100001101001010000010110000101
0110011110100001010010000010000101010101000100010
0000100001001100000100001101001010000010110010101
0000100001001100000101101101001010000010110000101
1100011000100000010010010010000101010101000100000
0000100001001100000100001101001010001010110000101
0110011000100001010010000010000101010101000100010
0000100001001100100100001101001010000010100000101
0000100001001100000100001101001010000010110000101
0110011000110011010010000010100101010101000100010
0000100001001100000100001101001010000010101000101
0100011000100000010010000010010101110101000101000

//
segsites: 26
positions: 0.0061 0.0991 0.1162 0.1242 0.1859 0.2084 0.2469 0.3238 0.3644 0.3980 0.4272 0.4309 0.4831 0.5120 0.5701 0.5754 0.5952 0.6816 0.6903 0.6969 0.6975 0.7636 0.7909 0.8063 0.9208 0.9619 
00000000010000110000000000
00101000000010000000000001
00000001000000000000000100
00000000110000110100000000
00000000000101000000000000
00000000010000110100000000
00000000001000000011011000
00000010000000000011001000
00010010000000000011001000
00000000010000110000000000
00000100000001000000000010
00000000010000110100000000
00000001000000000000000100
00000000000001000000100010
00000010000000000011001000
00000010000000000011001000
00000001000000000000000100
01000000000000010000000000
10000000000000001011001000
00000000000001000000000010

//
segsites: 30
positions: 0.0071 0.0619 0.0806 0.1573 0.1603 0.1608 0.1640 0.2079 0.2980 0.3296 0.3674 0.4010 0.4788 0.4843 0.6364 0.6391 0.6585 0.7198 0.7384 0.7516 0.7574 0.7714 0.7747 0.8176 0.8685 0.8865 0.8927 0.8939 0.9312 0.9664 
000101000000001100100000000010
110100000100101100100100000010
000100000000001100100100000011
001000000011010011010001100100
110100000100101100100100000010
000101000000001100100000000010
000100000000001100100110000010
000000101001010001000000100100
000100000000001100100100000010
001000000011010011010001100100
000100000000001100100100000010
001000000011010011010001110100
110100000100101100100100000010
001010000011010011010001100100
001000000011010011010001100100
000000000001010001011001100100
000100000000001100100100000010
000101010000001100100000001010
000000101001010001000000100100
110100000100101100100100000010

//
segsites: 17
positions: 0.0244 0.0505 0.1086 0.2058 0.4910 0.5200 0.5460 0.5536 0.5963 0.6011 0.7086 0.7137 0.7330 0.8315 0.8605 0.8850 0.9076 
00000101000100100
00000100010000010
00001100000000011
00010000000000000
00000100010000010
00010010000000000
00110010000000000
00001100000000011
00010000000000000
00010000000000000
10000100100001100
00000100000000011
00000100001000011
00000100001010011
00000100010000010
00010000000000000
00001100000000011
00010000000000000
01000100000100100
00010010000000000

//
segsites: 50
positions: 0.0092 0.0141 0.0222 0.0242 0.0517 0.0529 0.0926 0.0945 0.1008 0.1174 0.1203 0.1261 0.1633 0.1932 0.2313 0.2439 0.2441 0.2560 0.2571 0.3145 0.3249 0.3435 0.3497 0.3605 0.3825 0.4028 0.4134 0.4279 0.4460 0.4798 0.4977 0.5121 0.5219 0.5338 0.5929 0.6060 0.6215 0.6289 0.6349 0.6423 0.6494 0.6849 0.6897 0.7640 0.8018 0.8548 0.8674 0.8855 0.9416 0.9853 
00001000010000100000000010000000000000100000110101
00001000110000100000000110000000000000100000110001
10000110001001010110010000011101110001000000000000
10010101001000001101001000101000000000000000001000
00001000000000100000000000000000000100100000110001
10010101001000001101001000101000000000000000001000
01100000000000100000100001000010001010011101010011
10000110001001010110010000001101110001000000000000
10010101001000001101000000101000000000000000000000
00001000110000100000000110000000000000100000110001
10010101001010001101001000101000000000000000001000
00001000010000100000000010000000000000100000110101
00001000000000100000000000000000000100100000110001
01100000000000100000100001000010001010001101010011
01100000000000100000100001000010001010011101010011
00001000000000100000000000000000000100100010110001
10010101001100001101000000101000000000000000000000
10010101001000001101000000101000000000000000000000
00001000110000100000000110000000000000100000110001
01100000000000100000100001000010001010001101010011

//
segsites: 51
positions: 0.0577 0.0629 0.0714 0.0774 0.0852 0.1334 0.1504 0.1588 0.1661 0.1944 0.2055 0.2192 0.2687 0.2825 0.3042 0.3176 0.3399 0.3639 0.3957 0.4025 0.4124 0.4475 0.4550 0.4705 0.4995 0.5140 0.5210 0.5245 0.5493 0.5512 0.5543 0.6207 0.6208 0.6308 0.6509 0.6569 0.6646 0.6742 0.7308 0.7535 0.7978 0.8128 0.8213 0.8326 0.8437 0.8510 0.8767 0.8982 0.9152 0.9270 0.9940 
100000000000000000010000000000100000000000110000000
100000000000000000010000000000100000000000100001000
000000001000001000000100000000000000100101000000000
001000000000000000000000000000101010000000000000000
000000001000001100000000000000000000100101000000000
000000001000001000000000000000000000100101000000100
000000001000001000000000000000000000100101000000000
000001000111110000000010001100000000000010000110011
100000000000000010010000100000100000000000100000000
000000001000001000000000000000000000100101000000000
000000001000001000000000000000000000100101000000000
000001000111110000000010001100000000000010000110011
000100010000000001000000010011000001011000001000000
000001000111110000001010001100000000000010000110011
001000000000000000000000000000101010000000000000000
001000100000000000000001000000101010000000000000000
010010000000000000100000000000110100000000000000000
000000001000001000000000000000000000100101000000000
100000000000000000010000000000100000000000110000000
000000001000001000000000000000000000100101000000000

//
segsites: 34
positions: 0.0472 0.0596 0.1184 0.1677 0.2224 0.2303 0.2358 0.2578 0.2586 0.3029 0.3646 0.3724 0.3814 0.4121 0.4724 0.4840 0.5282 0.5307 0.5622 0.6084 0.6248 0.6271 0.6339 0.6845 0.6881 0.6894 0.7357 0.8859 0.8875 0.9144 0.9210 0.9411 0.9531 0.9899 
0000110000000001000000001001000101
0010001001000000000000010100110000
0010001001000000000000010100110000
0010001100000010000000100000100000
0010001100000010000000100000100000
0011001100000010000000100000100000
0000110000000001000000001001000101
1010001000000000010011000000101000
0000110000010001000100001001000101
1010001000000100000011000000101000
0000110000000001000000001001000101
1010001000000000000011000000101000
1010001000100000000011000000101000
0010001100000010000000100000100000
1010001000000000000011000000101000
1010001000100000000011000000101000
0000110000000001000000001001000101
0010001001000000101000010110110000
0110001010001000000000000000100010
0010001100000010000000100000100000

//
segsites: 14
positions: 0.0398 0.0758 0.0918 0.2429 0.2698 0.2886 0.3418 0.5109 0.5346 0.7283 0.8272 0.8739 0.8824 0.9843 
01000001000000
00011010000000
01000100000000
00010000000100
00010000000100
00100000000010
00010000000000
00100000101000
01000000000000
00010000010100
00010010000000
01000000000000
00010000000000
11000000000000
00100000101000
00010000000001
00010010000000
00010000000100
00010000000100
00010000000100

//
segsites: 42
positions: 0.0245 0.0493 0.0513 0.0710 0.0952 0.1135 0.1212 0.1533 0.1760 0.1809 0.1957 0.2014 0.2042 0.2166 0.2302 0.2581 0.2656 0.3114 0.3157 0.3249 0.3542 0.3886 0.4489 0.4589 0.6296 0.6489 0.7146 0.7359 0.7648 0.7923 0.8018 0.8264 0.8352 0.8575 0.8923 0.9175 0.9203 0.9417 0.9454 0.9640 0.9860 0.9875 
010010001101101100111000100000100101011000
101000000010000010000001000000001000000000
010010001101101000011000100000000100011000
101000000010000010000001000000001000000000
010010001101101100111000100000100101011000
101000000000000000000011000000001000000000
101000000000000000000001000000001000000000
010010001101101000011000100000000100011000
101000000000000000000001000000001000000000
010010001101101100111000100000100101011000
010010001101101000011000100000000100011000
101000000000000000000001000000001000000000
010010001101101100111000100000100111011000
010010001101101000011000100000000100011000
010010001101101000011000100000000100011000
010101111001101001010100111101000000110101
101000000000000000000001000000011000000000
010101111001111001010100111111000000110101
101000000000000000000001000000001000000010
101000000000000000000001000000001000000010

//
segsites: 48
positions: 0.0201 0.1145 0.1168 0.1282 0.1439 0.1529 0.2077 0.2242 0.2370 0.2493 0.2592 0.2956 0.3002 0.3029 0.3189 0.3211 0.3522 0.3607 0.3698 0.3843 0.3877 0.3903 0.4153 0.4283 0.4353 0.5070 0.5165 0.5284 0.6061 0.6072 0.6216 0.6718 0.6795 0.6796 0.6997 0.7401 0.7474 0.7507 0.7709 0.7763 0.7893 0.8097 0.8815 0.9054 0.9607 0.9677 0.9803 0.9880 
000010000110000110001101010000110100000110100010
010000000000000001100000001110000001101000010101
000110000100001100001011010001100100010000000000
000010000110000110001101010000110110000110100010
000110000100001100001011010001100100010001000000
010001000000000001100000001110000001101000010101
001010000110000110001001110000100100000100100010
000010000110000110001101010000110100000110100010
110000000000000001100000001110000001101000010101
000110000100001100001011010001100100010001000000
010001100000000001110000001110000001101000010101
000010000110000110001101010000110100000110100010
010000000000000001100000001110001001101000010101
010001000001000001100000001110000001101000010101
010000001000000001100000001110000001101000010101
010001000000000001100000001110000001101000011101
010001000000000001100000001110000001101000010101
010000010000110001100000001110000001101000010101
000010000110000110001101010000110110000110100010
010001000000000001100000001110000001101000010101

//
segsites: 35
positions: 0.0176 0.0590 0.0628 0.0640 0.0703 0.0766 0.1325 0.1436 0.1679 0.1865 0.1891 0.2235 0.2719 0.3496 0.3859 0.4544 0.4670 0.4985 0.5320 0.5619 0.5963 0.5980 0.6274 0.6741 0.6744 0.6758 0.7282 0.7614 0.8574 0.8892 0.9024 0.9161 0.9386 0.9474 0.9708 
10000001001101000000000000110000000
00010000000000100101011010001111000
10000001001101000000000000110000000
00010000000000100101011010001111000
00110000000000000000001000001001000
10001001001101000000000000110000010
10000001001101000010000000110000100
00010100000000001100011011001011000
10000001101101000000000000110000000
10001001001101000000000000110000000
10001001001101000000000000110000000
00110000000000000000001000001001000
01010000010010110100011110001011001
10000001001101000000000000110000000
10001001001101000000000000110000000
10000001001101000000000000110000000
10000001001101000000100000110000000
00010000000000100101011010001111000
10000011001101000000000000110000000
00110000000000000000001000001001000

//
segsites: 46
positions: 0.0073 0.0580 0.0695 0.1286 0.1596 0.1797 0.1903 0.1920 0.2191 0.2565 0.2566 0.3027 0.3033 0.3655 0.3954 0.3980 0.4231 0.4286 0.4466 0.4503 0.4603 0.4664 0.4665 0.4732 0.4943 0.5312 0.5550 0.6366 0.6591 0.6827 0.6867 0.6875 0.7401 0.7426 0.7805 0.7883 0.7900 0.7952 0.8606 0.8655 0.8714 0.8775 0.8931 0.9519 0.9686 0.9694 
1010000100000110010100010100001100010010000001
0100010010001000100001000000100010000000100010
0010000000000100010110110010001100111101001000
0100010010001000100001000000100010000000100010
0011000000000100011110110000001100011000010000
1010000100000110010100010100001100010010000001
0011000000000100010110110000001100011000000000
0010000000000100010110110010001100111100001000
0100110000111000000001000000010000000000100100
0100110000111000000001000000010001000000100100
0011000000000100010110110000001100011000000000
0100110000111000000001000000010000000000100100
0100010010001000100001000001000010000000100010
0100110000111000000001000000010000000000100100
0011000000000100010110110000001100011000000000
0010000000000100010110110010001100111100001000
0010000000000100010110110010001100111100001000
0010001001000101010110111000001100011000000000
0011000000000100010110110000001100011000000000
1010000100000110010100010100001100010010000001

//
segsites: 28
positions: 0.0138 0.0251 0.1464 0.1715 0.1970 0.2053 0.2231 0.2427 0.3086 0.3107 0.3231 0.3840 0.3976 0.4591 0.5214 0.5355 0.5422 0.5661 0.6384 0.6399 0.6599 0.6863 0.7483 0.7490 0.7500 0.7957 0.8130 0.9542 
0000100000010100000001010000
0000000001001000010000000000
0001000000001000010000000010
0010010100010011000000001000
1100100000010100100001010001
0001000000001000010000000010
0000001000010100000101010000
0010010100010011000000001000
0000001000010100000101010000
0000000001001000010000000000
0000001000010100000101010100
0010010100010011001000001000
0010010100010011000010101000
0000000000001000010000000000
0000000000101000010000000000
0001000000001000010000000010
0010010100010011000010101000
0001000000001000010000000010
1100100010010100100001010000
0000000000101000010000000000

//
segsites: 34
positions: 0.0200 0.0509 0.0773 0.0844 0.0892 0.0916 0.1186 0.1405 0.1682 0.2374 0.3339 0.3462 0.3486 0.4309 0.4537 0.4707 0.4861 0.5099 0.5477 0.5617 0.5933 0.6110 0.6401 0.6570 0.6684 0.7045 0.8446 0.8532 0.8600 0.8808 0.8915 0.9407 0.9680 0.9684 
0000011101000100000111000011000101
0000011101000100001110001011010000
0000011101000100000110001011000000
0000111101000100001110001011000000
0011000010010010100000000000101000
0000011101000100000110001011000000
0011000010010000100000000000101000
0000011101000100001110001011000000
0011000010010000100000000000101000
0001000010010001100000100000101010
0000011101000100000110001011000000
0011000010010000100000000000101000
0011000010010000110000000000101000
0000011101000100000110001011000000
0000011101000100001110001011000000
1100010000001100000010010111000000
0000011101000100000111000011000101
0011000010010000100000000000101000
0000011101000100000110001011000000
0000011101100100001110001011000000

//
segsites: 28
positions: 0.0072 0.1557 0.1753 0.1823 0.2339 0.2524 0.2751 0.2755 0.3218 0.3258 0.3993 0.4161 0.4201 0.4495 0.4707 0.5030 0.5145 0.5575 0.5650 0.5810 0.6763 0.7240 0.7510 0.7880 0.8036 0.8241 0.9362 0.9403 
0110000000000100000000000010
0110000000000100000000000010
0110001100010000001000001100
1110000100000000011000000100
1110000100000000001000000100
0110010010000100100110010001
0110000000100100000000000010
0110000000100100000000000010
0110000000100100000000000010
0111000000001100000000000010
1110000100000000001000000100
0110000000000100000000000000
1110000100000000011000000100
1110000100000000001000000100
0000000001000011000001100000
0110000000100100000000000010
0110000000100100000000000010
0110000000000100000000000010
0110110010000100100110010001
1110000100000000011000000100

//
segsites: 36
positions: 0.0329 0.0549 0.0633 0.0770 0.1523 0.1678 0.1726 0.1837 0.1939 0.2450 0.3075 0.3283 0.3716 0.4287 0.4864 0.4871 0.5485 0.5804 0.5904 0.6087 0.6234 0.6703 0.7149 0.7580 0.7733 0.8394 0.8673 0.8805 0.8904 0.8946 0.9182 0.9192 0.9407 0.9720 0.9891 0.9991 
100001010010001101100100011000000000
101001000010001101000100011000000100
100001010010001101000100011000000000
100001000010001101000101110000000000
100001010010001101000100011000000000
100001010010001101100100011000000000
101001000010001101000100011000000100
100000001010001101000000000000001001
100001100110001101000101110000000000
000100000001010010001000000111000000
100001010010001101000100011000000000
110000001010101101010010000000011010
100000001010001101000000000000001001
100001010010001101100100011000000000
100001010010001101000100011000000000
110000001010101101010010000000011010
100010001010001101000000000000101000
100001000010001101000100011000000000
100001010010001101000100011000000000
100001010010001101100100011000000000

//
segsites: 26
positions: 0.0085 0.0249 0.0297 0.0701 0.1071 0.2109 0.2585 0.3769 0.4603 0.4892 0.5427 0.5568 0.6098 0.6191 0.6275 0.7045 0.7334 0.7777 0.8091 0.8176 0.8247 0.8310 0.8869 0.9089 0.9496 0.9822 
10000010010000000000000000
00110000000001101100010000
00000010001000000000100100
00000010000000000000100100
10000010010000000000000000
10000010010000000000000000
00000010000000000000100100
00000000100010010010000001
01000011000000000000000110
00010100000001101100011000
00110000000001101100010000
00000010000000000000100100
01000010000000000000000100
00000010000000000000100100
10000010010000000000000000
00000010000000000000100100
00000000000010010010000001
00000000100110010010000001
00001000000000010001000000
00110000000001101100010000

//
segsites: 62
positions: 0.0280 0.0459 0.0526 0.0810 0.0903 0.0918 0.1158 0.1250 0.1289 0.1404 0.1425 0.1613 0.1724 0.1850 0.1900 0.2112 0.2454 0.2694 0.2842 0.2973 0.3011 0.3093 0.3277 0.3719 0.3772 0.3799 0.3907 0.4251 0.4283 0.4760 0.5668 0.5723 0.5883 0.6082 0.6093 0.6189 0.6205 0.6256 0.6295 0.6579 0.6748 0.6766 0.7171 0.7456 0.7613 0.7782 0.7808 0.7882 0.8298 0.8302 0.8324 0.8499 0.8807 0.8923 0.9009 0.9284 0.9423 0.9641 0.9737 0.9826 0.9924 0.9967 
00111111101000110100001001000011001000101101010001011000000000
00100101001000000110001100100011100001100111001001000000000100
00100101001000000110001100100011100001100111001001000000000100
00100101001000000110001100100011000001100111001101000000100100
01000000000000001000000000000100010010000000100000100101010010
00100101001111000100001100101011000000100101001011000000000100
00100101001000000110101100100011000001100111001001000000000100
11000000010000001000010000010100010010000000100000100110010010
01000000000000001000000000000100010010000000100000100101010010
00100101001101000100001100101011000000100101001011000000000100
00111111101000110100001011000011001000101101010001011000000000
01000000000000001000000000000100010110000000100000100100010010
00100101001000000110001100100011000001100111001001000000000100
00100101001000000110001100100011100001100111001001000000000100
01000000000000001001000000000100010010010000100000100110010011
01000000000000001000000000000100010010000000100000100101010010
01000000000000001000000000000100010110000000100000100100010010
00100101001000000110001100100011000001100111001001000000001100
11000000010000001000000000000100010010000000100000100110010010
00100101001000000110001100100011000001100111001001000000001100

//
segsites: 27
positions: 0.0647 0.0679 0.2068 0.3695 0.4378 0.4873 0.4939 0.5144 0.5213 0.6324 0.7018 0.7380 0.7511 0.7649 0.7818 0.7905 0.8122 0.8450 0.8524 0.9498 0.9575 0.9651 0.9686 0.9691 0.9743 0.9809 0.9843 
000000010000000000000000010
000000010000000001010000000
000001010001000000000000000
000001010001000000000000000
000000010000000001010000000
000000010000000000000000000
000000010000000000000000000
000001010001000000000000000
000000010010001000000000000
010000000000110000000001000
000000000000000110000000000
000000010000000000000000000
001000100000000000000000100
010000000000010000000001000
100110000100000000100100001
010000001000000000000011000
000000000000000000001001000
001000100000000000000000100
000000010000000000000000000
010000000000010000000001000

//
segsites: 14
positions: 0.0421 0.0981 0.1172 0.2754 0.3672 0.4049 0.4773 0.5049 0.5766 0.5772 0.6135 0.8110 0.9141 0.9608 
00000000000000
01110001100100
00000000000000
00000100001001
01100001000100
00000000000000
00000100001001
10001001010110
01100001000100
00000110001001
00000000000000
01100001000100
00000100001001
00000100001001
00000110001001
00000100001001
00000000000000
00000100001001
00000110001001
10001001010110

//
segsites: 62
positions: 0.0038 0.0067 0.0111 0.0152 0.0193 0.0430 0.0533 0.0560 0.0615 0.0703 0.0711 0.0725 0.0800 0.1084 0.1160 0.1267 0.1402 0.1828 0.2053 0.2090 0.2486 0.2835 0.2930 0.3173 0.3476 0.3544 0.3786 0.3866 0.3917 0.4414 0.4440 0.4632 0.4812 0.4929 0.5115 0.5227 0.5257 0.5327 0.5642 0.5710 0.6311 0.6484 0.6734 0.6766 0.7488 0.7704 0.7806 0.7902 0.8123 0.8151 0.8216 0.8311 0.8444 0.8631 0.8800 0.9356 0.9370 0.9464 0.9523 0.9596 0.9619 0.9807 
10010110100111011100010011000101100110010000000001000010000110
10010110100111001100010011000101100100010000000001000001100110
10010110100111011100010011000101100110010000000001000010000110
10010110100111011100010011100101100101010000000001000000000110
10010110100111011100010011000101100110010000000001000010000110
10010110100111011100010011000101100110010000010001000010000110
10110110100111001100010011000101100100110000000001000001100110
01001001010000100011100100001000011000000011101000011100011000
10010110100111011100010011100101100101010000000001000000000110
10010110100111011100010011100101100101010000000001000000000111
00010100101111001000010011010010000000011100000011100000000110
10010110100111011100010011000101100110010000000001000010000110
10010110100111011100010011100101100101010000000001000000000110
10010110100111011100010011000101100110010000000001000010000110
10010110100111011100010011100101100101010000000001000000000110
10010110100111011100011011100101100101010000000001000000000110
10010110100111011100010011100101100101010000000001000000000110
10010110100111011100010011000101100110010000000001000010000110
10010110100111011100010011000101100110010000000101000010000110
10010110100111011100010011000101100110010000000001000010000110

//
segsites: 40
positions: 0.0660 0.0763 0.1399 0.1713 0.2838 0.2896 0.3181 0.3669 0.3810 0.4010 0.4095 0.4208 0.4392 0.4431 0.4439 0.4540 0.5062 0.5249 0.5325 0.6151 0.6746 0.6817 0.6843 0.6883 0.7111 0.7242 0.7392 0.7572 0.7750 0.7820 0.7871 0.8362 0.8472 0.8487 0.8547 0.9000 0.9451 0.9777 0.9805 0.9957 
1110010101101111000001000000101100001010
1100000101101111000001000100110100001110
1100000101101111000001000100110110001110
1100000101101111000001000100110100101110
0000001000010000000110111011000001010001
0000001000010000000110111011000001010001
1100000101101111000001000100110100101110
0001001000010000000110111011000001010001
0000101000010000011110111011000001010001
0000001000010000000110111011000001010001
0001001010010000000110111011000001010001
0000001000010000000110111011000001010001
1100000101101111000001000100110100001110
0000001000010000000110111011000001010001
0000001000010000000110111011000001010001
0000001000010000011110111011000001010001
0000001000010000000110111011000001010001
0000001000010000011110111011000001010001
0000001000010000000110111011000001010001
0001001000010000100110111011000001010001

//
segsites: 33
positions: 0.0042 0.0837 0.1000 0.1327 0.1342 0.1574 0.2028 0.2276 0.2364 0.2458 0.2843 0.2896 0.2954 0.3690 0.4582 0.5164 0.5398 0.5736 0.5745 0.6600 0.6914 0.6971 0.7311 0.7565 0.7679 0.7957 0.8300 0.8325 0.8624 0.8856 0.9490 0.9564 0.9904 
100000011000000001010000001000010
000000010000001010000000010000100
010000000011110000000101100000001
000000010000001100000000010000000
000001010100000000000000001000010
000001010100000000000010001000010
000001010100000000000000001000010
000001010100000000000000001000010
000000010000001010000000010010100
000001010100000000000010001000010
100000011000000001010000001000010
000000010000001010001000010010100
000000010000001010000000010000100
000001010100000000100010001000010
000000010000001010000000010110100
000000010000001010000000010000100
100000011000000001010000001000010
001110110000001000000000010001000
000001010100000000100010001000010
000001010100000000000010001000010

//
segsites: 64
positions: 0.0343 0.0390 0.0627 0.0645 0.0958 0.0961 0.0971 0.1095 0.1132 0.1671 0.1720 0.1722 0.1725 0.1743 0.1870 0.2018 0.2228 0.2278 0.2397 0.2403 0.2489 0.2811 0.3170 0.3402 0.3596 0.3720 0.4062 0.4216 0.4272 0.4823 0.4999 0.5229 0.5246 0.5334 0.5455 0.5534 0.5658 0.5750 0.6221 0.6238 0.6316 0.6321 0.6512 0.6544 0.6756 0.6772 0.6858 0.6897 0.7007 0.7448 0.7456 0.7621 0.7657 0.8373 0.8398 0.8607 0.8779 0.8869 0.8897 0.8903 0.9444 0.9853 0.9904 0.9988 
1010010000110100000000001100010110101010100010000000110001100010
1001110100110101000001001010000110100110100001010000000100010010
0100000000001000100010100001100000000000011100101111001000000001
0100000000001000100010100001100000000000011100101111001000000001
1010010000110100000000001100010110101010100010000000110001100010
1000010000110100001000001100010110100011100000000000110011100110
1000010000110100001000001100010110100011100000000000110011100110
1000010001110100001000001100010110100010100000000000110011101110
1000110100110101000001001010000110100110100001010000000100010010
1001110100110101000001001010000110100110100001010000000100010010
1000110100110101000001001010000110100110100001010000000100010010
1000110100110101000001001010000110100110100001010000000100010010
0100000000001000110010100001100000000000011100101111001000000001
1000011010110110000000011000010111110010100000000000110001100010
1000010001110100001000001100010110100010100000000000110011101110
1000110100110101000101001010000110100110100001010000000100010010
0100000000001000100010100001100000000000011100101111001000000001
1000010000110100000000001100011110101010100010000000110001100010
1000010000110100000000001100011110101010100010000000110001100010
0100000000001000110010100001100000000000011100101111001000000001

//
segsites: 40
positions: 0.0025 0.0116 0.0186 0.0206 0.0292 0.0574 0.1097 0.1357 0.1597 0.1882 0.2136 0.2608 0.2665 0.2772 0.2900 0.3167 0.4174 0.4568 0.4636 0.5019 0.5260 0.5620 0.6418 0.6595 0.6631 0.6775 0.6787 0.6831 0.6854 0.7243 0.7438 0.7578 0.7767 0.8063 0.8629 0.8724 0.9115 0.9182 0.9297 0.9818 
1011100001110000110100000000001010011001
1010100011010000000100101000011010011000
1011100001110000000100000100001010111000
1010100011010000000100101000001010011000
1010100011010000000100101000001010011000
1011100001110000010100000000001010011001
0000001100001111000010000011100100000100
1011100001110000001100010000001010011010
1010100011010000000100101000001010011000
1010110011010000000100101000001010011000
1010100011010000000100101000001010011000
1011100001110000000100000000001010111000
0000001100001111000010000011100100000100
1110100001010000000101101000001010011000
1010100011010000000100101000001011011000
1010100011010000000100101000011010011000
1010100001010000000101101000001010011000
1010100011010000000100101000001010011000
1010100011010000000100101000011010011000
1010100011010000000100101000011010011000

//
segsites: 15
positions: 0.0078 0.1320 0.2037 0.3506 0.4055 0.4167 0.4416 0.4966 0.5655 0.6026 0.6298 0.6853 0.7005 0.9344 0.9698 
000000000000000
100000000000000
100000000000000
000001010000001
000001010000001
000001010000001
000000000010000
001011011000000
001011011000000
000000000000100
000001010001001
001011111000000
010100000000000
000001010000001
010000000000010
000000000110000
000001010000001
000001010000001
100000000000000
010100000000000

//
segsites: 49
positions: 0.0083 0.0349 0.0666 0.0903 0.1149 0.1301 0.1508 0.1536 0.1596 0.1601 0.1668 0.2037 0.2069 0.2207 0.2584 0.2618 0.2888 0.2960 0.2961 0.3011 0.3145 0.3182 0.3260 0.3335 0.3562 0.3751 0.3815 0.4454 0.4723 0.4827 0.4915 0.5437 0.5525 0.5763 0.5813 0.5896 0.6175 0.6369 0.6471 0.6694 0.6723 0.7280 0.7533 0.7791 0.8291 0.9193 0.9201 0.9378 0.9436 
0000000000011001000000000011100000000011100000000
1000000000011010000000000011100000100011110000000
1000000000011010010000000011101000100011100000000
0000000000011000100000000011100000000011100000000
1000000000011010000000000011100000100011100000000
0000010000011001000100000011100000000011100000000
0000010000011001000000000011100000000011100000000
1100000100011010000010000011100010000011100000000
0000000000111001000000000011100000000011100000000
0011101010000000000001111100010001011100000110110
0000000000111001000000000011100000000011100000000
0000000000011001000000000011100000000011100000000
0000000000011001000000000011100000000011100000000
1000000000011110001010000011100110000011100000000
1000000000011010000000000011100000100011100000000
0000000000011001000000000011100000000011100000000
0011100010000000000001011000010001011100000111110
1100000100011010000010000011100010000011100000000
1100000001011010000010000011100010000011101000000
0000000000011000100000000011100000000011100000001

//
segsites: 45
positions: 0.0278 0.0331 0.0332 0.0666 0.0783 0.0800 0.1025 0.1496 0.1610 0.1693 0.1726 0.2077 0.2330 0.2700 0.2712 0.3074 0.3629 0.3786 0.4033 0.4465 0.4714 0.4765 0.5456 0.5576 0.5760 0.5805 0.6307 0.6577 0.6643 0.6657 0.6792 0.6871 0.6909 0.7224 0.7327 0.7370 0.7742 0.8066 0.8162 0.8561 0.9286 0.9576 0.9743 0.9776 0.9993 
100000001000011000100010001010100000001010010
100000101000001100100010001010100100001010000
100000101000001100100010001010100000001010000
100000001000011000100010001010100000001010010
010000000000100011000100100100000011000001000
011000000010100001001100100100000011110000100
011000000000100001001101100100001011110000100
100100001001001000100010001011110000001110000
100101001000001000100010001011110000001110000
100100001001001000100010001011110000001110000
100000001000011000100010001010100000001010000
100000001000011000100010001010100000001010010
010000000000100011000100100100000011000001000
010000000000100011000100100100000011000001000
100010001100001000110010001010100000001010000
100010011100001000100010001010100000001010000
100000101000001100100010001010100000001010000
100010001100001000100010011010100000001010001
100100001001001000100010001011110000001110000
100000101000001100100010001010100000001010000

//
segsites: 14
positions: 0.0134 0.0204 0.0455 0.0812 0.0851 0.0862 0.2188 0.4038 0.5729 0.6091 0.6099 0.6891 0.6915 0.8438 
01000000000000
00111000000110
00111000100000
00111100000010
00111000000110
00111100000010
00111000101000
00000000010000
00000000000000
00111000000110
00000000000000
00000000000000
00000000000000
00111000100000
00111100000010
10010010000000
00111000000011
00111001100000
00111100000010
10010010000000

//
segsites: 16
positions: 0.1618 0.1747 0.2403 0.3320 0.3833 0.4406 0.5143 0.6146 0.6986 0.7154 0.7327 0.8209 0.8436 0.8507 0.9370 0.9764 
0000000100000100
0010000000010000
0000000100000100
0000000000000100
0000000000010000
0000011000000000
0000000000010000
1000000000000000
0000000000010000
0000000000100110
0000000001010000
0100000000001100
0001000000010000
0000000000000100
0000000100000100
0000000000010001
0100000010001100
0000000000001100
0000100000010000
0000000000000110

//
segsites: 54
positions: 0.0469 0.0529 0.0533 0.0758 0.1190 0.1258 0.1657 0.1925 0.2012 0.2104 0.2481 0.2719 0.2745 0.2811 0.2818 0.3090 0.3168 0.3240 0.3255 0.3280 0.3340 0.3680 0.3719 0.3811 0.4147 0.4421 0.4458 0.4473 0.4858 0.4917 0.5474 0.5487 0.5510 0.5943 0.6025 0.6027 0.6306 0.6385 0.6425 0.6564 0.6583 0.6810 0.6832 0.7089 0.7245 0.7430 0.7437 0.8295 0.8841 0.8896 0.9146 0.9335 0.9576 0.9813 
111101000001000101001000001000011101000111011000000000
111101000001000101001000001000011101000111011000000000
011000001001000101000000000000010111100100011000000001
011000001101000101000000000000010111100100011000000001
111100000001000101001000001000011101000101011000000010
011000101001000101000000000000010111100100011000000001
111010000001000101011100011001011101010101011000000000
111100000001000101001000001000011101000101011000100010
011000001001000101000010000000010111100100011000000001
000000010010011010100000100110100000001000100110001100
000000010010011010100000100110100000001000100110001100
000000010010011010100000100110100000001000100111001100
111100000001000101001000001000011101000101011000100010
000000010010111010100000100110100000001000100110011100
011000001001000101000000000000010111100100011000000001
111101000001000101001000001000011101000111011000000000
011000001101000101000000000000010111100100011000000001
111100000001000101001000001000011101000101011000100010
000000010010011010100001100110100000001000100110001100
011000001001000101000000000000010111100100011000000001

//
segsites: 19
positions: 0.0342 0.0819 0.1194 0.2764 0.3904 0.4009 0.4743 0.6225 0.6527 0.6813 0.6990 0.7424 0.7726 0.7788 0.8223 0.8315 0.8510 0.9149 0.9410 
0010000000000100000
0000110010011010110
0000000001000100000
0000000100000100000
0010000000000100000
0010000000000100000
0010000000000100000
0010000000000100000
1000000000000100000
0010000000000100000
0011001000000100000
0010000000000100000
0010000000000100000
0100000000000100000
0010000000000100000
0000000001000100000
0010000000000100001
0000000000100101000
0000110010011010110
0100000000000100000

//
segsites: 18
positions: 0.1134 0.1433 0.1462 0.2169 0.2902 0.2989 0.4122 0.4627 0.4851 0.4868 0.5775 0.5895 0.5920 0.6204 0.7557 0.7770 0.9376 0.9754 
000000011101100010
000000011101100000
101000000010001000
000100011101100001
000000011101100000
010000010000000000
010001110000000000
000000011101100010
000010011101100010
101000000010001000
000000011101100000
000000011101100110
000000011101100010
010000110000000000
000000011000110000
010000010000000000
000010011101100010
000000011101100000
000000011101100010
101000000010001000

//
segsites: 106
positions: 0.0094 0.0207 0.0317 0.0319 0.0434 0.0543 0.0585 0.0620 0.0732 0.0867 0.0930 0.0953 0.1069 0.1079 0.1123 0.1188 0.1228 0.1274 0.1315 0.1431 0.1690 0.1715 0.1786 0.1845 0.2006 0.2019 0.2034 0.2039 0.2224 0.2445 0.2455 0.2559 0.2757 0.2780 0.2856 0.3089 0.3137 0.3137 0.3239 0.3296 0.3318 0.3393 0.3581 0.3651 0.3685 0.3731 0.3788 0.3922 0.4019 0.4211 0.4285 0.4295 0.4370 0.4403 0.4658 0.4787 0.5094 0.5208 0.5378 0.5381 0.5425 0.5454 0.5565 0.5641 0.5663 0.5710 0.5744 0.5777 0.5795 0.5836 0.5848 0.6091 0.6165 0.6369 0.6458 0.6566 0.6641 0.6675 0.6715 0.7298 0.7340 0.7445 0.7557 0.7646 0.8145 0.8267 0.8284 0.8304 0.8328 0.8359 0.8451 0.8904 0.8950 0.9014 0.9111 0.9125 0.9198 0.9252 0.9287 0.9361 0.9388 0.9472 0.9706 0.9734 0.9839 0.9870 
1001010001001000101101001100000101011000101101000100101010001000010001011000010010111010001100010011000010
1001010001001000101101001100000101011000101101000100111010001000010111011000010010110010001100010011000010
1001010001001000101101001100000101011000101101000100101010001100010001011000010010111010001100010011000010
1001010001001000101101001100000101011000101101000100101010001000010001011000010010111010001100010011000010
1001010001001000101101001100000101011000101101000110101010001000010001011000010010111010001100010011000010
1011010001101000101101001100000101011000101101000100101010001000010001111010010010110010001100010011100010
1001010001001000101101001100000101011000101101000100101010001000010001011000010010111010001100010011000010
1001010001001000101101001100000101011000101101000100101010001000010101011000010010110010001100010011000010
1001010001001000101101001100000101011000101101000100101010001000010001011000010010111010001100010011000010
1001010001001000101101001100000101011000101101000100101010001000010001011000010010111010001100010011000010
1001010001001000101101101100000101011000101101000100101010001000010001011000010010111010001100011011000010
1001010001001000101101001100000101011000101101000110101010001000010001011000010010111010001100010011000010
1001010001001000101101001100000101011000101101000100101010001000010101011000010010110010001100010011000010
0100101110010111010010010011111010100111010010111001000001010011101000000101100100000101110011100100011001
1001010001001000101101001100000101011000101101000100101010001000010101011000011010110010001100010011000110
1001010001001000101101001100000101011000101101000100101110001000010001011000010010111010001100010011000010
0100101110010111010010010011111010100111010010111001000001010011101000000101100100000101110011100100011001
1001010001001000101101101100000101011000101101000100101010001000010001011000010010111010001100011011000010
1001010001001000101101001100000101011000101101000100101010101000010001011000010011111010001100010011000010
0100101110010111010010010011111010100111010010111001000001010011101000000101100100000101110011100100011001

//
segsites: 32
positions: 0.0262 0.0376 0.0447 0.0619 0.0934 0.1646 0.1873 0.2097 0.2196 0.2570 0.2932 0.3116 0.3350 0.4198 0.4595 0.4611 0.5354 0.5384 0.5497 0.6457 0.7088 0.7311 0.7766 0.7926 0.8681 0.9477 0.9654 0.9668 0.9682 0.9693 0.9712 0.9850 
00000000001100000101101001000100
00010110000000110000010000110000
00000000001110000101101001000100
00000000001100000101101001000100
00001000010001001000000000010010
00000000001100000101101001000100
00110110000000110000010100110000
00010110000000110010010000110000
00010110000000110010010010110000
11000001100000001000000000010001
00000000001100000101101001000100
00000000001100000101101001000100
00010110000000110000010000110000
00001000010001001000000000010010
00001000010001001000000000010010
00010110000000110000010000110000
00000000001100000101101001000100
00001000010001001000000000010010
11000001100000001000000000010001
00000000001100000101101001001100

//
segsites: 26
positions: 0.0017 0.0204 0.0466 0.2541 0.3327 0.3662 0.4286 0.4554 0.5493 0.6097 0.6142 0.6605 0.6994 0.7047 0.7118 0.7716 0.7777 0.7898 0.8088 0.8607 0.8685 0.8717 0.8729 0.9063 0.9241 0.9959 
00000000000000110001000001
10000000000100110001000001
00011000000000110001000101
00000000010000110101000001
00000000000000110001011001
01100101100011000010100010
01100001101010000010100000
00000000000100111001000001
01100101100011000010100010
10000000000100110001000001
01100001101010000010100000
01100101100011000010100010
00000000000000110001011001
01100001101010000010100000
01100101100011000010100010
01100001101010000010100000
00011000000000110001000101
00000010000000110001000001
01100001101010000010100000
00000000000000110001000001

//
segsites: 42
positions: 0.0150 0.0445 0.0853 0.1440 0.2040 0.2086 0.2172 0.2588 0.3104 0.3355 0.3720 0.4086 0.4339 0.4671 0.4950 0.4997 0.5239 0.5270 0.5281 0.5825 0.6177 0.6516 0.6541 0.6607 0.6724 0.6768 0.6928 0.7091 0.7173 0.7242 0.7401 0.7425 0.7580 0.7756 0.8414 0.8678 0.8835 0.9426 0.9496 0.9547 0.9723 0.9882 
100100000000000001000000000011000000100000
100100000000000001000000000011000001100000
100010001110000000000000000101100000100000
100000001001000000000010000001000000110000
100000000000000101010101100011000000100000
110000001000001000000010000001000100100000
110000001000000000000010000001000000100000
100000000000000101010101100011000000100000
100000000000000101010001000011000000100000
100010001110000000000000000101100000100000
000000110000100000001000001000010000000110
001000000000010000100000000000000000001001
100000000000000001000000000011000000100000
000000110000100000001000001000010000000110
100000001000000000000000000001101000100000
110000001000000000000010000001000000100000
100001001000000000000000010001000010100000
100100000000000011000000000011000000100000
100000001000000000000000010001000000100000
100010001110000000000000000101100000100000

//
segsites: 47
positions: 0.0158 0.0217 0.0312 0.0567 0.1109 0.1211 0.1430 0.1446 0.2414 0.2458 0.2796 0.2878 0.3035 0.3206 0.3219 0.3498 0.4029 0.4030 0.4079 0.4223 0.4369 0.5278 0.5475 0.5630 0.5836 0.6056 0.6089 0.6126 0.6756 0.6813 0.6910 0.7114 0.7300 0.7481 0.7895 0.8488 0.8647 0.8848 0.9010 0.9070 0.9160 0.9227 0.9348 0.9569 0.9626 0.9714 0.9790 
00011000110000100011000001110000110000000001010
00100000000110001100001000000101000111100000001
01100000000110001000001000000101000111100000001
00100000000111001000001000000101000111100000001
00011000110000100011000001110010110000000001010
00100000000110001000001000000101001111000000001
00011000110000100011000001110010110000001001010
00011000110000100011000011110000110000000011010
00100000001110001000001000000101000111100100001
00010100110000100010010101111000110000000001110
00011001110000100011000001110000110000000001010
00011000110000100011000011110000110000010001010
00100000000110001000001000000101000111000000001
00100000000110001000001000000101000111100000001
00011000110000100011000001110010110000000001010
00100000001110001000001000000101000111100100001
10100010000110001000001000000101000111100000001
00100000001110001000001000000101000111100000001
00011000110000100011000001110010110000000001010
00010100110000110010110101111000110000000001110

//
segsites: 23
positions: 0.0170 0.0449 0.0619 0.1315 0.1623 0.1706 0.1797 0.2182 0.2414 0.3071 0.3305 0.4663 0.6379 0.6585 0.7068 0.7151 0.7348 0.8870 0.9343 0.9505 0.9795 0.9864 0.9972 
00111100000001000000101
00110000000000000000101
00110000000000000000101
00110000001000000001101
00111100000001000000101
00110000000000000000101
00110000000000000000101
10000010000100011100000
00110000000000000001101
00110000000001000000101
10000010000100011100000
00111100000001000000101
10000010000100011100000
00110000001000000001101
00110000000001000000101
00110000000001000000101
00110000000010000010101
00110000000001000000111
01110000100000000000101
00000011010100110100000

//
segsites: 29
positions: 0.0005 0.0461 0.0549 0.1299 0.1739 0.2189 0.2435 0.2623 0.2639 0.2778 0.3212 0.3403 0.3748 0.4005 0.4277 0.4725 0.5460 0.5643 0.6051 0.6773 0.7915 0.8101 0.8280 0.8285 0.8481 0.8691 0.9056 0.9551 0.9782 
00010100000000000001000000001
00010010110000000101000000001
01010000000001000011000101000
00011100000000000001000000001
00011100000000000001000000001
00011100000000000001001000001
10100000000100000000110010000
01010000000001000011000101000
10100000000100000000110010000
00010100001000000001000000011
00010000000010000001000101000
00010000000000100001000000100
10100000000100000000110010000
00011100000000000001001000001
01010000000001000011000101000
00010000000000011001000000000
00010000000000000001000000100
01010000000001000011000101000
00011100000000000001000000001
10100001000100000000110010000

//
segsites: 29
positions: 0.0001 0.0142 0.0339 0.0441 0.0456 0.2139 0.2231 0.2755 0.2816 0.2818 0.3600 0.4075 0.4289 0.4443 0.4581 0.4794 0.4873 0.5778 0.5857 0.6082 0.6796 0.7829 0.8154 0.8168 0.8209 0.9324 0.9519 0.9550 0.9617 
11000000100000001001000100010
00000000100000000001000100010
00101100010001010100000000101
00101100010011010100000000101
00101100010001010100000000101
00101100010001010100000000000
00101100010001010100000000101
00101100010001010100000000101
00000000100000000001000100010
00000000101100000001000101010
00000000100000000001000110010
00101100010001010100000000101
11000000100000001001000100010
00101100010001010100000000101
00101100010000010100010000000
00101100010001010110000000101
00000000100000000001000110010
00010011000000100000101000000
00101100010000010100010000000
00000000100000000001000100010
