./ms 20 1 -t 10 -G 0 -eG 1 0 
57517 60101 61104

//
segsites: 39
positions: 0.0349 0.0949 0.1063 0.1129 0.1528 0.1657 0.1760 0.2025 0.2760 0.3012 0.3077 0.3171 0.3584 0.3726 0.4219 0.4514 0.5139 0.5568 0.5583 0.5652 0.5973 0.6172 0.6205 0.6575 0.6712 0.7329 0.7356 0.7385 0.7530 0.8528 0.8841 0.9030 0.9062 0.9123 0.9474 0.9531 0.9533 0.9817 0.9833 
100000000000000100000001000001001000000
000001000000000000010100000000000100100
000001000000000000010100000000000100100
101010100000100100000001000010001000000
101010100000100100000001000010001000000
110000000001000010100011010000101000010
000101000100001000000100000000010000000
110000000001000011100011010000101001010
101010100000100100000001000010001000000
100000000000000100000001000001001000000
000001000000000000010100000000000110100
000000000000010000000100000100000000000
000000000000010000000100001100000000000
000001000000000000010100000000000100101
101010100000100100000001000010001000000
000101000000001000000100100000000000000
110000001011000010000011010000001000000
000001000000000000010100000000000100100
110000000001000010100011010000101000010
110000010001000011101011010000101000010

//
segsites: 17
positions: 0.0467 0.0900 0.1158 0.1506 0.2589 0.3060 0.3097 0.4123 0.4367 0.4580 0.5295 0.6413 0.7738 0.8499 0.9535 0.9626 0.9997 
10010100000000000
10010100000000000
00000000000000000
00000000101100010
00000000000000000
01001100010001000
00000111000000000
00000111000000000
00100000000000001
00000000101100010
00000000000000000
00000111000000000
00000000000000000
00000000101000010
00100000000000101
00010100000000000
00000000000010000
00100000000000000
00000000000000000
00100000000000000

//
segsites: 44
positions: 0.0153 0.0588 0.0994 0.1099 0.1234 0.1243 0.1423 0.1625 0.1982 0.2014 0.2236 0.2294 0.2425 0.2495 0.2499 0.2910 0.2978 0.3035 0.3595 0.3791 0.3854 0.4141 0.4401 0.4538 0.4572 0.5559 0.5671 0.5972 0.6468 0.6819 0.6946 0.7185 0.7193 0.7302 0.7834 0.7904 0.8190 0.8318 0.8893 0.8979 0.9125 0.9221 0.9574 0.9843 
11110100000000001110001001000100010100010010
00001011010011100001100000010000000000001100
10110100000000001110001001000100010100010010
00000001001100110000110010111001101001100001
10110100000000001110001001000100010100010010
11110100000000001110001001000100010100010010
11110100000000001110001001000100010110010010
00001011110011100001100000010010000000001100
00000001001100110000110010111001001001100001
11110100000000001110001001000100010100010010
00001011010011100001100000010000000000001100
00000001001100110000110010111001001001100001
11110100000000001110001001000100010100010010
00000001001100110000110110111001001001100001
00001011010011100001100000010000000000001100
11110100000000001110001001000100010100010010
00000001001100110000110110111001001001100001
00001011110011100001100000010010000000001100
00000001001100110000110010111001001001100001
11110100000000001110001001000100010100010010

//
segsites: 49
positions: 0.0036 0.0388 0.0591 0.0831 0.0850 0.1154 0.1173 0.1205 0.1345 0.1887 0.1941 0.1952 0.2029 0.2433 0.2558 0.2653 0.3496 0.3532 0.3611 0.3707 0.3910 0.4139 0.4301 0.4427 0.4481 0.4647 0.4906 0.4910 0.4965 0.5492 0.5889 0.5890 0.5960 0.6046 0.6929 0.7274 0.8321 0.8365 0.8585 0.8923 0.8935 0.9137 0.9162 0.9441 0.9442 0.9511 0.9565 0.9809 0.9864 
0010000100100011100010000100000100000000010001001
1101011000010100011101111001101001001100000000000
0010000100100011100010000100000100000000010001001
0010000100100011100010000100000100000000010001001
0010000101100011100010000100000100000000010001001
0010100100100011100010000000000100000000010001001
1101011000010000011101101001111001001100000000000
0010000100100011100010000000000100000001011001101
0010000100100011100010000000000100000001011001101
0010000100100011100010000000000100000001011001101
0010100100100011100010000000000100000000010001001
0010000110100011100010000000000100010010010001011
0010000100101011100010000100000100000000010001001
0010000100100011100010000100000100000000010001001
0010000101100011100010000100000100000000010001001
0010000101100011100010000100000100100000010101001
1101011000010000011101101011101011001100000010000
0010000100100011100010000000000100000001011001101
0010000100100011100010000000000100010000010001001
0010000100100011100010000000000100000001111001101

//
segsites: 26
positions: 0.0332 0.0364 0.0473 0.1514 0.1942 0.2879 0.3265 0.3479 0.3653 0.4632 0.4709 0.4924 0.5228 0.5300 0.5664 0.6277 0.6479 0.7638 0.7857 0.7930 0.8426 0.8436 0.8635 0.8804 0.9244 0.9582 
01011010101110101000010110
01011010101110101000010110
01011010101110101000010110
01011011101110101000110110
01011010101110101000010110
10100000000001010101001001
01011010101110101010110110
01011110101110101000010110
01011010101110101000110110
01011010101110101000010110
01011011111110101000110110
01011011111110101000110110
01011011111110101000110110
01011011111110101000110110
01011010101110101000110110
01011010101110101000110110
01011011111110101000110110
01011011101110101000110110
01011010101110101000110110
01011010101110101000010110

//
segsites: 21
positions: 0.0192 0.0743 0.0970 0.1709 0.2073 0.2910 0.3196 0.3451 0.3653 0.3834 0.3926 0.4168 0.4188 0.5037 0.5621 0.7066 0.7271 0.8304 0.8417 0.9097 0.9846 
001101100001000100001
110000001000000000000
000000000000000001010
001101100001000100101
010000000000000000000
001101100101000100001
000000000000000001010
001101100001000100001
001101110001000100101
000000000000000001010
001101100001000100001
001101100001000100001
000000000000000001010
001111100001000110001
001111100001000100001
001000100011011000001
001101100001100100001
000000000000000001010
001101100001000100101
010000000000000000000

//
segsites: 54
positions: 0.0717 0.0920 0.1102 0.1248 0.1310 0.1488 0.1509 0.1724 0.1766 0.1884 0.2012 0.2035 0.2085 0.2113 0.2475 0.2632 0.3130 0.3216 0.3278 0.3314 0.3401 0.3768 0.4260 0.4406 0.4613 0.4752 0.4918 0.4927 0.5003 0.5280 0.5418 0.5749 0.5938 0.6079 0.6176 0.6228 0.6274 0.6316 0.6634 0.7379 0.7875 0.8116 0.8601 0.8651 0.8719 0.9088 0.9320 0.9450 0.9464 0.9530 0.9866 0.9867 0.9896 0.9905 
101001000010000010000001010100111011000110001010000010
100011000011001010000011010100011111000110001010000011
100001000010000010000001010100111011000110001010000010
010100100100100101011100100000000000111000100101110100
100001000010000010100001010100111011000110001010000010
010100101100100101011100100000000000110000100100110100
100001000010000010000001010100111011000110001010000010
010100100100100101011100100000000000110000100100110100
100001000010010010000001011100111011000111011010001010
100001000010000010100001010100111011000110001010000010
100001000011000010000011010111011011000110001010000010
100011000011001010000011010100011111000110001010000011
100001000010000010000001010100111011000110001010000010
100001000010000010000001010100111011000110001010000010
100001010010000010000001010100111011000110001010000010
100001000010000010000001010100111011000110001010000010
100001000010000010000001010100111011000110001010000010
100001000010000010000001010100111011000110001010000010
100001000010000010000001010100111011000110001010000010
100011000011001010000011010100011111000110001010000011

//
segsites: 38
positions: 0.0032 0.0065 0.1432 0.1884 0.1918 0.1961 0.2132 0.2420 0.2879 0.3067 0.3106 0.3296 0.3550 0.3581 0.4491 0.4985 0.5097 0.5492 0.5521 0.5598 0.5626 0.5641 0.5691 0.5910 0.5936 0.5988 0.6023 0.6266 0.6450 0.6561 0.6838 0.7077 0.7113 0.7225 0.7650 0.8769 0.9178 0.9997 
01000000000000000001001010000111000010
10110001011010001100100001110000010100
01000000000001000001001010000011000010
01000000000000000001001010000111000010
01000000000000000001001010000011000010
10110001001010001100100001110000000100
10110001001010001100100001110000000100
10110001001010001100100001110000000100
10011100001000111110010001100000001100
01000010000000000001001010000111000010
01000000000000000001001010000011000010
10110001001010001100100001110000000100
10110001001010001100100001110000000100
01000000000000000001001010000111000010
01000010000000000001001010000111000010
01000010000000000001001010000111000010
10110001001010001100100001110000000100
10010000101100001100000101101000100101
10110001001010001100100001110000000100
01000000000001000001001010000011000010

//
segsites: 37
positions: 0.0353 0.0618 0.0864 0.0950 0.1272 0.1283 0.1330 0.1873 0.1874 0.2763 0.2770 0.2819 0.3017 0.3281 0.3360 0.3442 0.3695 0.3881 0.4317 0.5069 0.5111 0.5372 0.6074 0.6082 0.6302 0.6461 0.6918 0.7275 0.7315 0.7831 0.8088 0.8330 0.8716 0.8723 0.8785 0.9062 0.9728 
0010010010001001001010010100001010101
1000101100000000110000000001000000010
1000101100000000110000000001000000000
0110010000001001001010010100001110100
0010010010001001001010010100001010101
0110010000001001001010010100001110100
0010010010001001001010010110001010100
1000101000000000110000000001000000000
1000101000000000110000000001000000000
1000101000000000110000000001000000000
0010010000001001001011010100011110100
1000101000000000110000000001000000000
0010010000001101001010010100001110100
0001000001110011000010010000101001000
0110010000001001001010010100001110100
0010010000001001001110110100001110100
1000101100000000110000000001000000010
0010010010001001001010010110001010100
1000101000000000110000000001000000000
0010010000001001001010011100001010100

//
segsites: 50
positions: 0.0015 0.0248 0.0288 0.0507 0.0677 0.0688 0.0754 0.1104 0.1282 0.1868 0.1880 0.2187 0.2665 0.2901 0.3005 0.3101 0.3287 0.3684 0.3871 0.3991 0.4079 0.4229 0.4485 0.4692 0.4788 0.4907 0.5004 0.5585 0.5754 0.5856 0.6014 0.6153 0.6225 0.6379 0.6454 0.6759 0.6776 0.6912 0.6946 0.7567 0.7634 0.8472 0.8481 0.8634 0.8692 0.9017 0.9186 0.9300 0.9515 0.9520 
00000010010010000001011000000000100100010010100001
00000010000110000000011000000000100100010010100001
00000010000110100000011000000000100100010010100001
01100101101000001100100011011011010011100101011110
00010010010010000000011000000000100100010010100001
10000010000011010000011000100000100100011010100001
10000010000011010000011000100000100100011010100001
00001010000010000010011000000000100100010010100001
00000010000110000000011000000000100100010010100001
00000010000010000000011100000100101100010010100001
00001010000010000010011000000000100100010010100001
10000010000011010000011000100000100100011010100001
01100101101000001100100011011011010011100101011110
00000010000110000000011000000000100100010010100001
01100101101000001100100011011011010011100101011110
10000010000010010000011000100000100100011010100001
10000010000011010000011000100000100100011010100001
10000010000010010000011000100000100100011010100001
10000010000011010000011000100000100100011010100001
00000010000010010000011000000000100100011010100001

//
segsites: 27
positions: 0.1586 0.2467 0.3047 0.3061 0.3187 0.3704 0.3968 0.4102 0.4121 0.4257 0.4260 0.4340 0.4493 0.4755 0.4756 0.5089 0.5216 0.5469 0.5675 0.5955 0.6404 0.6812 0.6896 0.6941 0.7466 0.8215 0.9926 
000000000000001010110100010
000000000000000110010000001
000000001000000010010000000
000000010010000001000000100
001010010011000000000000100
000000000000000110010000000
000000000000000110010000000
100000010010000000000001100
000000000000100010010000000
000000001000000010010000000
000001010010010000001010100
001010010011000000000000100
010100000000000110010000000
000000000000001010110100010
000000000100000110010000000
000000100000100010010000000
000001010010000000001010100
001010010011000000000000100
000000010010000001000000100
001010010011000000000000100

//
segsites: 40
positions: 0.0583 0.0606 0.0797 0.0902 0.1169 0.1527 0.2204 0.3015 0.3102 0.3234 0.3331 0.3736 0.3800 0.4014 0.4050 0.4897 0.4907 0.5346 0.5442 0.5447 0.6097 0.6154 0.6765 0.6858 0.7305 0.7505 0.7618 0.7987 0.8146 0.8292 0.8407 0.8479 0.8481 0.8691 0.8698 0.9025 0.9343 0.9428 0.9772 0.9997 
0100010010000110001000000100001100000100
0100010010000100101000000100001000000000
0000000000100000000010000000000001010000
0100010010000100101000000100001000000000
1100010110000110001000000100001000000000
0000000000100000000110000001000000000000
0100010010000100101000000100001000000000
0100110001011101010000001000110000001000
0100010010000100101000100100001000000000
0100010010000110001000000100001100000100
0001000000100000000010000000000000000000
0100010000000100000001010010000010000000
1100010110000110001000000100001000000000
0100010000000100000001010010000010000001
0000001000100000000010000000000000000000
0100010010000100101000100100001000000000
0100010010000100101000000100001000000000
0110010000000100000001010000000010000010
0100010001011100010000001000010000101000
1100010110000110001000000100001000000000

//
segsites: 58
positions: 0.0184 0.0437 0.0455 0.0557 0.0596 0.0675 0.1015 0.1295 0.1496 0.1755 0.1815 0.1862 0.2086 0.2166 0.2299 0.2514 0.2988 0.3525 0.3656 0.3719 0.3840 0.3896 0.4012 0.4205 0.4246 0.4310 0.4621 0.4904 0.5147 0.5430 0.5477 0.5633 0.5686 0.5777 0.5809 0.6055 0.6101 0.6115 0.6191 0.6197 0.6265 0.6441 0.6534 0.6580 0.6913 0.7064 0.7153 0.7575 0.8347 0.8432 0.8502 0.8524 0.8538 0.9013 0.9272 0.9357 0.9740 0.9922 
1100000000000110000110110000000011000000010110000001001111
1100000000000110000110110000000011000000010110000001001111
0000001000111000011001001111011000010111001000111100010000
1100000000000010100110110000100011000000010110000010001111
0000001000111000011001001111011000010111001000111100010000
1100000000000110000110110000000011000000010110000001001111
1100000001000110000110110000000011000000010110000001001111
0000001000111000011001001111011000010111001000111100010000
1100000000000110000110110000000011000000010110000001001111
0001001000110001010001001110011000011111001000111100010000
0000001100111000011001001111011000010111001000111100010000
1100000001000110000110110000000011000000010110000001001111
0000001000111000011001001111011000010111001000111100010000
0000001000110000010000001110011100110111001000111100110000
1110010010000000000110010000000011000000100011000000001111
1100000000000110000110110000000011000000010110000001001111
0000001000111000011001001111011000010111001000111100010000
1100000000000110000110110000000011000000010110000001001111
0000001000111000011001001111011000010111001000111100010000
0000101000111000011001001111011000010111001000111100010000

//
segsites: 32
positions: 0.0124 0.0294 0.0320 0.0447 0.1102 0.1405 0.1518 0.1680 0.2407 0.2785 0.3592 0.3802 0.3809 0.4017 0.4045 0.4453 0.4957 0.5564 0.6003 0.6235 0.6375 0.6409 0.6553 0.6719 0.7378 0.7896 0.8152 0.8178 0.8494 0.9117 0.9805 0.9986 
10001000010010010001100000010000
10001000010010010001100000010000
01100100100100101010000000100000
01100100100100101010000000100000
01100100100100101010000000100001
01100100100100101010000000100000
01100100100100101010000000100001
01100100100100101010000011100000
10001000010010010001100000010000
01100110100100101010000000100000
00010001010001000000000100001110
01100100100100101110010000100000
01100100100100101010000000100000
01100100100100101010000000100000
01100100101100101010000000100000
01100100100100101010001000100000
00010001010001000000000100001110
10001000010010010001100000010000
01100100100100101010000000100000
01100100100100101010001000100000

//
segsites: 52
positions: 0.0453 0.0793 0.1005 0.1190 0.1341 0.1726 0.1790 0.1866 0.1916 0.2353 0.2378 0.2557 0.2805 0.2941 0.2948 0.3016 0.3145 0.3252 0.3478 0.3512 0.3826 0.3994 0.4091 0.4093 0.4097 0.4157 0.4432 0.4514 0.4734 0.4897 0.4968 0.5193 0.5649 0.5893 0.5902 0.6432 0.6565 0.6661 0.6687 0.6848 0.7456 0.7525 0.7989 0.8287 0.8505 0.8904 0.9059 0.9173 0.9224 0.9302 0.9496 0.9640 
0001000001101000010010111001010000010010000001000000
0001000001001010011010101001010001000000100000000001
0001000001001000010010111001010100010001000001000000
0001001001001000010010111001010000010001000001000000
0001000001101000010010111001010000010000000001000000
0010100100010001000101000000001000001100010100000100
0001000001001010011010101001010001000000000000000001
0101010001001000000010001110110000000000001010110010
0010100100010101000101000000001010101100010100001100
0001000001001000010010111001010000010001000001000000
0001000001101000010010111001010000010000000001000000
0001000001101000010010111001010000010000000001000000
0001000001001010011010101001010001000000000000000001
0101010001001000000010001110110000000000000010110010
0101010011001000000010001110110000000000001010110010
0001000001001010011010101001010001000000000000000001
0001000001101000010010111001010000010000000001000000
1001000001001000110010111001010000010000000001000000
0001000001001010011010101001010001000000000000000001
0001000001101000010010111001010000010000000001000000

//
segsites: 28
positions: 0.0140 0.0276 0.0557 0.0596 0.0820 0.1566 0.1687 0.2693 0.2773 0.3412 0.3809 0.4439 0.4706 0.4785 0.4903 0.5366 0.5400 0.5466 0.5486 0.6107 0.6637 0.6687 0.6919 0.8481 0.8571 0.9451 0.9861 0.9971 
1100000000001110000110100001
1100000000001110000110100001
0001000010000001010000011100
1100011001001110101010100011
0001000010000001010000011000
1100011000001110101010100001
1100100100001110000010100001
1100010000101110001010100001
1100010000011110001010100001
1100011000001110101010100001
1100011000001110101010100001
1100000000001110000110100001
1110010000011110001010100001
1100100100001110000010100001
1100010000101110001010100001
1100011000001110101010100001
1100011000001110101010100001
1100000000001110000011100001
0001000010000001010000011000
1100100100001110000010100001

//
segsites: 25
positions: 0.1198 0.1703 0.1877 0.2526 0.2759 0.3074 0.3376 0.3619 0.3739 0.3827 0.5053 0.5399 0.6179 0.6359 0.6648 0.6879 0.7177 0.7337 0.7503 0.7740 0.8420 0.8776 0.8864 0.8873 0.9744 
0010010001000000000001001
0010000101000000010101011
0110000001000000000001001
0010000101000000010101011
1001100010110100100000100
0010010001000000000001001
0010000101000000010101011
0010000101000000011101011
1001000010111111100000100
0010001001000000000011001
1001000010110100100000100
0010000101000000010101001
0010001001000000000011001
0010000101000000010101011
0110000001000000000001001
0010001001000000000011001
0010000101000000010101001
1001100010110100100000100
1001100010110100100000100
0110000001000000000001001

//
segsites: 25
positions: 0.0023 0.0134 0.0585 0.1023 0.1205 0.1391 0.1544 0.1970 0.2461 0.3156 0.3841 0.4602 0.4836 0.5525 0.5610 0.5707 0.6004 0.6354 0.7161 0.7191 0.7552 0.8271 0.8432 0.8549 0.8596 
0111011001100010100000001
0111011001100010100000001
0111011001100010100000001
0111111001100010010000001
0111111001100010010000001
0111111001100010010000001
0111111001100010000001011
0111111001100010000001011
0111011001100010101000001
0111011001100010100000001
0111011001100010100000001
0111111001110010010000001
0111011001100010100000001
0111011001100010000010001
0111111001100010000001011
0111111001100010000001011
0111011001100010100000001
0111011001100010101000001
0111011001100010100000001
1000000110001101000100100

//
segsites: 29
positions: 0.0231 0.0900 0.1253 0.1373 0.1542 0.1762 0.1849 0.2018 0.2025 0.2088 0.2424 0.2761 0.2860 0.3321 0.3830 0.3973 0.5602 0.6196 0.7416 0.7520 0.8140 0.8177 0.8835 0.9318 0.9350 0.9396 0.9565 0.9711 0.9814 
01001001000000010011000000100
01001001000000010011000000100
01010001000000010011000100100
00000110000000000100000000001
00000010000000000100000000001
00000010000100000000000010001
10000010010101000000000010001
00000010000110000000000010001
00000010000100000000000010001
01001001000000010011000000100
00100000100000001000001000010
10000010000100000000100010001
00000010001100100000010011001
00100000000000001000001000010
00000010000100000000000010001
00000010000000000100000000001
00000010000000000100000000001
00000010000100000000000010001
00000010000100000000000010001
00100000100000001000001000010

//
segsites: 37
positions: 0.0098 0.0305 0.0356 0.0376 0.0408 0.0789 0.1255 0.1877 0.2139 0.2321 0.2727 0.3307 0.3474 0.3546 0.3668 0.3824 0.4169 0.5338 0.5447 0.6033 0.6241 0.6296 0.6455 0.6488 0.7169 0.7392 0.7574 0.7614 0.7964 0.8157 0.8196 0.8398 0.8616 0.8864 0.9046 0.9062 0.9254 
1000001010010000000000100000000111000
1100001010000101000000000000000010000
1000001010010000000000100000000111000
0001100100001000000001000100000000111
0001010100001000000001000100100000001
0001000100001000000001000100011000001
1000001010000000101100001010000010000
0001000100001000000001000100001000001
1000001010010000000000100000000111000
0001000100001010000001000100000000001
1000001010100000000000000000000010000
0000000100001000010011010000000000001
1100001010000101000000000000000010000
0001000100001000000001000101000000001
1100001011000101000000000000000010000
1000001010010000000000100000000111000
0001100100001000000001000100000000111
1000001010010000000000100000000111000
0011010100001000000001000100100000001
0001000100001000000001000100011000001

//
segsites: 43
positions: 0.0058 0.0074 0.0767 0.0851 0.1026 0.1212 0.1241 0.1513 0.2035 0.2072 0.2210 0.2470 0.2472 0.3006 0.3347 0.3706 0.3727 0.4156 0.4592 0.4778 0.4813 0.5020 0.5652 0.5726 0.5822 0.6033 0.6540 0.6586 0.6658 0.6728 0.6867 0.7320 0.7467 0.7616 0.7771 0.8480 0.9147 0.9374 0.9413 0.9673 0.9829 0.9856 0.9903 
0001100101000010001010101110000001000001000
0100001000000101000001000001011010010100011
0000010000001000010010011000100100000011100
1000000000000000000010001000100100100001000
0001100101000010001010101110000001000001000
0001100101000010001010101110000001000001000
0000000010100000010010001000100100000001100
0000010000001000010010011000100100000011100
0000010000001000010010011000100100000011100
0000010000001000010010011000100100000011100
0100001000010100000001000001011010000100011
0010010000001000010110011000100100000011100
0100001000000101000001000001011010010100011
0000010000001000110010011000100100000011100
0100001000000101000001000001011010010100011
0100001000000101000001000001011010010100011
0000000010100000010010001000100100000001100
1000000000000000000010001000100100101001000
0100001000000101000001000001011010010100011
0000010000001000010010011000100100000011100

//
segsites: 20
positions: 0.0047 0.0231 0.0766 0.0994 0.1160 0.1623 0.2848 0.4289 0.4498 0.5369 0.5386 0.5981 0.6174 0.7203 0.8502 0.8696 0.8860 0.8953 0.9375 0.9409 
10001010000000001001
10000010000000001001
10000011000000001001
10000010000000101001
10000010000000001001
10000010001001001000
10000010000000101101
10000010101001001000
10000010010000001001
10000010001001001000
01010100000110000000
01010100000110000000
10000010000000001001
10000010000000001001
01010100000110000000
10100010000000001011
10000011000000001001
10000010000000111001
10000010000000001001
01010100000110000000

//
segsites: 18
positions: 0.0929 0.1653 0.1759 0.1997 0.4024 0.4044 0.4963 0.5007 0.5157 0.5858 0.6222 0.6712 0.6828 0.7585 0.7790 0.8489 0.9103 0.9437 
000000010100000010
000000010100000010
010000010100000000
100100000100000001
000000110100000000
000010110101000000
000000010100000010
000000010100000010
000000010100000010
000001010100000010
000000010100000010
100100000100010001
000000010100000010
100100000110010001
100100000100000001
000000010100000010
000000010100000010
100100000100000101
001000001000101000
000001010100000010

//
segsites: 35
positions: 0.0024 0.0339 0.0388 0.0790 0.1091 0.1491 0.1600 0.2082 0.2788 0.2892 0.3028 0.3677 0.3971 0.4103 0.4216 0.5009 0.5260 0.5845 0.6012 0.6569 0.6677 0.6797 0.7760 0.8306 0.8328 0.8749 0.8896 0.9084 0.9373 0.9441 0.9505 0.9760 0.9884 0.9911 0.9957 
00000000000000000000100000100000010
00000000000000000000000000100000000
00000001000001000000000000100000100
00000000000001000000000000100000100
00000000000000000000100000100000010
01011010001000000100000000000010001
00000000000001000000000000100000100
10000000000000000000000001100000000
10000000000000000010000000100100000
00100000100000100000000000100000000
10000100000000000000000001100000000
00000000000000000000000000100000000
10000000000000000000000000100100000
00000000010000011001010100000001000
00100000000000100000000000100000000
00000000000000000000000010110000000
00000000000010000000100000100000010
00000000000000000000000000100000000
10000000000000000000000000100100000
10000000000100000000001000101100000

//
segsites: 28
positions: 0.0201 0.0317 0.0435 0.0842 0.2043 0.2366 0.2953 0.2979 0.2999 0.4384 0.4396 0.4568 0.4887 0.5058 0.5491 0.5523 0.5701 0.6067 0.6459 0.6961 0.7388 0.7767 0.8353 0.8587 0.8746 0.8852 0.9576 0.9651 
0001010001000101000000000000
0001010100010101000100000000
0000101010100000100010000101
0000001000100010001010000001
1010001000100000000010000000
0000001000100010001010000001
0001010001000101000000000000
0001010001000101000000000000
0001010001000101000000000000
0100001000100000010011000001
0001010100010101000100000000
0001010001000101000000000000
0001010100010101000100000000
1010001000100000000010000000
0001010001000101000000000000
0000001000101010000010000011
0001010001000101000000101000
0001010001000101000000010000
0000001000100010001010000001
0001010100010101000100000000

//
segsites: 35
positions: 0.0002 0.0063 0.0274 0.0923 0.1138 0.1222 0.1469 0.1704 0.1830 0.2056 0.2824 0.2837 0.2976 0.3426 0.3706 0.4343 0.5233 0.5247 0.5544 0.5717 0.7162 0.7296 0.7373 0.7572 0.8301 0.8304 0.8366 0.8590 0.8596 0.8682 0.8903 0.8968 0.9225 0.9436 0.9647 
00010000010000000001000011000000010
00010000010000000001100011000000010
00100001100101000000000000000000000
00100001001101000000000000000100000
00001000000000000011001110000001011
00010100000010011001000011000000010
00010000010000000001000011000000010
00100001000000000000000000000000000
00010110000010011001000011000000110
10000000000000000100010000101000000
00100001000101000000000000000000000
11000000000000000000010000111010000
00001000000000000011001110000001011
00010100000010011001000011000000110
00100001000101100000000000000000000
00001000000000000011001110000001011
00100001000101000000000000000000000
00100001001101000000000000000100000
11000000000000000000010000111010000
00001000000000000011001110000001011

//
segsites: 62
positions: 0.0336 0.0387 0.0448 0.0608 0.0629 0.0853 0.1172 0.1321 0.1511 0.1688 0.1788 0.1855 0.1970 0.2057 0.2249 0.2358 0.2403 0.2433 0.2920 0.3162 0.3276 0.3372 0.3636 0.3783 0.3845 0.3951 0.4170 0.4223 0.4252 0.4819 0.5129 0.5141 0.5327 0.5389 0.5560 0.5748 0.5754 0.5774 0.5800 0.5824 0.6156 0.6228 0.6371 0.6450 0.6450 0.6694 0.6966 0.7124 0.7143 0.7159 0.7377 0.7749 0.8025 0.8881 0.8925 0.9037 0.9261 0.9268 0.9383 0.9442 0.9462 0.9551 
10110001010110100011000000001010101000001000011010101001001101
10111000010110111011000000001110111001001001001010001001000101
10110000010110100011000000101011101000001000001011001001000101
10110001110110100011000000001010101000001000011110101001001101
01000110001000000100011111010000000110100110100000010110010010
10110001010110100011000000001010101000001000011010101001001101
10110001010110100011000000001010101000001000011010101001101101
10110001110110100011000000001010101000001000011110101001001101
10110000010110100011000000101011101000001000001011001001000101
10110001110110100011000000001010101000001000011110101001001101
10110001010110100011000000001010101000001000011010101001001101
10110000010110100011000000001110111001011001001010001001000101
10110000010110100011000000001110111001001001001010001001000101
10110000010111100011000000101011101000001000001011001001000101
10110001110110100011000000001010101000001000011110101001001101
10110000010110100011000000001110111001011001001010001001000101
10111000010110111011000000001110111001001001001010001001000101
10110001110110100011000000001010101000001000011110101001001101
10110001010110100011100000001010101000001000011010101001001101
10110001110110100011000000001010101000001000011110101001001101

//
segsites: 40
positions: 0.0007 0.0076 0.0486 0.0818 0.0935 0.1015 0.2026 0.2118 0.2755 0.3095 0.3116 0.3238 0.3268 0.3799 0.4071 0.4418 0.4445 0.4480 0.4563 0.4932 0.5354 0.5883 0.5889 0.6180 0.6516 0.6519 0.6583 0.6745 0.6801 0.6960 0.7191 0.7248 0.7777 0.8004 0.8983 0.9007 0.9220 0.9379 0.9611 0.9968 
0010000111000001100001001000001000000000
0010000111000001100001001000001000000000
0101000000000100000010110000110000111000
0010111010100000110101000100001101000111
0101000000000100000010110000110000111000
0101000000000100000010110000110000111000
0101000000000100000010110000110000111000
0101000000000100000010110000110000111000
0010111010101010100101000111001101000111
0010000110000000101001001000001010000000
0101000000000100000010110000110000111000
0101000000000100000010110000110000111000
0010000110000000101001001000001010000000
0010000110000000101001001000001010000000
0101000000000100000010110000110000111000
1010000110010000100001001000001000000000
1010000110010000100001001000001000000000
1010000110010000100001001000001000000000
0010111010100010100101000110001101000111
0010000110000000101001001000001010000000

//
segsites: 24
positions: 0.1090 0.2057 0.2816 0.2968 0.3073 0.3158 0.3263 0.3274 0.3733 0.3745 0.3944 0.5287 0.5335 0.5832 0.6170 0.6236 0.6379 0.6897 0.6903 0.7612 0.8036 0.8313 0.8570 0.9892 
001000001010001001000000
000000011010001001000000
000000011010001001000000
000001000000110000010100
000100100000000010000000
000000001010001001000000
000001000000100100010100
100100000001000000001000
000000001010001001000000
000000011010001001000000
001000001010001001000000
000011000000100000010111
000001000000100000010100
001000001010001001000000
000100100000000010000000
000000001010001001000000
000011000000100000010111
010100000100000010100000
000011000000100000010111
000000011010001001000000

//
segsites: 7
positions: 0.2515 0.4004 0.5301 0.6145 0.6780 0.7035 0.7900 
0000000
0000000
0000010
0000000
0000000
0000000
0000000
1100001
0000000
0000010
0000100
0000000
0000100
1100001
0000010
0000000
0011000
0100001
0000000
0000000

//
segsites: 46
positions: 0.0023 0.0033 0.0241 0.0461 0.0689 0.1110 0.1379 0.2060 0.2068 0.2789 0.3273 0.3438 0.3518 0.3534 0.3918 0.3958 0.3971 0.4193 0.4220 0.4234 0.4399 0.4647 0.4671 0.4819 0.5137 0.5163 0.5282 0.5639 0.5729 0.5948 0.6701 0.6878 0.7090 0.7126 0.7132 0.7337 0.7540 0.7649 0.7905 0.8267 0.8338 0.8355 0.8456 0.8840 0.9056 0.9213 
0010000000111100000001110100000000001101110000
0000000010111100000001110100000100001101110000
0000000000111100000001110100010000001101010000
0000001000111101010001110100001000001001011000
0000000000111100000001110100000001001101110000
0000001000111100010001110100001000001001011000
0000000010111100000001110100000000001101110000
0000001000111100010001110100001000001001011000
0000000000111100000011110110000000001101010000
0000000000111100000011110110000000001101010000
0000000000111100000101110100000000001101010000
0000000000111110010001110100001010001001011000
0001100000111100000001110110000000001101010000
1100010101000000101000001001100000110010000110
0000001000111101010001110100001000001001011001
0000001000111100010001110100001000001001011000
0000000000111100000101110100000000001101010000
0000000000111100000101110100000000001101010000
0000001000111100010001110100001000001001011000
0000000000111100000001110100010000001101010000

//
segsites: 46
positions: 0.0007 0.0038 0.0128 0.0355 0.0547 0.0575 0.0590 0.0871 0.1333 0.1522 0.1586 0.1606 0.1683 0.1685 0.2067 0.2112 0.2335 0.2532 0.2690 0.2970 0.3284 0.3596 0.3641 0.4005 0.4038 0.4046 0.4218 0.4477 0.5086 0.5426 0.5499 0.5724 0.5749 0.5807 0.6068 0.7334 0.7665 0.7756 0.7969 0.8386 0.8671 0.9107 0.9155 0.9204 0.9470 0.9801 
0000011101000010011001000100101100110000010001
1111000000110001000010001011000000000011100110
0000011101000010011001000100101100110000010001
1111000000111001000010001011000000000011100110
0000011101000010011001000100101100110000010001
0000011101000010011001000100101100110000010001
1111100000110001000010001011000000000011100110
0000001110000110011000000000101011110000000001
1111000000110001000010001011000000000111100110
0000011101000010011001000100101100110000010001
0000001110000110011100100000101011111000000001
1111000000110001000010001011000000000011100110
0000001110000110011000000000101011110000000001
0000001110000010111000000000101011110000001001
0000011101000010011001000100101100110000010001
0000011101000010011001000000111100110000010001
1111000000111001000010011011000000000011100110
1111100000110001000010001011000000000011100110
0000011101000010011001000000111100110000010001
0000011101000010011001000100101100110000010001

//
segsites: 24
positions: 0.0017 0.0215 0.0300 0.0682 0.0738 0.0739 0.1856 0.2544 0.2796 0.2972 0.3099 0.3611 0.3671 0.4346 0.5416 0.6891 0.7676 0.7860 0.8604 0.8644 0.9020 0.9580 0.9680 0.9740 
000101000000101000111001
000000011111010100000110
010000101011010100000110
000101000000101000111001
000010001010010101000110
000101000000101000111001
000000011111010100000110
000101000000101000111001
011000101011010100000110
000010001010010111000110
000010001010010101000110
010000101011010100000110
000000011111010100000110
000101000000101000111001
100010001010010101000110
010000101011010100000110
010000101011010100000110
010000101011010100000110
010000101011010100000110
000101000000101000111001

//
segsites: 21
positions: 0.0394 0.0771 0.1085 0.1576 0.1632 0.3197 0.3236 0.3744 0.4702 0.4706 0.5033 0.5311 0.5411 0.5609 0.6212 0.6722 0.6985 0.7502 0.7973 0.9526 0.9675 
000000000101010000000
000111100010101001001
100000011101010000100
010011000000101101010
000000000101010000000
000000000101010000000
000111100010101001000
000000000101010000000
000000011101010000000
000111100010101001001
000000000101010000000
001000000101010010000
001000000101010010000
000000000101010000000
000000011101010000000
000000000101010000000
001000000101010010000
000000000101010000000
000000000101010000000
000000011101010000000

//
segsites: 74
positions: 0.0129 0.0257 0.0621 0.0729 0.0783 0.0814 0.0908 0.0923 0.0937 0.1050 0.1338 0.1434 0.1574 0.1609 0.1641 0.1678 0.1721 0.1724 0.2487 0.2560 0.2646 0.3022 0.3080 0.3276 0.3814 0.3829 0.3971 0.4047 0.4303 0.4555 0.4803 0.4956 0.4993 0.5098 0.5102 0.5183 0.5400 0.5454 0.5487 0.5496 0.5624 0.5704 0.6026 0.6221 0.6301 0.6450 0.6595 0.6627 0.6638 0.6640 0.6651 0.7041 0.7071 0.7350 0.7717 0.7789 0.8020 0.8200 0.8322 0.8472 0.8490 0.8544 0.8668 0.8682 0.8875 0.9148 0.9272 0.9312 0.9407 0.9601 0.9747 0.9767 0.9811 0.9813 
10110010000001101100000111010111000100001100000110001011000011100110101000
10110010000001101100000111010111000100001100000110001011000011100110101000
10110010000001101100000111010111000100101100000110001011000011100110001000
10010101000001000101010111000001100100010000000010000001001001010100010001
10010101000001000101010111000001100100010000000010000001001001010100010001
10110010000001101100000111010111000100001100000110001011000011100110101000
01001000010010010010101000001000011001000001011001110100000000000001000110
10110010000001101100000111010111000100001100000110001011000011100110101000
10110000000001101100000111010101000100001110000110001001000001000110001000
10110000000001101100000111010111000100001100100110001011000111100110001000
10110000000001101100000111010101000100001110000110001001000001000110001000
01001000011010010000101000101000010000000001011001110100010000000001000110
01001000010010010010101000001000010001000001011001110100000000000001000110
10110000000001101100000111010111000100001100100110001011000111100110001000
10110000000001101100000111010111000100001100000110001011000011100110001000
10010101000001000101010111000001100100010000000010000001001001010100010001
10110010000001101100000111010111000100001100000110001011000011100110101000
10110000100001101100000111010111000100001100000110001011000011101110001000
10110010000101101100000111010111000110001100000110001011100011100110001000
10110000000001101100000111010111000100001100000110001011000011100110001000

//
segsites: 32
positions: 0.0010 0.0035 0.0767 0.0791 0.0868 0.1124 0.1305 0.1321 0.1516 0.2205 0.2380 0.2467 0.2535 0.3138 0.3427 0.3434 0.4568 0.5037 0.5078 0.5252 0.5387 0.5468 0.5811 0.6246 0.6251 0.6428 0.6982 0.7355 0.7988 0.8152 0.8297 0.8978 
10100010001100000010000110000000
10100101011000010010000010000000
10100010001100000010000110000000
10100010001100000010000010000001
10100101011000010010000010000000
01001000000000000101011000011110
10100010001100000010000010000000
10100010101101000010000010000000
10100010001100000010000010000000
01010000000010101101011001001110
10100010001100000010000010000000
01001000000000000101111000011110
01001000000000000101011000011110
10100010001100000010000010000001
01001000000000000101011000011110
10100010001100000010000010000000
10100010001100000010000010000001
01001000000000000101011000111110
10100010001100000010000010000000
01000000000010101101011001001110

//
segsites: 16
positions: 0.0730 0.1047 0.2058 0.2061 0.2360 0.4048 0.4350 0.5739 0.5840 0.6375 0.6441 0.6828 0.7398 0.7592 0.8180 0.9021 
0000000001000100
0000000000100001
0000000000000000
0000000100000000
0011000000000010
0001001010010010
0000000000000001
0000000000000000
0000000000001001
0000000000000001
1000000000000001
0000000000000000
0000000000000001
0000100000000000
0000000000000000
0100000100000000
0000010000000000
0000000000000001
0000000000000000
0000000000001001

//
segsites: 55
positions: 0.0138 0.0429 0.0636 0.0679 0.0821 0.1136 0.1167 0.1241 0.1469 0.1583 0.1731 0.1798 0.1888 0.2224 0.2419 0.2596 0.2876 0.2915 0.3272 0.3438 0.3445 0.3472 0.3740 0.4488 0.4638 0.4724 0.4751 0.5152 0.5521 0.5941 0.6155 0.6271 0.6302 0.6336 0.6805 0.6882 0.7110 0.7111 0.7195 0.7739 0.8146 0.8396 0.8488 0.8685 0.8711 0.8721 0.8963 0.9181 0.9273 0.9303 0.9502 0.9779 0.9830 0.9880 0.9964 
0001000010100000001110001100000000000000000010000100000
0001000000100000000010000100000000010010000000000000000
0001000000100000000010000100000000010010000000000000000
0001000010100000001010001100000000000000000000000100000
0001000010100000001010001100000001000000000000000100000
0001000000100000000010100100000000010010000000000000000
1110000101000000100000010011000110101001100100101001011
0001010010100000001110001100000000000000000010000100000
0001010010100000001110001100000000000000000010000100000
1110000101000000100000010011000110101001100100101001011
0001000010100001001010000100100000000000000000000100000
0001000010100000001110001100000000000000000010000100000
0001000010100000001010001100000000000000000000010100000
0001001000100000000010000100000000010010000000000000000
0001000010100000001110001100001000000000000010000100100
0001000010100000001010001100000001000000000000000100000
0001000000100000000010000100000000010010000000000000000
0001010010100000001110001100000000000000000010000100000
0001000010100000001010001100000001000000000000000100000
0000100000111110010011000000010000000100011001000010000

//
segsites: 59
positions: 0.0060 0.0070 0.0135 0.0276 0.0344 0.0395 0.0519 0.0909 0.1115 0.1384 0.1442 0.1471 0.1828 0.1926 0.2136 0.2184 0.2321 0.2541 0.2807 0.2842 0.3029 0.3171 0.3403 0.3431 0.3840 0.3894 0.3919 0.4183 0.4290 0.4600 0.4658 0.4739 0.4849 0.5084 0.5116 0.5135 0.5235 0.5276 0.5298 0.5862 0.5998 0.6395 0.6769 0.7104 0.7514 0.7671 0.7817 0.7822 0.8085 0.8165 0.8218 0.8478 0.8532 0.8569 0.8894 0.9107 0.9548 0.9637 0.9813 
00000001010000001010000000000000000001000000000001000001010
00000010101000000000000000010000000000001110000000000010100
00000001000000001010000000000001000001000000000001101001010
10010000000101000000010000010010000000000000001100000000000
00000001010000001010000000100000000001000000000001000001010
00000001000000001110000000000000000001000000000001000000010
00000010101000000000000000010000100000001110000000000010100
00000001000000001010000000000001000001000000000001101001010
00000001000000001010000000000001000001000000000001101001010
00000001000000001010000010000000000001000000100001000000000
00000001000000001010001000000000000001000000000001000000011
00000001000000101010000000000000000001000000100001000000000
00000010101000010001000000010000000000001110000000000010100
00000010101000000000000000010000100000001110000000000010100
00000010101000000000000000010000000000011110000000000010100
00000001010000001010000000000000000001000000000001000001010
00100001000000001010000000000000010001000000000001000000010
00000001000000001010000100000000000001000000100001000000000
01001100000010000000100001001100001110100001010010010100000
00000001000000001010000000000000000001000000100001000000000

//
segsites: 28
positions: 0.0211 0.0497 0.1185 0.2071 0.2235 0.2828 0.3060 0.3705 0.3905 0.3968 0.4199 0.5197 0.5228 0.5594 0.5737 0.5781 0.5835 0.6417 0.6986 0.7736 0.8195 0.8215 0.8270 0.8367 0.8460 0.8476 0.8525 0.8585 
0000000110010011101101101010
0010001000100000000000000000
1101010001100100010010010000
0000000110010010101101101000
0010001000100000000000000001
0101110001100100010010010000
0000000110011010101000101100
0101110001100100010010010000
0101110001100100010010010000
0000000110010011101101101010
0000000110010010101000101000
0010001000100000000000000000
0000000110011010101000101100
0101110001100100010010010000
0101110001100100010010010000
0000000110011010101000101100
0000000110011010101000101100
0010001000100000000000000000
0010001000100000000000000000
1101010001100100010010010000

//
segsites: 32
positions: 0.0471 0.0489 0.0515 0.1226 0.1713 0.1766 0.2042 0.2068 0.2144 0.2456 0.2844 0.3219 0.3666 0.4238 0.4349 0.4394 0.4409 0.4496 0.5378 0.5673 0.5796 0.6414 0.6831 0.6973 0.7272 0.7388 0.7477 0.8564 0.8872 0.9561 0.9726 0.9972 
00000010000010011100010000001011
00000010000010011100010000001011
00000010000000001000000000001001
00000010000010011100010000001011
01100001000001000000000110100000
00000010000000001000000000011001
01000001100101000010101100100000
00010010000000001000000000001001
00000010000000001000000000001001
00010110001000001000000000001001
10001010000000001000000000000100
00000010000010011100010000001011
00010010001000001001000000001001
01100001010001000000000100100000
10001010000000101000000000000000
00010010001000001000000000001001
00000010000010011100010000001011
01100001010001000000000100100000
01100001000001000000000100100000
00000010000000001000000001001001

//
segsites: 37
positions: 0.0254 0.0604 0.0827 0.1795 0.1987 0.2009 0.2581 0.2609 0.2808 0.3009 0.3120 0.3440 0.4144 0.4336 0.4386 0.4560 0.5513 0.5521 0.6208 0.6251 0.6596 0.6601 0.6648 0.6919 0.6921 0.7028 0.7042 0.7191 0.8255 0.8255 0.8688 0.8716 0.9494 0.9616 0.9645 0.9671 0.9934 
0001100100000000111110111000000000000
0100010001000000000001000100100100000
0000001001110000000000000001101100000
0000000001000101000000000010010001101
0001100100000000111110111000000000000
1001100100000000101000111000000000010
0000000011000100000000000000000000100
0000001001101010000000000001101100000
0001100100000000111110111000000000000
0000000001000101000000000010010001101
0001100100000000111110111000000000000
0010000001000101000000000010010000101
0000000011000100000000000000000010100
0000000001000101000000000010010001101
0000000001000101000000000010010001101
0000000011000100000000000000000000100
0000001001101010000000000001101100000
0000000001000101000000000010010000101
0000000011000100000000000000000000100
0000000011000100000000000000000010100

//
segsites: 51
positions: 0.0230 0.0339 0.0419 0.0860 0.1116 0.1123 0.1192 0.1253 0.1607 0.2013 0.2068 0.2204 0.2451 0.2674 0.3468 0.3497 0.4208 0.4380 0.4492 0.4693 0.4790 0.4888 0.5029 0.5066 0.5452 0.5505 0.5860 0.6067 0.6287 0.6609 0.6619 0.6635 0.6637 0.6680 0.6776 0.6844 0.7240 0.7383 0.7535 0.7552 0.7756 0.7801 0.8159 0.8485 0.8512 0.8607 0.8705 0.8892 0.9558 0.9861 0.9960 
000000010000000100010011001001010000011010100000000
001001101110111010101100010000000001000000011001100
000001100111000011001000010000100001000000001100110
010001100111000011001000010000100101000100001100110
000000010000000100010001000001010000011011100000000
101101100110101010101000010000001001000000001010100
010001100111000011001000010000100001000000001100110
101101100110101010101000110000001001000000001010100
010001100111000011001000010000100001000000001100110
001011101110101010101000010010000001000000001001101
000001100111000011001000010000100001000000001100110
010001100111000011001000010000100101000000001100110
000000010000000100010001000001010000011011100000000
001001101110101010101000010000000001000000001001101
000001100111000011001000010000100001000000001100110
001001101110101010101000010000000001000000001001101
001001101110101010101000010000000001000000001001100
000001100111000011001000010000100001100000001100110
001001101110101010101000010100000011000000001001100
001001101110101010101000010000000001000000001001101

//
segsites: 49
positions: 0.0051 0.0666 0.0882 0.1363 0.1658 0.1936 0.2007 0.2020 0.2160 0.2198 0.2317 0.2410 0.2567 0.2752 0.2912 0.3505 0.3635 0.3773 0.3842 0.3854 0.3955 0.4102 0.4265 0.4359 0.4448 0.4531 0.4695 0.4940 0.4981 0.5504 0.6153 0.6247 0.6511 0.6561 0.6575 0.6627 0.6782 0.6915 0.6942 0.7258 0.7538 0.7597 0.7689 0.7726 0.8019 0.8234 0.8902 0.9064 0.9388 
0000010001000000000100111100100001000010010100100
1011000100000010001011000000000100111000000011010
0011001010000000001000000001001010000101000000010
0000010001000000000100111100100001000010010100100
0011001010000000001000000001001010000101000000010
0011001010000000001000000001001010000101000000010
0011000100100001001011000000010100010000000010010
1011000100000010001011000000000100111000000011010
0011000100000010101011000010000100010000000011010
0011001010000000001000000001001010000101000000010
0011001010000100001000000001001010000101000000010
0011001010000000001000000001001010000101000000010
0000010001000000000100111100100001000010010100100
0000010001001000010100111100100001000010010000100
0011001010000000001000000001001010000101000000010
1011000100000010001011000000000100111000000011011
0111001000010000001000000001001000000101001000010
0000010001000000000100111100100001000010010100100
0111001000000000001000000001001000000101100000010
0011100100000010001011000000000100111000000011010

//
segsites: 36
positions: 0.1022 0.1250 0.1749 0.1834 0.1933 0.1992 0.2354 0.2631 0.2774 0.3295 0.3443 0.3554 0.3697 0.4135 0.5120 0.5128 0.5366 0.5715 0.5844 0.5895 0.6000 0.6330 0.6388 0.6621 0.6788 0.7379 0.7380 0.7426 0.7588 0.7773 0.9095 0.9113 0.9115 0.9329 0.9461 0.9846 
100011101000010000111000001000111000
000100010101101101000111010100000111
100011101000010000111000001000111000
101011101000010000101000101011111000
100011101000010000111000001000111000
100011101010010000111000001000111000
100011101000010000111000001000111000
100011101000010000111000001000111000
000100010101101101000111010100000111
000100010101001101000110010100000111
000100010101001101000110010100000111
000100010101001101000110010100000111
100011101000010000111000001000111000
000100010101101101000111010100000111
110011101000010000111000001000111000
100011101000010000111000001000111000
100011101000010010111000001000111000
110011101000010000111000001000111000
100011101000010000101000101010111000
100011101000010000101000101010111000

//
segsites: 39
positions: 0.0067 0.0287 0.0431 0.0933 0.0958 0.1383 0.2073 0.2192 0.2754 0.2762 0.2850 0.3160 0.3497 0.3711 0.3922 0.3969 0.4213 0.4386 0.4439 0.5014 0.5155 0.5201 0.5227 0.5499 0.5711 0.6826 0.7262 0.7294 0.7449 0.7527 0.8132 0.8435 0.8570 0.9095 0.9101 0.9162 0.9253 0.9516 0.9976 
001001001100010110010001010100100110111
001001001100000110000011010110000100110
011001001100000110000101010110000100110
100010110001101001101000101001011001000
011001001100000110000001010110000100110
001001001100000110000001010110000100110
001001001100010110010001010100100110111
001001001100000110000001010110000100110
001001001100000110000001010110000100110
001001001100000110000001010110000100110
001001001100010110010001010100100110110
011001001100000110000001010110000100110
001001001100000110000001010110000100110
100010110001101001101000101001001001000
001001001100000110000001010110000100110
001001001110000110000001010110000100110
001001001100000110000001010110000100110
001001001100010110010001010100100110110
100010110001101001101000101001001001000
011101001100000110000001010110000100110

//
segsites: 21
positions: 0.0017 0.1489 0.1513 0.1699 0.2282 0.2672 0.3001 0.3016 0.3054 0.3481 0.3954 0.4582 0.4669 0.4847 0.5152 0.5499 0.6394 0.6558 0.6639 0.7937 0.8610 
000010000000011011011
000000000001000000000
000000000001000000000
000010010000010001010
000000000001000000000
000100000100000100000
000010000000010001010
000100000000000000100
000000000001000000000
000100000000000000100
001100000000000000100
000000000001000000000
000100000000000000100
010000000001000000000
000100100100000100000
010000000001000000000
000100000100000100000
010000000001000000000
100001001010010000010
000010000000110001010

//
segsites: 39
positions: 0.0492 0.0530 0.0544 0.0579 0.0749 0.1703 0.1987 0.1998 0.2079 0.2147 0.2162 0.2205 0.2750 0.2873 0.3167 0.3180 0.3852 0.3911 0.4251 0.4521 0.4852 0.4864 0.5181 0.5293 0.5497 0.5624 0.5908 0.6079 0.6245 0.6456 0.7549 0.7811 0.7845 0.7957 0.8330 0.8662 0.8926 0.9377 0.9659 
000000000100000010100000000000000100010
000000000010000010110000000000000100011
010011000001110000000000000110000010000
110010010001110000001100000101000010000
110010010001110000000100000101000010000
000000100100000010100000000000000100010
010010000001110000000001000100001010000
000000000100000010100000000000000100010
000000000010000010110000000000000100011
010010000001110100000000010100000010000
000000000100000010100000000000000100010
011110001001110000000000100100010010000
000000000100000010100010000000000100110
011110001001110000000000100100010010000
000000000010000010110000000000000100011
010010000001110000000000000100000011000
010011000001110000000000000110000010000
010010000001110000000000100100000010000
010010000001111000000000001100000010000
010010000001110001000000000100100010000

//
segsites: 24
positions: 0.0118 0.0226 0.0340 0.0539 0.0881 0.1509 0.1961 0.2411 0.3215 0.3469 0.4701 0.4834 0.5537 0.5662 0.6316 0.6409 0.6776 0.7117 0.7898 0.7913 0.8561 0.8974 0.9081 0.9678 
100000100000100000000000
100010100001000000100010
001100001000001010010001
001100001000001010010001
100010110101000100001000
001100001000001010010001
110011100001010000000000
110010100001010000000000
100010100001000000100010
001100001000001010010001
100010110101000100001000
110010100001010000000000
100010100001000000100010
100010110101000100001000
100010110101000100001000
100010110101000100001000
001100001010001010010001
001100001000001010010001
100010110101000100001000
001100000000001011000100

//
segsites: 28
positions: 0.0374 0.0395 0.0483 0.1317 0.3041 0.3061 0.3141 0.3798 0.3810 0.4000 0.4232 0.4365 0.4625 0.4641 0.4835 0.5655 0.5773 0.6041 0.6296 0.6703 0.6840 0.6947 0.7145 0.8199 0.8251 0.8761 0.8858 0.9178 
0000101100110000000110001000
0000100010110100100111000001
0000100000110100000111000000
0010010000001010010000100110
0000101100110001000110001000
1000100001110000001110000000
0000100000110100000111000000
0000101100110000000110001000
1100100001110000001110000000
0000100010110100100111000001
0001100100110000000110001000
0000101100110000000110001000
1000100001110000001110000000
0000101100110001000110001000
1100100001110000001110000000
0010010000001010010000100110
0001100100110000000110001000
0000100000110100000111000000
1100100001110000001110000000
0000101100110000000110011000

//
segsites: 40
positions: 0.0339 0.0370 0.0533 0.0580 0.0666 0.0782 0.1371 0.1832 0.1887 0.1918 0.2642 0.2799 0.2854 0.2969 0.2976 0.3260 0.3890 0.4049 0.4234 0.4857 0.5151 0.5264 0.5346 0.5366 0.5439 0.5685 0.6368 0.6571 0.6653 0.6759 0.6939 0.7118 0.7158 0.7308 0.7422 0.7780 0.7891 0.8182 0.9067 0.9356 
1000000001100000001000100001010010100000
0000010000010000010100000100011000000001
0000000000000010000001000100111100000000
1010000100001100000010100001010010001100
0000010000010000010100000100011001000001
1000000001000000001000100001010010100000
0000000000000010000001000100111100000000
0000000000000010000001000100111100000000
0000000000000010000001000100111100000000
1000000000000000001000100001010010000000
0000000000000010000001000100111100000000
1010000100001100000010100001010010001100
0101000010000001000000000000000000000010
0000010000010000010100000100011000000001
0000100000000010000001001100111100000000
0000010000010000010100000100011000000001
0000001000000000100000110011010000010000
0000000000000010000001000100111100000000
1000000001000000001000100001010010100000
0000000000000010000001000100111100000000

//
segsites: 23
positions: 0.0787 0.0876 0.0891 0.1422 0.2465 0.2679 0.3558 0.3799 0.3885 0.3931 0.3955 0.4197 0.4978 0.5865 0.6515 0.8298 0.8648 0.8885 0.9037 0.9487 0.9633 0.9697 0.9712 
10000000000000000000000
10000000000000000000000
00100001000101100000000
10000000000000000000000
00000000000000000000000
01000000010000000110100
00000000000000000000001
00000000000000000000000
00000000000000000000000
00001000000000000000001
00000000000000000000000
00100001000101100000000
10000000000000000000000
00000000000000000000001
00000010000110100000000
00100001000101100000000
00000001000101100000010
00010100101000001001100
00000001000101100000010
00000000000000010000000

//
segsites: 23
positions: 0.0124 0.0320 0.1581 0.1753 0.2330 0.2592 0.3347 0.3451 0.3505 0.3701 0.3956 0.4066 0.4644 0.4981 0.5446 0.5606 0.5607 0.6322 0.7238 0.9181 0.9548 0.9679 0.9969 
00000000000000001000100
00000000000001000000000
00000000000001000000000
00000100000000001000100
00000000100000010000011
01000000010000000100100
00000000000000100001100
00100011001001000000000
00001010001001000000000
00000000000011000000000
10010000000000000001100
00000000000000001000100
00100010001101000000000
01000000010000000100100
10010000000000000001100
00100010001001000000000
00000000000000000001100
00000000000000001000100
00100010001001000000000
01000000010000000110100

//
segsites: 40
positions: 0.0164 0.0654 0.0701 0.0916 0.1276 0.1619 0.1776 0.1811 0.2472 0.2695 0.2887 0.2927 0.3191 0.3245 0.3948 0.4048 0.4431 0.4469 0.4938 0.5057 0.5057 0.5504 0.5511 0.5733 0.7086 0.7261 0.7673 0.7783 0.7855 0.7987 0.8031 0.8343 0.8482 0.8588 0.9071 0.9108 0.9414 0.9756 0.9786 0.9822 
0010100100110111000011100000010001100000
1001001000000000001000011010000110011011
0100100011110001100000000000000001000000
0001001000000000001000011010000110011011
0100100011110001110000000000000001000000
0010100100110111000011100000010001100000
0000100100111111000010100001110001100000
0100100011110001110000000000000001000000
0000100100110111000010100001110001100000
0001001000000000001000011010000110011011
0100100011110001110000000000000001000000
0010110100110111000111100000010001100000
0100100011110001100000000000000001000000
0100100011110001110000000000000001000000
0001001000000000001000011010000110011011
0010100100110111000010100100010001100000
0100100011110001110000000000001001000100
0001001000000000001000011010000110011011
0010100100110111000011100000010001100000
0100100011110001100000000000000001000000

//
segsites: 31
positions: 0.0262 0.0375 0.0950 0.1017 0.1035 0.1248 0.1958 0.1998 0.2102 0.2376 0.2493 0.3421 0.3423 0.4302 0.4349 0.4443 0.4741 0.4933 0.5752 0.5988 0.6546 0.6618 0.7143 0.7242 0.7276 0.8139 0.8546 0.8606 0.8659 0.9063 0.9260 
0011000000010001000000000000000
0000000100100000001000000000010
0000000100100000001000000001010
0011010000010001000000000000000
0000000100000000001000000000010
0011110000010001000001000000000
0000000100100000001000000000011
0011000000010001000000000000000
0000000100100000001000000000010
1000000000000000100000000110100
0011000000010011000000000000000
0011000000010001000000010000000
0011010000010001000000000000000
0011000000010001000000000000000
0100000100001100011010000000010
0011010000010001000000000000000
0011000000010001000000010000000
0011001011010001000100101000000
0011000000010001000000010000000
0100000100001100011010000000010

//
segsites: 39
positions: 0.0526 0.0696 0.0727 0.1286 0.1390 0.1452 0.1454 0.1985 0.2203 0.2650 0.2771 0.3023 0.3105 0.3670 0.3744 0.4618 0.5144 0.5234 0.5654 0.6153 0.6425 0.6679 0.6929 0.7017 0.7684 0.8281 0.8478 0.8603 0.8635 0.8773 0.8960 0.9345 0.9438 0.9535 0.9583 0.9595 0.9739 0.9784 0.9914 
001100010010110100000010110001000001000
001100010010110100000010110001000001000
001000000010100110000010100001000001000
001011000000100100100010000000001001110
001000000000100100000010000000000001110
001000000010100100001010000001000001000
001100010010110100000010110001000001000
100000100101001000010101000110010000000
100000100101000001010101000110010000000
001000000010100100000010000000000101000
001000000010100100000010000000000101000
011000001010100100001010000001000011000
001000000000100100000010000000000001111
001000000010100100001010000001000001000
001000000010100100000010100001100001000
001100010010110100000010110001000001000
001000000000100100000010000000000001111
001100010010110100000010111001000001000
001100010010110100000010111001000001000
001000000000100100000010000000000001110

//
segsites: 24
positions: 0.0635 0.1046 0.3246 0.3262 0.3277 0.3769 0.3920 0.4095 0.4203 0.5177 0.5429 0.5467 0.5556 0.5667 0.6273 0.6281 0.6386 0.6511 0.7364 0.7679 0.7726 0.7890 0.7893 0.8201 
000100000000000010000000
000001001010000000100101
100000010000000001000000
000000000001010000000011
100000010000000001000000
000000000001000000000011
011010000100000100001001
000000000001000000000011
000000000001010000000011
000000000000000000000000
011010000100000100001001
000001001010000000100101
000000000000001000000000
000001101000000000100001
000001001010000000100101
011010000100000100001001
000000000001000000000011
000000000001100000000011
000000000000000000010000
000000000000000000000000

//
segsites: 23
positions: 0.0112 0.0520 0.0825 0.0852 0.1484 0.1564 0.2020 0.2831 0.3199 0.3454 0.4440 0.4723 0.5514 0.6577 0.6586 0.6849 0.7601 0.8242 0.8918 0.9260 0.9406 0.9782 0.9814 
00011000001000000000010
00100010000100001010000
00100010000100001010000
00011000001000000000010
01001000101000000100000
10011000001000000000100
00000101010000000001000
00100010000110001010000
00000010000100001010000
10011000001000000000100
00100010000100001010000
10011000001000000000100
00001000001000110000000
00001000001001000000000
00001000001000000000000
00100010000100001010000
00000101010000000001000
00001000101000000100000
00000101010000000001000
00000010000100001010001

//
segsites: 17
positions: 0.0259 0.2493 0.3271 0.3851 0.3881 0.4031 0.4466 0.5547 0.5749 0.5948 0.6588 0.6771 0.7332 0.7836 0.7983 0.8433 0.9136 
00011000001000001
00011000011000001
01000111100100110
01000011100100110
00011000001000001
01000111100100110
01000111100100110
10010000001000001
00011000001000001
00011000011000001
01000011000111110
00010000001000001
01000111100100110
10010000001000001
00011000001000001
00011000011000001
01100011000101110
01000111100100110
01000011100100110
00010000001000001

//
segsites: 27
positions: 0.0129 0.0638 0.0886 0.0974 0.1090 0.1515 0.1538 0.1753 0.2061 0.2598 0.3602 0.3750 0.4019 0.4759 0.5865 0.6416 0.6574 0.6644 0.6722 0.7377 0.7381 0.7648 0.7853 0.8212 0.8476 0.8649 0.9877 
010000000001000000000010010
010000000001000000000010010
001010001000010100010001001
010000000001000000001010010
010000000011000000100010010
001000010100101011000100000
001000000000010000000000101
010100000001000000001010010
001000010000101001000100000
110000000001000000001010010
110001000001000000001010010
010000000011000000100010010
001010001000010100010001001
001000000000010000000000101
001000000000010000000000101
001010001000010100010001001
001000010000101001000100000
010000000001000000001010010
010000100001000000001010010
001010001000010100010001001

//
segsites: 18
positions: 0.0102 0.0170 0.0857 0.1047 0.1825 0.2759 0.3539 0.3708 0.4003 0.4271 0.5230 0.5281 0.6103 0.6154 0.6200 0.6520 0.6973 0.7506 
000100000001000011
000000000101000000
001100000001000001
001100000001000001
100000000101000000
100000000101000000
000100000001000001
001100000001000001
000001111000110000
000000000101000000
010100000001000101
001100000001000001
000100000011001001
000000000101000000
000100000001000001
000001111000110000
000110000001000101
000100000001000001
000000000101000000
000100000001000001

//
segsites: 21
positions: 0.1276 0.1461 0.2664 0.3022 0.3283 0.3658 0.4562 0.4856 0.5561 0.5818 0.6048 0.6193 0.6310 0.6421 0.6510 0.6583 0.7154 0.7591 0.9124 0.9256 0.9973 
010001000001001001100
000101000001001101110
000101000001001101110
001001000001001001100
100000010100000010001
100000010100110010001
000001000000000001000
001001000001001001100
100000011100000010001
000001000000000001000
000001000000000001000
000001000001001001100
000001000000000001000
000001100000000001000
000101000011001101110
000001000001001001100
000101000001001101110
100000011100000010001
001001000001001001100
000011100000000001000

//
segsites: 60
positions: 0.0011 0.0232 0.0654 0.1107 0.1128 0.1213 0.1561 0.1645 0.1844 0.2350 0.2369 0.2878 0.2923 0.2962 0.3014 0.3014 0.3016 0.3017 0.3036 0.3051 0.3384 0.3391 0.3607 0.3868 0.4135 0.4251 0.4548 0.4593 0.6156 0.6375 0.6674 0.6774 0.6912 0.6943 0.7104 0.7192 0.7293 0.7294 0.7297 0.7539 0.7768 0.7796 0.7908 0.7923 0.8045 0.8219 0.8318 0.8380 0.8553 0.8597 0.8675 0.9035 0.9039 0.9274 0.9296 0.9444 0.9569 0.9637 0.9793 0.9859 
010001100100000001001001101000100100001100000000000100111101
100001100100000010001010100000100000000100000000001100011101
001010010000111100100000010110011001000011101110000011000000
100001100100000010001010100000100010000100000000001100011101
100001100110000010001010100000100000000100000000001100011101
000001100100000010001010100000100000000100000001101100011101
000001100100000010001010100001100000000100000001101100011101
000001100100000010001010100000100000000100000001101100011101
001010010000111100100000010110011001000011101110000011000000
100001100101000010001010100000100000000100000000001100011111
001010010000111100100000010110011001000011101110000011000000
100001100100000010001010100000100000000100000000001100011101
010001100100000001001001101000100100001100000000000100111101
100001100100000010001010100000100000000100000000001100011101
001010010000111100100000010110011001010011101110000011000000
000101101100000000010100100000100000000100010000010100011101
000001101100000000010100100000100000000100000000010100011101
000001101100000000010100100000100000000100000000010100011101
000001101100000000010100100000100000100100000000010100011101
100001100100000010001010100000100000000100000000001100011101

//
segsites: 29
positions: 0.0044 0.0174 0.0310 0.0791 0.1259 0.1482 0.1535 0.1624 0.1704 0.2002 0.2047 0.2124 0.2304 0.2368 0.3038 0.3178 0.3277 0.4012 0.4512 0.5694 0.5750 0.5903 0.7584 0.7697 0.7940 0.8201 0.8532 0.9217 0.9407 
00001100100100000000110100000
01000000011000001100000011101
01000001011010000100000010101
10000000100001000001100000000
00001100100100010000100100000
00001100100100010000100100000
00000000100000000011100000000
01000000011000000100001010101
00000000100000000011100000000
00010000100000000011100000000
01100000011010000100000010111
01000000011000000100000010101
00001100100100110000100100000
01000001011010000100000010101
00001100100100010000100100000
01000000011000000100000010101
00000000100000000011100000000
01000010011010000100000010101
00001100100100010000100100000
01000000011010000100000010101

//
segsites: 28
positions: 0.0391 0.0773 0.0799 0.0932 0.1180 0.1402 0.1523 0.2078 0.3054 0.3589 0.4123 0.4730 0.5045 0.5669 0.5811 0.6086 0.6164 0.7408 0.8130 0.8172 0.8303 0.8530 0.8763 0.8972 0.9075 0.9092 0.9579 0.9714 
1010001100100000000000001001
0010011100100001000000001001
1010001100100000000100001001
0010001100100000100000001001
0110001100100000100000001001
1010001100100000000100011101
1010001100100000000000001001
0010001100100000100000001001
1011001100100000000000001001
1010001100100000000100011101
0010001100100000000000001011
0000100000001010001011100000
0000100011001010001011000000
0010001100100000100000001001
1010001100100000000000001001
1010001100100000000000001001
0010001100100000100000001001
0000100000011110001011100000
0010001100100000110000001001
0110001100100000100000001001

//
segsites: 54
positions: 0.0205 0.0246 0.0338 0.0592 0.0797 0.1138 0.1174 0.1723 0.1777 0.1828 0.1985 0.2182 0.2404 0.2536 0.2597 0.2727 0.2799 0.2814 0.3040 0.3162 0.3169 0.3881 0.4063 0.4077 0.4141 0.4231 0.4681 0.5181 0.5263 0.5269 0.5866 0.5955 0.5970 0.6002 0.6084 0.6314 0.6344 0.6475 0.6617 0.6784 0.7102 0.7984 0.8031 0.8296 0.8423 0.8449 0.8484 0.8747 0.8783 0.8917 0.8924 0.9197 0.9493 0.9513 
101010010000101111001010000110001001010001110110000001
001010010000101101001010000110001011010001110110000001
001010111000101101001010100111001000010001110110000001
001010010001101101001010000110001001010001110110000001
001010010000101101001010000110001000010001110110000001
010101000000010000000101000000100000001100001001101100
101010010000101101001010000110001001010001110110000001
001010010000101101001010001110001000010001110110000001
001010111000101101001010100111001000010001110110000001
001010010000101101001010000110001001010001110110000001
001010010100101101001010100111001000110001110110000001
001010010010101101100010010110011100010001110100010000
010101000000000000010101000000000000001110001001101110
001010010010101101100010010110011100010001110100010000
001010010000101101001010000110001000010001110110000001
010101000000000000010101000000000000001110001001101110
001010010000101101001010001110001000010001110110000001
001010010000101101001010001110001000010001110110000001
001010010000101101001010000110001011010001110110000001
001010010010101101100010010110011100010001110100010000

//
segsites: 17
positions: 0.0043 0.0330 0.0502 0.0533 0.0903 0.2504 0.3034 0.4187 0.4525 0.5484 0.5980 0.6259 0.6259 0.6414 0.7024 0.7620 0.8342 
10000101000100000
01110000001000000
10000101010100000
01110000001000000
10000001100100000
01010000001000000
01110000001000000
01010000001000000
00000000000000110
10000101000100000
10000001100100000
01110000001000000
10000101010100000
10000101010100000
10000101010100000
10000111010100000
10001001100101000
01110000001010001
01010000001000000
10000101010100000

//
segsites: 22
positions: 0.0720 0.1219 0.2222 0.2341 0.2613 0.3340 0.3577 0.3761 0.4946 0.5289 0.6375 0.6771 0.7167 0.7238 0.7835 0.7930 0.8418 0.8565 0.8865 0.8902 0.9193 0.9498 
1011101000100000001000
1011101000100000001000
1111101000100000001000
0000000001010101000000
1011000010100000000000
0000000001000101000010
0000000001000101000010
1011000010100000000000
0000000001000101100001
1011101000100000001000
0000000001000101000000
0000000001000101000000
0000000001000101000010
0000000101001111000010
0000000001000101000000
0000000001000101100100
1011101000100000001000
0000000001000101000010
0000000001000101010000
0000010001000101000000

//
segsites: 28
positions: 0.0238 0.0308 0.0368 0.0993 0.1581 0.1988 0.2294 0.2296 0.2514 0.3597 0.3677 0.3709 0.4338 0.5150 0.5336 0.5668 0.6649 0.6792 0.6974 0.7221 0.7246 0.7394 0.7416 0.7997 0.8800 0.9011 0.9350 0.9627 
0010100000001001000000000110
0100000011110000011001010001
0100000011110000011001010001
0101000010110100010001010000
0100000010110010110011010000
0010100000001001000000000110
0100000010110000110011010000
0100010110110000010011110000
0101000010110100010001010000
0010100000001001000000000110
0010000000000001000000000110
0100000010110000110011010000
0100010010110000010011110000
0010101000001001000000000110
0100000011110000011001010001
1100000011110000011001010001
0101000010110100010001010000
0101000010110100010001010000
0100000011110000011101011001
0100000010110000110011010000

//
segsites: 27
positions: 0.0242 0.0514 0.1412 0.1576 0.1606 0.2223 0.2718 0.3187 0.3209 0.3277 0.3941 0.4315 0.4497 0.6312 0.6699 0.7302 0.7385 0.7823 0.8018 0.8404 0.8411 0.8493 0.8588 0.8775 0.9258 0.9689 0.9778 
100011010001111100100001010
001000100100000010001100100
100011010001111100100001010
001000100100000010011100100
100011010010111100100000010
001000100100000010011100100
100011010001111100100001010
100011010010111100100000010
100011010001111100100001010
110011010001111100100001010
100111010001111100100011010
100011010010111100100000010
001000100100000010011100100
100011011001111101100000010
100011010001111100100001010
100011010010111100100000010
100011010001111100100001010
100011010001111100100011010
001000100100000010001100101
001000100100000010001100100

//
segsites: 24
positions: 0.0228 0.0862 0.2037 0.2340 0.2625 0.2756 0.3322 0.3595 0.3711 0.4144 0.5133 0.5249 0.5729 0.5838 0.5876 0.6035 0.6405 0.6409 0.7393 0.7771 0.8201 0.8511 0.8851 0.8861 
001000000011001100001101
000000100000100010100000
000001010000000010100000
000010000000000011100000
000000000000000010100010
000000000000000010100000
000000000000000010110000
001000000011001000001101
000000000000000010100010
000000100000100010100000
000000000000000010110000
000000000000000010100010
001100000111011000001101
110000000000000010100010
001000000011001000001101
001000001011011000001101
000000000000000010100010
000000000000000010100010
000000000000000010100010
001000000011001100001101

//
segsites: 17
positions: 0.0148 0.0636 0.0855 0.1624 0.1669 0.2118 0.3057 0.3224 0.3924 0.4644 0.4750 0.5732 0.6779 0.6874 0.7637 0.7984 0.8380 
10000000000000001
00011000010100100
00011000010100100
10000000000000001
01100010000000000
00011000010100100
00000010000000000
00011000010000100
00000000100000010
00000011000000000
10000000000000001
10000000001000001
00100010000000000
00000011000000000
00000010000000000
10000000000000001
00000110000011000
00000011000000000
10000000000000001
00000010000000000

//
segsites: 19
positions: 0.0990 0.1207 0.1463 0.2768 0.3115 0.3142 0.3247 0.4341 0.4829 0.5349 0.5351 0.5734 0.5894 0.6332 0.6578 0.7221 0.9054 0.9194 0.9585 
0000001001010100010
0001001001010010000
1010110110100000000
0000001001010000000
0100001001010100010
0000001001010100010
0010110110000000000
0001001001010000000
0001001001011000000
0000001001010000000
0000001001010000000
0010110110100000000
0000001001010000010
0010110110100000000
0010110110100000000
0000001001010100010
0010110110000000000
0010110110000000000
0010110110100000001
0000001001010001110

//
segsites: 25
positions: 0.0394 0.0987 0.1153 0.1980 0.2242 0.2382 0.2595 0.2623 0.2880 0.3303 0.4425 0.4525 0.5024 0.5296 0.5745 0.6483 0.6531 0.6594 0.7556 0.7731 0.7876 0.8171 0.8798 0.9215 0.9562 
0011000101000100000000000
1000010000000000110000000
0010001001000100000000010
0000010000000010110000000
0010001001000100000000010
0000010000000010110000000
0000010000000010111000100
0010001001000100000000010
0000000000000000010001001
1000010000000000110000000
0000010000000011110000000
0000010000100010110000000
0000010000000011110000000
0110001001000100000100000
0000000010000000010010000
0000000010011000010010000
0000110000000010110000000
0000010000000010111000100
0110001001000100000100000
0000010000000010110000000

//
segsites: 45
positions: 0.0008 0.0295 0.0423 0.0738 0.0791 0.0821 0.1126 0.1146 0.1624 0.1775 0.1814 0.1899 0.2430 0.2451 0.2486 0.2860 0.2934 0.4072 0.4239 0.4977 0.5012 0.5148 0.5265 0.5479 0.5641 0.6003 0.6224 0.6359 0.6875 0.7129 0.7568 0.8049 0.8087 0.8186 0.8322 0.8445 0.8604 0.8626 0.8835 0.8843 0.9121 0.9565 0.9666 0.9714 0.9934 
010000101011000010000000100001010001001110110
010000101011100010000000100001010001001110110
010000101011000010000010100001010101001110110
010000101011000010000000100001010001001110111
000011000100000100101101001100101010100001000
010000101011000010000000100001010001001110110
000011000100000100101101001100101010100001000
010000111011000010000000110001010001001110110
010000101011000010000000100001010001001110110
000011000100000100101101001100101010100001000
010000101011000010000000100001010001011110110
010100101011000010000000100011010001001110110
010000101011000010000000100001010001001110110
010000101011011011010000100000010001001110110
110000101011000010000000100001010001001110110
010000101011000010000000100001010001001110110
010000101011000010000000100001010001001110110
010000101011000010000000100001010001001110110
010100101011000010000000100011010001001110110
011000101011000010000010100001010001001110110

//
segsites: 29
positions: 0.0073 0.0223 0.0294 0.0909 0.1152 0.2048 0.2869 0.3515 0.3587 0.3647 0.4276 0.4286 0.4396 0.4468 0.5389 0.5465 0.5835 0.5947 0.6527 0.6932 0.7130 0.7368 0.7505 0.8035 0.8083 0.8483 0.8925 0.9693 0.9854 
00000000100000000100010010111
00000010100000000100010010111
00010000101000000101000010100
00010000101000000101000010100
00001001000001110010100000000
00010000100000000101000010100
00010000100000000101000110100
00000000100000000100010010111
00001001000001111010100000000
00000010100000000100010010111
00001001000001110010100000000
01000001000101110000100001000
10100100110000000000001010000
00001001000001110010100000000
00000000100010000100000010101
00010000101000000101000010100
00001001000001110010100000000
10100100110000000000001010000
00001001000001111010100000000
00010000101000000101000010100

//
segsites: 53
positions: 0.0364 0.0405 0.0409 0.0412 0.0565 0.0646 0.0807 0.0893 0.1074 0.1275 0.1478 0.1772 0.1966 0.2109 0.2402 0.2684 0.2694 0.2815 0.3050 0.3416 0.4511 0.4798 0.5105 0.5203 0.5219 0.5782 0.5822 0.5824 0.5866 0.5943 0.5970 0.5995 0.6239 0.6290 0.6569 0.6834 0.6935 0.7288 0.7354 0.7517 0.7624 0.7838 0.8077 0.8078 0.8082 0.8093 0.8300 0.8348 0.8371 0.8927 0.9304 0.9597 0.9891 
10100101011000010111100100000001010000100001000010001
10010010001010010111100100000100010001000001010010001
10100101011000010111100100000001010000100001000010001
11001000001000010111111100010000010001001001010010001
11001000001000010111111100010000010001001001010010001
10010010001000010111100100000100010001000001010010001
10010010001010010111100100000100010001000001010010001
11001000001000010111111100010000011001001001010010001
10010010001000010111100100000100010001000001010010001
10010010001000011111100100100000010001000001010010001
10010010001000010111100100100000010001000001010010001
11001000001000010111111110010000010001001001010010001
10000000001000010111100100001000010001000001111110011
00000000100101000000000001000010000110010110000001100
10010010001000010111100100000100010001000001010010001
00000000100101000000000001000010000110010100000001100
11001000001000010111111100010000010001001001010010001
11001000001000010111111110010000010001001001010010001
10010010001000110111100100000100110001000001010010001
00000000100101000000000001000010000110010100000001100

//
segsites: 18
positions: 0.0404 0.0457 0.0817 0.1299 0.1905 0.2987 0.3966 0.4104 0.4261 0.4615 0.5243 0.5374 0.6714 0.8796 0.8932 0.9023 0.9134 0.9246 
000001000000000101
000000000000000000
000000000000000000
000000001010000010
001000000000100000
000000001010000010
000000001010000010
100000000000000000
000011000100000100
010000000000010000
000001000000000100
000100101010000000
000001000000000100
001000010000101000
000000001010000010
000011000100000100
000000001010000010
001000010001101000
100000000000000000
000001000000000100

//
segsites: 33
positions: 0.0164 0.0261 0.0725 0.1212 0.1431 0.2336 0.2632 0.2652 0.2663 0.2843 0.2919 0.2956 0.3646 0.4068 0.4125 0.4202 0.4380 0.4430 0.4615 0.5226 0.5515 0.5654 0.5693 0.6172 0.7683 0.8331 0.8511 0.8623 0.8745 0.8985 0.9336 0.9370 0.9591 
000000010000001100000000000000000
100010000001001100001010011100000
000001000000010000100000100010100
000000000000001101000100000000000
000101000000010000100000100010000
000001000010010000100000100010011
001000000000001110000000000000000
000000000000001110000000000000000
000000000000001110000001000000000
100010000001001100000010011100000
000101000000010000100000100010000
100010000001001100000010011100000
000000000000001101000100000000000
000000000000001110000000000000000
000000000000001110000000000000000
100010000001001100000010011100000
000001000010010000100000100010001
000000000000001110000000000000000
000000000000001110000000000000000
010001101100100000010000100011000

//
segsites: 21
positions: 0.0128 0.0960 0.1063 0.1135 0.2024 0.2476 0.3296 0.3606 0.3804 0.5162 0.5187 0.5320 0.5374 0.5698 0.5710 0.6360 0.6425 0.6879 0.8040 0.8513 0.9585 
100010000010101000001
100001000110110000010
000100101000000000000
000100101001000000000
100001000110110000010
100010000010100100001
011100001000000000100
000100101000000000000
100010000010100000001
000100001000000000000
000100111000000000000
011100001000000000100
000100101000000000000
100010000010101000001
000100001000000011000
100010000010100000001
000100001000000000000
011100001000000000100
011100001000000000100
000100101001000000000

//
segsites: 17
positions: 0.1211 0.1665 0.2401 0.2784 0.3184 0.3738 0.4909 0.5344 0.6333 0.6470 0.7846 0.7956 0.8924 0.8982 0.9186 0.9536 0.9607 
00001000000010000
01000000000000010
00000100000100000
00000010000000001
00000000000000000
00000000000000000
01000000100000010
00000000000000000
00100000000000000
00000010000000101
00000000000000000
00000000010000000
00010000000000000
00000000000000000
00100000001001000
00000000000000000
00000000000000000
00000000000000000
00000010000000001
10000001000000000

//
segsites: 29
positions: 0.1251 0.1389 0.1466 0.1516 0.2134 0.2528 0.3343 0.3637 0.3920 0.4409 0.4660 0.4874 0.4958 0.5165 0.5421 0.5830 0.6057 0.6150 0.6645 0.7373 0.7637 0.7794 0.7976 0.8257 0.9233 0.9265 0.9369 0.9636 0.9694 
00001000011000011001000010100
00001000011000011001000010100
00001000011000011001000010100
00001000010000011001000010100
00001000010000011001000010100
00001001010000011001000010100
00000100100100000100010000000
00001000011000011001000010100
01100000100000000000010001010
01100000100000000000010001010
10010000000001110011000100101
00001000010000011001000010100
01100010100000000000011001010
01100000100000000000011001010
01100000100010000000110001010
00001000010000011001000010100
10010000000001110011000100101
01100000100000000000011001010
01100000100000000000011001010
01100000100000000000011001010

//
segsites: 62
positions: 0.0001 0.0628 0.0661 0.0676 0.0684 0.0778 0.1080 0.1165 0.1336 0.1358 0.1509 0.1538 0.1659 0.2159 0.2366 0.2397 0.2468 0.2508 0.2562 0.2566 0.2571 0.2631 0.2878 0.2913 0.2974 0.3277 0.3605 0.3677 0.3950 0.4307 0.4626 0.4696 0.5357 0.5608 0.5612 0.5624 0.5674 0.5700 0.6079 0.6165 0.6249 0.6356 0.6459 0.6543 0.6569 0.6863 0.7164 0.7256 0.7358 0.7477 0.7772 0.7970 0.8010 0.8467 0.8716 0.8742 0.8762 0.8945 0.9060 0.9482 0.9496 0.9833 
10000000010000000010000000000100100001000100000000000001100001
10000000011000000000000000000110000000000000010001000011100001
10000000010000010000000000000100000000000000000000000001100001
00000000100110000100010101101000000100110010101010100000011100
10000000010000000000001000000100000000000000000000000001100001
10000000011000000000000000000110000000000000010001000011100001
10000000010000000000001000000101000000000000000000000001100001
10000100010000000000000000000110010000000001010001000011100001
10000000010000000010000000000100100001000100000000000001100001
01110011000001100101100110010000000010011000000100111000001000
10000000010000000000000000000100000000000000000000000001100001
10000000010000000000001000000100000000000000000000000001100001
00110011000001100101100110010000000010010000000100111000001000
00000000100110000100010100101000000100010010101010100100011100
10000000010000000000001000000100000000000000000000000001100001
10000000011000000000000000000110000000000000010001000011100011
00110011000001100101100110010000000010010000000100111000001000
10001000010000001000000000000100001000000000000000000001100001
10000000010000000000000000000100000000000000000000000001100001
10000000010000000000001000000100000000000000000000000001100001

//
segsites: 31
positions: 0.0769 0.1041 0.1229 0.1906 0.2164 0.2199 0.2688 0.2691 0.2715 0.2796 0.3015 0.3262 0.3296 0.3724 0.4058 0.4628 0.4691 0.5282 0.5347 0.5713 0.6425 0.6635 0.6718 0.7287 0.7723 0.8407 0.8783 0.8841 0.9553 0.9765 0.9978 
0000000110000000001000000101000
0000001001001000000000000000001
0000001001000000000000000000000
1000001001000000000000100000000
0001001001010000000000000000000
0000000110000000001000000101000
0000001001000000000000000000001
0000011001000000000000010000100
0000000110000000001000000101010
0000001001000000000000000000000
0010000000100001000101001000000
0000001001001000000000000000001
0000001001000100000000000000000
0000001001000000000000000010000
0000001001000010010010000000000
0000101001000000100000000000000
0000001001000010010000000000000
1000001001000000000000100000000
0100001001000000000000000000001
0000011001000000000000010000100

//
segsites: 27
positions: 0.0291 0.0544 0.0810 0.2337 0.3315 0.3810 0.4580 0.4843 0.5579 0.5934 0.6254 0.6381 0.6425 0.6466 0.6992 0.7388 0.7835 0.8435 0.8549 0.8586 0.9050 0.9132 0.9273 0.9557 0.9561 0.9818 0.9955 
010000000000010001100000010
010000000000010001100000010
000001000000011000000000010
010000000000010001100000010
000000000010000000010100000
001000011000100100000010000
000100000001010000000000110
010000000000010001100000010
010000000000010001100000010
001000011000100100000010000
001010010000100100000010001
000100000101010000000000110
000000000010000000010100000
000000000000011010000000010
000000000000011000000000010
000000100000010001000001010
100000000010000000011100000
010000000000010001100000010
000000000010000000010100000
000100000101010000000000110

//
segsites: 66
positions: 0.0201 0.0320 0.0327 0.0546 0.0614 0.0802 0.0823 0.0966 0.1113 0.1216 0.1277 0.1388 0.1950 0.2539 0.2564 0.2739 0.3258 0.3262 0.3298 0.3599 0.3683 0.3708 0.3896 0.3933 0.3983 0.4283 0.4355 0.4411 0.4425 0.4428 0.4558 0.4563 0.4594 0.4653 0.4868 0.4911 0.4947 0.5017 0.5350 0.5429 0.5460 0.5570 0.5610 0.5750 0.5799 0.5854 0.6159 0.6165 0.6226 0.6285 0.6408 0.6592 0.6802 0.6958 0.6963 0.7655 0.7704 0.8336 0.8471 0.8576 0.8580 0.8909 0.8933 0.8943 0.9188 0.9264 
011100101100100000001000010011111010100110001100010010110000110011
011100101100100000001000010011111010100110001100010010110000110011
011110101100100000101000010011110010100010001100010010000000110111
011110101100100000101000010011110010100010011100011010000000110111
011110101100100000001000010011110010100010001100110010000000110011
000000010011011111010101101100000101011001100011000101000111001000
100000010011011111010100101100000101010001100011000100001111001000
000000010011011111010100101100000101011001100011000101000111001000
011110101100100000101000010011110010100010001100010010000000110111
011110101100100000101000010011110010100010001100010010000000110111
011110101100100000101000010011110010100010001100010010000000110111
011110101100100000101000010011110010100010001100010010000000110111
000000010011011111010100101100000101010001100011000100001111001000
011110101100100000101000010011110010100010001100010010000000110111
011101101100100000001010010011110010100010001100010010000000110011
011110101100100000001000010011110010100010001100110010000000110011
011110101100100000001000010011110010100010001100110010000000110011
000000010011011111010101101100000101011001100011000101000111001000
000000010011011111010100101100000101010001100011000100001111001000
011110101100100000101000010011110010100010001100010010000000110111

//
segsites: 20
positions: 0.0415 0.1370 0.1483 0.1704 0.1925 0.2756 0.4120 0.5197 0.5830 0.6107 0.6297 0.6649 0.7246 0.7864 0.8296 0.8298 0.9285 0.9434 0.9614 0.9991 
10000100000001000000
10000100000001000000
00100000000100010001
00010000000010010000
10000100000001000000
01000000000000110100
01000000000000110100
10000100000001000000
00100000000000010001
00011001101000010010
00100000000000010001
00010001101000010010
00100000000000010001
10000000000001000000
10000100000001000000
00100000000000010001
00010001101000010010
00010000000010010000
00011011111000011010
00100000000000010001

//
segsites: 24
positions: 0.0445 0.0511 0.0632 0.0806 0.1738 0.2079 0.2422 0.2602 0.2720 0.3724 0.4541 0.4653 0.5072 0.5612 0.5665 0.6497 0.6897 0.7676 0.8098 0.8286 0.8910 0.9205 0.9499 0.9959 
100001000110001000100001
010000101001000100010100
100100000000100000000000
100001000110001000100001
010010101001000100010100
100000000110001000100001
100100000000110000000000
010010101001000100010100
010010101001000100010100
100000000000000000001010
100100010000000000000000
101100000000100001000000
100000000000000000000010
100001000110001000100001
100000000110001000100001
100000000000000010000010
100000000000000000001010
100000000110001000100001
010010101001000100010100
010000101001000100010100

//
segsites: 20
positions: 0.0370 0.0795 0.0932 0.1597 0.1717 0.2025 0.2211 0.3736 0.3827 0.4807 0.4812 0.4984 0.6083 0.6640 0.6829 0.6850 0.6966 0.7509 0.8054 0.8385 
00100011001100010100
10000001000000000000
10000101000000000000
00000011000100000110
10000001000000000000
10010001000000000001
10000001000000000000
10000001000000000000
10010001000010000001
10010001000000000001
00000011000100000100
01000001000000001000
00000011000100000110
00000000100000000000
10000001000000000000
00000000000001100000
10000001010000000000
10000001000000000000
10011001000000000001
10000001000000000000

//
segsites: 72
positions: 0.0034 0.0135 0.0222 0.0411 0.0546 0.0678 0.1118 0.1159 0.1243 0.1394 0.1550 0.1907 0.2001 0.2091 0.2094 0.2261 0.2321 0.2578 0.2617 0.2879 0.2951 0.2973 0.3096 0.3289 0.3498 0.3571 0.3666 0.3811 0.4022 0.4024 0.4162 0.4190 0.4424 0.4568 0.4690 0.4718 0.5040 0.5082 0.5264 0.5528 0.5555 0.6079 0.6363 0.6434 0.6671 0.6684 0.6780 0.6987 0.7142 0.7183 0.7276 0.7374 0.7402 0.7434 0.7490 0.7672 0.7699 0.7719 0.7799 0.7864 0.7920 0.8119 0.8124 0.8480 0.8514 0.8674 0.9044 0.9060 0.9110 0.9520 0.9649 0.9687 
100000000111000000100000010101000011001000110000000001010000111011010010
010010100000011010001010100010010000000000001100000010000101000100100100
100000000101000000100000010101001010001000110000000001010000110011010010
100000000101000000100000010101001110001000110000000001010000110011010010
100000001101000000100100010000000000000110010001010001010000110000011010
100000001101000000100100010000000000000110010001010001010000110000011010
100000001101000000100100010000000000000110010001010001010000110000011010
100000010101100100100000010000000000000001010001010001010000110000010010
100000000101000000100000010101001010001000110000000001010000110011010010
100000000111000000100000010101000011001000110000000001110000111011010010
100000000111000000100000010101000011001000110000000001110000111011010010
100000010101100100100000010000000000100001010001010001010000110000010010
100000000111000000100000010101000011001000110000000001010010111011010010
100000001101000000100100010000000000000110010001010001010000110000011010
001111000000011001011010100010110000010000001000101100000000000100100001
010010100000011010001010101010010000000000001110000010000101000100100100
100000001101000000100100010000000000000110010001010001010000110000011010
010010100000011010001010100010010000000000001100000010000101000100100100
100000001101000000100100010000000000000110010001010001010000110000011010
100000000101000000100001010101000010001000110000000001011000110011010010

//
segsites: 35
positions: 0.0318 0.0793 0.0796 0.1705 0.1882 0.2101 0.2288 0.2425 0.2467 0.2660 0.2750 0.2767 0.2879 0.3108 0.4056 0.4513 0.4606 0.4978 0.5067 0.5551 0.5666 0.5784 0.7205 0.7251 0.7300 0.7328 0.7329 0.7404 0.7463 0.7884 0.7950 0.9071 0.9133 0.9762 0.9879 
11000000001000000001000010000101100
10000000000000000000000010000001100
00001000000010100100000000100000100
10000000000000000000000000000001100
00100001000001001010011000001000000
11000000000000000000000110000001100
00001000000010100100000000100000100
00000000000000010000100001010000100
00001000000010100100000000100000100
00010000000000100000000000100000110
00000000000000010000100001000000101
00010000110000100000000000100000110
00001000000010100100000000100000100
11000100000000000001000010000101100
00000000000000010000100001000000101
11000000000100000000000010000001100
00001000000010100100000000100000100
00001000000010100100000000100000100
00000010000000010000100001000010100
11000000000000000001000010000101100

//
segsites: 21
positions: 0.0981 0.1684 0.1876 0.2318 0.2411 0.2678 0.2882 0.5246 0.5468 0.5498 0.5695 0.5803 0.7141 0.7282 0.7952 0.9034 0.9245 0.9268 0.9366 0.9372 0.9704 
010000010101101000111
100001101000000011000
001000000100101000111
010000010100101000111
000010010110111000111
000000010100101000111
000000010100101000111
001000000100101000111
100001101000000011000
010000010100101000111
000000010100101000111
000000010100101000111
010000010100101000111
010000010100101000111
000000010100101000111
001000000100101000111
000100000100101100111
010000010101101000111
010000010101101000111
000000010100101000111

//
segsites: 43
positions: 0.0794 0.1346 0.1356 0.2028 0.2033 0.2522 0.3169 0.3285 0.3359 0.3627 0.3638 0.3987 0.4015 0.4300 0.4307 0.5027 0.5144 0.5195 0.5420 0.6175 0.6264 0.6329 0.6404 0.6626 0.6701 0.6757 0.7016 0.7243 0.7259 0.7505 0.7594 0.7640 0.7756 0.8103 0.8767 0.8900 0.8950 0.9040 0.9556 0.9563 0.9571 0.9822 0.9875 
0100110000100000000000010010000101101110110
0000110000001100001010011100000101100110110
0000110000001100001000010100010101100110110
0100110000100000000000010010000101101110110
0100110000100000000000010010000111101110110
1010001010010010110101100001000000010001000
0100110000100000000000010010000101101110110
0100110000100000000000010010000101101110110
0100110000100000000000010010000101101110110
0000110000001100001010011100000101100110110
0001110100000001000000010000101101000100011
0000110000001100001000010100000101100110110
0000110000001100001000010100000101100110110
0000110000001100001000010100000101100110110
0100110001100000000000010010000101101110110
0000110000001100001000010100000101100110110
0001110000000001000000010000101101000100011
0100110000100000000000010010000101101110110
0000110000001100001000010100000101100110110
0000110000001100001000010100000101100110110

//
segsites: 29
positions: 0.0019 0.0157 0.0405 0.0696 0.1137 0.1264 0.2153 0.2473 0.3653 0.3746 0.3855 0.4011 0.4060 0.4168 0.4628 0.5770 0.5870 0.6051 0.6081 0.6611 0.6681 0.7143 0.7242 0.7645 0.8066 0.8555 0.8996 0.9104 0.9187 
00001110010001001001100000100
00001110010001000011100000100
00000001000000000000010000000
00000001000010000000010000000
00001100110100000101100010100
00000000000000010000010000011
00000000000000010000010000011
00000001000000000000011000000
00000001000000000000010000000
00001110010001000001100000100
00000001000000000000010001000
00000000000000010000010000011
00000000000000010000010000011
10000001001000000000010000000
00000000000000010000010000011
01111100010000100101100010100
00000000000000010000010100011
00001110010001000001100000100
10000001001000000000010000000
00001110010001000001100000100

//
segsites: 32
positions: 0.0187 0.0361 0.0960 0.0962 0.1323 0.1445 0.2544 0.2824 0.2926 0.3241 0.3379 0.3541 0.4165 0.4182 0.4584 0.4789 0.5128 0.5589 0.5598 0.5624 0.5735 0.7143 0.7209 0.7642 0.8040 0.8225 0.8258 0.8704 0.9280 0.9458 0.9618 0.9955 
00011111101011010100100010001010
10100000010100001010001101110100
10100000010100101000011100110100
10100000010100001000001100110100
11100000010100001010001101110100
10100000010100001000001100110100
10100000010100001000001100110101
10100000010100001010001101110100
10100000010100001001001100110100
10100000010100101000011100110100
10100000010100001000001100110101
10100000010100001010001101110100
10100000010100001000001100110101
10100000010100001000001100110101
10100000010100001000001100110100
00011111101011010100100010001010
10100000010100001000001100110101
10100000010100001000001100110101
10100000010100001010001101110100
10100000010100001000001100110101

//
segsites: 62
positions: 0.0431 0.0447 0.0680 0.0773 0.0857 0.1071 0.1324 0.1427 0.1748 0.1953 0.2028 0.2443 0.2467 0.2552 0.2610 0.3165 0.3313 0.3403 0.3458 0.3738 0.3885 0.4046 0.4156 0.4370 0.4396 0.4554 0.4846 0.5039 0.5222 0.5246 0.5383 0.5500 0.5564 0.5612 0.5672 0.5874 0.5967 0.5992 0.6144 0.6413 0.6639 0.6707 0.6811 0.7257 0.7294 0.7311 0.7681 0.7709 0.8016 0.8092 0.8158 0.8386 0.8583 0.8724 0.8899 0.8927 0.9001 0.9003 0.9097 0.9162 0.9674 0.9808 
00100000010000110011000000000110100000000011000010010101001000
00001010000010010110000000001111000000000001000000010100001000
00001010100011010110000000000110011000000001000100010100101010
00001010000011010110010000000110001000000001000100010100101010
00001010000010010110000010001111000000100001000000010100001100
00001010000010010110000000001111000000100001000000110100001000
00001010000010010110000000001111000100000001000000010100001000
00001010000011010110000000000110001000001001000100010100101010
00001010000011010110000000000110001000001001000100010100101010
10010101001100001000101101110000000011010100111001000010010001
00001010000010010110000000001111000000100001000000010100001000
01001010000010010110000000000111000000000001000000011100001000
00001010100011010110000000000110011000000001000100010100101010
00001010100011010110000000000110011000000001000100010100101010
00001010000011010110000000000110011000000001000100010100101010
00001010000011010110000000000110011000000001000100010100101010
00001010000010010110000000001111000000100001000000110100001000
00001010000010010110000000001111000000100001000000010100001000
00001010000010010110000010001111000000100001000000010100001000
00001010000010010110000000001111000000000001000000010100001000

//
segsites: 27
positions: 0.0119 0.0288 0.0459 0.0531 0.1039 0.1070 0.1290 0.2377 0.2741 0.2811 0.3567 0.3685 0.3773 0.4345 0.4558 0.4559 0.4812 0.5865 0.6275 0.6770 0.6929 0.7251 0.7570 0.7625 0.7719 0.8343 0.9705 
010010001000010100110010001
110010000000010011111010001
000001000100001000000000000
010010010010010000110010001
010010000000010000111010001
110010000000010001111010101
110010000000010001111010101
010010010010010000110010001
010110000000010000110111011
010010001000010100110010001
010110000000010000110111001
001001000100001000000000000
110010000000110001111010001
110010100000010001111010001
010110000001010000110010001
010110000001010000110010001
010110000000010000110111001
010010000000010000111010001
010110000000010000110010001
010010001000010100110010001

//
segsites: 16
positions: 0.0629 0.0666 0.0843 0.1671 0.2030 0.3011 0.3204 0.4206 0.5239 0.5299 0.5466 0.7322 0.7541 0.8292 0.9563 0.9777 
0001001001000111
0001000000000110
0110000000010000
0001001001000111
0001000000000110
1110000000010000
0110000000010000
0001000100000110
0001000000000110
1110000000010000
0110000000010000
0110000000011000
0001000010100110
1110000000010000
0001001001000111
0100110000010000
0110000000011000
0001000000000110
0100110000010000
0001000100000110

//
segsites: 35
positions: 0.0040 0.0438 0.0693 0.1182 0.1213 0.1290 0.1309 0.1620 0.1730 0.1904 0.2075 0.2167 0.2252 0.2620 0.2787 0.3511 0.3604 0.3671 0.3740 0.3813 0.4343 0.4686 0.5452 0.5543 0.5832 0.6105 0.6655 0.7271 0.7335 0.7758 0.8298 0.8812 0.9418 0.9659 0.9831 
00001010000000101001100100010000110
11010101011010010000011000101101000
00101000000000101000000000010000110
00001000000000101001000010010000110
00001000000000101001100100010010110
00001000100000101010000000010000111
00001000000101101001000100010000110
00001000000000101001000100010000110
11010101011010010000011000101101000
11010101011010010100011001101101000
00001000000000101001000010010000110
11010101011010010000011000101101000
11010101011010010000011000101101000
00001010000000101001100100010000110
11010101011010010000011000101101000
00001000000101101001000100010000110
11010101011010010000011000101101000
00001000000000101001100100010000110
00001000000000101001000100010000110
11010101011010010000011000101101000

//
segsites: 47
positions: 0.0353 0.0369 0.0379 0.0695 0.1288 0.1384 0.1430 0.2125 0.2125 0.2162 0.2862 0.3183 0.3338 0.3353 0.3538 0.3769 0.3896 0.4096 0.4519 0.4710 0.4856 0.4888 0.4924 0.4999 0.5615 0.5698 0.5937 0.6005 0.6164 0.6470 0.6672 0.7614 0.7705 0.7733 0.7817 0.8173 0.8272 0.8314 0.8566 0.8581 0.9203 0.9383 0.9460 0.9806 0.9883 0.9953 0.9981 
01011100010000001110000000000001110011100000011
00000000001100000000000110010110000000010001000
00000000001000000000000110010110000000010000000
00000000001000000000000110010110000000010000000
00000000001100000000000111010110000000010001000
00000000001000100000000110010110000000010001000
00000000001100000000000111010110000000010001000
10000010001000000000000110100110000000010000000
00000000001000000000000110010110000000010000000
00000000001000000000000110010110000000010000000
00000000001001000000000110010110000000010000000
00000000001000000000000110010110000000011001000
00000000001000000001000110010110000000010000000
10000010001000000000001110100110000000010000000
00100101100010000100110000001001001110000100101
00000000001000000000000110010110000000010010000
00000000001000000000000110010110000000010000000
01011100010000010110000000000001110011100000011
00000000001100000000000111010110000000010001000
00000000001000000000000110010110000000010000000
