./ms 20 1 -t 10 -G 0 -eG 1 0 
22770 21553 38546

//
segsites: 24
positions: 0.0320 0.0598 0.0839 0.2128 0.3591 0.3652 0.3884 0.4109 0.4111 0.4246 0.4325 0.4503 0.4587 0.6004 0.6234 0.6714 0.6732 0.6976 0.7006 0.7531 0.7824 0.8619 0.8780 0.9565 
010011000000000010001100
000011100000000000011110
101000011001100000000000
000111000000010001001100
101000011001100000000001
101000011001100000000001
010011000000000010001100
000111000000010001001100
000011100000000000011110
010011000010000000101100
000011100000000000011110
010011000010000000101100
010011000010000000101100
101000011001100000000000
000011000000000100001100
000011100000001000011110
000011100000000000011110
101000011101100000000001
000111000000010001001100
010011000000000010001100

//
segsites: 38
positions: 0.0479 0.0493 0.1149 0.1174 0.1320 0.1621 0.2056 0.2385 0.2497 0.2749 0.2884 0.3105 0.3667 0.3868 0.4194 0.4549 0.5014 0.5034 0.5417 0.5461 0.5566 0.5846 0.6112 0.6182 0.6438 0.6700 0.7506 0.7588 0.8296 0.8461 0.8621 0.8664 0.8666 0.9038 0.9047 0.9198 0.9317 0.9783 
01000000011001000001000000000010010000
00000000011001000000001000000010000000
10001011000010110000000001101001101010
00000000010000001110000100000010000101
01000100011001000001000000000010010000
10001011000010110000100001101101101000
01000000011001000001000000000010010000
01000000011001000001000000000010010000
01100000011001000001000000000010010000
01000000011001000001000000000010010000
10001011100010110000000011111001101000
10001011000010110000000001101001101010
00000000010100001100000100000010000101
00000000010000001110010100000010000101
00010000010000001110010100000010000101
01000000011001000001000000000010010000
10001011100010110000000011111001101000
10001011100010110000000011111001101000
10001011100010110000000011111001101000
00000000010000001100000100000010000101

//
segsites: 42
positions: 0.0188 0.0283 0.0558 0.0627 0.0673 0.0682 0.1012 0.1322 0.1630 0.1732 0.1827 0.1898 0.2966 0.3423 0.3625 0.3632 0.3767 0.3794 0.4307 0.4484 0.5115 0.5419 0.5854 0.5935 0.5981 0.6166 0.6376 0.6393 0.6500 0.7270 0.7572 0.8301 0.8361 0.8960 0.9000 0.9539 0.9667 0.9668 0.9796 0.9848 0.9848 0.9849 
000011000010010000000110000010000001000000
000010100000000001010000000010000000001000
010000000000000000000000000000001010000000
010000000000000000000000000000001010000000
000010000100000001010000101010000000001000
000111001000010000000100000010000101000000
000011000010010000000110000010000001000000
010000000000000000001000010000001010000010
001011000010010000000110000010000001000000
101011000010010000000110000010000001000000
000010000001100000010000000111010000000000
010000000000000010000001000000101010000000
010000000000000110000000000000001010010000
000011001000010000000100000010000101000000
010000000000000010000001000000101010000000
000010000001100000010000000111010000000000
000010100000000001010000000010000000001000
010000000000000000001000010000001010000010
000011001000010000000100000010000101000000
000010010000001000100000000010000000100101

//
segsites: 51
positions: 0.0182 0.0231 0.0362 0.0759 0.0883 0.1110 0.1171 0.1533 0.1867 0.1996 0.2032 0.2185 0.2216 0.2239 0.2499 0.2612 0.2759 0.3111 0.3247 0.3323 0.3386 0.3516 0.3556 0.3944 0.4054 0.4197 0.4577 0.4634 0.4789 0.4947 0.5178 0.5248 0.5739 0.6044 0.6450 0.6503 0.6512 0.6860 0.7135 0.7356 0.7676 0.7767 0.8065 0.8159 0.8275 0.8283 0.8301 0.8426 0.8495 0.8674 0.9921 
110100000000110001010001011100100000101001000010100
001010100011001100000000100011000101010000000000000
000000010100000000000010000100001010001000110001000
000000010000000000100000000100010000001010000100000
001010100011001100000000100011000101010000000000001
000011101001001100000000100011000000010000000000000
000000010000000000100000000100010000001100000000000
000000010000000000100000000100010000001000000000000
000011101001001100000000100011000000010000000000000
000000010100000000000010000100001010001000110001000
001010100011001100000000100011000101010000000000000
000011101001001100000000100011000000010000000000000
000011101001001100000000100011000000010000000000010
000000010000000000100000000100010000001100000000000
000000010000000000100000000100010000001000000000000
001010100011001100000000100011000101010000000000000
100100000000010011000101011100100000001001001010100
000000010000000000101000000100010000001000000000000
001010100011001100000000100011000101010000000000000
000000010000000000100000000100010000001010000100000

//
segsites: 14
positions: 0.0520 0.1478 0.2493 0.2628 0.2730 0.3650 0.3770 0.4045 0.4881 0.5922 0.6805 0.7272 0.9329 0.9887 
00100000000000
00000100000100
00100000000000
00100000000000
00100000000000
00000100000100
01100000000000
00000100000100
10000000000000
00010000101000
00100000000000
00000000000000
00010010101010
00011000111000
00100001000001
00100000000000
00100001000001
00100000000000
00100001000001
00100000000000

//
segsites: 42
positions: 0.0051 0.1589 0.1707 0.1743 0.1858 0.2025 0.2240 0.2259 0.2340 0.2372 0.2441 0.2965 0.3320 0.3492 0.3541 0.3823 0.4245 0.4673 0.4755 0.4801 0.4870 0.5295 0.5410 0.5444 0.5594 0.5789 0.5834 0.5859 0.6081 0.6580 0.6778 0.7074 0.7101 0.7578 0.7720 0.7855 0.8094 0.8921 0.9393 0.9396 0.9417 0.9622 
000000010000110000000101100000000000000011
010000000010000000000000010010011110000001
010001000000000000010000010000011100000001
000000010000100000000001100000000000000001
110000000000000000000000010010011110000001
000000010000100000001001101000000000000001
000000010000110000000101100000000000000011
010001000000000000010000010000111100100001
001100101001001111100010000101000001011100
000010010000100000001001101000000000000001
010000000000000000000000010010011110000001
000000010000100000000101100000000000000001
010000000100000000000000010010011110000001
110000000000000000000000010010011110000001
010000000000000000000000010010011110000001
001100101001001111100010000101000001011100
010000000010000000000000010010011110000001
001100101001001111100010000101000001011100
000000010000110000000101100000000000000011
110000000000000000000000010010011110000001

//
segsites: 37
positions: 0.0327 0.0566 0.0781 0.0789 0.1284 0.1458 0.1804 0.1986 0.2298 0.2672 0.2905 0.3371 0.3914 0.3916 0.4103 0.4267 0.4371 0.4656 0.4683 0.4813 0.5332 0.5346 0.5619 0.6091 0.6270 0.6349 0.6739 0.6883 0.7192 0.7458 0.7470 0.7910 0.8598 0.8657 0.8676 0.8868 0.9746 
0010000000111001001111000100110000100
0010000000111001001111000100110000100
1101111001000100110000110011001011001
0010000000111001001111000100110000100
0010000000111011001111000100110000110
0010000010111011001111000100110000100
0010000000111001001111001100110000100
0010000000111001001111000100110000100
1001111001000100110000110011000011001
0010000000111011001111000100110000110
0010000010111011001111000100110000100
0010000000111011001111000100110000100
1101111001000100110000110011001011001
0010000000111011001111000100110000100
1101111001000100110000110011001111001
0010000100111001001111001100110000100
0010000000111011001111000100110000110
1101111001000100110000110011001111001
1101111001000100110000110011001011001
0010000000111011001111000100110000110

//
segsites: 41
positions: 0.0203 0.0711 0.0750 0.1295 0.1365 0.1551 0.2056 0.2363 0.2479 0.2657 0.2718 0.3612 0.3713 0.3899 0.4013 0.4027 0.4173 0.4842 0.4928 0.5091 0.5104 0.5332 0.5540 0.5558 0.6158 0.6174 0.6305 0.6420 0.6638 0.6781 0.6927 0.6942 0.7180 0.7190 0.7236 0.8019 0.8197 0.8266 0.9028 0.9831 0.9876 
00000001000010100100000000000100100000000
01010010000110001010011000000000101011010
01010110000110001010001000000000101011010
00000001000010100100000000000100100000000
00000001000010100100000000000100100000000
00000001000010100100000000000100100000000
00000001000010100100000000100100100000000
00000001000010100101000000001100110000000
01010010000110001010001000000000101011010
00001000100001010000000101000011000100100
00000001010010100100000000000100100000000
00000001000010100101000000001100110000000
00001000100001010000000111000011000100000
01010110000110001010001000000000101011010
10001000101001010000000101000011000100001
00110010000110000010101000010000101001000
00000001000010100100000000100100100000000
00001000100001010000000101000011000100100
00000001000010100100000000000100100000000
00000001000010100100000000000100100000000

//
segsites: 26
positions: 0.0079 0.0272 0.0399 0.0514 0.0539 0.0570 0.0740 0.0977 0.1055 0.1641 0.2122 0.4293 0.5821 0.5832 0.6442 0.6504 0.6803 0.7028 0.7243 0.7354 0.7571 0.7603 0.8175 0.8324 0.8971 0.9687 
10100011000001010000001110
00010100010000000000000000
00010000010010000000000000
00010000011000000001000000
11000010000000010100000111
11000010000000010100100110
10000010000000011000000110
11001010000000010100100110
10000010100100010010010110
00010000010000000000000000
10100011000001010000001110
11000010000000010100100110
11000010000000010100100110
10000010100100010010010110
00010000010010100000000000
00010000010000000000000000
00010000010010000000000000
00010000010010000000000000
10000010000000010000000110
10100011000001010000001110

//
segsites: 27
positions: 0.0354 0.1377 0.1890 0.2384 0.2450 0.2576 0.2930 0.3073 0.3330 0.3711 0.3750 0.5223 0.5390 0.5578 0.5732 0.5977 0.6186 0.6455 0.7059 0.7560 0.7797 0.8114 0.8419 0.8707 0.9301 0.9450 0.9972 
100001010001000111100000010
000100000000000110000000010
000100000000000110000000010
100001010000000111100100010
100000000000000111000000010
000000000010000110001000010
100001010001000111100000010
000000000010000110001000010
100000001000000111000000010
100001010000000111100010010
100000000000000111000000010
100000001000000111000000010
110010000000000111000000010
001000100000110000010001101
000100000000000110000000010
100000000000000111000000010
000000000110001110000000010
000000000010000110001000010
000000000010000110001000010
001000100000110000010001101

//
segsites: 29
positions: 0.0223 0.0279 0.0356 0.0786 0.0908 0.1144 0.1269 0.1487 0.1693 0.1829 0.2726 0.2879 0.3328 0.3729 0.3758 0.3901 0.4406 0.5649 0.6254 0.6643 0.7450 0.8209 0.8696 0.8821 0.9025 0.9032 0.9256 0.9411 0.9996 
10000111101000000000001011011
10000110100000000001000000001
10000111101000000000001011011
00100000010111000100110100000
00100000010101000000110100000
11010010000000101000000000001
00100000010101000000110100000
00100000010101000000110100100
10000110100000000000000000001
00100000010101000000110100000
10000110100000000000001000001
00100000010101000000110100000
10001110100000000010000000001
10000110100000000001000000001
00100000010101000000110100000
10000111101000000000001011011
10000110100000000001000000001
00100000010101000000110100000
00100000010101010100110100000
00100000010101000000110100000

//
segsites: 45
positions: 0.0043 0.0088 0.0169 0.0302 0.0705 0.0707 0.0740 0.0910 0.1800 0.2019 0.2152 0.2950 0.2975 0.3056 0.3057 0.3101 0.3157 0.3181 0.3222 0.3479 0.3499 0.3563 0.4524 0.4608 0.4645 0.4688 0.5104 0.5232 0.5531 0.5569 0.5723 0.6345 0.6570 0.6691 0.6875 0.7017 0.8110 0.8306 0.8932 0.9163 0.9272 0.9348 0.9352 0.9655 0.9860 
010100000001000000000101000110000000000100001
010101001001100000000101000100000110000100001
010100000001000000000101000100000000000110001
010101001001100000000101000100000110000100001
110100000001001000000111000100010000000100001
010100000011000000000101000100000000000110001
010101001001100000000101000100000100000100001
010100000001000000000101000110000000000100001
001000100000010110010000100000100000101000010
010100000001000000000101000110000000000100001
010100000001000000000101000110000000000100001
010101001001100000000101000100000100000100001
110100000001001000000111000100010000000100001
010110000011000000000101000100000000000110001
010100010101000000100101000100001000000100101
010100010101000000100101000100001000000100101
010100000001000000000101000100000000000110001
001000100000010110010000100000100001101000010
010101001001100000000101000100000100000100001
001000100000010011001000111001000000011001000

//
segsites: 19
positions: 0.0109 0.0519 0.3031 0.3532 0.3975 0.4219 0.4393 0.4478 0.4639 0.5473 0.5503 0.6076 0.6354 0.6481 0.7009 0.7048 0.9028 0.9081 0.9518 
0010110000000010000
0000110000000010000
0000110000000010000
0000110000000010000
0000110000000010000
1000111000000100100
0001110000000010000
0010110000000010000
0100110000000010000
1000111000100000000
0000000100000001010
0000000001000000000
0010110000011010000
0000000001000000000
0010110000000010000
0000000011000000001
0001110000000010000
0000110000000010000
0000110000000010000
0010110000010010000

//
segsites: 43
positions: 0.0101 0.0495 0.0506 0.0906 0.1060 0.1188 0.1198 0.1553 0.1984 0.2260 0.2434 0.2789 0.3250 0.3811 0.3860 0.4084 0.4308 0.4327 0.4684 0.5350 0.5822 0.5837 0.6197 0.6615 0.6737 0.6745 0.6853 0.7558 0.7592 0.7675 0.7878 0.8045 0.8173 0.8647 0.8650 0.8796 0.9026 0.9076 0.9218 0.9465 0.9479 0.9673 0.9995 
0000001011010000111000010000110000000000000
0000100000000100000010000010000011000100001
0000100000000100000010000010000011000100001
0000100000000100000010000010000011010100001
0100100000000100000010000010000011000000001
0000001011010000111000010000110000100000000
0000001011010000111000010000110000000000000
0010001011010001010100000001110000000000000
0000001011010000111000011000110000000000010
0000001011011000111000010000110000001000000
0000001011010000111000010000110000000000000
0000100000000100000010000010000011000100001
0000001011010000111000010000110000001000000
0000001011010000111000110000110000000000000
1000011100100010000001000100100000000010000
0000001011010000111000010000110000001000000
0000100000000100000010000010001011000000001
0000100000000100000010000010000011000100001
0001001000000000000000000000100100000001100
0000001011010000111000010000110000000000000

//
segsites: 33
positions: 0.0463 0.0473 0.0473 0.0719 0.1039 0.1189 0.1370 0.1649 0.1878 0.2324 0.2641 0.3069 0.3112 0.3319 0.3778 0.3976 0.4254 0.4436 0.4578 0.5239 0.5859 0.6323 0.6832 0.7779 0.7788 0.8575 0.8801 0.8887 0.8916 0.9279 0.9379 0.9451 0.9542 
000000111001100001000000010011000
101000000110000100000010000000000
000000000001010010010100000001000
000000111001100001000000010001100
000011000001010010000000000101001
101000000110000100000010000000000
000010000001010010000000000101000
010000000001010010100000000001000
000000000001010010010100000001000
000100000001010010000000000001000
101000000110000100000001000000000
000000111001100001001000010001000
101000000110001100000010000000010
010000000001010010100000000001000
101000000110001100000010000000010
000000111001100001001000010001000
000000000001010010000000000001000
000100000001010010000000000001000
000100000001010010000000000001000
000010000001010010000000101101000

//
segsites: 12
positions: 0.0434 0.0516 0.1914 0.2587 0.3040 0.3897 0.3983 0.5011 0.5683 0.5930 0.7825 0.9170 
100000100000
000100000001
100000000010
100000000000
100000000000
010000000000
001000001000
001000011000
100000000000
010011000000
100000000000
100000000000
001000001000
100000000000
000100000001
010011000100
100000000000
001000000000
100000000000
100000000000

//
segsites: 65
positions: 0.0153 0.0259 0.0346 0.0676 0.0711 0.0755 0.0924 0.1184 0.1205 0.1450 0.1636 0.1901 0.2105 0.2211 0.2615 0.2906 0.2991 0.3091 0.3598 0.3679 0.4025 0.4263 0.4286 0.4521 0.4525 0.4557 0.4700 0.4726 0.4779 0.5003 0.5055 0.5066 0.5140 0.5369 0.5483 0.6055 0.6072 0.6091 0.6128 0.6184 0.6290 0.6369 0.6453 0.7187 0.7589 0.7699 0.7725 0.7790 0.7829 0.8386 0.8393 0.8396 0.8453 0.8513 0.8555 0.8622 0.8625 0.8637 0.8741 0.9059 0.9226 0.9298 0.9834 0.9889 1.0000 
00001001101100111100000110000100111100100001001100010000101000001
00011001101000111100000110000100111100100001001100010000101000001
10100010000000000011101000000000000000010000100010000010010000100
10100010000000000011101000000000000000010000100010000010010000100
00001001101000111100000110000100111100100001001100010000101000001
01100000010001000010110001011011000011000110000001000011010011010
00001101101000111100000110000100111100000001001000011000101000001
00001001101100111100000110000100111100100001001100010000101000001
10100010000000000011101000000000000000010000100010000010010000100
00100000000000000010100001001010000011000110000001000011010010000
00001001101100111100000110000100111100100001011100010000101000001
00001001101000111100000110000100111100000001001000011000101000001
10100010000000000011101000000000000000010000100010000010010000100
00100000000010000010100001001010000011000110000001100011010010000
00001001101100111100000110000100111100100001001100010100101000001
00001001101100111100000110000100111100100001001100010000101000001
10100010000000000011101000000000000000010000100010000010010100100
01100000000001000010110001011011000011000110000001000011010010010
01100000000001000010110001111011000011001110000001000011010010010
00001001101100111100000110000100111100100001001100010000101000001

//
segsites: 24
positions: 0.1236 0.1443 0.2191 0.2230 0.2408 0.3129 0.3646 0.3751 0.3972 0.4441 0.4756 0.5124 0.5233 0.5458 0.6793 0.6983 0.7168 0.7561 0.8045 0.8510 0.8693 0.9740 0.9783 0.9890 
000000000011000000000000
000000000011000000000000
000010100000011001100000
000101000000000000000000
000000000000000010000001
000000000000000000000000
000000000000000010000001
000000010100000000000010
000000000011000000000000
100000000000000000000001
000000010100000100000010
000000000000000000001000
000000001011000000000000
011000010100000000000110
000010100000011001100000
000000000000100000010000
000000010100000100000010
000000000000000000000000
000000000000000000001000
000000000000100000000000

//
segsites: 37
positions: 0.0076 0.1125 0.1467 0.1771 0.1810 0.1858 0.2986 0.3180 0.3189 0.3614 0.3669 0.3903 0.3979 0.4265 0.4361 0.4403 0.4471 0.5063 0.5188 0.5379 0.5592 0.5773 0.5825 0.6190 0.6541 0.6813 0.7229 0.7747 0.7865 0.8113 0.8146 0.8194 0.8397 0.8686 0.8771 0.9086 0.9538 
1000000000000110001010000101100000000
1000000000000110001010000101100000000
0100000010001100000000000000000000010
0000000010001100000000000000000000010
1001000000000100001010000100000000000
1001000001000100001010000100000000000
1001000000000100001010000100001000000
1011000100000100001010100100000000000
0000010010001100000000000000000001010
0000000010001100000000000000000000010
0000000010001100000000000000000000010
0000100000110001110101011010010110101
1001000000000100001010000100001000000
1001000000000100001010000100001000000
1001000000000100001010000100000000000
1001000000000100001010000100000000000
0000010010001100000000000000000001010
1001000000000100001010000100000000000
0000010010001100000000000000000001010
0000011010001100000000000000000001010

//
segsites: 40
positions: 0.0418 0.1077 0.1336 0.1737 0.1863 0.1929 0.1944 0.2117 0.2372 0.2494 0.2527 0.2836 0.2910 0.3049 0.3100 0.3140 0.3224 0.3751 0.4033 0.4331 0.4451 0.4765 0.5333 0.5665 0.5810 0.5864 0.6639 0.6963 0.7210 0.7211 0.7441 0.7530 0.7841 0.8294 0.8629 0.8766 0.8825 0.8850 0.9414 0.9718 
0000011000010000100000000000010010000000
0000011000110000100000000001010000010000
0000011000110000100000100000010000000000
1000000010000010010001000100000000100000
0000011000010000100000000000010000000000
1001100011000010010000000000000000000001
0000011000110000100000000000010000010000
0000011000110000100000000000010000010000
0100000010001110001010010000000000000100
0000011000010000100000000000010100000000
1000000010000010010001000000000000100000
0000011000110000100000000000010001010000
0010000010000010000100001010000000000010
0000011000110000100000000001010000010000
0000011000010000100000000000010100000000
0000011000010000100000000000110000001000
0000011000010000100000000000011000000000
0000011000110001100000100000010000000000
0000000110000010000100001010000000000010
0000011000010000100000000000010000000000

//
segsites: 18
positions: 0.0005 0.0170 0.0439 0.2225 0.3320 0.3681 0.4143 0.4649 0.6361 0.6408 0.6612 0.7488 0.8017 0.8236 0.8618 0.8686 0.9091 0.9103 
000011000000110000
000011000000110000
000011000000110000
100011010000110000
010000100011000100
010000100011000101
000011001000110000
010000100011001100
000011000000110000
000011000000110000
000011000000110000
010000100111001100
000011000000110000
001011000000110000
000011000000110000
000011000000110000
010100100011000100
010000100011000100
000011000000110010
000011000000110000

//
segsites: 18
positions: 0.0133 0.1561 0.1987 0.2048 0.2133 0.2752 0.3878 0.4594 0.4611 0.4829 0.5808 0.6098 0.6703 0.6720 0.9267 0.9351 0.9383 0.9725 
100010000011000001
011100101100101000
011100101100101000
000010000011010001
000001000000000010
000000000011000001
000010000011000001
011100011100101000
000000000011000001
000001000000000000
011100001100101000
000000000011000001
000001000000000000
011100001100101000
011100101100101000
000001000000000000
000010000011000001
011100101100101000
000000000011000001
000001000000000100

//
segsites: 23
positions: 0.0796 0.1163 0.1311 0.1697 0.2165 0.2430 0.3100 0.3197 0.3354 0.3475 0.5757 0.5963 0.6005 0.6010 0.6200 0.6662 0.6962 0.7143 0.7659 0.7878 0.8762 0.9103 0.9493 
00000000011000000000010
00001010000010010000100
00100000000010010000100
00000000000010010001100
00000000011000000000010
00000000011000000000010
00100000000010010000100
11010000000010010010100
00000000011001000000010
00001000000010010000100
00000000011000000000010
00000000111000101100010
00000101011000000000011
11010000000010010010100
00100000000010010000100
00000101011000000000011
10010000000010010010100
00000101011000000000011
00000000011000000000010
00000000011100000000011

//
segsites: 32
positions: 0.0076 0.0426 0.0442 0.0608 0.0793 0.1361 0.1368 0.1392 0.1774 0.2046 0.2183 0.2215 0.2398 0.2669 0.2746 0.3059 0.3505 0.3635 0.4173 0.4205 0.4280 0.5994 0.7020 0.7175 0.7534 0.7617 0.7786 0.7792 0.7927 0.8988 0.9234 0.9530 
00010110000101100100101000000110
00010110000101100100111000000110
01000000101000001001000110110001
01000000100000001001000110110001
01000001100000011001000100111001
01000000100000001001000100110001
01100000110000001001000100110001
01000000100000001011000100110001
01000000110000001001000101110001
01000000101000001001000110110001
01000000100000001001000100110001
01000000100000001001000100110001
00011110000101100100101000000110
01000000100000001001000100110001
01000000110000001001000100110001
11000000100000001001000100110001
01000000100010001001000100110001
01000000100000001001000100110001
01000000100000011001000100111001
01000000100010001001000100110001

//
segsites: 30
positions: 0.0100 0.0518 0.0707 0.0824 0.1403 0.1995 0.3484 0.3484 0.4590 0.4600 0.4616 0.4985 0.5346 0.5520 0.6019 0.6112 0.6708 0.6863 0.6987 0.7180 0.7527 0.7733 0.7758 0.8513 0.8712 0.8763 0.9131 0.9160 0.9436 0.9530 
001010000110000000000110011000
001000000010000000000011010010
001000000010000000000011010010
001000100011000110000010010000
001000100011000110000010010000
011000100010000110000010010000
001000100010000110000010010000
001000100010000111100010010000
000001011000111000000000100000
001000100010000111100010010000
000001011000111000000000100000
001000100010000110000010010000
001000100010000110000010010000
000001011000111000000000100000
001000100010000110001010010000
001000000010000000000011010010
101000000010000000010010010101
001000100010000111100010010000
000001011000111000000000100000
001100000010000000000011010010

//
segsites: 16
positions: 0.0143 0.1643 0.2130 0.2199 0.2562 0.3689 0.4285 0.4366 0.5403 0.6147 0.6629 0.6653 0.7477 0.8136 0.8521 0.9879 
0000010100000000
0001100000001010
0000010110000000
0000011101000001
0100000100000000
0000011101000001
0000100000100010
0000011101000001
0000100000100010
0000010100000000
0000010100000000
0000000000000110
0100000100000000
0000100000100010
0000010100010000
0000100000100010
0001100000001010
0000100000100010
1010010100000000
0000010100010000

//
segsites: 20
positions: 0.1424 0.1456 0.1547 0.1844 0.2099 0.2619 0.3389 0.3659 0.3871 0.3985 0.4259 0.6014 0.6432 0.6495 0.6974 0.7601 0.8067 0.8199 0.9245 0.9908 
01000001001100100000
00010010000000001110
00000001001100100000
00000001001100100000
00010100000000001000
00000000001110100000
10100000001111100001
00010000000000001000
01000001001100100000
00001000001110100000
00000001001100110000
00000000011110100000
00010100000000001000
00001000101110100000
00010000000000001000
00000001001100100000
00000001001100110000
00000000011110100000
00010100000000001000
00010100000000001000

//
segsites: 43
positions: 0.0439 0.0852 0.1332 0.1405 0.1448 0.1558 0.1680 0.1899 0.1919 0.2686 0.3305 0.3344 0.3344 0.3403 0.3624 0.4200 0.4302 0.4461 0.4544 0.4694 0.4707 0.4749 0.4774 0.5175 0.5295 0.5537 0.5581 0.6014 0.6337 0.7730 0.7949 0.8115 0.8510 0.8633 0.8712 0.8785 0.8796 0.8979 0.9028 0.9134 0.9652 0.9873 0.9939 
1010110000110010010011101000001010011011010
0000110100010010010011001000001110011011000
0001001001001101000100010111100001000000000
0000110000010010111011001000011010011011100
0000110100010010010011001000001110011011000
0000110110010010010011001000001110011011000
1000110000110010010011101000001010011011010
0000110100010010010011001000001110011011000
0000110100010010010011001000001110011011000
1000110000110010010011101000001010011011010
1000110000110010010011101000001010011011010
0001001001001001000100010111100001000000000
0100110100010010010011001000001110011011000
0000110100010010010011001000001110011011001
0000110100010010010011001000001110011011000
0000110100010010010011001000001110111111000
0001001001001001000100010111100001000000000
0000110110010010010011001000001110011011000
1000110000110010010011101000001010011011010
0001001001001001000100010111100001000000000

//
segsites: 31
positions: 0.0385 0.0737 0.0995 0.1210 0.1480 0.1921 0.1991 0.2205 0.2461 0.2752 0.3098 0.3115 0.3455 0.4285 0.4308 0.4471 0.5006 0.5305 0.5351 0.5703 0.5713 0.6057 0.6105 0.6331 0.6744 0.7713 0.8187 0.8900 0.9057 0.9291 0.9882 
1000000000010100000000100000000
0000100001001000000000011001010
1000000000010100000000100000001
0000011100010000100000000000000
0101000000010010000011000000000
0000100001001000000000011001110
0000100001001000000000011001010
0000100011001000000000011001010
0010100000001000000000000010000
0010100000001000000000000010000
0010100000001000000000000010000
0000100001001000000000011001010
0000000000010100010000000000000
1000000000010100000000100000000
0010100000001001000000000010000
0010100000001000000000000010000
0000000000010000001000000000000
0000100001101000000100000101000
0000100001001000000000011001010
0000100001101000000100000101000

//
segsites: 27
positions: 0.0036 0.0422 0.0532 0.0636 0.1124 0.1734 0.2285 0.2788 0.3026 0.3187 0.3448 0.3539 0.3974 0.4759 0.6413 0.6603 0.6806 0.7002 0.7578 0.7651 0.7693 0.7741 0.8104 0.8329 0.8912 0.9275 0.9278 
100100011100100001100000000
100000011100100001100000000
000000000000000100001000001
010000000001001000100001000
100100011100100001100000000
000000000000000100001000011
000001000000000010001010001
010000000001000000100101000
010000000001000000100101000
010000000001000000100001000
000000000000000100001000001
001001100000000010001000101
000000000000010100001000011
010000000001000000100001000
010000000001000000100001000
010010000001000000100001000
010000000001000000100001000
000000000010000100011000001
010000000001000000100001000
010000000001000000100001000

//
segsites: 25
positions: 0.0243 0.0325 0.0774 0.0897 0.1250 0.1758 0.1763 0.1986 0.2119 0.3464 0.3843 0.4241 0.4824 0.6304 0.6337 0.6385 0.6458 0.6553 0.7301 0.7308 0.7713 0.8222 0.9245 0.9281 0.9814 
0001000000001100000000000
0100100000010000100000110
0000100000010000100000110
0001001000000100000000000
0100100000010000100000110
0001000000001100000000000
0000000000100100000000000
0001000000001100000000000
0000100000010000100000110
0100100000010000100000110
0000100000010000100000110
0000000001100100000000001
0000100000010000100000110
0100100000010000100000110
0000100000000001011110100
0001000000000100000000000
0010100000000000001001100
0000100000000010001100100
1000000100100100000000000
0000110010010000100000110

//
segsites: 65
positions: 0.0538 0.0641 0.0843 0.0929 0.0991 0.1092 0.1310 0.1426 0.1665 0.1823 0.2781 0.2815 0.2894 0.2971 0.3099 0.3101 0.3294 0.3482 0.3680 0.3702 0.3731 0.3905 0.3924 0.3994 0.4007 0.4175 0.4235 0.4883 0.5051 0.5223 0.5335 0.5346 0.5379 0.5424 0.5630 0.5828 0.5849 0.5866 0.5889 0.5897 0.5916 0.5923 0.5954 0.6084 0.6110 0.6131 0.6170 0.6689 0.7030 0.7031 0.7174 0.7323 0.7440 0.7804 0.7861 0.7946 0.8123 0.8270 0.8329 0.8516 0.8681 0.8794 0.9215 0.9730 0.9872 
01110001000000010000010100011100000100000000100100010010001101010
10110000000000010001010100011100000100000000100100010000011001011
01110000000000010000010110011100010100000001101110010000001001010
01110000000000010000110101011100000100000000100100010000001001010
10110000000000010000011100011100001101000000100100010000001001010
10110000000000010000010100111100000100000000100100010000001001010
10110000000000010000010100111100000100000000100100010000001001010
00001110100111101110000000000011000010101110010001101101100010100
10110000000000010000010100111100000100000000100100010000001001010
01110000000000010000010110011100000100000001101110010000001001010
10110000001000010000010100011100100101000000100100010000001001010
10110000000000010000010100011100000100000000100100010000011001010
10110000000000010000010100011100000100000000100100010000011001010
10110000001000010000010100011100000101010000100100010000001001010
01110000000000010000110101011100000100000000100100010000001001010
10110000000000010000010100111100000100000000100100010000001001010
10110000000000010000010100111100000100000000100100010000001001010
10110000000000010000010100111100000100000000100100010000001001010
10110000010000010000010100011100000100000000100100010000001001010
10110000001000010000010100011100000101010000100100010000001001010

//
segsites: 26
positions: 0.0021 0.0086 0.0324 0.0804 0.1782 0.2262 0.2765 0.3336 0.3559 0.4617 0.4662 0.4835 0.6919 0.7318 0.7414 0.7709 0.7782 0.7804 0.8003 0.8085 0.8298 0.8387 0.8471 0.9197 0.9575 0.9583 
00111000100100100000010101
00101010000000110000010001
10000101010001000000001000
00000000000010001010100010
00000000000010001000000010
00101000000000100000010001
00000000001000000100000000
10000101010001000000001000
00101000000000100000010001
10000101010001000000001000
00000000000010001000000010
10000101010001000000001000
00101010000000110000010001
01101010000000100000010001
00000000001000000100000000
00000000001000000101000000
10000101010001000000001000
10000101010001000000001000
00101000000000100000010001
00000000001000000100000000

//
segsites: 31
positions: 0.0086 0.0161 0.0254 0.0455 0.0854 0.1007 0.1197 0.1467 0.1639 0.2254 0.2361 0.2831 0.3735 0.3921 0.4008 0.4066 0.4483 0.5722 0.5965 0.6148 0.6725 0.7329 0.7563 0.8098 0.8180 0.8507 0.9003 0.9777 0.9816 0.9897 0.9993 
0001001000000000000000000001001
0001000000000101000000000000001
0001000000000101000000000000001
0001000011110000000000010000011
1001000100000010010000100000101
0001000000000101000000000000001
0001000000000101000000000010001
0100110000001000101110000000000
0001000000000101000000000000001
0001000000000101000000000000001
0001000010110000000000010000011
0001000010110000000000010000011
0001000000000101000000000000001
0100110000001000101110000000000
0100100000001000001111001000000
0001000010100000000000010000001
0001000000000101000000000000001
0001000000000101000000000000001
0011000100000010010000100100101
0001000000000101000000000000001

//
segsites: 16
positions: 0.0456 0.0626 0.1187 0.1515 0.1639 0.1686 0.2422 0.2922 0.3443 0.4659 0.7436 0.7440 0.7841 0.8717 0.9400 0.9915 
0000000100001000
0000000000110100
0000100100000000
0000001000110100
0000100100000000
0000000100001000
0000001000110100
0000000010000000
1000000100000000
0100000100001000
0000000000110100
0011010001000011
0000000100001000
0000000100000000
0000000000110100
0000000000000000
0000000000110100
0000000000110100
0000001000110100
0000000000000000

//
segsites: 54
positions: 0.0148 0.0180 0.0436 0.0933 0.0992 0.1488 0.1525 0.1946 0.2155 0.2219 0.2716 0.2869 0.3037 0.3121 0.3148 0.3578 0.3642 0.3686 0.3827 0.4166 0.4331 0.4581 0.4702 0.5093 0.5121 0.5543 0.5754 0.5987 0.6040 0.6046 0.6110 0.6357 0.6383 0.6495 0.6652 0.6766 0.6960 0.7142 0.7169 0.7294 0.7576 0.7765 0.7953 0.8069 0.8357 0.8554 0.8638 0.8673 0.8784 0.9126 0.9345 0.9541 0.9730 0.9962 
000001000000011000011000000001100010101000000010011011
000110110111100000100111111110000001000000000101000100
000010101101100110000010111010000101000001001100100000
010000000000010000001000000000101000101100100000011010
010000000000010000001000000000101000101100100000011010
010000000000010000001000000000101000101100100000011010
000010100101100000000111111010000001000010000100000000
010000000000010000001000000000101000101100100000011010
000010101101100110000010111010010101000001001100100000
000010101101100110000010111010000101000001001100100000
000001000000011000001000000001100010101000000010011011
000001000000011000001000000001100010101000000010011010
000010101101100110000010111010000101000001001100100000
001001000000011000001000000001100010101000000010011011
010000000000010000001000000000101000101100100000011010
000001000000011000001000000001100010101000000010011011
000001000000011000001000000001100010101000000010011011
100010100101100001000110111010000001000000000100000000
000001000000011000001000000001100010101000010010011011
000010101101100110000010111010000101010001001100100000

//
segsites: 27
positions: 0.0313 0.0625 0.1261 0.1849 0.2215 0.2804 0.2966 0.3016 0.3488 0.3946 0.3973 0.4693 0.4972 0.5569 0.6332 0.6612 0.6722 0.7042 0.7124 0.8027 0.8789 0.8879 0.8964 0.9043 0.9494 0.9641 0.9937 
000100110010100000010110001
000100100010101000010110001
000101100010100000010110001
000100100010101000010110001
111010001101010010001000000
000100110010100100010110111
000100100010100000110110001
000100100010100000010110001
000100100010101000010110001
000101100010100000010110001
000100110010100100010110101
000100110010100100010110111
000100100010100000010111001
000100100010101000010110001
111010001101010010001000000
000100100010101000010110001
000101100010100000010110001
111010001101010010001000000
000100110010100001010110001
000100110010100100010110101

//
segsites: 27
positions: 0.0089 0.0244 0.0736 0.0980 0.1493 0.1676 0.2433 0.3045 0.3081 0.3258 0.3566 0.4103 0.4471 0.5521 0.5951 0.6426 0.6573 0.6693 0.6723 0.6881 0.7104 0.7401 0.8321 0.8794 0.9042 0.9281 0.9938 
000000001000000001000100001
000000000101100000000010000
000000000101100100000010000
000000000101100000000010000
000000000101100000000010000
001011000010000000000100001
011010000010000000000100001
000010000010000000000100001
000000000101100100000010000
000100110001000000101010010
000010000010000000000100001
000000000101100000000010000
001011000010000000000100001
000000001000000000010100001
000000000101100100000010000
000000000001011000000011100
100000000000000010000100001
011010000010000000000100001
000000001000000000010100001
000000001000000000010100001

//
segsites: 22
positions: 0.0038 0.0064 0.0616 0.0731 0.0856 0.1055 0.2237 0.4174 0.4213 0.4283 0.5178 0.5647 0.5962 0.5987 0.6252 0.6256 0.6289 0.6677 0.8113 0.8408 0.8746 0.8959 
0100010000001011000011
0010001000000000000100
0010001000000000000100
0010001000100100000100
0010001000000000000100
0000010000001011000011
0010001000000000000100
0010001000000000000100
0010001000000000000100
0010001000000000000100
0011000000000000001100
1000010000001011000011
0010001000000000000100
0010001000100000010100
0000010100011001000010
0010001000100000000100
0000110000001011100011
0000010000001001000010
0000010000001011000011
0010001011000000000100

//
segsites: 54
positions: 0.0055 0.0279 0.0409 0.0421 0.0613 0.0860 0.0905 0.1083 0.1131 0.1326 0.1906 0.2083 0.2381 0.2646 0.2689 0.2781 0.2948 0.2978 0.3056 0.3718 0.3733 0.3971 0.4567 0.4628 0.4902 0.5152 0.5385 0.5430 0.5526 0.5821 0.6227 0.6327 0.6679 0.6891 0.6981 0.6995 0.7003 0.7037 0.7573 0.7590 0.7707 0.7917 0.7919 0.8070 0.8078 0.8083 0.8353 0.8494 0.8634 0.8829 0.9063 0.9419 0.9851 0.9865 
010100110001100101010100001011100100111101100100000001
101011000100010010101001000100000010000000011010101010
010100010001100101010100101011100100111101100100010000
101010001100010010101001000100000010000000011010101010
000100010011100101010110011011110101111101100101000100
101011000100010010101001000100000010000000011010101010
010100110001100101010100001011100100111101100100000001
010100010001101101010100001011100100111111100100000000
101011000100010010101001000100000010000000011010101010
000100010001100101010110001011100101111101100101000100
010100010001101101010100001011100100111101100100000000
010100110001100101010100001011101100111101100100000001
101010001100010010101001000100000010000000011010101010
010100010001101101010100001011100100111101100100000000
010100010001101101010100001011100100111101100100000000
000100010001100101010110001011100101111101100101000100
000100010001100101010110001011100101111101100101000100
010100110001100101010100001011101100111101100100000001
000100010001100101010110001011100101111101100101000100
010100010001101101010100001011100100111101100100000000

//
segsites: 30
positions: 0.0411 0.1384 0.2405 0.2424 0.2432 0.2663 0.2720 0.2799 0.3257 0.3396 0.3505 0.3873 0.4618 0.4673 0.5047 0.5326 0.5568 0.5596 0.6082 0.6190 0.6246 0.6613 0.7157 0.7362 0.7469 0.8286 0.9153 0.9444 0.9471 0.9816 
000100000001100000101000100000
000101000001100000100000000000
000100000001100000100010000000
000100000001100000100010000000
010000000000000001000000010011
000101000001100000100000000000
010000000000000001000000010011
010000000000000001000000010011
010000000000000001000000010011
010010000000000101000101010010
000100000101100000100010000000
000100000001101000100010000000
100000010010010000000000001000
100000000010010000000000001000
010010000000000101000101010010
001000100000000001010000000110
000100001001100000100000000000
100000000010010010000000001000
010000000000000001000000010011
001000100000000001010000000110

//
segsites: 31
positions: 0.0485 0.0834 0.1103 0.1551 0.1951 0.2145 0.2164 0.2173 0.2536 0.2540 0.2942 0.2966 0.3313 0.3442 0.3848 0.4093 0.4202 0.4246 0.4393 0.4464 0.4741 0.5304 0.5474 0.5879 0.6709 0.7484 0.7806 0.8167 0.8463 0.9254 0.9614 
0000100000000000000000000000010
0010100000000000000000000000010
0001010110000001001000011101000
1000010000010001010000111110000
0001010010000001001010011101000
0100001000101000000001000000001
0000100000000000000100000000000
0000100000000000000000000000000
0100001000001000000001000000001
0100001000001000000001000000001
0000000000001110000001000000001
0000100000000000000000000000010
0000100000000000000000000000100
0100001000001000100001000000001
0000100000000000000000000000100
0000000000001000000001000000001
0000010000010001010000111110000
0000100001000000000000000000010
0100001000001000100001000000001
0000000000001000000001000000001

//
segsites: 24
positions: 0.0045 0.1160 0.1397 0.1737 0.1956 0.2177 0.2845 0.3285 0.3290 0.3590 0.4011 0.4531 0.4599 0.4639 0.5277 0.5564 0.6312 0.8036 0.8683 0.8980 0.9001 0.9303 0.9436 0.9652 
001000000100001000000010
000010111000001000010000
000000101000001000010000
000001000000000100000100
000000101000001010010001
000001000000000100000100
000000101000001010010001
100001000010100100000000
100001000010100100000000
000000101000001010010000
000001000000000100000100
000100000100001000100010
010000000000001001001000
000001000000000100000100
010000000001001001001000
000010101000001000010000
000100000100001000000010
001000000100001000000010
000000101000001000010000
010000000000011001001000

//
segsites: 24
positions: 0.0979 0.1117 0.1343 0.1571 0.2821 0.3151 0.3410 0.3572 0.4030 0.4456 0.4804 0.4949 0.5425 0.5590 0.5795 0.6839 0.8335 0.8445 0.9173 0.9205 0.9301 0.9403 0.9557 0.9703 
100010000010001000001010
010000001100000111100101
010000010000010111100101
100010000010001000001010
010000000000010111100101
010000000000110111100101
010000000000010111100101
010000100000000111110101
101010000010001000001010
010000000000010111100101
010000000000110111100101
010000000001000111100101
100010000010001000001010
100010000010001000001010
010000001100000111100101
010000000000010111100101
100110000010001000001010
100110000010001000001010
010001010000010111100101
100010000010001000001010

//
segsites: 45
positions: 0.0085 0.0711 0.1019 0.1056 0.1141 0.1152 0.1213 0.1585 0.1667 0.1861 0.2100 0.3058 0.3658 0.4317 0.4343 0.4416 0.4678 0.4746 0.4818 0.4881 0.5012 0.5045 0.5240 0.5279 0.5401 0.5483 0.5502 0.6292 0.6330 0.6753 0.7115 0.7693 0.7774 0.7984 0.8195 0.8197 0.8208 0.8282 0.8492 0.8657 0.8986 0.9269 0.9306 0.9564 0.9580 
100100100110000000000000000010001000000000010
010001000001000001100000000001010001001010000
100000100110000000000000110010001010000000010
101000111110011000010010000000000000000000000
100000100110000100000000000110001000000001010
100000100110000100000000001010001000000000010
100100100110000000000000000010001000000000010
010001000001000001100000000001010001001010000
100000100110000100000000000010001000000001010
010001000001000001000000000001010001001010000
100000100110100000000000000010001000000100110
010001000001000001100000000001010001001010000
100000100110000000000000000010101000000000010
100000100110000000000000000010001000010000010
101000110110011000010010000000000000000000000
100000100110000000000000000010001000100000011
010001000000000010001101000000000000000010000
100010100110000100000000000010001000000001010
100000100110000100000000000010001000000001010
100000100110000100000000000010001100000001010

//
segsites: 24
positions: 0.0002 0.0864 0.1067 0.1746 0.3597 0.4087 0.4200 0.4431 0.4469 0.4659 0.4748 0.5021 0.5213 0.5268 0.5460 0.5539 0.6897 0.6985 0.7896 0.8523 0.8561 0.8882 0.9438 0.9614 
001000000000000000001011
001000000000101000000000
001000000000100000000000
110011000011000000110000
010111000011000001110100
001000000000000000001011
110011000111000010110000
110011000011000000110000
010111000011000001110100
010111000011000001110100
001000000000000000001011
001000000000000000001011
001000000000000000001011
001000010000110100000000
001000100000000000001011
001000001000000000001011
001000000000000000001011
001000000000000000001011
001000000000100000000000
001000000000000000001011

//
segsites: 15
positions: 0.0454 0.0468 0.2223 0.3951 0.4465 0.5118 0.5843 0.6156 0.6191 0.7522 0.7599 0.7804 0.8027 0.8795 0.9578 
000000010001000
100000011101001
000000010001000
000000010011000
000000010001000
100000011101001
000000010001000
100000011101101
000000010001000
000000010001000
001011100000000
000000010001000
100000011101101
000000010001000
000100010001000
000000010001000
000000010001000
000000010001000
010000010001010
000000010001000

//
segsites: 55
positions: 0.0217 0.0230 0.0447 0.0660 0.0931 0.1195 0.1425 0.1463 0.1485 0.1801 0.2026 0.2484 0.2951 0.3405 0.3463 0.3490 0.3540 0.3660 0.3873 0.3998 0.4111 0.4641 0.4817 0.5211 0.5338 0.5364 0.5367 0.5422 0.5475 0.5494 0.5638 0.5641 0.5688 0.5792 0.6202 0.6306 0.6467 0.7257 0.7297 0.7615 0.7659 0.7763 0.7880 0.7902 0.8016 0.8074 0.8080 0.8173 0.8309 0.8397 0.8465 0.8471 0.8524 0.9586 0.9731 
0011010000100000010000000001000000100001000000000000100
0100100000011000100011110100001110000100010100011100010
0011010000100000010000000011000000100001000000000000100
0000001001010000100000111100001010001010011101111001010
0000000010010011101100110100111010000000110100011010010
0000000110010000101000110100001010000000110100011010010
0000001001010000100000111100001011010010011111111001011
0011010000100000010000000011000000100001000000000000100
0000001001010000100000111100001011000010011111111001011
0000000110010000101000110100001010000000110100011010010
0000000110010000101000110100001010000000110100011010010
1000000000010000100000110100001010000100010100011100010
1000000000010000100000110100001010000100010100011100010
0000000110010000101000110100001010000000110100011010010
0000001001010000100000111100001011000010011111111001011
1000000000010000100000110100001010000100010100011100010
0100100000011000100011110100001110000100010100011100010
1000000000010000100000110100001010000100010100011100010
0000001001010100100000111100001011000010011111111001011
0000001001010000100000111100001011000010011111111001011

//
segsites: 20
positions: 0.0321 0.0432 0.0646 0.2358 0.2794 0.3438 0.3594 0.3941 0.6083 0.6307 0.6509 0.6655 0.6771 0.7258 0.7459 0.7940 0.8285 0.8884 0.9318 0.9835 
00000000000000000000
10000000010000000000
01000000000000001101
00000000000000100000
00000000000001010000
10000000000000000000
00000000100001000000
00000000001000000000
00000000000001010000
00000000100001000000
00010000000000000010
00100110000010000000
00000000000100000000
00000000100001000000
10000000000000000000
10001001000000000000
00000000000100000000
00000000000000000000
00000000000001010000
10000001000000000000

//
segsites: 59
positions: 0.0264 0.0939 0.1026 0.1108 0.1537 0.1673 0.1734 0.1837 0.1907 0.1995 0.2140 0.2381 0.2447 0.2502 0.2933 0.2999 0.3077 0.3353 0.3550 0.3554 0.3560 0.3618 0.3663 0.3926 0.3926 0.4077 0.4646 0.4793 0.4807 0.5035 0.5160 0.5232 0.5506 0.5716 0.5745 0.5806 0.6183 0.6202 0.6237 0.6517 0.6920 0.7216 0.7278 0.7659 0.7785 0.7921 0.7984 0.7992 0.8000 0.8081 0.8332 0.8425 0.8492 0.8675 0.8784 0.9037 0.9099 0.9500 0.9851 
11010000000110110100001101000000010000100001001100010000110
11010101000100110100011101000000010000100001011100000000110
11010001000100110100011101000000010000100001001100000100110
00001010111001001010000010110110001100011100000011101011001
11010000000100010101001101000001010010100001101100000000110
11110000000100110100001101000000010000100001001100000000110
11010001000100110100011101000000010000100001001100000100110
11010001000100110100111101000000010000100001001100000000110
00001010111001001010000010111110001100011100000011101010001
11010001000100110100011101000000010000100001001100000000110
11010001000100110100011101000000010001100011001100000000110
11010001000100110100011101000000010000100001001100000000110
11010001000100110100111101000000010000100001001100000000110
11010000000100010101001101000001010010100001101100000000110
11010001000100110100011101000000010000100001011100000000110
11010000000100010101001101000001010010100001101100000000110
11010001000100110100011101000000110000100001001100000000110
11010001000100110100011101000000010000100001001100000000110
11010000000100010101001101000001010010100001101100000000110
11010001000100110100011101000000010000100001001100000000110

//
segsites: 37
positions: 0.0211 0.0228 0.0288 0.0970 0.1803 0.1872 0.2015 0.2025 0.2111 0.2313 0.2409 0.2603 0.3011 0.3534 0.3552 0.3640 0.3876 0.4562 0.4682 0.4891 0.4999 0.5110 0.5774 0.6036 0.6259 0.6470 0.6593 0.6737 0.6858 0.6902 0.7053 0.7264 0.7417 0.8077 0.8295 0.8989 0.9024 
1101011100100101000100101000000000000
1100011101011001000100001001001100100
1100011101011001000100001001001100100
1100011110100101000100001000000000000
1100011100000001000111011000000000000
1100011100100101000100101000000000000
1100011100000001000111011000000000000
1100011101010001000100001001001100000
1100011110100101000100001000000000000
1100011100100101010100001000000000000
1100011100000001000111011000000000000
1100011100100101000100101000000000000
1100011101010001000100001001001100000
1100111101010001000100001001001100000
0010000000000010101000000100110011011
1100011100100101000100001010000000000
1100011100100101000100101000000000000
0010000000000010101000000100110011011
1100011101010001000100001001001100000
1100011100000001000111011000000000000

//
segsites: 34
positions: 0.0050 0.0438 0.0506 0.0663 0.0715 0.1112 0.1276 0.1407 0.1616 0.1698 0.1833 0.2261 0.2759 0.3736 0.3941 0.3999 0.4039 0.4133 0.4679 0.4870 0.5149 0.5336 0.5566 0.5615 0.5789 0.6415 0.6713 0.6998 0.7135 0.8049 0.8113 0.8184 0.8583 0.9234 
0001010110000010010111100110000001
0001010110000010010111100111000001
0000000001000100001000001000010110
0000000001110100001000001000000110
0001110110000010010111100110000001
0001010110000010010111100110000001
0000000001100100001000001000000110
0001010110000010010111100111000001
0001010110000010010111100111000001
0010001001000100001000001000000110
1000000001000100101000011000000110
0001010110000010010111100111000001
0001010110000010010111100111000001
0110001001000100001000001000100110
0001010110000010010111100110000001
0001110110000010010111100110000001
1000000001000100101000011000000110
1000000001000100101000011000000110
0010001001001100001000001000001110
0000000001100101001000001000000110

//
segsites: 38
positions: 0.0396 0.0594 0.1057 0.1086 0.1562 0.1820 0.2150 0.2445 0.2622 0.2629 0.2809 0.2825 0.3032 0.3659 0.3834 0.3938 0.4135 0.4385 0.4417 0.5082 0.5102 0.5753 0.5810 0.6098 0.6145 0.6518 0.6598 0.7276 0.7599 0.7701 0.8188 0.8287 0.8847 0.9025 0.9278 0.9797 0.9828 0.9980 
00100000010000000100000010000100000101
00010110001000000000001000011010010000
00100000010000000000000000000100000101
00010110001000000000001000011010010000
00100000000000001001000000100100000101
00100000000000000001000000100100000101
00100000000000000001000000100100000101
00100000000000000001000000100100000101
00010110001000000000001000011010010000
00100000000000000001000000100100000101
00100000000001100000000001000100000101
00100001000000000000000100000101100110
00010110001000000000001000011010010000
01001000100010010010110000000000000000
10010110001100000000001000011010010000
00010110001000000000001000011010011000
10010110001000000000001000011010010000
00010110001000000000001000011010010000
00100000000000100000000000000100000101
00100000010000000000000010000100000101

//
segsites: 14
positions: 0.0109 0.0121 0.0996 0.1014 0.1656 0.1834 0.2380 0.2995 0.4294 0.4453 0.5662 0.6286 0.7874 0.9870 
11010010000100
00100000001001
00100000101000
00100000011000
00100000001000
00100000001001
00100000001000
11010010000110
00101001001000
00100000001001
00100000001000
00100000001000
01010110000100
00100000001001
00100000001000
00100000001001
00100000001000
00100000101000
00100000001000
00100000001000

//
segsites: 15
positions: 0.0656 0.1170 0.1749 0.2064 0.3131 0.3292 0.3588 0.5295 0.6133 0.6864 0.7894 0.8227 0.8289 0.8525 0.9052 
011110000000100
011110000000100
000000000000100
001110000000100
000000000000110
000100000000100
000110100100100
000100000000100
000100000000100
000000000000100
000000000000110
000100000000100
000110100100100
000110100100100
100001011001001
001110000000100
001110000000100
000100000000100
000000000000100
000110000010100

//
segsites: 49
positions: 0.0227 0.0583 0.0763 0.0774 0.0873 0.1138 0.1160 0.1254 0.1406 0.1415 0.1606 0.1739 0.2047 0.2126 0.2405 0.2857 0.3198 0.3329 0.3437 0.3581 0.4050 0.4142 0.4252 0.4754 0.4985 0.5637 0.5806 0.5839 0.5995 0.6406 0.6605 0.6865 0.6958 0.7011 0.7181 0.7240 0.7254 0.7454 0.7636 0.7876 0.7897 0.7992 0.8040 0.8374 0.8467 0.8714 0.9170 0.9603 0.9937 
0001000101001001001101101001000000010000000100000
0001000101001100001101101001000000110000000100000
0010110000010000100000010110010001000101100000100
0001000101001001001101101001000000010000000100000
0110110000110010100000010110011001000101101001100
0001000101001000001101101001000000010000000100000
0001000101001000001101101001000000010000000100000
0001000101001000001101101001000000010000000100000
0010110000010000100000010110010001000101100000101
0010110000010000100000010110010001000101100000100
0110110000110000100010010110010101000101110000110
0110110000110010100000010110011001000101101001100
0010110000010000100000010110010001000101100000100
0010110000010000100000010110010001000101100000100
1000110000010000110000010110110011000110100000100
0110110010110000100000010110010001000101100010100
0110110000110000100010010110010101001101110000110
0001001101001100001101101001000000110000000100000
0110110010110000100000010110010001000101100010100
0110110000110000100010010110010101000101110000110

//
segsites: 39
positions: 0.0088 0.0186 0.0279 0.0383 0.0817 0.0945 0.1091 0.1852 0.1960 0.2000 0.2098 0.2168 0.2281 0.2336 0.2689 0.3166 0.3167 0.3213 0.3408 0.3624 0.3796 0.4401 0.4775 0.4967 0.5358 0.5669 0.6439 0.6613 0.6933 0.7127 0.7468 0.7590 0.8191 0.8549 0.8665 0.8918 0.9136 0.9398 0.9471 
000000000000000000010111100000000000010
000000110010000100000111100001001000010
000000000000000000010111100000000000010
001001001001100000100000011100010100100
000000000000000000010111100000000010010
000000000000001000010111100000000000011
000000000000000000010111100000000000010
100000000000001000010111100000000000010
000100000100001000010111100000000000010
001011001000100001000000011110000100100
001001001000100010000000011110000100100
010000010010010100001111100001100001010
000000000000000000010111100000000000010
001001001000100010000000011110000100100
000000000100001000010111100000000000010
000000000000000000010111100000000000010
000000000000000000010111100000000000010
001011001000100000000000011110000100100
010000010010010100001111100001100001010
000000110010000100000111100001001000010

//
segsites: 18
positions: 0.0799 0.1194 0.1724 0.1727 0.1932 0.2458 0.2651 0.3259 0.4507 0.4878 0.5288 0.5432 0.6849 0.7499 0.8382 0.8623 0.8782 0.9528 
010010000100001000
000001001000100100
100000001000110000
001001101000100100
010010000000001000
000001001000100100
100000001000110000
000001001000100100
001001101000100100
010010000000001010
001001101000100100
010010000000001000
100000001000100000
100000001000100000
000001001000100100
000001001011100100
000100011000100001
010010000000001000
000001001000100100
001001101000100100

//
segsites: 48
positions: 0.0242 0.0388 0.0530 0.0676 0.0702 0.0904 0.1092 0.1094 0.1448 0.1578 0.1916 0.2011 0.2066 0.2207 0.2271 0.2881 0.3445 0.3561 0.3610 0.4001 0.4106 0.4255 0.4776 0.4994 0.5184 0.5307 0.5952 0.6280 0.6632 0.6919 0.7010 0.7301 0.7332 0.7711 0.7966 0.8155 0.8390 0.8484 0.8522 0.8564 0.8706 0.9167 0.9279 0.9519 0.9529 0.9548 0.9651 0.9671 
000000000000001000110001000001000100001000000000
100100000000001000110001000001000000001000010000
000000000000001010110001000001000000001000000000
000001000000001000110001000001000000001000000000
000000000000001000110001010001000000001000000000
000000000000001000110001000001000100001000000000
000000000000001000110001000001000100001000000000
000000000000001010110001000001000000001000000000
001010101001110101000000001110100001100100001000
011010001001110100000000001110000001100101001000
001010001001110100000100001110010001100100001000
001010011001110100000000001110000001110100001010
000000000000001000110001010001000000001000000000
100100000000001000110001000001000000001000010000
001010001111110100000000101110000001100110001001
001010001111110100000000101110000001100110001001
000000000000001000110001000001000100001000000000
001010001001110100000100001110010001100100001000
001010001001110101001010001110001001100100101100
011010001001110100000000001110000011100100001000

//
segsites: 37
positions: 0.0038 0.0451 0.0536 0.1230 0.1849 0.1908 0.1940 0.2058 0.2130 0.2587 0.2674 0.2968 0.3013 0.3344 0.3961 0.4554 0.4675 0.4981 0.5180 0.6395 0.6841 0.7374 0.7531 0.7787 0.7861 0.7863 0.8153 0.8324 0.8334 0.8436 0.8653 0.8731 0.9199 0.9506 0.9508 0.9644 0.9902 
1101000000000110000011100000100000001
0010001101101001110000000000010000010
0010010001101001110100000011010000010
1001000000010000000011100000100000001
0010000001101001110000000100011000010
0010000001101001110000000100011000010
1001100000000000000011100000100000001
0010000001101001110000000100011000010
1001000000000000001001110000100110001
0010000001101001110000000100011000010
0010000001101001110000000100011000110
0010000001101001110000000000011000010
0010000011101001110000000000010001010
0010001101101001110000000000010000010
0010010001101001110100000010010000010
1001000000000000001001110000100110001
0010000001101001110000000100011000010
0010000011101001110000001000010001010
1001000000010000000011100000100000001
1001100000000000000011100000100000001

//
segsites: 74
positions: 0.0247 0.0483 0.0542 0.0711 0.0849 0.0946 0.1127 0.1334 0.1357 0.1372 0.1469 0.1469 0.1846 0.1946 0.2094 0.2412 0.2488 0.2695 0.2881 0.2977 0.3177 0.3212 0.3222 0.3295 0.3434 0.3522 0.3785 0.3796 0.3859 0.3898 0.3926 0.3986 0.4166 0.4365 0.4473 0.4867 0.4928 0.4955 0.5230 0.5264 0.5436 0.5730 0.5766 0.6202 0.6239 0.6353 0.6353 0.6681 0.6704 0.6755 0.6936 0.7097 0.7386 0.7425 0.7756 0.7793 0.7912 0.7981 0.8214 0.8220 0.8321 0.8363 0.8393 0.8417 0.8487 0.8693 0.8734 0.8747 0.9045 0.9171 0.9276 0.9287 0.9605 0.9976 
11100010000100111111010010100101100000100110101000100011000101110001000010
11100010000100111111010010100101100000100110101000100011000101110001000010
00011101111000000000001000001000001001001001010101010000000010001000111100
11100000000100111111000011100000110000100110101000100001100100110001000010
11100000000111111111000010100000100000110110101010100001000100110001000010
00001101111000000000101000001010001001001001010101010000011010001010111100
11100000000100111111000011100000100000100110101000100001100100110001000010
11100000000100111111000011100000110000100110101000101001100100110001000010
11100000000100111111000011100000100000100110101000100001100100110001000010
11100000000111111111000010100000100000110110101000100101000100110001000010
11100000000111111111000010100000100000110110101000100101000100110001000010
11100010000100111111010010100101100100100110101000100011000100110001000010
11100000000111111111000010100000100000110110101000100001000100110001000010
11100010000100111111010010100101100100100110101000100011000100110001000010
11100000000100111111000110100100100010100110101000100001000100110101000011
11100000000100111111000011110000100000100110101000100001100100110001000010
11100010000100111111010010100101100100100110101000100011000100110001000010
11100000000100111111000011100000100000100110101000100001100100110001000010
11100000000100111111000011100000100000100110101000100001100100110001000010
11100010000100111111010010100101100000100110101000100011000101110001000010

//
segsites: 26
positions: 0.0184 0.0674 0.1275 0.1422 0.1613 0.1718 0.1982 0.2213 0.2219 0.2377 0.2787 0.4099 0.4832 0.5056 0.5102 0.5594 0.5839 0.5958 0.6910 0.7458 0.7660 0.8001 0.9056 0.9086 0.9228 0.9941 
00000000000000000000010001
10000000000000000000100100
00000000000000000000010001
00000000001000000000010001
01000110100011001001000010
00000000000000100000010001
10000000010000000000101100
00001001000000000100000001
00000000000000000000010001
00000000000000100000010001
01110110100011000001000010
01110110100011000001000010
10000000000000000010100100
00000000000000000000010001
00000000000000100000010001
00000000000000100000010001
00000000000100010000010001
01000110100011000001000010
00000000000100000000010001
00000000001000000000010001

//
segsites: 33
positions: 0.0804 0.1009 0.1110 0.1174 0.1239 0.1419 0.1442 0.1613 0.1830 0.2564 0.2850 0.2872 0.2879 0.3003 0.3174 0.3338 0.3747 0.3775 0.3907 0.4116 0.4588 0.5138 0.6229 0.6682 0.6732 0.6962 0.7297 0.7500 0.7575 0.8060 0.8764 0.9242 0.9966 
000100000100000000000000001000011
000000110100000000000000000000010
000000000100000000000100000010010
001000000010000000010000100001100
000000000001001100000010010000000
010000000001001000000000010000000
100000010100000000000000000000010
100000010100100000000000000000010
000000000010000000010000100000000
000000010100000000000000000000010
000010001010000000010000100000100
000000000001001100000010010000000
000001000100010000100000001000010
000000010100000000001000000000010
000000010100000000000000000000010
000000000010000001010000100000100
000100000100000000000001001100011
000100000100000000000001001000011
000000000001001100000010010000000
000000010100000010000000000000010

//
segsites: 33
positions: 0.0006 0.0079 0.0328 0.0338 0.0427 0.0437 0.0506 0.0522 0.0761 0.0811 0.0827 0.0841 0.1304 0.1869 0.2424 0.2507 0.2570 0.2669 0.3045 0.3398 0.3867 0.4123 0.4124 0.4273 0.4463 0.4480 0.5139 0.8422 0.8488 0.8586 0.8772 0.9548 0.9778 
100000100000010010000000001001000
000001000000000100010101010010011
111000100011000011000000100000000
000001000000000100010101010010011
100000100000000010000000000000100
000100011100101000010001000000000
110010100011000011000010000000000
100000100000000010001000000100100
100000100000000010000000000000100
100000100000000010000000001001000
000001000000000100110101010010011
100000100000000010001000000000100
111000100011000011000000100000000
100000100000000010000000000000100
100000100000000010001000000000100
000001000000000100010101010010011
000001000000000100010101010010011
000001000000000100010101010010011
100000100000000010000000000000100
100000100000000010000000001000000

//
segsites: 31
positions: 0.1102 0.1469 0.1714 0.1842 0.1872 0.2300 0.2413 0.2712 0.2818 0.2885 0.3099 0.3219 0.3391 0.4965 0.5297 0.5420 0.5598 0.5806 0.6142 0.6563 0.6936 0.7148 0.7215 0.7404 0.7891 0.8337 0.8499 0.8606 0.8864 0.9477 0.9693 
1000001000000000100101111001101
1000001000000010100101101000101
1000011100000000100101101000100
0100000010001100000010000100000
1001001000000000100101101011111
0100000010100100010010000000000
1000001000000000100101101011111
1000001001000000100101101000101
1000101000000000100101101000101
0100000010100101011010000000000
1000001000000000100101101011111
1000001000010000100101101001101
1000001000010000100101101001101
0100000010100100010010000000000
1000001000000000100101101011111
1000001000000010100101101000101
1000001000000010100101101000101
0100000010100100010010000000000
1000001000000000100101101001101
0110000010100100010010000000000

//
segsites: 23
positions: 0.0170 0.0292 0.1362 0.2148 0.2258 0.2919 0.3248 0.4598 0.4922 0.5293 0.5852 0.6221 0.6243 0.6382 0.6553 0.6689 0.6911 0.7776 0.8550 0.8679 0.9366 0.9603 0.9641 
01001011001001010100000
00000000010000000010111
11011011000011010100000
01011011000101010101000
01001011000001010100000
00000000010000000010111
01011011000001010100000
01001011001001010100000
01011011000011010100000
01011011000001010100000
01011011000001010100000
01011011000001110100000
01011011000101010101000
00000000010000000010111
01111111000001011100000
01011011100001110100000
00000000010000000010111
00000000010000000010111
01001011001001010100000
01001011001001010100000

//
segsites: 80
positions: 0.0210 0.0368 0.0403 0.0555 0.0664 0.0724 0.0814 0.0860 0.1087 0.1253 0.1490 0.1551 0.1659 0.1977 0.1978 0.2049 0.2071 0.2130 0.2163 0.2394 0.2406 0.2416 0.2473 0.2476 0.2736 0.2754 0.2804 0.2885 0.3352 0.3434 0.3453 0.3679 0.3712 0.3753 0.3914 0.4051 0.4302 0.4337 0.4359 0.4612 0.4619 0.4752 0.4985 0.5088 0.5120 0.5324 0.5326 0.5342 0.5360 0.5465 0.5709 0.5792 0.5984 0.6115 0.6157 0.6325 0.6340 0.6352 0.6487 0.6795 0.7198 0.7334 0.7424 0.7516 0.7527 0.7555 0.7592 0.7623 0.7714 0.7749 0.7753 0.7824 0.7961 0.8017 0.8058 0.8181 0.8421 0.9280 0.9512 0.9665 
00010110000000101000010010100001000011010101000101100010010011000100001000100000
10101000010110000010000100000110011000000010101010011101100000101011010100001010
10101000010110000010000100001110111000001010101010001101101000101011000100001010
00010010000000100001110010100001000000010101000101100010010011010100001010100000
11101000110110000010001100000110011100000010000010001101100000101011000101011010
10101000011110000010000101000110011000000010001010001101100000101011000100001010
00010110000000101000010010100001000011010101000101100010010011000100001000100000
10101001010111000110000100000110011000000010010010001101100000101011000100001011
00010010000000100000010010110001000000100101000101100010000111000100000000100100
00010110000000101000010010100001000001010101000101100010010011000100001000100000
11101000110110010010001100000110011100000010000010001101100000101011000101011010
10101001010111000110000100000110011000000010010010001101100000101011000100001011
10101000010110000010000100000110011000000010101010011101100000101011000100001010
11101000110110010010001100000110011100000010000010001101100000101011000101011010
00010010000000100000010010110001000000000101000101100010000111000100000000100100
11101000110110000010001100000110011100000010000010001101100000101011000101011010
11101000110110000010001100000110011100000010000010001101100000101011000101011010
10101000011110000010000101000110011000000010001010001101100000101011000100001010
00010010000000100000010010110001000000000101000101100010000111000100000000100100
10101000010110000010000100001110111000001010101010001101100000101011100100001010

//
segsites: 28
positions: 0.0844 0.1660 0.1684 0.2018 0.2351 0.2874 0.3220 0.3642 0.3946 0.4780 0.5695 0.5885 0.6175 0.6417 0.6841 0.6980 0.7070 0.7261 0.7404 0.7432 0.7756 0.7815 0.8052 0.8362 0.9100 0.9127 0.9436 0.9786 
1000000000001100110000011010
0000011101000001001000000100
0000000000011100110000011010
0100011001000001001100000100
0000011011000001001000100100
0000000000001100110000011010
0000011011000001001000100100
0000011011000001001000100100
0000000000001000110000000010
0000011001000011001010000100
0001011001000011001010000100
0000111001000011001010000100
0000011011000001001001100101
0000000000011100110000011010
1000000000001100110000011010
0000011001000011001010000100
0010111001000011001010000100
0000000000001100110000011010
0000000000101100110000011010
0000111001000011001010000100

//
segsites: 76
positions: 0.0005 0.0177 0.0679 0.0839 0.1025 0.1049 0.1054 0.1101 0.1207 0.1298 0.1316 0.1686 0.1786 0.1887 0.1933 0.1950 0.2010 0.2123 0.2282 0.2444 0.2645 0.2963 0.3118 0.3126 0.3397 0.3628 0.3833 0.4097 0.4141 0.4264 0.4315 0.4476 0.4505 0.4526 0.4619 0.4683 0.4697 0.4746 0.4760 0.4809 0.4887 0.4898 0.5214 0.5216 0.5291 0.5307 0.5404 0.5452 0.5570 0.5906 0.5914 0.6153 0.6183 0.6198 0.6505 0.6836 0.6851 0.6909 0.7045 0.7227 0.7255 0.7280 0.7361 0.7492 0.7522 0.7705 0.7817 0.8160 0.8421 0.8764 0.8922 0.8978 0.9056 0.9150 0.9911 0.9932 
1100001101010010100010010000100001000110011001000101110111011101011100010110
0001110010100000011100101110010010111000100110110010001000100000000011001000
0001110010100000011100100110010010101000100110110010001000100000000011101000
0001110010100101011100100110010010101000100110110010001000100000100011001000
1100001101010010100011010000100001000110011001000101110111011101011100010110
0001110010100000011100100110010010101001100110110010001000100000000011001000
1100001101010010100010010000100001000110011001000101110111011101011100010110
1100001101010010100010010000100001000110011001000101110111011101011100010110
0001110010100001011100100110010010101000100110110010001000100000100011001000
0001110010100000011100100110010010101000100110110010001000100000000011001000
1100001101011010100010010000100001000110011001001101110111011101011100010110
0001110010100000011100100110010010101001100110110010001000100000000011001000
0001110010100000011100100110010010101001100110110010001000100000000011001000
0011110010100001011100100111010110101000100110110010001000100010000011001001
0001110010100000011100100110010010101001100110110010001000100000000011001000
1100001101010010100010010000100001000110011001000101110111011101011100010110
0001110010100001011100100110011010101000100110110010001000100000000011001000
1100001101010010100010010000100001000110011001000101110111011101011100010110
1100001101011010100010010000100001000110011001001101110111011101011100010110
1100001101010010100010010000100001000110011001000101110111011101011100010110

//
segsites: 46
positions: 0.0155 0.0354 0.0565 0.0676 0.0752 0.1178 0.1188 0.1212 0.1511 0.1564 0.2193 0.2370 0.3165 0.3934 0.4004 0.4167 0.4257 0.4263 0.4266 0.4302 0.4445 0.4725 0.4742 0.4918 0.5088 0.5211 0.5232 0.5297 0.5640 0.5816 0.5921 0.6116 0.6367 0.6471 0.6556 0.7108 0.7188 0.8047 0.8072 0.8265 0.8268 0.8592 0.8680 0.8927 0.9056 0.9649 
0110000001000000010001000000001000100000000000
0000000010000010000000000110000110000000100001
0110000001000000010001000000001000100000000000
0000000000101100001000101010100100001000000000
0110000001000000010001000000001000100000000000
0000100000010000100000000010000100000101000000
0000000000101100000000101010100100001000000000
1110000001000000010001000000001000110000000100
0000100000010000100000000010000100000101000000
0110000001000000010001000000001000100000000000
0000001000000011000100000010010101000000000000
0110000001000000010001000000001000100000000000
0000000010000010000000000110000110000000101000
0000010000101100000000101010100100001000000010
0110000001000000010001000000001000100000000000
0110000001000000010001000001001000100000000000
0110000001000000010001000000001000100000000000
0110000101000000010001000000001000100000000100
0000010000101100000000101010100100001000000010
0111000001000000010011010000001000000010010000

//
segsites: 31
positions: 0.0348 0.0807 0.1004 0.1015 0.1350 0.1356 0.2889 0.3547 0.3632 0.3677 0.3804 0.3826 0.4010 0.4804 0.5527 0.6395 0.6576 0.6875 0.6986 0.7227 0.7448 0.7545 0.7978 0.8076 0.8323 0.8530 0.8892 0.9247 0.9681 0.9699 0.9703 
0000001011000011000010101000000
0000001111001010100010101000011
0010001011000011000010101000000
1001010000000000001100000000100
0000101011000011000010101000000
0000001011010010100010101000010
0100001011100111000010101010000
0010001011000011000010101000000
1001010000000000001100000000100
0000001011010010100010101000010
0000001011000010110010111000000
0100001011100011000010101000000
0000001011000010110010111000000
0000001011010010100010101000010
0000001011010010100010101000010
0000001011010010100010101000010
1001010000000000001100000101000
0000001011000010100011101000010
0000001011000010100011101000010
0010001011000011000010101000000

//
segsites: 34
positions: 0.0374 0.0658 0.1102 0.1156 0.1752 0.1794 0.2215 0.2617 0.2749 0.2882 0.2955 0.3108 0.3428 0.3493 0.3692 0.3835 0.4058 0.4565 0.4595 0.4668 0.5706 0.6183 0.6352 0.6604 0.7615 0.8177 0.8311 0.8684 0.8833 0.8946 0.8988 0.9222 0.9361 0.9718 
0011001110000000000110101101100000
0000010000101100011000010000000010
1100010000010101100000010000001000
1100010000010101100000010000000000
1100110000010101100001010000000000
0011001110000000000110101101100000
0000010000001100001000010000000000
0011001110000000000110101101100000
1100010000010101100000010000000100
1100010000010101100000010000000000
1100010000010101100000010000000001
1100010000010101100000010000000000
0000010000001100001000010000000000
0011001110000000000110101101100000
0011001110000000000110101101100000
1100010000010101100000010000000001
0011001110000000000110101101100000
0000010001001100001000010000000000
0000010000001110011000010010010000
0000010000001100001000010000000000

//
segsites: 53
positions: 0.0226 0.0450 0.0459 0.0475 0.0494 0.0529 0.0762 0.1060 0.1101 0.1552 0.1632 0.1795 0.2234 0.2299 0.2542 0.3132 0.3324 0.3406 0.3808 0.3883 0.4199 0.4230 0.4730 0.4764 0.4790 0.5198 0.5344 0.5467 0.5513 0.5533 0.5639 0.6135 0.6140 0.6154 0.6318 0.6378 0.6537 0.6575 0.6713 0.6713 0.6732 0.6893 0.6922 0.7062 0.7211 0.8243 0.8560 0.9188 0.9323 0.9333 0.9354 0.9711 0.9980 
00101011100000110010001100010001000001101010010100001
00101011100000110010001100010001000001101000010100001
00111011000000010010001100011001000001101000010000001
00101011100000110010001100010001000001101000010100001
00000000010001000101110001000010110100000101101000000
00101011000000010010001110110001000001101000010000011
00101011000000010010001100010001000001101000010000101
00101011100000110010001100010001000001101010010100001
00101011100000110010001100010001000001111010010100001
00101011100100111010001100010001001011101000010100001
00101011101000110010001100010001000001101000010100001
00101011100000110010001100010001000001101000010100001
10111011000000010010001100011101000001101000010010001
00000100010001000101110001000010100100000101101000000
00101011100000110010001100010001000001101000010100001
01101011100000110010001100010001000001101010010100001
00101011000000010010001110110001000001101000010000011
00101011101000110010001100010001000001101000010100001
00101011000010010010001100010001000001001000010001001
00101011100000110010001100010001000001101000010100001

//
segsites: 54
positions: 0.0002 0.0176 0.0530 0.1038 0.1185 0.1260 0.1430 0.1626 0.2213 0.2323 0.2512 0.2870 0.3188 0.3321 0.3370 0.3420 0.3757 0.3917 0.3919 0.4280 0.4510 0.4670 0.4814 0.4824 0.4831 0.4874 0.5079 0.5125 0.5265 0.5285 0.5332 0.5528 0.5968 0.5996 0.6041 0.6055 0.6080 0.6269 0.6608 0.6920 0.6973 0.7574 0.7876 0.8406 0.8627 0.8974 0.9314 0.9318 0.9417 0.9472 0.9541 0.9557 0.9724 0.9726 
000001001001111110111100000111100000000011100000011011
010000001001110100110100000111100000000010100000011001
000000001001100100110100000111100010000010100000011001
101110100110000001000011011000001101011100001110100100
101110100110000001000011011000001101011100001110100100
000000011001100100110100100111100000100010110000011001
010000001001110100110100000111100000000010100000011001
101110100110000001000011010000001101001100001110100100
000001001001111110111100000111100000000011100000011011
010000001001110100110100000111100000000010100000011001
010000001001110100110100000111100000000010100001011001
010000001001110100110100000111100000000010100000011001
000000011001100100110100100111100000100010110000011001
000000011001100100110100100111100000100010110000011001
000000011001100100110100100111110000100010110000011001
000000011001100100110100100111100000100010110000011001
101110100110000001000011010000001101001100001110100100
010000001001110100110100000111100000000010100000011001
000000011001100100110100100111110000100010110000011001
010000001001110100110100000111100000000010100000011001

//
segsites: 79
positions: 0.0524 0.0577 0.0620 0.0713 0.0758 0.0797 0.0870 0.0934 0.1071 0.1093 0.1093 0.1415 0.1450 0.1563 0.1608 0.1738 0.2137 0.2289 0.2345 0.2719 0.2824 0.2843 0.3371 0.3393 0.3524 0.3554 0.3887 0.3888 0.3946 0.4144 0.4230 0.4349 0.4476 0.4490 0.4535 0.4621 0.4939 0.5160 0.5170 0.5266 0.5267 0.5405 0.5541 0.5867 0.5893 0.5915 0.5923 0.5988 0.6408 0.6422 0.6543 0.6555 0.6615 0.6730 0.6922 0.7070 0.7080 0.7191 0.7245 0.7408 0.7431 0.7504 0.7644 0.7918 0.7934 0.7935 0.8189 0.8464 0.8573 0.8702 0.8778 0.9036 0.9173 0.9270 0.9303 0.9360 0.9407 0.9874 0.9990 
0110000100000010000001110001000100100010001010100011100011111100000010100000110
0000001011110101100100001100101001001101010100011100011000000010010001001000000
0110000100000010000001110001000100100010001010100011100011011100000110100000110
1000000011100101110100000100101010001101010100001100011000000010011001001101000
0111110100000010000010010001010000000010001000100011000011011000000000110000100
0000001011100101100100001100101001001101010100011100011000000010010001001000001
0110000100000010000001110001000100100010001010100011100011011100000010100000110
0110000100000010000001110001000100100010001010100011100111011100000010100000110
0110000100000010001001110001000100100010001010100011100011011100000010100000110
0111110100000010000010010001010000000010001000100011000011011000000000110000100
0000001011110101100100001100101001011101010100011100011000000010010001001000000
0000001011100101100100001100101001001101010100011100011000000010010001001000001
0110000100001010000001110001000000100010101000100011100011011101000010100000110
0000001011110101100100001100101001011101010100011100011000000010010001001000000
0000001011110101100100001100101001011101010100011100011000000010010001001000000
0000001011110101100100001100101001001101010100011100011000000010010001001000000
0000000011100101110100000110101010001101010100001100011000000010111001001101000
0110000100000010001001110001000100100010001010100011100011011100000010100000110
0000000011100101110100000100101010001101010101001100011000000010011001001101000
0110000100000010000001110001000100100010001010100011100011011100000010100010110

//
segsites: 33
positions: 0.0056 0.0423 0.0830 0.1083 0.1601 0.1838 0.1934 0.2186 0.2988 0.3060 0.3562 0.3669 0.3809 0.3901 0.4213 0.4823 0.5189 0.5624 0.6022 0.6071 0.6831 0.7090 0.7133 0.7182 0.7597 0.7655 0.7914 0.8241 0.8373 0.8698 0.9027 0.9461 0.9565 
010000000010000000100001010100000
001111110000010100001010001010010
101011100100010000001010000010111
010000000010000000100001010100000
010000000010001000100001110100000
010000000010001000100001010101000
010000000010001000100001110100000
010000000011001000110001010100000
101011100100110000001110000010111
010000000010001000100001010100000
010000000010000000100001010100000
001011110000010000001010001010010
010000000010000010100001010100000
010000000010001000100001010100000
101011100100010000001010000010111
010000000010000001100001010100000
101011100100010000001010000010111
010000000010000000100001010100000
101011100100010000001010000010111
010000001010000001100001010100000

//
segsites: 26
positions: 0.0300 0.0407 0.0551 0.0581 0.0618 0.0629 0.0664 0.1660 0.2633 0.3004 0.3633 0.4270 0.4693 0.4700 0.4759 0.4826 0.5445 0.6682 0.6968 0.6995 0.7621 0.8363 0.8428 0.8648 0.9661 0.9760 
01000110111000010100001100
10000001000111000010100001
10000001000111000010100011
10000001000111000010100001
10000001000111000010100011
10000001000111000010100001
10000001000111000010100011
10000001000111000010100011
10000001000111000010100001
10000001000111000010100001
10000001000111100010100011
00111000110000011101010000
00111000110000011101010000
10000001000111000010100001
10000001000111000010100001
01000110111000010100001100
10000001000111000010100001
10000001000111000010100011
10000001000111000010100001
10000001000111000010100001

//
segsites: 31
positions: 0.0105 0.0200 0.0348 0.0822 0.0871 0.1220 0.1786 0.2054 0.3516 0.3614 0.3681 0.3741 0.3825 0.4665 0.5537 0.5588 0.5722 0.6449 0.7114 0.7257 0.7778 0.8005 0.8182 0.8364 0.8373 0.8421 0.8421 0.8438 0.8586 0.9032 0.9139 
1000000001101000000101000000000
0010010001101010000001000000000
0100100000010000100010000100110
0000001100000001000000000010000
0100100000010100100010000100100
0010010001101000011001000000000
0001000000000000000000111100001
0100100000010100100010000100100
0100100000010100100010000100100
0000001100000001000000000010000
0100100000010100100010000100100
0000001100000001000000000010000
1000000001101000000101000000000
0000000110000000000000000010000
1000000001101000000001000000000
1000000001101000000001000000000
0000000100000000000000000010000
0010010001101000011001000000000
0001000000000000000000101100000
1000000001101000000001000001000

//
segsites: 19
positions: 0.0288 0.0361 0.1248 0.1260 0.2712 0.3420 0.3542 0.5241 0.5424 0.5440 0.5869 0.5874 0.6137 0.6221 0.6315 0.7188 0.8518 0.8620 0.9890 
0100000001100001000
0000000001000000011
0000000001000000000
0000000001000000000
0000000001010000000
1000000010001000000
0100000001100000100
0100000001100100000
0000000000001000000
1000000010001000000
1000110010001000000
0010000000001010000
0100000001100000000
0000000001000000000
0000000001000000000
1001010010001000000
1000011010001000000
0000000001000000000
0000000001000000000
0000000100001010000

//
segsites: 27
positions: 0.0123 0.0353 0.0962 0.1253 0.1398 0.1869 0.2160 0.2518 0.2582 0.2901 0.3056 0.3685 0.4040 0.4068 0.4180 0.4833 0.4855 0.5337 0.5529 0.5710 0.6264 0.8112 0.8238 0.8400 0.8508 0.9515 0.9654 
010010000100000000000011000
010010000100000000001111000
011010010000110000000000010
010010000100000000001011000
010010001100000000001011000
000000100000001100000000100
010010000100000000000011000
010010000100000000001011000
111110000000100011110000000
010010000100000000001011000
010010001100000000001011000
010010000100000000001011000
010011000101000000000011000
010010000100000000000011001
010010000101000000000011000
010010000101000000000011000
010010000100000000001011000
000000100010000100000000100
000000100000001100000000100
000000100000001100000000100

//
segsites: 51
positions: 0.0046 0.0067 0.0153 0.0622 0.1512 0.1795 0.2178 0.2291 0.2340 0.3119 0.3169 0.3171 0.3200 0.3288 0.3565 0.3688 0.3985 0.4055 0.4240 0.4278 0.4300 0.4871 0.4992 0.5266 0.5274 0.5281 0.5381 0.5612 0.5766 0.5780 0.6037 0.6124 0.6606 0.6653 0.6679 0.6902 0.7221 0.7838 0.7933 0.8058 0.8140 0.8595 0.8664 0.8957 0.9207 0.9223 0.9230 0.9235 0.9409 0.9439 0.9596 
010000001100000010000001000000100010000000000000000
000001110000111001101100010000001001100000110001010
000000010000011001101100010000000101100100110011000
000101010000111101101100011100010001110001110101011
000001110000111001101100010000001001100000110001010
000001010000111001101100010000000001110010110001111
000001010000111001101100010000000001110010110001111
000001110000111001101100010010001001100000111001010
000000010000011001101100010000000001100100110011000
010010001100000010010011100001100010000000000000000
000000010000011001101100010000000001100100110011000
000000010000011001101100010000000001100100110011000
101101010000111001101100010100010001110000110101011
000001110010111001101100010010001001100000111001010
000001110000111001101100010000001001100000110001010
101101010000111001101100010100010001110000110101011
000001110001111001101100010010001001100000111001010
000101010000111101101100011100010001110001110101011
000001010000111001101100010000000001110010110001111
000000010000011001101100010000000001101100110011000

//
segsites: 20
positions: 0.0747 0.1224 0.1947 0.2523 0.2566 0.3007 0.3650 0.3756 0.4573 0.4604 0.5098 0.5867 0.6055 0.6979 0.7104 0.7238 0.7547 0.7578 0.8221 0.8532 
10101000110001001000
10100000110001001000
01010110000110000101
01010100000110010101
10101000111001001000
10101000110001001000
01010100000110010101
10101000111001001000
01010110000110000101
01010110000110000101
10101001110001001000
10101000110001001000
01010110000110100101
10100000110001001000
10101000110001001000
10101000110001001000
10101000110001001000
10101000110001001000
10101001110001001000
10101000110001001010

//
segsites: 47
positions: 0.0032 0.0398 0.0431 0.0756 0.0833 0.0978 0.1132 0.1135 0.1274 0.1800 0.1886 0.2315 0.2337 0.2556 0.2616 0.2984 0.3003 0.3068 0.3104 0.3106 0.3579 0.3610 0.3706 0.3760 0.4166 0.4864 0.4939 0.5064 0.5115 0.5295 0.5386 0.5713 0.6143 0.6353 0.6632 0.6723 0.7013 0.7586 0.7813 0.7893 0.8160 0.8746 0.8859 0.9136 0.9281 0.9824 0.9901 
00000110000000000000010100100100101100010101001
00000110000000000000010100000100101100000101001
00000010001000000000010100000100101100000101101
00000000000000000010000011001100100001000001001
01100001010001000100001000010000010010100000010
01100001010001000100001000010000010010100000010
00000110000000000000010100100100101100010101001
00011000000000010000000000000100100000000001001
00000110000100000000010100000100101100010101001
00100000010000000000001000010000010000000000010
00000110000000000000010100000100101100011101001
10011000000000010000000000000100100000000001001
01100001010001000100001000010000010010100000010
00000110000000000000010100000100101100010101001
01100001010001000100001000010000010010000000010
00011000100010010000100000000100100000000001001
00000000000000101001000000000110100000000001001
00011000100010010000100000000100100000000001001
01100001010001000100001000010001010010000000010
00011000000000010000000000000100100000000011001

//
segsites: 35
positions: 0.0345 0.0661 0.0803 0.0922 0.1043 0.1149 0.1212 0.1402 0.2313 0.2341 0.2392 0.2477 0.2482 0.2631 0.2940 0.3351 0.3813 0.3931 0.3999 0.4040 0.4061 0.4589 0.4744 0.5828 0.6434 0.6541 0.7031 0.7377 0.7769 0.7889 0.8407 0.8513 0.8721 0.8930 0.9695 
00000100000000110100000000000010110
10010010100110000000110010010000000
10010010100110000000100010010000000
10010010100110000000100010010000000
10010010100110000000100010010000000
00100100010000111000000000000000110
00000101010000111000000000000101110
00000100000000110000000000100000111
01000000000110000010001000000000000
00000100010000111000000001000000110
01000000000110000001000000000000000
00001000001000100000000100000000000
00000100000000110000000000000000111
00000100010000111000000000000100110
00000100010000111000000000000000110
01000000000110000000000000000000000
00000100000000110000000000100000111
01000000000110000000001000001000000
01000000000111000000001000000000000
00000100010000111000000000000100110

//
segsites: 45
positions: 0.0263 0.0447 0.0581 0.1162 0.1354 0.1774 0.2202 0.2553 0.2780 0.3270 0.3883 0.3897 0.3903 0.3969 0.4341 0.4382 0.5236 0.5265 0.5428 0.5712 0.5932 0.6448 0.6469 0.6469 0.6523 0.7045 0.7511 0.7603 0.7707 0.8012 0.8097 0.8189 0.8248 0.9046 0.9053 0.9104 0.9114 0.9121 0.9368 0.9384 0.9449 0.9484 0.9542 0.9771 0.9969 
111000000100100000010110000000000010000000000
101000000010100000000000100000100010000000000
000011010001010011000000010100001001000101101
101000000000100000000000100000000010000000000
000011010001010011000000011100001001000101101
101000100000100000010000000000000010000000000
111000000100100000010110000000000010000000000
111000000000100000010110000000000010000000000
111000000100100000010110000000000010000000000
101000000000100000000000000000000010011000000
101000000000100000010000000000000010000000000
000011010001010011000000010100001001000101101
101000000000100000000000000000000010001000000
111000000100100000011110000000000010000010000
101000000010100000000000100000100010000000000
101000000000100000000000000000000010001000000
101100000000100000000000100000000010000000000
101000000000101100100000000010010110000000000
000000001001000010000001000100000000100000111
101000000000100000000000100001000010000000000

//
segsites: 30
positions: 0.0231 0.0279 0.1149 0.1322 0.1431 0.1449 0.1528 0.2138 0.2464 0.2550 0.3036 0.3538 0.3539 0.3795 0.4043 0.4197 0.4618 0.5194 0.5330 0.5969 0.6045 0.6924 0.7376 0.7589 0.7900 0.7901 0.8962 0.9351 0.9404 0.9624 
000010000010000010010011000110
000010000010000010010011010110
000010000010000010100011000110
000010000010000010010011010110
000010000011000010010011010110
000010000011000010010011010110
000010000110000010010011010110
000110000010000010000011000110
000010000010000010010011000110
000010000010000010010011100110
110001010000111100001100001001
000010000010000010000011000110
000010000010000010010011000110
000010000010000010010011010110
000010000010000010010011010110
001010101000000011000011000110
000010000010000010010011000110
000010000010000010010011010110
000010000010000010010011000110
000010000010000010010011010110

//
segsites: 56
positions: 0.0022 0.0101 0.0260 0.0273 0.0431 0.0534 0.0734 0.0735 0.1307 0.1362 0.1462 0.1766 0.1843 0.1870 0.2156 0.2264 0.2476 0.2770 0.2830 0.3180 0.3217 0.3461 0.3462 0.3592 0.3609 0.3661 0.3851 0.4400 0.4470 0.4515 0.4525 0.4746 0.4827 0.4893 0.4910 0.5126 0.5773 0.5846 0.5888 0.6178 0.6305 0.6680 0.6882 0.6922 0.7021 0.7061 0.7186 0.7592 0.7804 0.7821 0.8337 0.8510 0.8918 0.9289 0.9848 0.9850 
00010001001101010001010000000100100000000000001000000101
11010000001100110001000011000100100110000000001010000000
00010001001101010011000000000110101000000000001000000100
00010001001101010001000000001100101000000000001000000100
00010001001101010001000000010100100000000000001000000100
00101100110000001000000000100000010001100110110101111010
00010001001101010001010000000100100000000000001000000101
00010001001101010101010000000100100000000000001000000101
00010001001101010001010000000100100000000000001000000101
00010001001101010001000000001100101000000000001000000100
00101100110000001000000000100000010001100110110101111010
01010010001100110001000001000100100110000000001010000000
11010000001100110001100011000100100110000000001010000000
00000000001110010001001100000101000000011001001000000000
00010001001101010001010000000100100000000000001000000101
00101100110000001000000000100000010001100110110101111010
11010000001100110001000011000100100110000000001010000000
00010001001101010001000000010100100000000000001000000100
01010010001100110001000001000100100110000000001010000000
00010001001101010001010000000100100000000000001000000101

//
segsites: 28
positions: 0.0406 0.0794 0.0805 0.0950 0.1057 0.1213 0.1342 0.1740 0.1824 0.3196 0.3504 0.3603 0.3951 0.4575 0.5334 0.5498 0.5534 0.5757 0.5947 0.6077 0.6923 0.8262 0.8739 0.8879 0.9012 0.9227 0.9790 0.9925 
0000110100000001001000000000
0000110100000001001000000000
0000100100000100000000000000
0000100100000100000000000000
0000100100000001000000000000
0100001001111010100000110000
0100001001111010100000110000
0100001001110010100000110000
0100001001110010100000110000
0000110100000001011000000000
0001100100000001000000000000
0000110100000001001000000010
0100001001110010100000110000
0000100100000000000000000000
0000100100000001000000000001
0000100100000001000000000000
0010110100000001001000000000
0000110100000001001000000000
0000100100000100000000000000
1000000010000000000111001100

//
segsites: 16
positions: 0.0149 0.1327 0.1738 0.2071 0.2112 0.2916 0.6063 0.6811 0.7054 0.7768 0.7949 0.8045 0.8440 0.8688 0.8934 0.9470 
0001010000100001
0001010000001000
0111010000000000
0001010000100000
0001010000100100
0001010000100001
0001011010000000
0001010000100001
1001010001010000
0001010000100001
0001010110000000
0000000000000000
0001010000000000
0001110010000000
0001010110000000
0001011010000000
0001010000000000
0001011010000000
0001110010000010
0001010000100100

//
segsites: 26
positions: 0.0105 0.1496 0.2683 0.2799 0.3550 0.4194 0.4231 0.4596 0.4683 0.5447 0.5992 0.6040 0.6228 0.6607 0.6874 0.7178 0.7251 0.7252 0.7541 0.7904 0.8189 0.8537 0.8883 0.9299 0.9501 0.9516 
00000001000001010001011000
00000001100011010000101000
00000001000001010000001010
00000000000001010000000000
00000001000001010001011000
00000001000001010001011000
00000001000001010100001000
00111100011000100010000101
00000001000001010001011000
00000001000001010000001010
00000001000001010001011000
00000001000001010000001010
00000001000001010001011000
00000001000001010000001010
00111100011000100010000101
00111100011000100010000101
10001110001000000000000100
00000000000001010000000000
00111100011000100010000101
01001000001100001000000100

//
segsites: 42
positions: 0.0167 0.0415 0.0597 0.1228 0.1242 0.1479 0.1605 0.2517 0.2780 0.2990 0.3907 0.3932 0.4153 0.4698 0.4762 0.4926 0.5119 0.5245 0.5350 0.5428 0.5484 0.5797 0.5816 0.6064 0.6829 0.7078 0.7180 0.7182 0.7434 0.7527 0.7591 0.8008 0.8032 0.8066 0.8340 0.8697 0.8804 0.8838 0.9569 0.9622 0.9843 0.9928 
001000000011000000011010100000010100000000
001000010011000001111000100000010100100011
001100000011000000011000100000111100000000
010000100100011110000101010000000011011100
010000100100011110000101010000000011011100
110010100100100000000100011101000001011100
001000010011000001111000100000010100100011
010001100100011110000101010010000011011100
001000010011000001111000100000010100100011
001000010011000001111000100000010100100011
001000010011000001111000100000010100100011
010000101100011110000101010000000011011100
001000010011000001111000100000010100100011
010000100100011110000101010000000011011100
001000000011000000011010100000010100000000
001000010011000001111000100000010100100011
110010100100100000000100011101000001011100
001000010011000001111000100000010100100011
010000100100011110000101010000000011011100
010000100100011110000101010000000011011100

//
segsites: 34
positions: 0.0294 0.0347 0.0460 0.0519 0.0610 0.1155 0.2174 0.2346 0.2747 0.2795 0.3231 0.3307 0.3633 0.4358 0.4416 0.4477 0.5064 0.5218 0.5265 0.5544 0.6059 0.6127 0.6806 0.6834 0.7471 0.7626 0.8219 0.8345 0.8496 0.8725 0.9028 0.9042 0.9109 0.9631 
1000110010011000000001000110100010
1000110010011000000001000110100010
0100000001100100100010010001001000
1000110010011000000001000110100010
0100000000100100100010010001001000
1000110010010000000001000110100000
0100001100000100000010010000001100
0100000000100100100010010001001000
1000110010010000000001000110100000
1010010010010001010001000010100000
1000110010011000000001000110100010
1000110010010000000001100110100000
1001010010010010001101001010110001
1000110010010000000001000110100000
0100000000100100100010010001001000
1000110010011000000001000110100010
1000110010010000000001000110100000
1000110010011000000001000110100010
1000110010010000000001000110100000
1000110010011000000001000110100010

//
segsites: 31
positions: 0.0462 0.0613 0.1059 0.1257 0.1439 0.1468 0.1795 0.2378 0.2612 0.2666 0.2894 0.3345 0.4596 0.4956 0.4964 0.5058 0.5410 0.5739 0.5881 0.6254 0.6500 0.6787 0.7168 0.7621 0.7881 0.8077 0.8086 0.8183 0.8714 0.9528 0.9820 
0100010000000000000000000010100
0010000001000000000000000000101
0010000001000000000000000000100
0100010000000000000000000110100
0010000001000000000000000000100
0100000000000000000000001010100
0100000000000000000000000010100
0100000000000000000000000010100
0100000000000000000000000010100
0001101100100000001001010000000
0010000001000000000000000000100
0010000001000000100000100000100
0100010000000000000000000010100
0001001100100000011000010000010
0000000001001010000000000000100
0001001100110000011000010000000
1000000010000101000110000000100
0100000000000000000000000010100
0100000000000000000000000010100
0010000001000000000000000001100

//
segsites: 28
positions: 0.0377 0.0471 0.0520 0.0834 0.1710 0.1742 0.1792 0.2054 0.2084 0.3192 0.3779 0.4430 0.4762 0.4814 0.6131 0.6180 0.6716 0.7444 0.7658 0.7771 0.8036 0.8347 0.8495 0.8498 0.8759 0.9634 0.9769 0.9978 
0100001000000000000001001101
0010110101000100000010000000
1010100000000100100010100000
0010110101000100000010000000
0010100000000110000010010000
1010100000000100000010100000
0010100000000100000010010000
0010100000000100000010010000
0010110101000100000010000000
0010100000000100000010010000
0010100000000110000010010000
0010100010000110000010010000
0010100000101100011010000000
0101001000000001000001001111
0100001000000000000001001101
0100001000000000000101001101
0010100000101100011010000000
0010110101000100000010000000
0010110000000100000010000000
0010100000010100000010010000

//
segsites: 34
positions: 0.0078 0.0188 0.0727 0.1215 0.1440 0.1450 0.1506 0.2271 0.2319 0.2420 0.2518 0.2526 0.3898 0.4233 0.4436 0.6375 0.6386 0.6403 0.6731 0.6809 0.6943 0.7836 0.7890 0.8006 0.8040 0.8192 0.8559 0.8893 0.9042 0.9627 0.9630 0.9729 0.9793 0.9917 
0011110000001110001000100000000010
0000000110100000110000001010010100
1011111000001100001000100000000010
0000000001010100000000100001000001
0000000110100000110000001010010100
0011110000001101001000100000000010
0011110000001110001000100000000010
0000000110100000110000001010110100
0011110000001101001000100000000010
0011110000001110001000100000000010
0100000001010100000000100001000001
0010100000001100000101110100000010
0000000110100000110000001010010100
0011110000001101001000100000000010
0011110000001101001000100000001010
0011110000001101001000100000000010
0011110000001101001000100000000010
0011110000001101001000100000000010
1011111000001100001010100000000010
0011110000001101001000100000000010

//
segsites: 46
positions: 0.0074 0.0101 0.0846 0.1206 0.1360 0.1378 0.1840 0.1862 0.1987 0.2199 0.2367 0.2470 0.3147 0.3170 0.3257 0.3562 0.3632 0.3705 0.3762 0.4091 0.4215 0.4488 0.4668 0.4694 0.5463 0.5512 0.5560 0.5597 0.5734 0.5853 0.6017 0.6245 0.6442 0.6468 0.6720 0.6789 0.7540 0.7920 0.8739 0.8994 0.9092 0.9112 0.9284 0.9312 0.9511 0.9929 
0000001000000111001000011001000000100100100000
0011100001101000010101000100110010001000001001
0011100001101000010100000100110010001000001001
0000001000000111001010011001000000100100110000
0000001000000111001000011001000000100100100000
0000001000000111001010011001000000100100110000
0000001000000111001000011001000000100100100000
0000001000000111001000011001000000100100110000
0000001000000111001000011001000000100100110000
0000000100000111001000001010000000110010100000
0011100001101000110100000100111010001001001011
0000000000000111001000101010000000110010100000
0000001000000111001000011001000000100100110000
0100000000000111001000001010000000110010100000
0011100001111000010100000100110010001000001001
0000000100000111001000001010000000110010100000
0011110001101000010100000100110010001000001001
0011100001101000010100000100110011001000001001
1000001000000111001000011001000100100100100000
0011100011101000010100000100110010001001001101

//
segsites: 31
positions: 0.0070 0.0135 0.0402 0.0617 0.0845 0.1268 0.1448 0.1786 0.1991 0.2546 0.2672 0.2683 0.2725 0.3408 0.3805 0.4084 0.4945 0.4960 0.5020 0.5283 0.5773 0.5834 0.5939 0.6440 0.6703 0.6833 0.7658 0.7975 0.8362 0.9365 0.9679 
0001001010000000010000000000000
1000000000001001000000110010111
0100100110100010000001000001000
0010000000000001000000111100111
1000000000001001000000110000111
1000000000001001000000110010111
0100100110100010000001000001000
0000010001000001001000110000111
1000000000001001000100110010111
1000000000001001000000110000111
0010000000000001000000111100111
0100100110100010000001000001000
0001000010000000010000000000000
0000010001010001001010110000111
1000000000001001000000110010111
0001000010000000010000000000000
0000010001000001001000110000111
0000000000000001100000111000111
0001000010000100010000000000000
0000010001000001001000110000111

//
segsites: 39
positions: 0.0521 0.0561 0.1128 0.1197 0.1797 0.1930 0.2649 0.3039 0.3124 0.3467 0.3694 0.3875 0.4162 0.4344 0.4470 0.4756 0.5120 0.5181 0.5371 0.6203 0.6421 0.6723 0.6819 0.6965 0.7003 0.7643 0.7807 0.7835 0.8001 0.8021 0.8276 0.8469 0.8839 0.8903 0.9055 0.9071 0.9234 0.9502 0.9508 
000011000011000000000000010100001000101
010000010011000000010100000000100000001
010000010011000000010100000000100000011
010000010111000000010100000000100000001
000000000000000000101000000011010011000
000000000000000010001000000010010110000
000000000000000000001000000011010011000
000000000000000000001000000011010011000
000000000000000010001000000010010110000
001100000000010000001000000010010010000
000000100000000000001000000011010011000
010000010011000100010100000000100000001
010000010011000000010101000000100000001
100011000011000000000000110100001000101
000000010011001000010110000000100000001
010000010011000001010100000000100000001
000011000011100000000000010100001000101
010000011011000000010100001000100000001
001100000000010000001000000010010010000
000000000000000000001000000011010011000

//
segsites: 51
positions: 0.0017 0.0027 0.0048 0.0113 0.0162 0.0299 0.1332 0.1346 0.1558 0.1645 0.1664 0.2726 0.3063 0.3299 0.3690 0.3750 0.3790 0.3908 0.3957 0.4082 0.4166 0.4172 0.4180 0.4239 0.4268 0.4994 0.5111 0.5232 0.5533 0.5574 0.5654 0.6101 0.6285 0.6331 0.6390 0.6979 0.6994 0.7116 0.7178 0.7270 0.7923 0.8178 0.8302 0.8331 0.9223 0.9294 0.9332 0.9376 0.9450 0.9578 0.9758 
000001011101001000100000000010000000001000000000010
100001001110000100100000010000100100010000101000100
000110000000010010000010101001001000000110000010001
000110000000010010000010101001001000000110000010001
000110000000010010000010101001001000000110000010001
001100000000100000000110101000010000000111010111000
100001001110000100100000010000100100010000101000100
000001011101001000101000000010000000001000000000010
100001001100000101100000010000100000110000101000100
000001011101001000100000000010000000001000000000010
000001011101001000100000000010000000001000000000010
000001011101001000110000000010000000001000000000010
000001011101001000101000000010000000001000000000010
000001011101001000100000000010000000001000000000010
000001011101001000101000000010000000001000000000010
000001011101001000110000000010000000001000000000010
010001011101001000101000000010000000001000000000010
100001101100000101100001010000100001110000101000100
000110000000010010000010101001001010000110000010000
000001011101001000100000000110000000001000000000010

//
segsites: 22
positions: 0.0763 0.2046 0.2546 0.2615 0.3054 0.3595 0.3889 0.4660 0.4673 0.6020 0.6276 0.6457 0.6520 0.6713 0.7304 0.7514 0.7817 0.8421 0.8425 0.9370 0.9598 0.9923 
1100010100000000001000
0001100010000000000000
0100010100010000011000
0000100000000100000000
0100010100010000011000
0000100000000100000000
0110010100110000001000
0100010100010011101000
0100011100010000001000
0000100000000000000000
0100010100010000001010
0100010100000000001001
0100010100000000001100
0100011100010000001000
0100010101010000011000
0000100000001000000000
0000100000000000000000
0100010100010000001000
0000100000000000000000
0000100000000000000000
