./ms 20 1 -t 10 -G 0 -eG 1 0 
57671 3062 24710

//
segsites: 38
positions: 0.0047 0.0682 0.1151 0.1595 0.1942 0.2315 0.2815 0.3079 0.3139 0.3140 0.3289 0.3297 0.3864 0.3935 0.4054 0.4209 0.4227 0.4791 0.4796 0.4931 0.5037 0.5520 0.5553 0.6079 0.6083 0.6149 0.6392 0.6787 0.7602 0.8049 0.8088 0.8307 0.8343 0.8834 0.8865 0.9822 0.9828 0.9866 
00000000000001000100100000000001010110
00000000000001000100100000000001010110
00000010000101000001010000000100001000
00000000000001000100100000000001010110
00000010000101000011010000000100001000
00000100011010010000001000101000000000
01000000000001000000000001000000000000
00000000000001001100000000000011100010
00100000000001000000000010000000000000
00011100111010110000001100001000000000
00000010000101000001010000000100001000
00000000000001000000000010000000000000
00011101111010110000001100001000000000
00000000000001000100100000000001010110
00000100011010010000001000101000000000
10100000000001000000000010010000000000
00000000000001000100100000000001010110
01000000000001000000000001000000000000
00000010000101000011010000000100001000
00000000000001000000000010000000000001

//
segsites: 25
positions: 0.2035 0.2456 0.2623 0.2934 0.3160 0.4177 0.4177 0.4305 0.4858 0.5350 0.5557 0.5677 0.5709 0.6225 0.6331 0.7201 0.7396 0.7814 0.7989 0.7998 0.8032 0.9219 0.9325 0.9451 0.9817 
0100000010000100100100000
0111000010000100100000000
0000100000001001000000010
1100000001000110000010000
0100000010000100100000000
0100000010000100100000000
0100000010000100100000000
0000101000000000010000010
0000100000000000000000010
0110000010000100100000000
0100000010010100100100000
0100000010000100100000000
0100000010000100100100000
0110000010000100101000000
0000100000000000000000110
0100000010000100100000000
0100000010000100100000000
0100010010000100100000000
0100010010000100100000000
0100000110100100100001001

//
segsites: 37
positions: 0.0047 0.0534 0.0771 0.1351 0.2166 0.2349 0.2509 0.2655 0.3427 0.3548 0.3606 0.3705 0.3869 0.4150 0.4309 0.4708 0.5144 0.5391 0.5428 0.5877 0.5919 0.6130 0.6588 0.6845 0.7280 0.7310 0.7484 0.7635 0.7742 0.8717 0.8956 0.9126 0.9162 0.9317 0.9501 0.9512 0.9522 
0001000000000000000000010000000101001
0100000111000000000000001001001000000
0001010000001000001000010000000111001
0000000000000000100001000101010000000
0100000001000100000000000001001000010
0001000000001000001000010000000111001
0001000000000000000000010000000101001
0110000001000100000000100001001000000
0000001000110000000110000111000000100
1001000000000000010000010000000101001
0001000000001000001000010000000111001
1001000000000010000000010000000101001
1001000000000001000000010000000101001
0100000001000000000000000001001000000
1001000000000001000000010000000101001
1001100000000000000000010000000101001
0000001000110000000110000111000000100
1001000000000010000000010000000101001
0000001000110000000110000111100000100
1001000000000001000000010000000101001

//
segsites: 25
positions: 0.0168 0.0681 0.0917 0.1409 0.2205 0.2857 0.2989 0.3673 0.3890 0.4261 0.4285 0.4385 0.4806 0.5292 0.5737 0.5866 0.6030 0.6416 0.7182 0.7210 0.7782 0.8888 0.9087 0.9398 0.9471 
0111000001011000000010000
0010000001000100001010010
0010000001100100001010010
0010000001000100001010010
0000000000000001000100001
1010000001000000010010110
1010000001000000010010110
0010001011000010000010010
0010000001000000000010000
0010010001000100000010010
0010000001000000010010110
0010000001000000010010110
0010000001000100101010010
0111000001011000000010000
0010100001000100001010010
1010000101000000010010110
0010000001000000010010110
0010000001000100001010010
1010000001000000010011110
0000000000000000000000001

//
segsites: 13
positions: 0.1041 0.2821 0.4104 0.4325 0.4676 0.5088 0.6517 0.7129 0.7273 0.7391 0.7499 0.7658 0.7831 
0000000000000
0000000000000
0000000000000
1110100011101
0000000000010
0000000000000
0001000000010
1110100011101
0000001000010
0001000000010
0000000000000
0000010000010
0000000000010
0000000000000
0000000000000
0000000000000
0000000000010
0000000000000
0000000000000
0000001100010

//
segsites: 28
positions: 0.0006 0.0321 0.0797 0.1286 0.1405 0.2087 0.2196 0.2685 0.3253 0.4322 0.5007 0.5069 0.5285 0.5668 0.6005 0.6557 0.6871 0.6918 0.7272 0.7776 0.7836 0.8631 0.8804 0.9048 0.9251 0.9292 0.9373 0.9687 
0010001100000100000110000001
0101000000011010101001000100
0001000001010010001001010000
0101000000011010101001000100
0101100000011010101001100100
0101100000011010101001000110
0010001100000100000110000001
0101100000011010101001100100
0010001100000100000110000001
0001000001010010001001010000
0001000001010010001001010000
0000000000000010001001001000
0001010011010010001001010000
0001000001110010001001010000
1001000001010011001001010000
0000000000000010001001001000
0101000000011010111001000100
0000000000000010001001001000
0001000011010010001001010000
0101100000011010101001100100

//
segsites: 39
positions: 0.0594 0.0818 0.1332 0.1339 0.1727 0.1743 0.1834 0.2340 0.4252 0.4711 0.4928 0.5185 0.5458 0.5793 0.6138 0.6181 0.6364 0.6441 0.6574 0.6779 0.6897 0.6954 0.7041 0.7083 0.7126 0.7216 0.7376 0.7472 0.8027 0.8085 0.8121 0.8283 0.8499 0.8931 0.8943 0.9242 0.9362 0.9921 0.9926 
000000000000100100000000100100000010010
000010000100100100000001000100000000010
010000100010000100001100000100000000010
000000000000110110000000000100000010010
000010000101100100000001000100000000010
010000000010000100001100000100000000010
000000000000100100000000000100000010010
000000000000100100000000000100000010010
000000000000100100000000000100000010010
001000011000000101010000010001111000010
000000000000100100000000000100000010010
000000000000100100000000000100000010010
110000000010000100000100000100000000010
000000000000100100000000000100000010010
000101000000001000100000000010000101100
000000000000100100000010001100000010011
000010000100100100000001000100000000010
000000000000100100000000000100000010010
000000000000100100000000000100000010010
001000011000000101010000010001111000010

//
segsites: 36
positions: 0.0019 0.0052 0.0256 0.0394 0.0784 0.0956 0.1083 0.1137 0.2114 0.2196 0.2367 0.2860 0.2923 0.3027 0.3132 0.3608 0.3704 0.3832 0.4209 0.4281 0.5675 0.6060 0.6648 0.6696 0.6811 0.7823 0.7861 0.8259 0.8790 0.8847 0.8944 0.8944 0.8960 0.9220 0.9408 0.9766 
000010001010001000000000001010000000
000000011010011001000101000000000100
100011001010001000000000000110000000
000000011010001000100000010001000000
000010001010001000000000001010000000
001100100100000100010000000000110001
000000011010101000000010110000000000
100011001010001000000000000110000000
100011001010001000000000000110000000
000000011010001001000000000000000100
010000001010001010001000000000001000
010000001010001010001000000000001000
010000001010001010001000000000001000
000010001010001000000000001010000010
000010001010001000000000001010000000
001100100100000100010000000000010001
000010001010001000000000001010000000
000000011011001001000000000000000100
010000001010001010001000000000001000
100011001010001000000000000110000000

//
segsites: 22
positions: 0.0160 0.0600 0.1291 0.1794 0.1855 0.2019 0.2177 0.2530 0.3384 0.3447 0.4493 0.6262 0.6503 0.6548 0.7273 0.7965 0.8015 0.8368 0.8531 0.8806 0.9854 0.9990 
0000001101000000010010
0001000000100000110011
0000001101000000010010
0000001101000000010010
0000000000010000001100
0000000000010000001100
1000110000000000000000
0100001001000000010010
1000110000000000000000
1000110000000000000000
0000000000010100001100
0001000000100000110011
1000110000000000000000
0000000010001000001100
0000000000010100001100
0000001001000000010010
0010001001000000010010
0000000000010100001100
0000001001000010010010
1000110000000001000000

//
segsites: 29
positions: 0.0694 0.0991 0.1009 0.1106 0.1182 0.1645 0.2156 0.2337 0.2538 0.2549 0.2747 0.3534 0.4463 0.4480 0.4733 0.6365 0.6389 0.6528 0.6620 0.6730 0.6889 0.7166 0.7357 0.7518 0.7860 0.8236 0.8698 0.8889 0.9707 
11000101010000001001010000100
11000101010000001001011000100
11001101010000001001010000100
11000101010000001001010000100
00000000100111010000100101010
11000101010000001001010000100
10100101010000001000010000100
10000101011000001000010000100
11000111010000001101010000100
10000101011000001000010000100
10100101010000001000010000100
00000000000111010000100101010
10100101010000001000010000100
11000111010000001101010000100
11000101010000001001010000100
00010001000000101010010010001
10100101010000001000010000100
00010001000000101010010010001
11000101010000001001010000100
10100101010000001000010000100

//
segsites: 21
positions: 0.0694 0.0783 0.1887 0.2033 0.2077 0.2160 0.2450 0.3099 0.3206 0.3312 0.3967 0.4323 0.5224 0.5301 0.6982 0.7211 0.7540 0.8132 0.8232 0.9149 0.9768 
000000000110000000101
000001000100000000101
000000000110000000101
100010011000010000000
100010011000010000000
001110110000001111000
000010011000010000000
010000000100100000011
000000000100000000011
000000000110000000101
000000000101000000011
000000000110000000101
000000000100000000011
000000000100000000101
001110110000001111000
001110110000001111000
000000000110000000101
000010011000010000000
010000000100100000011
000000000100000000011

//
segsites: 35
positions: 0.0071 0.0126 0.0741 0.1254 0.1872 0.2444 0.2951 0.3648 0.3801 0.3965 0.4269 0.4316 0.4490 0.4746 0.4935 0.4939 0.5179 0.5619 0.5678 0.5927 0.5956 0.6165 0.6970 0.7025 0.7302 0.7392 0.7688 0.7987 0.8512 0.8902 0.9042 0.9283 0.9467 0.9667 0.9762 
00000001000100100011010101001010010
00000001000100100011010101001010010
10001100100010011000000000110000000
10101100100000011000000000110000000
00010001010100100110010101001110010
10001000100001011000000000110001000
10001000100001011000000000110001000
10001100100010011000000000110000001
10101100100000011000000000110000000
00010001010100100110010101001110010
01000001000100100010110101001010010
10101110100000011000000000110000100
10001100100010011000000000110000001
00010001010100100110010101001110010
00000001000100100011010101001010010
01000001000100100010110101001010010
00000001000100100010011111001010010
10101100101000011000000000110000100
10001100100010011000000000110000000
10101100101000011000000000110000100

//
segsites: 31
positions: 0.0200 0.0275 0.0469 0.0545 0.0801 0.0935 0.1023 0.1029 0.1313 0.1497 0.1521 0.2438 0.3082 0.3194 0.4791 0.5257 0.5438 0.5666 0.6372 0.6403 0.6642 0.6987 0.7496 0.7676 0.7694 0.7982 0.8066 0.8255 0.8330 0.8420 0.9678 
1001001111001010100000000000011
1000000010001010100000001110010
1000001111001010100000000000010
1000001111001110100000000000010
1000001111001010100000000000010
1000001111001010100000000000010
1001001111001010100000000000010
1001001111001010100000000000011
1000001111001110100000000000010
1000000010001010100000001110010
1000000010001010100100000101010
1001001111001010100000000000010
1000001011001010101000000000110
1000000010001010100000000110010
1000000010001010100010000110010
1000001011001010101000000000110
0010110000010001010001110000000
1000000010101010100000000100010
1001001111001010100000000000010
1101001111001010100000000000010

//
segsites: 50
positions: 0.1540 0.1786 0.1966 0.2369 0.2391 0.2392 0.2604 0.2731 0.2855 0.2941 0.2956 0.3137 0.3594 0.3720 0.3756 0.4046 0.4197 0.4474 0.5021 0.5068 0.5399 0.5449 0.5699 0.5832 0.5980 0.6302 0.6568 0.6616 0.6972 0.7037 0.7080 0.7178 0.7318 0.7509 0.7756 0.8432 0.8459 0.8672 0.8780 0.8930 0.8998 0.9110 0.9171 0.9380 0.9525 0.9544 0.9645 0.9779 0.9923 0.9989 
01001101011010001000000010000000001100000000010111
01001101011010001000000010000000001100000000010111
01001101011010001000000010000000001100000000010111
00010000100001010110111100100111000001001001101000
01001101011010001000000010000000001100000000010111
00010000100001010110111100100111000001001001101000
00100000000001010110111100100111010001101001101000
00010000100101010110111100100111000001001001101000
00010000100001010110111100100111000001001001101000
00010000100001010110111100100111000001011001101000
00000000100001010110111101101111100001001101101000
10010000100001010110111100110111000001001001101000
01001101011010001000000010000000001000000000010111
01001101011010001000000010000000001000000000010111
00010000100101110111111100100111000001001001101000
00100000000001010110111100100111010001101011101000
00010010100101110111111100100111000001001001101000
10010000100001010110111100110111000001001001101000
01001101011010001000000010000000001000000000010111
01001101011010001000000010000000001010000000010111

//
segsites: 19
positions: 0.0506 0.2032 0.3203 0.3778 0.4431 0.4496 0.4753 0.5223 0.5558 0.5767 0.6616 0.6921 0.7038 0.7136 0.7203 0.7727 0.7920 0.8629 0.8667 
1110100000000000000
1100100000000000000
1100110000000000010
1100100000000000000
1100100000000000000
0001001010010110100
0001001110000110100
0001001110000110100
0001001110000110100
0001001011100100100
1100100000000000000
0001001010100100100
0001001010000101101
0001001110000110100
0001001010100100100
0001001010001101100
0001001110000110100
0001001010000101100
0001001010100100100
0001001010010110100

//
segsites: 30
positions: 0.0013 0.0690 0.1548 0.1554 0.1822 0.2368 0.2370 0.3236 0.3279 0.3306 0.3889 0.4156 0.4440 0.5734 0.6511 0.6748 0.6878 0.7185 0.7284 0.7290 0.7412 0.8324 0.8449 0.8592 0.8724 0.9150 0.9153 0.9380 0.9527 0.9588 
001000010000000001000001000000
010010100100011010000110000000
000000001100111000000000100001
001000010000000001000001000000
001000010000000001000000000000
000100001100011000000000100101
001000010000000001000001000000
001000010000000001000001000000
000000001110011000000000100001
010010000100011010000110000000
100000001100011100001000110011
001000010000000001000000000000
000000001100011000010000100001
000001001100011000010000100001
010010000100011010000110000000
010010000100011010000110000000
000000001100011000100000101001
000000001101011000000000100001
010010000100011010000110000000
100000001100011100001000110011

//
segsites: 32
positions: 0.0254 0.0967 0.1114 0.1176 0.1721 0.1762 0.2049 0.2131 0.2347 0.3084 0.4414 0.4476 0.4712 0.4791 0.5003 0.5029 0.5032 0.5115 0.5130 0.5448 0.5588 0.6125 0.6201 0.6832 0.7748 0.7837 0.7841 0.8033 0.8942 0.9453 0.9459 0.9980 
00001100000000100000001010000011
10010001000001010000000101001100
00000000000000000001000010100001
00001000000000000000001010000011
11000001000000010000000001001000
10010001001000010000000101001100
11000001000000010000000001001000
00001000000000000000001010000011
10010001010000011000000101001100
10010001000000011000000101001100
00001100000000100000001010000011
10100011000100010010010001001000
00001000000000000000001010000011
10010001000000011000000101001100
10010001000001010000000101001100
10010001100001010000000101001100
11000001000000010000000001001000
10000001000010010000100001011000
10010001000001010000000101001100
11000001000000010100000001001000

//
segsites: 31
positions: 0.0107 0.0544 0.0965 0.1323 0.1863 0.2398 0.2607 0.2982 0.3433 0.3487 0.3806 0.3855 0.3934 0.4106 0.4822 0.5200 0.5261 0.5332 0.5351 0.5531 0.5970 0.5989 0.6114 0.6697 0.6720 0.7829 0.8739 0.9028 0.9287 0.9736 0.9805 
0000000000000000001001010100000
0000000100000100000000000001010
0001001000000001000000000001000
0000000011000000000001000100000
0000000100000100000000000001010
0000000000000000001001010100000
0000000000000000001001010100000
0000000000000000001001000100000
0110010000100000000110000000000
0000000000000000001001010100000
0000000011000000000001000100000
0000000010000000000001000100000
0110010000100000000110000000000
0000000100000100000000000001010
0001000000010000000000101001101
0000100000000110000000000001000
1000000100000100000000000001010
0001000000011000110000100001101
0000000010000000000001000110000
0001001000000001000000000001000

//
segsites: 55
positions: 0.0456 0.0491 0.1221 0.1245 0.1281 0.1359 0.1368 0.1409 0.1650 0.1710 0.1746 0.1767 0.2009 0.2130 0.2374 0.2926 0.2994 0.3937 0.4469 0.4511 0.4597 0.4857 0.5089 0.5112 0.5131 0.5264 0.5316 0.5445 0.5560 0.5877 0.6346 0.6377 0.6380 0.6646 0.6991 0.7308 0.7338 0.7431 0.7726 0.7934 0.7935 0.8154 0.8529 0.8672 0.8823 0.8865 0.8982 0.9201 0.9241 0.9259 0.9553 0.9559 0.9734 0.9889 0.9925 
1001000000000100000010100000000010100101000000000001000
0000110000001000100000010100110000010000110101010000000
1001000000110100011011100000000010000101000000000001000
1001000000000100000010100000000010100101000000000001000
1001000100000100000010100000000010100101000000000001000
1001000000000100000010100000000010100101000000000001000
0000110000001000100000010100110000010000110101010000000
1001000000000100000010100000000010100101000000000001000
1001000100000100000010100000000010100101000000000001000
1001000000000100000010100000000010100101000000000001000
0010010000001000100000010000000000000010110000101000000
1001000000000100000010100000001010100101000000000001100
0010010000001000100000010000000000000010110000101000000
1001000010000100000100101001000010001100000010000000000
0100000001001011100000010000000101000000011000000110010
1001000100000100000010100000000010100101000000000001000
0000111000001000100000010100100000010000110101010000001
1001000010000100000100101001000010001100000010000000000
1001000000000100000010100000001010100101000000000001000
1001000000000100000010100010000010000101000000000001000

//
segsites: 37
positions: 0.0032 0.0104 0.0132 0.1100 0.1554 0.1940 0.1989 0.2009 0.2026 0.2155 0.2165 0.2360 0.2796 0.2893 0.3195 0.3685 0.4331 0.4668 0.4938 0.5325 0.5553 0.6220 0.6324 0.6587 0.6681 0.6883 0.6986 0.7009 0.7194 0.7330 0.7631 0.7728 0.7747 0.7759 0.8293 0.9620 0.9895 
0100000010000000000000010010001110001
0010000000000000000100000000000001100
0000000001000000000010000000001000000
0100010010000000000000000000001110001
0010000000000000000100000000000001100
0101001110000000001000100000101110001
0000000001000000000010000000001000000
0010000000000000110100000000000001110
0010000000000000100100000000000001100
0100000110010010000001000000101110001
0010000000000000000100000000000001100
0010000000000000100100000000000001100
0101001110001101001000000000101110001
0010000000000000000100000000000001100
0000000001000000000010000000001000000
0010000000000000100100000000000001100
1100000010000000000000000101001110001
0100100110000000000000001000111110001
0100000110100000000000000000101110001
0100100110000000000000001000111110001

//
segsites: 39
positions: 0.0051 0.0055 0.0060 0.0349 0.0381 0.0479 0.1281 0.1397 0.1878 0.2452 0.2504 0.3014 0.3490 0.3973 0.4042 0.4601 0.4693 0.4773 0.4892 0.5056 0.5514 0.5690 0.5925 0.6724 0.7015 0.7663 0.7761 0.8071 0.8123 0.8126 0.8442 0.8478 0.8493 0.8588 0.9068 0.9127 0.9301 0.9718 0.9736 
001110001010000000011101000101100000000
110001100100011011000000000000011000000
110001100100011011000000000000011000000
001110001010000000011101000101100000000
110001100101111011100000000010011000001
001110000010000000001101000101100000000
110001100100011011000000000000011000010
100001100100011001000000100000011000100
110001110100011011000000000000011000000
001110000010000000001101000101100011000
001110000010000000001101000101100000000
110001100100011011100000000000011000001
001110000010000000001101000101100000000
110001100100011011000000000000011000000
001110000010000000001101011101100000000
001110000010000000001101000101100011000
001110001010000000001101000101100100000
001110000010000000001101000101100000000
110001100100011111000010000000011000000
110001100100011011000000000000011000010

//
segsites: 18
positions: 0.0088 0.0570 0.0602 0.1128 0.1528 0.4071 0.4493 0.5064 0.5827 0.5993 0.6157 0.6304 0.6716 0.7875 0.8161 0.9292 0.9359 0.9649 
000001101000000000
000101110000000000
000001101000000000
000001100110000000
000001101000000000
000001101000000000
011101100000000000
000001100010000000
000001100010000000
000001101000000000
000001100010000000
000011100001000001
000001100000001100
000001100010000000
011101100000000000
000001101000000000
100000000000010010
000001100000000000
000001100010000000
100000000000110010

//
segsites: 21
positions: 0.1108 0.1359 0.2743 0.2999 0.3269 0.3392 0.4241 0.4603 0.4819 0.5010 0.5016 0.5131 0.5221 0.5432 0.5578 0.5879 0.7415 0.8572 0.8645 0.8649 0.8673 
000100001000000001000
010100101000001001100
000100001000000001000
010100101000001001100
000110001000001001110
000110001000001001110
000100001000000001000
000100001000000001000
001001010011100100000
000110001000001001110
000100001000000001000
000100001100000011000
100100001000001001101
000100001100000011000
000100001000000001000
000110001000001001100
000100001000000011000
000100001000000001000
000100001000000001000
000100001000010001000

//
segsites: 38
positions: 0.1314 0.1430 0.1648 0.1837 0.1909 0.2021 0.2046 0.2180 0.2429 0.2533 0.2812 0.3825 0.3955 0.4027 0.4274 0.4518 0.4581 0.4945 0.5155 0.5227 0.5234 0.5649 0.6099 0.6136 0.6679 0.6767 0.7389 0.7453 0.7501 0.7729 0.8664 0.8711 0.8972 0.9047 0.9807 0.9901 0.9906 0.9911 
01000000000000001100010010001000001001
01000000000110011100010000001000001001
01000000000000001100010010001000001001
01001000000110011100010000001000001001
01000000000110011100010000001000001001
10100011001001100010101100010110010100
01000000000000001100010010001000001001
10100011001001100010001100000110010100
01010000000010011100010001001001001001
01000000000000001100010010001000001001
01000000100010011100010001001001001001
01000100000010011100010001101001001001
01000000000000001100010010001000001001
01000000000000001100010010001000001001
01000000010000001100010010001000101001
10100011001001100010001100000110010100
01000000000110011101010000001000001011
01000000000110011101010000001000001011
01000000000000001100010010001000001001
01000000000010011100010001001001001001

//
segsites: 9
positions: 0.3373 0.3400 0.4746 0.5868 0.6758 0.8093 0.8417 0.8577 0.9883 
010111001
011011001
010011010
010111001
000000100
010011010
000000100
010111001
010111001
010111001
010111001
110011010
010111001
010111001
000000100
010111001
110011010
010011010
010111001
010011010

//
segsites: 48
positions: 0.0229 0.0562 0.0821 0.0994 0.1445 0.1887 0.1909 0.2443 0.2561 0.2567 0.2951 0.3126 0.3288 0.3407 0.3557 0.3662 0.3748 0.3755 0.3996 0.4106 0.4196 0.4365 0.4397 0.4471 0.4692 0.5113 0.5193 0.5217 0.5222 0.5253 0.5262 0.5355 0.5436 0.6226 0.6692 0.6955 0.7216 0.7272 0.7462 0.7744 0.8480 0.8689 0.9255 0.9315 0.9355 0.9662 0.9886 0.9909 
000001000001000000010100000010100000000010001010
011110111010000101100000100100010010101101100100
000001000000000010010100000010100000000010001010
011100010010101100100001100100000011001000100000
011100010010101100100001100100000011001000100000
000001000000000010010100000010100000000010001010
011100010010101100100001100100000011001000100001
000001000000010000010100000010100000000000001010
000001000000000010010100001010100000000010011010
011100010010101100100001100100000011001000100000
000001000000000010010100000010100000000010001010
000001000000000010010100000010100000000010001010
000001000000000010010100000010100000000010001010
100001000000010000011110000010100000000000001010
000001000000010000010100000010100000000000001010
000001000100000000000100010011101100010000000000
000001000100000000000100010011101100010000000000
000001000100000000000100010011101100010000000000
000001000100000000000100010011101100010000000000
100001000000010000011110000010100000000000001010

//
segsites: 22
positions: 0.0461 0.1217 0.1303 0.1855 0.1877 0.2114 0.2141 0.3338 0.3348 0.3676 0.3928 0.4383 0.5224 0.5345 0.5650 0.7746 0.7813 0.9065 0.9184 0.9241 0.9625 0.9773 
0000010100000000001000
0000110100000000000000
0100000010000001000000
0000010100000000000000
0000010100000000000000
0100000011010010000000
1100000010000001000000
0100000010000001000000
0000010100000000000000
0100001010010110100101
0100000010000001000000
0100000010000001000000
0000010100000000000000
0100000010000001000000
0000010100000000000000
0011000000000000010010
0000010100000000001000
0000010100000000000000
0000000000100000000010
0000010100001000000000

//
segsites: 40
positions: 0.0854 0.0938 0.1114 0.1126 0.1291 0.1602 0.2071 0.2490 0.2581 0.2627 0.3341 0.3462 0.3998 0.5035 0.5041 0.5315 0.5363 0.5407 0.5449 0.5568 0.5630 0.5739 0.5979 0.6028 0.6436 0.6444 0.6611 0.6954 0.7151 0.7186 0.7681 0.7870 0.8400 0.8450 0.8663 0.9435 0.9589 0.9649 0.9696 0.9845 
0000000000100101001000000000010110000100
1100101011010000100000001000000000000000
1100001011010000100010000001000000101000
0000000000100000000000000000010010000001
0000000000100000000001000100010010000000
0010000000100000000000010000010010000000
1100101011010000100000001000001000000000
0000000000100001001000000010110011010100
1100001011010000100010000001000000101000
0000000000100101001000000000010110000100
1100101011010000100000101000001000000000
0000000000100000000000000000010010000001
0000000000101001001100000010110011010100
0000000000100000000000000000010010000001
1100101011010000100000001000000000000000
1100101111010000100000001000000000000000
1100001011010000100010000001000000101000
0001010000100010010000000000010000000010
0001010000100010010000000000010000000010
0000000000100101001000000000010110000100

//
segsites: 31
positions: 0.0415 0.0959 0.1160 0.1949 0.2166 0.2329 0.2649 0.3177 0.3209 0.3362 0.3486 0.3976 0.4289 0.4577 0.4654 0.5006 0.5163 0.5284 0.5815 0.6271 0.6304 0.6469 0.6512 0.7117 0.8026 0.8086 0.8929 0.9140 0.9250 0.9670 0.9870 
1001010000001000010010110000110
0000000000010000000000000011000
1110100000001010010000110000000
0000000000010000000000000000000
0000001001100100001000000000000
0000001001100100001000000000000
1110100000001001010000111000000
0000000000010000000000000000000
1000000010001000010001110100001
1000000010001000010001110100001
1110100000001001010100111000000
1001010000001000010000110000110
0000001001100100001000000000000
1001010000001000010000110000110
0000001001100100001000000000000
1110100000001010110000110000000
1001010000001000010010110000110
1001010100001000010010110000110
0000000000010000000000000011000
1110100000001010010000110000000

//
segsites: 24
positions: 0.0919 0.1094 0.1115 0.1199 0.1838 0.1871 0.2377 0.2422 0.2633 0.3287 0.3500 0.4936 0.5240 0.6201 0.6868 0.6884 0.7008 0.7284 0.7647 0.7769 0.8375 0.8534 0.8538 0.8781 
110001001010010000111000
110001001110010000111000
000100100000000111000100
000100100000000111000100
000100100000000111000110
010001000010000000010000
000100100000000111000110
010011011010010000111000
110001001010010000111000
011001001011010000111000
000100100000000111000110
000100100000000111000110
000100100000000111000110
010001000010000000010000
010001000010000000010000
000100100000000111000100
110001001010010000111000
000100000000000111000101
000100000000101111000101
010001000010000000010000

//
segsites: 33
positions: 0.0053 0.0243 0.0656 0.1350 0.1588 0.1670 0.1772 0.2214 0.4267 0.4490 0.4955 0.5050 0.5723 0.6039 0.6485 0.6540 0.6637 0.6705 0.7243 0.7313 0.7611 0.7847 0.7936 0.7980 0.8033 0.8079 0.8568 0.9108 0.9122 0.9450 0.9642 0.9717 0.9964 
000100100000000000001100000001010
101000000000000000100110010000001
010000110000000000011100000001000
000011000101001100000000100000000
000000100000000010001100000001000
000000001110000100000001001100100
000011000101001100000000100000000
101000000000000000000110010000001
010000100000000000011100000001000
000000100000000000001100000001000
000000100000000000001100000001000
000000000100000100000001001000000
010000100000000000011100000001000
000000001110000100000001001100100
101000000000000001000110010000001
010000100000100000011100000001000
010000100000000000011100000001000
000000001100010100000001001110100
000011000101001100000000100000000
101000000000000000100110010000001

//
segsites: 25
positions: 0.0126 0.0138 0.0223 0.0460 0.0522 0.1215 0.2481 0.2958 0.3628 0.3947 0.4103 0.4432 0.4497 0.5349 0.5530 0.7213 0.8694 0.8789 0.8812 0.9193 0.9196 0.9271 0.9372 0.9685 0.9976 
0001010110000000001010010
1000000000001000110100000
0010000000101000110100000
0010000000001100110100000
0100001001000000000000100
0010000000001100110100000
0001110100000000001010000
0010000000001100110100000
0000000000001001100001000
0001010110000000001010010
0000000000011000100000001
0000000000011000100000001
0010000000001100110100000
0010000000101000110100000
0000000000011000100000001
0010000000001100110100000
0000000000011000100000001
0000000000011000100000001
0010000000001110110100000
0000000000001000100001000

//
segsites: 33
positions: 0.0012 0.0257 0.0781 0.1412 0.1665 0.1669 0.1889 0.2536 0.2604 0.2678 0.2953 0.3231 0.3569 0.4660 0.5123 0.5629 0.5641 0.5648 0.6025 0.6057 0.6469 0.6615 0.6999 0.7137 0.7381 0.7577 0.7795 0.8011 0.8306 0.8475 0.9010 0.9577 0.9804 
001000001000000110000100110000100
001100000000000110000100010000100
000010110111100001100000001111000
001100000000000110000100010000100
000010110110110001000000000111000
001100000000000110000100010000101
000010110110110001001000000111000
001000001000000110000100110000100
000010110110110001000000000111000
001100000000000110000100010000100
001000001000000110000100110000100
110001000000000110010110000000000
001000001000000110000100110000100
000010110110110001000000000111000
001100000000000110000100010000100
001000000000000110000101110000100
000010110110110001000000000111000
110001000000001110010110000000000
000010110111100001100000000111000
001000000000000110000100010000110

//
segsites: 42
positions: 0.0121 0.0352 0.0547 0.1327 0.1660 0.1703 0.1822 0.2203 0.2332 0.2345 0.2553 0.2985 0.3343 0.3499 0.4861 0.4862 0.5102 0.5236 0.5417 0.5535 0.5630 0.5730 0.5925 0.6484 0.6826 0.7158 0.7214 0.7833 0.7874 0.8231 0.8541 0.8737 0.8775 0.8842 0.8888 0.8961 0.9445 0.9587 0.9669 0.9713 0.9927 0.9960 
001100100001000100000000111000010000001100
100000010000110010001000000000001100110000
001100100001000100000000111000010000001100
000000001000000000010010000101000011000010
110000010010100010001000000000001100010000
110000010010100011001000000000001100010000
000000000000001000010010000111000011000010
001100100001000100000000111000010000001100
100000010000100010001000000000101100010001
100000010000110010001000000000001100110000
100000010000100010001000000000101100010001
001100100001000100000000111000010000001100
100001010000100010001100000000101100010001
000000000000001000010010000111000011000010
100000010000110010001000000000001100110000
100000010000110010001000000000001100110000
000000000100000000110011000101000011000010
110000010010100011001000000000001100010000
100000010000100010001000000000101100010001
100010010000110010001000000000001100110000

//
segsites: 12
positions: 0.1105 0.2002 0.2612 0.3692 0.4029 0.4317 0.4603 0.5592 0.6616 0.6701 0.9424 0.9647 
000000000000
000100000010
000000000001
000000000001
000100000010
000001010100
000100000000
000100000010
010000010000
000100000000
000000001000
000000000001
000100000000
001000000001
000000000001
001000000001
000001010000
000001010000
100110100010
000100000010

//
segsites: 15
positions: 0.2168 0.3895 0.4653 0.5305 0.6203 0.6355 0.6428 0.6714 0.6917 0.7423 0.7459 0.7784 0.9145 0.9265 0.9573 
000001001000000
000000000000001
000000001000000
000000101000000
000000001000000
000000000000000
001100001000100
010000000000001
001100001000000
000000000000000
000000010000000
000000000000001
000100001000000
000010001000000
000000000000000
000000000011010
101100001000000
000100001000000
000000000000001
000000101100000

//
segsites: 12
positions: 0.0059 0.0293 0.0819 0.2628 0.2734 0.2865 0.4096 0.5769 0.7517 0.8536 0.8788 0.9607 
010001000001
010000100001
010000100001
010100100001
010000110001
010000110001
010011000001
010100100001
010000100001
010011000001
010000110001
101000000110
010001000001
010001000001
010000100001
010011000001
010000100001
010000110001
101000000010
010001001001

//
segsites: 37
positions: 0.0049 0.0071 0.0213 0.0324 0.1111 0.1115 0.1639 0.1645 0.1651 0.1665 0.1812 0.1861 0.2146 0.2227 0.2760 0.3241 0.3291 0.3609 0.4175 0.4746 0.4945 0.5011 0.5207 0.5399 0.6059 0.6069 0.6431 0.6831 0.7298 0.8096 0.8329 0.8413 0.8565 0.8991 0.9395 0.9517 0.9577 
1000100000000010100000100000011001101
1000100000000010100000100000011001101
1000100000000010100000100000011001101
0000011000010010100000000001011000101
0000000000100010110000000000011000101
1000100000000010100000010000011011101
0000010000010010100000000010011100101
0011000110001100000001001000000000000
1000100000000011100010100000111001101
0011000110001100000001001000000000000
1000100000000010100100010000011011101
0000010000010010100000000001011000101
1000100000000010101000010000011011111
0000011000010010100000000001011000101
0000011000010010100000000001011000101
0100000000100010110000000000011000101
0000010000010010100000000010011000101
0000010001010010100000000010011000101
1000100000000010100100010100011011101
1000100000000010100100010000011011101

//
segsites: 53
positions: 0.0249 0.0376 0.0448 0.0629 0.0631 0.0724 0.0848 0.0911 0.1090 0.1239 0.1383 0.1600 0.2021 0.2126 0.2144 0.2169 0.2384 0.2410 0.2427 0.3381 0.3699 0.4252 0.5008 0.5022 0.5200 0.5377 0.5395 0.5497 0.5722 0.5803 0.5843 0.5903 0.6329 0.6407 0.6455 0.6801 0.6817 0.6921 0.7488 0.7670 0.7751 0.7806 0.7915 0.8206 0.8559 0.8654 0.8729 0.8935 0.9082 0.9413 0.9661 0.9771 0.9821 
00100000100000101010110110000010100001001000110000100
00100000000000000011110010000010100001001000110000000
00100000000000000011110010000010100001001000110000000
00100000100000101010110110000010100011001010111000100
10100001001000000010110010000010100001011000110011000
00100000000100000011110010000011100001001000110000000
00100000000000000011110010000010100001001000110000000
00010100010000010000001000010100010100100001000100001
01100000100000101010110110000010100001001000110000100
00100000000000000011110010000010100001001000110000000
10100001001000000010110010000010100001011000110011000
00100000100000101010110110000010100001001010110000100
00010110010001010000000000111100011100000001000100001
00100000100000101010110111000010100011001010110000100
00100000100000101110110110000010100001001110110000110
00011100010000010000001000010100010100000001000100001
00100000100010101010110110000010100011001010110000100
00100000100000101010110110000010100011001010110000100
00100000100000101010110110000010100001001000110000100
00100000100000101010110110000010100001001000110000100

//
segsites: 26
positions: 0.0011 0.0141 0.0185 0.0200 0.0913 0.1023 0.1369 0.1570 0.2146 0.2171 0.2254 0.2555 0.2605 0.2865 0.2934 0.2952 0.3677 0.4092 0.5335 0.5990 0.6058 0.6222 0.7059 0.8707 0.9333 0.9539 
00010110100100100101010110
01001000000010001010000000
01001000000010000010101000
00010110100100100101000110
00010011000000100100000000
00010110100100100101010110
01001000000010000010000000
11101000000001010010000000
00010011000000100100000000
11101000000001010010000000
01101000010001010010000000
01001000000001010010000001
01001000000010000010000000
11101000000001010010000000
01001000000010000010101000
01001000000010000010000000
01001000001001010010000001
01001000000010000010100000
01001000000001010010000001
00010110100100100101000110

//
segsites: 33
positions: 0.0214 0.0892 0.1123 0.1268 0.1927 0.2270 0.2433 0.2623 0.2678 0.2876 0.2927 0.3594 0.3764 0.3888 0.4018 0.4151 0.4924 0.5553 0.5768 0.5859 0.5936 0.5940 0.6140 0.6557 0.6877 0.6952 0.7271 0.7460 0.7809 0.8005 0.8025 0.8488 0.9844 
011100000100010011010100000000010
010100000100010000110010000100110
011100000100010001010000000000010
011100001100010001010000010000010
100001000001000000000001101011000
011100000100010001011000000000010
011100000100010001010000000000010
100001000001000000000001101011000
100001000000100000000000101011000
011100000100010001010000000000010
011100001100010001010000010000010
010100100100010000110010000000110
011100010100010000010000000000010
011100000100011001010000000000010
011100000100010001011000000000010
011100010100010000010000000000010
010100000100010000110010000000110
100001000000100000000000101011000
011100000100010001010000000000010
000010000010000100000000100010001

//
segsites: 52
positions: 0.1022 0.1059 0.1148 0.1221 0.1317 0.1769 0.1953 0.2134 0.2330 0.2448 0.2749 0.2983 0.3222 0.3312 0.3757 0.3775 0.3935 0.4333 0.4482 0.4532 0.5209 0.5601 0.5783 0.5924 0.6183 0.6252 0.6337 0.6404 0.6480 0.6774 0.6838 0.6858 0.7153 0.7180 0.7286 0.7290 0.7331 0.7417 0.7447 0.8290 0.8417 0.8562 0.8610 0.8830 0.8913 0.9067 0.9165 0.9242 0.9339 0.9521 0.9753 0.9989 
1000010010000100010001001010000000101000001100000000
1000010011000000010001001010000000101000001100010000
1000010010000100010001001010000000101000001100000000
1000010010000000010001001010000000101000001100010000
1000110110000010000001000000100000001100000100000011
1000010010000100010001001010000000101000001100000000
0000000000000000000011000000010000001010010100001000
1000110110000010000001000000100000001100000100000011
0000000000000000000011000000010000001010110100001000
1000110010000010000001000000100000001100000100000111
1000010010000101010001001010000000101000001100000000
1000010010000100010001001010000000101000001100000000
0011001000011000100000110101001111000001000011000000
0000000000000000000011000000010000001010010100001000
0111000000010000101100110100001101010000000001100000
1000010010000100010001001010000000101000001100000000
1000010010000000010001001010000000101000001100010000
1000110010000010000001000000100000001100000100000011
1000010010100000010001001010000000101000001100000000
0000000000000000000011000000010000001010110100001000

//
segsites: 40
positions: 0.0186 0.1360 0.1716 0.1904 0.1911 0.2120 0.2233 0.2340 0.2851 0.2983 0.3221 0.3459 0.3510 0.3703 0.4286 0.4455 0.4860 0.5032 0.5610 0.5679 0.5944 0.6115 0.6130 0.6155 0.6227 0.6431 0.6440 0.6474 0.6534 0.6845 0.7742 0.7929 0.8016 0.8355 0.8592 0.8677 0.8978 0.9426 0.9578 0.9599 
0010100000000000001000000000101110000001
0000000011011001010001000000000001000000
0000000011001001010001000000000001000000
0000100000000000000000000001101110000001
0101100000000010000010000000000110000000
0101100000000010000010000000000110000000
0000000011001001010101000000000001000000
0010100000000000000000000100101110000001
0000000011001001010101000010000001000010
0010100000000000000000001000101110000001
0000000011001001010101000000000001000010
1000000010000000000000100000010000101000
0010100100000000000000001000101110000001
0010100000000000000000001000101110000001
0000000011001001010001000000000001000000
1000010010100000100000110000000000101000
1000001010000000000000100000010000101000
0101100000000110000010000000000110010000
1000001010000000000000100000010000101000
1000000010000000000000000000000000001100

//
segsites: 39
positions: 0.0157 0.0247 0.0289 0.0989 0.1352 0.1442 0.1875 0.1893 0.1960 0.2569 0.2716 0.2805 0.2917 0.3024 0.3144 0.4146 0.4154 0.4388 0.4432 0.4480 0.4553 0.4919 0.5090 0.5166 0.5267 0.5369 0.6600 0.6610 0.7170 0.7714 0.8162 0.8301 0.8380 0.8405 0.8418 0.8441 0.8475 0.9406 0.9501 
000010000011011000000000000000010000100
100010100000100000001000000010010000100
001000000000000100000111000001100101000
001000000000000100000111000001000101010
001000000100000100000111000001000101000
001000000000000100000111010001100101000
001001000000000100000111001101000101000
000010100000100001001000000010010000100
001000000000000100000111000001000101000
000010001001001000000000000000010010100
010000010000000100100011100000001101001
000110001001001000000000000000010010100
000010001001001000000000000000010010100
001000000000000100010111001101000101000
100010100000100000001000000010010000100
000010000011011000000000000000010000100
001000000000000100000111010001100101000
000010001001001000000000000000010010100
000110001001001000000000000000010010100
000000010000000110100011000000001101001

//
segsites: 73
positions: 0.0104 0.0226 0.0262 0.0268 0.0532 0.1151 0.1408 0.1587 0.1603 0.1661 0.1678 0.1725 0.1862 0.1894 0.2308 0.2321 0.2496 0.2593 0.2613 0.2710 0.2794 0.2906 0.3384 0.3666 0.3919 0.4139 0.4270 0.4416 0.4420 0.4426 0.4578 0.4756 0.4883 0.4944 0.5086 0.5233 0.5321 0.5325 0.5417 0.5467 0.5526 0.5659 0.5793 0.5875 0.6166 0.6195 0.6539 0.6714 0.6747 0.6984 0.7225 0.7399 0.7462 0.7723 0.7729 0.7798 0.7830 0.8006 0.8092 0.8248 0.8328 0.8367 0.8501 0.8646 0.8841 0.8895 0.9230 0.9237 0.9441 0.9893 0.9936 0.9949 0.9985 
1011000010001100010000011000100000000101110000010000001100010111001100000
0000011101110001001001000111011111010000001111000110100011101000110011100
1011000010001110110000011000100000000011010000010000001100010111001100000
0000011101110001001001000111011111010000001111000110100011101000110011100
1011000010001100010000011000100000000101010000010000001100010111001100000
1111000010001100110000011000100000000011010000010000001100010111001100000
1011000010001100110000011000100000000011010000010000001100010111001100000
1011000010001100010000011000100000000001010000010001001100010111001100000
0000011101110000001001000111011111100000001110100010110011101000110011100
1011100010001100010000011000100000001001010000011000001100010111001100000
1011000010001100110000011000100000000011010000010000001100010111001100000
1011000010001100110000111000100000000011010000010000001100010111001100010
1011000010001100110000011000100000000011010000010000001100010111001100000
0000011101110001001001000111011111010000001111000110100011101000110011100
1011000010001100010010011000100000000001010000010000001100010111001100000
1011000010001100010000011000100000000101010000010000001100010111001100000
1011000010001100110000011000100000000011010000010000001100010111001100000
0000011101110001001101000111011111010000001111000110100011101000110011101
1011000010001100010000011000100000000001010000010000001100010111001100000
1011000010001100110000011000100000000011010000010000001100010111001100000

//
segsites: 58
positions: 0.0068 0.0211 0.0250 0.0433 0.0451 0.1413 0.1627 0.1925 0.2027 0.2386 0.3036 0.3360 0.3371 0.3464 0.3666 0.3681 0.3971 0.4203 0.4233 0.4692 0.4901 0.4998 0.5101 0.5107 0.5575 0.5789 0.6222 0.6279 0.6330 0.6370 0.6421 0.6450 0.6515 0.6635 0.6657 0.6921 0.6981 0.7376 0.7379 0.7494 0.7654 0.7668 0.7931 0.8067 0.8153 0.8162 0.8357 0.8429 0.8461 0.8545 0.8642 0.8773 0.8879 0.8913 0.9115 0.9325 0.9371 0.9849 
0001001000101010100000100001001000010100010100000101110000
0001001000101010100000000001001000010000010100000101110000
0000101111001001000000001000001000000010010100000100110000
0001001000101010100000000101101000010000010100000101110000
0001001000101010100000100001001000010000010100000101110000
0001001000101010100000000001001001010000010100000111110000
0000001000001000010000000000001000000000010100000101111001
0000001000001000010000000000001000000000010100000101110000
0101001000001000000010000000001010010000010101100101110000
0001001000101010100000100001001000010000010100000101110000
0000001000001000010000000000001000000000010100000101111001
0001001000101010100000100001001000010000010100000101110000
0001001000101010100000100001001000010000010100000101110000
0000001000001000010000000000001000000000010100000101110000
0000001000001100010000010000001000100000010100000101110000
1010010000010000001101000010010100001001101010011000000110
0000001000001000010000000000001000000000010100000101111001
0000101111001001000000001000001000000010010100000100110000
0001001000101010100000100001001000010000010100000101110000
0000001000001100010000010000001000000000010100000101110000

//
segsites: 25
positions: 0.0212 0.0846 0.0984 0.1394 0.1396 0.1485 0.1922 0.2528 0.3159 0.3699 0.3715 0.3837 0.4585 0.4867 0.4984 0.5167 0.5248 0.5501 0.5533 0.6251 0.6262 0.6619 0.8356 0.8357 0.9346 
0001101001000010110001110
0000000100010000000000000
0001100000000010010001010
1000100000000001010101010
0000100000000001010001010
0011100000000010010001110
0000110000000000010001010
0000110000000000010001010
0000000110010000000010000
0001100000000010010001110
0000100000000001010101010
0000000110011000000000001
0100000100010000000000000
0000110000000000010001010
0011100000000010010001110
0000000110010100001000000
0000110000000000010001010
0001100000000010110001110
0000100000000001010001010
0000000100110000000000000

//
segsites: 44
positions: 0.0091 0.0866 0.0900 0.1104 0.1466 0.1524 0.1654 0.1805 0.1896 0.1916 0.1963 0.2319 0.2352 0.2769 0.3123 0.3227 0.3650 0.3959 0.3964 0.4712 0.4795 0.4909 0.4974 0.5031 0.5300 0.5355 0.5600 0.5737 0.6197 0.6557 0.7223 0.7236 0.7491 0.8067 0.8105 0.8529 0.8855 0.8967 0.9120 0.9162 0.9189 0.9201 0.9459 0.9928 
00000101000000000000001000001000000000100001
00000001000000010001001000000000000000100000
00100000111000000000000001000000010101000000
00010010100100001110000010000000000000001000
00100000111000000000010001110000010101000000
00000001000000000001001000000000000000100100
00100000111000000000000001000000110001000000
00100000111000000000000001000000010001000000
00001101000001000000001000001000000000100010
11000000000000000000001100000001000000100000
00100000111000100000000001000100011000000000
00100000111000000000000001000000010101000000
00000001000000000001101000000000000000100000
00100000111000000000000001000100011000000000
00100000111000000000000001000000110011000000
00100000111000100000000001000100011000000000
00100000111000000000000001000000010101000000
00100000111000100000000001000110011000000000
11000000000010000000001100000001000000110000
00100000111000000000000001000000010101000000

//
segsites: 42
positions: 0.0070 0.0233 0.0351 0.0434 0.0436 0.0591 0.0650 0.0704 0.0714 0.1100 0.2425 0.2557 0.2591 0.3207 0.3427 0.4023 0.4200 0.4393 0.4445 0.4665 0.4787 0.4800 0.4879 0.4889 0.5899 0.5937 0.6119 0.6360 0.6562 0.6838 0.6925 0.7118 0.7156 0.7295 0.7617 0.7804 0.7897 0.8721 0.8808 0.8917 0.8954 0.9595 
010000100011000010100000000010000001000100
010000100001000010100000000010000001000100
001000100100000010000100000100100010000010
000010100001000011100000000010010001000100
001000100100000010000100000100100010000010
000010100001000011100000000010000001001100
100100000000110100000001010000001000110000
001000100100000010000100000100100010000010
000010100001000010110000000010000001000100
100001001000011100000011010001000000100000
000000100001000010100000100010000001000101
100100000000110100000001010000001000110000
100100000000110100000001010000001000110000
010000110001000010100000000010000101000100
010000100001000010100000000010000001000100
000010100001000011100000000010010001000100
100000001000011100000001011000000000100000
000010100001000011100000000010000001000100
001000100100000010001100000100100010000010
001000100100000010000100000100100010000010

//
segsites: 61
positions: 0.0075 0.0166 0.0394 0.0540 0.0602 0.0844 0.0944 0.0965 0.1163 0.1195 0.1416 0.1628 0.1801 0.1907 0.2005 0.2171 0.2608 0.2629 0.2834 0.3307 0.3370 0.3662 0.3681 0.3714 0.4155 0.4331 0.4380 0.4509 0.4717 0.4836 0.5049 0.5051 0.5172 0.5384 0.5396 0.5785 0.5790 0.5845 0.5970 0.6765 0.6789 0.7020 0.7292 0.7444 0.7619 0.8075 0.8220 0.8318 0.8376 0.8536 0.8675 0.8695 0.9174 0.9605 0.9616 0.9671 0.9674 0.9694 0.9813 0.9905 0.9989 
0011001010000010000111100110111000001010111001011000010000010
0011001010000110000011100110110000001010111001011000010000010
0011001010000110100011101110110000001010111001011000010000010
0011001010000010000111100110110100001010111001011000010000010
0011001010000010000111100110110000001010111001011100011000010
0011001010000010000011100110110000001010111001011000010100010
0011001010000010000011100110110000001010111001011000010100010
0011001010000110100011101110110000001010111001011000010000010
1100100100110000011000010000000001100001000100000011100011100
0011001010000010000011100110110000001010111001011000010100010
0011001010000010000011100110110000001010111001011000010100010
0011001010000110000011100110110000001010111001011000010000010
0011001010000010000111100110111000001010111001011000010000010
0011001010000010000111100111111000001010111001011000010000010
0011011010000010000111100110110000001110111001111000010000010
0011001010000010000011100110110000001010111001011000010100010
0011001010000010000111100110110000001010111001011000010000010
0011011010001010000111100110110000001110111001111000010000010
0011001010000010000111100110110000001010111001011100011000010
1000100101110001011000000000000010110001000110000011100010101

//
segsites: 17
positions: 0.0908 0.2619 0.2927 0.3141 0.3272 0.4095 0.4326 0.4604 0.4710 0.4764 0.5164 0.5221 0.6968 0.7171 0.7875 0.8814 0.9934 
00100000000100000
11000101011011010
00100000000100000
11000101011011010
00100000000100000
00100000000100000
11000101011011010
00100000000100000
00100000000100000
00100010000100100
11000101011011010
00100010100100000
00100000000100000
11000101011011010
00100000000100000
11001101011011011
11010101011011010
00100000000100000
00100000000100000
00100000000100000

//
segsites: 55
positions: 0.0036 0.0082 0.0086 0.0235 0.0271 0.0367 0.0594 0.0601 0.1042 0.1493 0.1586 0.1936 0.2232 0.2499 0.2823 0.3729 0.3834 0.3882 0.4065 0.4402 0.4745 0.4819 0.4860 0.5145 0.5341 0.5395 0.5507 0.5551 0.5699 0.5723 0.5772 0.5887 0.6090 0.6173 0.6208 0.6303 0.6572 0.6606 0.6769 0.6806 0.6900 0.7293 0.7436 0.7458 0.7466 0.7518 0.8154 0.8234 0.8256 0.8441 0.8444 0.9401 0.9564 0.9724 0.9861 
1000001001010001010010100011010000010010000100001000100
1000001001010001010010100011010000010010000100001000100
1000001101110000000100000001011000000000000110101001100
1000001001010001010010100011010000010010000100001000100
1001001001010001010010100011010000110010000100001000100
1000001001010001010010100011010000010011000100001100100
0110110000001110000001000100100111000100111001000010011
1001001001010001011010100011010000110010000100001000100
1000001011110000000100000001011000000000000110001001100
0110110000001110100001000100100111001100111001010010011
0110110000001110000001000100100111000100111001000010011
1001001001010001010010100011010000110010000100001000100
1000001001010001010010110011010000010010000100001000100
1000001001010001010010101011010000010010000100001000100
1000001001010001010010100011010000010010000100001000100
0110110000001110100001000100100111001100111001010010011
0110110000001110100001000100100111001100111001010010011
1000001001010001010010100011010000010010000100001100100
1001001001010001010010100011010000110010000100001000100
0110110000001110100001000100100111001100111001010010011

//
segsites: 37
positions: 0.0011 0.0014 0.0056 0.0381 0.0776 0.1423 0.1470 0.2367 0.2770 0.3323 0.3399 0.3582 0.3648 0.4514 0.4543 0.5033 0.5187 0.5437 0.5776 0.6067 0.6195 0.6266 0.6282 0.6589 0.6630 0.6791 0.7237 0.8125 0.8127 0.8610 0.8693 0.8732 0.8745 0.8748 0.8751 0.9552 0.9962 
0000110101111001100110001011010000000
0010000100001001000110001010011001010
0010000100001001000110001010010000000
0001001010000010011001010000100010101
1110000100001101000110001010011100010
0000110101111001100110001011010000000
0001001010000010011001010000100010101
0010000100001001000110001010011000010
0010000100001001000110101110010000000
1110000100001101000110001010011100010
0010000100001001000110101110010000000
0010000100001001000110001010010000000
0010000100001001000110001010011001010
0010000100001001000110001010011001010
0010000100001001000110001010011001010
0010000100001001000110001010011001010
0010000100001001000110001010011001010
0010000100001001000110001010011001010
0001000010000010011001010000100010101
0010000100001001000110001010011000010

//
segsites: 33
positions: 0.0593 0.0646 0.0716 0.0785 0.1478 0.1480 0.2259 0.2624 0.2811 0.3027 0.3371 0.3397 0.4804 0.4928 0.5031 0.5083 0.5221 0.5428 0.6016 0.6026 0.6537 0.6805 0.7112 0.7202 0.8031 0.8031 0.8069 0.8201 0.8337 0.8905 0.8960 0.9201 0.9525 
001000000000100000001100001010000
100000000101000000010000100000000
000110100010010000000000001001000
001000001000000101000000001100000
110000010101000010010000000000000
110000010101000000010000000000000
001000001000000101000000001000000
100000000101000000010000100000000
001001000000000000000100001000101
000110100000010000000000001001000
001000001000000101000000001000000
000110100000010000000000001001000
000110100000010000100000001001000
001000001000000101000010001000000
000110100000010000000000001001000
000000000001001000010001010000010
001000001000000101000000001000000
001000001000000101000000001000000
100000000101000000010000100000000
001000000000000000000100001000001

//
segsites: 27
positions: 0.0063 0.0896 0.0994 0.1056 0.1063 0.1851 0.2122 0.2713 0.2886 0.3024 0.3521 0.4342 0.4733 0.5459 0.5584 0.5632 0.5633 0.5769 0.6049 0.6080 0.6271 0.6667 0.6983 0.7974 0.8159 0.8177 0.8216 
001001011000011000011100001
001100011010001000010000001
001100011010001000010000001
001000011000011000010100001
001000011001011000010100001
001100011010001000010000001
001000011100111000010100101
001000011000011000010100001
010010100000000001100000000
010010000000000101100000010
101100011010001000010000001
001100011010001010010000001
010010000000000001100011000
001100011010001000010000001
101100011010001000010000001
001100011010001000010000001
001100011010001000010000001
001100011010001000010000001
001100011010001000010000001
001000011100111000010100101

//
segsites: 43
positions: 0.0472 0.0521 0.0546 0.0573 0.1284 0.1287 0.1755 0.2439 0.2461 0.2697 0.2871 0.3405 0.3435 0.3654 0.3683 0.4739 0.4807 0.5001 0.5070 0.5219 0.5554 0.5600 0.5631 0.5654 0.5860 0.5912 0.5973 0.6115 0.6121 0.6193 0.6222 0.6235 0.7119 0.7140 0.7350 0.7355 0.7903 0.8199 0.8465 0.9254 0.9370 0.9672 0.9723 
0000011100000000100011011000000111111110000
1110100001010001000000100011101000000000111
0100100001010000000000100010101000000000111
0000011100000000100011011000000111111110000
0000000100001000110011011000000111110110000
0110100001010001000000100011101000000000111
0110100001010011000000100010101000000000111
0100100001010001000000100010111000000000111
0100100001010001000000100010101000000000111
0101100011010000000100100000101000000001011
0101100011010000000100100000101000000001011
0000000100001000111011011000000111110110000
0101100011010000000100100000101000000001011
0110100001010001000000100010101000000000111
0110100001110001000000100111101000000000111
0100100001010001000000100010111000000000111
0110100001010001000000100011101000000000111
0000000100001000110011011000000111110110000
0100100001010001000000100010101000000000111
0000000100000100000011010000000111110010000

//
segsites: 44
positions: 0.0052 0.0061 0.0168 0.0308 0.1005 0.1057 0.1469 0.1682 0.1683 0.1913 0.1983 0.2183 0.2431 0.2738 0.2766 0.2801 0.3225 0.3321 0.3464 0.3758 0.3863 0.4383 0.4974 0.5377 0.5697 0.6032 0.6134 0.6149 0.6152 0.6968 0.7091 0.7219 0.7282 0.7572 0.7878 0.8159 0.8166 0.8304 0.8446 0.8751 0.9079 0.9185 0.9736 0.9886 
10000100100100000000100101011000001010000001
00011011010011011010000010000001000000000010
00011011011011011010000010000001000000000010
00011011010010010010000010100001010000100000
10100100100000100000101001011000001111000000
11000100100000000100100101011010101010000000
00011011010011011010000010000001000000000010
00011011010010010010000010100001010000100000
10000100100100000000100101011000001010000001
10000100100000000000100101011000001010000001
10100100100000000000101001011000001110001100
10000100100000000000100101011100001010000001
10000100100000000001100101011000001010000001
00011011010010010010000010000001000000000010
00011011010011011010000010000001000000000010
10000100100000000000110101011010101010000000
00011011010010010010000010100001010000100000
00011011010011011010000010000001000000000010
10100100100000100000101001011000001111000000
10000100100000000000100101011010001010010000

//
segsites: 56
positions: 0.0020 0.0052 0.0171 0.0191 0.0678 0.0716 0.0752 0.0942 0.0975 0.1539 0.1770 0.1921 0.2149 0.2396 0.2500 0.2552 0.2577 0.2646 0.2665 0.2800 0.2844 0.3558 0.3789 0.3924 0.4057 0.4201 0.4966 0.5295 0.5334 0.5371 0.5525 0.5626 0.5630 0.5707 0.6054 0.6239 0.6320 0.6438 0.7207 0.7316 0.7357 0.7369 0.7565 0.7632 0.7653 0.7706 0.7802 0.7901 0.8031 0.8204 0.8998 0.9127 0.9201 0.9201 0.9574 0.9689 
00000100111100010100001000100000000100111011010100010001
01011010000000000001000111011001000000000100100000001010
10100101100110010110100000100100000101111011000101010000
01011010000000000001000111011001000000000100100000001010
01011010000000000001000111011001000000000100100000001010
01011010000001000001000111011001000000000100100010001010
01011010000001000001000111011011000000000100100010001010
00000100110100110100001000100000000110111011010100010001
10100101100110010110100000100100000101111011000101010000
00000100110100010100001000100000100100111011010100110001
00000100110100110100001000100000000100111011011100010001
10100101100110010110100000100100000101111011000101010000
00000100110100110100001000100000000100111011011100010001
01011010000000000001000111011001000000000100100000001010
01011010000000000001000111011001001000000100100000001110
01011010000001000001000111011001000000000100100010001010
01011010000000001001000111011001010000000100100000001010
01011010000001000001000111011001000000000100100010001010
01011010000000001001010111011001010000000100100000001010
01011010000001000001000111011001000000000100100010001010

//
segsites: 39
positions: 0.0281 0.0320 0.0366 0.0820 0.0847 0.0895 0.1152 0.1622 0.1628 0.2172 0.2477 0.2770 0.2991 0.3427 0.3691 0.4214 0.4624 0.4820 0.4930 0.5013 0.5061 0.5234 0.5463 0.5569 0.6011 0.6077 0.6167 0.6168 0.6394 0.6945 0.7281 0.7370 0.7510 0.7802 0.8719 0.8757 0.8773 0.8862 0.9549 
000001110100010100000000000111000000011
000001110100010110000000000111000000011
000001110100010110000000000111000000011
011100000000100001101001011000011010000
100001110100010110000000000111000000011
100011110100010110000000000111000000011
011100000000100001101001011000011010000
000001111000010100000000000111100000010
000001110100010110000000000111000000011
011100000000100001101001011000011010000
000001110011010100000000000111100001110
011100000000100001101111011000011010000
000001110100010110000000000111000000011
010100000000101001101001011000011100000
010100000000100001111001011000011010000
000001110100010100000000000111000000010
000001110100010100000000100111000000010
000001110100010110000000000111000000011
000001110011010100000000000111100001010
000001110100010100000000100111000000010

//
segsites: 45
positions: 0.0465 0.0957 0.1426 0.1464 0.1598 0.1678 0.1686 0.1942 0.2542 0.2590 0.2945 0.2971 0.3882 0.4247 0.4650 0.4927 0.5508 0.5561 0.5576 0.5811 0.5877 0.6164 0.6653 0.6769 0.6794 0.6808 0.7026 0.7107 0.7137 0.7326 0.7362 0.8284 0.8332 0.8525 0.8850 0.8991 0.9098 0.9214 0.9376 0.9456 0.9459 0.9746 0.9867 0.9957 0.9976 
111001000000010010000000000110000100000000001
000000000000000000100011110000001010010000000
110001000000010010010000000100000100100000001
110001000000011011000000000100000100001000001
110001000000010010000000000100000100000000001
110001000000010010010000000100000100100000001
000000000000000000100001000000001010010100000
110100000000110010001000000100010100000010011
110001110000010010000000000100000100000000001
110110000000110010001000000100010100000010001
110001000011010111000000000100000100000000001
000000000000000000100001010001101011010000000
110000000000010010000100001100000100000000001
110001110100010010000000000100000100000000001
110001000000010010000000000100000100000000001
110001110000010010000000000100000100000000001
110001001000010011000000000100000100000000001
110100000000110010001000000100010100000010001
110001000000011011000000000100000100001000001
110001000001010011000000000100000100000001101

//
segsites: 29
positions: 0.0355 0.0401 0.1536 0.1553 0.1678 0.1703 0.1981 0.2054 0.2506 0.3244 0.3356 0.3976 0.4320 0.4665 0.4907 0.4931 0.5587 0.5699 0.6020 0.6241 0.6360 0.6786 0.7046 0.8179 0.8270 0.8865 0.9014 0.9312 0.9461 
01000100000000000001000001010
00000100010000000000000001100
00000100010000000000000001100
00000100010000000000110011100
00000100010000000000100001100
00000110010000000000000001100
10100100000000100100000101000
00000100010000000000000001100
00001100010000000000000001100
00000100010000000000000001100
00000000001110010010001000001
01000100000000000000000001010
00000101010001000000000001100
00000101010000000000000001100
00000100010000000000100001100
01000100000000000000000001010
00000100010000000000000001100
00000100010000000000000001100
00010100110000001000000001100
00000110010000000000000001100

//
segsites: 24
positions: 0.0226 0.0396 0.1833 0.2208 0.2488 0.2671 0.2909 0.3258 0.3305 0.3529 0.4003 0.4140 0.4846 0.5924 0.6056 0.6727 0.7855 0.7883 0.8144 0.8463 0.8618 0.9110 0.9185 0.9850 
000000000001000000000010
010000101000000000000000
001000000000000000001010
000000000000000000000010
010000001000000000000001
000000000001000000000010
010000001000000000000000
010001001000000000000000
000000000100001011000000
000100000000100100000000
010000001000000000000001
000000000000000000000010
000000000000000000000010
000000000000001011100000
010000001000000000000000
010010000000000000010000
000000000000000000000010
100000010000010000000000
010000000010000000010000
010000000000000000000100

//
segsites: 32
positions: 0.0001 0.0099 0.0187 0.0459 0.0748 0.1029 0.1069 0.1651 0.2405 0.2719 0.2845 0.2891 0.3185 0.3323 0.3333 0.3407 0.4149 0.4751 0.5218 0.5232 0.5600 0.5601 0.6315 0.6438 0.6934 0.7037 0.7847 0.8228 0.8790 0.8878 0.8903 0.9790 
00000000000000000000000010101000
01110000100000010001010100010000
00000010010000100000000011101000
10000010010000000000000010101000
00000000000100000100000010101100
00000010010000100000000011101000
01110000100000010001110100000000
01110000100000010001110100000000
00000001000011001000000000100000
00000001000001001000000000100000
00000010010000100000000011101000
10000010010000000000000010101000
00000000000000000000000010101000
00110000101000010011001100000000
00110000100000010001000100000001
10000010010000000000000010101000
00001000000000000000000010101000
00000000000000000000000010101010
00000001000011001000000000100000
00000100000100000100000010101100

//
segsites: 34
positions: 0.0044 0.0089 0.0242 0.0806 0.0867 0.1290 0.1765 0.1767 0.1852 0.1937 0.1949 0.2048 0.2649 0.2654 0.3355 0.3435 0.4292 0.4610 0.4773 0.4835 0.5029 0.5575 0.5745 0.5813 0.6432 0.6843 0.6981 0.7160 0.7452 0.8121 0.8192 0.8520 0.8891 0.9107 
0000001001100000001000100000000000
0000000100000101110000000010000000
1010010000000110000000011000000001
0000000000000101110000000010000000
0001000000010100010001000010100010
0000101001100000001000100000000100
1010010010000110000000011000000001
0000000100000101110000000010000000
0000000001101000000100000001001000
0000001001100000001000100000000100
0001000000010100010001000010100010
0000000100000101110000000010000000
0000001001100000001000100000000000
0000001001100000001000100000000000
0001000000010100010001000010100010
0100000001100000001000100100010000
0000001001100000001010100000000000
0000000100000101110000000010000000
0000000000000101110000000010000000
0000000000000101110000000010000000

//
segsites: 28
positions: 0.0494 0.0573 0.0945 0.1211 0.2271 0.2392 0.2538 0.2599 0.2791 0.3174 0.3313 0.3736 0.4368 0.4569 0.5174 0.5292 0.6044 0.6468 0.7401 0.7441 0.7530 0.7844 0.8098 0.8251 0.8316 0.8709 0.9321 0.9710 
0000000000000000100100110000
1010000010001010011010000001
0000000000100000100100110000
0000000000000000100100110000
0000000000010000100100111000
0000000000000000100100110000
0000000000000000100100110000
0000000000010000100100111000
1010000000001000010001000011
0000000000100000100100110000
0000000000010000100100110100
1010000000001001010001000011
0000000000100000100100110000
1011100000001000010000000001
1010000010001010011010000001
0000011000000000100100110000
0100000000000000100100110000
0000000101000100100100110000
0000000000000000100100110000
0000000000010000100100111000

//
segsites: 39
positions: 0.0166 0.0640 0.1658 0.1797 0.2257 0.2577 0.2615 0.3009 0.3333 0.3521 0.3647 0.3849 0.3889 0.4021 0.4039 0.4269 0.4525 0.4883 0.4893 0.4945 0.4956 0.5230 0.5694 0.5750 0.5753 0.6375 0.6419 0.6802 0.6854 0.7226 0.7254 0.7350 0.8380 0.8499 0.8709 0.8812 0.9371 0.9574 0.9916 
100001000010010001001001110000000101001
010000000000000010100100001110001000110
100000010010010001001001010000000101001
010000100000000010100100001110001000110
010000100000000010100100001110001000110
010000000000000010100100001110001000110
100000000010110001001001110001000101001
100000000010110001001011110001000101001
100000000010011001011001010000010101000
010000100000000010100100001110001000110
100100001010010001011001010000000101000
101000000010010001001001010000000101001
100000010010010001001001010000000101001
100000000011010001001001110000000101001
100000001010010101011001010000000101000
100010000010010001011001010000110101000
010000100000000010100100001110001000110
100001000110010001001001110000000111001
100000000010010001011001010000110101000
100001000010010001001001110000000101001

//
segsites: 32
positions: 0.0263 0.0317 0.0580 0.1204 0.1709 0.1741 0.2280 0.2405 0.3046 0.3654 0.4133 0.4221 0.4560 0.4871 0.5092 0.6259 0.6278 0.6348 0.6565 0.6777 0.6868 0.6880 0.7027 0.7154 0.7592 0.7664 0.8322 0.8354 0.8374 0.8906 0.8928 0.9878 
00000000000000000000010000000000
10000010000100000000000010000001
00000000110000000010000000100010
00000000000000000010000100000000
00100000000000001101000000000000
10000010000100000000000010000001
10000010000100000000000010000001
00000000000000000000010000000000
01010000000010000000111000001100
00000100000001001001000001010000
00000000000000001001000000000000
01010000001010000000110000001100
10000011000100100000000010000001
00000000000000001001000000000000
01010000001010000000110000001100
00000000000000000000010000000000
00000000000000000000010000000000
00000000000000000000010000000000
00001000000000011001000000000000
00000000000000000000010000000000

//
segsites: 27
positions: 0.0460 0.0557 0.0663 0.1355 0.1592 0.1741 0.2772 0.2887 0.3223 0.3526 0.3741 0.4691 0.4740 0.4790 0.4866 0.4969 0.5091 0.5450 0.5942 0.7063 0.7423 0.8005 0.8411 0.9222 0.9297 0.9608 0.9670 
001000000100010000000000010
000100000010000100000000000
001000000100010000000000000
000100000000000100000000000
000100100000100100000000000
000000000100010000000000001
000100000000000100000010000
000000000100010010000100000
000100000001000100011000100
000000000100010000100000000
000100010000000100000000000
000000000100010011000100000
000101000000100100000000000
000100000000000100000010000
100000000100010000100000000
000110000000000100000001000
000100000010000100000000000
000110000000000100000001000
010100001000001100000000000
000000000100010011000100000

//
segsites: 25
positions: 0.0312 0.0831 0.1014 0.2493 0.2506 0.2638 0.3316 0.3669 0.4709 0.4741 0.4828 0.5129 0.5481 0.5720 0.6132 0.6405 0.6588 0.6966 0.7246 0.8018 0.8145 0.8444 0.8555 0.8686 0.8688 
0100001110010000001000100
0100000110010000011000101
0100100110010000011000101
0110001110010000001000100
0100010001011000001000100
1000000000000110100100000
0100010000011001001000100
0100000110010000011000101
1000000000000110100100000
0100010000011001001000100
0101000110010000001001111
0101000110010000001001111
0100010000011000001000100
0100001110010000001000100
0100001110010000001000100
0100001110110000001000100
1000000000000110100110000
0100010000011000001000100
0110001110010000001000100
0100001110110000001000100

//
segsites: 30
positions: 0.0113 0.0405 0.0550 0.1002 0.1103 0.1117 0.1295 0.1453 0.1626 0.3409 0.3603 0.4905 0.4917 0.4995 0.5274 0.5320 0.5588 0.5621 0.5761 0.6062 0.6409 0.6743 0.7065 0.7215 0.7447 0.7957 0.8046 0.8663 0.9135 0.9568 
010001010001000001001000001010
010001010001000001001000001010
010001010001000001001000001010
100100100001011011001011000000
010001010001000001001000001011
010001010001000001001000001010
010001010001000001001000001010
010000010101000001101100001010
010001010001100001001000101010
010001010001000001001000001010
001010001010000000000000010100
010000010101000001101100001010
010000010101000101101100001010
010000010101000101101100001010
010001010001000001001000001010
010001010001000001001000001010
010001010001000001001000001010
010001010001100001011000101010
010001010001000001001000001010
010001010001000001001000001010

//
segsites: 37
positions: 0.0384 0.0715 0.1057 0.1060 0.1172 0.1458 0.1775 0.1870 0.1932 0.1942 0.2223 0.2283 0.2575 0.2659 0.3141 0.3246 0.3469 0.3524 0.4027 0.4229 0.5004 0.5301 0.5691 0.6026 0.6087 0.6414 0.6708 0.6999 0.7570 0.7636 0.7815 0.7885 0.7900 0.7965 0.8335 0.9540 0.9763 
1100000000000001000011001000000000101
0001110001011110011000000100011001000
1100000000000001000011001000000000101
1100000000000001000011001000000000101
1100000000100001000111001000000000101
1100000000000001000011001000000000101
1100000000000001000011001000000000101
1100000000000001000011001000000000101
0010110001011010011000000100001011000
1000000100000001100000111000000000111
0001110001011110011000000100011001000
0001110001011010011000000100011001000
0001110001011010011000000100011001000
1100000000000001000011001000000000101
1100000000000001000011001000000000101
1100000000000001000011001000100000101
1100000010000001000111001000000000101
1100000000000001000011001000000000101
0000111001011010011000000100001011000
1100000000000001000011001011000100101

//
segsites: 19
positions: 0.0296 0.0363 0.0552 0.0718 0.1025 0.1304 0.1883 0.2597 0.3271 0.3332 0.3395 0.3781 0.5037 0.5786 0.6950 0.7310 0.7681 0.8077 0.9700 
1010101100001000010
1000100110001101000
1000110100001000000
1010101100001000010
1010101100001000010
1000100100001000100
0001000000010000000
1000100110001101000
1010101100001000010
1010101100001000010
1010101100001000010
1010101100001000010
1010101100001000010
1000100110001101000
1000100100001000100
1000100100001111001
1010101100101000010
1110101101001000010
1010101100001000010
1110101101001000010

//
segsites: 14
positions: 0.0656 0.1558 0.2273 0.3002 0.3611 0.4098 0.4429 0.4490 0.4707 0.6617 0.6762 0.8461 0.8696 0.8989 
00100010000010
10000000010000
00000100101000
01000001000000
00000000000000
00000000000000
00000100101000
10000000000000
00000000000000
10000000000000
10000000000000
10000000000000
10000000000000
01001000000101
01010000000100
10000000000000
10000000000000
01000001000000
00100010000010
10000000000000

//
segsites: 41
positions: 0.0783 0.0819 0.1192 0.1497 0.1657 0.1705 0.1871 0.2391 0.2890 0.3203 0.3599 0.3657 0.3924 0.4008 0.4077 0.4745 0.4830 0.5172 0.5245 0.5455 0.5548 0.5953 0.6009 0.6245 0.6553 0.6645 0.6725 0.6728 0.6775 0.6856 0.6992 0.7252 0.7348 0.7392 0.7495 0.7561 0.8354 0.8736 0.8896 0.8964 0.9929 
00001000100100001100000001010000000000000
10110101001001110010010000001000101010011
10110101001001010010000000001000100010011
10110101001001010010000000001000100010011
00001000100100001100000001010000000000100
00001010100010000100000010010100000000000
11110101001001010010100100001000110011011
10110101001001010010100100001000110011011
00001000100000000100000001110000000000000
00001000100010000100000010010100000000000
10110101011001010010100000001000100011011
00001000100100001100000001010000000000000
00001000100000000101000000010001000100000
00001010100010000100000010010100000000000
00001000100000000100000001010000000000000
10110101001001010010000000001000100010011
00001000100100001100000001010000000000000
00001000100000000100000001010000000000000
00001000100000000101000000010001000100000
10110101001001010010001000001010100010011

//
segsites: 36
positions: 0.0673 0.1335 0.1469 0.1495 0.1511 0.1595 0.2178 0.2275 0.2282 0.2372 0.2715 0.2808 0.4096 0.4114 0.4231 0.4304 0.4958 0.5013 0.5386 0.5727 0.6147 0.6921 0.6948 0.7049 0.7065 0.7133 0.7219 0.7663 0.7860 0.8133 0.8693 0.8713 0.8973 0.9416 0.9623 0.9698 
000001000001001001000001000010000000
000001000001001001000001000010000000
100000000000000100100000000100000110
010001000001001000000101000000000000
000100010110100010000000000000010000
000010000100110010010000100000100000
100000001000000000101000000100000110
000000000000000000100010011000000110
100000000000000100100000000100000110
010001000001001000000101000000000000
000000100110100010000000000000000000
000010000100110010010000100000000000
000001000001001000000000000000001000
001000000000000000100000010001000110
100000000000000100100000000100000110
000000000000000000100010010000000110
010001000001001000000101000000000000
001000000000000000100000010000000111
010001000001001000000101000000000000
000000000000000000100000010000000110

//
segsites: 47
positions: 0.0129 0.0255 0.0606 0.0607 0.0898 0.1272 0.1636 0.2323 0.2508 0.2630 0.3039 0.3380 0.3927 0.4331 0.4338 0.4411 0.4515 0.4540 0.4781 0.4845 0.5201 0.5382 0.5488 0.5965 0.6086 0.6114 0.6118 0.6126 0.6329 0.6467 0.6498 0.6687 0.6712 0.6992 0.7510 0.7985 0.8177 0.8254 0.8395 0.8463 0.8723 0.8834 0.9624 0.9656 0.9758 0.9765 0.9876 
10001111001100001000001010001010101111101000011
10000011101100110000011001001010101000101000011
00110000000000000101100100010000010000010100100
10001111001100001000001010001010101111101000011
10000011001100000010001000001010101110101011011
10000011101101110000011001001010101000101000011
00110000000000000101100100010000010000010100100
01010000010000000100100100110100010000010100100
00110000000000000101100100010001010000010100100
00110000000000000101100100010000010000010100100
10001111001100001000001010001010101111101000011
00110000000000000100100100010000010000010100100
00110000000000000101100100010000010000010100100
00110000000000000100100100010000010000010100100
10000011101100110000011001001010101000101000011
00110000000000000100100100010000010000010100100
00110000000000000100100100010000010000010100100
00110000000000000100100100010000010000010100100
00110000000000000101100100010000010000010100100
10000011101110110000011001001010101000101000011

//
segsites: 29
positions: 0.0398 0.0629 0.0759 0.1708 0.1778 0.1890 0.2096 0.2241 0.2412 0.2599 0.3523 0.3572 0.3822 0.4063 0.4173 0.4458 0.5653 0.5943 0.7105 0.7418 0.7684 0.7686 0.7769 0.7975 0.8348 0.8682 0.8706 0.9221 0.9601 
00000101101010000000100001000
00000100101010000000100001000
00000100101010000000100001000
01010000000000010000000000010
00000100101010000000100001000
00000100101010000000100001000
00000100101010000000000000000
01010000000000010000000000010
10000010010100101101011100001
00000101101010000000100001000
00000100101010000000000000000
01010000000000010000000000010
00100000000001000000000010100
00001000000000000010000000000
00000100101010000000100001000
00000100101010000000100001000
00000100101010000000100001000
00000100101010000000100001000
00000100101010000000100001000
00000100101010000000000000000

//
segsites: 33
positions: 0.0283 0.0650 0.0803 0.2487 0.2705 0.2919 0.3042 0.3161 0.3239 0.3492 0.3512 0.3519 0.3767 0.3796 0.4095 0.5594 0.5711 0.6139 0.6457 0.6574 0.6618 0.6817 0.6937 0.7434 0.7508 0.7615 0.8073 0.8121 0.8518 0.8566 0.8759 0.9073 0.9212 
100001000101010001100000000111000
100000000101000000000000000011000
100000000101000001100000000011000
100000000101010001100000000011101
011000001000101000000101001000010
100001000101010001100000000111000
100000000101000001100000100011000
100001000101010011100000000011000
100001000101010011100000000011000
100001000101010001100000000111000
100000000101000000000000000011000
011000011000100000001101001000010
100001000101010011100000000011000
100000000101010001100000000011000
100000000101010001100000000011101
100000000101000001100000000011000
011000011000100000001101001000010
011010100010100000010111001000010
011100001000100100001101011000010
100001000101010001100000000111000

//
segsites: 45
positions: 0.0109 0.0198 0.0314 0.0493 0.1014 0.1612 0.1625 0.1793 0.1825 0.2147 0.2227 0.2472 0.3194 0.3297 0.3401 0.3620 0.3831 0.3861 0.4101 0.4668 0.4799 0.4829 0.5018 0.5036 0.5104 0.5232 0.5326 0.5890 0.5931 0.6234 0.6269 0.6646 0.6674 0.6700 0.7514 0.7646 0.8231 0.8387 0.8390 0.8663 0.8978 0.9019 0.9252 0.9406 0.9470 
111011100010011100111000000010000010000010101
111011100010011000011000000010010010001010111
000100010000100011000110100101100000000101000
111011100010011100111000000010001010000010101
010001000000011000011000001000000011000010001
010001000000011000011000001000000011000010001
111011100010011000011000000010010010001010111
000100010000100011000110100101100000000101000
111011100010011100111000000010000010000010101
000100010000100011000110100101100000000101000
010001000000011000011000001000000111000010001
010001000000011000011000001000000010100010001
000100010000100011000111100100100000000101000
000100011000100011000110100100100000000101000
000100010000100011000110100100100000010101000
111011100110011000011000010010000010001010111
010001000001011000011000001000000010100010001
000100010000100011000110100101100000000101000
000100010000100011000110100100100000000101000
010001000000011000011000001000000011000010001

//
segsites: 40
positions: 0.0043 0.0455 0.1531 0.1632 0.1719 0.1833 0.1892 0.1932 0.2147 0.2286 0.2463 0.2828 0.2933 0.3553 0.3840 0.3854 0.3875 0.4005 0.4118 0.4706 0.4939 0.5405 0.6004 0.6324 0.6338 0.6432 0.6627 0.6733 0.6806 0.6959 0.6969 0.7160 0.7421 0.7571 0.7671 0.8446 0.8758 0.9572 0.9826 0.9929 
1000010100100000011000110100100011100100
1010010100100000011000110100100011100100
1100010100110010011000110100100011000100
0001000010001101100111000011011100010011
1100010100110010011000110100100011000100
1000010100100000011000110100100011100100
0001000010001101100111000011011100010011
1100010100110010011000110100100011000100
1010010100100000011000110100100011100100
1010010100100000011000110100100011100100
0001000010001101100111000011011100010011
0001001011001101000011001011011000000001
0001001011001101000011000011011000000001
1010010100100000011000110100100011100100
1100010100110010011000110100100011000100
0001101011001101000011001011011000000001
0001000010001101100011000011011000011011
1000010100100000011000110100100011100100
0001000010001101100111000011011100010011
0001101011001101000011001011011000000001

//
segsites: 35
positions: 0.0232 0.0914 0.1202 0.1467 0.1634 0.1882 0.2652 0.3945 0.3960 0.3963 0.4723 0.5219 0.5269 0.5471 0.5695 0.5790 0.6155 0.6599 0.6746 0.6798 0.6822 0.6934 0.7055 0.7730 0.7751 0.8153 0.8404 0.8465 0.8628 0.8847 0.8892 0.9024 0.9582 0.9583 0.9701 
01101010000001010000001001001001000
01101010000001010000001011001001000
01101011000001000000001001000101000
01101010100001000000011001000000010
01101010000001000000011001000000010
01101010000011000000001001011001000
01101011000001000000001001000101000
01101010000001000100011001000000010
01101010000001001000011001100000010
01101010000001000000011001000000010
01101010100001000000011001000000010
01010100010001000010001001000010101
01101010000011000000001001011001000
01101010000001000000001001001001000
01101011000001000000001001000101000
01101010000011000000001001011001000
10000000001100100001100100000000000
01101010000011000000001001011001000
01101010000001000000011001000000010
01010100010001000010001001000010101

//
segsites: 29
positions: 0.0195 0.0260 0.0267 0.0643 0.0644 0.0888 0.1234 0.1323 0.1380 0.1573 0.2894 0.3126 0.3319 0.3627 0.3784 0.4280 0.4320 0.4623 0.4748 0.4930 0.5680 0.5840 0.7027 0.7276 0.7521 0.7942 0.8286 0.9230 0.9479 
10000001000000010000001100000
10000000000000011000001100000
10000000000000010000001100000
00001000000000000000010010011
01000100000100010011100000000
01000110000100010011100001000
00001000000000100000000000011
01000000010000010111100000000
00001000000010000000000000111
00001000000001100000000000011
00001000100000000000000000011
01010000010000010111100000000
00001000000010000000000000111
00101000000000000000010010011
10000000000000010000001100000
01000000011000010111100000000
00001000100000000000000000011
00001000000010000000000000111
01000000010000010111100000000
01010000010000010111100000000

//
segsites: 29
positions: 0.0135 0.1032 0.1354 0.1509 0.1861 0.1999 0.2071 0.2359 0.3142 0.3296 0.3570 0.4580 0.4590 0.4673 0.5249 0.5844 0.6946 0.7221 0.7388 0.7400 0.8204 0.8204 0.8528 0.8644 0.8953 0.9325 0.9406 0.9457 0.9496 
00000101000000000000001000000
10010000010001000000100000000
00000101000000000000001000000
00000101000000001000001010000
01100100101000000010001000010
00000111000100000001001000001
00000111000110110001001000100
00000101000000000000011000000
00000111000110100001001000100
00001100000000000000001101000
00000101000000000000011000000
00000101000000000000001000000
00000100000000000000001101000
00000111000110100001001000100
00000100000000000000001101000
00000101000000000000001000000
10010000010001000000100000000
01100100101000000000001000010
00000111000110100101001000000
10010000010001000000100000000

//
segsites: 17
positions: 0.0364 0.0566 0.2178 0.2281 0.4804 0.4971 0.4979 0.5392 0.5829 0.7046 0.7603 0.7983 0.8532 0.8808 0.9017 0.9168 0.9336 
00001000100110000
00000101001100000
00100101001100000
11000000010000001
11000000010000001
00001000000110000
11000000010000001
11000000010000001
00011010000110010
00000101001100000
11000000010000001
11000000010000101
00001000000110000
00011010000110010
00011010000110010
00000101001100000
11000000010000001
11000000010001001
00001000100110000
00000101001100000

//
segsites: 28
positions: 0.0494 0.0850 0.1206 0.1672 0.1834 0.2475 0.3026 0.3043 0.3283 0.5275 0.5425 0.5449 0.5594 0.5731 0.5756 0.6290 0.6364 0.6544 0.6576 0.7005 0.7138 0.8373 0.8840 0.8841 0.9139 0.9727 0.9864 0.9909 
0000101000001000110011000001
0011000001100010000000100000
0000000000001000100000010000
0000000000001000100000010000
0011000001100110000000100000
0011000001100110000000100000
0011000001100110000000100000
0100000000000000001000000000
0010010000100000000000000000
0011000001100110000000100000
0011000001100010000000100000
0011000001100010000000100000
0100000000000000001000000000
0011000000100010000000100000
1000000110011000100000001100
0011000001100010000100100000
0011000001100010000000100010
0011000001100011000000100000
0011000001100110000000100000
0011000000100010000000100000

//
segsites: 32
positions: 0.0111 0.0394 0.0524 0.0566 0.1043 0.1140 0.1249 0.1682 0.2026 0.2827 0.2853 0.3182 0.3517 0.3561 0.4575 0.4607 0.5185 0.5381 0.6737 0.7098 0.7152 0.7253 0.7556 0.7820 0.8499 0.8682 0.8768 0.9034 0.9440 0.9708 0.9784 0.9962 
11010100011000100010010001100010
11010100011010100010010001100010
11010000001000110100100001100010
11010000101000110100100001101010
11010100011000100010010001100010
11010000001000110100100001101010
11010000001000110100100001100010
00100010000101001001001110000101
00100010000101001001001110000101
11010000001000110100100001100010
11010100001000100000010001100010
11010000001000110100100001101010
00100011000101001001001110000101
11010000101000110100100001101010
00100010000101001001001110000101
11010000001000110100100001100010
11010000101000110100100001101010
11010100011000100010010001100010
11010000001000110100100001101010
11011000001000100000010001110010

//
segsites: 38
positions: 0.0017 0.0181 0.0476 0.0587 0.0611 0.0665 0.0675 0.0857 0.1551 0.1620 0.1795 0.1909 0.2433 0.2454 0.2652 0.2894 0.3516 0.3812 0.4100 0.4529 0.4703 0.4763 0.5154 0.5322 0.5544 0.5804 0.5838 0.5957 0.6077 0.6895 0.7470 0.7533 0.7721 0.8231 0.8848 0.9530 0.9601 0.9832 
00000101000011101000010110110110000101
00101000011100000011000000001001000010
00000101000011101000010110100110000100
10000000010000000111000001001000011000
00000101000011101000010110100110000100
01000010111000010011000000001000000010
00010101000011101000010110100110000100
00000101000011101000010110110110000101
10000000010000000011000001001000011000
00000101000011101000010110100110000100
00000101000011101000110110100110100101
00000000011000000011001000001001000010
00000101000011101000010110100110000100
10000000010000000111000001001000011000
10000000010000000011000001001000011000
00000000011000000011000000001001000010
00000101000011101000010110100110000101
10000000010000000011000001001000011000
00000101000011101000010110100110000100
00000000011000000011000000001001000010

//
segsites: 41
positions: 0.0099 0.0160 0.0250 0.1811 0.1883 0.2074 0.2121 0.2688 0.2925 0.3236 0.3701 0.3828 0.4106 0.4207 0.4359 0.4943 0.5103 0.5342 0.5709 0.5713 0.6080 0.6127 0.6221 0.6536 0.6724 0.7033 0.7228 0.8148 0.8273 0.8474 0.8609 0.8896 0.8942 0.9244 0.9296 0.9456 0.9473 0.9745 0.9772 0.9802 0.9806 
10100111110000100001000001000000010001100
10100111010100100001000000000000010000100
10100111010100100001000000000000010000100
10100111110000100001000001000000010001100
00000000001011001100101000111100001110011
10110111110000100001000001000000010001100
01000000001011001100101100111100101110011
01001000001011011100101000111100001110011
10100111010100100001000000000000010000100
10100111110000100001000001000000010001100
10100111010000100001010000000011010000100
01000000001011001100101000111100001110011
10100111010100100001000000000000010000100
10110111110000100001000001000000010001100
10100111010100100001000000000000010000100
10100111010100100001000000000000010000100
10110111110000100011000001000000010001100
10100111110000100001000001000000010001100
10100111010100100001000000000000010000100
10100111010100100001000010000000010000100

//
segsites: 42
positions: 0.0403 0.1343 0.1674 0.2194 0.2256 0.2535 0.2775 0.3206 0.3254 0.3372 0.3713 0.4256 0.4273 0.4390 0.4696 0.4718 0.5039 0.5141 0.5290 0.5303 0.5330 0.5348 0.5435 0.5697 0.5954 0.5954 0.5986 0.6055 0.6342 0.6372 0.6520 0.6848 0.7303 0.7418 0.7966 0.8123 0.8413 0.8672 0.8757 0.9284 0.9457 0.9541 
000001000000100100110000000010011000001011
111100100100000000000000101100000011000100
000001000000100000110000010010001000001001
111100100100000000000000101100000011000100
000001000000100000111000010010001000001001
111100100100000000000000101100000011000100
111100100100000000000000101100000011000100
111100110100000000000000101100000011000100
000001000000100000110000000010001000101001
000001000000100000110000000010001000101001
000001000000100000110000000010001000101001
111110100100000000000000101100000011000100
011100000010010010000101001001000010000100
111100100000000000000010101100000010000100
011100000011011010000101001001000010000100
011100000000000010000000001000100110010100
111100100100000000000000101100000011000100
111100100000000000000010101100000010000100
000001000000100000110000000010001000101001
011100001000000011000000001000000110000100

//
segsites: 26
positions: 0.0491 0.0514 0.0705 0.1471 0.1782 0.1785 0.2562 0.2687 0.2897 0.3241 0.3669 0.4978 0.5450 0.5642 0.5716 0.6616 0.6648 0.7651 0.7813 0.8419 0.8435 0.8483 0.8585 0.8768 0.8903 0.8998 
01000000001000000000000001
01000000001000000000000001
00000001000001000000000001
00000110100100100000111010
11000000001000000000000001
00011000000000000000000001
01000000001000000000000001
00000000000000001100000101
00000001010001000000000001
01000000001000000000000001
00000001000000000001000001
01100000001000000000000001
00000001000010010000000001
01000000001000000000000001
00000001000010000000000001
00000000000000001100000101
00000000000000001100000101
00000110100100100000101010
00000001000010010000000001
01000000001000000010000001

//
segsites: 45
positions: 0.0359 0.0537 0.0698 0.1140 0.1397 0.1613 0.1674 0.1734 0.2593 0.2623 0.2788 0.2898 0.3028 0.3142 0.3519 0.3725 0.3774 0.4220 0.4668 0.4758 0.5007 0.5032 0.5169 0.5358 0.5570 0.5915 0.5948 0.6083 0.6142 0.6318 0.6529 0.6577 0.6658 0.6776 0.7361 0.7546 0.7689 0.7981 0.8106 0.8374 0.8457 0.9453 0.9685 0.9768 0.9798 
000001100000000001010010011000000000000000000
000001100000100001000000011000000010000000000
000001100000100001000000011000000010001000000
000001101000100001000000011000000010000000100
000001101000100001000000111000000010000000000
000100010111000000001000000000011000100010000
000001100000000001010010011011000000000000000
000001100000000001010010011000000000000001000
000001100000000001010010011000000000000000000
000001100000000001010010011000000000000000000
100010000000011110100101000000100101010100011
000001100000100001000000011000000010000000000
100010000000011110100101000000100101010100011
000001100000000001010010011000000000000000000
000001100000100001000000011000000010000000000
000001100000000001010010011000000000000000000
000001100000100001000000011100000010000000000
010001100000000001010010011011000000000000000
010001100000000001010010011011000000000000000
001001100000000001010010011000000000000000000

//
segsites: 13
positions: 0.0751 0.2157 0.2757 0.3908 0.5456 0.5759 0.6594 0.6876 0.8620 0.8638 0.9131 0.9166 0.9652 
0000011000010
0000011000010
1000011000010
0000011000010
0100010100000
0010100011101
0010000001100
0010000001100
0010000001100
0001011000010
0010000001100
0000011000010
0000011000010
0010000001100
0000010000010
0010000001100
0000010000010
0000011000010
0010000011101
0000011000010

//
segsites: 47
positions: 0.0309 0.0663 0.0722 0.1204 0.1447 0.1569 0.1690 0.1903 0.1925 0.2069 0.2107 0.2523 0.2679 0.2698 0.3223 0.3607 0.3864 0.3885 0.4177 0.4286 0.4410 0.4536 0.5009 0.5584 0.5650 0.5928 0.6452 0.6734 0.7117 0.7172 0.7271 0.7414 0.7554 0.7600 0.7713 0.7757 0.8061 0.8106 0.8421 0.8605 0.9145 0.9235 0.9369 0.9435 0.9627 0.9807 0.9870 
01110110100011010001101000100111101011001100011
01110110100010010001001000100110101001001100011
11110110100010010001001000100110101001001100011
11110110100010010001001000100110101001001100011
00001001001100101000000111010000010100110010000
00100110110010010100001000100110001001001100011
01110110100010010001001000100110101001001100011
01110110100010010001001000100110101001001100011
01110110100011010001101000100111101011001100011
01110110100010010001001000100110101001001100011
00000001001100101000010111010000010100110011000
00100110100010010110001000101110001001001100011
01110110100010010001001000100110101001001100111
01110110100010010001001000100110101001001100011
00000001001100101000010111010000010100110010000
01110110100010010001001000100110101001001100011
01110110100010010001001000100110101001001100011
01110110100010010001001000100110101001001100111
00000001001100101000010111010000010100110011000
01110110100010010001001000100110101001001100111

//
segsites: 45
positions: 0.0024 0.0085 0.0107 0.0191 0.0411 0.0455 0.0608 0.0634 0.0635 0.1068 0.1164 0.1866 0.2470 0.2506 0.2570 0.2793 0.3073 0.3519 0.3564 0.3744 0.4060 0.4074 0.4872 0.4880 0.5236 0.5296 0.5371 0.5613 0.6087 0.6298 0.6843 0.6902 0.7168 0.7318 0.7513 0.7770 0.7816 0.7915 0.8108 0.8574 0.8982 0.9012 0.9110 0.9631 0.9724 
100111000110001000010011000010100101100100000
100111000110001000010011000010101111100100000
000110000110001000010011100010000000100101100
100111001110001000010011000010100101100100000
000000110000110101000000001100010000000010001
100111000110001000010011000010100101100100010
001000000000100010000000000000000000001000001
001000000000100010001000000001000000001000001
100111000110001000010011000010100101100100000
110111000111001000010011000010000101100100000
000110000110001000010011100010000000100101100
110111000110001000110011010010000101100100000
110111000110001000110011010010000101100100000
001000000000100010000000000000000000001000001
000110000110001000010011100010000000100101100
000110000110001000010111000010000000100100000
001000000000100010000000000000000000001000001
001000000000100010000000000001000000001000001
100111000110001000010011000010100101100100000
000110000110001000010111000010000000110100000

//
segsites: 68
positions: 0.0011 0.0072 0.0098 0.0098 0.0222 0.0540 0.0551 0.0697 0.0859 0.1140 0.1158 0.1504 0.1510 0.1589 0.1678 0.1817 0.1883 0.2121 0.2196 0.2428 0.2493 0.2641 0.2662 0.2713 0.3042 0.3302 0.3430 0.3483 0.3520 0.3567 0.3582 0.3782 0.3850 0.3894 0.3895 0.4280 0.4528 0.4535 0.4839 0.5274 0.5428 0.5590 0.5746 0.5972 0.6106 0.6332 0.6484 0.6595 0.6756 0.7323 0.7344 0.7352 0.7439 0.7771 0.7795 0.7974 0.8007 0.8279 0.8302 0.8394 0.8456 0.8539 0.8600 0.8825 0.8959 0.9059 0.9418 0.9896 
11001111011000000000010111100011001110100101001000011000100000000101
00110000100101100101000000011100110001001010110011100111011001111000
00100000100101100101000000011100110001001010110011100111011001111000
11001011011000001000110001000001001110100100001000011000000010000100
11001011011000001000110001000001001110100100001000011000000010000100
11001111011000000000011111100011001110100101001000011000100000000101
00100000100101100101000000010100110001001010110011100111011001111000
11001011011000001000110001000001001110100100001000011000000010000100
00100000100101100101000000010100110001001010110011100111011001111000
00100000100101100101000000010100110001001010110011100111011001111000
11001011011000000000010001000011001110100100001100011000000000000100
11001011011010010010010001000001001110110100001000011000000100000110
00100000100101100101000000010100110001001010110011100111011001111000
00100000100101100101000000010100110001001010110011100111011001111000
00100000100101100101000000010100110001001010110011100111011001111000
11001011011000000000010001000011001110100100001100011000000000000100
11001111011000000000010111100011001110100101001000011000100000000101
00100000100101100101000000010100110001001010110011100111011001111000
00110000100101100101000000011100110001001010110011100111011001111000
00110000100101100101000000011100110001001010110011100111011001111000

//
segsites: 17
positions: 0.1294 0.1329 0.1799 0.1837 0.2062 0.3129 0.3297 0.4447 0.4641 0.4955 0.5796 0.6029 0.6417 0.7470 0.7848 0.8036 0.8227 
10001000100000000
00000000000000100
00000000000000100
00000000000000100
00001000100010000
00000000000000100
00001000001000010
00100100000100000
00001000001000010
00000000010000001
00001000100000000
00000011000001000
00000000000000100
00011000001000010
01000000000000100
00000011000001000
00000000000000100
00001000100010000
01000000000000100
00000000000000001

//
segsites: 20
positions: 0.0070 0.0181 0.0416 0.0772 0.1120 0.1149 0.2344 0.2355 0.2875 0.3480 0.3564 0.4099 0.4796 0.5543 0.7495 0.7731 0.7894 0.9156 0.9612 0.9814 
10000100001000001000
10010100011000001000
00100000000000110011
00000000000000110011
10010100011100001000
01000000000001100000
01000000100000100000
01000000000000100000
01000000000000100000
00000000000000100100
10000100001000001000
00100000000000110011
01000010000000100000
00000000000000110011
00000000000010100000
10000101001000001000
00001000000000100000
00100000000000110011
01000000000000100000
00000000000000110011

//
segsites: 54
positions: 0.0391 0.0444 0.0579 0.0587 0.0653 0.1359 0.1607 0.1855 0.1976 0.2381 0.2433 0.2604 0.2656 0.2748 0.2906 0.2938 0.3254 0.3669 0.3735 0.3951 0.3983 0.4075 0.4300 0.4317 0.4322 0.4515 0.4588 0.4590 0.5105 0.5794 0.5861 0.6167 0.6170 0.6294 0.6389 0.6819 0.6887 0.6889 0.7270 0.7645 0.7911 0.8285 0.8477 0.8655 0.8659 0.8723 0.8882 0.8902 0.8949 0.8969 0.9022 0.9133 0.9154 0.9977 
101000000101100110100010100001000000000000001000100011
000101011000000000000100001000100000001101000000000000
101000000101100110000010100000000000000000001000100011
101000000001100111000010000010000000000000001000100010
000101011010001000000100000000010000000100000000000000
010101011000000000001100000000000000010100010000000000
000000100000010000010000000100001010100010100110011000
101000000101100110000010110000000100000000001000100111
010101011000000000001100000000000000000100010000000000
101000000101100110000010100000000000000000001000100011
101010000101100110000010100000000000000000001001100011
010101011000000000001100000000000000000100010000000000
010101011000000000001100000000000000010100010000000000
000101011000000000000100001000100000001101000000000000
101000000101100110000010110000000100000000001000100111
000101011000001000000101000000000000000100000000000000
000101011000001000000101000000000000000100000000000000
101000000101100110000010100000000001000000001000100011
000101011000001000000101000000000000000100000000000000
101000000001100111000010000010000000000000001000100010

//
segsites: 16
positions: 0.0377 0.0615 0.0687 0.1552 0.2155 0.2440 0.3514 0.3669 0.4866 0.6262 0.7413 0.8444 0.8767 0.8779 0.8867 0.9473 
0000100100000000
0000110000010000
1001000000000100
0000101010100000
0000100000010000
0000100000000000
0000101010100010
0000100000010000
0000101010100000
0000100100000000
1001000000000100
0000100100000000
1110000000001001
0000100000010000
1110000000001000
1110000000001000
0000101010100000
0000100000010000
1001000000000100
0000100001010000

//
segsites: 20
positions: 0.0148 0.0782 0.0787 0.1114 0.2067 0.2358 0.2570 0.3088 0.3118 0.3861 0.3913 0.4454 0.5470 0.6730 0.6933 0.7298 0.7562 0.8723 0.9043 0.9145 
00000000100000000000
00000000100000000000
00000000000000000001
01000000101000000000
10000000100000010000
00001101100010000000
10010010100000010000
00100000100001000000
10000000100000110000
00000000100000000000
00000000100000000000
00000000000000000001
00000000100000000000
00000000110000001110
10010010100000010000
01000000101000000000
00000000100100001010
10000000100000010000
00000000110000001010
10010010100000010000
