./ms 20 1 -t 10 -G 0 -eG 1 0 
39021 27363 52520

//
segsites: 13
positions: 0.2426 0.2488 0.3948 0.4943 0.5798 0.7246 0.7423 0.7979 0.8275 0.9193 0.9397 0.9900 0.9923 
1000010000000
0001000100100
0000000001000
0011000000110
0000000000000
0000000001000
0000000000100
0100000000100
0011001000100
0000000000000
1000010000000
0011001000100
0000100000000
0000000000000
0100000000100
0000000000000
0000000001000
0000000000000
0000000010101
0001000100100

//
segsites: 29
positions: 0.1093 0.1310 0.1436 0.1438 0.1486 0.2006 0.2203 0.2277 0.2841 0.3874 0.4030 0.5393 0.5421 0.5494 0.5830 0.5838 0.6145 0.6149 0.6365 0.6669 0.7279 0.7317 0.7775 0.7809 0.7860 0.7890 0.8646 0.9365 0.9843 
11110100001011110000001010100
00001011010100000110110000001
00001011010100000110110000001
00001011010100000110110001001
00001011010100000110110000001
11110100101011111000001010100
00001011010100000110110000001
00001011010100000110110000001
00001011010100000110110100001
00001011010100000110110000001
11110100001011110000001010100
11110100001011110000001010100
00001011010100000110110000001
00001011010100000111110000001
11110100001011110000001010110
00001011010100000110110100001
00001011010100000110110000001
00001011010100000110110000001
00001011010100000110110000001
00001011010100000110110000001

//
segsites: 50
positions: 0.0134 0.0277 0.1211 0.1214 0.1337 0.1632 0.2059 0.2270 0.2346 0.2621 0.2720 0.2814 0.3031 0.3102 0.3224 0.3274 0.3742 0.4022 0.4070 0.4563 0.4571 0.5050 0.5156 0.5575 0.5607 0.6498 0.7023 0.7261 0.7299 0.7489 0.7512 0.7664 0.7679 0.7746 0.7759 0.7834 0.8083 0.8212 0.8218 0.8294 0.8417 0.8428 0.8496 0.8692 0.8840 0.9124 0.9470 0.9470 0.9743 0.9779 
10111000001010000010110100110011000010000100000001
10111000001010010010110100111001000010000100000001
00000100100001001001001001000100111101110001110010
10111000001010000110110110110001000010000110000001
10111000001110010010110100111001000010000100000001
10111000001010000110110110110001000010000110000001
10111000001010000010110100110011000010000100001101
10111000001010010010110100111001000010000100000001
10111000001110010010110100111001000010000100000001
00000101110001001001001001000100111001101001110010
00000100100001001001001001000100111001100001110010
10111000001110010010110100111001000010000100000001
10111000001010010010110100111001000010000100000001
11111000001010110010110100111001000010000100000001
00000101110001001001001001000100111001101001110010
10111000001110010010110100111001000010000100000001
10111000001010000110110110110001000010000110000001
10111000001010000010110100110011000010000100000001
10111010001010010010110100111001000010000100000001
10111000001110010010110100111001000010000100000001

//
segsites: 23
positions: 0.0370 0.0400 0.0987 0.1509 0.1860 0.3010 0.3115 0.3216 0.3551 0.3738 0.4297 0.4357 0.4547 0.5522 0.5625 0.5961 0.6370 0.6720 0.6888 0.7494 0.8417 0.8877 0.9117 
10000000001000000010010
00110000010100010001100
01100000110100010000100
01100000010100010000100
00110000010110010001100
01100100010100110000100
00001001001000001110010
00001001001000001110010
00110000010110010001100
01100000010100010000100
01100000010100010000100
01100000110100010000100
01100100010100110000100
10000000001000000010010
00001001001000001110010
00000001001000001110010
00001001001000001110010
01100010010100010000101
10000000001001000010010
01100000110100010000100

//
segsites: 28
positions: 0.0757 0.0965 0.1907 0.2205 0.2381 0.2714 0.2847 0.2931 0.3196 0.4013 0.4063 0.4633 0.5202 0.5515 0.5699 0.6130 0.6171 0.6335 0.6716 0.6836 0.6872 0.7116 0.7185 0.7287 0.7786 0.8385 0.9643 0.9666 
0000111000110001001000000000
1100000001001010000000000010
1100000001001110000000000011
1100000001001010000000000010
0010010100000000000100000000
0010010100000000000100000000
0000010100000000000100010000
0000010100000000000100000000
1100000001001110000001101010
0000010100000000000100000000
0010010100000000000100000000
0010010100000000000100000000
0001010100000000100100010000
1100000001001110000000000011
0010010100000000000100000000
1100000001001010000000000010
0010010110000000000100000000
1100000001001010000000000010
0000010000100000010000000100
1100000001001110000010000011

//
segsites: 24
positions: 0.0872 0.1088 0.1226 0.1500 0.1979 0.2232 0.2395 0.2847 0.3439 0.3922 0.4252 0.4290 0.4710 0.5120 0.6186 0.6349 0.6697 0.6706 0.6795 0.7377 0.7734 0.7777 0.7799 0.9980 
100000101010010100000000
100000101010010100000000
100000101010010100000000
000010000100001000000100
100001101010010000011000
000010000100001000000100
000010000100001000000100
010100010001100010100001
100000101010010100000000
011100010000000000100010
000010000100001000000100
100001101010010000011000
000010000100001000000100
100000101010010000011000
100000101010010100000000
000010000100001000000100
000010000100001001000100
000010000100001001000100
000010000100001001000100
100000101010010100000000

//
segsites: 21
positions: 0.0102 0.0402 0.0521 0.0661 0.0693 0.1090 0.1200 0.1652 0.3217 0.4905 0.6175 0.6304 0.6814 0.7682 0.7768 0.8304 0.8621 0.8690 0.8924 0.9060 0.9788 
001110000010110001010
000000010000000001000
001110000000100001010
001110000000100101010
001110000010110001010
001110000100100001010
001110000100100001010
011110000000100001010
011110000000100001010
000000001000001001000
000000000000000001000
000000010000000001000
001110000010110001010
000000010000000001000
001110000000100101010
000000010000000001000
100001100001000010101
000000001000001001000
001110000000100001010
000000000000000001000

//
segsites: 26
positions: 0.0738 0.0956 0.1009 0.1275 0.1510 0.1560 0.2281 0.2975 0.3440 0.3728 0.3800 0.3861 0.4054 0.4171 0.5429 0.5880 0.6351 0.6994 0.7322 0.7451 0.7670 0.7932 0.7985 0.9090 0.9308 0.9957 
00000011010100010000000000
00000010010100010000000000
00000010010000010000000000
01000010011010010000000000
00001000000000100100110111
00110010010000010011000000
00001000000000100100010111
00110010010000010011000000
10110010010000010001000000
00110110010000011001000000
00000010010100010000000000
00110010010000010011000000
00000010010000010000000000
00110010010000010011001000
00000010010010010000000000
00000010010000010000000000
00000010010010010000000000
00110010010000011001000000
00000010110100010000000000
00001000000001100100000011

//
segsites: 39
positions: 0.0006 0.0288 0.0386 0.0423 0.0596 0.0792 0.1568 0.1849 0.1863 0.2010 0.2853 0.3163 0.3294 0.3305 0.3319 0.3591 0.3769 0.3858 0.4093 0.4669 0.5312 0.5628 0.5668 0.5947 0.6007 0.6068 0.6095 0.6415 0.6480 0.6528 0.6743 0.6863 0.7494 0.7704 0.7718 0.8284 0.8591 0.9890 0.9991 
000001001001000000011000000000000000100
000001001001000000011000000000000000100
000000000100000000000000001000000011010
000001010001100000011000000000100100100
100010000000010111100000100011001000000
000001000001000000011000000000000000100
000000100000001000000101000100000000000
000001000001000000011000000000000000100
110010000010010000000010100011000000000
000000100000001000000101000100000000000
000000000100000000000000001000000011000
000001010001100000011000000000100100100
000000000100000000000000001000000011000
000001000001000000011000000000000000100
000001000001000000011000000000010000101
001001000001000000011000000000000000100
000001001001000000011000010000000000100
110010000010010000000010100011000000000
001001000001000000011000000000000000100
000101010001100000011000000000100100100

//
segsites: 41
positions: 0.0475 0.0773 0.0876 0.0983 0.1040 0.1156 0.1376 0.1609 0.1726 0.1989 0.2573 0.2720 0.2942 0.3126 0.3573 0.4148 0.4240 0.4260 0.4403 0.4881 0.5366 0.5380 0.5403 0.5418 0.5857 0.6086 0.6588 0.7194 0.7371 0.7431 0.7501 0.7599 0.7809 0.8210 0.8432 0.8566 0.8913 0.8927 0.9185 0.9401 0.9831 
01000100100100010000100101000100001000001
01000110000110010000100100010000101000001
10001000001000101111000010001010010001010
01000100000100010000100101000000001000001
01100100000100010000100100010000101000001
10011000010001001100000010101010010101010
10011000010000001100000010101010010101010
10011000010000001100001010001010010101010
01000100000100010000100101000000001000001
10001000001000101110000010001010010001010
01000100000100010000100100010000101000001
01000100000100010000100100000001001000001
10011000010000001100000010101010010101010
01000100000100010000110100010000101000001
10011000010001001100000010101010010101010
01000101000100010000100100000000001000101
01000100000100010000110100010000101010001
10001000001000101111000010001010010001010
01000100100100010000100101000100001000001
10011000010000001100000010101010010101010

//
segsites: 41
positions: 0.0257 0.0500 0.0523 0.0786 0.1068 0.1274 0.1691 0.1974 0.2311 0.2317 0.2820 0.2838 0.3040 0.3185 0.3332 0.3350 0.3801 0.4674 0.5073 0.5160 0.5746 0.5867 0.6181 0.6391 0.6473 0.6577 0.6582 0.6616 0.6722 0.6904 0.7361 0.7431 0.7507 0.7729 0.7939 0.8670 0.9069 0.9327 0.9400 0.9632 0.9808 
00001010111100011001001000110001000111100
00001010111100011001001000110001000111100
00001010111100001001001100111001000111100
11110101000011000000010011000110001000000
11100101000011000000010010000110001000000
11110101000011000010010010000110001000000
11110101000011000000010010000110011000000
11100101000011000100010010000110001000000
11100101000011000100010010000110001000000
11100101000011000000010010000110001000000
11100101000011000000010010000110001000000
11100101000011000000110010000110101000001
11100101000011000000010010000110001000010
11110101000011000010010010000110001000000
00001010111100001001001100111001000111100
11100101000011100000010010000110001000000
11100101000011000000010010000110001000000
11100101000011000000010010000110001000000
11100101000011000000010010000110001000000
11100101000011000000010010000110001000010

//
segsites: 35
positions: 0.0021 0.1155 0.1274 0.1348 0.1548 0.1649 0.1771 0.1854 0.1872 0.2066 0.2152 0.2310 0.2359 0.2726 0.3014 0.3888 0.4024 0.4205 0.4921 0.5506 0.5639 0.5889 0.6546 0.6885 0.6999 0.7781 0.8017 0.8213 0.8244 0.8257 0.8375 0.8482 0.8551 0.8842 0.9137 
00001000010000101010011001010000011
10100001000100010000000100001100100
01000110101101000000000010101100100
00001000010000101010011001010000011
10100001000100010000000100001100100
00010000000110000000000000001100100
01000110101101000100000010101100100
10100000000100010000000000001110100
00010000000100000000100000001100100
00010000000100000000100000001100100
10100000000100000001000000001100100
00010000000100000000100000001100100
10100000000100000000000000001100100
00010000000110000000000000001100100
10100001000100010000000100001100100
01000110101101000100000010101100100
01000110101101000000000010101100100
10100001000100010000000100001100100
00010000000100000000100000001101100
00001000010000101010011001010000011

//
segsites: 32
positions: 0.0229 0.0518 0.0859 0.1065 0.1085 0.1185 0.1666 0.2287 0.3145 0.3166 0.3291 0.3436 0.3606 0.3694 0.3832 0.3848 0.3907 0.3948 0.4355 0.5502 0.5879 0.5898 0.6636 0.6731 0.7149 0.8604 0.8733 0.9059 0.9167 0.9287 0.9350 0.9914 
00000000101000100101000110010000
00000001100000100100000010110000
11011000000010010000110000001011
01100000010010010000011001001001
01001000000010011010110000001011
00000000101000100101000110010000
01001000000010011010110000001111
00000100101000100101000110010000
01100000010010010000011000001001
01100000010010010000011001001001
01100000010010010000011001001001
11011000000010010000110000001011
00000100101000100101000110010000
01011010000011010000110000001011
00000100101000100101000110010000
11011000000110010000110000001011
00000000101000100101000110010000
00000000101000100101000110010000
01001000000010011010110000001111
01100000010010010000011001001001

//
segsites: 68
positions: 0.1251 0.1338 0.1823 0.1921 0.2048 0.2058 0.2180 0.2182 0.2338 0.2340 0.2390 0.2470 0.2571 0.2969 0.3191 0.3193 0.3204 0.3221 0.3233 0.3242 0.3399 0.3424 0.3639 0.4005 0.4064 0.4125 0.4186 0.4238 0.4299 0.4341 0.4344 0.4367 0.4382 0.4406 0.4624 0.4675 0.5289 0.5577 0.5583 0.5687 0.5696 0.6072 0.6301 0.6462 0.6550 0.6647 0.7049 0.7089 0.7091 0.7185 0.7199 0.7201 0.7241 0.7644 0.7701 0.7746 0.7996 0.8044 0.8238 0.8506 0.8508 0.8608 0.8763 0.8990 0.9004 0.9041 0.9180 0.9492 
00011010000100000001000011000111000000111000001010100001000100000000
00000001100000010100010100101000101001000011010101011110000000100010
00000001100000010100011100101000000011000011010101011000000000110000
00000101100000110100010000100000000000000011100101011000000001101000
00000001100000010100010100101000000001000011010101011110000000100010
00011010000100000011000010000111000000111000001010000001000100000000
00000001100000010100010100101000101001000011010101011110000000100010
10100001100000010100011100101000000011000011010101011000000000100000
00000101100000110100010000100000000100000011100101011000000011101000
00000101100000110100010000100000000000000011100101011000000001101000
00000001100000010100010100111000000001000011010101011100000000100100
00100001100000010100011100101000000011000011010101011000100000100001
00000101100000110100010000100000000000000011100101011000000001101000
00100001100000010100011100101000000011000011010101011000000000100000
00000001011001001000110000000000000000000111000101011000011000000000
00100001100000010100011100101000000011000011010101011000000000100000
00000101100000110100010000100000000000000011100101011000000001101000
00011010000100000001000011000111000000111000001010000001000100000000
00000001100010010100011100101000000011000011010101011000000000100000
01100001100000010100011100101000010011000011010101011000000000100000

//
segsites: 33
positions: 0.0245 0.0580 0.0989 0.1669 0.1690 0.2193 0.2563 0.2680 0.2808 0.2866 0.2896 0.2918 0.2986 0.2988 0.5051 0.5407 0.5848 0.6159 0.6267 0.6428 0.6582 0.6749 0.6879 0.7260 0.7534 0.7607 0.7756 0.7828 0.8217 0.9067 0.9435 0.9673 0.9948 
001000000011000000110000011000000
101000000010000001000010011000000
001100000010000000110000011000000
001000000010000000100000011000000
001010010010010000000001111010000
001000000010000010100000011000000
001000000010000000100000011000000
000000101100100100001000000100010
001000000010000000100000011000000
011100000010000000110000011000000
001100000010000000110000011000000
001000000010000000100100011001100
001100000010000000110000011000000
001000000010000000110000011000000
001000000010001000100000011000000
001100000010000000110000011000000
001000000010000000100000011000000
001000000010000000110000011000000
001000000010001000100000011000000
101001000010000001000010011000001

//
segsites: 44
positions: 0.0294 0.0649 0.1261 0.1275 0.1521 0.1622 0.1673 0.1823 0.1927 0.2166 0.2452 0.2525 0.2885 0.3514 0.3766 0.4461 0.4597 0.4781 0.4810 0.5319 0.5395 0.5414 0.5677 0.5699 0.6198 0.6288 0.6306 0.6622 0.6693 0.6803 0.6932 0.7506 0.7530 0.7705 0.7865 0.8411 0.8478 0.8803 0.8914 0.8942 0.8966 0.9010 0.9629 0.9634 
00000000000011010000000010000000001100010000
01011000101000000100000100011000010010101100
00000000000000000000001000000000000000000011
00000100010010000000000000000000001000000000
00000000000010000000000000100100001000000000
00000000000000000000010000000000000000000000
10000000000000000000001000000000000000000011
00100000000010000000000001000000001001000000
00000000000011010000000010000000001100010000
00000001000010001010000000000000101000000000
01011010000000000101000000011011010010101100
00000001000010001010000000000000101000000000
00000000000000000000010000000000000000000000
01011000101000000100000100011000010010101100
10000000000000000000001000000000000000000011
00000100000110000000000000000000001000000000
10000000000000000000001000000000000000000011
00000000000000000000010000000000000000000000
00100000000010100000000001000000001001000000
00000001000010001010100000000000101000000000

//
segsites: 42
positions: 0.0641 0.1205 0.1787 0.1992 0.2106 0.2175 0.2280 0.2922 0.3115 0.3479 0.3677 0.3998 0.4082 0.4094 0.4256 0.4597 0.4756 0.4897 0.5455 0.5733 0.6009 0.6183 0.6226 0.6332 0.6486 0.6619 0.6767 0.6821 0.7198 0.7311 0.7474 0.7913 0.8144 0.8226 0.8511 0.8616 0.8794 0.8981 0.9009 0.9117 0.9145 0.9730 
000001111001110011010101001101100110100000
000001111001110011010101001101100110100000
000110000000000000000000000000011000010100
000001111001110011010101001101100110100000
000001111001110011010101001101100110100000
000001101001110011010101001101100110100000
000001001000111011011100001101100110100010
010001101001110011010101001101100110100000
101110000110000000000010100010001001010000
000110000000000000000000000000001000010100
000110000100000000000010010010001001010001
000110000000000000000000000000001000010100
000110000000000000000000000000001000010100
000110000000000000000000000000001000010100
000001111001110011010101001101100110100000
101110000110000000000010100010001001010000
000110000000000000000000000000001000011100
000110000000000100100000000000001000010100
000110000000000000100000000000001000010100
000110000000000000000000000000001000010100

//
segsites: 38
positions: 0.0010 0.0130 0.0348 0.1001 0.1080 0.1134 0.1909 0.2548 0.2582 0.2708 0.3346 0.3385 0.3498 0.3526 0.3617 0.3738 0.3904 0.4127 0.4288 0.4374 0.4411 0.5296 0.6316 0.6390 0.6829 0.7083 0.7808 0.7814 0.7902 0.8060 0.8214 0.8325 0.8750 0.9085 0.9541 0.9689 0.9814 0.9910 
00010100000011000000000000000010000001
00000100000000000000000000011000000001
00000100000000000000010000011001000001
00000100001100000000000000010000000001
00000100000000000000000010011000000001
00000100000000000000010000011001000001
00000100001000000100000000010000000001
10000100001000000000001000010000000001
00000100001100000000000000010000000001
00000100000000000000000000011000000001
00000100001100000000000000010000000001
01001000100000101001000001100000001010
00000100010000010000000100011000000001
01001000100000101001000001100000001010
10000100001000000000001000010000000001
01100000100000001010100001100100011100
00000100000000000000000000011000000001
00000101000000000000000000010000000001
00000100000000000000000000011000000001
01000010100000101001000001100000101000

//
segsites: 27
positions: 0.0267 0.0460 0.0499 0.1550 0.1772 0.2286 0.2445 0.2489 0.2586 0.3741 0.4989 0.5235 0.5512 0.5953 0.5961 0.6302 0.6404 0.6485 0.6847 0.6895 0.6944 0.7060 0.7305 0.8149 0.8861 0.9745 0.9859 
000001000000000000000000000
000000010001100000100100001
000000010001100000100100000
000001000000000000000000000
000000010001000010100000000
000000010001000000100001000
100010000110000101010010100
000000010001000000100001000
000010000110000001010010100
000000001110001001000010110
001001000000000000000000000
001001000000000000000000000
000001000000000000000000000
001101000000000000000000000
000000010001010000100001000
000000001110001001000010110
010000010001000000101001000
000000110001000000100000000
000000010001100000100100000
000000010001000000100001000

//
segsites: 36
positions: 0.0187 0.0248 0.0268 0.0454 0.0456 0.0676 0.0707 0.1208 0.1218 0.1315 0.1871 0.1994 0.2413 0.3360 0.3526 0.3637 0.3682 0.4096 0.4647 0.4823 0.5116 0.5439 0.6072 0.6152 0.6254 0.6986 0.7018 0.7019 0.7210 0.7461 0.7708 0.7759 0.7973 0.8210 0.8406 0.8676 
000000100001110001010000010100001000
100111000010000000100111000010000000
100111000010000000100011000010000000
000000101001111000010000011100101000
100111000010000000100011000010000000
010000100001100010010000000101011011
000000101001111000010000011100001000
001000100001110101010000010100001000
100111000010000000100011000010000000
000000100101110001010000110100001000
000000101001111000010000011100101000
000000100101110001010000010100001000
100111000010000000100011000010000000
000000101001111000010000011100101100
000000100001110001010000010100001000
010000110001100010011000000100001011
000000101001111000010000011100101000
000000100001110001010000010100001000
100111000010000000100111000010000000
010000110001100010011000000100001011

//
segsites: 29
positions: 0.0277 0.0527 0.0673 0.1383 0.1608 0.2016 0.2094 0.2440 0.2714 0.3296 0.3560 0.3776 0.4469 0.4512 0.4856 0.5270 0.5816 0.5909 0.7164 0.7270 0.7598 0.8021 0.8125 0.8508 0.8947 0.9536 0.9590 0.9662 0.9701 
00000000001000100001010100000
00000000001000100001111100000
10000000001000101000010100000
00000000000000000000010101100
00000000000000000000010101100
00000000000000000000010101100
01010100010110010000000010010
01010100010110010000000010010
01011000000110000000000000001
00000000100001000000010101100
10000000001000101000010100000
00100001000000000010010101100
01010100010110010100000010000
00000000000000000000010101100
00000000001000100001010100000
01010110010110010000000010010
00000000001000100001010100000
00000000001000100001010100000
00000000001000100001010100000
01010100010110010000000010000

//
segsites: 57
positions: 0.0006 0.0245 0.0271 0.0718 0.0921 0.1008 0.1024 0.1084 0.1343 0.1358 0.1399 0.1525 0.1802 0.1862 0.1987 0.2318 0.2450 0.2611 0.2819 0.2897 0.2979 0.3027 0.3083 0.3651 0.3910 0.4513 0.4524 0.4668 0.4808 0.4880 0.5030 0.5055 0.5714 0.5992 0.6233 0.6623 0.6688 0.6870 0.6882 0.6988 0.7076 0.7204 0.7296 0.7364 0.7716 0.7746 0.8134 0.8495 0.8510 0.8795 0.8857 0.8920 0.9122 0.9130 0.9266 0.9292 0.9903 
101110000100100100001000000000001010000101000100010010101
101110000101100100001000000000001010000101000100010010101
101110000100100100001000010000001010000101000100010010101
101010000100100100001000000000011110010111000100010010001
010001110000000001110011100100000000100000011001100000010
101110000101100100001000000000001010000101000100010010101
101110000100110100001000000000001010000101000100010010101
010001110000000001110011100100000001100000011001100000010
101110000100100100001100000000001010000101000100010010101
010001111010001010110011101101100000000000111011101000010
101110000100100100001000010000001010000101000100010010101
101110000100110100001000000000001010000101000100010010101
101110000100110100001000000000001010000101000100010010101
101110000100100100001000000000001010000101000100010010101
010001111010001010110011100101100000000000111011101000010
101010000100100100001000000000011110010111000100010010001
010001110000000000110011100110000000101000011001100101010
010001111010001010110011100101100000000000111011101000010
010001110000000001110011100100000001100000011001100000010
101110000100100100001000000000001010000101000100010010101

//
segsites: 32
positions: 0.0694 0.0950 0.0999 0.1196 0.1239 0.1279 0.1622 0.2241 0.2328 0.2440 0.4462 0.4756 0.4849 0.5194 0.5204 0.5384 0.5461 0.5499 0.5850 0.6193 0.6197 0.6259 0.6517 0.6528 0.6796 0.6998 0.8237 0.8521 0.8803 0.8868 0.9382 0.9810 
00010000100111000111001010010000
10000001001000000000100000100010
10000001001000000000000000100010
10000101000000010000000000100111
10000001001000000000000000100010
10000001001000001000000000100010
10000101000000010000000000100111
10000001001000000000000000100010
10000101010000110000000001100111
10000001001000000000000000100010
10000101000000010000000100101111
10000101000000010000000100101111
10000101000000010000000000100111
10000101000000010000000100101111
10100001001000000000000000100010
11001001001000000000010000100010
10000001001000001000000000100010
10000001001000001000000000100010
00010010100111000110001010010000
10000001001000000000000000100010

//
segsites: 42
positions: 0.0325 0.0782 0.0859 0.0867 0.1133 0.1188 0.1395 0.1718 0.1773 0.2211 0.2552 0.2776 0.2834 0.2850 0.3093 0.3121 0.3144 0.3779 0.3905 0.4063 0.4120 0.4486 0.4630 0.4843 0.5113 0.5121 0.5794 0.6369 0.7013 0.7151 0.7634 0.7750 0.7930 0.7977 0.8174 0.8376 0.8383 0.8442 0.8448 0.8827 0.9517 0.9526 
101100000000110001000000000001000000000000
010001100000001110111000000100000010000001
101100001000010001000100001000000101000110
101100000000110001000000000001001000000000
101100001000010001000100000000000101010110
101100001000010001000100010000000101100110
101100001000010001000100000000000101000110
101100001010010001000100000000000101000110
101100001010010001000100000000000101000110
101100000000110001000000000001001000000000
010011100001001110111000000100000010000001
101100001000010001000100010000000101000110
101100000000110001000000000001000000000000
101100001010010001000100000000000101000110
010001100000001110111000100100100010000001
010001100000001110111000000100000010000001
101100000000110001000000000001000000000000
101100001010010001000100000000000101000110
101100001100010001000100000010010101010110
101100011000010001000111000000000101001110

//
segsites: 24
positions: 0.0223 0.0281 0.1794 0.2126 0.3334 0.3586 0.3668 0.3958 0.3982 0.4203 0.4518 0.4849 0.4949 0.5578 0.6213 0.6303 0.6341 0.6669 0.7042 0.7854 0.7885 0.7991 0.8397 0.8468 
001010100000000011000010
001010100000000011000010
001010100000001011100010
001010100000001011000010
001010100000100011000010
001010100000010011000110
001010100000100011000010
001010100000000011000110
001010100100100011010010
001010100000000011000110
100100000001000000000001
001010100010000011000010
100100000001000000000001
100101000001000100000001
011010100000000011000010
001010100000100011000010
001010100000000011000010
001010100000001011100010
001010110000000011000010
001010101000000011001010

//
segsites: 53
positions: 0.0688 0.0943 0.1168 0.1244 0.1346 0.1458 0.1718 0.2017 0.2150 0.2212 0.2633 0.2650 0.3088 0.3110 0.3161 0.3545 0.3603 0.3604 0.3783 0.4465 0.4482 0.4492 0.4767 0.5217 0.5532 0.5589 0.5735 0.5829 0.5906 0.6071 0.6086 0.6089 0.6691 0.6693 0.6798 0.7300 0.7327 0.7595 0.7723 0.7724 0.7939 0.8057 0.8187 0.8282 0.8298 0.8328 0.8596 0.8714 0.8801 0.8866 0.9178 0.9244 0.9407 
00111100010010101000110001110100110010100100111011100
11000011101101010101000110000011001001000010000000010
11000011101101010101000110000011001001000010000000010
11000011101101000101000010000011001001000010000000010
11000011101101010101000110000011001001001010000000010
00110100010010101010111001000100110010000101101000001
11000011101101010101000110000011001001000010000000010
00110100010010101010111001000100110010000101101000001
00110100010010101010110001000100110010000101101000001
11000011101101010101000110000011001001000010000000010
00110100010010101010110001000100110010000101101000001
11000011101101010101000110000011001001000010000000010
11000011101101000101000010000011001001000010000000010
00110100010010101010110001000100110010000101101000001
00111100010010101000110001110100110010110100111011100
11000011101101010101000110001011001101000010000000010
00110100010010101010110001000100110010000101101000001
00110100010010101010110001000100110010000101101000001
00110100010010101000110001110100110010100100111111100
00110100010010101010110001000100110010000101101000001

//
segsites: 17
positions: 0.1154 0.1910 0.2242 0.2443 0.2791 0.3152 0.4054 0.4134 0.4362 0.4475 0.5093 0.7524 0.7600 0.8925 0.9482 0.9557 0.9687 
00010000000000000
10000000001000001
10000000001000001
10000000001000001
10000000001000001
00000000000000000
00010000000000000
10000000001011001
10000000001000001
00100000000000000
00010000100000000
10000000001000001
10000000001000001
10000000001100101
10000000001000001
00000011010000010
01000100000000000
00001100000000000
10000000001000001
10000000001000001

//
segsites: 43
positions: 0.0399 0.0609 0.0700 0.0871 0.1123 0.1129 0.1317 0.1757 0.2122 0.2765 0.2806 0.3206 0.3697 0.3831 0.4325 0.4533 0.4781 0.4923 0.5019 0.5199 0.5231 0.5259 0.5490 0.5551 0.5606 0.6005 0.6506 0.6531 0.6991 0.7013 0.7069 0.7426 0.7982 0.8843 0.8977 0.9147 0.9389 0.9538 0.9660 0.9809 0.9890 0.9918 0.9955 
0010000000101101001000000000000100010100100
0100000000100100001010010000000000010000100
0100000000100100001100000000000001110000100
0000000000100100001000001000000000010001110
0010000000100101001000000001000100010000100
1100100000100100001000000000001000010010100
0010000000101101001000000000000100010000100
0010010000100100001000100000000100011000100
0001001111010010110001000110110000000000001
1100100000100100001000000000001010010010100
0010000000100101001000000001000100010000100
0100000000100100001010010000000000010000100
0010000000100101001000000001000100010000100
1100100000100100001000000000001000010010100
1100100000100100001000000000001000010010100
0001001111010010110001000110110000000000001
0000000000100100001000001000000000010001110
0010010000100100001000100000000100011000100
0001001111010010110001000110110000000000001
0000000000100100001000001000000000010001110

//
segsites: 35
positions: 0.0798 0.0995 0.1204 0.1366 0.1707 0.1937 0.1954 0.2335 0.2408 0.2449 0.2724 0.2854 0.3118 0.3128 0.3274 0.3323 0.3356 0.4451 0.5740 0.6210 0.6935 0.7351 0.7546 0.7710 0.7724 0.8167 0.8227 0.8964 0.9005 0.9103 0.9161 0.9227 0.9497 0.9526 0.9969 
00000000000000000001010000000010000
00000100000000000100000001000100000
00000100000000000100000001000101000
00000000000000000001010000000010000
00000100000000010100000100000100100
00000100000000000100000001000101000
11000001000000000000001000100000010
11000001000000000000001000100000010
00000000100000000001010000000010000
00000100000000000100000001000101001
00000100000000010100000100000100100
00010000000000000001010000000010000
00000000010000000001010000000010000
00000000000000100001010000000010000
00000100000000011100000100000100000
00000000100000000001010000000010000
00000100000110000110000100000100000
00001000000000000001010000000010000
00100010001001000000110010011010000
00000000000000000001010000000010000

//
segsites: 30
positions: 0.0286 0.0357 0.0399 0.0453 0.1362 0.1955 0.2110 0.2868 0.3098 0.3123 0.3198 0.3244 0.3442 0.3869 0.3875 0.4227 0.4582 0.4945 0.5154 0.5415 0.6192 0.6667 0.6697 0.6899 0.7075 0.7122 0.8278 0.8710 0.8982 0.9444 
000001000000000000000110000100
000010000110100000000011001001
101000010001001010001000010000
000001000000000000000110000110
010010000100000001000011000001
000100001000000000100000100000
101000010001000010001000000000
000100001000000000100000100000
000001000000000000000110000110
000001000000000000000110000100
000001000000000000000110000100
000100001000000000100000100000
000001000000000000000110000100
101000010001000010001000000000
101000010001001010001000010000
101000110001000010001000000000
000001000000000000000110000110
000100001000010100100000100000
000001000000000000000110000100
000010000100000000010011000001

//
segsites: 56
positions: 0.0400 0.0461 0.0744 0.1150 0.1171 0.1450 0.1982 0.2077 0.2262 0.2274 0.2301 0.2331 0.2512 0.2600 0.2657 0.2836 0.3673 0.3927 0.3947 0.4114 0.4142 0.4149 0.4204 0.4450 0.4851 0.5193 0.5378 0.5470 0.5589 0.6018 0.6243 0.6342 0.6397 0.6408 0.6476 0.6482 0.6535 0.6791 0.7076 0.7220 0.7292 0.7310 0.8177 0.8384 0.8410 0.8415 0.8423 0.8433 0.8968 0.9203 0.9235 0.9783 0.9900 0.9909 0.9962 0.9981 
00011000000001110101010101000101011010000000010101100100
01000011110100000000101010000010100101011000101010011000
10111000000001011111010100101100011000100101000100000011
00011000000001110101010101000100011010000010010101100100
01000111111100000000000010010010100101001000101000011000
10111000000001011111010100101100011000100101000100000011
01000011110100000000101010000010100101011000101010011000
00011000000001110101010101000100011010000000010101100100
01000111111100000000000010010010100101001000101000011000
00011000000001110101010101000100011010000000010101100100
01000011110100000000100010000010100101001000101000011000
01000011110110000000101010000010100101011000101010011000
00011000000001110101010101000101011010000000010101100100
01000011110100000000101010000010100101011000101010011000
10111000000001011111010100101100011000100101000100000011
00011000000001110101010101000101011010000000010101100100
00011000000001110101010101000101011010000000010101100100
01000011110100000000101010000010100101011000101010011000
00011000000001110101010101000101011010000000010101100100
00011000000001110101010101000100011010000010010101100100

//
segsites: 26
positions: 0.0080 0.0304 0.0516 0.0653 0.1551 0.1710 0.2182 0.2385 0.3497 0.3633 0.3920 0.4209 0.4310 0.5465 0.5650 0.6507 0.7475 0.7909 0.8200 0.8336 0.8385 0.8520 0.8544 0.8743 0.9155 0.9587 
10110100000000010010000000
00000000011000101000000001
00000000110100101000000001
10110110000001010000100000
10110100000000010000000000
10110100000000010010000000
00000000110100101000000001
10110101000000010010001000
01001000000010000001000100
10110101000000010010001000
10110100000000010100000000
01001000000010000001010000
01001000000000000001000000
10110100000001010000100000
01001000000010000001010000
10110100000000010010000000
01001000000010000001000100
01001000000000000001000000
10110100000000010000000010
01001000000000000001000000

//
segsites: 52
positions: 0.0117 0.0585 0.0865 0.1003 0.1016 0.1147 0.1745 0.1758 0.1844 0.2208 0.2294 0.2313 0.2550 0.2598 0.3084 0.3474 0.3613 0.3909 0.4145 0.4438 0.4547 0.4566 0.5148 0.5228 0.5327 0.5694 0.5874 0.6174 0.6276 0.6374 0.6556 0.6910 0.7394 0.7663 0.7842 0.7895 0.8097 0.8246 0.8391 0.8504 0.8515 0.8608 0.8818 0.8835 0.8838 0.8852 0.9374 0.9573 0.9695 0.9891 0.9957 0.9976 
0010001001000010101111001111101101101000101100001110
0101110110100101010000000000010010010101000001110001
1010001001001000101111010111001101101010110100001110
0010001001000000101111001111001101101000101100001110
0010001001000000101111001111101101101000101100001110
0010001001000000101111001111001101101000101100001110
1010001001001000101111000111001101101000110100001110
0010001001000000101111001111001101101000101100001110
0010001001000000101111001111101101101000101100001110
0010001001000000101111001111101101101000101100001110
1010001001001000101111100111001101101000110110001110
1010001001001000101111010111001101101010110100001110
0010001001000000101111001111001101101000101100001110
1010001001001000101111000111001101101000110100001110
1010001001011000101111000111001101101000110100001110
0010001001000000101111001111001101101000101100001110
0010001001000000101111001111001101101000101100001110
1010001001001000101111010111001101101000110100001110
1010001001001000101111010111001101101000110100001110
1010001001011000101111000111001101101000110100001110

//
segsites: 20
positions: 0.0433 0.0628 0.1062 0.1681 0.2734 0.2786 0.2991 0.3785 0.3910 0.4326 0.4579 0.5194 0.6088 0.6531 0.7089 0.7745 0.8150 0.8151 0.8732 0.9638 
00000000000100000101
00000000000100000101
00000000000000100100
00010000000010000100
00000000000000100100
00000000000000100100
00101010000000000000
00000000000000100100
00000000000000100100
01001000101000000000
10000000000000100100
00000000000100000111
00101010010000000000
00000000000000100100
00001001000000000000
00000000000100000101
00001100000001011000
00000000000100000111
00000000000100000101
00000000000100000111

//
segsites: 59
positions: 0.0131 0.0160 0.0334 0.0685 0.0810 0.1073 0.1084 0.1367 0.1585 0.1726 0.1822 0.1942 0.1944 0.1992 0.2016 0.2049 0.2082 0.2150 0.2204 0.2307 0.2904 0.3068 0.3346 0.3455 0.3535 0.3647 0.3650 0.3678 0.4128 0.4520 0.4755 0.4761 0.4809 0.5218 0.5842 0.5900 0.6111 0.6282 0.6390 0.6392 0.6519 0.6570 0.6733 0.6862 0.6880 0.6969 0.7142 0.7543 0.7881 0.7998 0.8128 0.8173 0.8342 0.8612 0.8747 0.9115 0.9125 0.9150 0.9618 
10001110111001000000001000000010100000100000010000000000000
10111101110011000000101000000000000010010100011000000101000
10001110111001000000001000010000000000100000010000000000000
10001110111101000000001000000000000000101000010000000000000
10001110111001000000001000000000000000100000010000100000000
10001110111001000000001000000010100000100000010000000000000
10001110111001000001001000000000000000100000010000000000000
00000000000000111110010001101101000101000011100010011010101
00000000000000111110010001101101000101000011100010011010101
10001110111001000000001000000000000000100000010000000000000
10001110111001000000001010000000000000100000010001000000000
10001110111001000000001000000010100000100000010000000000000
10001110111001000000001000000000000000100000010000000000000
10001110111001000001001000000000000000100000010000000000000
10001110111001000000001000000010100000100000010000000000000
10001110111001000000001100000000001000100000010000000000000
11101100110001000000101000000000000010000100010000000101010
10001110111001000000001010000000000000100000010100000000000
10001110111001000000001000000000011000100000010000000000000
10001110111001000000001000000010000000100000010000000000000

//
segsites: 48
positions: 0.0387 0.0596 0.0657 0.1144 0.1180 0.1276 0.1338 0.1393 0.1511 0.1529 0.1572 0.1689 0.1743 0.1939 0.2041 0.2178 0.2240 0.2280 0.2466 0.2601 0.2641 0.2857 0.3168 0.3296 0.3410 0.3576 0.3632 0.3801 0.4215 0.4669 0.5476 0.5537 0.6433 0.6506 0.6631 0.6747 0.6880 0.7039 0.7212 0.7253 0.7384 0.7762 0.8331 0.8657 0.9124 0.9320 0.9398 0.9531 
000001100010000001000110111010101001001000000000
000001100010000001000110111100101001001000000000
100000010101000010001000000000010000100100100111
000101100010001001000110111010101001001000000000
100000010101010110000000000000000000000110100100
100000010101110110000000000000000000000110100100
101000010101010110000000000000000000000110100100
100000010101000010100000000000000100010100110100
100000010101000010001000000000010000000100100111
000001100010000001000110111010101001001000001000
000001100010000001000110111010101001001000000000
100000010101000010001000000000010000100100100111
000001100010000001000110111010101001001000000000
100000010101000010000000000000000000000100110100
000001100010000001000110111010101001001000000000
010011101010000001010101111001000011001001000000
100000010101000010100000000000000100010100110100
000001100010000001000110111010101001001000000000
100000010101000010001000000000010000000100100111
100000010101000010001000000000010000000100100111

//
segsites: 23
positions: 0.0147 0.0256 0.0348 0.0433 0.1739 0.1795 0.2171 0.2373 0.2825 0.3171 0.4024 0.4459 0.4979 0.5127 0.5981 0.5986 0.6084 0.6571 0.6752 0.7169 0.7307 0.7420 0.9441 
00110000100000000001000
00110000100001000000000
00110000100001010000000
00110000100000000000000
00000000000110000110011
10000101000000001000001
00110010100000000000000
00110000100000000000000
00000000000110000110011
00000000000110000110011
01001000001000000000000
00000000000110000110011
01000000001000000000000
00110010100000000000000
00000000000110000000011
10000101000000001000001
00000000010000000000101
00000000010000000000101
00110010100000100000000
00110010100000100000000

//
segsites: 29
positions: 0.0348 0.0350 0.1231 0.1444 0.1843 0.2074 0.2081 0.2213 0.2583 0.2589 0.2655 0.3187 0.3375 0.3655 0.3897 0.4275 0.4459 0.4558 0.5423 0.6481 0.6803 0.6932 0.7078 0.7630 0.7909 0.8227 0.8240 0.8380 0.8444 
00000101011000010000000010001
01100010100101000000000000000
00100010100101000000000000000
10000100011000000000001101100
00000101011000010000000010001
10000100011010000100000001000
00000100011000010001000010001
10000100011010000100000001000
00000100011000010000010010011
00000101011000010000000010001
10001100011000100000101101100
00000101011000010000000010001
00000101011000010000000010001
00000100011000010001000010001
00100010100101000000000000000
10000100011000100000101101100
00110010100101001000000000000
10000100011000000000001101100
10000100011000000000001101100
00000101011000010010000010001

//
segsites: 26
positions: 0.0044 0.0215 0.0265 0.0626 0.1058 0.1294 0.1503 0.2803 0.2904 0.3303 0.4223 0.4265 0.5443 0.5728 0.5867 0.6159 0.6251 0.6380 0.6427 0.6617 0.6685 0.6978 0.7734 0.7918 0.9265 0.9967 
00000001010000010001000110
00011010000000000000010000
01000001010001010011000010
00000001010000010001000000
00000001010000010011000010
10100000100000001100000000
10100000000000001100100000
00000001010000010011000010
00000001010000010001000010
00000000000000000000000000
00000000000000000000000000
00000001010000010011000010
00000001010000010011000010
10100000000000001100000000
00011010000010000000010000
00000000001000000000000000
00000001010000010001000000
00000100000100100000001000
00000001010000010001000010
00000000000000000000000001

//
segsites: 49
positions: 0.0376 0.0629 0.1073 0.1559 0.1859 0.1896 0.1924 0.2135 0.2220 0.2394 0.2777 0.2810 0.2924 0.3000 0.3339 0.3396 0.3515 0.3535 0.3996 0.4016 0.4144 0.4146 0.4302 0.4590 0.5091 0.5403 0.5523 0.5817 0.6011 0.6247 0.6270 0.6287 0.6432 0.6704 0.6827 0.7141 0.7300 0.7302 0.7861 0.7946 0.8240 0.8373 0.8744 0.9030 0.9136 0.9325 0.9690 0.9842 0.9851 
1000000000000001000001000000000000000000000000100
1000000100000000000001000000000000000000000010000
1000000000000001000001000000000000000000000000100
0011011000111010000100000110010011001000001101011
0011010000111010000100000100010011001000001101011
0100100011000100110000011001101100010000100000000
1000000000000001000001000000000000000000000000100
1000000000000001000001000000000000000000000000100
1000000000000001000001000000000000000000000000100
1000000000000001000001100000000000000000000000100
0100100011000100110000011001101100010000100000000
0011010000111010000100000100010011001000001101011
1000000000000000000011000000000000100010010000100
1000000000000000000011000000000000100110010000100
1000000000000001000001000000000000000000000000100
1000000000000001001001000000000000000000000000100
0100100011000100110000011001001100010000100000000
0100100011000100110000011001001100010001100000000
0100100011000100110000011001101100010000100000000
0011010000111010000100000100010011001000001101011

//
segsites: 24
positions: 0.0267 0.1636 0.2389 0.2560 0.2859 0.3034 0.3190 0.3250 0.3645 0.3742 0.4393 0.4547 0.5393 0.5943 0.6346 0.7073 0.7218 0.7242 0.7391 0.7401 0.7606 0.8039 0.8549 0.8904 
000000000001100000100000
101000000100000000100000
011000100000000010100000
000010000000011000100000
000001011000000000001111
000000000001000001100000
000010000000011000100000
000001011000000100001111
011000100000000010100000
011000100010000010100000
000001011000000000001111
001000000000000000110000
011000100000000010100000
001000000000000000100000
000101011000000000001111
001000000000000000100000
000010000000011000100000
000000000001000001100000
000010000000011000100000
000000000001100000100000

//
segsites: 21
positions: 0.0528 0.0621 0.1051 0.1860 0.2810 0.2952 0.3366 0.3393 0.3907 0.4263 0.5001 0.5487 0.5889 0.6118 0.6351 0.6427 0.6687 0.8223 0.8778 0.9259 0.9977 
100001000000010110000
100001000000010110000
100001000000010110000
001100000000000000000
001100100000000000000
110001001010000000001
100001000000010110000
100001010000010110000
100001000001010110000
001100000000000000000
100001000000010110010
000110000000000001000
000110000000100000000
001100000000000000000
001100000000000000000
000110000000000000000
000110000000100000000
100001000000010110000
100001000000011110000
100001000100010110100

//
segsites: 23
positions: 0.0149 0.0261 0.0902 0.1896 0.2118 0.2602 0.2826 0.3182 0.5129 0.5277 0.6166 0.6196 0.6421 0.6842 0.6859 0.6919 0.6976 0.7175 0.7384 0.8574 0.8744 0.9083 0.9821 
00000100000000000001110
00000100000000000001110
00000100000000000001110
01100100000000000001110
00000100000000000001110
10001100001000000010010
10001100001000000010010
01100100000000000001110
10001100001000000010010
00000100000000000001110
00000000110010011000000
10001100001000000000010
10001100001000000000010
00000100000000000001110
00000000110011011000000
00000111000100100100011
10001100001000000010010
00010000110010001000000
00000100000000000001110
10001100001000000010010

//
segsites: 23
positions: 0.0557 0.1223 0.1770 0.2174 0.2276 0.3133 0.3596 0.4345 0.5154 0.5253 0.5481 0.5584 0.6080 0.6492 0.7588 0.7597 0.8467 0.8538 0.8618 0.8726 0.8940 0.8968 0.9679 
11100101100000110000000
10010111100000110000010
10000111100000110000010
10000111100000110000010
00000000001110000100100
10000100100000110000000
00000000001110000100100
00000000001110000100100
10000111100000110000010
00000000001110000100100
00000000001110000100100
00001000001010000100000
10000111100000110000010
10000111100000110000010
10000100110001110001000
00000000001010001110000
10000111100000110000010
10000101100000110000001
00000000001110000100100
10000100110001110001000

//
segsites: 25
positions: 0.0257 0.0812 0.1219 0.1636 0.1699 0.1777 0.1832 0.2105 0.2257 0.2312 0.2555 0.2902 0.3994 0.5258 0.5602 0.6770 0.6805 0.6836 0.7087 0.7807 0.8283 0.8565 0.9126 0.9206 0.9341 
0100100110000001000000000
0100100010000001000000010
0000000000010000101000000
1000001000000000000000000
0010000000100000000011000
0000000000000000101000101
0000000000000000101000000
0000000000000000101100000
0000000000000000101000101
0000000000000000101000000
0010000001100100010010000
0011000000101110000010000
0010000001100100000010000
0000000000000000101000000
0000000000000000101000101
0000000000000000101000000
0010010001100100000010000
0011000000100100000010000
0100100110000001000000000
0000000000000000101000101

//
segsites: 39
positions: 0.0278 0.1280 0.2137 0.2235 0.2835 0.3501 0.3741 0.3746 0.3750 0.3810 0.4037 0.4266 0.4275 0.4435 0.4535 0.5163 0.5386 0.5466 0.5512 0.5561 0.5803 0.5843 0.6333 0.6517 0.6596 0.6652 0.7110 0.7522 0.7651 0.7794 0.8202 0.8412 0.8482 0.8584 0.9058 0.9144 0.9220 0.9262 0.9965 
100000000000000000001000000011100000000
001101100100000000000000001000000011100
100000010000000000011000000011100100001
100000000000000000001000000011100000000
000101100100000000000000000000010001110
100000000000000000001000000011100000000
100000000000000000001000000011100000000
100000000000000010001000000011100000000
100000000000000000001000000011100000000
000001100010100000100011100000000001000
000101100100000000000100000000010001110
100000000000000000001000000011100000000
000001100010100000100011100000000001000
100000000000000000001000000011100000000
010001100010100000100011100000001001000
100000000000000000001000000011100000000
000010001001011101000000010100000000000
100000010000000000011000000011100100001
000101100100000000000000000000010001110
010001100010100000100011100000001001000

//
segsites: 20
positions: 0.0927 0.1971 0.2386 0.2387 0.2810 0.3306 0.3704 0.3854 0.4716 0.4743 0.5454 0.5701 0.6397 0.6652 0.7820 0.8289 0.8351 0.8462 0.8616 0.9909 
10001101100000000010
00010101000000000010
10001101100000000010
00001101101000010010
00000111000010000010
00000111000010000010
10001101100000000010
00000000010100000001
00000000010001100000
00000000010001100000
00000000010000000000
00000101000000000010
00000101000000000010
00001101101000010010
00000101000000000010
10001101100000000010
00000101000000000010
00000111000010000010
00001101101000010010
01100000010100001100

//
segsites: 20
positions: 0.0222 0.0582 0.1666 0.1710 0.2694 0.3033 0.3442 0.4226 0.4318 0.4790 0.4917 0.5044 0.5274 0.5557 0.5598 0.5694 0.6175 0.7409 0.8468 0.8926 
00001000010000000001
01000000000000000010
00000000000000010000
00000000000000000000
00000000000000010000
00100000000101000000
00001000010000000001
00000000000000010000
00000000000111000000
00000001000100000000
00000000000111000000
00000001000100000000
00000010100000101100
00000100000000000000
00000001001100000000
00010000000101000000
00000010100000101100
00000000000000000000
10000000000000000000
00001000010000000001

//
segsites: 37
positions: 0.0825 0.1150 0.1223 0.2518 0.2826 0.2844 0.2868 0.3322 0.3441 0.3496 0.3570 0.3805 0.3914 0.3954 0.4059 0.4094 0.4494 0.5261 0.5268 0.5371 0.5778 0.6357 0.6573 0.6583 0.6600 0.6649 0.6809 0.6901 0.6929 0.7188 0.7289 0.7351 0.8221 0.8422 0.8793 0.9593 0.9740 
0101010111000001010101010110000000001
0001010101000001010101010110110000101
0000101000110100001000101001001111010
0000101000110100001000101001001111010
0000101000110000001000101001001111010
0000101000110000001000101001001111010
0000101000110000001000101001001111010
0000101000110000001000101001001111010
0001010101000001010101010110010000001
0000101000110000001000101001001111010
0000101000110000001000101001001111010
0101010111000001010101010110000000001
0001010101000001010101010110010000001
0001010101000001010101010110110000101
0000101000111000001000101001001111010
0101010111000001010101010110000000001
0101010111000001010101010110000000001
0000101000110000001000101001001111010
0001010101000001010101010110010000001
1011010101000011110111010110000000001

//
segsites: 13
positions: 0.0839 0.1039 0.1401 0.2301 0.2428 0.2771 0.3050 0.3456 0.5016 0.6321 0.7626 0.8543 0.9754 
1001100000001
1001000010001
1001100000001
1001100000011
1001100000001
1001100000001
1001100000001
1001100000001
1001100000001
1001100000001
1001100000001
1001100000101
1001100000001
1011000001001
1001100000011
1001100000001
1011000001001
1001000000001
0100011100000
1001100000001

//
segsites: 23
positions: 0.0378 0.0410 0.0744 0.1105 0.1490 0.1523 0.1585 0.1940 0.1981 0.2012 0.3522 0.4483 0.5019 0.6662 0.7179 0.7212 0.7453 0.7491 0.8245 0.8433 0.8499 0.8605 0.8807 
00011000000000000101000
00011000000000010101000
00000100110101001010110
00000100110101001010110
00000100110101001010110
00111000000000000101000
00011000000000010101000
00000000110101001010110
00000000110101001010110
00000000100001001010111
01011000000000000100000
00000000110101001010110
00000000110101001010110
01011000000000000100000
00000000100001001010110
00011000000000000101000
10000000001011001010100
00000001110101101010110
00111010000000000101000
10000000001011001010100

//
segsites: 12
positions: 0.1785 0.3142 0.3611 0.5648 0.6034 0.7633 0.8549 0.9345 0.9402 0.9629 0.9742 0.9856 
000010000000
001000000000
000010000000
110000000000
000010000000
000000000000
000000000100
000110100000
010000000000
010000000000
000010000000
000010000000
001000000000
000010100000
000001010001
000010001010
000010000000
000010100000
000010000000
010000000000

//
segsites: 36
positions: 0.0404 0.0757 0.1430 0.1455 0.1807 0.1976 0.2056 0.2233 0.2364 0.3702 0.3712 0.4017 0.4179 0.4204 0.4372 0.4546 0.4647 0.4896 0.5585 0.6073 0.6464 0.6534 0.6561 0.7232 0.7349 0.7426 0.7770 0.8332 0.8419 0.8485 0.8615 0.9476 0.9721 0.9723 0.9915 0.9978 
100000000000010000110111000101110000
100000000000010000100110000101100100
100000001000010011100110000101100000
100000000000010000100110000101100100
100000001000010010100110000101100010
011010100101100000001000111000001000
001111010001001000001000100000001000
100000000010010000100110000111100000
100000001000010011100110000101100000
100000000000010000110110000101110000
100000000010010000100110000111100000
001111000001000000001000100000001000
001010000101000100001000100000001001
100000000000010000110110000101110000
100000001000010011100110000101100000
100000001000010010100110000101100010
100000001000010011100110000101100000
100000001000010011100110000101100000
100000001000010011100110000101100000
100000000000010000100110000101100100

//
segsites: 67
positions: 0.0230 0.0349 0.1145 0.1265 0.1271 0.1290 0.1293 0.1373 0.1456 0.1541 0.1547 0.1572 0.1586 0.2064 0.2151 0.2160 0.2284 0.2301 0.2464 0.2713 0.2810 0.2894 0.2896 0.2912 0.2936 0.2991 0.3304 0.3316 0.3404 0.3760 0.4186 0.4188 0.4323 0.4560 0.4779 0.5296 0.5317 0.5652 0.5705 0.5832 0.6134 0.6187 0.6483 0.6813 0.6824 0.6922 0.7107 0.7553 0.7907 0.8034 0.8140 0.8217 0.8251 0.8321 0.8642 0.8698 0.8873 0.9024 0.9068 0.9114 0.9184 0.9271 0.9407 0.9432 0.9719 0.9730 0.9943 
0100100010100010011100100001000010010100101100101010110011000110010
0100100010100010011100100001000010010100001100101010110011000110010
1001001101001001100001011000110100000001000001010101001100110001001
1001001101011001100011011000110100000001000001010101001100110001001
1011001101001101100001011000110100000011000011010101001100110001001
0100100010100010011100100001000010010100101100101010110011000110010
0100100010100010011100100001000010010100101100101010110011000110010
0100100010100010011100100001000010010100001100101010110011000110010
0000110010100010010100100101000010110100001100100010110011001110110
0100100010100010011100100001000010010100001100101010110011000110010
0100100010100010011100100001000010011100001100101010110011000110010
1011001101001101100001011000110100000011000011010101001100110001001
1011001101001101100001011000110100000011010011010101001100110001001
1011001101001101100001011000110100000011000011010101001100110001001
1001001101001001100001011010110101000001000001010101001100110001001
0100100010100010011100100001000010010100101100101010110011000110010
1001001101011001100001011000111100000001000001010101001100110001001
0100100010100010011100100001000010010100101100101010110011000110010
1001001101001001100001011000110101000001000001010101001100110001001
1001001101001001100001011000110100000001000001010101001100110001001

//
segsites: 14
positions: 0.0892 0.2279 0.2502 0.2599 0.2625 0.3207 0.4042 0.4215 0.4420 0.4857 0.5745 0.7381 0.8069 0.8964 
00000000010001
00000000010000
00001110101000
00000000010000
00000000000000
10000000010100
01000100001000
00000000010010
00000001010000
00100000010000
00001110101000
01000100001000
00000000010001
00000000010010
00010000000000
01000100001000
00000000000000
00000000010000
00001110101000
01000100001000

//
segsites: 43
positions: 0.0203 0.0231 0.0236 0.0268 0.0524 0.0625 0.0653 0.1257 0.1354 0.1378 0.1444 0.1865 0.2541 0.2646 0.2965 0.3086 0.3230 0.4475 0.4798 0.5729 0.5850 0.5977 0.6252 0.6317 0.6379 0.6671 0.7070 0.7191 0.7306 0.7468 0.7498 0.7567 0.7765 0.8815 0.8865 0.9100 0.9155 0.9220 0.9226 0.9244 0.9346 0.9567 0.9757 
0100110110100100010000110000000011000000000
0000100111100100010000111010010011000000000
0000100111100100010000111000010011000000000
0000100111100110010000111000000011000000000
0001100110100100010000110000000011010000000
0100110110100100010000110000000011000000000
1010000000000000000000000001001100100010010
1010000000000000000000000000001100100010010
0000101111100100010000111000010011000000000
0000100111100100011000111000000011000000000
1010000000000000000000000001001100100010010
1010000000000000000000000000001100100010010
0100100110101100110000110000000011000000000
0100110110100100010000110000000011000000000
0000100111100110010000111000000011000000000
0000000100010101000001000100100010001101101
1010000000000000000010000000001100100010010
0000100111100110010000111000000011000000000
0100110110100100010000110000000011000000000
0000100111100100010100111000010011000000000

//
segsites: 27
positions: 0.0042 0.0500 0.0592 0.0797 0.1179 0.1202 0.1226 0.1276 0.1646 0.1957 0.2147 0.2298 0.2417 0.3337 0.3434 0.3581 0.4862 0.5354 0.5765 0.5895 0.6088 0.6248 0.8073 0.8092 0.9248 0.9740 0.9954 
000100010010100000010010001
000000010000100000010010100
101000010000110000010010100
000100010010100000010010001
101000010000100000010010100
000001001000000011001101010
000000010001100000010010100
000001001000000011001001010
001000010000100000010010100
101000010000100000010010100
001000010000100000010010100
000000010100100000010010100
000001001000000011101001010
000000010000100100010010100
000001001000000011001001010
000011001000001011000000000
010000110000100000010010100
000000010001100000010010100
101000010000110000010010100
000001001000000011001001010

//
segsites: 36
positions: 0.0651 0.1533 0.1851 0.2837 0.3176 0.3868 0.4149 0.4745 0.4819 0.5316 0.5711 0.5898 0.5912 0.5936 0.6071 0.6124 0.6262 0.6333 0.6371 0.6595 0.6715 0.6933 0.7090 0.7117 0.7157 0.7566 0.7764 0.8313 0.8399 0.8503 0.8780 0.9022 0.9364 0.9574 0.9792 0.9816 
111010000010001110010010000010010000
111100001010001110010010000010010000
111000100010001110010010000010011000
111010000010001110111010000010010000
000001010000100000000000100000000101
111000100010001110010010000010011000
111000100010001110010010000010011000
111010000010001110010010000010010000
000001010000000001000001000000000011
111100000010001110010110010010010000
111100001010001110010010000010010000
000001010000000001000001000000000011
000001010001100000000000100100000001
000001010000100000000000101000000001
111010000010001110110010000010010000
111100000010001110010010000010110000
001000000110011000010010000011010000
111000100010001110010010000010011000
111100000010001110010010000010110000
111000100010001110010010000010011000

//
segsites: 43
positions: 0.0071 0.0162 0.0173 0.0610 0.0690 0.0954 0.1730 0.1964 0.2809 0.2932 0.3036 0.3513 0.3619 0.3789 0.3803 0.4096 0.4832 0.5004 0.5056 0.5171 0.5212 0.5317 0.5637 0.5960 0.6181 0.6270 0.6455 0.6775 0.6839 0.6839 0.7115 0.7430 0.7469 0.7884 0.7910 0.7988 0.7988 0.8357 0.8503 0.8691 0.9117 0.9297 0.9526 
0000100000001010000110001010100010000000000
0000000000000010000110000010000000000000011
0000000000000110000110000010000000001000011
0000100000001010010110001010000010000000000
0000000000000010000110010010000100000000011
1000000000000010000110000010000000100010011
0000000000000010000110000010000000000000011
0000000000000010000110000010000000000000111
0000000000000010000110000010000000000000011
1000000000000010000110000010000000100000011
0010100000001011100110000011000011000000000
0000100000001010010110001010000010000000000
0010100000001011100110000011000010000000000
0000000000000010000110000010000000000000011
0000000001000010000110000010000000000000011
0001110000001010000110000010000010000000000
0000000000000010000111000010000000000000011
0000000000000010000110000010000000000000011
0100001010110000001000100100011000010101000
0000000100000010000110010010000100000000011

//
segsites: 34
positions: 0.0091 0.0375 0.0417 0.1165 0.1288 0.1304 0.1368 0.1511 0.1531 0.1559 0.1920 0.2026 0.2220 0.3381 0.3568 0.3749 0.4358 0.4722 0.5105 0.6523 0.6554 0.6680 0.6700 0.6723 0.7057 0.7799 0.7979 0.8183 0.8510 0.8779 0.9149 0.9552 0.9799 0.9850 
0001001100100000100000000000000000
0001001000100000100000000000001000
0001001000100000100000000000001000
0011001000111001100000000000000000
0011001000100001100000000000000000
0100000000000010000111001010100010
0100000000000000000111001011100110
0001001000100000100000000000010000
1000100011000000011000110100000001
0001001100100000100000000000000000
1000100011000000011000110100000001
0001001100100000100000000000000000
0001001000100100100000000000010000
0100000000000010000111001010100010
0011001000100001100000000000000000
0100000000000010000111001010100010
1000100011000000011000110100000001
0100010000000010000111001010100010
0100000000000010000111001010100010
0100000000000010000111001010100010

//
segsites: 41
positions: 0.0015 0.0226 0.0941 0.1182 0.1442 0.1743 0.1775 0.1829 0.2066 0.2161 0.2548 0.3527 0.4480 0.4492 0.4496 0.4759 0.4836 0.5507 0.5562 0.5674 0.6021 0.6241 0.6244 0.6578 0.7120 0.7187 0.7190 0.7488 0.7776 0.7798 0.7841 0.7951 0.8054 0.8473 0.8709 0.8791 0.8891 0.9074 0.9162 0.9264 0.9341 
01001001010001000110100010001101000000000
10000010000000001000000100010000101000001
10100010000010001001000000110000100000001
10000010000010001001000000110000100010001
10000010000010001000000000110000100000001
10100010000010001001000000110000100000001
10000110001010111000001000110000100100101
01011001010101000110100010001101000001000
10000010000010001000000000110000100000001
10000110000010011000000000110000100100001
10000110000010011000000000110000100100001
10000010000010001000000000110000100000001
01001001010001000110100010001101000000000
01001001010001000110100010001101010000000
01001001010001000110100010001101000000000
10000110001010011000001000110000100100101
10000010000000001000000100010010100000001
10000010000000001000000100010010100000001
10000010100000001000010101010000101000011
10000010000010001000000000110000100000001

//
segsites: 25
positions: 0.1299 0.1652 0.1834 0.1894 0.2408 0.2768 0.3109 0.3616 0.3689 0.4409 0.5923 0.6040 0.6524 0.6850 0.7434 0.7498 0.7500 0.8007 0.8205 0.8315 0.8435 0.8613 0.8834 0.8890 0.9872 
0100000101000000010010100
0010010010100100001101000
0010010010000110101000000
0010010010000100001100010
0010010010110100001101000
0010010010000100001100011
0011110010000100001000000
0100000101000000010010100
0100000101000000010010100
0100000101001000010010100
0100000101001000010010100
0010011010000101001000000
0011110010000100001000000
0100000101000000010010100
0100000101000000010010100
0100000101000000010010100
0100000101000000010010100
1010010010000100001000000
0010010010000100001000000
0100000101000000010010100

//
segsites: 20
positions: 0.0403 0.0606 0.0893 0.1460 0.1464 0.3751 0.5214 0.5416 0.5429 0.5452 0.5523 0.5949 0.5995 0.6212 0.7219 0.7852 0.9228 0.9284 0.9802 0.9827 
00000100001000010000
00000000000100000000
00000000000100000000
00000000000110000101
00001011000000000000
01000001000001001000
00010000000100100000
00010000000100100000
00000000000100000000
00000000000100000000
01000001000001001000
01000001000001001000
00000000000110000101
00100000000100000111
00000000000100000000
10000000010000000000
00010000000100100000
01000001000001001000
00000000000110000101
00000000100100000000

//
segsites: 42
positions: 0.0103 0.0154 0.0255 0.0770 0.1077 0.1222 0.1238 0.1715 0.2119 0.2602 0.2610 0.2684 0.3511 0.3575 0.3945 0.3972 0.4603 0.4635 0.4653 0.4666 0.4742 0.5202 0.5204 0.5447 0.5482 0.5681 0.5940 0.6067 0.6342 0.6412 0.6616 0.7599 0.8590 0.8637 0.8915 0.9095 0.9111 0.9325 0.9332 0.9417 0.9682 0.9854 
000000000000001000110100001000010001100100
000000000000000000010000000000000001100110
000000000000000010010000010000000001100110
000000000000000000010000000000000001101110
111110010000100001000010000000100000000000
000000000000000000010000000010001011100100
000000000000000000010000000010001011100100
000000000000000000010000000000000001110111
000000000000000000010000000000000001110110
000000000000000000010000000010001011100100
000000001101010000010000000100000000000100
000001100010000100011000100001000101100100
000000000000000000010000000000000001100110
000000000000000000010000000000000001110110
000000000000000000010000000000000001110110
000000001101010000010000000100000000000100
000000000000000000010000000000000001101110
000000000000000000010001000000000001100110
000001100010000100011000100001000101100100
000000000000000000010000000000000001110110

//
segsites: 40
positions: 0.0041 0.0061 0.0110 0.0870 0.0972 0.1144 0.1446 0.1631 0.2691 0.2868 0.3398 0.3459 0.4167 0.4377 0.4600 0.4850 0.5124 0.5422 0.5662 0.5848 0.6134 0.6625 0.6826 0.7506 0.7603 0.7704 0.7704 0.7942 0.7970 0.7981 0.8094 0.8154 0.8801 0.9016 0.9025 0.9089 0.9244 0.9364 0.9862 0.9918 
0001000010100100011010100110010000110110
1100001000000011000000000001000000001000
1100001000000011000000000001000000001000
0000000011000100100000000000001100010000
1100011000000001000000000001000001001000
1110101000010001000100000001000000001000
1100001000001001000000011001000000001000
1110101000010001000000000001000000001000
1100001000000001000000000001000000001000
1100001000000001000000000001100000001000
1100001000000001000000000001100000001000
1100101000010001000000000001000000001000
1100001000000001000000000001100010001000
1100001000000001000000000001000000001000
1100001000000001000000000001100000001000
1100001000000001000000000001100010001000
1100001100000001000000000001100000001000
1100001000000001000001000001000000001001
1100001000000001000000000001000000001001
1100001000000001000000000001100000001000

//
segsites: 23
positions: 0.0249 0.0383 0.0761 0.1063 0.1424 0.2006 0.2109 0.2548 0.3189 0.3302 0.3970 0.4004 0.4453 0.4945 0.5043 0.6078 0.6874 0.7404 0.8073 0.8646 0.9337 0.9368 0.9965 
01010010000010000000001
00010010101000000001000
01010010000010000000101
01010110000010000100000
01010010000010000000001
01010010000010000000101
01110010000010000110000
01010010000010000000001
00000000000001000000010
00000000000001000000010
11110010000010000110000
01010010000010000000001
00000000000001101000010
00000000000001000000010
01010011000110000000001
01010011000110000000001
01010010000010000000001
00000000000001110000010
00010010010000000000000
01011010000010000000001

//
segsites: 59
positions: 0.0082 0.0333 0.0419 0.0470 0.0516 0.0599 0.0670 0.0825 0.0828 0.0834 0.0917 0.0944 0.1106 0.1354 0.1659 0.1683 0.1966 0.2127 0.2320 0.2570 0.2720 0.2987 0.3476 0.3691 0.3844 0.3926 0.4151 0.4482 0.4540 0.4587 0.4881 0.5137 0.5584 0.5737 0.5748 0.5917 0.5938 0.6639 0.6954 0.7013 0.7051 0.7100 0.7185 0.7484 0.7486 0.7698 0.8098 0.8123 0.8184 0.8485 0.8577 0.8667 0.8882 0.8936 0.9229 0.9497 0.9630 0.9727 0.9850 
01010110110000000010100011000000010110010110000101101000010
01010110110000001010100011001000000110010110000100001000010
01011110110000110010101011000000000110010110000100000000010
01010110110000000010100011000000000110010110000100001000010
10100000000111000001010100000001000001101000111010010110101
01010110110000000010100011010000100110010110000100001000010
01010110110000000010100011001000000110010111000100001000010
01010110110000110010101011000100000110010110000100000000010
01010110110000110010100011000000000110010110000100000000010
01010110110000000010100011010000100110010110000100001000010
01010110110000010010100011000010001110010110000100000000010
01010110110000000010100011000000000110010110000100001000010
01010110110000110010101011000100000110010110000100000000010
01010110110000010010100011000000000110010110000100000000010
01011110110000110010101011000000000110010110000100000000010
01010110110000000010100011010000100110010110000100001000010
10100001000111000001010100000001000001101000111010010110101
01010110111000010010100011000000000110010110000100000000010
01010110110000010010100011000000000110010110000100000001010
01010110110000000110100011100000100110010110000100001000010

//
segsites: 27
positions: 0.0460 0.0647 0.1035 0.1257 0.1707 0.2101 0.2219 0.2400 0.2598 0.2812 0.3505 0.3822 0.3914 0.4001 0.4207 0.5260 0.5441 0.6086 0.6103 0.7210 0.7595 0.8158 0.8595 0.9403 0.9765 0.9904 0.9920 
000000010010111010000010010
000000010010100000000010010
100000000001000100000100000
000000000000000100000100000
000000010010100000000010010
100100000000000100000100000
001000001100000100101100000
001000000000000100000100000
000000010010100000000010010
001000000000000100011100000
000010000000000100000100000
011001000000000100011100000
001000000000000100000100000
000000110000000001000011001
000000010010100000000010010
000000010010100000000010010
001000000000000100000100000
000000010010100000000010010
001000000000000100011100000
000000010000000001000011101

//
segsites: 22
positions: 0.0051 0.0295 0.0809 0.1174 0.2606 0.2976 0.4987 0.5023 0.5332 0.5374 0.5761 0.5934 0.6078 0.6374 0.6948 0.6954 0.7400 0.8162 0.8391 0.9163 0.9191 0.9784 
0000110000000100001011
0000000010000000000010
0000110000000100010011
0011000001110000100000
0100000010000000000010
1000000010000000000010
0011000001110000100000
0000000000000000000010
0000000010000000000010
0011001001110000100000
0000110000000100001011
0000000010000000000010
0000000100000011000110
0000110000000100001011
0011000000111000100000
0000000010000000000010
0000110000000100010011
0011000001110000100000
1000000010000000000010
0000000100000011000110

//
segsites: 42
positions: 0.0085 0.0367 0.0630 0.0834 0.0997 0.1461 0.2103 0.2257 0.2420 0.2552 0.2687 0.2690 0.2780 0.3109 0.3215 0.3302 0.3359 0.3683 0.3864 0.4566 0.4602 0.4736 0.4737 0.4863 0.5021 0.5033 0.5153 0.5233 0.5327 0.5412 0.5663 0.5821 0.5932 0.5971 0.7084 0.7475 0.7484 0.8371 0.8469 0.8576 0.9034 0.9682 
000010010111000001001001010111000100000000
010010001011001001101001010110000100000000
001010000001000100001001011100001100000000
000010000001000100011001011100000100000000
100000000000100000000010100000110001111000
000010100111000001001001010111000100000000
000010000011000001001001010111000100000001
000010000001000100011001011100000100000000
000010000001000100001001011100000100000000
100000000000100000000010100000110001111000
001011000001000100001001011100000100000010
000010000001000100001001011100000100000000
000010000001000110001001011100000100000000
000110000001010000001101011100000110000100
000010000011000001001001010110000100000000
000010000111000001001001010111000100000000
000010000011000001001001010110000100000000
000010000001000100011001011100000100000000
000010000011000001001001010110000100000000
000010000011001001101001010110000100000000

//
segsites: 22
positions: 0.0296 0.0881 0.0919 0.1594 0.1897 0.2274 0.3916 0.4481 0.4648 0.4760 0.5424 0.6383 0.7099 0.7773 0.8084 0.8328 0.8391 0.8713 0.9019 0.9052 0.9269 0.9959 
0010010000000000000110
1000000001100000000001
1000101011110010000001
1000101011101111100001
1100000101100000000001
0010010000000000001100
1000101011100010000001
1000101011100010000001
0010010000000000000110
1000101011110010000001
1000101011100010010001
1100000001100000000001
1000101011100010000001
1000101011110010000001
1000101011100010010001
0010010000000000000110
1000101011100110100001
0010010000000000001100
1001101011100010000001
1000101011100010010001

//
segsites: 27
positions: 0.0686 0.0747 0.0924 0.1134 0.1388 0.1676 0.2088 0.2117 0.2132 0.2172 0.2681 0.2815 0.3263 0.3642 0.3883 0.4012 0.4813 0.5492 0.6310 0.6403 0.6821 0.7154 0.8246 0.9031 0.9043 0.9497 0.9816 
000100101000001000001011000
000000000001000100000000111
001000111100011011001010000
000010000010100100100000110
000000000001000100000000111
010100101000001000001011000
001000111100011011001010000
000000000010000100100100110
000000000010000100100100110
000000000001000100000000111
000010000010000100100000110
000000000010000100100100110
000000000010000100100100110
001000111100011011001010000
100100101000001000011011000
000001000001000100000000111
000000000010000100100100110
001000111100011011001010000
000100101000001000001011000
000000000001000100000000111

//
segsites: 31
positions: 0.0325 0.0381 0.0570 0.0632 0.0761 0.0866 0.0926 0.1364 0.1504 0.2612 0.2673 0.2677 0.2822 0.3764 0.3858 0.3914 0.4278 0.4889 0.5010 0.5893 0.6008 0.6077 0.6221 0.6669 0.6741 0.7214 0.7813 0.7920 0.8728 0.9108 0.9125 
1011000001000000011010000000001
0000010000000000000000101000000
0000001000000010000100001100100
0000001000000010000100001100100
1001000001000000000011000001001
0000000000000000000000011000000
1000000011000000000010000000001
0000100000010010000000001100010
0000010000000100000000101000000
1000000001000000000010000010001
1000000001000000100010000010001
0100000000001001000000001000000
1000000001000000000010000000001
0000000000010010000000001100000
0000100000010010000000001100000
1000000001100000000010000010001
1000000001000000100010000010001
1001000101000000000011000001001
1000000011000000000010000000001
0100000000001001000000001000000

//
segsites: 65
positions: 0.0192 0.0323 0.0343 0.0367 0.1019 0.1238 0.1333 0.1342 0.1431 0.1506 0.1515 0.1638 0.1776 0.1949 0.1958 0.2296 0.2585 0.2626 0.2634 0.2880 0.2912 0.2961 0.3089 0.3424 0.3632 0.3788 0.3844 0.4505 0.4860 0.4933 0.5046 0.5193 0.5229 0.5295 0.5312 0.5405 0.5503 0.5513 0.5572 0.5697 0.5774 0.5797 0.5800 0.6009 0.6056 0.6125 0.6379 0.6684 0.7108 0.7227 0.7456 0.7807 0.8123 0.8135 0.8235 0.8452 0.8684 0.8710 0.8711 0.8776 0.8834 0.8954 0.9429 0.9467 0.9533 
00101110001100100000000101101011110001000111000000110100101000001
00101110001100100000000101101011110001000111000000110100101000001
00101110001100000010000101001010110001000111000000110100101100001
10101110001100000000000101001010110001000111000000110100101000001
00101110001100100000000101001010110101000111000001111100101000001
00101110001100000000000101011010110001000111000000110100101100001
00101110001100000010000101001010110001000111000000110100101100001
01000000110011011100110010000100001010110000111010000011000010110
00101111001100100000000101001010110001000111000001110100101000001
01000000110011011100111010000100001010111000111010000011000010110
00101110001100000010000101001010110001000111000000110100101100001
00111010001100000001000101000010110001000111000100110100111001001
10101110001100000000000101001010110001000111000000110100101000001
00101110001100100000000101001011110001000111000000110100101000001
00101110001100100000000101101011110001000111000000110100101000001
00101110001100100000000101001010110001000111000001110100101000001
00111010001100000001000101000010110001000111000100110100111000001
00101110001100100000000101101011110001000111000000110100101000001
01000000110011011100111010000100001010111000111010000011000010110
00101111001100100000000101001010110001000111000001110100101000001

//
segsites: 48
positions: 0.0033 0.0043 0.0199 0.0308 0.0457 0.1029 0.1126 0.1442 0.1736 0.1906 0.2189 0.2254 0.2290 0.2463 0.2540 0.3103 0.3593 0.3660 0.3943 0.3993 0.4246 0.4323 0.4391 0.4561 0.5173 0.5396 0.5439 0.5445 0.5640 0.5763 0.6646 0.6773 0.7283 0.7285 0.7290 0.7418 0.7536 0.7556 0.7605 0.7606 0.7652 0.7830 0.8207 0.8367 0.8692 0.8789 0.8947 0.9352 
010011000010000100011110000001100010000001000010
110011000000000100011110000001110010000001000010
001000101001000010000000110000001000101000111101
000000110101010001100000110000000101111000111100
010011000010000100011110000001100010000001000010
010011000000000100011110000001100010000101000010
010011000000000100011110000001100010000101000010
010011000000000100011111000101100010000101000010
010111000000000100011110000001110010000001000010
010001000000101100011100000011100010000011000010
010011000010000100011110000001100010000001000010
010001000000101100011100001001100010000001000010
001000101001000010000000110000001000101000111100
010001000000101100011100001001100010000001000010
010111000000000100011110000001110010000001000010
010001000000101100011100000001100010000001000010
010001000000101100011100000001100010000001000010
010011000010000100011110000001100010000001000010
010001000000101100011100001001100010000001000010
010011000000000100011110000001100010000101000010

//
segsites: 34
positions: 0.0162 0.0281 0.0559 0.0566 0.0644 0.1050 0.1414 0.1549 0.1709 0.1790 0.1943 0.2185 0.2239 0.2516 0.2558 0.3018 0.4074 0.4172 0.4185 0.4614 0.4854 0.5312 0.5457 0.5737 0.5833 0.6519 0.6531 0.7446 0.7712 0.7844 0.8455 0.8879 0.9234 0.9721 
0000010001100000000110010011100000
1000001010001110101000001100000110
1000001010001010101000001100000110
1000001010001010101000001100000110
1000001010001010101000001100000110
0001010001110001000011010011100000
1010001010000000101000001100010110
0001010101100001000010010011100000
1100001010001010101000001100001110
0000010001100000000110010011100000
0001010001110001000010010011100000
1000001010001010101000001100000110
0000010000100000010010100011100001
0001010001100001000010010011100000
1000001010001010101000001100000110
0001010001100001000010010011100000
1000001010001010101000001100000110
0001010001100001000010010011100000
0001010001100001000010010011100000
0000110000100000010010100011100001

//
segsites: 39
positions: 0.0017 0.0174 0.0585 0.0714 0.1221 0.1574 0.1965 0.1978 0.2239 0.2396 0.2461 0.3191 0.3594 0.3762 0.4551 0.4819 0.4915 0.4954 0.5021 0.5266 0.5297 0.5369 0.5396 0.5718 0.6057 0.6177 0.6807 0.7149 0.7276 0.7314 0.7424 0.7529 0.8240 0.8543 0.8624 0.8687 0.8772 0.9581 0.9716 
011010100010000000010000000001001000001
100101000001000101000100000000010100000
100101000001000101000100000100010100000
100101000000000000100000000000000010000
100101000001000111000100110000010100000
011000001010000000010000001001101000001
011000000010000000011001000001001001001
011010100010000000010000000001001000001
011000000010000000010010000001001000111
100101000000000000100000000000000010000
011000001010000000010000001001101000001
011000001010000000010000001001101000001
011010100010000000010000000001001000001
100101010001100000000000000000010100000
011000000010000000010000000011001000111
100101000101010101000100000100010100000
100101000001000101000100000000010100000
011000001010001000010000001001101000001
100101000000000000100000000000000010000
100101000001000111000100110000010100000

//
segsites: 19
positions: 0.0231 0.1373 0.1382 0.1682 0.2574 0.2630 0.3657 0.4486 0.4774 0.5140 0.5219 0.5546 0.6364 0.6895 0.8033 0.8308 0.8566 0.9204 0.9751 
0000001000011000000
0011000011000100001
0000001000011000000
0000100000000011110
0011000011000100001
0000001000011000000
0000001000111000000
0100000100000000010
0100000100000000010
0000001000011000000
0000001000011000000
1000100000000011110
0100000100000000010
0100000100000000010
0000010010000000001
0000001000011000000
0000010010000000001
0000001000011000000
0000001000011000000
0100000100000000010

//
segsites: 23
positions: 0.0079 0.0290 0.0601 0.0869 0.1490 0.1823 0.1902 0.2404 0.4689 0.4737 0.5899 0.6089 0.6447 0.6982 0.7455 0.7661 0.9095 0.9159 0.9189 0.9630 0.9652 0.9987 0.9992 
00111000000000100000110
10101000010000100000111
01001010000000010101000
00101000000000100000110
01001010000000010101000
01001110000000010101000
00101000000000100000110
00101000000000100000110
00101001000000100000110
00101001000100100000110
00101001000100100000110
00101001000000100000110
00111000000000100000110
01001010000000010101000
00000000101011001010000
10101000000000100000111
00101000000000100000110
01001110000000010101000
00000000101011001010000
00000000101011001010000

//
segsites: 42
positions: 0.0701 0.1394 0.1558 0.1598 0.1746 0.1750 0.1817 0.1924 0.3230 0.3327 0.3483 0.4026 0.4229 0.4326 0.4871 0.4892 0.5025 0.5287 0.5448 0.5450 0.5691 0.5775 0.6046 0.6141 0.6243 0.6313 0.6683 0.7438 0.7575 0.7700 0.7965 0.8068 0.8456 0.8493 0.8584 0.8595 0.8788 0.8796 0.8816 0.9193 0.9352 0.9780 
001011000000111011110010011010000100101000
001011000000111011110000011010000100001000
110100000110000100001100000000010010000110
110100000110000000001100100000111010000110
110100010110000000001100000000000010000110
110100000110000100001101000000010010000110
110100001110000000001100000000000010000110
001011000000111011110010011010000100101000
110100000110000000001100000000010011000110
110100000110000000001100100000111010000110
001011000000111011110000011010000100101000
110100100110000000001100000100000010000110
110100000110000000001100000000000010000111
110100001110000000001100000000000010000110
110100000110000100001100000001010010000110
001011000001111011110000011010000100001000
110100001110000000001100000000000010000110
001011000000111011110000011010000100101000
110100000110000100001100000000010010010110
001011000000111011110000011010000100001000

//
segsites: 33
positions: 0.0305 0.0535 0.0575 0.0803 0.0841 0.1077 0.1272 0.1412 0.1630 0.1672 0.2040 0.3227 0.3611 0.4129 0.4944 0.4994 0.5069 0.5696 0.6115 0.6135 0.6228 0.6457 0.6634 0.7276 0.8051 0.8745 0.8826 0.8965 0.9353 0.9431 0.9749 0.9760 0.9947 
000010010001000010010000000111001
000000010101000000011100000001000
000010010001000010010000000111001
000000010101000000011100000001000
000000010001000000010000110001000
000000001011001101010001000000010
110100000000110000000010000000100
110101000000000000000010000000000
000000001011001101010001000000000
000000001011001101010001000000000
000010010001000010010000000111001
000000010101000000011100000001000
000010010001000010010000000111001
110101000000000000000010000000000
000000010101000000011100000001000
000000001011001101010001001000000
001000001011001101010001000000000
000000110101000000011100000001000
000000010001000000010000110001000
000000010101000000111100000001000

//
segsites: 29
positions: 0.0186 0.0582 0.0856 0.0874 0.0911 0.0932 0.1457 0.1841 0.2079 0.2534 0.2632 0.2935 0.3658 0.3698 0.3719 0.4188 0.5594 0.6185 0.6936 0.7026 0.7219 0.8064 0.8315 0.8390 0.8795 0.8917 0.8931 0.9654 0.9783 
01001000100000011100001000100
01001000000001001100101000000
01101001000000000100001000010
01001000000010001100001000000
00000010000100100001000000000
01001000000000001100011000000
01001000100000011100001000100
01001000000001001100101000000
01001000000000001100011000000
10010000001000100010000001001
01001000000010001100001000000
01001000000000001100011000000
01001000000000001100001100000
01001000000000001100001000000
10010100010000100010000011001
01101001000000000100001000000
01001000000000001100001100000
01001000000000001100001000000
01001000000010001100001000000
01001000000000001100011000000

//
segsites: 25
positions: 0.0040 0.1345 0.1391 0.1460 0.1979 0.2102 0.3559 0.4465 0.4538 0.5489 0.6412 0.7120 0.7502 0.7529 0.7827 0.8026 0.8754 0.8914 0.8922 0.8957 0.9525 0.9549 0.9666 0.9670 0.9857 
0000000000011000100000100
0000000000011000100000100
0010010000100010010010011
0010010000100010010010011
0010010000100010010010011
0101000000100000000010000
0010010000100010010010001
0100000000100000000010000
0100100001100100000010000
0010010000100010010010011
0010010000100010010010011
1010011000100000000110001
0010010000100011010010011
0010010000100010010010011
0010010010100000001011001
0010010000100010010010011
0010010000100011010010011
0010010000100010010010011
0010010100100010010010011
0000000000011000100000100

//
segsites: 35
positions: 0.0418 0.0665 0.1025 0.1037 0.1415 0.1450 0.1979 0.2418 0.2476 0.3906 0.4066 0.4110 0.4533 0.4745 0.4940 0.5032 0.5252 0.5403 0.5926 0.6048 0.6550 0.6924 0.6978 0.7426 0.7736 0.7899 0.8182 0.8439 0.8478 0.8500 0.8758 0.8880 0.9009 0.9763 0.9865 
00000000000001000001000000100110000
11010001010000101100100010000000000
00010000000010000010000001000000000
00001000100001000001000100011010010
00100000001001000001000000000010000
01010001010000101100100010000000000
01010001010000101100100010000000000
00001000100001000001000100011010010
00010100000100010000011000000001101
01010001010000101100100010000000000
00000000100001000001000100011010010
00010110000100010000011000000000000
01010001010000101100100010000000000
00001000100001000001000100011010010
00010000000000000010000001000000000
01010001010000101100100010000000000
00010000000000000010000001000000000
00001000100001000001000100011010010
00100000001001000001000000000010000
00010000000000000010000001000000000

//
segsites: 21
positions: 0.0612 0.0801 0.0965 0.1723 0.1841 0.2168 0.2998 0.3464 0.3729 0.4548 0.5193 0.5326 0.6495 0.6517 0.6795 0.8345 0.8602 0.8689 0.8701 0.8813 0.9048 
000000010100001000000
000000100000000000010
000000010100001000000
000000100000000000000
010000000011000100000
000000010100000000000
000011000000100000000
100000010100000000000
010000000011000100000
001000000010010000101
000010000000100000000
010000000011000100000
000100000000000010000
000000000000100001000
000000000000100000000
000100001000000010000
000100000000000010000
000000100000000000000
000000000000100001000
000000000000100000000

//
segsites: 6
positions: 0.0518 0.0709 0.4407 0.4472 0.5299 0.8625 
101000
010000
000000
000000
000000
000000
010000
000000
000100
000000
000100
000000
000010
010001
000000
000000
000000
000000
000000
000000

//
segsites: 18
positions: 0.0255 0.0431 0.0987 0.1417 0.2129 0.2166 0.3535 0.4875 0.4894 0.5708 0.5844 0.6958 0.8200 0.8527 0.8596 0.9297 0.9334 0.9838 
001000010000000000
000000000000010000
000000000000100001
101000010000000000
000000000000100001
000000000000000010
000000000100010000
000000100000011000
010010000001000001
010011000001000001
000000000000010100
001000010000000000
000100000000010000
000100000000010000
000000001010010000
000000000100010000
001000010000000000
010010000001000001
001000010000000000
000000000000100001

//
segsites: 29
positions: 0.0622 0.0630 0.0975 0.1656 0.1776 0.1932 0.2187 0.2201 0.2413 0.2620 0.2705 0.3791 0.4027 0.4409 0.4735 0.4807 0.4861 0.5045 0.5078 0.5265 0.5265 0.5734 0.5753 0.7756 0.8861 0.8868 0.9014 0.9347 0.9871 
00001000001000100101000011100
11000101000100010010101100010
00110000100000001100000010100
11000111000110000010101100010
00000000001000100101000010100
11000111000110000010101100010
11000101000100010010101100010
00000000011000100101000010100
00110000100000001100000010100
11000101000100010010101100010
00000000000000100100000010100
00010000100000001100000010100
11000001000101000010101100010
11000101000100010010101100010
11000101000100010010101100010
11000001000101000010101100010
00000000000000100100000010100
11000101000100010010111100011
11000001000101000010101100010
11000001000101000010101100010

//
segsites: 56
positions: 0.0298 0.0332 0.0426 0.0599 0.0632 0.0649 0.0775 0.1444 0.1637 0.1802 0.1916 0.2230 0.2289 0.2696 0.3181 0.3240 0.3354 0.3463 0.3477 0.3514 0.3728 0.4507 0.4768 0.4937 0.5094 0.5345 0.5480 0.5497 0.5695 0.5862 0.5996 0.6286 0.6304 0.6309 0.6351 0.6400 0.6662 0.6841 0.6911 0.7059 0.7275 0.7693 0.7802 0.8099 0.8217 0.8314 0.8339 0.8518 0.8536 0.8978 0.9326 0.9561 0.9583 0.9805 0.9856 0.9925 
00000101000000101000100000000000010010000000000100000100
00000010001100010000001000010000000001000001011100010100
00000101000000101000100000000000010010000000000100000100
10000010111100010010001000000000000001000001011100000100
00000101000001101000100000001000010010000000000100001100
00000101000000101000100000000000010010000000000100000100
00001101000000101000100000000000010010000000000100000100
00000010001110010000001000000010000001000001011100000100
00000101000000101000110000000000010010000000000100000100
00000101000000101000100000000000010010000000000100000100
00110000000000000001000011000001001000100010100010100011
00000010001110010000001100000000000001000001011100000100
00000010001110010000001100000000000001000001011100000100
01000101000001101000100000000000010010000000000100001100
00000010001110010000001100000000000001000001011100000100
00000101000001101000100000000000010010000000000100001100
00000101000001101000100000001000010010000000000100001100
00010000000000000001000011000101001100000000100010100011
00000101000000101000100000000000010010000000000100000100
00000100000000000100000000100000110010011100000101000100

//
segsites: 28
positions: 0.0177 0.0484 0.0716 0.0814 0.0815 0.1357 0.1576 0.1729 0.2428 0.2880 0.3451 0.3813 0.4388 0.4460 0.4509 0.4820 0.5244 0.5358 0.5953 0.6094 0.6215 0.6578 0.6713 0.6720 0.6804 0.7944 0.8328 0.9952 
0000100000001100000011000010
1000010001000000000000100000
0000100000001100000011000010
0000000000101000000101000011
0000100000001100000011000010
1000011001000000100000100000
0100000110010000010000001100
0100000100010000010000001100
0000010001000000000000100000
0000100000001100000011000010
0000000000000001001000100000
0100000100010000010000001100
1000010001000000000000100000
0000100000001100000011000010
0000000000101000000001010011
0000000000101000000001010011
0000100000001100000011000010
1000010001000000100000100000
0001000000000010000000000000
0010000000000010000000000000

//
segsites: 35
positions: 0.0153 0.0509 0.0606 0.0903 0.1031 0.1366 0.1402 0.1584 0.1949 0.2234 0.2508 0.2643 0.3253 0.3348 0.3401 0.3550 0.3849 0.4163 0.4590 0.4676 0.4744 0.5127 0.5452 0.5908 0.6168 0.6849 0.7233 0.7357 0.7506 0.7681 0.8216 0.8533 0.9466 0.9640 0.9951 
10000000000000111111110000010001000
00000000010011000000001000001000000
10000000000000111111110000010001000
00010110100100001111010010010001000
10000000000000111111110000010001000
00000000010011000000001000000000000
00010110100100001111010010010001000
00000100000000001111010101110001001
00010110100100001111010000010001000
10000001000000101111110000010011010
11000000000000101111110000010001000
10101000001000101111110000010001000
10000001000000101111110000010011010
00000100000000001111010101110001000
00010110100100001111010010010001000
11000000000000101111110000010001000
00010110100100001111010010010101000
11000000000000101111110000010001000
00010110100100001111010010010001000
10000000000000111111110000010001100

//
segsites: 28
positions: 0.0200 0.0233 0.0320 0.0855 0.1030 0.1743 0.2090 0.2355 0.2903 0.3552 0.3617 0.3821 0.3888 0.4051 0.4196 0.4262 0.4339 0.4842 0.4996 0.5118 0.5837 0.5981 0.7479 0.8739 0.8804 0.8885 0.9325 0.9358 
0010100001001110000000110000
0010100000001100000000110000
0000000000000000111011000001
0010100001001110000000110000
0010100001001110000000110000
0010100000011000000000110110
0100011000000000111001000001
1000000000000000111011000001
0011100000001101000000110000
0000000000000000111011000001
0010100000011000000000110110
0000000000000000111011000001
0010100001001110000000110000
0010100001001110000000110000
0010100000001100000000110000
0000000000000000111011000001
0011100000001101000000110000
0010100110001100000100110000
0010100000001100000000110000
0010100000111000000000111110

//
segsites: 33
positions: 0.0150 0.0352 0.0395 0.0447 0.1225 0.1495 0.1729 0.2012 0.2455 0.3199 0.3217 0.3240 0.4392 0.4440 0.4485 0.4775 0.4842 0.5451 0.5457 0.5701 0.6232 0.6306 0.6421 0.6462 0.6604 0.7550 0.7710 0.7747 0.8007 0.8235 0.8383 0.8656 0.9103 
000000000010001000100101110000000
001110000100000010000000001000001
001110000100000000000000000000001
000000000010001000100101010000000
001110000100000010000000000100001
001110000100000000000000000000001
010001000010000000100000010000000
001110000100000010000000000000001
000100010100000100010010000001000
010000000010000000100000010000000
000000000010000000100101010000000
010000000010000000101000010000000
000100010100000100010000000000010
001110000100000010000000000000001
001110000100000000000000000000001
010000000010000000101000010000000
010000000010000000101000010000000
100000101001110001000000000010000
010000000010000000100000010000100
010000000010000000101000010000000

//
segsites: 36
positions: 0.0143 0.0184 0.0535 0.0950 0.1076 0.1310 0.1369 0.1631 0.2324 0.2339 0.2351 0.2480 0.2622 0.2925 0.3594 0.3975 0.4281 0.4951 0.5142 0.5283 0.5454 0.5737 0.6196 0.6293 0.6377 0.6835 0.6932 0.6962 0.8462 0.8484 0.8660 0.9607 0.9610 0.9858 0.9862 0.9894 
010000000010101000000001000001000000
010000000010101000000001000000000000
000000010101000010001100010100001100
010010000010101000000001000000000000
000000000001000100000110000000100101
010000000010101001000001000000000000
001000111101000010001100010100011110
110000000010101000000001100000000000
000000111101000010001100010100011100
000000010101000010101100010100001100
000000111101000010001100010100011110
010000000010101000000001001000000000
010000000010101000000001000000000000
000100000001000010010100000000000100
010000000010101000000001000000000000
010000000010101000000001000000000000
000101000001010010010100000010000100
000000010101000010001100010100001100
000000111101000010001100010100011110
000000010101000010001100010100001100

//
segsites: 18
positions: 0.0232 0.1093 0.1541 0.2291 0.2432 0.2433 0.3505 0.3989 0.4100 0.4387 0.4682 0.4969 0.4972 0.5678 0.6065 0.7010 0.7163 0.9936 
001000001000011010
100000010011000000
000000001000010010
000000001000010010
000010001100010110
000000000000000010
100100010011100000
100001000010000000
100000010011000000
001000001000011010
110001100010000001
100000010011000000
100000010010000000
000000001000010010
100001000010000000
100001000010000000
110001100010000001
000000001000010010
100000010010000000
100001000010000000

//
segsites: 41
positions: 0.0315 0.0385 0.0707 0.0757 0.0769 0.0775 0.1174 0.1325 0.1440 0.2546 0.2855 0.3238 0.3403 0.3622 0.3859 0.4514 0.4643 0.5409 0.5496 0.5514 0.5612 0.5653 0.5719 0.5979 0.5981 0.6044 0.6098 0.6249 0.6324 0.6380 0.6467 0.6893 0.7030 0.7289 0.7317 0.8584 0.8872 0.8872 0.9024 0.9497 0.9943 
11101011000000010000110001011000000110000
00000100001001100000000000100000010001011
00000100001001100000000000100000010001011
11101011000000010000110001011000100110000
00000100100001000000001000100000010001011
11001011000000000001110001001000000010000
00010100000011000100000000100100010001011
11001011000000000010110001001010000010000
00000100000001000000000000100000010001011
11001011010100000001110001001000001010000
11001011000000001010110101001001000010000
00000100000001000000000000100000010001011
11001011000000000010110011001010000010000
00000100000001000000000000100000010001011
11001011000000001010110101001001000010000
00000100000001000000000000100000010001011
11101011000000010000110001011000000110000
00010100000011000100000000100000010001011
11001011000000000010110001001010000010100
00000100000001000000000000100000010001011

//
segsites: 29
positions: 0.0051 0.0052 0.0419 0.0484 0.0816 0.0847 0.0871 0.0942 0.0978 0.1209 0.1461 0.1745 0.1777 0.2092 0.2121 0.2539 0.2822 0.3050 0.3218 0.4232 0.4745 0.5423 0.5543 0.5883 0.6302 0.6590 0.7916 0.8866 0.9134 
00000101010100001000010110100
00001000101001000010001001000
00001000101001000010001001001
00001000101001000010001001000
00000101000100101000010110100
00001000101001000010001001000
10110000100010000000101001000
01000101000100001000010110100
01000101000100001000010110100
00001000101001000010001001001
00000101000100001000010110100
00000101000100011000010110100
00001010101001000010001001001
00001000101001000010001001001
00110000100010000000101001000
00001000101001000110001001001
00110000100010000000101001000
00001000101001000011001001001
00000101000100001000010110110
00000101000100011000010110100

//
segsites: 22
positions: 0.0400 0.0957 0.1204 0.1360 0.1470 0.1853 0.2203 0.2600 0.2729 0.3010 0.3110 0.4453 0.5738 0.6065 0.6460 0.6882 0.7689 0.7758 0.7956 0.9245 0.9541 0.9683 
0110100010011100001001
0100100010011100001001
0001010100100001110100
0100100010011100001001
1100100000011100001001
0100100010011100001001
1100100000011100001001
0001010100100001110100
0100100010011110001001
1100100000011100001001
0100100010011100001001
0001010100100001110100
0100100011011100001001
0100100010011100001001
0100100010011100001001
0100100010011100001011
0100100010011100001001
0100101010011100001001
0100100010011100001001
0100100010011100001001

//
segsites: 36
positions: 0.0498 0.0512 0.0710 0.0841 0.1091 0.1249 0.1251 0.1557 0.1841 0.2138 0.2656 0.3407 0.3548 0.3640 0.3710 0.3769 0.3817 0.3931 0.4060 0.4311 0.4783 0.4793 0.4826 0.5573 0.5582 0.6883 0.6885 0.7148 0.7203 0.7670 0.8860 0.9141 0.9550 0.9598 0.9729 0.9868 
000000001001000000000010000001111001
000000001001000000000010001001111001
001010000010100001100001010000000000
001000000010100101100000010000000100
001010000010100001100001010000000000
100100010110010001111100100110000000
000000001001000000000010000001111001
010000001001000000000010000001011011
010000101001000010000010000001011001
000000001001001000000010000001111001
000000001001001000000010000001111001
000000001001000000000010000001111001
100100010110010001111100100110000000
001000000010100001100001010000000000
001001000010100001100000010000000100
010000001001000000000010000001011001
000000001001000000000010000001111001
000000001001001000000010000001111001
001000000010100101100000010000000100
000000001001000000000010000001111001

//
segsites: 29
positions: 0.0350 0.0363 0.0593 0.0737 0.0915 0.1261 0.1719 0.1817 0.2161 0.2533 0.2695 0.3299 0.3561 0.3837 0.4753 0.5497 0.6525 0.6666 0.6792 0.7631 0.7657 0.7781 0.7899 0.8372 0.8728 0.8824 0.9235 0.9250 0.9508 
00000001000000000010000000000
01000100010101100000010000100
00001100010101000000000000110
00000100010101000000000000100
00010001000000000010000000000
01000100010101100000010010100
01000100010101100000010000100
00000001000000000010000000000
01000100010101100000010000100
00000000101010000100100100001
00000000101010000100100100001
10000100010101010000000000100
10000100010101000000000000100
00000100010101000000000000100
00000001000000000010000000000
00100100010101000001000000100
00000110010101001000001000100
00000100010101000000000001100
00000100010101000000000000100
00000100010101000000000000100
