./ms 20 1 -t 10 -G 0 -eG 1 0 
56079 52452 51909

//
segsites: 47
positions: 0.0035 0.0567 0.0991 0.1762 0.1823 0.1901 0.2103 0.2601 0.3034 0.3371 0.3542 0.3917 0.4037 0.4284 0.4395 0.4495 0.4498 0.4629 0.4709 0.4793 0.4824 0.4954 0.5202 0.5587 0.5823 0.5975 0.6011 0.6176 0.6496 0.6519 0.6764 0.6796 0.6807 0.6892 0.6901 0.7280 0.7615 0.7620 0.8248 0.8526 0.8952 0.9362 0.9448 0.9763 0.9778 0.9794 0.9798 
10001000100001100000100000010000000011110010010
10101100100001100000000000110000000011110010010
10001000100001100000100000010000000011110010010
10001000100001100000100000010000000011110010010
10001100100001100000000000110000000011110010010
10000000000011000000001001010101000011100000010
10001000100001100000000000010000000011110010010
00000000011100000010010110000000101100000000000
10010011000001100000000000010010010011101010011
01000000011000001010000110000000101100000001100
10001000100001110000000000011000000011110010010
10010011000001100000000000010010010011101010010
10001100100001100000000000110000000011110010010
00000000011000000011000110000000101100000001100
10001000100001100000000000010000000011110010010
10010011000001100100000000010010010011101010010
10000000000011000000001001010101000011100000010
00000000011100000010000110000000101100000100000
10001000100001100000100000010000000011110010010
10001000100001100000000000010000000011110010010

//
segsites: 33
positions: 0.0427 0.2009 0.2385 0.3283 0.3285 0.3498 0.3537 0.3557 0.3592 0.3718 0.4049 0.4187 0.4261 0.4281 0.5274 0.5608 0.5670 0.6053 0.6075 0.6501 0.6536 0.6854 0.7288 0.7448 0.7795 0.8143 0.8144 0.8481 0.8564 0.8639 0.8935 0.9631 0.9868 
000000110010010000010000000011100
000000010000010000000100100011100
000000110110010000010000000011100
000000010001010000000000010011001
010000010010010000000010000011100
000000010000010000000100001011100
000000010000110001000000000111100
000000010000010000000100000011100
000000010000010000000100000011100
000000010000010000000100000011100
000000010000010000000100000011100
000000010000010000000100000011100
000100011000110001000000000111110
000000010000010000000100000011100
101011000000001010101001000000000
000000110010010000010000000011100
000000010000010100000100000011100
000000010000110001000000000111100
000000010000010000000100000011100
000100011000110001000000000111110

//
segsites: 34
positions: 0.0124 0.0217 0.0980 0.0999 0.1164 0.1451 0.1536 0.2458 0.2636 0.2924 0.3128 0.3375 0.3404 0.3483 0.3505 0.3787 0.4071 0.4377 0.5017 0.5333 0.5426 0.6437 0.6768 0.7090 0.7439 0.7726 0.7883 0.7894 0.7982 0.8104 0.8368 0.9007 0.9571 0.9856 
0100110000000000000010010100000010
1010000011000010000000000000101101
0001000100011000010100000001100000
0100110000000000000011001100000010
0001000100011000010100000001100000
0100110000000100101010000010010000
0100110000100000000010110100000010
1010000011000010000000000000101101
0001000100011000010100000001100000
0100111000000000000010010100000010
0100110000000000000011000100000010
0100110000000000000011000100000010
0100110000000000000010010100000010
0001000100011001010100000001100000
0100110000000100101010000010000000
0100110000000100101010000010000000
0001000100011000010100000001100000
1010000011000010000000000000101101
0100110000000000000011000100000010
0100110000000000000011000100000010

//
segsites: 12
positions: 0.0180 0.0977 0.1682 0.2497 0.3661 0.4838 0.5055 0.7339 0.7757 0.8544 0.9732 0.9776 
000000100111
000000100010
000000100010
000000100000
001000010000
000000000000
100010100000
000000100010
000001001000
000000100000
000000100010
000000100000
100010100000
000000100010
000000100000
000000100010
001000010000
000000100000
000100100010
010000100000

//
segsites: 31
positions: 0.0344 0.0522 0.1203 0.1309 0.1566 0.1683 0.1914 0.2064 0.2269 0.2421 0.2532 0.3286 0.3590 0.4019 0.4170 0.4254 0.4309 0.4959 0.5008 0.5806 0.6310 0.6409 0.7028 0.7694 0.7734 0.7924 0.8602 0.8926 0.9235 0.9305 0.9721 
0001001110000000100000000000000
0001001110000000100000000000000
0001101110000011100000000000000
0001001110000000100000000000000
0001111110000011100000000000000
0001001110000000110001000000000
0001001110001000100000000000000
0001001110000000100000100000000
0001001111000000100000000000010
1110000000110000001110011010001
1110000000110000001110011010001
0001111110000011100000000000000
0001001110000100100000000000000
0001111110000011100000000000000
0001001110000000110001000000000
0001111110000011100000000000000
0001001110000000100000000100000
0001001110000000100000000000000
0001111110000011100000000000000
0001001111000000100000000001110

//
segsites: 23
positions: 0.0467 0.1200 0.1241 0.1434 0.1482 0.2042 0.3107 0.3143 0.3179 0.3617 0.5203 0.5589 0.6116 0.6516 0.6655 0.6666 0.7117 0.7237 0.7721 0.8847 0.8989 0.9149 0.9898 
11000011010011000100000
00001100001100010001001
11000011010011000000000
11000001010011000000100
11000011010011000000000
11000011010011000000000
11000011010011000000010
11000011010011000000000
11100011110011100000000
00001100001100010001001
11000001010001000000000
11000011010011000000000
11000001010001000010000
11010001010001000000000
00001100001100010000001
11000011010011000000000
11000011010011000000000
11000001010001000000000
00001100001100011000001
11000011010011000100000

//
segsites: 37
positions: 0.0088 0.0107 0.0160 0.0502 0.0670 0.0781 0.0946 0.1159 0.1290 0.1877 0.2023 0.2376 0.3018 0.3073 0.3204 0.3262 0.3311 0.3538 0.3951 0.4452 0.4460 0.4612 0.4854 0.4964 0.5137 0.5306 0.5565 0.6930 0.7099 0.7405 0.7960 0.8207 0.8597 0.9136 0.9381 0.9533 0.9917 
1000000010101000001000000000001101000
0100000000001010101000001000001000011
1000000010101000001000000000001101000
0100100000001010001000010101001010001
0100000000001010001000101000001000011
0011000000010100000100000010010000000
0011000000010000000101000010010000000
0000000000001000001000000000001000100
1000000010101000001000000000001101000
0011010000010000000100000000110000000
0100001000001010011000001000001000011
0100000000001010001000101000001000011
0100000000001010001000001000001000011
0011000100010000000100000000010000000
0011000000010100000100000010010000000
0000000000001000001000000000001000100
0100000001001011001000101000001000011
0011000000010000000111000010010000000
0100000000001010001000001000001000011
0100000000001010101000001000001000011

//
segsites: 30
positions: 0.0015 0.0283 0.0971 0.0987 0.1052 0.1118 0.1187 0.1249 0.1643 0.1830 0.1943 0.2175 0.2268 0.2466 0.2479 0.2746 0.3072 0.3182 0.3301 0.3625 0.4781 0.5066 0.5088 0.5147 0.5596 0.6446 0.7238 0.7324 0.7660 0.7792 
000000000000010110001000100000
000000000001000000001000100100
001100001000100001100111000000
001110000000100000110101000000
010000100000000000000000000001
001100000000100001100101000000
000000000001000000001000100100
001100000100100000100101000000
000100010010000000100100010000
001100000000100000100101000000
001100000100100000100101000000
001100000000100000100101000000
001101000000101000100101000000
001100000000100001100101000000
000100010010000000100100011000
100100010010000000100100010000
001101000000100000100101000000
100100010010000000100100010000
000100010010000000100100010010
001100000000100000100101000000

//
segsites: 31
positions: 0.0348 0.0728 0.1331 0.2163 0.2200 0.2289 0.2568 0.2907 0.3016 0.3172 0.3553 0.3821 0.4445 0.4559 0.4678 0.5016 0.5066 0.5144 0.5546 0.5710 0.6461 0.6515 0.7054 0.7118 0.7976 0.8088 0.8312 0.8461 0.8597 0.9644 0.9758 
0000000001000010100100010100000
1110100100110100010000001010010
1110100100110100000000001010000
0110101100110100001001001000000
0010110100111000000010001001000
0110101100110100001000001000000
0000000001000010100100010100000
0000000001000010100100010100000
1110100100110100000000001010001
1110100100110100000000001010100
0000000001000010100100010100000
0110101100110100001000001000000
0000000001000010100100010100000
0111101100110100001000101000000
0010110100111000000010001001000
0000000011000010100100010100000
0010110100111000000010001001000
0000000001000011100100010100000
0110101100110100001000001000000
1110100100110100000000001010000

//
segsites: 51
positions: 0.0416 0.0708 0.0777 0.0845 0.0955 0.0994 0.1296 0.1314 0.1325 0.1427 0.2405 0.2785 0.2815 0.2882 0.3571 0.3667 0.4141 0.4144 0.4564 0.4664 0.4825 0.4829 0.4871 0.5572 0.5644 0.5887 0.6367 0.6413 0.6469 0.7120 0.7243 0.7285 0.7309 0.7929 0.7986 0.8046 0.8059 0.8084 0.8093 0.8137 0.8329 0.8347 0.8529 0.8692 0.8847 0.8906 0.9008 0.9024 0.9077 0.9452 0.9471 
010011001000100000110100011001101000011000101010011
001000000100010000000000100010000101100111010001000
100000100100010000000000100000010101100000010001000
001000000100010000000010100010000101100111010001000
001000000100010100000000100010000101100111010001000
001000000100010000000000100010000111100111010101100
000011001000100000111100011001100000011000001010011
000011001000100000111100011001100000011000001010011
001000010110010000000000100010000111100111010001000
001000010110010000000000100010000111100111010001000
010011001001100000110100011101100000011000001010011
000100001000101011110101001001100000011000001010000
000100001000101011110101001001100000011000001010000
000011001000100000111100011001100000011000001010011
010011001000100000110100011001101000011000101010011
001000000100010100000000100010000101100111010001000
001000000100010000000000100010000111100111010001000
000011001000100000111100011001100000011000001010011
010011001001100000110100011101100000011000001010011
001000010110010000000000100010000111100111010001000

//
segsites: 27
positions: 0.0302 0.0702 0.0718 0.1947 0.2372 0.2398 0.2470 0.2970 0.3345 0.3505 0.3697 0.4589 0.4836 0.4926 0.5067 0.5260 0.5424 0.5698 0.6184 0.6324 0.7782 0.7873 0.7994 0.8138 0.8154 0.8234 0.8486 
010001000100000000000100000
010001000100000000000100000
010001000100000000000100000
010001000000000000000010000
000000110000101011001001001
010001000000000000000010000
010001000000000000000000100
010001000011000000010000000
010011000000000100000000010
010001000000000000000000100
010001000100000000000100000
000000110000101011001001001
010001000100000000100100000
010001001000000000000000000
010001000100000000000100000
110101000000000000000000000
010001000000010000000000000
010001000100000000000100000
010001000000000000000000100
011001000000000000000000000

//
segsites: 31
positions: 0.0005 0.0120 0.0238 0.0398 0.0593 0.0612 0.1002 0.1143 0.1298 0.1498 0.1932 0.3163 0.3294 0.3924 0.4307 0.4799 0.6201 0.6216 0.6364 0.6553 0.6591 0.6799 0.7221 0.7379 0.7400 0.8442 0.8713 0.8800 0.9089 0.9889 0.9890 
1000000000100010000001000101000
1000010001000100001000011001001
0000101000010000000000000010000
0000101010010000000100000000000
0000000000010001110000000000110
0000101000010000000000000010000
1000010001000100001000011001000
0000000100010001010000000000100
1000010001000100001000011001000
1100010001001100000000100001000
0000101000010000000000000010000
1100010001001100000000100001000
0000000000010001010000000000110
1100010001001100000000100001000
0000101000010000000000000010000
1100010001001100000000100001000
1100010001001100000000100001000
0001000000010000010010000000100
0010101000010000000000000010000
1100010001001100000000100001000

//
segsites: 30
positions: 0.0079 0.0665 0.0860 0.1120 0.1167 0.1521 0.1573 0.1699 0.1832 0.2051 0.2241 0.2476 0.2845 0.2949 0.4722 0.4867 0.5133 0.5397 0.5695 0.6177 0.6380 0.7636 0.8316 0.8390 0.8678 0.8789 0.9245 0.9429 0.9886 0.9980 
000010100101000000001101000000
000010100101000000001101000000
000010100101000000001101000011
000010110101000000101101100000
000001001010000010000010010000
000010100101000000001101000000
110100001010111100010010011000
000010110101000000101101100000
110100001010111100010010011000
000010100101000000001101000000
000010100101000000001101000000
001010100101000001001001000000
000010100101000000001101000000
000010100101000000001101000000
001010100101000000001001000100
001010100101000000001001000000
001010100101000000001001000000
000010100101000000001101000000
001010100101000000001001000100
000010110101000000101101000000

//
segsites: 29
positions: 0.0096 0.0368 0.0635 0.0899 0.1191 0.1292 0.1464 0.1579 0.1875 0.2078 0.2515 0.2583 0.2648 0.3096 0.3608 0.4081 0.4307 0.4316 0.4787 0.5837 0.6842 0.7148 0.8417 0.8690 0.8826 0.8916 0.9561 0.9596 0.9787 
00000000100001000000000001001
00000001100000100000000000000
00000000100001000000000001001
11100010000100011010001010100
11100100000100001010001010100
00011000110000000000000000000
11100010000100011010001010100
11100000000100011010001010100
00000000100011000000000001000
11100100000100001010001010100
11100000000100011010001010100
11100100001100001010001010100
00000001100000000001010000000
00001000110000000100100000010
00000001100000100000000000000
11100000000100011010001010100
11100100000100001010001010100
00001000110000000100100000000
11100000000100001010001110100
11100100000100001010001010100

//
segsites: 25
positions: 0.0016 0.0823 0.1022 0.1946 0.2409 0.2887 0.3362 0.3858 0.4071 0.4365 0.4666 0.5076 0.5464 0.5628 0.5656 0.5838 0.6356 0.7133 0.7784 0.8371 0.8549 0.9437 0.9809 0.9974 0.9999 
0000000100001010000000100
0100000010010000000101010
0000000000000010010000000
0100001000010000000111010
1110000000010001000001011
0100000000010000100111010
0100010010010000000101010
0100000010010000000101010
0100100001010000001101010
1101000000010000000001011
1100000000010000000001011
1100000000010000000001011
0100100001010000001101010
0000000100001110000000000
0000000000000010010000000
1100000000010001000001011
0100000010110000000101010
0100000010010000000101010
0100000000010000000101010
1100000000010000000001011

//
segsites: 36
positions: 0.0005 0.0174 0.0237 0.0657 0.0668 0.0708 0.0788 0.0943 0.0946 0.1101 0.1252 0.1325 0.1863 0.1923 0.2233 0.3064 0.3510 0.3871 0.4005 0.4067 0.4124 0.5756 0.5949 0.6503 0.6995 0.7100 0.7137 0.7389 0.7616 0.7675 0.7724 0.8063 0.8559 0.9180 0.9492 0.9607 
110101000011000010110000000110110000
110101000011000010110000000110110000
110001000011000010110000000110110000
110001000011000010110000000110110000
110001000011000000110000000010110000
110001000011000010110000001011110010
110001000011000000110010000010110000
110001000011000010110000000110110000
110001000011000000110000000010110001
110001000011000010110000001011110010
110001000011000000110000000010110000
110001000011000000110100000010110000
110011000011000000110000000010110000
000000001100111101001001110000001100
110001000011000000110010000010110000
000000001100111101001001110000001100
110001000011000010110000000110110000
110001110011000000110000000010110000
110001000011000010110000001011110010
111001000011000000110000000010110001

//
segsites: 46
positions: 0.0128 0.0215 0.0307 0.0491 0.0834 0.1322 0.1354 0.1813 0.2077 0.2618 0.2875 0.2886 0.2898 0.3593 0.3660 0.3676 0.4074 0.4120 0.4245 0.4467 0.4493 0.4522 0.4719 0.4775 0.5088 0.5230 0.5618 0.5828 0.6127 0.6567 0.6948 0.7186 0.7232 0.7700 0.7879 0.8022 0.8067 0.8853 0.8898 0.9020 0.9062 0.9119 0.9228 0.9282 0.9327 0.9650 
0000100101110000000011111000000010100100001101
1110000010001110101000000011100100001011000000
0000001101110000010011111000000001100100001101
0000100101110000000111111000000010100100001101
1110000010001110101000000011100100001011000000
0000100101110000000011111000000010100100001101
1110000010001110101000000011110100001011000000
0000000101110000010011111000000001100100001101
0000100101110000000011111000000010100100001101
1110000010001110101000000011101100001011000000
1110000010001110101000000011100100001011000000
1110000010001110101000000111100100011011000000
1110000010001110101000000011100100001011000000
1111000000001111101000000011100100001011010000
1110010010001110101000000011100100001011100000
0000100101110000000011111000000010100100001101
1110000010001110101000000011100100001011000000
1110000010001110101000000011100100001011000010
1110000010001110101000000011101100001011000000
1110010010001110101000000011100100001011100000

//
segsites: 24
positions: 0.0181 0.0456 0.0923 0.1191 0.1689 0.1950 0.2371 0.3377 0.3466 0.3852 0.4057 0.4356 0.4758 0.5446 0.5950 0.6166 0.6724 0.6897 0.7725 0.7778 0.7794 0.8192 0.8308 0.8442 
000001010000000100000000
010000000000010001101000
000000000001000011010000
000001010100101100000000
001000000010000001001100
001000000000000001001100
000001010100101100000001
001010000000000001001100
001010000000000001001100
001000000000000001001100
000001010100101100000000
001000100000000001001100
000001010000000100000000
000001010000000100000000
001000000000000001001100
000001010000000100000000
101100000000000001001100
001010000000000001001100
000001011100101100000000
101000000000000001001110

//
segsites: 37
positions: 0.0317 0.1354 0.1420 0.1833 0.1882 0.2131 0.2234 0.2389 0.2450 0.3411 0.3698 0.3920 0.3978 0.4053 0.4349 0.4628 0.4650 0.5027 0.5144 0.5619 0.6344 0.6444 0.6555 0.6746 0.7837 0.8097 0.8249 0.8492 0.8597 0.8729 0.9411 0.9488 0.9664 0.9763 0.9797 0.9885 0.9968 
0101001010010101000010000010101000000
0101001010010101000010001010101000000
0101001010010101000010000010101000000
0000001100010001010000000010101010000
0000011000010001010000000010101000000
0000001000110011010000000010101000000
0101001010010101000010001010101000000
0101001010010101000010000010101000000
0101001010010101100010000010101000000
0101001010010101000010000010101000000
0000001000110011010000000010101000000
1000000001000000001101110101000101011
0000101000011001010000000010101000000
0101001010010101100010000010101000000
0000101000011001010000000010101000000
0000001100010001010000000010101010000
0000011000010001010000000010101000000
0111001010010101000010000010101000000
0101001010010101000010000010101000000
0101001010010101000010000010111000100

//
segsites: 58
positions: 0.0093 0.0190 0.0215 0.0567 0.0672 0.1213 0.1247 0.1350 0.1382 0.1621 0.1656 0.2121 0.2362 0.2402 0.3123 0.3144 0.3284 0.3376 0.3520 0.3538 0.3605 0.3702 0.3910 0.4123 0.4186 0.4482 0.4494 0.4567 0.4764 0.4919 0.4982 0.5163 0.5418 0.5521 0.5530 0.5581 0.5701 0.5953 0.5980 0.6150 0.6354 0.6516 0.6553 0.6665 0.7012 0.7308 0.7376 0.7604 0.8047 0.8072 0.8077 0.8469 0.8539 0.9114 0.9449 0.9687 0.9696 0.9710 
0011001000010010000101001000101000001100100101011000010010
0011001000010010010001001000101000001100100101011000010010
1100010110101001101000100001000101110001011000000011100101
0011001000010010000101001000101000001100100101011000010010
0010001001010010000001001000101000001100100101011000010010
0011001000010010000101001000101000001100100101011100010010
0010000000010010000001000000101000001100100001111000010010
0011101000010010000101001000101010001100100101011000010010
0010000000010010000001000000101000001100100001111000010010
0011001000010010000101001000101000001100100101011000010010
0010001001010010000001001000101000001100100111011000010010
0011001000010010000101001000101000001100100101011000010010
0010000000010010000001010000101000001100100001111000010010
0011001000010010000001001000111000001100100101011000010010
0010001001010010000001001000101000001100100101011000010010
0011001000010010000001001000101000001100100101011000010010
0011001000010010000101001000101000001100100101011000010010
1100010000101101100010100111000101110011001000000011101101
0011001000010010000001001000101000001100100101011000010010
0011001000010010000101001000101000001100100101011000010010

//
segsites: 44
positions: 0.0019 0.0021 0.0447 0.0501 0.1091 0.1394 0.1691 0.1966 0.2001 0.2105 0.2152 0.2177 0.2518 0.2586 0.2789 0.3690 0.3936 0.3944 0.4015 0.4137 0.4160 0.4565 0.5168 0.5226 0.5587 0.5659 0.6005 0.6040 0.7099 0.7103 0.7308 0.7338 0.7488 0.7512 0.7546 0.7879 0.8140 0.8225 0.8390 0.8674 0.9176 0.9356 0.9743 0.9777 
00000111000000011100110000010000000000000101
00000111000000011100110000010000000000000101
01001000010000000010000101001010110000010010
00100110000000010100110010000000000000000101
00000110001011010100100000100000000000000101
01001000010000100010000101001010101100010010
00000110001011010100100000100000000000000101
00000110000100010001001000000100000001101000
00000110000100010001001000000000000001101000
00000111000000010100110000000000000000000101
00000111000000010100110000000000000000000101
01001000110000100010000101001010100010010010
11011000010000000010000101001010100000010010
11011000010000000010000101001010100000010010
00000111000000010100110000000000000000000101
00000110001011010100100000100001000000000101
00000110000100010001001000000000000001101000
00000110001011010100100000100000000000000101
00000110001011010100100000100000000000000101
00000111000000010100110000000000000000000101

//
segsites: 41
positions: 0.0051 0.0568 0.1108 0.1815 0.1964 0.1967 0.1999 0.2029 0.2104 0.2357 0.2845 0.2852 0.3097 0.3209 0.3353 0.3660 0.3689 0.3946 0.3990 0.4339 0.4380 0.4978 0.5024 0.5971 0.6425 0.6611 0.6716 0.6822 0.7803 0.7858 0.8607 0.8612 0.8625 0.8765 0.9200 0.9228 0.9320 0.9432 0.9682 0.9792 0.9891 
00100000100111001010011010011000100000000
01000010001000000000000001000110011101000
00100000100111001010011010011000100000000
00100000100111001010011010011000100000000
00100000100111001010011010011000100000000
00011110000000000000000101000110011000100
00100000100111001010011010011000100000000
00100000100111001010011010011000100000000
00000010001000000001000001000110011100010
01000010001000000000000001000110011101000
00100000100111001010011010011000100000000
00100000100111001010011010011000100000000
01000010001000000000000001000110011101000
00100000100111001010011010011000100000000
00100000100111001010011010011000100000000
00100000100111001010011010011000100000000
01000010001000000000000001000110011101000
00100000100111001010011010011000100000000
10000011010000110100100001100111011010001
00100000100111001010011010011000100000000

//
segsites: 34
positions: 0.0204 0.0475 0.0783 0.0917 0.1463 0.1510 0.1697 0.2618 0.2731 0.3095 0.3292 0.4120 0.4512 0.4834 0.5105 0.5584 0.6671 0.6870 0.7087 0.7596 0.7721 0.7756 0.8162 0.8196 0.8391 0.8882 0.9030 0.9046 0.9073 0.9130 0.9236 0.9348 0.9460 0.9845 
1101000010000000100100001000000101
0000001001000000001000010000001000
0000000000000010000000000100011000
1000010010100000000000000011000000
0000000001000000001001010000001000
1100000010000000000100001000000011
0000000000000001000000000000001000
0000100001000000011000000000001000
0000000001000000001000010000001000
0000100001000000011000000000001000
1000000110001100000000100000100000
0000000000000001000000000000001000
1100000010000000100110001000000001
0010100001000000011000000000001000
0000000000000010000000000100011000
1101000010000000100100001000000101
0000000000000010000000000100011000
1100000010000000100100001000000001
1000000110011100000000100000100000
1000010010100000000000000011000000

//
segsites: 30
positions: 0.0238 0.0305 0.0325 0.0537 0.1407 0.1610 0.1798 0.1888 0.2750 0.2967 0.3104 0.3105 0.3455 0.3787 0.3904 0.4397 0.5156 0.6069 0.6128 0.6384 0.7405 0.7491 0.8227 0.8580 0.8719 0.8729 0.9743 0.9859 0.9901 0.9996 
000001000000000100000000000000
000001000000000000000000000000
010010001110000010001100000010
010010001110000011001100000010
000100000000000000110010000100
001001010000000000000000000000
000100000001000000110010000100
000001000000000100000000000001
000001000000000100000000000001
000100000000000000110010000100
000100100000000000110010000100
000001000000000000000000000000
000001000000000100000000000000
000001000000000000000000000000
000001000000000000000000000000
100100000000111000000000001000
000001000000000000000000010000
000100000000000000110010000100
010010001110000000001101100010
000100100000000000110010000100

//
segsites: 33
positions: 0.0325 0.0584 0.0741 0.0754 0.0939 0.0959 0.1445 0.1922 0.2221 0.2584 0.3083 0.3203 0.3214 0.3862 0.4214 0.4582 0.4915 0.5016 0.5293 0.5546 0.5597 0.5847 0.6276 0.6519 0.7042 0.7636 0.7683 0.7918 0.8170 0.8339 0.8478 0.8648 0.9165 
110100010000010000100000000000010
110100010000000000100000000000010
110100000100000000000100100100010
110100010000010000100000000000010
000010000001001010001010000001001
000010000001001000000000000011101
110100000000000000100000000000010
000010000001001000000000001001001
110100000100000000000100100100010
110100100000000000100000000000010
110101001000000001100000000000010
000010000001001100000000000011101
001010000001001000000000001001001
110100000000000000100000000000010
000010000001001010001011010001001
110100010000000000100000000000010
110100000100000000010100100100010
110101001000000001100000000000010
110100000010100000100000000000010
000010000001001010001010000001001

//
segsites: 29
positions: 0.0226 0.0531 0.0728 0.0763 0.0777 0.1025 0.1240 0.1255 0.1403 0.1526 0.2388 0.3342 0.3538 0.4297 0.5108 0.5129 0.5575 0.5894 0.6123 0.6389 0.6558 0.6645 0.6912 0.7438 0.7599 0.7998 0.8620 0.9477 0.9745 
00000000100000101100000100000
00000001100000101000000100000
01100000001100000000000001000
01100000001100000000000001000
00010000100000101000000100000
00000000100000101010010110000
00000000100000111001000100000
00010000100000101000000100000
00010000100000101000000100000
01000000011000000000100001000
00000000100000101000000100000
00000000100000101010010110000
00000000100000101100000100000
10010010100000101000000100000
10010010100000101000000100000
00001100000011000000001001111
00001100000011000000001001111
01000000001000000000000001000
00000000100000101000010110000
00000000100000101000010110000

//
segsites: 26
positions: 0.0028 0.0036 0.1120 0.1395 0.1807 0.2287 0.2363 0.3408 0.3497 0.3836 0.3851 0.4317 0.5501 0.5509 0.5550 0.6010 0.6199 0.6358 0.6620 0.6857 0.7359 0.7580 0.8495 0.8635 0.8660 0.9944 
00010010110001110001010000
00010010110001100001010000
00010010110010100100010000
00010010110000100100010000
01010010110010100100010100
00010010110000100000010000
00010010110001110001110000
00110111110001100001010000
00010010110001110001010000
00010010110001110001010000
00010010110001110001110000
01010010110010100100010000
00010010110010100100010000
00010010110001100001010000
10001000001100001000001001
00010010110010100100010010
00010010110001100001010000
00110111110001100001010000
10001000001100001000001001
00010010110010100110010000

//
segsites: 36
positions: 0.0997 0.1084 0.1338 0.1402 0.1858 0.2422 0.2795 0.2879 0.3374 0.3406 0.3423 0.4012 0.4109 0.4362 0.4649 0.4720 0.4749 0.4883 0.5250 0.6412 0.6553 0.6715 0.7379 0.7641 0.7781 0.7819 0.7819 0.7871 0.8167 0.8267 0.8302 0.8879 0.9171 0.9184 0.9255 0.9965 
000110000010001010001010100000000000
001010000010000000001010000000111110
000110000010001010001010100000000000
000000000000110000010100001000000000
000010100010000000000010000010000001
000010100010000000000010000010000001
000000000000110000010100001000000000
000000000000110100010000011100000000
001010001010000000001010000001111110
000110000010001010001010100000000000
010001000000110000010000011100000000
000010100010000000100011000010000001
000110000110001010001010100000000000
000000000000110000010100001000000000
001010001010000000001010000001111110
001010000010000000001010000000111110
000001000001110000010000011100000000
000001000000110000010000011100000000
100001010000110001010000011100000000
000001000000110000010000011100000000

//
segsites: 55
positions: 0.0004 0.0254 0.0410 0.0413 0.0871 0.1071 0.1337 0.1470 0.1540 0.1666 0.1730 0.1995 0.2105 0.2253 0.2542 0.2563 0.2896 0.3048 0.3149 0.3174 0.3283 0.3698 0.3852 0.3910 0.4009 0.4113 0.4249 0.4410 0.4585 0.4803 0.4833 0.5148 0.5564 0.5821 0.6248 0.6307 0.6526 0.6532 0.6622 0.6949 0.7067 0.7175 0.7239 0.7647 0.7840 0.7870 0.7981 0.7981 0.8565 0.8608 0.8816 0.8985 0.9328 0.9518 0.9753 
1100101010100000010111101110001101101011000000101101101
0011010100010011000000000001110000010000111110010010010
1100101001100000000111101010001111101011000000100100101
1100101010100000010111101110001101101011000001101101101
1100101000100000110111111110001101101011000000101101101
1100101001100000000111101010001111101011000000100100101
1100101001100000000111101010001111101011000000100100101
1100101010100000010111101110001101101111000001101101101
1100101000100000010111101110001101101011000000101101101
1100101001100000000111101010001111101011000000100100101
1100101010100000010111101110001101101011000001101101101
1100101001100000000111101010001111101011000000100100101
1100101001100000000111101010001111101011000000100100101
1100101000100000110111111110001101101011000000101101101
0011010100010011000000000001110000010000111110010010010
1100101000100100010111101110001101101011000000101101101
1100101000100000011111101110001101101011000000101101101
1100101000100100010111101110001101101011000000101101101
1100101000100000110111111110001101101011000000101101101
1100101001101000000111101010001111101011000000100100101

//
segsites: 18
positions: 0.0523 0.0568 0.0821 0.1332 0.1622 0.1885 0.2566 0.2727 0.3189 0.3627 0.6248 0.6320 0.6882 0.7653 0.8873 0.9007 0.9033 0.9957 
011001000000000000
000000011000000010
001101000000000000
001001000000000000
000010000010000100
001001000100010000
001001000100000000
001001000100000000
000010000001000000
001001000000000000
001001000000000001
000010000000000000
000010000000000000
001001000100010000
001001000000001000
001001000000000000
001001000000001000
001001000000000000
101001000000100000
001001100000001000

//
segsites: 24
positions: 0.0268 0.0445 0.0999 0.1059 0.1105 0.1811 0.2099 0.2620 0.3197 0.3295 0.3373 0.4754 0.4985 0.5258 0.5516 0.6173 0.6182 0.6796 0.7448 0.7836 0.8275 0.8385 0.8574 0.9144 
001010010011000000000110
101010010001000000001010
000000000001010000000000
000000000100101000010000
101010110001000000001010
011011011011000000100010
011010011011000100000011
000000000001010000000000
000000000001000001000000
000000000001000001000000
000000000001000001000000
000000000100101000010000
000000000100101000010000
000000000100101000010000
001010010011000000000010
011011011011000010100010
001010010011000000000110
000100000100101000010000
101010010001000000001010
101010010001000000001010

//
segsites: 61
positions: 0.0110 0.0181 0.0348 0.0729 0.0811 0.0833 0.0841 0.0870 0.0876 0.1614 0.1670 0.2154 0.2292 0.2326 0.2404 0.2538 0.2641 0.2974 0.2991 0.3462 0.3601 0.3748 0.4129 0.4202 0.4567 0.5090 0.5196 0.5716 0.5832 0.5914 0.5998 0.6024 0.6754 0.6911 0.7048 0.7145 0.7257 0.7425 0.7471 0.7540 0.7598 0.7615 0.7627 0.7793 0.7901 0.8023 0.8067 0.8171 0.8185 0.8241 0.8504 0.8537 0.8601 0.8635 0.9148 0.9438 0.9606 0.9780 0.9787 0.9866 0.9902 
0000000100010000100001000101000001000010001001110000000010001
0001000100010010100001010001000001000010001001110000000010001
0000000100010000100001000101000001000010001001110000000010001
0000000100010000101001000101000001000010001001110000001011001
0000000100010000101001000101000001000010001001110000001011001
0001000100010010100001010001000001000010001001110000000010001
0000000100010000101001000101000001000010001001110000001011001
0000000100010000100001000101000011000010011001110000000010011
0000000100010000100001000101000011000011011001110000000010011
0010000100010001100101000001000001000010001001110100000110001
0001000100010010100001010001000001000010001001110000000010001
0000000100010000100001000101100001000010001001110000000010001
1000011001101100010000101000011000111100100110001011110000000
0000000100010000100001000101000011000010011001110000000010011
0001000100010010100001010001000001000010001001110000000010001
1100111011101100010010100010011100111000100010001011110000100
0000000100010000100001000101000001000010001001110000000010001
0000000100010000100001000101000011000010011001110000000010011
0010000100010001100101000001000001000010001001110100000110001
1000011001101100010000101000011000111100100110001011110000000

//
segsites: 34
positions: 0.0169 0.0475 0.0532 0.0555 0.0694 0.0925 0.1013 0.1030 0.1194 0.1991 0.2400 0.2454 0.2477 0.2884 0.2999 0.3592 0.3721 0.3740 0.3761 0.4073 0.4890 0.5510 0.6223 0.6266 0.6686 0.6778 0.7103 0.7491 0.8269 0.8446 0.8452 0.8787 0.9830 0.9883 
0000000000010010010000000000100100
0100100010001001001000010011010000
0100100010001001001000000011000000
0100100010001001001000000011010000
0100100011101001001000000011000000
0100100110001001001000000011000000
0010100010000001100011000011001000
0100100010001001001000000011000000
0100100010001001001000000011010000
0100100110001001001000000011000000
0010100010000001100001000011001000
1000001010000101000000001001000000
1000001010000101000000001001000000
0100100010001001001000000011000000
0100100010001001001000000011000000
1000001010000101000100000001000000
1000001010000101000000100001000000
0001010000010010010000000100100110
0100100010001001001000000011000000
0100100010001001001000000011000001

//
segsites: 30
positions: 0.0196 0.0768 0.0985 0.1038 0.1426 0.1535 0.2532 0.3202 0.3295 0.3590 0.4607 0.5076 0.5153 0.5177 0.5468 0.5759 0.5887 0.6081 0.6543 0.6557 0.7095 0.7179 0.7314 0.7413 0.8036 0.8915 0.9097 0.9301 0.9502 0.9532 
010000001000000001100000000101
000001000000000000000000000010
000000000000000000000000000010
000001000000000000000000000010
000000000110000010000000000010
010000001000000001000011000100
000000000000000000000000000010
010000001000000001000000100100
000000000000000000000000000010
000000000000000000000000000010
000000000110000010000000000010
001110000001000100001000000000
000000000000000000000000000010
100000000000100000000000000010
000000000000000000000100001000
010000001000001001000011000100
010000101000010001000000010100
000000010000000000010000000010
000000000110000010000000000010
000000000000000000000000000010

//
segsites: 40
positions: 0.0217 0.0870 0.0879 0.1283 0.1451 0.1699 0.2257 0.2343 0.2474 0.2586 0.2864 0.2941 0.3460 0.3508 0.3622 0.3674 0.3731 0.3819 0.4176 0.4313 0.4554 0.4791 0.5725 0.5949 0.6277 0.6473 0.6994 0.7188 0.7897 0.7923 0.8221 0.8223 0.8875 0.9203 0.9274 0.9416 0.9514 0.9642 0.9653 0.9814 
0011000000010001010000000101111100010000
0011000000010001010000000101111100010100
0011010000010001000000000101111100010000
1100001000001010000001101000000000000011
0011000110010001100000000101111100010000
1100101000000000000100101010000011001001
1100001000001010000001101000000000000011
1100001000000000000001111000000000100011
1100101000000000000100101010000011001001
1100001000001010000001101000000000000011
0011000000010001010010000101111100010100
1100001000000100001001101000000000000011
1100001001000000000001101000000000000011
0011000110010001000000000101111100010000
1100101000000000000100101010000011001001
1100101000100000000000101000000010000001
0011000000010001010000000101111100010000
1100001000000000000001111000000000100011
1100101000100000000000101000000010000001
0011000000010001000000000101111100010000

//
segsites: 29
positions: 0.0129 0.0373 0.1330 0.1371 0.1492 0.2008 0.2135 0.2154 0.2372 0.2860 0.3468 0.4811 0.4858 0.5093 0.5097 0.5104 0.5410 0.6214 0.6263 0.7243 0.7628 0.7656 0.7785 0.8528 0.8998 0.9155 0.9259 0.9380 0.9572 
10001010010000100100100001100
10000000010000100010000000100
00010000101000001001000000001
00010000101001001001000000001
00010000101000001001000000001
00010000101000001001000000001
00010000101000001001000000001
10000000010000100010000100100
10000000010000100010000000100
01000100000100000000010010010
10001000010000100100100001100
00010000101000001001000000001
01000100000100000000010010010
00000000000010000000001000000
10000000010000100010000100100
10100001010000110100000001100
10001000010000100100100001100
00010000101000001001000000001
10001000010000100100100001100
10001000010000100100100001100

//
segsites: 71
positions: 0.0054 0.0105 0.0259 0.0338 0.0381 0.0540 0.0794 0.1447 0.1699 0.1819 0.2263 0.2272 0.2340 0.2498 0.2598 0.2619 0.3163 0.3295 0.3405 0.3432 0.3465 0.3771 0.3798 0.3800 0.3817 0.3833 0.3845 0.3868 0.4056 0.4309 0.4915 0.5185 0.5191 0.5342 0.5413 0.5510 0.6058 0.6105 0.6158 0.6712 0.6720 0.6785 0.7104 0.7259 0.7263 0.7407 0.7526 0.7557 0.7567 0.7728 0.7833 0.7881 0.7902 0.7980 0.8022 0.8121 0.8133 0.8355 0.8408 0.8495 0.8590 0.8702 0.8711 0.8714 0.8898 0.9017 0.9461 0.9495 0.9625 0.9815 0.9902 
11010001100100001111010010101110000101111001011001101010111100000010000
11000001000100001110010010101100000101111001010001101010110100000010000
00101110000000000000100000010000010010000110100000000101000001110000001
11000001001100001110010010101100000101111001010001101010110100000010000
11000000000101110100011111101101100001101001000000101010010000000111110
11000000000101110100011111101100100001101001000000101010010000000010110
11000001001100001110010010101100000101111001010001101010110100000010000
11000001010100001110010010101100000101101001000101111010110100000010000
11000001010100001110010010101100000101101001000101111010110100000010000
11000001001110001110010010101100000101111001010001101010110100001010000
11000001001110001110010010101100000101111001010001101010110110001010000
11000000000101110100011111101100001001101001000000101010010000000010110
11000001000100001110010010101100000101101001000101111010110100000010000
11000001000100001110010010101100000101111001010001101010110100000010000
11000000000101110100011111101100100001101001000010101010010000000010110
00101110000000000000100000010000010010000100100000000101000001110000001
11000001001110001110010010101100000101111001010001101010110100000010000
11000001001110001110010010101100000101111001010001101010110100001010000
11000001001110001110010010101100000101111001010001101010110100000010000
11000000000101110100011111101101100001101001000000101010010000000111110

//
segsites: 25
positions: 0.0256 0.0273 0.0531 0.1317 0.1357 0.1358 0.1422 0.1442 0.1453 0.1918 0.2721 0.3113 0.4699 0.4706 0.4917 0.5468 0.5691 0.6787 0.6848 0.6899 0.7329 0.8214 0.8682 0.8954 0.9624 
0001000000101100000110010
0110001000010010001001000
0110001000010010001001000
0000010110100000000000000
0000010110100000000000000
0110001000010010001001000
0110001000010000001001000
0110001000010010001001000
0000000000101000000100000
0001000000101100000110010
0000000000100000100000101
0000000000100001100000101
0000000001100000100000101
0001000000101100000110000
0000000000100000100000101
1000000000101000000100000
0000100000101000000100000
0110001000010010001001000
0000010110100000000000000
0000000000101000010100000

//
segsites: 21
positions: 0.0448 0.0829 0.1414 0.1750 0.1813 0.1848 0.2407 0.3186 0.3447 0.4157 0.4234 0.5022 0.5527 0.5665 0.5890 0.6178 0.7236 0.7838 0.8178 0.8755 0.9651 
000000010000101100000
000010001000000001000
000011000000000000001
010110000000000000010
000010001000000001000
000000000000000000000
000010101000000001000
000011000000000000000
000011000100000000001
000011000000000000000
000000000000000000000
000010000000000000000
000000000000000000000
001000000000000010000
000011000000000000000
000010001010010001000
000011000000000000101
000010001010010001000
100010000000000000000
000011000001000000000

//
segsites: 33
positions: 0.0132 0.0408 0.0514 0.0672 0.0965 0.1166 0.1208 0.1551 0.1750 0.2075 0.2478 0.2915 0.3560 0.3830 0.4085 0.4385 0.4640 0.4980 0.5496 0.6058 0.6095 0.6604 0.6609 0.6938 0.7254 0.7308 0.7380 0.8229 0.8647 0.9136 0.9177 0.9230 0.9747 
011011001000000000000100100100000
000000010011110110100010010000100
000000010011110110100010010000100
001010101100001000010100100100000
000000010011110110100011010000100
000000010011110111100010010000101
000000010011110110100010010000100
011011001000000000000100100100000
011011001000000000001100100100000
000000010011110110100010010011100
000000010011110110100010010000100
000000010011110110100010010000100
001010101100000000010100101100000
000000010011110110100010010000100
011011001000000000000100100100000
100110000000000000000000100100010
000000010011110110100010010000100
100110000000000000000000100100010
000000010011110110100010010000100
000000010011110111100010010000101

//
segsites: 29
positions: 0.0219 0.0264 0.0763 0.1016 0.1089 0.1219 0.1254 0.2005 0.2106 0.2171 0.2831 0.3141 0.3200 0.4419 0.4812 0.5287 0.5312 0.5313 0.5869 0.6184 0.6634 0.7066 0.7372 0.7406 0.8202 0.8271 0.8380 0.8933 0.9262 
01000100000010000010000000010
00000000000001010000000000001
00000000101000101000101000001
00100000000000000001010001001
01010100010010000010000010010
10000000000001000000000100101
10000000000001000000000100101
01000100000010000010000000010
00000000000000000001010001001
00000001000001000000000000001
00000010000001000000000000001
01000100000010000010000000010
01000100000010000010000000010
01010100010010000010000010010
00001000101000101000101000001
01000100000110000010000000010
00000000000001010000000000001
01000100000110000010000000010
00000000100000101000101000001
01000100000010000110000000010

//
segsites: 17
positions: 0.0217 0.0596 0.4162 0.4472 0.4534 0.4794 0.5168 0.5805 0.6123 0.7114 0.7602 0.8184 0.8601 0.9208 0.9236 0.9337 0.9942 
10001100010000000
01001000000000000
01001000000010000
00001100010000000
01001000000000000
00001100010000000
00010010000000001
00001000010100010
00001000010100010
01001001000000100
01001001100000100
01001001000000100
01001001000001100
01001000000000000
01001001001001100
00001100010000000
01001000000000000
01101001000001100
01101001000001100
01001000000010000

//
segsites: 19
positions: 0.0752 0.1384 0.1498 0.1512 0.1721 0.1796 0.2115 0.2973 0.3063 0.5273 0.7038 0.7160 0.7241 0.7589 0.7630 0.7836 0.7843 0.8751 0.9290 
0010000100000000000
0001100010000001010
0001100010000001010
0010000101000000000
0001100000000001010
0001100000000001010
0110010100000100101
1001100000000000000
0001100000011000000
0010000101000000000
0001100000000000000
0001100000011000000
0001100000100010000
0001100000011000000
0001100000011000000
0110010100000100101
0001100000011000000
0010001100000000000
0001100000100010000
0001100000000000000

//
segsites: 55
positions: 0.0488 0.0730 0.0818 0.0840 0.0864 0.0969 0.1072 0.1432 0.1572 0.1676 0.1734 0.1744 0.1860 0.1901 0.1910 0.2105 0.2308 0.2445 0.2649 0.3029 0.3081 0.3312 0.3661 0.3960 0.3991 0.4117 0.4179 0.4448 0.4755 0.5018 0.5260 0.5272 0.5420 0.5525 0.5930 0.6761 0.6818 0.7059 0.7067 0.7166 0.7235 0.7293 0.7337 0.7492 0.7599 0.7611 0.8886 0.8999 0.9125 0.9299 0.9418 0.9472 0.9523 0.9800 0.9888 
1000001100000000011000100001100000000000001011000000010
0111000001110110000000000110000101101110010000100111001
0111000001110110100000000110000101101110010000100111001
0100000011100100000100000000000100000111000100110010001
0111000001110110000000000100000101101110010000100111001
0111000001110110000000000100000101101110010000100111001
0101000001111110000000000100000101101110010000100111001
0111000001110110000000000110000101101110010000100111001
0111000001110110000000000110000101101110010000100111001
0111000001110110000000000100000101101110010000100111001
0100000001100100000101010000000100000110000100100010101
0100000001100100000100000000000100000111000100100010001
0100000001100100000100000000000100000111000100100010001
0101000001111110000000000100000101101110010000100111001
0100000001100101000100001000010100000110000100100010101
0100010001100100000100000000001110010110100100101010001
0100000001100100000111000000000100000110000100100010101
0100000001100100000100000000000100000111000100100010001
0100100001100100000100000000001100010110100100100010001
0111000001110110000000000110000101101110010000100111001

//
segsites: 19
positions: 0.1010 0.1048 0.1435 0.2581 0.2727 0.3025 0.3403 0.3934 0.4114 0.4306 0.4838 0.5760 0.6275 0.7408 0.8051 0.8519 0.8751 0.9307 0.9775 
0011010010000000000
1000100001001100100
0001010010000001000
0001010110000000010
0001010010000000000
1000100001001100100
0001010010000000000
1000100001000100100
0000000000010000000
0000000000000000000
0001011010000000000
0000000000000000000
0101010010000000000
0000000000110000000
0000000000010000001
1000100001000100100
0001010010000000000
0000000000010000000
0000100000000110100
0001010010000000000

//
segsites: 102
positions: 0.0058 0.0065 0.0094 0.0140 0.0142 0.0213 0.0400 0.0432 0.0458 0.0462 0.0562 0.0766 0.0978 0.1079 0.1266 0.1310 0.1347 0.1430 0.1527 0.1611 0.1635 0.1642 0.1713 0.1825 0.1937 0.1977 0.2093 0.2379 0.2417 0.2432 0.2435 0.2492 0.2574 0.2630 0.2640 0.2652 0.2667 0.2749 0.2907 0.3208 0.3359 0.3458 0.3491 0.3556 0.3614 0.3757 0.3759 0.3851 0.4074 0.4189 0.4248 0.4263 0.4607 0.4665 0.4669 0.4767 0.4911 0.5103 0.5392 0.5482 0.5538 0.5540 0.5681 0.5844 0.5855 0.5921 0.6043 0.6099 0.6147 0.6430 0.6470 0.6493 0.6580 0.6605 0.6646 0.6732 0.6991 0.7125 0.7186 0.7189 0.7286 0.7479 0.7806 0.7833 0.7843 0.7848 0.8052 0.8196 0.8479 0.8660 0.8672 0.8737 0.8760 0.8863 0.8931 0.8960 0.9171 0.9228 0.9398 0.9766 0.9818 0.9948 
000001001101000001011100000100000110000011000001010110000000100100110011100000011000001100011011000000
000001001101000001011100000100000110000011000001010110000000100100110011100000011000001100011011000000
000001101001000001010100000000000110010011000001010100000000110100111010100000011100100000011011000000
100001001101100001011100000000001110000011000001010110000000100100110011100000011000001000011011000000
000001001101100001011100000000000110000011000001010110000000100100110011100000011000001000011011000000
000001011001000101010110001000000110000011000001010110000000100110110011100100011000010011011011000000
000001001101000001011100000000000110000011000001010110000000100100110011100000011000001000011011000000
000001001101000001011100000100000110000011000001010110000000100100110011100000011000001100011011000000
000001011001000101010110001000000110000011000001010110000000100110110011100100011000010011011011000000
000001101001000001010101000000000110010011000001010100000000110100111010100000011100100000011011000000
011110000000001010100000110011010001101100111110101001111111001001000100001011100010000000100100101111
000001001001000101010110001000000110000011000001010110000000100110110011100000011000000001011011000000
000001001101000001011100000000000110000011000001010110000000100100110011100000011000001000011011000000
000001001101000001011100000000000110000011000001010110000000100100110011100000011000001000011011000000
000001001101010001011100000100000110000011000001010110000000100100110011100000011000001100011011000000
000001001011000101010110001000000110000011000001010110000000100110110011100000011001000001011011010000
000001001101000001011100000000000110000011000001010110000000100100110011110000011000001000011011000000
000001011001000101010110001000000110000011000001010110000000100110110011100100011000010011011011000000
000001001011000101010110001000000110000011000001010110000000100110110011100000011001000001011011010000
011100000000001010100000110011110001101100111110101001111111001001000100001011100010000000100100101111

//
segsites: 22
positions: 0.0934 0.1642 0.2061 0.2187 0.2216 0.2396 0.2630 0.3509 0.3676 0.3798 0.3887 0.3984 0.4472 0.4872 0.6315 0.6463 0.7519 0.8927 0.9089 0.9342 0.9712 0.9967 
0010000000000000000000
0000001001001010000100
0000001001001010000000
0100000100000000010011
0100000100100000010011
0010000000000000000000
0000000000000000001000
0000000000000000000000
0000000010000000000000
0100000100000000010011
0010000000000000000000
0010110000000001000000
0000001001010010100000
0000000000000000000000
0000000000000100000000
0001001001010010000000
0000000010000000000000
0000000000000000001000
1000001001010010000000
0000001001010010000000

//
segsites: 25
positions: 0.0385 0.0948 0.1300 0.1506 0.1667 0.1858 0.2239 0.2744 0.2789 0.2911 0.3058 0.3517 0.3634 0.4532 0.4783 0.5053 0.5177 0.6347 0.6593 0.6667 0.6770 0.6912 0.7144 0.8057 0.8666 
0000010100001000100001000
0010000000000100000000010
1000000000011000000100000
0110000010000100000000000
0010000000000100000000010
0010000000000110000000000
0000000000011000010010000
0000000000011001001000000
0000010100001000100001000
0000010100001000100001000
1000000000011000000100000
0000010100001000100001000
0000000000011000000000000
1000000000011000000100000
0001111100101000100001100
0000000000011000001000000
1000000001011000000100000
0010000000000100000000011
0010000000000100000000010
1000000000011000000100000

//
segsites: 11
positions: 0.1431 0.3146 0.5015 0.5508 0.6182 0.6757 0.7155 0.7366 0.8627 0.8641 0.9132 
10010000100
00001100010
00000000000
00001100010
00001100010
00000000000
00000000000
00000010000
10010000100
00001100010
00001100010
00001100010
00001100010
00001100010
00001100010
00101100010
00001100010
11000001001
11000000001
00000010000

//
segsites: 47
positions: 0.0513 0.0539 0.0865 0.0868 0.1171 0.1423 0.1603 0.2062 0.2195 0.2328 0.2615 0.2673 0.2960 0.3259 0.3593 0.3735 0.3824 0.3859 0.4008 0.4161 0.4343 0.4461 0.5365 0.5373 0.5487 0.5617 0.5868 0.6156 0.6525 0.6609 0.6631 0.6663 0.6824 0.7039 0.7352 0.7786 0.7905 0.7940 0.8052 0.8270 0.8822 0.8882 0.9495 0.9519 0.9539 0.9666 0.9970 
00001000100011000100001000011000010101010000110
00001000000001011100000001010000000000000100110
11010110000100000001000110000101000000000011000
00001000000001011100000001010000000000000000110
00001000000001011100000001010000000000100000110
00001001000011000100000000010000000000000000110
00001000000001011100000001010000000000001000110
00001000100011000100001000011000010101010000110
00001001000011000100000000010000000000000000111
11010110000100000001000110000101000000000011000
00001000011001000110110000000010100010000000110
00001000100011000100001000011000000101010000110
00001000000001011100000001010000001000000000110
00001000100011000100001000011000010101010000110
00101000000001011100000001010000000000000000110
11010110000100000001000110000101000000000011000
00001000000001111100000001010000000000000100110
00001000100011000100001000011000000101010000110
00001000000001011100000001110000000000000000110
00001000100011000100001000011000000101010000110

//
segsites: 33
positions: 0.0474 0.1327 0.1691 0.1836 0.1906 0.2119 0.2181 0.3401 0.3661 0.4142 0.4238 0.4278 0.4360 0.4681 0.4846 0.5387 0.5412 0.5516 0.5581 0.6156 0.6336 0.6676 0.7483 0.7683 0.7873 0.7909 0.8075 0.8210 0.8378 0.8388 0.8828 0.9464 0.9471 
010101010011000011000101001000001
010101010011000011000101001000001
010101010011000011000101001000001
010101010111000011000101001000011
010101010011000011000101001000001
101000100000001100000010100110000
010101010011000011000101001000001
010100011011000011100101010000001
010101010011000011000101001000001
010100011011000011100101010000001
010100011011000011100101010000001
010100011011000011100101010001001
010100011011000011100101010000001
010101010011000011010101001000001
010100011011000011100101010000001
010100010011110011000101000000001
101000100000001100001010100110000
010101010011000011000101001000001
010111010011000011000101001000001
010101010011000011000101001000101

//
segsites: 50
positions: 0.0781 0.0896 0.0978 0.1027 0.1889 0.1944 0.2045 0.2052 0.2091 0.2204 0.2319 0.2319 0.2429 0.2485 0.2668 0.2798 0.2900 0.2904 0.3206 0.3222 0.3241 0.3306 0.3484 0.3600 0.3704 0.3901 0.4859 0.5261 0.5480 0.5603 0.5847 0.6040 0.6558 0.6567 0.6593 0.6734 0.7424 0.7627 0.7743 0.7836 0.8147 0.8175 0.8345 0.8434 0.8782 0.9281 0.9341 0.9444 0.9719 0.9772 
01111100101000100100111101001010010101111001100000
00000010010111011001000010110101100000000110011111
01111000101000100100111101000000010101111001100000
01111000100000100100111101000000010110001001100000
01111000101000100100111101000000010101111001100000
00000010010111011001000010110101100000000110011111
00000010010111011001000010110101100000000110011111
11111000100000100100111101000000010110001001100000
00000010010111011000000010110001101000000110011111
01111000100000100100111101000000010110001001100000
01111000101000100110111101000000010101111001100000
00000010010111011001000010110101100000000110011111
00000010010111011000000010110001101000000110011111
00000011010111011000000010110001100000000110011111
00000011010111011000000010110001100000000110011111
01111000101000100100111101001010010101111001100000
00000010010111011000000010110001101000000110011111
01111000100000100100111101000000010100001001100000
01111000100000100100111101000000010100001001100000
00000010010111011001000010110101100000000110011111

//
segsites: 33
positions: 0.0487 0.0566 0.0585 0.0648 0.2224 0.2869 0.2873 0.3037 0.3960 0.4383 0.4523 0.4697 0.5027 0.5050 0.5169 0.5223 0.5651 0.5755 0.6090 0.6347 0.6500 0.6584 0.6657 0.6689 0.6698 0.6758 0.6780 0.6942 0.8405 0.8759 0.9354 0.9594 0.9823 
100000001000000000000000000000010
000101000000000100011000000101000
010010000110001011000000000000100
010010000110001011000000000000000
000001000001010100001000000101000
010010000100001001000000010000000
100000001000000000000001000000010
010010000110001011000000000000001
000101000000000100001010001101000
010010010110001001000000000000000
100000001000000000000000000000010
010010000110001011000000000000100
000001000000100100001100000101000
000101000000000100011000100101000
000101000000000100001000001101000
000101000000000100011000100101000
000001000001010100001000000101000
001000100000000000100000000010000
000101000000000100001000001101000
000001000000010100001000000101000

//
segsites: 27
positions: 0.0276 0.0354 0.0746 0.0993 0.1384 0.1517 0.1521 0.1614 0.1801 0.1824 0.2098 0.2160 0.2167 0.2268 0.2578 0.4018 0.4628 0.4978 0.5417 0.5782 0.5827 0.6065 0.6432 0.6672 0.7016 0.7435 0.9119 
000001000000011000001000000
000001000001001000001100000
000001110000000000001000001
000001110000000000001000001
000100001000100001110000000
000100001000100001110000000
000100001000100001110000000
000100001000100001110000010
000001000100011000001000000
100100001000100001110010000
000100001000100001110000000
000001000000001000001000000
000011010010000000001001000
001001110000000000001000001
000100001000100001110010100
000100001000100001110000000
000100001000100001110000000
000100001000100001110010000
010001010010000110001000000
010001010010000110001000000

//
segsites: 35
positions: 0.0480 0.0732 0.2075 0.2316 0.2343 0.2641 0.2646 0.2674 0.2675 0.3081 0.3166 0.4274 0.4399 0.4640 0.4722 0.5355 0.5750 0.6065 0.6239 0.6388 0.6491 0.6716 0.6920 0.6965 0.7229 0.7470 0.7868 0.8047 0.8056 0.8206 0.8684 0.8892 0.9483 0.9738 0.9806 
00011000000100100000010100011000000
10001011000100111000011000100000010
00100100101001000111000000000100000
00011000000100100000010100011000000
10001011000110101000011000100001010
00100100101001000111000010000000000
10001011000110101000011000100001010
10001011000100101000011000000000010
10001011000100101000011000000000010
00100100101001000111000000000100000
10001011000100101000011000000000010
10001011000100101000011000000000010
10001011000100101000011000000000010
10001011000100101000011000000000010
00100100101001000111000010000000000
11001011000100101000011000000000011
00100100101001000111000000000100000
00000100111000000001000001000000000
00100100101001000111000000000100000
00011000000100100000110100011010100

//
segsites: 23
positions: 0.0442 0.0812 0.1111 0.2089 0.2571 0.2682 0.2902 0.3563 0.3700 0.3745 0.4254 0.4426 0.5031 0.5232 0.5831 0.6438 0.6629 0.7132 0.7321 0.7728 0.8746 0.9102 0.9574 
00010001000000000100000
01101000111100100010001
00101000111110100010000
10001100000000111000000
01101000111100100010001
01101000111100100010000
01101000111100100010001
00101000111101100011100
10001100000000111000000
00101000111101100011100
01101000111100100010001
00101000111101100011000
10001100000000111000000
00101000111110100010000
00010001000000000100000
00010001000000000100000
01101000111100100010001
10001100000000111000000
01101000111100100010001
00101010111100100010010

//
segsites: 29
positions: 0.0185 0.0193 0.0681 0.1329 0.2262 0.2321 0.3006 0.3231 0.3240 0.3846 0.4202 0.4243 0.4354 0.4600 0.4672 0.5423 0.6133 0.6154 0.6175 0.6245 0.6497 0.6504 0.6616 0.7036 0.7625 0.8371 0.8497 0.9088 0.9862 
00001000000001010001001100100
00001000000001010000001110100
01001000000001010000001100100
00001000000001010000001100100
00001000000001110000001100100
00001000000001010000001110100
00001000100001000000100101100
00001000000001010000001110100
00001000000101010000001100100
00001010000001011000001100100
00011000000001010100011100100
00001010000001011000001100100
10100101011010000010000000011
00001000000001010000001110100
00001000000001010000011100100
00001000000001010000001110100
00001000000001110000001100100
00001000000001010000001110100
00001010000001011000001100100
00001000100001000000100101100

//
segsites: 32
positions: 0.0178 0.0295 0.0411 0.0700 0.1133 0.1286 0.1398 0.1447 0.1600 0.2227 0.3265 0.3516 0.3657 0.4686 0.5230 0.6146 0.6296 0.6366 0.6490 0.6592 0.6669 0.7128 0.7213 0.7471 0.7619 0.7626 0.8367 0.8383 0.8499 0.8580 0.9154 0.9168 
01000000010001000000001000000001
00000000010000000000000100000001
00000000010000000000000000000001
00000010010010000000000000000001
00000000010000100000100000000001
01000000010101000000011000001001
00101000000000000001000010000010
01000000010001000000001000000001
01000100010001000000001000000001
00001001000000000001000010000010
11000000010001000010001000000001
01000000010101000000011000001001
00000000111000011100000001000101
00000000010000100000100000010001
01000000010001000000001000000001
00000000111000011100000001100101
00000010010010000000000000000001
01000000010001000000001000000001
01000000010101000000011000001001
00010010010010000000000000000001

//
segsites: 18
positions: 0.0385 0.0726 0.1806 0.2332 0.2636 0.2812 0.3207 0.3367 0.3895 0.3914 0.4529 0.4806 0.4910 0.6696 0.6752 0.6961 0.7668 0.8975 
000100000010011010
000100000010001000
001001000100100101
000100000010001000
110100000010001000
000100000010001000
001001001101100101
000100000010001000
110100000010001000
000100100010001000
001001000100100000
001001000100100000
001011000100100000
001001000100100000
110100000010001000
110100010010001000
110100010010001000
001001000100100000
001001000100100000
000100000010001000

//
segsites: 13
positions: 0.0663 0.1915 0.1979 0.2772 0.3008 0.3979 0.4378 0.6979 0.7089 0.8305 0.9080 0.9263 0.9409 
0010100000001
0010100000001
0100001000100
0010100000001
0001011101100
1010100010001
0001011101100
1010100000001
1010100010001
0000011100100
0010100000001
1010100000001
0001011101100
0010100000001
0010100000011
0010100000001
1010100000001
0010100000001
0001011101100
0010100000001

//
segsites: 27
positions: 0.0078 0.0079 0.1421 0.2298 0.2359 0.2472 0.2716 0.3417 0.3753 0.4010 0.4184 0.4478 0.4516 0.5210 0.5310 0.5327 0.5796 0.5846 0.5956 0.7108 0.7603 0.7858 0.8020 0.8307 0.8717 0.8832 0.9363 
000101110000010010001000000
000001010000000010000001000
000001110000010011000000000
000001110010010011000000000
110000000000000000000100100
000001111001010011000000000
000001110000010011000000000
000010000000000000000000100
000101110000010010001000000
000001110000010110000000001
000001110000010010100000000
000001111000010011000000000
000000000100100000010000110
000010000000000000000000100
000101110000011010001000000
000101110000011010001000000
000001110000010110000010001
000001110010010011000000000
000101110000011010001000000
001101110000010010001000000

//
segsites: 20
positions: 0.0150 0.0652 0.1551 0.1554 0.2028 0.2258 0.2324 0.2890 0.2960 0.3461 0.3697 0.5176 0.5401 0.5714 0.6686 0.6916 0.7077 0.7925 0.8392 0.8637 
11000100100000000000
01010100100010000000
00101001000101011010
11000100100000000000
01000100100010000000
00000000111000100100
00000000111000100100
01010100100010000000
00000000111000100101
00000000111000100100
11000100100000000000
00000000111000100100
00000010111000100100
01010100100010000000
01000100100010000000
11000100100000000000
01010100100010000000
00000000111000100101
11000100100000000000
11000100100000000000

//
segsites: 33
positions: 0.0522 0.1661 0.1868 0.2320 0.2346 0.2511 0.2564 0.2721 0.2879 0.3137 0.3281 0.3352 0.3477 0.3995 0.4381 0.4756 0.5163 0.5331 0.5595 0.5722 0.5900 0.6201 0.6658 0.6661 0.7248 0.7587 0.8124 0.8213 0.8283 0.8672 0.9556 0.9639 0.9658 
000000000000000010010000100001001
000100011000001000000000000000000
000100011000001000000000000000000
000000000100000010100010000001001
010000000000100001000001000000010
000001000000110101000001001010010
000110011000001000000000000000000
000000000100000010000000000001001
000000000100000010000000000001001
100000000010100001000001010100010
000100011000001000000000000000000
000000000100000010000100000001001
010000000000100001000001000000010
000000000000000010010000100001001
000000000000000010010000100001001
100000000010100001000001010100010
000000000100000010000000000001101
000000000100000010000010000001001
001000100001100001000001000000010
000001000000110001001001000010010

//
segsites: 33
positions: 0.0200 0.0328 0.1263 0.1312 0.1916 0.2056 0.2137 0.2207 0.2533 0.3414 0.3862 0.4164 0.4448 0.4545 0.4717 0.5118 0.5726 0.5969 0.6228 0.6409 0.6445 0.6762 0.7074 0.7507 0.7741 0.7872 0.7890 0.7936 0.8023 0.8038 0.8267 0.8340 0.9503 
010000000000000000100001001000010
010000000000000011001000000001000
010000000000000000100001001000010
010000000000100000100000000010110
010001100000000000100010000000011
000000010000000100000000000000000
000000011000011000000000000000000
010001000000000000100000000000010
100010010010000100010000000000000
100010010010000100010000000000000
010000000000000000100001001000010
011000000100000000100100000000010
011000000101000000100100000000010
010000000000000000100001101000010
000100010000010000000000000100000
100010010010000100010000000000000
000100010000010000000000000100000
010001000000000000100000000000010
010000000000000001001000010001000
010000000000000000100001001000010

//
segsites: 37
positions: 0.0072 0.0210 0.0404 0.0429 0.0544 0.0698 0.0918 0.1420 0.2001 0.2014 0.2253 0.2573 0.2873 0.3179 0.3204 0.3600 0.4703 0.5313 0.5590 0.5692 0.5828 0.6293 0.6365 0.6616 0.6844 0.7157 0.7552 0.7765 0.7930 0.8337 0.8652 0.8684 0.9181 0.9295 0.9305 0.9470 0.9805 
0000000101000011000100111000000011101
0100010101100011010100011000000011101
0000000101000011000100111000000011101
1001000010001100101011000000101000000
1001000010001000101001000101101000010
1001100010001100101001000000101100000
1001000010001000101001000100101000000
0100000101100011010100011000000011101
1001000010001100101001000000101000000
0000000101000011000000011000010010101
0000000101010011000100111000000011101
0010000101000011000100011000000011101
1001000010001100101001000000101000000
1001000010001000101001000101101000010
1001000010001000101001000101101000010
1001000010001000101001000111101000000
1001000010001100101001000000101000000
0010000101000011000100011000000011101
1001000010001000101001000101101000010
0000001101100011010100011000000011101

//
segsites: 25
positions: 0.0053 0.0560 0.1122 0.1398 0.1918 0.2011 0.2141 0.3312 0.3345 0.4695 0.5052 0.5137 0.5714 0.6104 0.6304 0.6383 0.6492 0.6769 0.7188 0.8130 0.8552 0.8639 0.8922 0.8963 0.9786 
1010000010100100010111000
1110000010100100010111000
1010000001100100010110000
1011000000100101011110001
0000010000000010100000010
0000010000000010100000010
1010000010100100010111000
1010000010110100010110000
1011000000100101011110001
1010000010100100010111000
1010000001100100010110000
1010000010100100010111100
1010000010100100010111000
1110000010100100010111000
1011000100100101011110001
1011000100100101011110001
1010000010100100010111000
1010000001100100010110000
1011000000100101011110001
0000101000001000000000010

//
segsites: 32
positions: 0.0398 0.0406 0.0441 0.0587 0.1223 0.1369 0.1530 0.2488 0.2489 0.2794 0.2809 0.2988 0.3415 0.3507 0.4152 0.4296 0.4608 0.4811 0.5965 0.6165 0.6275 0.6350 0.6750 0.6787 0.6801 0.7470 0.8266 0.8747 0.8785 0.9655 0.9820 0.9893 
10101011010100000000010000000000
10001011011100001100000000000000
10001011011100001100000000000000
10101011010100000000010000000000
10101011010100000000000000000000
11001011010100000000000000000000
10001011110100000010000000001000
10001011011100011100000000000000
00010000000011000001001100110000
11001011010100000000000000000000
10001111010100000000000000000010
00010000000001100001001001110000
10001011011100001100000000000100
10001011010100000000000000000010
10001011010100000000000010001000
10101011010100000000010000000000
00010000000001100001001001110000
10001011010100000000000000000001
10001011010100000000100000001000
10001011010100000000000000000010

//
segsites: 45
positions: 0.0281 0.0397 0.0994 0.1230 0.1239 0.1870 0.2551 0.2680 0.2721 0.2857 0.2908 0.3010 0.3027 0.3056 0.3134 0.3448 0.3474 0.3842 0.4063 0.4242 0.4387 0.4585 0.4821 0.5058 0.5242 0.5273 0.5309 0.5498 0.5586 0.6024 0.6039 0.6175 0.6295 0.7043 0.7085 0.7092 0.7365 0.7479 0.7607 0.7703 0.8139 0.9542 0.9851 0.9951 0.9982 
110000110001011110100000001111000000001100000
110000111001011010001000011111100000001000010
110000110001011010010000011111000010001000000
110000110001011011000000001111000000001100000
110000110001011010010000011111000000001000000
001111000100100000000110000000001100110001101
110000110001011010010000011111000000001000000
110000110001011010010000011111000000001000000
110000110011011010000001101111010001001000000
110000110001011010010000011111000000001000000
110000110001011010010000011111000000001000000
110000110001011010010000011111000000001010000
110000110001011010010000011111000000001000000
110000110001011010010000011111000000001000000
110000110001011010010000011111000000001000000
001111000100100000000110000000001100110001101
110000110001011010010000011111000000001000000
110000110001011010010000011111000000001000000
110000110001011010010000011111000000001000000
110000110001011110000000001111000000001100000

//
segsites: 21
positions: 0.0909 0.1199 0.2761 0.2781 0.3876 0.4162 0.4390 0.5517 0.5668 0.5818 0.6428 0.6520 0.7508 0.7545 0.7985 0.8374 0.8664 0.9101 0.9131 0.9490 0.9831 
000111011010100001110
000000000000010000000
001111011110100100100
000000000000010000000
000111011010100001110
001111011110100000100
001111011110100000100
110111111011100000100
000111011010100001100
110111111011100000100
110111111011100000101
110111111011100000101
110111111011100000100
000111011010101011100
000000000000010000000
110111111011100000100
110111111011100000100
000000000000010000000
000111011010100001100
110111111011100000100

//
segsites: 19
positions: 0.0875 0.1343 0.1582 0.1865 0.2033 0.2090 0.2625 0.2884 0.3226 0.3546 0.3833 0.4567 0.5018 0.5754 0.6615 0.7261 0.7381 0.8608 0.8697 
1101100010110000101
1101000110110000111
0000000000001000000
0010000000000110000
0000000000001000000
1101100010110000101
1101100010110000101
0010000000000110000
0010001000000110000
1101000010110000101
1101100010110000101
0010000000000110000
1101100010110000101
0000010000000000000
0101000010110000001
0000000000000001000
1101000110110000111
0101000011110000001
1101100010110000101
0000000000001000000

//
segsites: 20
positions: 0.0107 0.1044 0.1719 0.1764 0.1794 0.2906 0.3854 0.5913 0.5966 0.6090 0.6307 0.7108 0.7652 0.8098 0.8504 0.8712 0.9007 0.9019 0.9339 0.9437 
10000101110001101001
10000100110001111001
10000100110101111001
10000100110001101001
10000100110001101001
10000100110001101001
10000100110001101001
11000101110001101001
10000010011001001001
10110010011001001001
10000010011001001001
10000010011001001001
10000101110001101001
10000100110001101001
10001000011001001001
10001000011001001101
10000010011001001001
10000100110001101001
10000101110001101001
00000000000010000010

//
segsites: 53
positions: 0.0175 0.0362 0.0506 0.0517 0.0589 0.0611 0.0657 0.1440 0.1544 0.2048 0.2187 0.2472 0.2801 0.3317 0.3410 0.3738 0.4023 0.4067 0.4079 0.4152 0.4257 0.4260 0.4337 0.4509 0.5377 0.5468 0.5505 0.5803 0.5832 0.5924 0.6046 0.6205 0.6331 0.6378 0.6537 0.6632 0.6838 0.7190 0.7368 0.7504 0.7632 0.7705 0.7815 0.7885 0.8367 0.8437 0.8516 0.9176 0.9412 0.9426 0.9581 0.9724 0.9740 
11000110000111100100100110001001010011010000110110111
00101001100000010001011001110110101100101011001000000
00101001100000010001001000010100101100101111001001000
11010110001111100100000110001001010011010000110110111
11000110010111100110000110001001010011010000110110111
11000110000111101100000110001001010011010000110110111
11000110010111100100000110001001010011010000110110111
00101001100000010001011001110110101100101011001000000
00101001100000010001011001010110101100101011001000000
11000110000111100100000110001001010011010000110110111
11000110010111100100000110001001010011010000110110111
00101001100000010001001000010100101100101111001001000
00101001100000010001011001110110101100101011001000000
00101001100000010001001000010100101100101111001001000
00101001100000010001011001110110101100101011001000000
11000110010111100100000110001001010011010000110110111
11000110000111100100000110001001010011010000110110111
11000110010111100100000110001001010011010000110110111
11000110010111100100000110001001010011010000110110111
00101001100000010001011001110110101100101011001000000

//
segsites: 56
positions: 0.0105 0.0754 0.0827 0.0942 0.1708 0.2183 0.2537 0.2634 0.2650 0.2721 0.2794 0.3154 0.3181 0.3309 0.3572 0.3690 0.3885 0.4021 0.4076 0.4422 0.4464 0.4600 0.4626 0.4656 0.4688 0.4758 0.4810 0.5044 0.5103 0.5178 0.5223 0.5437 0.5478 0.5821 0.5859 0.6048 0.6069 0.6109 0.6127 0.6494 0.6776 0.6830 0.7450 0.7669 0.7729 0.8043 0.8110 0.8141 0.8163 0.8268 0.8292 0.8367 0.8798 0.9438 0.9660 0.9825 
00001010101100001000000000001001010001010100011110100010
00001010101100001000100000001001010000010000011110100010
00110001010000110110000000010010001000100010000000001100
01001010101100001000000000001001010000010000011110100010
00010101010000110110001000000110001000100010000000001000
10010000010000110110010111000010001100100010100001000000
00001010101100001000000000001001010000010000011110100010
01001010101100001001000000001001010010010000011110110010
00001010101100001000100000001001010000010000011110100010
00001010101100001000000000001001110000010000011110100010
00110001010000110110000000010010001000100010000000001100
01001010101100001001000000001001010000010000011110110010
00000010100100000000000000100001010000001001011110100011
00001010101100001000100000001001010000010000011110100010
00001010101110001000000000001001010001010000011110100010
01001010101100001000000000001001010000010000011110100010
00001010101110001000000000001001010001010000011110100010
01001010101100001000000000001001010000010000011110100010
00110001010001110110000000000010001000100010000000001000
00110001010000110110000000010010001000100010000000001100

//
segsites: 13
positions: 0.0491 0.1019 0.1511 0.1812 0.1885 0.1890 0.3832 0.4423 0.4482 0.5700 0.7323 0.9064 0.9888 
0010000000011
0010000010011
1010000000011
0000100101000
1010000000011
0010000000011
0101000000111
0010001000011
0101000000111
0000000000011
0010000000011
0010000000011
0000100101000
0010001000011
0010000000011
0010000000011
0010000000011
0000000000011
0010001000011
0010010000011

//
segsites: 30
positions: 0.0450 0.0614 0.0658 0.1156 0.1257 0.1375 0.1811 0.1985 0.1996 0.2354 0.2408 0.2716 0.3119 0.3558 0.4336 0.4885 0.4965 0.5209 0.5834 0.5872 0.6413 0.6427 0.6733 0.6888 0.7091 0.7185 0.8339 0.9517 0.9518 0.9873 
010000010000000000011000011011
010000000000000000011000011011
001000001100001111000000000000
001000000100001111100000000100
001000000100001111000000000000
001010000100001111000000000000
010000000000010000011000011011
001000000100001111000001000000
010000000000010000011000011011
001000000100001111100000000100
010000000000010000011000011011
001000000100001111100000000100
000100100011101001000110100000
001000000100001111100000000100
001000001100001111000000000000
010000000000010000011000011011
010000000000010000011000011011
110001000000000000011000011011
010000000000010000011000011011
001000000100001111100000000100

//
segsites: 36
positions: 0.0376 0.0798 0.0972 0.1837 0.1838 0.2096 0.2203 0.2338 0.3526 0.4706 0.4842 0.4914 0.5093 0.5533 0.5539 0.5641 0.5699 0.6209 0.6423 0.6423 0.6594 0.6935 0.7035 0.7210 0.7617 0.7855 0.8052 0.8483 0.8673 0.8679 0.8711 0.8924 0.8955 0.9080 0.9254 0.9438 
101001000000100110000101001100110001
101001000000100110000111011000110001
110101000110100110000101001011100001
101001000000110110010101101000111101
000000010000001001100000000000000010
000000010000000001001000000000000010
101001000000100110000111001000110001
000000010000001001100000000000000010
101001000001100110000111001000110001
000000011000001001100000000000000010
101001000001100110000111001000110001
101001000000100110000111001000110001
101001000000100110000101001100110001
101001000000100110000111001000110001
101001100001100110000111001000110001
101001000001100110000111001000110001
101001000000110110010101101000111001
101001000000100110000111011000110001
110111000110100110000101001011100001
101001000000100110000111001000110001

//
segsites: 22
positions: 0.0060 0.1037 0.1920 0.2009 0.2561 0.3097 0.3229 0.3493 0.5885 0.5893 0.6044 0.6361 0.6674 0.6834 0.6973 0.7036 0.7213 0.7631 0.8333 0.8695 0.8806 0.8917 
0000001001000011000010
0000001001000011000010
0100000000000000100100
0101000000100100001100
0000000010000000010000
0100000000000000000100
0010000010000000000000
0101000000100100001100
0000000101000011000010
0100000000000000000100
0100000000000000000100
0000000000010000000000
0000100010000000010000
0100000000100100001101
0000000001000011000010
0100000000100100001101
0000010101000011000010
1000000010000000010000
0000000000010000000000
0000001001001011000010

//
segsites: 35
positions: 0.0226 0.0396 0.0450 0.0574 0.1560 0.1646 0.1729 0.2325 0.3161 0.4124 0.4181 0.4413 0.4438 0.4806 0.5182 0.5446 0.5707 0.5738 0.5906 0.6423 0.7086 0.7726 0.7736 0.8461 0.8649 0.8790 0.9148 0.9195 0.9210 0.9391 0.9399 0.9535 0.9588 0.9617 0.9935 
10100000010000100000001000010111000
00000010000001000000010001000000000
10100000010000100000001000010111000
00000010000001000000010001000000000
00000001001000001010110100000000000
00010001001000001000110100000000000
00000010000001000000010001000000000
00000000010000010000000010000111000
00000001001000001000010100001000010
00000001001000001000110100000000000
10000000010100100000000000000111000
10000000010100100000000000000111100
00000110100001000000010001000000000
00000010000001000000010001000000000
00000000010000000101000000000111001
00000000010000000101000000000111001
00000001001000001000010100001000010
00000001001000001000110100000000000
01001000010010000000000000100111000
00000001001000001000110100000000000

//
segsites: 38
positions: 0.0016 0.0023 0.0178 0.0486 0.0766 0.0894 0.0994 0.1044 0.1340 0.1404 0.1486 0.1888 0.2329 0.2344 0.2681 0.2951 0.3011 0.3076 0.3319 0.3433 0.4056 0.4613 0.5140 0.5342 0.5346 0.5928 0.5983 0.6561 0.6759 0.7612 0.7656 0.7807 0.7883 0.8672 0.8737 0.8938 0.9507 0.9633 
00001000001001000100000100000100000010
00000001000010000001011011000000001001
10000001000000000001011011000000000001
00010001000000000001011011000001000001
00000001000100000001011011000000000001
00000001000000000001011011000000000001
00010001000000000001011011000001000001
00000101010000000001011011010000100001
00000001000000111011011011000000000001
00100001000000000001011011100000000001
00010001000000000001011011000000000001
10000001000000000001011011000000010001
00000001100000111011011011000000000001
00010001000000000001011011000001000001
00000001000000000001011011000000000001
01000001000000000001110001001010000101
00010001000000000001011011000001000001
00000001000000000001011011000000000001
00000001000000000001011011000000000001
00010011000000000001011011000000000001

//
segsites: 29
positions: 0.0246 0.0309 0.0538 0.0733 0.0915 0.0972 0.1036 0.1061 0.1689 0.2779 0.2996 0.3099 0.3257 0.3517 0.4585 0.4704 0.4762 0.5383 0.6774 0.6922 0.6926 0.7568 0.8382 0.8630 0.8710 0.9088 0.9156 0.9379 0.9993 
00000000110011001001000111010
00000001010010101001000101010
00000000110011001001000111010
00000000110011001001000111010
11011100000000000000010000100
00000000010010101001000101010
00000000110011001001000111010
00000001010010101001000101010
00010000000000010010110000000
01011110000000000100011000001
00000000110011001001000111010
00000000110011001001000111010
00110000001000000000010000000
00000001010010101001000101010
00000000110110001001000101010
00110000000000000000010000000
00000000110011001001000111010
00000000110011001001000111010
00000000110011001001000111010
00010000000000010010010000000

//
segsites: 49
positions: 0.0471 0.0605 0.0946 0.1605 0.1838 0.1876 0.2303 0.2306 0.2939 0.3059 0.3151 0.3185 0.3366 0.3539 0.3606 0.3842 0.3900 0.4062 0.4491 0.4610 0.4796 0.4861 0.5065 0.5336 0.5819 0.5839 0.6366 0.6518 0.6920 0.7186 0.7370 0.7616 0.7799 0.7962 0.7983 0.8157 0.8413 0.9050 0.9132 0.9250 0.9296 0.9397 0.9510 0.9646 0.9685 0.9737 0.9783 0.9980 0.9994 
0000010000101100000000100000100100100110000001101
0000011000101101000000100000100000100110000001101
0000010010111100000100100000100100100110000001101
1000010000001100001000100000100010110110000001100
0000010000001100001000100000101000100110100001100
0101100000000010100001010101010000001001001100000
1000010001001100001000100000100000100110000001110
1000010001001100001000100000100000100110000001110
0000010000101100000010100000100000100110000001101
0000010000101100000000100010100000100110000001101
0000010000101100000000101000100000100110010001101
0000010000101100000000100010100000100110000001101
0000010000101100000000100000100100100110000001101
1010010000001100011000100000100000100110000011100
1010010000001100011000100000100000100110000011100
0000010000101100000000100000100100100110000001101
0101100100000010100001010001010001001001001100000
0000010000101100000000100000100100100110000001101
1000010001001100001000100000100000100110000001110
0000010000001100001000100000101000100110100001100

//
segsites: 38
positions: 0.0024 0.0374 0.0464 0.0514 0.0981 0.1001 0.1086 0.1149 0.1284 0.1678 0.1752 0.1834 0.2027 0.2065 0.2624 0.2867 0.3365 0.3479 0.3505 0.4044 0.4123 0.4415 0.4929 0.5108 0.5582 0.5588 0.5748 0.6903 0.7199 0.7466 0.7985 0.8013 0.8111 0.8720 0.9045 0.9347 0.9783 0.9993 
00100010100100000011100000100110100000
01000000010100000000001000000010000000
10001100001000010100010101011000000000
10001100001001010100000001011000000000
10000100001010000000000011011000000100
10001100001001011100000001011000000010
10000100001010000000000011011000000100
00100010100100000011000000000110001000
10001100001000010100010001011000000000
10000100001010000000000011011000000100
10001100001001010100000001011000000001
01000000010100000000001000000011000000
00100010100100000011100000100110100000
00100011100100000011100000100110100000
00100010100100000011100000100110100000
10010100001010100000000011011000000100
10001100001001011100000001011000000010
10000100001010000000000011011000000100
10001100001001010100000001011000010000
10001100001001010100000001011000000000

//
segsites: 37
positions: 0.0335 0.0957 0.1105 0.1337 0.1370 0.1525 0.1622 0.1679 0.2089 0.2346 0.2519 0.2701 0.3261 0.3508 0.3577 0.3691 0.3726 0.3786 0.4716 0.5065 0.5338 0.5406 0.5493 0.6679 0.6720 0.6794 0.6953 0.7236 0.7270 0.7418 0.8591 0.8748 0.9276 0.9364 0.9413 0.9760 0.9818 
0010000000000000010000000000010000100
0100001010000000000001000000101100001
1100001010000000000000000000000100001
0011000001000000010000000000010000000
0100001010000001000000000000000100001
0010010100010000010000101000010000000
0010010100010100010000101000010000000
1100001010000000000000000000000100001
0000000000000000110100000011010000000
0011000000000000010000000000010000000
0000000000000000010000000011010000000
0010010100010000010010101000010000000
0000000000000000010000000011010000000
0010000000000000010000000000010001000
0100100000000010001000010100000000010
0100100000000010001000010100000000010
1100001010000000000000000000000100001
0010010100010000010000101000010000000
0010000000000000010000000000010010100
0011000000101000010000000000010000000

//
segsites: 40
positions: 0.0085 0.0254 0.0551 0.0645 0.0823 0.0829 0.0891 0.1388 0.1799 0.2113 0.2150 0.2340 0.2674 0.3048 0.3126 0.3608 0.3902 0.4083 0.4558 0.4642 0.4839 0.5098 0.5192 0.5303 0.5722 0.6288 0.6692 0.6890 0.7236 0.7588 0.7665 0.8232 0.8645 0.8667 0.8773 0.9227 0.9359 0.9580 0.9594 0.9729 
0010001010000001000111100100011010001001
0010001010000001000111100100011010001001
0010101010000001000111100100011011001100
0010000000100001000111100000010010101000
0010001010000001000111100100011010001001
0010001010000001001111100110011010001000
1100000101011100100000010000100100000000
1100000101011100100000010001100100000000
0011000000000011000111100000010010001000
1100010101011100100000010000100100000000
1100000101011100100000010001100100000000
1100010101011100100000010000100100000000
0010001010000001000111100100011011001100
1100000101011100100000010001100100010000
0011000000000011000111100000010010001000
1100000101011100100000011000100100000000
1100000101011100100000010000100100000000
0011000000000001010111100000010010001000
1100000101011100100000010000100100000000
0011000000000001010111100000010010001010

//
segsites: 26
positions: 0.0118 0.0289 0.0703 0.1174 0.1256 0.3300 0.3891 0.4032 0.4841 0.4977 0.5143 0.6254 0.6484 0.6540 0.6875 0.6920 0.7334 0.7400 0.7520 0.7575 0.7647 0.8394 0.8444 0.8466 0.8837 0.8924 
00111000110000010100111111
00111001100000000100111111
00110000100001000111111011
00111001100000000100111111
00110000100001000111111011
00111001100000000100111111
00110000100001000111111011
00110000100001000111111011
00111001100000000100111111
00110000100001000111111011
00111001100000000100111111
00111001100100000100111111
00111001100100000100111111
00111001100100000100111111
10111001100000000100111111
00111001100000000100111111
01000110000010101000000000
00111001101000000100111111
00111001100000000100111111
00111001100000000100111111

//
segsites: 24
positions: 0.0056 0.0127 0.0186 0.0810 0.0901 0.1308 0.1662 0.2001 0.2163 0.3041 0.4582 0.5200 0.5817 0.5858 0.5869 0.5888 0.6511 0.6981 0.7483 0.7488 0.7569 0.7607 0.8965 0.9940 
100000000001000000001000
000000000001100000001000
000000010000001000000010
000000000011000000001100
000000000011000000001000
000000000000011000000010
000010100100001011000011
000100000001000000100000
000000000000001100000010
000000000011000000001000
000000000001100000001000
000000000011000000001000
000001000000001100000010
000000000000011000000010
100000000001000000001000
000000001001000000001000
000000000011000000001000
001000000000001000010010
000000000011000000001000
010000000000011000000010

//
segsites: 31
positions: 0.0052 0.0505 0.0805 0.0955 0.1076 0.1237 0.1587 0.1701 0.1733 0.1766 0.1840 0.2065 0.2524 0.2547 0.2712 0.3979 0.4148 0.4330 0.4430 0.5029 0.5264 0.5688 0.5830 0.5857 0.6688 0.7022 0.7780 0.8118 0.8432 0.9185 0.9676 
0010000000000000000101000001001
0000000001101001000000010111010
0010000000010000000100000001001
0010000000000000000100000001001
0010000000010000000100000001001
0010000000000000000100000001001
0011000000000000000100000001001
0010000000000000000100000001001
0011000000000000000100000001001
1100000110000110101000100000100
0010010000000000000100000001001
0011000000000000000100000001001
0000100001100001010000010011010
0000100001100001010000010011010
0010010000000000000110000001001
1100001010000110101000100000100
1100001010000110101000100000100
0010000000000000000100000001001
0010000000000000000100001001001
0000100001100001010000010011010

//
segsites: 29
positions: 0.0074 0.0345 0.0369 0.0496 0.1052 0.1085 0.1792 0.2102 0.2904 0.4282 0.4392 0.4509 0.4524 0.4839 0.4996 0.5078 0.5263 0.5321 0.5566 0.6071 0.6993 0.7072 0.7127 0.7747 0.8424 0.8698 0.8734 0.9701 0.9804 
00000101000101000001000101110
00000000000001000000100100001
00000111000101000001000101110
00000000010001000010000100000
00000000000001000000100100001
00010000000010100000001000000
00111000100010101000000010000
00010000000010110000001000000
00000111000101000001000101110
00000000000001000000100100001
00010000000010110000001000000
00000000010001000010000100000
00000001000101000001000101100
00000000000001000010000100000
00000000000001000010000100000
00000001000101000101000101110
00000001000101000001000101110
11000000000001000000110100001
00000001001101000101000101110
00000001000101000001000101110

//
segsites: 50
positions: 0.0014 0.0228 0.0260 0.0542 0.0919 0.1066 0.1097 0.1494 0.1690 0.2050 0.2069 0.2115 0.2140 0.2154 0.2321 0.2379 0.2654 0.2955 0.3384 0.3934 0.3959 0.4329 0.4537 0.4578 0.4781 0.4831 0.5037 0.5637 0.5919 0.5995 0.6617 0.6669 0.6796 0.6832 0.7141 0.7406 0.7519 0.7622 0.7636 0.8190 0.8466 0.8506 0.8508 0.8780 0.9054 0.9222 0.9548 0.9782 0.9958 0.9991 
01100100010001101100010111010110000010110000000010
01100110110000101100010011100010010010110100000000
01101100010000101100010011000010000010110010000000
01100110110000101100010011100011010010110100000000
01101100010000101100010011000010000010110010000000
01100100010001101100010111010110000010110000000010
01101100010000101100010011000010000010110010000000
01100100010001101100010111010110000010110000000010
10010001001110000011100000000000101000001001100101
01100100010001101100010111010010000010110000010000
01100100010001101100010111010110000010110000000010
01100100010001101100011111010010000010110000001000
01100100010001101100010111010010000010110000000000
10010000001110000001100000000000101000001001000101
01100100010001101100010111010010000010110000000000
01100100010001101100010111010110000010110000000010
01100110110000101100010011100010010010110100000000
01100100010001111100010111010010000010110000000000
01100100010000101100010011001010000111110000000000
01101100010000101100010011000010000010110010000000

//
segsites: 23
positions: 0.0117 0.0364 0.0786 0.0984 0.1215 0.1404 0.1828 0.2175 0.2236 0.2645 0.3909 0.4814 0.4988 0.5206 0.5752 0.6330 0.6827 0.6953 0.7538 0.8158 0.8245 0.8447 0.8715 
11000000000000100100000
00000000010000000100000
00001000000000000000000
00000100000100000100000
00010001001000000011110
00000000010001000100000
01100010000000100100001
00000100100000000100000
11000000000000100100000
01100010000000100100001
00000000000000000100000
00000000000000000100000
00000000000010001100000
00000000010000000100000
00000000010000000100000
00000000000000010100000
00000000010000000100000
00000000001000000001110
00000000001000000001100
00000100100000000100000

//
segsites: 44
positions: 0.0647 0.0961 0.1017 0.1152 0.1377 0.1397 0.1459 0.1478 0.1487 0.1826 0.2165 0.2466 0.2474 0.2820 0.3250 0.3446 0.3469 0.3559 0.3874 0.4128 0.4580 0.4684 0.4889 0.4955 0.4958 0.4987 0.5252 0.5427 0.5719 0.5745 0.5891 0.6340 0.6441 0.6717 0.6855 0.7017 0.7636 0.8275 0.8334 0.8338 0.9083 0.9212 0.9544 0.9726 
00000010100001000000001000101000011100010000
00010010100001000000001000101000111100010000
00010010100001000000001000101000111100010000
00010010100001000000001000101000111100010010
10101010101001100000000100101000011100000000
01000101000110011010010011000111000011101000
10101010101001100000000000101000011100000000
10101010101001100000000000101000011100000000
10101010101001100000000000101000011100000000
10101010101001100000000000101000011100000000
00010010100001000000001000101000111100010100
00010010100001000100001000101000111100010100
10101010101001100000000000101000011100000000
01000100000110010010010000010111000011101001
10101010110001100001000000101000011100000000
01000100000110010010110000010111000011101001
00000010100001000000000000101000011100000000
10101010101001100000000000101000011100000000
00010010100001000000001000101000111100010010
00000010100001000000000000101000011100000000

//
segsites: 19
positions: 0.0895 0.0935 0.1276 0.1703 0.2024 0.2032 0.3203 0.3989 0.4467 0.4809 0.4931 0.5342 0.5548 0.6210 0.6718 0.6845 0.6851 0.8958 0.9281 
0001010000001001110
0000111010001001010
0110000100010010000
0010000100010010000
0010000100010110000
0001010000001001110
0000011010001001011
0000011010001001010
0000011000001001010
0001010000001001110
0001010000001001110
1000011011001001010
0000011010001001010
0001010000001001110
0000011010001001010
0000111010101001010
0000011010001001010
0000011010001001011
0000011010001001010
0000011010001001010

//
segsites: 40
positions: 0.0097 0.0154 0.0301 0.0398 0.0722 0.1323 0.1974 0.2208 0.2244 0.2301 0.2403 0.2556 0.2679 0.3094 0.3126 0.3175 0.3681 0.3805 0.4321 0.4724 0.5123 0.5169 0.5820 0.5846 0.6113 0.6551 0.6661 0.6718 0.6883 0.6969 0.6972 0.7059 0.7986 0.8192 0.8447 0.8749 0.8987 0.9260 0.9278 0.9322 
1011011000000000001110001000000000011000
0011100001100100000100001000000000011000
0100000110000011100000010000000000100101
0011100001100100000100001000000000011000
0000000010000011100000010000000000100001
0011000000001000010101001101000000011010
0011000001100000000100001000000100011000
0011100001100100000100001000010001011000
0000000010000011100000010000000000100001
0011000000000000010101001101000000011010
1011011000000000001110001000100010011000
0000000010000010100000110010000000100001
0011100001100100000100001000000000011000
0011100001100100000100001000000000011000
0011100001100100000100001000000000011000
1011011000000000001110001000000000011000
0011100001100100000100001000000000011000
0000000010010011100000010000001000100001
0011000000001000010101001101000000011010
0000000010010011100000010000001000100001

//
segsites: 36
positions: 0.0382 0.0759 0.1648 0.2091 0.2382 0.2739 0.3478 0.3506 0.3535 0.4059 0.4412 0.4413 0.4551 0.4898 0.4970 0.4983 0.5090 0.5181 0.5282 0.5828 0.5856 0.6174 0.6175 0.6758 0.7334 0.7637 0.7679 0.8080 0.8617 0.8689 0.9025 0.9138 0.9506 0.9560 0.9588 0.9947 
011010000100000001010100100000001000
000000110000010110001000011011110100
111110000110000000100011100000001010
001000000100000000000000100000001000
000000110000010110001000011011110101
001000000100000000000000100100001000
011010000100000001000100100000001000
011010000100000001000100100000001000
011010000100000001000100100000001000
111010000110001000000010100000001010
111010000110000000000010100000001010
000000110000010110001000011011110100
011010000100000001000100100000001000
001000000101100000000000100000001000
000000110000010110001000011011110100
000000110000010110001000011011110100
000000110000010110001000011011110100
011010000100000001000100100000001000
000000111000010110001000011011110100
011011000100000001000100100000001000

//
segsites: 60
positions: 0.0112 0.0235 0.0305 0.0684 0.1099 0.1102 0.1346 0.1529 0.1578 0.1705 0.1925 0.2064 0.2246 0.2335 0.2369 0.2428 0.2956 0.3067 0.3217 0.3331 0.3356 0.3443 0.3651 0.3707 0.3801 0.3811 0.3860 0.3993 0.4033 0.4317 0.4341 0.4348 0.4380 0.4470 0.4632 0.4772 0.4911 0.5038 0.5354 0.5381 0.5524 0.5720 0.6737 0.6812 0.6877 0.6881 0.6930 0.6935 0.7108 0.7514 0.7678 0.7687 0.8147 0.8548 0.8717 0.8903 0.9302 0.9640 0.9681 0.9927 
100101010100001011100000001111100000000011101001101000100000
100101010100001011100000001111100000000011101001101000100000
000010000011010000011110000000011011111100010110010110000101
100101010100001011100000001111100000000011101001101000100000
100101010100001001000000001111100100000011101001101000100000
100101010100001011100000001111100000000011101001101000100000
100101010100001001000001111111100000000011101001101000100000
100101010100001001000000001111100100000011101001101000100010
010010000001110000011110000000000010101100010110010110010101
100101010100001101000000001111100000000011101001101000100000
101101010100001001000000001111100000000011101001101000100000
100101010100001001000000001111100100000011101001101000100000
100101010100001101000000001111100000000011101001101000100000
100101010100001011100000001111100000000011101001101000100000
100101010100001011100000001111100000000011101001101000100000
100101010100001001000000001111100100000011101001101000100000
100101011100001011100000001111100000000011101001101000100000
100101110100001001000001111111100000000011101001101000100000
100101010100001011100000001111100000000011101001101001100000
100101010100001001000000001111100000000011101001101000101000

//
segsites: 73
positions: 0.0041 0.0108 0.0289 0.0462 0.0481 0.0595 0.0743 0.0907 0.0974 0.0993 0.1400 0.1406 0.1465 0.1483 0.1941 0.2316 0.2345 0.2499 0.2591 0.2664 0.2830 0.2857 0.2913 0.2967 0.2980 0.3413 0.3462 0.3740 0.4115 0.4271 0.4342 0.4437 0.4616 0.4776 0.4955 0.5052 0.5097 0.5136 0.5368 0.5508 0.5523 0.5621 0.5788 0.5854 0.5857 0.5968 0.6494 0.6553 0.6814 0.7688 0.7923 0.7976 0.8121 0.8366 0.8443 0.8492 0.8551 0.8606 0.8669 0.8773 0.8818 0.8874 0.8901 0.9042 0.9185 0.9313 0.9351 0.9488 0.9539 0.9547 0.9661 0.9809 0.9946 
0000001000110101010000110011000101111110100001000010000011000100100010011
1100000001100101011000100000001001100110110001010110101111000100100010001
0000000000110101010000100011000101101110100101000010000011000110100010011
1100000000100101111000100000001001100110100001010110101111000100100010001
0011110100001010000111000100110010000001001010000001000000100001001101100
0000001000110101010000100011000101101110100001000010000011001100100010011
0000000000110101010000100011000101101110100101100010000011000110110010011
0000000000110101010000100011000101101110100101000010000011000110100010011
0000000000110101010000100011000101101110100101000010000011000110100010011
0000000010110101010000100011000101101110100101000010000011000110100010011
1100000000100101111000100000001001100110100001010110101111000100100010001
1100000000100101111000100000001001100110100001010110101111000100100010001
1100000000100101011000100000001001100110110001010110101111000100100010001
0000000010110101010000100011000101101110100101000010000011000110100010011
1100000001100101011000100000001001100110110001010110101111010100100010001
1100000001100101011000100000001001100110110001010110101111000100100010001
0000000000110101010000100011000101101110100101000010000011000110100010011
1100000000100101111000100000001001100110100001011110101111000100100010001
1100000001100101011000100000001001100110110001010110111111000100100010001
1100000000100101011000101000001001100110100001010110101111000100100010001

//
segsites: 41
positions: 0.0318 0.0434 0.0585 0.0937 0.1082 0.1314 0.1494 0.2128 0.2129 0.2421 0.2899 0.3098 0.3328 0.3644 0.3693 0.3941 0.4020 0.4035 0.4205 0.4757 0.5185 0.5513 0.5851 0.5864 0.5911 0.6504 0.6925 0.7199 0.7582 0.7585 0.7973 0.8121 0.8464 0.8522 0.8548 0.8630 0.9096 0.9131 0.9695 0.9988 0.9993 
00000101000000001110100000001010110000110
00000101000000011110100000001010110000110
00000101000000001110100000001010110000110
11111010001101000000010001110000000111001
00000100000000001111100000001010110000110
00000101000000001110100000001010110000110
00000101000000001110100010001010111000110
00000101000000001110100000001010110000110
11111010001101000000010001110000000111001
00000100000010101100100000001110110000110
11111010001101000000010001110000000111001
11111010001101000000011101110000000111001
11011010001101000000010001110001000111001
00000100010010101100100000001010110000110
11011010001101000000010001110000000111001
00000101000000011110100000001010110000110
11111010001101000000010001110000000111001
00000100100010101100100000001010110000110
00000101000000011110100000001010110000110
00000101000000001110100000001010110000110

//
segsites: 55
positions: 0.0094 0.0425 0.0655 0.0862 0.0922 0.1124 0.1185 0.1316 0.1431 0.1543 0.1931 0.2334 0.2647 0.2852 0.3458 0.3561 0.3586 0.3594 0.3865 0.4004 0.4085 0.4295 0.4325 0.4330 0.4616 0.4713 0.4784 0.4796 0.5310 0.5333 0.5356 0.5391 0.5688 0.5917 0.6154 0.6214 0.6898 0.7105 0.7350 0.7427 0.7446 0.7482 0.7584 0.7731 0.7797 0.8104 0.8148 0.9128 0.9228 0.9445 0.9465 0.9518 0.9548 0.9614 0.9754 
0000000111010011110010001000100000110000001000000001011
0011001000000100000001100011000011000001100001000000000
0111001000000100000001100011000111000001100001000000000
0011101000100100000001100011000011000011110011000000100
0000000111010010110010001000100000110000001000000001011
0011001000000100000001100011000011000101100001000000000
0011111000100100000001100011000011000011110011000000100
0011101000100100000001100011000011000011110101001000100
1000000110010010100110001000110000000000001000010100010
1000000110010010100110001000110000000000001000010100010
0000000110011010101010001000100000000000001000000000010
1000000110010010100110001000110000000000001000010100010
0011101000100100000001100011000011000011110001000000000
0111001000000100000001100011000111000001100001000000000
0011001000000100000001100011000011000001100001000000000
1000000110010010100110001000110000000000001000010100010
0000000111010010110010001000100000110000001000000001011
0000000111010010110010001000101000110000001000000001011
0011001000000100000001100011000111000001100001000000000
0000000111010010100010011100100000101000001000100010011

//
segsites: 59
positions: 0.0158 0.0293 0.0427 0.0517 0.0550 0.0775 0.0958 0.0961 0.0965 0.1047 0.1156 0.1321 0.1645 0.1672 0.1708 0.2166 0.2212 0.2898 0.3333 0.3414 0.3767 0.4093 0.4404 0.4575 0.4613 0.4711 0.4778 0.4887 0.4971 0.5100 0.5231 0.5436 0.5465 0.5832 0.5940 0.6226 0.6286 0.6500 0.6557 0.6964 0.7127 0.7170 0.7417 0.7486 0.7538 0.7563 0.7702 0.7825 0.7916 0.8175 0.8431 0.8531 0.8578 0.8877 0.9024 0.9304 0.9597 0.9748 0.9986 
00100000000101000000001010001011000000000000101001000101000
10000111110000011001010100010100000101000111000000110010010
00100000000101100100001010001011000000000000101001000101000
00100000000101000000001010001011000000001000101001000101000
10000111110000011001010100010100000101000111000000110010010
10011100111000011010110100010100010100000111000100011000110
00100000000101000000001010001011000000000000101001000101000
10000111110000011001010100010100000101000111000000110010010
10000111110000011001010100010100000101000111000000110010010
01000000000101000000001011101001001000000000111001000101000
00100000000101000000001010001011000000000000101001000101000
10011100111010011000110100010100010100100111000110010000110
00100000000101000000001010001011000000000000101001000101000
10011100111000011010110100010100010100000111000100011000110
00100000000101000000001010001011000000000000101001000101000
00000000000101000000001010001001100000010000101001000101001
00100000000101000000001010001001000000000000101001000101000
00100000000101000000001010001011000000000000101001000101000
00100000000101000000001010001011000000000000101001000101000
00100000000101100100001010001011000010000000101001000101000

//
segsites: 44
positions: 0.0020 0.0487 0.0537 0.0594 0.0799 0.1074 0.1228 0.1383 0.1845 0.2041 0.2065 0.2759 0.2939 0.2983 0.3005 0.3351 0.3726 0.4156 0.4391 0.4928 0.5538 0.5705 0.5814 0.5882 0.6096 0.6157 0.6959 0.7002 0.7191 0.7310 0.7515 0.8023 0.8084 0.8227 0.8403 0.8555 0.8986 0.9135 0.9316 0.9388 0.9428 0.9454 0.9891 0.9905 
00001100000001000000000100000011000100100100
10010010111000111001000000010100000010000001
10010010111000111001000000010100000010000001
00001100000001000000000100000011000100100100
00001100000101000000001100100001001100110110
11000010011000101000110000000100100010000001
10010010111000111001000000010100000010000001
00001100000001000000000100000011000100100100
00001100000101000000001100100001001100110110
00001100000001000000000100000011000100100100
00001100000001000000000100000011000100100100
00001100000001000000000100000011000100100100
11000010011000101000010000000100100010000001
00001100000001000000000100000011000100100100
10010010111000111001000000011100000011000001
00001100000101000000001100100001000100110110
11100010011000101010000001000100010010000001
10010010111000111001000000011100000010000001
11000010011000101000010000000100100010000001
11000011011010101100000010000100000010001001
