11.12105 43 -0.3296315 3 6 17 1 0 0 0 1 0 0 4 0.75 9
6.547368 24 -0.1240518 9 2 1 0 4 0 0 0 0 2 8 0.5 9
4.831579 22 -0.84618 8 4 5 3 0 0 1 0 0 0 7 0.4285714 11
6.852632 24 0.05005416 8 3 2 2 0 1 4 0 0 0 5 0.6 12
10.15789 41 -0.4827913 14 12 0 0 1 2 0 4 3 2 4 0.75 14
5.3 32 -1.623006 16 1 0 4 1 0 0 0 0 1 4 1 10
11.35263 28 1.710703 3 5 0 0 0 0 0 8 0 0 7 0.8571429 8
6.631579 21 0.4592409 2 7 4 0 0 0 2 4 0 2 6 0.5 9
13.6 48 0.02086205 12 6 7 0 15 0 1 0 0 0 3 1 13
5.378947 22 -0.5079876 10 2 2 0 2 2 1 0 2 0 5 0.4 12
21.69474 61 1.061154 13 7 0 3 3 0 18 1 2 0 4 0.5 14
8.615789 35 -0.5011102 7 13 4 1 2 0 0 2 0 0 6 0.3333333 11
51.35789 118 2.242601 14 9 4 1 0 0 1 1 44 1 6 0.3333333 12
8.115789 25 0.587166 5 4 5 1 0 1 0 0 0 9 6 0.6666667 10
6.484211 30 -0.9140273 18 1 0 0 0 5 0 1 0 3 6 0.5 12
7.978947 32 -0.4541486 14 3 4 1 0 0 1 0 0 0 3 1 14
9.368421 40 -0.6736267 13 15 3 0 0 2 0 3 0 0 4 0.5 14
9.868421 51 -1.262661 5 20 2 0 1 0 0 0 0 0 3 1 13
13.63684 37 1.220448 6 6 3 2 0 0 0 0 14 0 3 1 11
21.91579 67 0.6525104 11 2 10 2 21 0 2 0 0 0 3 1 12
11.31053 43 -0.2671338 11 13 0 10 0 2 0 0 0 1 5 0.8 11
6.263158 43 -1.932003 28 0 1 0 0 0 0 1 0 2 7 0.7142857 9
5.294737 20 -0.2309603 10 1 0 0 4 1 0 0 4 0 8 0.375 9
9.5 34 -0.03443937 7 10 7 1 0 0 1 0 0 8 2 1 14
8.231579 30 -0.1040672 10 1 0 8 3 0 2 0 1 0 7 0.4285714 11
6.831579 32 -0.9547593 16 6 2 3 0 0 1 1 2 0 7 0.2857143 11
6.478947 18 1.042048 3 2 0 1 5 2 0 0 4 0 7 0.5714286 8
7.931579 23 0.8592181 4 2 5 0 1 3 0 5 2 0 7 0.4285714 8
6.947368 24 0.104087 5 6 1 3 1 4 1 0 0 2 3 1 13
17.09474 39 2.208596 3 1 1 2 0 8 0 8 0 0 6 0.6666667 9
13.17895 54 -0.541506 12 20 10 2 2 0 0 2 0 0 3 1 14
5.868421 19 0.3621863 5 1 4 0 4 0 0 0 0 0 6 0.5 8
5.042105 19 -0.2213216 7 2 2 0 1 3 0 0 1 0 3 1 13
8.284211 26 0.5061306 5 2 8 0 0 6 0 0 0 0 4 1 10
9.994737 51 -1.227273 19 15 2 1 0 0 0 0 0 0 5 0.6 11
23.25789 58 1.710365 7 6 2 5 0 0 0 23 0 0 3 0.6666667 13
7.921053 24 0.6594248 6 0 4 5 0 0 3 0 2 0 4 0.75 9
17.51053 42 1.913332 3 8 1 0 1 1 0 0 12 0 4 0.75 10
19.97895 56 1.073968 16 2 3 3 0 0 0 18 0 0 3 1 13
23.88421 67 1.076336 12 4 3 2 1 22 0 0 2 0 6 0.5 11
9.394737 34 -0.07782019 12 4 2 2 5 4 1 0 0 0 5 0.8 10
14.03684 42 0.7415568 11 1 3 4 11 0 0 0 0 0 7 0.4285714 10
8.468421 37 -0.7460248 16 7 5 0 3 1 0 2 3 0 3 0.6666667 17
6.926316 25 -0.06614211 4 9 0 4 2 0 2 2 0 1 5 0.8 10
7.747368 30 -0.3285139 12 2 1 2 7 2 0 0 0 0 4 0.75 13
17.89474 55 0.6231879 7 14 4 0 11 0 3 1 0 0 3 1 12
8.357895 28 0.2301576 8 1 1 2 6 0 0 1 0 0 8 0.375 9
7.836842 50 -1.786495 28 10 0 0 1 0 0 0 2 0 9 0.4444444 8
8.094737 34 -0.6135733 13 6 7 0 0 4 0 0 0 2 2 1 16
7.873684 29 -0.1437934 4 11 0 6 0 0 0 0 0 1 6 0.6666667 8
11.94737 34 0.9741647 13 0 0 2 0 0 0 0 5 14 4 0.75 11
4.868421 20 -0.5183103 9 2 3 1 0 0 3 0 0 0 5 0.6 13
8.821053 25 0.9745256 7 0 4 0 0 0 1 6 0 0 3 1 12
3.942105 24 -1.609956 10 12 0 0 0 0 1 0 0 0 2 1 15
14.89474 40 1.279135 9 1 2 1 0 0 17 0 0 0 6 0.3333333 12
5.068421 22 -0.6998467 10 1 6 0 1 0 0 2 0 1 5 0.4 11
18.64737 60 0.4157011 8 15 1 0 21 4 1 0 0 0 3 0.6666667 13
38.06842 90 2.051947 9 4 0 3 1 0 41 0 1 0 5 0.6 12
5.547368 37 -1.857422 18 1 6 0 0 1 0 1 0 0 6 0.5 11
9.473684 28 0.7817844 5 0 6 1 1 11 0 0 0 0 5 0.6 10
11.38421 50 -0.7735941 12 5 12 0 1 0 0 0 0 0 7 0.2857143 11
5.710526 22 -0.3031211 9 5 1 0 0 0 1 1 4 1 6 0.5 10
6.405263 20 0.5175687 5 2 3 0 3 0 0 1 0 0 8 0.25 10
10.53158 34 0.3906927 10 2 0 1 8 0 1 4 0 0 7 0.2857143 11
15 52 0.09425868 18 4 1 9 2 11 0 0 5 0 2 1 15
6.1 20 0.3118119 6 1 3 2 0 0 2 0 0 0 4 0.75 11
9.063158 33 -0.1011095 17 1 1 1 1 1 0 0 1 0 4 0.75 13
10.42632 35 0.2249134 12 4 0 0 5 6 0 0 1 0 9 0.3333333 9
13.02632 36 1.124167 9 2 3 0 1 2 0 10 4 0 4 0.75 13
4.989474 19 -0.2584877 6 5 1 1 0 1 2 0 0 0 3 1 10
12.6 38 0.7007762 10 8 0 0 0 1 0 8 0 2 5 0.4 13
10.60526 41 -0.3283791 17 4 0 0 9 0 0 0 2 0 5 0.2 16
5.742105 35 -1.653462 22 1 1 0 0 3 0 0 1 0 5 0.8 11
8.510526 33 -0.335353 16 1 1 3 0 9 1 0 0 0 4 0.5 15
5.647368 25 -0.7685928 13 1 0 5 0 0 1 0 0 0 5 0.6 11
14.93158 49 0.3260479 9 8 10 2 0 10 0 0 0 0 2 1 15
11.35789 34 0.7312321 5 8 3 0 1 0 8 0 0 0 6 0.5 10
11.91053 44 -0.1586804 7 9 14 1 0 0 3 0 0 5 5 0.6 11
26.73158 65 1.864736 7 4 2 0 2 0 27 0 0 0 7 0.7142857 9
9.889474 34 0.1260697 9 6 3 1 9 0 0 0 0 6 3 0.6666667 15
8.389474 48 -1.526311 26 3 2 1 7 0 0 0 0 0 3 0.6666667 16
2.431579 17 -1.842442 13 1 1 1 0 0 0 0 0 0 6 0.6666667 12
16.53684 44 1.334203 10 2 5 0 2 0 0 0 13 0 5 0.8 11
7.057895 31 -0.7552038 11 6 8 0 0 0 2 0 2 0 6 0.3333333 12
7.184211 21 0.8155303 4 0 2 2 6 0 0 4 0 0 6 0.6666667 9
8.868421 31 0.05864435 8 5 7 0 2 0 6 0 0 3 6 0.3333333 10
18.21579 43 2.01056 7 0 0 2 8 0 0 0 0 26 5 0.6 11
7.284211 30 -0.5432022 4 6 14 0 0 0 0 0 1 0 6 0.8333333 9
10.51053 42 -0.4479722 13 4 10 6 2 0 0 1 0 0 5 0.6 12
5.878947 27 -0.8855152 9 6 5 5 0 0 1 0 0 0 4 0.75 13
8.078947 35 -0.7163847 15 8 2 2 0 3 0 4 0 0 2 1 17
8.910526 38 -0.6679677 17 3 5 5 4 0 0 3 0 0 5 0.4 14
8.168421 25 0.6160734 6 2 2 1 0 10 0 2 0 0 3 1 12
6.657895 19 0.919678 1 3 1 1 6 0 0 0 0 0 5 0.8 7
17.3 66 -0.2847561 4 12 19 4 0 1 0 0 0 0 7 0.4285714 9
7.605263 39 -1.226183 9 16 3 0 1 0 1 0 0 0 5 0.8 12
13.48947 52 -0.3211102 20 7 1 6 7 1 0 0 0 7 4 0.5 14
10.7 54 -1.19888 18 20 4 2 2 0 0 0 2 0 3 1 13
5.510526 31 -1.45076 20 0 6 1 0 0 2 1 0 0 7 0.4285714 9
10.92632 33 0.688626 5 5 1 0 9 4 4 0 0 0 5 0.6 12
