12.5 47 -0.2265892 10 8 8 9 0 0 0 0 0 0 4 0.75 13
5.368421 33 -1.667195 18 3 2 4 0 0 0 0 0 1 7 0.2857143 11
10.88421 34 0.5360184 6 0 12 1 8 0 0 1 2 0 4 1 10
2.2 12 -1.254889 6 4 0 0 0 0 0 1 0 0 6 0.8333333 9
6.3 31 -1.095884 6 16 0 0 1 3 0 0 0 0 5 0.8 11
5.910526 23 -0.3395611 8 2 0 6 0 0 0 0 0 0 7 0.2857143 11
10.11579 37 -0.1192367 13 4 6 1 0 5 0 2 3 0 3 0.6666667 13
6.810526 30 -0.7627697 13 5 3 0 3 0 0 0 0 0 3 0.6666667 14
10.35263 31 0.7258106 9 0 4 0 4 0 6 0 0 2 5 0.6 11
19.75789 51 1.507974 6 10 2 2 1 0 0 5 5 20 4 0.75 11
4.7 27 -1.488435 12 10 1 0 0 0 2 0 0 0 6 0.5 11
8.884211 31 0.06574187 12 1 4 2 1 5 0 0 3 3 6 0.6666667 11
6.705263 30 -0.8115624 5 11 6 0 1 0 0 0 0 0 8 0.25 9
8.989474 29 0.390066 7 5 5 0 2 0 0 0 1 0 4 0.75 12
5.805263 25 -0.6818705 8 8 0 1 1 2 0 0 0 1 3 1 14
7.194737 36 -1.15289 5 16 3 0 0 1 0 0 1 0 4 0.75 11
17.03158 46 1.257389 9 5 0 0 2 0 14 0 0 0 5 0.8 11
6.263158 24 -0.2861504 12 1 1 3 0 0 0 3 0 2 4 0.75 12
7.015789 37 -1.29872 16 9 0 0 0 0 0 1 0 0 5 0.4 10
10.87368 58 -1.355219 17 20 2 0 0 0 0 1 0 0 6 0.3333333 12
13.50526 44 0.3559314 9 5 6 0 15 1 1 0 0 0 4 1 11
12.36316 41 0.2783703 18 0 0 2 2 0 6 0 0 0 13 0.3076923 5
8.847368 34 -0.3034005 6 12 6 1 4 2 0 0 2 0 3 0.6666667 14
7.026316 30 -0.6627445 12 3 8 1 0 4 1 0 0 1 4 0.75 12
9.178947 33 -0.05202988 8 7 7 1 0 0 5 0 0 1 2 1 14
7.105263 29 -0.5114513 5 14 0 4 1 1 0 0 0 0 3 0.6666667 12
6.078947 26 -0.6618794 3 12 0 0 1 1 1 0 0 2 3 1 12
11.15263 36 0.3925495 9 2 4 10 1 2 0 1 4 0 3 1 12
12.44211 55 -0.7974411 3 20 3 1 0 0 2 0 0 0 6 0.5 10
3.121053 18 -1.447884 12 1 1 2 0 0 0 0 0 0 4 0.5 13
7.257895 24 0.2811948 5 4 3 2 4 1 0 0 0 4 4 0.75 11
14.88947 61 -0.5433623 9 8 24 6 0 0 0 0 0 0 4 0.75 9
7.431579 34 -0.8868725 11 11 1 3 0 0 0 0 0 0 5 0.4 13
5.331579 30 -1.448308 19 3 3 0 4 0 0 0 0 0 6 0.5 12
14.02105 40 0.9704129 6 6 6 1 2 0 2 11 0 0 3 1 13
9.015789 29 0.402657 7 7 0 1 2 2 6 0 0 4 6 0.6666667 9
17.77895 71 -0.4546596 10 20 3 1 9 0 1 0 0 2 2 1 14
7.757895 25 0.3905954 5 1 6 3 1 6 2 0 0 0 5 0.6 12
3.710526 21 -1.424003 14 2 1 0 2 0 1 0 0 0 3 1 14
11.18947 33 0.8001705 6 8 0 2 0 3 0 3 0 0 8 0.375 9
7.684211 29 -0.2344488 5 12 5 0 0 1 0 0 5 0 4 0.5 13
4.010526 17 -0.6098713 6 4 0 2 0 1 2 0 0 0 4 0.75 11
5.136842 19 -0.1544226 2 9 0 2 2 2 0 0 0 0 5 0.4 10
12.15789 55 -0.8714893 24 5 1 1 1 0 0 1 2 10 4 0.75 12
4.847368 19 -0.3588362 9 1 0 3 3 0 0 0 3 0 4 0.5 13
21.87895 102 -0.9823449 7 54 4 2 0 5 0 0 0 3 3 1 13
4.810526 22 -0.8591874 9 3 5 2 0 3 0 0 0 0 3 0.6666667 14
6.042105 25 -0.551787 13 1 0 1 6 2 0 0 1 0 4 1 12
3.047368 11 -0.06085045 2 5 0 1 0 0 0 0 0 0 10 0.3 7
11.98947 47 -0.3812679 15 2 14 0 0 6 0 4 0 0 3 1 14
6.868421 33 -1.031391 9 9 0 0 0 3 0 0 0 0 7 0.7142857 10
22.72105 50 2.463482 3 3 2 0 6 0 0 0 0 36 5 0.6 10
9.294737 33 -0.002950278 11 3 6 1 1 6 0 0 0 5 2 1 15
7.721053 27 0.05654771 9 4 4 1 0 1 0 0 0 8 6 0.3333333 13
11.80526 35 0.7778733 8 3 5 1 0 4 4 0 0 6 6 0.6666667 9
7.6 23 0.6625434 2 2 5 4 0 1 1 0 0 0 6 0.6666667 8
4.363158 29 -1.823436 15 5 2 0 0 1 0 0 0 0 6 0.5 11
6.647368 32 -1.035133 9 13 5 0 0 0 0 0 3 0 4 0.75 14
5.494737 18 0.3122404 6 3 0 0 2 0 0 4 0 0 5 1 9
4.457895 13 0.7855955 2 1 0 2 3 2 0 0 0 0 8 0.5 7
5.878947 27 -0.8855152 12 5 1 1 0 3 0 0 0 0 3 0.6666667 14
5.336842 20 -0.2025801 9 1 0 1 0 2 4 0 0 0 6 0.6666667 7
8.510526 33 -0.335353 10 9 2 4 0 1 4 0 3 0 3 1 13
7.452632 33 -0.7837621 12 8 6 1 2 0 1 0 0 0 4 0.75 13
13.94211 37 1.336594 8 2 3 1 2 1 0 2 9 0 4 0.75 13
6.468421 25 -0.3176368 5 5 2 0 4 0 0 1 1 0 5 0.6 9
6.942105 32 -0.9065354 10 3 9 4 0 0 0 0 0 0 3 0.6666667 14
7.984211 45 -1.484436 13 16 1 0 0 0 0 0 0 0 11 0.1818182 9
6.663158 21 0.4796003 3 2 2 1 1 0 0 4 0 0 6 0.6666667 8
6.668421 19 0.9271112 4 2 1 3 0 1 0 0 2 0 6 0.5 10
4.305263 20 -0.8978962 7 2 0 1 1 0 1 0 0 0 6 0.6666667 10
24.56316 53 2.598439 5 0 2 0 1 4 0 0 17 0 5 1 9
16.74211 56 0.2451511 19 3 4 1 3 10 0 0 0 0 3 1 13
2.615789 13 -1.037953 2 7 1 0 0 0 0 0 0 0 7 0.4285714 8
9.515789 30 0.4912047 13 1 0 0 2 1 0 0 7 4 6 0.8333333 10
9.436842 36 -0.2774149 5 12 2 4 0 0 0 0 0 1 4 0.75 12
6.021053 22 -0.111262 6 4 2 4 0 4 0 2 0 0 3 0.6666667 14
9.5 35 -0.1465405 11 9 0 2 4 0 4 4 0 0 4 0.75 12
5.005263 38 -2.116766 24 5 0 1 0 1 0 0 0 0 4 1 14
8.189474 29 0.007298862 9 6 1 1 0 2 0 0 2 1 9 0.3333333 10
9.726316 49 -1.189321 13 19 2 0 1 1 0 1 0 2 4 0.75 12
12.28947 38 0.5855752 8 6 0 3 9 1 2 3 0 0 4 0.75 13
8.926316 37 -0.5718058 13 7 4 5 4 0 1 0 0 1 3 0.6666667 15
14.81053 40 1.249379 8 5 2 1 0 4 0 0 11 0 3 1 13
4.715789 26 -1.383871 10 0 1 0 3 0 0 0 0 0 8 0.625 7
4.815789 24 -1.111653 15 3 1 0 0 1 0 2 0 0 5 0.4 13
8.115789 31 -0.2796704 6 3 12 6 0 0 0 0 0 0 4 0.75 11
7.894737 29 -0.1337206 9 4 2 6 0 0 1 5 0 0 3 0.6666667 13
10.6 50 -0.9975144 11 13 5 2 2 0 0 0 0 3 5 0.8 11
4.515789 23 -1.166844 9 6 4 2 1 0 0 0 0 0 4 0.5 13
11.90526 44 -0.1603788 9 4 14 0 0 2 3 4 0 0 6 0.3333333 12
4.842105 19 -0.3625528 5 2 4 0 2 0 0 0 0 0 6 0.8333333 10
11.92105 40 0.2283633 10 3 10 0 1 6 2 2 0 0 6 0.3333333 11
12.32632 36 0.850838 11 0 4 0 0 0 15 0 0 2 5 1 12
10.89474 60 -1.441602 14 23 0 1 0 0 0 2 0 0 6 0.5 12
15.36842 73 -1.031817 33 2 0 2 1 0 2 0 6 9 4 0.75 13
15.6 41 1.395588 9 0 3 0 1 0 16 0 1 1 5 0.8 11
19.54737 55 1.053765 13 2 2 12 3 0 0 0 0 23 4 0.5 14
19.93684 59 0.8051081 13 4 7 6 0 0 16 0 0 1 7 0.5714286 10
15.15263 44 0.887527 11 2 7 0 6 0 1 0 0 17 7 0.4285714 10
