7.752632 24 0.5633664 3 0 7 0 9 1 0 0 0 0 4 0.75 9
13.96316 38 1.206489 7 2 1 3 5 0 16 2 0 0 5 0.8 12
10.29474 42 -0.5207643 13 12 5 2 1 0 7 0 0 0 2 1 13
14.44211 51 0.0187021 10 21 0 2 4 0 2 0 10 0 4 0.75 11
2.984211 14 -0.8923655 6 0 7 0 0 0 0 0 0 0 8 0.375 9
12.87895 42 0.3509652 4 5 20 1 0 0 4 2 0 5 3 1 12
15.12105 37 1.785158 1 3 0 1 2 16 0 1 0 0 4 1 9
11.93684 41 0.1312245 9 6 0 13 7 0 0 0 0 0 6 0.3333333 11
7.531579 26 0.1075018 7 4 4 2 2 0 0 2 0 0 3 1 12
6.126316 27 -0.7590096 6 10 1 4 1 0 0 0 0 2 4 0.75 10
9.342105 29 0.5587857 9 1 6 1 0 0 0 0 2 10 7 0.4285714 10
9.942105 45 -0.8660495 9 16 6 2 4 0 0 0 0 0 4 0.75 11
3.536842 19 -1.284272 10 4 1 0 1 0 0 0 0 0 6 0.5 11
11.55789 43 -0.1855396 24 0 1 0 1 0 7 0 0 3 4 1 13
8.994737 33 -0.1301111 7 7 3 7 5 0 0 0 0 0 3 0.6666667 13
2.552632 12 -0.8806502 4 4 2 1 0 0 0 0 0 0 9 0.2222222 10
25.14211 65 1.512307 11 1 6 0 18 1 0 2 0 26 4 1 14
4.647368 24 -1.207711 8 10 1 5 0 0 0 0 0 0 3 0.6666667 13
7.931579 37 -0.9502817 22 3 1 2 0 0 0 3 1 0 4 0.75 10
8.210526 40 -1.082777 20 9 2 0 1 2 1 0 0 0 2 1 16
4.968421 18 -0.07803117 8 1 0 0 0 5 0 0 0 0 10 0.2 10
6.436842 18 1.010826 5 0 0 2 1 0 7 3 0 0 4 1 10
6.252632 23 -0.1366427 8 2 6 1 0 0 0 0 3 0 5 0.6 11
7.094737 32 -0.8399404 7 4 13 0 0 0 0 0 0 0 5 0.4 14
7.784211 30 -0.3114365 11 1 2 9 0 0 0 0 0 3 4 0.75 10
4.373684 16 -0.1122707 4 4 3 0 1 0 1 1 0 1 5 0.6 9
5.210526 20 -0.2877208 8 4 0 1 0 1 3 0 0 0 4 0.75 11
12.57895 43 0.1512536 10 1 0 12 4 0 0 0 0 2 5 0.8 10
7.505263 31 -0.5541076 15 3 2 1 2 3 1 2 0 0 4 1 12
6.868421 27 -0.3794928 9 5 6 0 1 0 2 0 0 3 6 0.3333333 12
6.105263 25 -0.5170981 13 1 3 1 1 0 0 1 3 0 4 1 12
8.678947 65 -2.13802 37 7 2 1 1 1 0 0 0 0 6 0.3333333 12
7.784211 26 0.2413073 8 1 4 2 0 6 5 0 0 0 6 0.5 9
6.973684 31 -0.7930572 9 7 8 3 0 0 0 0 0 2 9 0.2222222 10
3.715789 16 -0.6544604 9 1 1 1 0 0 0 4 0 0 5 0.6 10
19.24211 54 1.066338 15 1 1 0 11 1 5 12 0 0 5 0.6 12
7.1 27 -0.2610621 3 1 11 2 1 1 0 0 0 0 5 0.6 10
6.815789 27 -0.4064089 13 2 2 2 0 2 2 0 2 0 4 0.75 10
5.636842 22 -0.348647 12 0 1 0 2 0 4 0 0 0 8 0.25 12
19.02632 54 1.009114 6 2 1 2 22 0 0 0 0 1 4 1 9
8.231579 30 -0.1040672 7 9 4 1 1 0 2 4 2 0 5 0.4 12
7.626316 31 -0.4996933 9 10 0 6 2 0 0 4 0 0 2 1 15
6.573684 24 -0.1090426 4 7 4 3 0 2 3 0 0 0 4 0.5 13
8.521053 24 1.001633 5 5 0 0 0 0 0 7 0 0 5 0.8 10
10.55263 45 -0.6732192 19 7 1 6 4 1 0 0 0 0 3 0.6666667 16
7.326316 24 0.3202185 8 0 4 1 0 7 0 0 0 3 8 0.375 9
2.536842 15 -1.47609 8 1 0 4 0 0 0 0 0 0 12 0.1666667 7
15.62105 55 0.03080208 8 7 9 2 7 10 0 0 0 0 4 1 10
3.152632 20 -1.674805 14 2 2 0 1 1 0 0 0 0 3 1 13
11.84737 59 -1.164598 9 27 0 4 0 0 0 0 0 0 4 1 12
9.136842 37 -0.491705 4 14 0 4 0 5 0 2 0 0 4 0.75 10
12.89474 34 1.364592 7 1 6 0 1 0 0 0 0 19 5 0.6 11
10.16316 38 -0.2032586 19 3 1 0 2 0 0 9 0 1 5 0.8 13
2.884211 14 -0.9851305 5 2 4 0 1 0 0 0 0 0 8 0.625 8
3.073684 15 -1.007531 7 2 2 0 1 0 0 0 1 0 5 0.6 8
17.04211 49 0.9404695 8 9 4 0 0 0 14 0 0 0 4 0.75 11
10.76316 39 -0.08316208 8 10 0 6 9 0 0 0 0 0 6 0.3333333 12
4.926316 18 -0.1092529 7 1 0 3 3 0 0 0 0 2 5 0.8 9
14.71053 48 0.3506131 13 14 0 1 0 0 0 0 14 0 4 0.5 12
11.56316 37 0.4314558 6 13 0 0 1 1 7 0 0 0 5 0.4 12
15.33684 74 -1.079551 13 24 2 3 0 4 3 0 0 0 4 0.75 12
6.378947 26 -0.5029855 8 4 3 9 0 0 0 0 0 0 4 1 12
7.168421 33 -0.9042303 16 2 5 7 0 0 1 0 0 0 3 0.6666667 17
9.247368 33 -0.0230283 11 3 6 0 0 7 3 0 0 0 5 0.8 11
9.310526 31 0.2573747 11 1 1 2 2 4 0 1 0 0 3 1 13
6.857895 23 0.2223666 5 4 0 1 5 0 0 0 0 1 5 0.8 10
29.14737 80 1.195761 8 13 6 4 6 1 17 0 0 0 3 0.6666667 13
9.494737 28 0.7921924 8 2 1 2 0 2 3 4 0 0 3 0.6666667 13
33.60526 76 2.321055 11 3 0 2 0 0 0 0 34 0 6 0.6666667 11
11.29474 46 -0.5168838 17 12 1 7 0 0 0 0 2 1 7 0.2857143 12
7.331579 31 -0.6321802 8 6 6 0 1 0 1 1 0 1 5 0.6 11
11.42105 34 0.7572606 10 2 0 0 0 14 0 5 0 0 6 0.5 10
9.963158 53 -1.343471 14 20 0 1 0 0 0 0 0 0 5 0.4 13
17.13684 54 0.5080589 2 9 0 21 0 4 1 0 1 0 6 0.6666667 8
32.08421 79 1.801033 11 8 6 0 1 0 6 7 0 40 3 0.6666667 14
10.86316 33 0.6618553 9 4 0 0 4 1 9 0 0 0 4 1 12
6.857895 26 -0.2493127 1 12 0 4 0 1 0 0 0 0 10 0.5 5
9.2 31 0.2076921 6 6 4 1 9 0 1 4 0 0 4 0.75 12
4.031579 19 -0.9349108 11 1 1 2 2 0 0 1 0 0 6 0.3333333 14
5.921053 27 -0.8639824 13 3 2 3 0 0 0 1 0 0 5 0.6 11
12.12632 51 -0.6300895 9 12 4 4 2 2 2 0 0 0 3 1 12
7.357895 20 1.159672 2 3 0 1 0 7 0 0 0 0 7 0.4285714 8
13.91579 47 0.2023649 16 4 1 0 9 7 6 0 0 0 3 0.6666667 16
9.7 35 -0.06634024 14 1 3 7 1 2 0 0 2 4 3 0.6666667 16
10.45789 45 -0.7031412 17 2 11 6 4 0 1 0 0 0 3 0.6666667 15
3.894737 30 -2.11433 20 1 0 0 0 0 0 0 1 0 6 0.8333333 10
14.94211 56 -0.2157521 11 3 23 0 6 2 0 0 0 0 5 0.6 10
7.505263 28 -0.1913685 12 1 1 0 9 2 0 0 0 1 3 1 12
3.031579 16 -1.218338 7 3 1 1 0 0 2 0 0 0 4 0.75 12
7.757895 26 0.2273692 9 0 0 7 1 5 0 0 0 0 6 0.6666667 8
16.68947 42 1.636367 6 7 0 0 0 0 6 6 9 0 8 0.625 7
9.163158 34 -0.173258 15 0 0 3 5 0 2 0 0 0 7 0.7142857 8
6.1 31 -1.185786 18 1 7 0 0 1 1 0 2 0 5 0.6 13
7.021053 28 -0.4307537 7 6 1 8 1 0 1 0 0 0 4 0.75 12
9.621053 34 0.01544858 8 6 1 9 0 0 0 1 0 0 7 0.4285714 10
15.89474 46 0.90579 13 3 0 3 1 0 15 0 4 0 3 1 14
9.384211 31 0.2904964 6 2 8 6 0 2 1 0 0 0 3 1 11
10.89474 39 -0.03553619 14 5 6 0 2 0 1 4 4 0 3 0.6666667 16
14.8 51 0.1189699 14 5 1 14 7 0 0 0 0 0 4 0.75 11
4.994737 22 -0.7453726 13 2 1 0 0 0 0 1 1 0 4 0.5 14
