4.915789 29 -1.559024 16 3 3 0 1 0 0 0 1 0 4 0.5 15
6.784211 29 -0.6650618 12 6 2 1 0 6 1 0 0 0 3 0.6666667 13
9.626316 33 0.1375959 11 3 2 0 3 4 0 0 0 0 6 0.5 11
10.43158 34 0.3494809 12 1 6 1 0 2 1 0 6 0 5 0.6 14
10.53158 41 -0.3538117 18 5 1 0 5 5 0 0 1 1 4 0.75 14
11.65263 39 0.2387889 9 0 1 17 1 1 0 0 3 0 4 0.75 11
14.14211 57 -0.4844381 9 2 27 5 0 0 0 0 0 0 4 0.75 10
5.963158 19 0.4290853 5 4 1 0 1 0 0 2 0 0 4 1 9
10.54211 45 -0.6765439 19 12 3 0 0 0 4 0 6 0 6 0.3333333 13
10.19474 32 0.5126271 10 0 4 0 0 9 0 0 1 1 5 0.6 11
7.668421 29 -0.2420034 8 7 1 7 0 0 5 0 1 0 4 0.75 11
11.28947 31 1.14693 6 2 0 3 2 3 11 0 0 0 4 1 9
8.036842 32 -0.4288884 7 7 6 2 1 0 0 0 0 3 8 0.375 10
4.2 19 -0.8159793 8 3 5 0 0 1 0 0 1 1 4 0.75 12
6.115789 30 -1.084802 12 8 2 1 1 3 0 0 0 0 5 0.4 12
10.23684 38 -0.1759228 5 7 5 1 2 3 1 0 0 0 5 0.8 9
7.431579 31 -0.5872293 15 1 4 0 0 4 0 0 0 2 6 0.5 12
23.02632 58 1.65304 13 5 0 1 0 0 1 0 7 31 8 0.375 10
14.42632 41 0.9904833 8 5 2 6 0 0 0 9 1 0 3 1 12
8.073684 32 -0.4128138 14 3 4 4 0 0 0 0 0 7 6 0.5 13
9.205263 36 -0.3678395 9 9 1 8 3 0 1 0 0 0 3 0.6666667 12
11.91579 43 -0.06748838 3 2 26 1 1 0 4 0 0 0 5 0.8 9
4.073684 15 -0.1347262 5 1 1 4 0 4 0 0 0 0 6 0.5 9
10.42105 40 -0.3016721 8 15 5 1 3 3 0 2 0 3 4 0.75 13
7.321053 38 -1.25764 13 14 5 1 0 1 0 0 0 0 4 0.5 12
20.15263 59 0.8576506 7 8 1 2 16 0 7 2 0 0 3 0.6666667 13
10.27895 32 0.5493692 11 3 2 0 2 0 0 1 6 1 5 0.8 12
8.394737 50 -1.627196 24 8 3 0 0 1 1 0 0 0 3 1 13
12.24211 42 0.1361398 6 10 2 1 2 10 0 3 0 0 4 0.5 12
9.657895 38 -0.3907043 16 9 0 0 1 2 0 6 0 1 5 0.4 12
18.71053 59 0.5065125 12 15 3 2 0 1 16 0 0 0 3 1 13
9.473684 33 0.07290002 10 4 4 1 6 2 0 5 0 1 4 0.75 11
6.1 31 -1.185786 14 7 7 0 0 1 0 0 0 2 3 1 12
16.68421 49 0.8362783 11 4 5 2 1 1 14 0 0 0 4 0.5 13
3.973684 12 0.6274778 2 1 2 3 0 0 0 2 1 0 4 1 9
7.636842 27 0.01348197 8 3 6 1 0 1 6 0 0 1 4 0.75 12
5.494737 22 -0.4364469 10 1 2 2 0 5 0 0 0 0 6 0.5 11
4.110526 16 -0.3291466 6 1 3 1 0 2 0 1 0 0 6 0.6666667 7
5.968421 22 -0.1437805 5 7 0 0 8 0 0 1 0 0 8 0.25 9
9.994737 39 -0.3612972 7 2 10 2 2 0 0 0 0 0 4 0.75 11
7.152632 33 -0.9109229 11 4 10 0 2 0 1 0 0 0 4 0.5 14
23.59474 57 1.895039 3 8 7 1 0 3 0 0 19 0 5 0.4 11
14.62632 45 0.6134246 12 0 8 2 8 0 5 8 0 0 5 0.6 11
4.473684 23 -1.191818 11 3 5 2 2 0 0 0 0 0 4 0.75 13
12.17895 40 0.3194922 13 1 5 6 0 0 4 0 0 3 4 0.75 12
28.65789 63 2.491062 4 1 4 0 3 0 0 25 0 2 8 0.625 8
12.41579 46 -0.1701681 12 4 10 4 11 0 0 1 0 0 3 0.6666667 13
5.431579 25 -0.8871133 7 6 5 2 0 0 0 2 0 0 4 0.75 13
5.057895 18 -0.01168501 7 0 0 2 7 0 0 0 0 1 5 1 6
6.8 23 0.1880266 10 1 0 1 1 1 4 0 3 0 4 0.75 12
14.83684 38 1.530614 5 1 2 8 3 0 4 0 11 0 4 1 10
5.147368 15 0.8023909 2 2 2 1 0 4 0 0 0 0 4 0.75 10
6.968421 25 -0.04301616 10 0 3 2 2 0 0 0 1 1 4 0.75 13
11.28421 40 0.003330761 10 0 1 16 0 1 1 0 0 0 5 0.8 11
14.50526 64 -0.7955202 21 8 21 1 0 1 0 0 0 0 2 1 16
21.93684 57 1.477703 6 3 2 1 0 22 0 0 0 0 6 0.5 12
6.689474 30 -0.8188814 7 11 0 1 0 0 0 1 0 0 5 0.4 13
11.90526 38 0.4430384 9 3 0 1 8 12 0 0 0 0 5 0.6 12
15.6 74 -1.028099 23 15 1 1 0 0 6 0 0 3 6 0.6666667 9
8.763158 33 -0.2282703 13 4 3 2 1 3 0 0 2 3 2 1 14
15.12105 55 -0.09946795 21 3 4 8 4 7 0 0 6 0 5 0.6 12
20.3 55 1.249855 12 2 3 2 0 0 23 0 0 0 3 1 13
10.23684 28 1.159076 5 2 0 0 0 8 2 0 0 0 5 0.8 9
6.757895 33 -1.07824 20 5 1 0 0 0 1 4 0 0 6 0.3333333 13
5.536842 30 -1.353162 17 3 1 1 0 2 0 0 1 0 4 0.75 10
30.80526 75 1.865187 10 2 2 13 0 1 10 0 23 0 5 0.6 12
17.27368 47 1.219736 7 8 4 0 3 0 5 1 10 0 5 0.6 9
6.184211 33 -1.321407 18 2 0 2 1 1 1 2 0 0 8 0.375 8
9.005263 30 0.2545598 5 7 4 4 0 3 4 2 0 0 6 0.5 10
3.368421 16 -0.9407366 7 3 3 1 0 0 0 0 0 0 3 0.6666667 13
11.51579 47 -0.5247841 10 7 13 0 5 0 0 0 2 0 6 0.3333333 13
2.784211 10 -0.04278349 4 2 0 0 0 1 0 0 3 0 7 0.7142857 6
12.36842 38 0.6148636 9 3 0 1 12 0 3 4 0 0 5 1 11
10.92105 47 -0.7049767 14 4 9 0 2 0 0 2 1 0 4 0.5 14
15.95789 48 0.7209969 13 6 4 1 3 0 0 1 11 0 3 0.6666667 14
7.3 32 -0.7503816 6 14 3 2 0 0 0 0 0 0 5 0.4 11
9.378947 25 1.280944 6 3 0 0 1 0 0 0 9 0 5 1 10
9.178947 33 -0.05202988 9 2 9 2 1 0 7 0 0 1 5 0.6 12
13.85263 44 0.468025 13 4 6 0 6 0 0 0 9 0 4 0.5 14
5.842105 18 0.5698196 5 1 1 1 4 1 0 4 0 0 6 0.5 10
6.894737 30 -0.7237354 5 13 1 0 0 1 0 0 4 0 4 1 11
8.778947 33 -0.2215776 10 3 7 6 1 0 2 0 0 0 3 0.6666667 14
9.8 39 -0.4317836 20 4 0 1 0 3 4 0 2 0 9 0.2222222 10
21.57368 66 0.6489273 8 0 20 5 3 6 9 0 0 6 5 0.8 9
5.2 26 -1.127411 14 4 0 2 2 0 0 0 0 0 8 0.25 11
17.13158 52 0.6804064 16 1 1 2 4 19 0 7 0 0 4 1 10
9.384211 30 0.4302138 12 3 0 1 0 0 0 1 8 0 7 0.5714286 9
5.542105 28 -1.161919 15 3 0 4 0 0 0 0 0 0 8 0.125 13
11.46316 35 0.6406886 10 4 0 4 0 7 0 0 0 10 4 0.5 13
3.778947 16 -0.6024102 6 5 0 1 0 2 0 1 0 0 4 1 11
17.11579 46 1.283433 12 2 2 0 5 0 0 0 10 0 7 0.7142857 7
6.452632 24 -0.1780846 1 14 0 4 1 0 3 0 0 0 5 0.4 10
10.45789 35 0.2375766 8 5 1 5 10 4 0 0 0 0 4 0.75 13
13.58421 45 0.2842831 16 7 0 3 2 0 0 0 8 0 4 0.5 13
16.69474 48 0.9397891 8 5 4 2 0 12 0 1 0 0 5 0.8 10
12.4 32 1.47481 5 0 0 7 1 6 0 0 2 7 5 1 7
21.65789 65 0.7397634 7 3 10 1 24 0 0 0 0 0 3 1 13
14.61579 77 -1.333328 23 22 1 0 0 4 0 0 0 0 5 0.6 12
8.842105 36 -0.5096418 18 4 1 3 0 2 0 3 0 0 4 1 11
5.621053 29 -1.221585 13 3 5 1 1 0 0 0 0 0 4 0.75 14
