12.39474 39 0.5073989 6 7 5 6 5 1 0 0 3 0 4 0.75 12
19.44211 53 1.215786 11 8 1 3 0 0 2 0 20 0 3 1 16
6.626316 24 -0.07902436 8 2 1 5 0 4 0 0 0 2 4 0.75 13
7.610526 27 2.393206e-05 6 8 3 0 0 6 0 0 1 0 7 0.4285714 11
3.663158 18 -1.045905 9 4 1 0 0 1 0 1 0 0 5 0.6 11
7.463158 30 -0.4602544 13 3 0 3 9 0 0 1 0 1 3 1 14
5.815789 24 -0.5413056 8 7 0 1 3 1 0 2 0 1 5 0.8 10
13.08947 47 -0.04799125 15 4 2 9 4 7 0 0 0 3 3 1 15
12.31579 38 0.595338 5 13 1 1 1 0 3 0 0 0 4 0.75 11
5 26 -1.23334 7 5 3 1 0 0 0 0 0 0 6 0.5 9
5.336842 22 -0.5340024 8 5 2 3 0 0 1 0 3 0 6 0.5 10
6.631579 27 -0.5006152 9 3 7 0 1 3 0 0 0 0 3 0.6666667 15
3.594737 14 -0.3260111 4 2 4 1 0 1 0 0 0 0 5 0.6 9
6.784211 31 -0.8782274 15 1 7 5 0 0 0 0 0 0 7 0.4285714 11
6.715789 26 -0.3245782 6 5 9 0 1 0 4 0 0 0 4 0.75 12
9.142105 39 -0.669913 20 2 2 0 0 8 0 0 1 0 4 0.5 15
10.71579 49 -0.9012633 13 7 14 1 0 0 0 1 0 0 6 0.3333333 11
3.163158 14 -0.7263651 3 2 7 1 0 0 0 0 0 0 3 1 10
13.06842 62 -1.022976 20 15 12 2 0 0 1 0 0 0 4 0.5 14
3.352632 15 -0.7640646 8 3 0 0 0 0 2 0 0 0 6 0.5 12
27.94211 68 1.862424 9 10 0 2 0 0 0 1 24 0 5 0.4 12
13.58421 41 0.6998249 13 1 2 0 1 9 12 0 0 0 5 0.8 12
12.49474 42 0.2213598 12 0 5 3 12 0 0 0 1 1 6 0.6666667 9
20.02632 58 0.9104207 8 9 5 3 0 11 2 5 0 0 7 0.4285714 9
23.68947 57 1.918887 7 5 2 1 0 0 2 27 0 0 4 1 12
7.526316 29 -0.3099949 13 0 7 0 2 0 1 3 0 0 5 1 10
5.942105 25 -0.6067112 13 0 4 2 1 0 1 4 0 0 3 1 14
12.84737 40 0.5556834 7 9 4 0 8 0 1 0 6 0 3 0.6666667 14
9.557895 47 -1.117985 13 11 10 0 0 0 0 0 0 0 6 0.3333333 13
14.64211 39 1.320849 6 4 4 1 0 4 0 9 0 0 4 1 10
2.984211 15 -1.085624 5 6 0 3 0 0 0 0 0 0 6 0.6666667 9
14.58421 41 1.044982 8 6 3 1 2 0 0 8 0 5 3 0.6666667 14
4.336842 20 -0.876611 9 1 3 0 1 3 0 0 1 0 4 0.75 11
6.257895 27 -0.6917194 7 10 2 0 5 1 0 0 1 0 5 0.6 10
21.40526 69 0.4093652 17 10 8 5 0 1 7 0 0 0 5 0.4 13
15.64211 47 0.7254018 6 3 0 9 8 1 0 0 0 0 5 0.8 9
6.005263 27 -0.8209166 9 0 8 4 0 0 0 0 0 0 4 0.75 12
11.34737 32 1.015534 7 2 1 0 7 0 10 2 0 0 5 0.6 11
4.752632 23 -1.026362 8 7 1 2 0 0 0 0 0 0 9 0.2222222 9
7.078947 28 -0.4021316 7 5 7 0 6 0 0 0 0 0 3 1 14
6.131579 26 -0.6340033 8 6 4 3 0 0 3 0 0 0 3 1 13
9.515789 46 -1.067071 8 23 1 1 1 0 2 0 0 0 5 0.4 11
6.668421 22 0.2887155 5 5 4 0 0 0 0 2 0 5 8 0.375 10
5.752632 23 -0.4332157 10 1 0 3 4 0 0 0 0 0 3 1 14
6.105263 31 -1.18342 17 4 3 4 0 1 0 0 0 2 3 1 12
4.942105 21 -0.6299866 4 2 12 2 0 0 0 0 0 0 4 0.75 10
7.536842 24 0.4402915 7 1 4 0 1 5 0 5 0 0 5 0.6 10
8.278947 31 -0.2063295 11 3 4 2 5 3 0 0 1 0 4 0.75 13
7.710526 39 -1.188083 21 4 6 1 4 3 0 0 0 0 4 0.5 15
19.75789 55 1.108615 10 6 4 3 0 0 19 0 5 0 3 1 14
16.21579 58 -0.03283564 29 1 4 0 0 0 4 8 0 0 3 0.6666667 15
13.68947 49 -0.03555691 18 4 9 0 0 0 12 0 1 0 3 1 15
10.62105 42 -0.4106885 11 8 4 12 0 0 3 0 0 0 6 0.5 12
7.178947 29 -0.4761964 2 10 4 6 2 1 0 0 0 0 4 0.75 10
5.468421 22 -0.4527062 10 4 1 0 1 1 0 0 4 0 4 0.75 14
6.257895 20 0.4182379 3 4 2 4 0 1 3 0 0 0 4 0.75 11
5.573684 27 -1.041629 12 7 1 0 4 0 0 0 0 0 5 0.6 12
7.778947 38 -1.087768 3 23 2 1 0 0 1 0 0 0 6 0.3333333 10
2.336842 11 -0.8735955 6 0 2 2 0 0 0 0 0 1 9 0.4444444 9
7.310526 30 -0.531004 11 2 9 0 0 0 0 0 0 0 8 0.25 11
15.91579 43 1.251908 7 6 0 1 0 4 15 0 0 0 4 1 9
4.8 21 -0.7216039 12 1 0 0 5 0 0 0 2 0 6 0.6666667 9
13.13684 89 -1.951854 41 8 1 0 0 0 0 1 2 0 5 0.4 11
13.67895 38 1.101051 9 1 1 4 1 0 13 0 1 0 4 0.75 12
5.836842 24 -0.5292983 8 1 3 6 0 0 0 0 0 0 4 0.5 14
14.51579 57 -0.3903719 7 4 18 3 0 0 0 0 1 0 5 0.4 11
6.273684 33 -1.283482 10 16 1 0 0 2 0 0 1 0 3 0.6666667 13
7.205263 21 0.8291032 5 0 2 2 3 0 0 0 0 0 6 0.8333333 7
7.089474 26 -0.1266577 9 4 0 0 2 0 1 0 1 2 4 0.5 11
12.87895 40 0.5668421 10 4 2 1 0 12 0 0 0 0 6 0.6666667 10
11.96842 40 0.2451013 16 5 0 1 2 0 1 0 11 0 3 1 15
9.578947 28 0.8338246 6 3 4 0 2 0 5 1 4 0 5 0.6 11
9.715789 40 -0.5508817 18 5 2 4 2 3 0 5 0 0 4 0.5 15
5.105263 31 -1.63293 13 12 1 0 0 0 0 1 0 0 4 0.75 14
4.205263 20 -0.9652993 9 4 3 1 0 2 0 0 0 0 4 0.75 13
9.1 38 -0.5976756 18 5 4 0 0 4 1 4 0 0 4 0.75 13
15.95789 48 0.7209969 14 7 2 0 0 4 0 1 5 0 4 0.75 13
11.02632 33 0.7310129 7 5 3 3 0 0 6 0 1 0 3 0.6666667 13
20.93158 53 1.617935 7 3 2 3 1 0 16 0 0 0 4 0.75 12
6.568421 25 -0.2627127 12 0 2 0 3 3 3 0 0 0 5 0.6 13
11.01053 28 1.541572 3 3 2 1 0 0 10 0 0 0 7 0.5714286 7
6.715789 31 -0.9089833 15 5 4 1 0 0 0 1 4 0 3 0.6666667 14
10.05263 39 -0.3403419 6 2 13 3 1 0 1 0 0 0 6 0.5 10
7.442105 37 -1.136516 16 5 5 8 0 0 1 0 0 0 2 1 16
10.91579 30 1.140149 6 3 1 3 0 4 3 0 0 10 6 0.8333333 10
11.91579 41 0.123958 11 5 11 0 1 3 0 1 6 0 3 0.6666667 15
11.16842 41 -0.1340013 11 6 6 2 7 0 0 0 0 0 3 1 11
6.415789 24 -0.1990974 7 4 5 0 0 6 0 0 1 0 3 1 12
10.61579 29 1.168191 5 1 2 5 5 0 0 0 7 0 5 0.8 9
6.489474 38 -1.566145 19 11 3 2 1 0 0 0 0 0 5 0.4 12
11.47895 39 0.1759227 11 10 0 1 1 1 10 0 0 0 5 0.6 11
11.64737 54 -0.9476541 25 1 3 1 0 2 5 0 0 0 3 1 16
9.352632 31 0.2763014 7 9 1 2 0 1 4 0 5 0 5 0.8 10
5.852632 32 -1.381886 13 10 6 1 0 0 0 0 1 0 6 0.3333333 13
16.16316 45 1.098825 6 3 8 9 0 0 2 0 5 0 3 1 12
10.13158 42 -0.5758022 9 14 1 0 6 3 2 0 0 0 3 0.6666667 13
4.757895 19 -0.4220186 4 5 5 0 0 2 0 0 0 0 3 1 11
20.59474 68 0.3029984 8 7 2 23 1 0 1 0 3 0 3 1 12
6.489474 21 0.3676236 3 5 0 0 7 0 0 1 0 0 8 0.625 7
16.65789 50 0.7322325 13 6 5 1 2 2 1 2 12 0 3 0.6666667 16
