12.88421 46 -0.02529626 8 14 5 0 9 0 0 0 0 0 9 0.2222222 8
9.710526 38 -0.3711787 13 4 0 15 1 0 0 0 1 0 4 0.5 14
22.63158 61 1.282038 13 3 3 0 1 2 22 0 0 0 3 1 14
6.789474 23 0.181783 7 0 1 5 6 1 0 0 0 0 5 1 9
8.584211 59 -1.959144 37 4 3 0 0 0 0 0 0 1 7 0.2857143 13
6.926316 29 -0.5970703 10 7 2 4 1 2 2 0 0 0 3 0.6666667 15
12.02105 51 -0.65958 10 4 15 1 0 0 0 0 0 0 5 0.6 10
20.88947 55 1.403437 9 6 0 3 7 7 0 0 15 0 3 1 14
21.32105 55 1.51588 5 3 2 2 1 23 0 0 0 0 6 0.5 10
9.026316 39 -0.7118238 18 0 0 0 9 0 0 0 1 0 7 0.7142857 8
3.852632 20 -1.202984 10 5 0 1 0 1 0 1 0 0 5 0.6 12
20.57368 52 1.626926 8 6 2 0 0 0 4 18 1 0 3 1 10
5.810526 19 0.3213036 3 3 4 3 2 0 0 1 1 0 6 0.5 9
6.973684 31 -0.7930572 15 1 8 1 0 2 0 0 0 0 5 0.8 11
10.74211 38 0.01152284 6 13 1 3 2 0 4 0 0 0 4 0.75 11
6.794737 21 0.5644311 2 1 8 5 0 0 0 1 3 0 4 0.75 9
10.77895 51 -1.007568 10 25 2 4 0 0 0 0 0 2 5 0.6 13
4.236842 20 -0.9440141 11 2 2 1 0 2 0 0 0 0 7 0.2857143 11
9.352632 35 -0.2056355 8 7 3 12 0 2 0 0 0 2 5 0.6 11
8.784211 31 0.02079095 12 3 2 1 1 0 7 0 0 0 2 1 13
5.889474 18 0.604944 3 1 1 0 9 0 0 0 0 0 8 0.375 8
16.04211 49 0.6493471 5 7 11 2 12 0 7 4 0 0 3 1 11
13.32632 40 0.7249228 8 1 10 4 0 2 6 0 0 5 5 0.8 10
23.17895 72 0.5791501 11 6 20 0 1 15 1 0 0 0 5 0.6 11
13.03684 43 0.3022897 7 7 4 1 8 0 0 0 0 0 5 0.4 11
10.83158 32 0.790489 4 1 11 2 0 7 3 0 0 0 5 0.8 10
4.505263 16 -0.003832717 5 1 3 2 1 0 2 0 0 0 5 1 9
17.28421 66 -0.2882057 7 9 19 2 1 3 2 0 0 0 3 0.6666667 13
5.263158 19 -0.06522391 6 4 0 1 1 4 0 0 1 0 5 0.8 10
18.55263 68 -0.1304236 9 1 26 2 0 5 3 0 0 1 4 0.75 9
18.03158 49 1.228528 8 11 1 0 0 0 1 11 0 12 5 0.4 14
7.857895 36 -0.8939464 4 22 2 0 0 0 1 0 0 0 5 0.4 11
5.147368 35 -1.891952 22 0 2 0 1 1 0 0 0 0 4 0.75 13
7.457895 32 -0.6814902 10 9 1 1 4 0 2 0 0 0 4 0.75 13
8.973684 30 0.2399219 9 2 0 0 11 0 1 0 0 0 5 0.8 11
6.889474 26 -0.232587 5 7 2 8 0 0 0 0 0 2 8 0.25 10
19.43158 59 0.6820816 13 2 0 1 20 0 0 4 0 0 3 1 14
12.6 41 0.360118 10 3 6 4 10 0 1 0 0 0 5 0.4 14
7.842105 39 -1.140457 20 6 4 0 0 0 4 0 0 0 3 1 11
12.22105 40 0.3343704 4 6 13 9 0 0 1 0 0 7 5 0.6 11
5.557895 26 -0.9378532 9 11 1 0 1 2 0 1 1 0 5 0.6 10
10.68947 36 0.2117002 7 8 0 5 6 8 0 0 0 0 4 1 10
7.610526 26 0.149316 8 4 2 4 0 0 0 0 4 0 6 0.3333333 11
12.05789 38 0.4996626 7 2 7 0 14 0 1 0 0 0 4 0.75 11
3.147368 11 0.05353588 4 1 2 0 0 0 0 3 0 0 8 0.625 8
4.778947 25 -1.245566 11 6 2 0 1 0 0 0 0 0 7 0.2857143 10
13.64211 47 0.1194444 7 2 15 1 5 0 3 0 0 4 5 0.6 11
12.26316 42 0.1432415 14 2 7 2 1 2 1 6 5 0 3 1 14
10.85263 33 0.6573935 8 4 0 3 4 0 5 0 0 0 6 0.5 10
5.526316 24 -0.706406 12 2 0 0 5 0 0 0 0 0 5 0.8 12
12.89474 36 1.072789 5 5 5 1 2 1 2 7 0 0 4 0.75 10
9.957895 40 -0.4653321 2 10 19 0 0 2 0 0 0 0 5 0.6 10
3.789474 15 -0.3827866 4 4 1 3 1 0 1 0 0 0 5 0.8 10
10.94737 49 -0.8338454 12 5 20 0 0 0 0 0 0 0 10 0.3 8
6.421053 25 -0.3436535 10 2 2 2 0 1 1 0 3 0 7 0.2857143 11
8.489474 36 -0.6473338 18 3 1 0 5 1 2 1 0 0 6 0.3333333 14
14.07368 53 -0.233654 10 19 1 9 0 8 3 2 0 0 3 0.6666667 14
6.347368 35 -1.41075 22 4 0 5 2 0 0 0 1 0 4 0.75 13
7.731579 31 -0.4523766 15 2 0 2 4 5 0 1 0 0 3 0.6666667 14
17.68421 52 0.8323706 10 10 1 3 0 3 8 0 0 0 2 1 15
19.52105 52 1.337471 11 3 0 8 0 0 0 16 0 0 4 1 12
15.54737 56 -0.06077006 15 10 2 12 0 7 5 0 0 0 6 0.5 10
6.573684 30 -0.8725534 12 6 0 0 0 4 0 1 0 0 4 1 9
4.557895 19 -0.5632498 5 9 1 0 0 0 0 1 0 3 6 0.3333333 11
4.378947 24 -1.360804 10 4 4 0 1 0 0 0 0 0 5 0.8 11
7.968421 35 -0.7607059 12 8 2 2 0 0 0 0 0 0 4 0.75 12
2.515789 9 -0.02851792 4 0 1 0 1 1 0 2 0 0 7 0.7142857 8
9.847368 36 -0.1171166 11 7 1 3 1 5 0 0 0 0 3 1 14
6.084211 25 -0.5286611 10 4 0 0 7 0 2 0 0 0 5 0.6 11
12.72105 42 0.2977027 9 2 1 20 0 0 0 0 1 2 4 0.75 11
12.33158 37 0.7238234 8 4 0 3 0 9 1 0 0 0 6 0.6666667 10
13.23684 43 0.3682595 6 2 3 17 2 0 0 0 0 1 4 0.75 11
5.805263 19 0.317587 3 3 5 1 0 2 1 2 0 0 7 0.5714286 9
11.78421 30 1.542689 1 1 3 3 1 13 0 0 0 0 5 0.8 8
5.963158 27 -0.8424495 7 4 7 0 0 0 0 0 0 0 4 0.75 11
7.242105 28 -0.3214692 4 10 0 7 0 0 0 0 0 0 13 0.1538462 6
13.83158 44 0.4612315 3 10 2 12 1 0 6 0 0 0 3 1 10
9.768421 38 -0.3497006 7 11 0 8 0 1 1 0 0 0 5 1 10
8.394737 30 -0.02843835 9 5 0 4 5 0 1 0 0 0 7 0.5714286 9
9.657895 36 -0.1911004 7 10 6 1 9 0 0 0 3 0 5 0.6 12
7.757895 27 0.07538897 10 2 1 2 4 0 4 1 0 0 4 0.5 12
8.394737 28 0.2483717 4 7 2 6 4 1 0 0 1 1 3 0.6666667 14
8.357895 69 -2.320916 47 5 3 1 0 0 0 0 0 0 3 0.6666667 15
6.010526 22 -0.1177657 8 4 2 0 0 2 0 2 0 0 6 0.6666667 10
27.88421 70 1.682509 12 2 4 0 6 6 0 22 0 0 3 1 13
6.031579 23 -0.2677592 9 3 4 0 0 2 0 0 3 0 7 0.4285714 11
23.33684 77 0.3071549 24 9 4 6 0 4 17 0 0 0 3 1 13
10.31579 35 0.1805922 10 8 2 2 0 0 4 1 0 0 3 1 12
10.27895 44 -0.6851808 14 16 1 0 2 5 1 0 1 0 5 0.6 12
4.684211 21 -0.796255 9 3 3 2 2 1 0 1 0 0 5 0.8 13
15.06316 50 0.2768777 15 4 0 0 14 2 0 2 2 0 3 0.6666667 15
8.847368 37 -0.6018435 17 2 3 5 1 0 0 0 0 0 5 0.6 12
7.842105 27 0.1184547 8 6 2 0 2 0 0 4 2 0 6 0.3333333 11
10.8 33 0.6350846 7 4 5 2 0 4 0 8 0 0 3 0.6666667 13
10.47895 37 0.01893707 11 6 1 10 0 0 0 1 1 2 4 1 11
14.72632 49 0.2662911 8 4 14 0 5 0 0 1 0 0 5 0.4 12
8.115789 33 -0.5026699 15 3 3 1 3 3 0 0 0 0 4 0.75 12
18.12105 46 1.594338 5 6 7 0 1 0 0 0 0 27 3 0.6666667 13
5.178947 21 -0.4772912 5 5 5 2 0 0 0 0 0 0 4 0.75 11
6.942105 31 -0.8072522 13 5 1 0 0 0 2 0 2 2 6 0.6666667 11
