11.27895 42 -0.1887614 11 4 9 7 2 0 1 2 0 0 4 0.75 13
3.673684 24 -1.763049 16 5 0 1 1 0 0 0 0 0 7 0.2857143 13
8.947368 35 -0.3681466 14 4 3 0 7 3 0 0 0 0 7 0.2857143 11
7.884211 38 -1.048717 9 15 0 0 0 0 4 0 0 0 6 0.6666667 10
9.710526 35 -0.06211917 7 9 9 0 0 3 2 0 0 0 4 0.75 12
20.75789 62 0.7617445 10 1 2 17 0 0 0 15 0 0 7 0.5714286 10
3.763158 20 -1.263292 4 13 1 0 0 0 0 0 0 0 10 0.3 7
12.67895 31 1.771511 2 4 1 0 2 0 8 0 0 0 5 0.6 9
3 17 -1.398717 5 10 1 1 0 0 0 0 0 0 6 0.5 10
23.31579 67 0.9539481 4 4 13 1 22 4 0 0 3 0 3 0.6666667 13
6.568421 26 -0.4026314 4 7 3 4 0 1 1 1 0 0 4 1 11
14.32105 58 -0.5018581 10 10 23 5 1 0 0 0 0 0 2 1 14
6.821053 28 -0.5296302 10 2 7 4 0 1 3 0 0 0 4 0.5 14
13.38421 58 -0.7337637 17 7 7 4 1 1 0 1 0 0 5 0.8 9
19.63158 49 1.694324 13 1 0 0 1 0 2 0 10 22 6 0.3333333 11
11.47368 48 -0.6105096 9 20 3 4 0 5 0 0 0 1 3 1 13
7.736842 33 -0.663294 7 8 9 0 1 0 0 1 0 2 4 0.75 11
16.95789 61 -0.05567881 18 5 12 1 0 5 0 0 0 0 3 0.6666667 13
8.431579 51 -1.665207 22 5 4 1 3 0 0 1 0 0 4 0.75 10
8.584211 34 -0.4118525 15 5 0 2 0 1 5 0 0 0 4 0.75 12
16.93158 43 1.586965 10 2 0 3 1 0 0 3 0 24 3 1 13
20.54211 55 1.312933 3 2 1 0 25 0 0 0 2 0 9 0.3333333 8
10.51579 66 -1.766921 29 3 2 5 0 0 2 0 0 0 4 0.75 11
10.06842 42 -0.5971072 11 8 13 1 0 0 0 0 0 2 4 0.75 13
13.08947 39 0.7588636 14 0 0 4 1 0 4 1 0 0 5 0.8 9
17.07368 50 0.8509553 9 5 11 0 1 2 12 0 3 7 5 0.6 11
8.305263 28 0.2041375 12 0 1 3 1 0 6 2 0 0 4 1 10
7.126316 29 -0.5013785 11 6 3 3 0 1 0 0 0 5 3 1 14
12.23158 52 -0.6670097 20 5 12 1 0 6 1 0 0 0 3 1 12
17.03158 51 0.744169 8 6 4 6 7 7 0 0 8 0 5 0.6 12
10.97368 44 -0.4609935 18 8 2 0 2 7 0 0 0 0 2 1 18
7.615789 36 -0.9884813 18 3 0 2 1 2 2 0 0 3 6 0.3333333 11
8.242105 45 -1.402982 9 14 0 0 1 0 0 0 0 0 4 1 11
27.20526 73 1.31329 20 5 1 1 0 3 0 5 15 0 6 0.3333333 14
7.136842 33 -0.9176156 10 12 0 2 6 1 0 0 0 0 3 0.6666667 15
8.242105 46 -1.460992 21 2 5 0 1 2 1 0 3 0 5 0.8 10
14.61579 38 1.448606 3 3 3 8 1 8 0 0 0 12 3 1 10
4.168421 27 -1.760288 17 0 0 3 0 0 0 0 0 0 11 0.3636364 6
4.063158 22 -1.32095 13 3 0 0 0 0 1 0 0 0 5 0.8 13
8.552632 37 -0.7139846 20 1 2 4 4 0 0 3 1 1 4 1 11
8.963158 30 0.2350427 2 5 10 0 8 0 0 0 0 0 5 0.4 10
10.84211 40 -0.1528902 9 3 6 8 0 0 0 1 1 0 4 0.75 12
6.373684 26 -0.5057731 10 0 5 1 0 0 0 0 2 0 4 1 12
8.168421 25 0.6160734 4 3 3 2 1 1 0 7 0 0 5 0.8 9
13.02632 35 1.267517 1 6 0 10 0 6 0 2 0 4 4 1 8
12.14737 38 0.5328561 8 2 7 8 2 0 3 0 2 0 4 0.75 12
9.268421 42 -0.8669705 18 0 9 10 0 0 0 0 0 0 5 0.6 11
6.405263 24 -0.2051011 11 2 1 1 0 3 2 1 0 0 3 1 12
16.44737 44 1.305331 9 7 0 1 2 0 0 3 0 22 7 0.4285714 11
7.857895 31 -0.3955965 12 4 3 2 0 6 0 0 0 0 3 0.6666667 14
7.757895 31 -0.4405474 8 9 0 0 0 0 0 4 2 2 6 0.8333333 9
11.77368 48 -0.5214299 14 7 9 7 0 0 1 0 0 0 5 0.6 14
11.53684 56 -1.087695 21 8 0 3 4 5 0 4 0 0 4 0.5 13
3.894737 18 -0.8741851 10 2 0 2 1 0 0 0 0 2 3 1 14
12.11053 38 0.5191882 8 4 0 2 14 3 0 0 0 2 5 0.8 11
18.02632 56 0.5739827 10 13 10 0 1 0 2 0 0 20 3 0.6666667 16
8.878947 23 1.421146 4 2 0 0 1 0 8 0 1 0 7 0.5714286 8
5.805263 25 -0.6818705 11 4 0 0 5 0 0 0 0 0 5 0.6 11
6.063158 30 -1.109198 16 4 3 1 4 0 1 0 0 0 3 1 15
9.536842 30 0.5009633 10 1 1 0 1 8 0 0 0 2 5 0.8 9
6.042105 26 -0.6813927 11 6 1 0 0 7 0 0 0 0 5 0.6 12
13.78421 38 1.140102 9 1 1 0 6 0 10 0 0 0 5 0.8 9
5.889474 21 -0.01920485 5 6 0 1 3 0 3 1 0 0 4 0.75 12
14.18947 46 0.3783915 10 9 3 0 3 5 0 0 0 7 5 0.6 12
4.347368 18 -0.5385516 6 2 5 1 3 0 0 0 0 0 4 0.75 11
7.5 42 -1.46351 27 2 0 1 0 4 1 0 0 0 4 0.75 13
5.042105 24 -0.982574 14 1 0 2 3 1 0 0 0 2 4 1 12
6.536842 23 0.03193559 6 5 4 0 2 0 0 0 1 0 4 1 11
12.24737 58 -1.015177 19 14 7 2 2 1 0 0 0 0 5 0.8 12
7.457895 22 0.776493 7 1 0 3 0 2 0 3 0 6 5 0.8 10
10.34737 37 -0.03112588 8 2 9 5 2 4 2 0 0 0 4 0.5 13
7.289474 22 0.6724338 4 4 1 2 0 3 0 0 0 2 5 0.8 10
5.726316 32 -1.436999 15 4 3 2 0 0 1 2 0 0 4 0.5 13
8.015789 25 0.5322418 6 2 2 2 0 5 0 0 1 0 6 0.5 10
11.55789 33 0.9563329 5 3 3 1 0 15 0 1 0 0 5 0.6 11
9.626316 33 0.1375959 12 3 3 3 1 0 3 0 0 8 4 0.75 12
9.657895 34 0.03063187 8 12 0 0 0 7 0 0 1 0 6 0.6666667 10
9.315789 31 0.2597406 7 5 1 6 4 0 0 0 0 0 6 0.3333333 12
8.636842 27 0.5248876 4 5 2 6 1 0 3 1 0 0 6 0.6666667 9
10.18421 37 -0.09320394 11 3 7 1 10 0 0 0 0 0 3 1 12
9.842105 28 0.9639253 4 3 5 1 0 1 2 0 0 1 4 0.75 11
8.578947 29 0.193646 9 3 2 1 3 8 0 2 0 0 4 0.75 12
4.484211 18 -0.437081 6 5 1 2 0 0 1 2 0 0 3 1 10
8.894737 32 -0.0545786 10 3 0 3 3 0 0 0 0 0 10 0.2 9
29.07368 84 0.932653 27 1 1 0 0 13 10 0 0 0 5 0.6 11
30.77368 79 1.560591 11 3 2 12 1 0 18 7 0 0 4 0.75 11
6.242105 23 -0.1428864 9 3 1 4 0 0 0 0 0 6 5 0.4 13
7.405263 21 0.958046 6 0 3 0 0 1 0 8 0 0 6 0.5 9
7.757895 34 -0.752392 17 2 2 2 6 0 0 0 1 0 3 1 15
1.078947 5 -0.7173334 3 0 0 1 0 0 0 0 0 0 10 0.4 6
5.442105 32 -1.561004 16 4 1 3 0 1 0 0 0 1 6 0.6666667 9
24.84737 63 1.620222 14 2 2 0 2 0 0 21 1 0 5 0.6 11
6.752632 23 0.1599302 6 3 6 0 0 0 5 0 0 3 4 0.75 12
12.67368 65 -1.252279 7 27 3 0 1 0 0 0 0 1 8 0.625 8
14.72105 37 1.632967 6 0 3 1 0 0 13 0 0 1 6 0.6666667 7
9.073684 34 -0.2101317 13 5 2 0 5 1 0 0 1 0 3 0.6666667 14
5.936842 21 0.01133424 7 5 0 0 0 3 0 0 0 0 8 0.25 11
13.56316 39 0.9303168 8 0 5 2 12 0 2 6 0 0 5 0.6 11
25.37895 62 1.834287 5 13 1 2 0 0 0 5 0 36 5 0.8 10
15.61053 41 1.399222 4 9 2 2 0 0 5 0 12 0 3 1 12
