33.01579 92 1.120206 8 4 2 1 35 0 0 0 0 0 6 0.6666667 10
8.821053 34 -0.3142457 18 0 2 3 2 0 1 0 1 7 5 0.6 12
5.105263 21 -0.5247964 4 9 1 0 1 0 0 0 0 0 5 0.8 9
17.71579 54 0.6615857 6 14 6 0 3 14 3 0 0 0 3 1 12
8.594737 32 -0.1854722 3 12 3 1 0 3 0 0 5 0 2 1 13
6.726316 30 -0.8018039 11 9 0 6 0 0 0 0 0 0 8 0.375 11
8.836842 28 0.4669408 11 3 0 0 0 0 0 7 0 0 8 0.5 8
23.10526 57 1.771826 10 2 4 0 0 1 0 20 0 0 5 0.8 11
16.33158 49 0.7336194 8 8 9 4 0 0 4 0 2 0 4 0.5 14
10.67368 43 -0.4771956 12 4 11 1 0 2 2 0 0 0 5 0.6 13
13.17895 43 0.349163 10 1 5 10 0 0 1 7 0 0 6 0.5 11
7.936842 43 -1.37994 22 1 0 0 0 0 5 2 0 0 9 0.4444444 8
8.468421 31 -0.1211593 6 12 1 3 0 0 1 0 7 0 5 0.8 11
22.76316 72 0.4956631 13 12 19 1 0 4 0 0 11 0 2 1 15
4.536842 22 -1.028284 10 2 5 0 1 2 0 0 0 0 4 0.75 13
5.289474 26 -1.080021 15 2 3 0 1 2 0 0 0 0 4 0.75 12
8.205263 34 -0.5680235 12 6 7 2 0 1 5 0 0 0 2 1 16
15.48947 56 -0.07559443 17 7 7 5 1 11 0 0 0 5 3 0.6666667 13
16.60526 67 -0.490913 9 6 25 2 1 2 0 0 0 0 3 1 12
18.18947 60 0.306003 13 6 9 0 5 2 5 0 0 0 6 0.6666667 10
23.78947 84 0.01942964 19 5 8 20 0 0 5 2 0 0 3 1 13
7.910526 35 -0.7839218 11 12 4 2 1 0 2 0 0 0 6 0.5 11
11.29474 36 0.4480373 11 7 0 2 0 1 3 0 0 12 6 0.6666667 10
9.521053 32 0.2186906 9 5 2 0 7 4 0 0 2 0 4 0.75 13
15.24211 50 0.3279737 5 7 18 2 0 9 0 0 0 0 4 0.75 11
16.77895 43 1.53662 7 5 1 1 0 2 0 15 0 0 4 0.5 12
7.742105 28 -0.07427794 3 9 0 6 1 1 0 0 0 0 5 0.8 8
9.415789 41 -0.738934 12 5 12 1 0 0 0 1 0 0 3 1 11
9.794737 37 -0.2413903 16 3 3 0 7 0 0 6 0 0 3 0.6666667 15
9.526316 38 -0.4395183 9 5 12 2 0 1 2 0 0 0 4 0.5 14
13.67368 42 0.6190531 8 8 5 0 1 0 9 0 0 0 11 0.1818182 9
9.384211 28 0.7375501 7 2 0 2 10 0 0 0 0 7 3 1 13
13.55263 54 -0.4424115 22 2 4 12 2 1 0 3 1 0 3 1 15
15.58947 36 2.125003 2 2 5 0 0 4 2 0 11 0 4 0.75 10
4.763158 23 -1.020118 11 5 2 2 0 0 1 0 1 0 3 0.6666667 15
21.22632 66 0.5730368 20 7 0 9 0 0 11 13 0 0 4 0.75 14
10.71579 43 -0.4633072 11 9 8 6 5 4 0 0 0 0 3 1 14
3.047368 11 -0.06085045 2 3 2 1 0 0 0 0 1 0 4 1 9
8.342105 28 0.2223516 9 3 5 0 0 0 1 4 0 0 5 0.6 10
10.40526 35 0.2164713 5 13 2 4 0 0 0 3 0 0 4 0.75 11
9.152632 32 0.05794399 7 6 2 8 2 0 4 0 2 0 5 0.6 11
7.126316 26 -0.1071444 8 2 6 3 0 3 2 0 2 0 3 1 13
8.426316 41 -1.080458 21 7 0 9 0 0 2 2 0 0 4 0.5 16
11.28421 39 0.1054364 15 4 1 0 3 0 4 0 0 0 4 0.75 10
10.65789 37 0.08702269 11 2 0 5 6 0 0 0 0 2 3 1 14
9.868421 28 0.9769353 3 6 6 0 0 0 0 1 0 12 3 0.6666667 11
6.405263 37 -1.531012 17 10 0 0 0 0 0 0 0 1 6 0.5 11
9.057895 31 0.1438145 11 3 0 5 4 0 1 0 0 0 3 1 13
5.431579 25 -0.8871133 10 4 4 5 1 0 0 0 0 0 8 0.375 9
11.38947 39 0.1435371 15 5 1 0 0 1 10 0 0 1 4 0.5 14
15.98947 38 1.958224 5 3 2 0 1 1 0 0 12 0 7 0.4285714 9
14.88421 42 1.027399 5 8 2 1 5 1 11 0 0 0 4 0.75 11
6.963158 32 -0.8973499 12 10 0 0 1 2 0 0 0 0 6 0.8333333 8
6.063158 30 -1.109198 14 4 5 1 0 0 0 2 0 0 3 1 14
12.41579 41 0.2965364 11 2 5 10 0 0 2 0 0 0 7 0.5714286 10
6.836842 30 -0.7505715 5 9 0 1 3 2 0 0 0 0 4 1 9
18.01053 53 0.8292689 7 3 3 1 19 1 0 1 0 0 6 0.5 10
9.036842 40 -0.7907925 14 5 8 5 1 1 0 0 0 0 3 1 14
11.92632 47 -0.4004034 21 4 6 0 2 1 7 0 0 0 4 0.75 13
8.536842 55 -1.814919 29 6 1 1 2 1 0 0 0 0 5 0.4 13
6.963158 31 -0.7977889 15 4 3 0 2 1 1 0 3 1 5 0.4 13
5.094737 38 -2.083573 24 0 1 4 0 0 0 0 0 0 10 0.2 10
3.563158 16 -0.7802484 5 5 3 0 0 0 0 0 1 0 4 0.75 12
11.47368 44 -0.2996466 5 15 9 3 1 0 1 4 0 2 5 0.8 9
9.226316 43 -0.9546086 20 4 2 5 3 3 0 0 0 0 4 1 11
9.778947 30 0.6131867 5 3 1 11 0 5 0 4 0 0 7 0.2857143 10
3.647368 16 -0.7108482 6 5 2 0 0 0 0 0 2 0 8 0.375 9
11.12105 36 0.3802188 13 1 4 2 3 0 3 0 0 10 5 0.6 10
15.54737 50 0.4151373 9 8 3 1 14 2 4 1 0 0 4 0.75 12
7.305263 35 -1.026633 14 7 2 6 0 0 0 0 0 0 4 0.75 11
16.03158 70 -0.76338 1 27 5 0 0 6 0 0 0 0 5 0.6 8
15.8 55 0.07742504 16 9 8 1 1 7 0 0 0 0 3 0.6666667 17
14.47368 46 0.4662913 13 5 7 0 5 0 1 0 0 15 3 1 15
14.37368 42 0.8551835 9 5 0 6 1 0 14 2 0 0 7 0.4285714 9
6.152632 24 -0.3491887 4 6 3 5 0 0 2 0 0 0 3 1 12
6.826316 32 -0.9570557 13 11 0 0 2 1 0 0 0 0 4 1 13
4.178947 23 -1.36664 14 1 2 1 0 0 0 3 0 0 3 0.6666667 14
3.852632 20 -1.202984 11 1 5 1 0 2 0 0 0 0 3 1 13
11.01579 31 1.023906 7 2 1 0 4 2 10 4 0 0 6 0.5 11
8.078947 27 0.2395771 10 3 2 0 1 0 4 0 4 3 7 0.2857143 10
5.189474 29 -1.428078 13 12 0 0 1 2 0 0 0 0 5 0.6 14
7.463158 23 0.581376 5 3 0 0 7 0 3 2 0 0 5 0.8 8
4.073684 26 -1.72396 13 2 0 1 1 1 0 0 1 0 5 0.8 9
6.826316 27 -0.4010257 10 3 7 0 0 0 2 0 0 0 6 0.3333333 12
7.026316 36 -1.218653 20 4 2 6 2 1 1 0 0 0 3 1 15
10.33158 40 -0.3332882 9 2 9 2 0 0 2 0 2 0 5 0.8 10
11.88421 39 0.3226105 5 5 0 12 5 0 0 0 0 2 6 0.5 9
8.663158 28 0.3810743 11 2 2 0 1 0 0 0 5 0 4 0.75 13
11.2 52 -0.9506763 11 21 5 2 8 0 0 0 0 0 4 0.5 15
12.48947 38 0.6597724 3 13 4 0 0 7 0 7 0 0 6 0.5 9
19.02105 49 1.516586 12 2 0 1 6 0 0 0 0 28 4 1 12
9.178947 41 -0.8206817 15 5 5 7 0 0 0 0 0 0 3 0.6666667 17
14.68421 47 0.4351801 10 5 0 10 0 0 6 0 6 0 8 0.625 9
6.194737 27 -0.7240187 7 6 9 2 0 0 0 0 0 0 4 0.75 12
8.110526 33 -0.5049008 15 0 8 0 4 1 4 0 0 1 3 0.6666667 17
9.389474 36 -0.2959108 12 10 0 2 3 0 3 0 0 0 5 0.4 12
7.289474 30 -0.5407625 10 9 4 0 0 0 1 5 0 0 2 1 14
7.731579 46 -1.618886 22 8 0 1 0 4 0 0 0 0 4 1 12
4.447368 21 -0.9489505 12 1 1 4 0 0 0 0 0 1 5 0.6 11
10.77368 33 0.6239301 9 7 0 0 0 4 0 3 0 10 4 0.5 13
