9.257895 39 -0.6280022 16 7 4 5 0 1 0 0 2 1 4 0.75 13
17.34737 46 1.355055 5 8 2 6 2 0 0 0 9 0 5 0.6 12
13.98421 57 -0.5241844 15 9 13 0 0 3 3 0 1 2 4 0.75 13
7.794737 30 -0.3065572 4 6 6 0 0 0 3 0 0 1 5 0.6 9
5.036842 21 -0.5689085 8 1 2 5 0 0 1 0 0 0 4 0.75 11
2.605263 10 -0.2647891 2 2 2 1 0 2 0 0 0 0 7 0.4285714 8
14.43684 47 0.3602327 17 5 0 2 0 8 0 8 0 0 3 1 15
13.96316 46 0.3083973 10 6 2 0 12 3 0 0 0 0 4 0.75 12
10.09474 29 0.918889 7 2 2 0 2 0 10 1 0 0 6 0.6666667 8
12.64211 42 0.2710715 13 1 4 2 14 0 7 0 0 1 4 0.75 13
2.815789 18 -1.674242 9 3 1 1 0 1 0 0 0 0 7 0.5714286 9
15.40526 49 0.463948 10 2 10 3 12 0 1 0 0 0 3 1 13
12.58947 42 0.2533173 6 8 0 10 3 0 0 3 0 1 5 0.4 11
9.131579 32 0.04875847 10 5 6 0 0 0 0 6 1 0 3 0.6666667 14
6.978947 25 -0.03723468 8 1 6 4 0 0 0 0 0 0 9 0.3333333 8
15.98421 57 -0.02073152 10 3 19 6 8 0 0 1 0 0 4 1 12
8.173684 29 -0.0002557517 9 5 3 1 1 0 5 0 0 0 3 1 13
5.9 27 -0.8747488 12 2 6 2 0 2 1 0 0 0 3 1 12
4.5 17 -0.2277744 6 1 5 0 0 2 2 0 0 1 5 0.6 11
11.06316 41 -0.1703336 17 3 1 3 7 0 0 0 0 0 9 0.2222222 9
10.64737 46 -0.7170999 20 6 8 2 0 5 0 0 0 0 4 0.75 12
8.242105 39 -0.995674 15 1 8 0 0 0 0 6 0 0 6 0.5 11
7.642105 29 -0.2545944 10 3 2 7 0 6 0 0 0 1 4 0.75 11
9.184211 38 -0.5664346 15 7 5 2 0 3 2 0 0 3 3 0.6666667 14
8.394737 28 0.2483717 9 3 0 2 0 7 0 1 0 0 4 1 12
4.626316 27 -1.526118 18 1 2 0 1 0 1 1 0 0 6 0.5 13
3.557895 23 -1.735015 16 2 4 0 0 0 0 0 0 0 4 0.75 13
3.563158 17 -0.9590998 6 6 1 2 0 2 0 0 0 0 5 0.6 12
16.73684 45 1.280019 14 1 0 1 3 0 0 0 11 15 5 0.8 10
7.526316 25 0.2634027 2 4 0 12 0 0 0 1 0 0 8 0.5 7
4.957895 26 -1.255641 15 4 1 1 0 0 1 3 0 0 4 0.75 12
33.07368 77 2.138714 8 5 7 0 0 2 0 6 26 0 5 1 10
12.73684 42 0.303029 1 21 0 5 3 5 0 0 0 5 5 0.8 7
7.557895 32 -0.637859 16 4 0 1 4 3 2 0 1 0 5 0.4 13
7.468421 34 -0.8716892 9 8 7 0 2 0 0 1 0 0 6 0.3333333 11
12.6 46 -0.113196 8 10 10 1 4 5 0 0 0 0 3 0.6666667 13
17.12632 49 0.9649851 12 6 0 2 2 5 0 10 0 0 4 1 10
26.34211 83 0.5152726 14 12 12 5 1 19 0 2 0 0 3 1 11
6.189474 27 -0.7267103 12 3 1 0 2 0 0 4 0 0 4 1 10
7.394737 23 0.5407924 3 5 2 1 2 4 0 0 0 0 5 0.8 8
5.426316 28 -1.219164 13 2 0 0 1 4 0 1 0 0 5 0.8 10
0.7894737 7 -1.972347 4 1 0 0 0 0 0 0 0 0 14 0.1428571 6
9.268421 34 -0.1298772 9 9 3 0 4 3 3 0 0 0 6 0.3333333 13
12.97895 36 1.105671 8 6 0 0 2 0 4 0 10 0 4 0.5 11
7.236842 32 -0.7779381 10 10 6 0 0 4 0 0 0 0 3 0.6666667 13
26.54211 66 1.734392 10 1 2 4 0 0 19 0 0 0 10 0.2 10
6.889474 28 -0.4958041 8 0 10 0 3 0 0 0 0 0 5 0.6 9
11.13684 35 0.5098355 10 0 2 0 8 3 0 0 3 0 5 1 11
7.5 28 -0.1939705 10 3 5 2 0 2 0 1 0 0 5 0.6 12
5.178947 33 -1.747507 15 3 1 0 1 0 0 2 0 0 6 0.5 10
18.17368 52 0.9669675 9 5 3 0 2 17 0 1 1 0 6 0.5 11
8.936842 33 -0.1546509 13 6 1 2 0 0 0 4 0 0 4 0.5 15
17.55789 51 0.8916217 13 6 2 4 1 0 4 1 9 0 4 0.75 14
3.857895 15 -0.3230683 1 6 2 3 0 1 0 0 0 0 5 0.8 7
8.563158 33 -0.3130441 3 6 10 1 0 0 0 1 0 0 5 0.8 10
12.28421 34 1.112983 7 1 4 2 3 5 0 0 9 0 3 1 12
7.010526 34 -1.060396 8 15 6 1 0 0 0 0 0 0 4 0.75 12
24.82105 67 1.27805 8 1 0 1 25 1 6 4 0 0 4 1 11
9.373684 49 -1.29198 28 1 0 4 3 0 0 0 1 5 7 0.4285714 10
3.973684 17 -0.6386313 5 3 7 0 0 0 0 0 1 0 4 0.75 9
10.82105 44 -0.5102468 9 15 8 4 4 1 0 0 0 0 3 0.6666667 13
3.278947 19 -1.466386 7 6 1 1 0 0 0 0 0 0 4 0.75 13
5.568421 32 -1.50589 15 3 1 1 0 0 0 0 2 2 4 1 11
14.87895 47 0.4941812 11 7 2 3 7 0 11 0 0 0 4 1 10
16.50526 52 0.5081803 3 19 1 0 15 0 0 0 0 1 8 0.25 9
18.86842 54 0.9672436 8 6 9 5 0 0 9 0 0 8 3 0.6666667 13
7.221053 26 -0.05696734 6 7 2 1 5 2 0 0 1 0 5 0.4 12
28.57368 71 1.742467 9 6 9 2 0 0 5 0 0 40 3 0.6666667 14
10.94737 60 -1.428993 21 14 1 4 0 0 0 2 0 0 5 0.6 9
9.052632 37 -0.5237453 18 1 2 3 0 9 1 0 0 0 4 0.75 11
11.81579 63 -1.357957 21 24 0 2 0 1 0 1 0 0 4 0.75 12
12.06316 46 -0.2792289 18 8 1 0 1 14 0 2 0 0 3 0.6666667 13
11.95263 46 -0.3134121 22 1 1 1 7 0 1 0 0 0 4 0.75 12
7.357895 39 -1.31572 25 0 7 2 2 0 0 3 0 0 3 1 12
8.173684 41 -1.167655 16 15 0 2 0 0 2 1 1 0 3 0.6666667 14
23.21053 60 1.5089 13 5 2 2 0 0 1 1 14 2 6 0.6666667 9
9.078947 37 -0.5137327 8 6 6 8 0 0 1 0 0 0 4 0.75 12
8.663158 34 -0.3793169 17 2 2 0 2 6 0 0 3 0 4 0.75 15
12.81579 60 -0.9813744 9 23 6 0 0 0 0 0 1 0 3 0.6666667 14
6.121053 23 -0.2146882 6 2 7 2 0 0 0 0 0 0 7 0.4285714 7
8.215789 35 -0.6615108 16 4 0 0 2 4 0 0 0 0 5 0.6 10
4.742105 18 -0.2458479 3 5 0 2 0 0 0 2 0 2 6 1 7
3.310526 14 -0.5896588 5 4 0 3 0 0 0 0 0 0 5 0.8 9
5.436842 22 -0.4722173 7 5 1 2 4 0 1 0 0 0 6 0.5 12
9.673684 33 0.1576739 9 5 3 1 2 6 0 1 0 1 3 1 12
19.3 68 0.02819992 21 3 4 4 22 0 0 0 0 0 3 1 15
5.036842 19 -0.2250382 8 2 0 2 3 0 0 1 0 2 6 0.6666667 8
13.82632 48 0.08806249 6 4 13 12 0 3 0 0 2 0 6 0.3333333 12
1.984211 11 -1.276958 2 8 1 0 0 0 0 0 0 0 13 0.2307692 5
14.66316 45 0.6250609 5 3 19 0 1 0 7 0 0 8 3 1 12
6.242105 26 -0.5754634 15 1 1 1 1 0 0 6 0 0 5 0.6 12
9.742105 35 -0.04945597 4 13 2 1 7 0 0 0 0 0 4 0.75 12
4.589474 22 -0.995765 13 1 1 4 0 0 0 0 2 0 8 0.375 11
7.415789 22 0.7504782 5 1 4 0 3 2 0 2 3 0 6 0.3333333 10
9.894737 35 0.01174951 15 3 1 2 0 3 0 2 0 0 5 0.4 13
5.131579 36 -1.958491 24 2 0 1 0 0 0 0 1 0 7 0.5714286 9
9.673684 35 -0.07689291 11 3 3 0 10 0 0 0 0 0 5 0.4 12
9.031579 32 0.005127264 12 4 0 3 0 8 0 2 0 0 4 1 10
22.32105 61 1.208824 8 5 4 0 3 17 0 3 0 0 5 0.6 11
5.921053 29 -1.078047 18 2 1 2 0 2 0 0 0 0 7 0.4285714 12
