7.547368 26 0.1158647 10 2 0 2 3 0 6 0 0 0 4 0.75 12
15.17368 36 1.96265 3 7 0 0 0 0 0 0 16 0 8 0.375 8
6.247368 23 -0.1397645 8 6 1 0 0 0 0 6 0 0 10 0.2 8
7.452632 32 -0.6837866 10 5 9 2 3 1 0 0 1 0 5 0.8 10
10.69474 38 -0.006050194 14 4 4 5 0 0 0 0 2 9 3 1 11
6.347368 39 -1.681487 19 7 2 2 0 0 0 0 2 0 4 0.75 9
12.47368 44 0.02304721 14 1 4 10 0 6 0 0 0 4 3 1 14
6.578947 24 -0.1060408 10 2 2 0 1 3 1 0 1 0 5 0.6 11
5.463158 26 -0.9880302 17 0 2 1 0 1 3 0 0 0 4 0.75 13
17.11579 56 0.3408357 9 3 17 3 11 1 0 0 0 0 4 0.75 11
8.615789 36 -0.5980113 16 5 1 2 7 0 1 0 0 0 4 0.5 14
3.168421 11 0.07761722 1 1 5 3 0 0 0 0 0 1 8 0.5 6
5.363158 21 -0.3585281 2 8 6 3 0 0 0 0 1 0 4 1 10
7.421053 27 -0.09687397 9 6 1 1 0 1 3 1 0 0 6 0.5 10
13.18947 33 1.647909 7 1 3 0 0 1 0 0 0 21 6 0.5 9
17.87895 57 0.4562238 7 9 2 11 0 1 0 1 0 0 6 0.3333333 10
12.15263 32 1.36688 5 7 0 0 1 0 0 0 9 6 6 0.3333333 11
4.463158 24 -1.312775 11 6 0 2 0 0 0 1 0 0 4 0.75 12
15.45263 43 1.099136 10 3 6 0 0 0 7 1 1 15 3 0.6666667 14
12.18947 38 0.5484766 8 2 7 1 2 11 0 0 0 0 4 0.75 11
9.742105 35 -0.04945597 14 0 1 1 11 0 0 0 0 0 5 0.6 12
7.542105 27 -0.03496698 5 6 7 2 0 0 3 0 0 0 4 0.75 10
7.8 26 0.2496701 5 7 0 1 6 0 1 0 0 0 6 0.6666667 9
8.326316 26 0.5284315 7 3 4 1 0 0 3 0 0 8 9 0.2222222 10
6.105263 31 -1.18342 2 18 1 0 0 0 0 0 1 0 5 1 9
13.83684 36 1.440653 7 1 5 0 1 0 0 13 6 0 4 0.75 10
5.568421 28 -1.148909 9 10 1 2 0 1 0 0 0 0 4 0.75 12
20.65789 50 1.874376 8 2 2 2 3 0 0 7 13 0 6 0.5 13
7.878947 30 -0.267523 12 2 7 0 2 0 0 1 1 0 3 0.6666667 14
17.57895 51 0.8975198 10 5 1 2 0 14 1 1 0 0 5 0.4 13
9.563158 26 1.183521 6 3 0 1 0 0 1 9 0 0 6 0.5 11
10.91579 44 -0.4796758 11 7 6 9 0 0 0 0 0 0 5 0.6 13
33.46842 84 1.692156 7 2 2 8 0 28 0 0 0 5 4 0.75 11
6.221053 34 -1.385752 18 6 6 0 0 1 0 0 2 0 3 1 13
4.942105 24 -1.039609 13 2 2 0 0 0 0 0 2 0 4 0.75 12
12.86842 39 0.6788521 1 5 2 14 0 0 0 5 0 0 3 1 9
23.86842 65 1.229897 6 12 7 8 0 5 0 0 0 27 4 0.75 12
7.484211 27 -0.06457467 5 10 1 4 0 1 0 4 0 0 4 1 11
21.25789 64 0.7243607 12 8 7 4 8 0 13 7 0 0 3 1 14
13.86316 49 0.01500647 10 7 11 5 6 7 1 0 0 0 3 1 12
9.1 29 0.4429483 12 0 0 0 2 2 8 0 0 0 7 0.5714286 8
12.85263 38 0.794499 9 2 3 0 0 12 2 0 0 1 4 0.75 11
3.936842 27 -1.878719 21 0 3 1 0 0 0 1 0 0 4 1 11
5.610526 23 -0.5175048 6 4 8 1 0 2 0 0 0 0 4 0.75 11
12.04211 49 -0.5151429 12 17 0 1 4 6 0 0 0 4 5 0.8 11
5.426316 21 -0.3178093 10 0 4 0 0 0 5 0 0 0 6 0.6666667 10
15.21579 50 0.3204596 7 5 2 16 2 1 0 0 2 0 4 0.75 12
3.647368 24 -1.778058 11 6 0 3 0 0 0 0 0 0 7 0.5714286 9
10.03684 31 0.5838603 4 6 8 0 0 0 7 0 0 0 7 0.4285714 8
6.1 21 0.1165244 3 9 2 0 0 1 0 2 0 4 6 0.8333333 8
3.747368 24 -1.721023 13 3 2 0 1 0 0 0 0 0 9 0.3333333 8
3.852632 22 -1.451024 12 2 2 0 0 0 3 0 0 0 7 0.7142857 8
10.58947 36 0.1726532 12 2 7 2 0 4 0 0 1 0 3 0.6666667 15
8.352632 25 0.7172494 6 2 4 1 2 0 1 2 0 7 4 0.75 10
13.15263 39 0.781724 4 7 1 8 0 11 0 1 0 0 5 0.6 10
8.531579 28 0.316024 7 4 5 0 1 3 0 0 0 0 7 0.4285714 10
8.452632 27 0.4306813 4 3 5 0 3 0 0 0 0 0 4 0.75 11
10.68421 42 -0.3893835 11 2 10 7 0 3 1 0 0 0 4 0.5 14
20.13158 61 0.6925989 5 3 0 28 5 0 0 0 1 0 7 0.7142857 9
5.663158 20 0.01736685 9 0 1 0 3 0 2 0 4 0 7 0.4285714 8
2.563158 12 -0.8694789 4 3 3 0 2 0 0 0 0 0 7 0.4285714 9
4.910526 15 0.5956739 2 4 0 2 0 2 3 0 0 0 4 1 10
14.04211 44 0.529167 13 2 6 1 1 1 10 0 0 0 4 0.75 12
4.557895 21 -0.8776926 10 2 2 5 0 0 0 0 0 0 4 0.5 12
9.173684 30 0.3326282 10 3 1 2 2 0 9 0 0 0 5 0.4 12
8.673684 38 -0.7558328 9 6 11 0 0 0 0 0 0 0 5 0.4 12
21.68421 63 0.8973277 13 10 1 1 4 3 13 5 0 0 3 1 13
19.74211 45 2.22921 4 1 6 0 0 0 0 11 7 0 7 0.4285714 8
8.189474 39 -1.014724 22 5 0 0 2 0 2 0 0 0 2 1 15
8.173684 28 0.1390871 4 8 3 4 4 1 0 0 4 0 4 0.75 11
13.20526 56 -0.6604834 12 19 10 0 2 0 4 1 0 0 3 0.6666667 13
15.81579 50 0.4917811 16 3 4 1 1 11 0 0 0 0 3 0.6666667 16
23.33684 65 1.112031 14 6 1 7 0 7 3 16 0 0 6 0.8333333 9
6.273684 29 -0.9093277 10 7 3 0 2 0 0 0 0 0 4 0.5 13
4.573684 23 -1.132504 12 2 3 5 0 0 0 1 0 0 4 0.5 14
19.83158 48 1.871218 10 1 0 0 0 0 2 16 0 0 7 0.7142857 10
9.947368 33 0.2736802 6 3 7 2 9 0 1 0 0 0 4 1 11
10.87368 43 -0.4112258 13 8 2 7 4 0 0 0 0 0 4 0.75 13
13.45263 45 0.2427249 9 3 7 18 0 0 0 2 0 0 3 1 12
3.805263 21 -1.362925 8 5 0 1 0 0 0 0 0 0 10 0.2 8
8.584211 35 -0.5137734 14 4 6 0 5 0 0 0 0 0 3 1 14
15.54211 47 0.695104 7 9 2 0 6 11 0 0 0 0 3 0.6666667 13
7.178947 24 0.2361674 5 3 0 8 0 1 3 0 0 1 5 0.6 11
5.389474 23 -0.6486213 4 3 9 0 0 0 0 0 0 0 8 0.375 8
6.6 21 0.4388815 5 2 1 0 3 0 1 1 1 0 5 1 8
9.810526 27 1.125116 4 1 3 0 10 0 3 4 0 0 5 0.8 8
10.48421 34 0.3711713 5 5 3 1 14 0 0 0 0 0 4 1 11
3.552632 15 -0.5895035 6 3 0 2 3 0 0 0 0 1 5 0.8 9
10.25789 36 0.04318158 8 3 11 4 0 0 2 0 2 0 6 0.5 12
13.02632 60 -0.9309385 15 20 3 4 0 1 2 0 0 0 4 0.75 12
7.721053 32 -0.5666712 10 7 6 4 1 0 1 0 2 0 3 1 14
12.63684 42 0.2692961 7 3 2 10 3 0 0 0 0 0 5 0.6 10
7.663158 39 -1.205228 17 11 0 4 0 0 0 0 0 0 7 0.2857143 12
5.410526 21 -0.327989 4 4 6 3 0 0 0 0 0 0 4 0.75 10
9.547368 49 -1.241417 6 17 0 1 0 0 0 0 0 0 5 0.6 11
5.121053 29 -1.460814 11 12 3 2 0 0 0 0 0 0 3 0.6666667 16
17.13684 54 0.5080589 12 4 1 10 15 0 0 0 0 0 3 0.6666667 15
7.826316 28 -0.03264573 9 1 2 7 0 0 0 0 1 3 4 0.75 10
13.70526 47 0.1385799 8 3 5 13 3 2 0 0 0 0 6 0.6666667 11
5.221053 30 -1.499541 12 13 0 2 0 0 0 0 0 0 4 0.75 14
