8.289474 31 -0.2015978 7 6 2 6 3 0 0 0 0 0 3 0.6666667 14
7.278947 20 1.106459 3 0 7 0 0 0 0 7 3 0 8 0.625 5
5.305263 31 -1.543028 19 1 0 0 1 2 0 0 0 0 6 0.8333333 8
11.75263 35 0.756768 10 3 3 0 2 0 0 12 0 0 7 0.4285714 10
6.684211 29 -0.7129077 7 10 7 2 0 0 0 1 0 1 5 0.6 11
10.32632 32 0.5700366 8 4 0 7 1 2 0 5 0 0 3 0.6666667 12
7.563158 40 -1.311529 25 1 7 2 0 2 0 0 2 0 3 1 14
9.936842 38 -0.2872187 8 7 6 9 5 0 0 0 1 0 5 0.8 12
8.742105 29 0.2717104 8 0 6 6 1 0 6 0 2 0 5 0.8 10
8.368421 30 -0.04063655 5 10 1 5 4 0 0 0 0 1 4 0.75 10
7.015789 24 0.1431108 9 1 2 4 0 0 0 4 0 0 4 0.75 11
12.03684 49 -0.5166751 11 14 4 5 0 0 0 3 1 0 5 0.4 12
12.82632 40 0.5482443 7 6 2 0 17 0 0 3 0 0 4 1 11
11.84737 40 0.2023265 5 14 1 1 3 0 0 8 0 4 8 0.375 10
14.70526 57 -0.3426764 6 18 0 1 13 3 1 0 0 0 5 0.4 11
4.7 14 0.6992858 3 1 0 5 0 0 0 5 0 0 4 0.75 9
6.368421 27 -0.6351956 13 4 3 0 0 1 1 0 0 4 4 0.75 12
10.69474 47 -0.7735456 18 2 16 1 0 4 0 0 0 0 5 0.6 12
6.447368 29 -0.8262269 16 4 1 1 0 0 2 3 0 0 3 0.6666667 14
9.273684 34 -0.1277081 15 1 1 1 2 9 0 0 0 0 5 0.4 15
10.33684 36 0.07400815 8 7 7 0 6 0 3 0 0 0 7 0.5714286 9
5.689474 23 -0.4706775 10 3 0 5 0 0 3 0 0 0 4 0.75 14
16.18421 42 1.465927 2 8 3 2 8 2 0 0 0 17 4 0.5 10
15.04211 46 0.6420908 13 5 1 0 0 13 0 0 0 1 4 0.75 12
7.926316 25 0.4830992 9 1 0 1 2 1 5 0 0 0 6 0.5 10
18.63684 52 1.094328 13 3 0 4 0 0 18 0 0 2 5 0.4 12
12.28947 39 0.4692982 10 5 2 0 3 11 0 0 0 0 4 0.75 13
6.763158 25 -0.1557552 7 5 5 1 0 0 5 0 0 0 3 1 11
11.93684 37 0.5736346 5 4 11 4 2 0 0 9 2 0 3 0.6666667 13
7.452632 22 0.7732411 4 0 3 4 0 7 1 0 0 0 6 0.6666667 9
1.742105 11 -1.553893 7 2 1 0 0 0 0 0 0 0 10 0.4 7
15.67368 46 0.8374236 13 3 4 2 4 0 1 0 0 19 4 0.75 12
22.7 66 0.8949966 6 2 20 13 0 0 10 0 0 0 7 0.5714286 9
8.984211 28 0.5397971 5 8 0 1 0 7 0 5 0 0 8 0.25 10
10.28421 30 0.847392 8 2 2 2 4 0 0 0 0 12 4 0.75 12
10.41579 65 -1.752915 34 2 1 0 0 6 0 0 0 0 8 0.25 11
9.084211 31 0.1556437 8 6 2 2 0 0 0 5 5 0 4 0.5 12
6.889474 31 -0.8309106 7 13 0 2 1 0 0 0 0 0 5 0.8 10
10.43158 47 -0.8532768 16 11 0 6 1 0 1 0 0 0 5 0.4 14
6.489474 22 0.1781527 4 6 0 2 7 0 0 0 0 0 5 0.4 11
6.310526 23 -0.1023027 10 1 1 0 1 5 0 0 0 0 5 0.4 13
4.810526 19 -0.3848524 5 6 1 0 0 1 0 0 4 0 6 0.8333333 9
12.06316 37 0.621695 9 5 3 0 2 0 10 0 0 0 5 0.6 12
8.821053 32 -0.08672791 6 9 2 2 0 5 0 0 0 0 3 0.6666667 14
12.82632 45 0.04490756 7 5 2 15 0 0 0 0 0 0 4 0.75 11
3.326316 15 -0.7870331 6 1 5 2 0 0 0 0 1 0 6 0.5 10
20.62632 67 0.3748705 10 1 2 24 4 0 1 0 0 0 3 1 12
8.236842 33 -0.4513594 11 8 0 6 4 1 0 0 0 3 4 0.75 13
12.02632 36 0.733697 11 1 4 0 0 0 9 0 0 0 4 0.75 12
11.52632 60 -1.290295 16 31 0 3 0 1 1 0 0 0 3 1 12
3.189474 14 -0.7019532 5 4 0 2 0 1 1 0 0 0 4 0.5 11
13.02632 44 0.201378 9 5 9 0 11 2 0 0 3 0 3 1 14
6.515789 23 0.01944831 4 3 7 4 0 2 3 0 0 0 6 0.5 9
16.3 72 -0.8020842 13 24 10 0 0 7 0 2 0 0 3 1 14
11.34211 83 -2.107489 46 5 2 1 2 0 2 0 0 0 5 0.6 13
4.405263 23 -1.232402 13 4 1 2 0 2 0 0 1 0 8 0.375 10
5.352632 16 0.6945077 6 0 0 0 0 1 5 0 0 0 11 0.5454545 5
8.505263 26 0.6232103 8 1 1 3 1 4 0 6 1 0 4 1 10
5.347368 27 -1.157368 14 2 2 8 0 0 0 0 0 0 4 1 11
11.67368 38 0.3571258 7 7 2 0 14 2 0 3 0 0 4 0.75 11
9.047368 34 -0.2209769 9 6 5 7 1 0 5 0 1 0 3 1 12
16.27368 46 1.02299 11 5 2 1 1 2 2 8 0 0 3 0.6666667 15
5.952632 28 -0.9589624 10 7 2 6 0 0 0 0 0 0 4 0.75 12
14.48421 63 -0.7481283 17 5 19 0 3 1 1 0 0 0 3 0.6666667 15
4.9 22 -0.8039059 10 2 6 0 1 0 0 2 0 0 5 0.4 14
17.24211 47 1.210168 8 1 0 1 13 7 0 2 6 0 6 0.6666667 9
11.02105 36 0.3411718 11 4 1 1 0 10 0 0 0 0 7 0.5714286 11
3.847368 21 -1.335779 14 2 0 0 3 2 0 0 0 0 5 0.8 12
8.910526 36 -0.4829254 10 11 1 3 0 3 0 3 0 0 7 0.2857143 13
7.389474 28 -0.2486128 8 4 8 0 3 0 1 2 0 0 4 0.75 12
16.56842 49 0.8025694 6 3 15 0 0 0 1 6 12 0 5 0.8 11
18.22632 64 0.04201353 16 7 16 3 0 0 11 1 2 4 3 1 12
7.252632 51 -1.995501 17 5 1 2 0 2 0 0 0 0 5 0.4 12
11.88421 49 -0.5611096 14 3 18 0 1 4 0 0 0 0 4 0.5 15
10.46316 39 -0.1917491 2 8 17 0 1 2 0 1 0 0 5 0.6 10
17.95263 49 1.205544 7 0 6 15 0 0 2 10 2 0 6 0.5 9
4.678947 20 -0.6460215 9 1 2 5 0 0 0 1 0 1 5 0.8 9
6.226316 27 -0.7078691 9 7 4 4 0 0 0 0 0 3 5 0.4 12
5.342105 24 -0.8114699 5 10 0 5 0 0 0 0 0 0 8 0.25 11
9.147368 34 -0.1797651 13 6 0 0 0 5 0 1 5 0 6 0.8333333 11
8.736842 33 -0.2394247 10 4 2 9 0 5 0 0 0 1 4 0.75 13
10.30526 34 0.2974239 8 2 10 4 0 2 0 0 0 8 4 0.75 13
13.15789 40 0.6654101 7 6 5 1 5 1 10 0 1 0 5 0.6 11
11.65263 44 -0.2419014 8 3 12 0 0 0 1 3 2 0 4 0.75 12
11.38947 37 0.3653727 6 7 2 1 12 0 2 0 0 1 4 1 9
5.984211 23 -0.2958556 6 5 6 1 0 0 3 0 0 2 6 0.5 10
11.47368 55 -1.049754 8 28 1 2 0 0 1 0 2 0 4 0.75 13
4.510526 21 -0.9082317 5 8 1 0 0 1 0 0 0 0 9 0.2222222 9
14.86842 47 0.490992 5 15 5 0 1 13 0 2 0 0 6 0.5 10
16.07368 47 0.8561611 6 2 1 3 14 0 0 0 0 0 7 0.2857143 11
18.66316 65 0.0757493 12 4 2 28 0 0 0 0 0 0 2 1 17
10.77368 44 -0.5255323 10 16 2 3 1 5 0 0 0 0 3 0.6666667 13
5.152632 24 -0.9195356 4 11 6 0 0 0 0 0 0 0 12 0.1666667 8
7.568421 35 -0.9211065 14 7 6 2 2 4 0 0 0 0 6 0.3333333 13
12.71053 42 0.2941519 10 1 2 8 7 0 0 0 0 0 4 0.75 12
24.83684 79 0.4713599 7 9 1 28 2 0 3 0 4 0 5 0.6 11
15.05789 51 0.1912217 18 1 3 2 9 9 0 0 1 0 5 1 12
6.678947 26 -0.3440915 10 2 3 5 2 0 0 4 0 0 3 0.6666667 14
6.694737 26 -0.3357287 12 3 2 1 0 0 2 0 3 2 2 1 14
17.88947 47 1.406307 6 3 6 2 0 0 14 1 0 0 4 0.75 11
