5.005263 21 -0.5892679 8 3 3 0 2 0 3 0 0 0 4 1 10
6.173684 27 -0.7347852 13 2 4 2 2 0 3 0 0 0 3 1 13
34.10526 74 2.590001 4 5 2 4 0 1 2 0 0 56 3 1 11
8.952632 41 -0.8987961 11 7 0 8 0 0 0 1 0 2 4 0.75 12
8.431579 31 -0.1377202 13 2 4 0 0 4 3 0 0 0 4 0.75 11
1.726316 10 -1.355228 5 1 1 0 0 0 0 0 0 0 10 0.3 6
11.31579 40 0.0144894 8 2 10 11 1 0 2 0 0 1 5 0.6 12
7.326316 36 -1.101512 19 2 2 1 1 0 6 0 0 0 3 1 11
7.047368 28 -0.4177437 9 8 2 3 0 0 1 0 3 0 3 0.6666667 13
11.75263 33 1.038876 7 4 3 0 3 0 0 2 7 0 7 0.5714286 10
5.984211 25 -0.5835852 9 4 0 4 0 0 2 0 0 0 4 0.5 14
5.763158 17 0.7582824 2 2 0 2 4 0 2 0 0 0 7 0.4285714 8
11.65789 46 -0.4045674 15 5 2 9 0 0 0 0 1 0 3 1 13
6.821053 25 -0.123957 6 3 7 2 3 0 1 0 0 0 4 0.75 10
12.17368 47 -0.325456 3 15 5 5 3 2 1 0 0 0 5 0.8 9
5.836842 26 -0.7901096 8 8 1 1 4 0 0 0 0 0 4 1 11
10.07895 65 -1.827602 31 16 3 0 2 0 2 0 0 0 5 0.6 13
9.747368 37 -0.2594129 15 4 4 2 1 0 8 0 0 0 3 1 14
10.45263 41 -0.3810609 17 7 3 2 0 1 2 1 0 0 3 0.6666667 17
3.505263 16 -0.8279611 4 5 5 1 0 0 1 0 0 0 4 0.75 12
17.5 78 -0.833283 5 35 5 0 1 1 2 0 0 0 4 0.75 11
18.38947 46 1.677355 6 4 1 0 0 0 24 0 0 0 4 1 11
13.17895 40 0.6728492 11 0 4 0 1 14 0 0 0 0 5 0.6 10
9.663158 29 0.7123962 7 1 7 0 0 0 9 0 0 4 4 1 10
4.005263 33 -2.244996 22 1 0 1 0 0 1 0 0 0 7 0.2857143 11
16.69474 45 1.26672 7 2 9 3 0 0 0 11 4 0 5 0.8 10
9.247368 37 -0.4496522 17 6 1 0 1 0 8 0 0 0 6 0.5 12
17.05789 51 0.7515417 9 11 6 1 0 0 0 10 0 0 6 0.5 12
12.48947 35 1.052243 7 4 3 3 0 3 0 0 1 14 6 0.3333333 11
25.22632 72 0.9902443 6 8 2 0 28 1 0 0 0 0 5 0.6 11
8.321053 33 -0.4156651 10 5 0 12 2 0 0 0 0 1 4 1 10
9.378947 32 0.1566883 8 2 7 6 1 1 0 0 6 0 4 0.75 12
4.126316 21 -1.155938 12 2 3 1 0 1 0 0 0 0 3 1 14
14.89474 44 0.8043059 10 5 3 0 1 14 0 5 0 0 3 0.6666667 13
3.378947 15 -0.741096 7 3 0 1 2 0 1 0 0 0 4 0.5 12
1.726316 13 -1.918467 10 1 2 0 0 0 0 0 0 0 9 0.3333333 9
8.331579 37 -0.7980903 9 14 6 2 3 0 0 0 1 0 2 1 17
8.773684 26 0.7653786 5 4 0 3 4 2 0 6 0 0 5 0.8 11
5.568421 30 -1.338524 12 3 1 4 0 1 0 0 2 0 4 0.75 12
10.05263 34 0.1933099 11 5 5 0 0 1 2 0 0 10 3 0.6666667 15
8.231579 33 -0.4535903 10 4 9 0 9 0 0 0 0 0 3 1 13
7.726316 31 -0.4547424 9 3 4 2 4 0 0 0 0 2 4 0.5 12
16.67368 56 0.2276314 10 10 3 12 2 2 3 0 6 0 4 0.75 13
2.463158 11 -0.7291075 6 1 1 0 1 0 0 2 0 0 5 0.8 9
10.77368 34 0.4904686 9 3 3 4 1 0 7 2 0 0 5 0.8 10
15.07895 42 1.093089 7 4 3 5 3 0 6 8 0 0 3 1 11
5.3 20 -0.2274128 8 1 0 3 3 3 0 0 0 0 4 1 12
5.431579 19 0.05370763 8 1 0 4 0 0 0 2 2 0 7 0.5714286 8
4.505263 18 -0.4214701 7 3 2 1 1 0 2 2 0 0 4 0.5 13
6.889474 29 -0.6146977 8 12 1 2 0 0 5 0 0 0 4 0.75 10
19.69474 54 1.186368 4 4 16 2 2 4 12 0 0 10 5 0.6 12
3.631579 17 -0.9056884 8 2 4 1 0 0 0 0 2 0 5 0.6 12
10.03684 31 0.5838603 11 4 0 0 0 0 0 6 2 3 5 0.8 11
6.589474 19 0.871362 6 1 1 0 1 1 0 0 3 1 6 0.3333333 11
10.45263 38 -0.09586791 3 15 1 10 3 0 2 0 1 0 2 1 12
17.41579 55 0.4984029 6 6 0 18 7 4 0 0 0 0 3 1 14
38.61053 88 2.280103 7 10 3 0 0 0 0 14 33 0 4 0.75 11
5.815789 26 -0.8012601 10 3 6 3 3 1 0 0 0 0 4 0.75 13
9.831579 47 -1.035064 17 10 1 0 5 0 0 0 0 0 5 0.4 14
15.26316 61 -0.4552566 10 1 27 3 0 0 1 1 0 0 4 0.75 14
5.505263 22 -0.4299432 4 6 0 4 0 2 2 0 0 0 7 0.5714286 7
5.952632 23 -0.3145865 8 6 0 0 4 0 1 0 0 0 5 0.4 13
6.963158 34 -1.079917 8 13 4 0 0 0 1 0 0 0 3 0.6666667 15
3.610526 18 -1.084932 6 6 3 2 1 0 0 0 0 0 4 0.75 10
7.373684 30 -0.5017283 8 6 8 0 4 0 0 0 0 1 3 1 13
5.326316 35 -1.820194 22 1 0 3 0 0 0 0 0 0 9 0.2222222 10
16.95789 53 0.5450649 5 7 1 18 0 6 0 0 0 4 3 1 12
5.736842 31 -1.349029 7 12 1 0 2 0 0 0 0 0 5 0.8 10
5.357895 23 -0.6673522 7 8 4 0 0 0 0 1 0 0 4 0.75 12
12.82105 48 -0.2104325 11 4 12 4 2 0 3 4 0 0 4 1 12
5.010526 19 -0.2436212 10 1 1 0 1 0 0 0 0 6 5 0.8 11
13.19474 44 0.2557264 6 4 7 16 0 3 0 1 0 2 3 1 12
8.426316 29 0.1206181 5 7 5 0 6 3 0 0 3 0 5 1 8
5.994737 19 0.451385 7 1 2 0 0 0 1 3 3 0 7 0.7142857 9
18.72105 63 0.2201408 21 4 7 0 1 15 0 0 0 3 7 0.4285714 12
10.28421 38 -0.1583498 16 0 6 0 4 9 0 3 0 0 4 1 11
10.18947 27 1.318912 3 3 1 4 5 0 0 0 2 0 3 1 11
9.668421 38 -0.3867992 11 10 4 0 5 1 4 0 0 0 3 0.6666667 14
5.831579 28 -1.018809 19 2 0 0 0 0 0 4 0 0 8 0.375 11
5.668421 33 -1.540034 12 10 3 0 0 1 0 0 0 0 4 0.75 12
3.468421 15 -0.6630029 5 5 2 0 0 0 2 0 0 1 6 0.3333333 11
15.00526 41 1.190311 6 3 1 2 0 17 2 0 0 0 6 0.5 10
5.610526 27 -1.022787 15 4 3 0 0 1 0 0 0 4 4 0.5 14
5.905263 25 -0.6269464 11 4 2 1 0 4 0 0 0 0 4 0.75 12
5.315789 47 -2.403252 27 2 1 0 0 0 0 0 0 0 10 0.1 11
4.773684 23 -1.013874 10 7 1 1 2 0 0 0 0 2 3 1 14
2.968421 16 -1.270388 4 4 0 2 0 0 0 0 0 0 8 0.375 8
9.705263 33 0.1710592 12 2 2 0 0 4 0 0 0 0 8 0.375 11
7.547368 31 -0.5351809 11 5 1 0 0 4 0 4 0 0 4 0.5 13
7.336842 31 -0.6298144 11 6 0 11 1 0 0 0 1 0 4 0.75 11
4.510526 19 -0.5966993 9 3 0 0 4 0 2 1 0 0 5 0.8 9
13.38947 48 -0.04164999 16 7 2 3 0 8 0 0 0 0 5 0.6 12
9.536842 35 -0.1317668 11 5 8 1 1 1 0 0 5 0 3 1 14
7.294737 22 0.6756856 5 1 3 3 0 0 5 0 0 0 4 0.75 11
12.81053 38 0.7788785 7 4 4 4 2 0 8 0 0 0 3 0.6666667 12
9.231579 33 -0.02972097 8 4 5 6 5 3 0 0 0 0 4 0.75 13
2.357895 9 -0.2425609 4 0 1 0 3 0 0 1 0 0 7 0.8571429 7
6.7 26 -0.3329411 5 11 2 0 4 0 0 0 0 2 6 0.5 11
15.07368 44 0.8620512 8 6 5 6 1 0 0 0 6 0 5 0.6 10
21.33158 57 1.325342 7 10 3 0 1 0 15 0 0 0 4 0.75 12
