15.53158 45 0.8993454 10 5 5 1 2 0 0 15 0 0 4 0.5 13
5.452632 24 -0.7484316 12 5 0 1 0 2 0 0 1 0 6 0.3333333 11
11.83684 35 0.7905365 6 2 0 13 1 9 0 0 0 4 4 1 9
13.73684 68 -1.15254 15 22 10 2 0 0 1 0 0 0 2 1 18
9.005263 32 -0.006354633 10 2 0 0 9 1 0 0 0 0 5 1 10
22.63684 62 1.197847 7 17 0 5 0 3 0 4 0 26 9 0.2222222 11
10.16842 30 0.79372 11 0 0 1 3 3 0 2 5 0 4 1 11
11.67368 47 -0.4769454 23 2 6 1 3 2 3 0 0 4 3 1 14
3.584211 21 -1.505441 13 4 1 1 0 0 1 0 0 0 3 1 12
6.442105 25 -0.3320905 5 8 5 1 0 1 0 3 1 0 3 1 13
12.04211 33 1.161575 1 4 7 1 0 12 0 2 0 0 6 0.5 9
13.54737 48 0.00523404 13 10 6 0 5 4 2 6 0 0 3 0.6666667 14
3.521053 16 -0.8149486 9 0 4 0 0 0 0 1 2 0 6 0.3333333 12
5.605263 31 -1.408175 12 3 1 3 2 1 0 0 0 1 4 0.75 12
3.668421 15 -0.4884419 6 4 1 0 0 0 0 3 0 1 4 1 12
12.99474 51 -0.3867926 15 11 7 3 5 3 0 1 0 0 3 1 13
15.02632 42 1.075335 9 3 1 6 0 0 14 0 6 0 3 1 12
12.14737 61 -1.189884 7 25 7 0 0 1 0 0 0 0 3 0.6666667 14
9.326316 26 1.058078 7 1 0 0 0 5 13 0 0 0 7 0.5714286 10
7.989474 41 -1.231237 18 5 1 4 1 2 2 0 0 0 3 1 14
3.368421 18 -1.264457 10 3 0 3 2 0 0 0 0 0 4 1 11
14.35263 58 -0.4940411 6 25 0 0 9 0 3 1 0 0 5 1 8
11.86316 44 -0.1739659 13 4 4 6 7 0 0 0 0 0 3 1 13
6.368421 34 -1.325019 6 15 0 1 0 0 0 1 0 0 8 0.375 9
6.905263 30 -0.7188562 11 6 7 0 0 2 2 1 0 0 6 0.5 11
6.268421 25 -0.4274851 7 5 4 2 2 0 0 1 0 0 4 0.75 14
15.41053 43 1.085247 8 7 3 2 1 2 0 0 0 20 5 0.8 10
8.752632 33 -0.2327321 12 2 9 1 1 0 3 1 3 0 2 1 15
10.53158 36 0.1500471 14 1 0 7 1 1 5 0 0 0 5 0.8 11
13.97368 39 1.07891 11 2 2 1 0 0 0 9 0 0 6 0.5 12
6.436842 27 -0.6002047 8 10 3 0 1 0 0 3 0 0 6 0.3333333 12
16.78947 55 0.3352226 8 3 1 21 4 0 0 0 0 2 3 1 11
6.126316 28 -0.8730959 8 8 4 1 0 2 0 0 0 0 4 1 12
11.55263 49 -0.6576397 23 3 10 0 4 3 0 2 1 0 3 0.6666667 14
12.25789 39 0.457868 12 3 0 0 10 8 1 0 4 0 5 0.6 13
4.3 21 -1.043961 12 3 0 3 0 0 1 0 0 0 4 0.75 12
14.90526 83 -1.484468 21 26 0 0 0 2 0 0 0 0 3 1 15
5.447368 19 0.06485747 6 2 2 0 1 3 0 0 0 0 5 0.6 11
7.421053 36 -1.06452 19 1 8 0 0 0 0 0 0 2 6 0.5 12
8.173684 25 0.6189641 9 1 2 1 0 0 1 0 5 0 6 0.6666667 9
3.084211 16 -1.174963 4 9 1 0 0 0 0 0 0 0 6 0.5 9
9.194737 31 0.2053263 7 2 9 0 0 4 0 0 0 0 8 0.375 10
12.25263 56 -0.9044117 25 8 2 0 4 8 0 0 0 0 5 0.6 11
4.310526 17 -0.3756829 4 3 5 1 3 0 1 0 0 0 4 0.75 12
15.26316 44 0.9231931 4 10 3 6 0 0 8 0 2 0 3 0.6666667 13
8.426316 36 -0.6719951 14 7 5 0 3 1 0 0 1 0 2 1 15
9.031579 30 0.266758 5 5 2 1 6 0 0 0 0 0 5 0.6 10
10.53158 34 0.3906927 7 3 7 2 0 6 0 0 0 0 5 0.8 11
12.02632 60 -1.170509 12 25 1 0 2 0 0 0 2 0 5 0.6 13
18.94737 49 1.495135 4 4 4 3 16 1 0 0 0 17 4 0.75 10
11.78947 36 0.6412172 10 2 2 1 0 13 0 4 0 0 4 0.75 11
8.547368 33 -0.3197368 14 4 1 1 4 4 2 0 1 0 5 0.6 12
4.842105 20 -0.536048 4 10 0 2 1 0 2 0 1 0 5 0.8 9
15.22632 48 0.5037676 17 1 1 1 7 6 10 0 0 0 4 0.75 12
14.86316 50 0.2197706 6 6 13 3 3 0 5 0 0 5 4 1 12
7.868421 30 -0.2724022 10 7 3 0 0 2 0 0 3 0 3 0.6666667 14
15.13684 38 1.64191 5 2 2 0 3 0 9 0 0 0 8 0.5 7
3.521053 17 -0.9919683 8 1 5 0 1 0 0 0 0 1 4 0.75 10
19.46842 59 0.6910522 7 11 1 0 21 1 0 1 0 1 5 0.6 11
8.594737 27 0.5033547 7 1 2 0 7 4 0 2 0 0 7 0.5714286 7
6.342105 20 0.4749984 6 2 3 0 0 1 2 0 0 6 5 0.6 12
14.73684 44 0.7533543 7 4 12 4 0 0 5 0 0 12 4 0.75 9
12.25789 38 0.5738598 10 5 0 6 2 4 0 0 11 0 3 0.6666667 14
6.478947 29 -0.8111177 15 3 0 5 2 2 0 0 0 2 7 0.2857143 12
16.81053 55 0.3407076 14 3 15 1 1 0 7 1 0 0 3 0.6666667 15
7.136842 28 -0.3735094 11 3 0 1 7 0 0 0 0 0 4 0.75 11
6.057895 27 -0.7940005 13 4 0 0 4 2 3 0 0 0 3 0.6666667 14
15.23684 48 0.5068932 5 13 6 5 2 1 7 0 0 0 4 0.5 12
9.215789 34 -0.1515676 11 6 5 3 0 0 0 4 5 0 3 1 13
6.194737 34 -1.396597 18 3 10 0 0 0 0 0 1 0 3 0.6666667 14
15.95789 51 0.4433657 17 2 4 0 5 13 3 0 7 0 5 0.8 10
5.857895 27 -0.8962817 9 5 6 0 0 3 0 0 0 0 4 0.5 13
25.07895 75 0.7601065 13 3 1 0 26 0 0 0 0 0 7 0.2857143 11
11.53158 30 1.425586 0 5 2 0 11 0 1 8 0 0 5 0.6 7
4.215789 18 -0.6361195 6 3 4 3 0 1 0 0 0 0 6 0.5 10
11.07368 39 0.02923501 5 11 1 15 0 0 2 0 0 1 4 1 9
3.321053 16 -0.9797743 7 4 1 0 0 2 0 0 0 0 4 0.75 11
21.96316 68 0.5934358 11 3 12 17 0 8 0 0 0 11 4 1 10
11.45789 49 -0.6852197 25 0 2 12 0 0 0 1 0 0 8 0.5 9
19.53684 44 2.302285 4 1 0 0 0 12 0 19 0 0 8 0.625 7
11.91579 34 0.9611505 10 2 1 3 1 0 0 0 9 1 3 1 12
5.631579 18 0.4137109 6 1 0 1 0 7 0 0 0 1 5 0.8 8
12.96316 46 -0.0008796606 13 3 0 12 3 0 1 4 0 0 4 0.75 13
10.27895 42 -0.5260905 15 2 11 0 0 2 0 0 0 7 7 0.2857143 11
12.04737 41 0.1693734 11 2 0 10 4 2 0 0 0 0 4 1 10
12.53158 35 1.069127 4 1 3 0 21 0 1 0 0 3 6 0.6666667 9
3.468421 22 -1.688409 14 1 0 0 4 0 0 0 0 0 5 0.8 12
6.926316 23 0.2629503 6 3 1 0 7 4 2 0 0 0 5 0.6 11
8.515789 31 -0.09986677 12 1 0 4 8 0 0 0 0 0 4 1 11
12.79474 38 0.7730208 10 5 1 3 1 1 3 0 10 0 6 0.5 10
18.51053 46 1.714793 9 2 0 1 4 4 0 0 17 0 6 0.8333333 10
17.19474 60 0.06769313 27 2 0 2 4 10 0 0 0 1 5 0.8 10
11.42105 35 0.6238044 6 4 9 1 4 0 0 0 10 0 5 0.6 12
3.047368 19 -1.629917 11 2 0 0 2 0 1 0 0 0 5 1 8
24.17368 59 1.836737 9 2 4 6 0 0 0 0 16 0 4 0.75 11
22.19474 56 1.641338 10 2 1 7 0 0 0 15 0 0 3 1 13
6.473684 24 -0.1660773 8 2 3 3 0 3 2 0 1 0 7 0.7142857 8
15.34737 41 1.308391 6 1 2 2 0 12 0 0 0 1 6 0.6666667 8
3.531579 15 -0.6078784 8 1 0 0 4 1 0 0 0 0 5 0.8 10
3.394737 15 -0.7273149 8 1 0 3 1 0 1 0 1 0 4 0.75 13
