-514367343
-1087094353
-1458089282
-1072384186
-1813146760
1614397684
-1271431428
-1285109151
1432937750
-669219631
834530421
1112056922
1713007362
-1763192579
-1012427535
-712663795
-629226608
1075439073
1169224319
-1530049380
2094594955
1182754356
-1226326198
-2138140053
1508683513
-574370675
240494907
-414392765
-1469133903
-1353375736
1498275824
-1900524798
362097021
-785943151
422587307
13551246
912902570
2024405499
1191848520
-311122563
-1754542910
-1290797560
-1752266344
-1874154448
537549650
-623100098
-1173856893
877642171
-1966961656
-617794811
-1019756749
560938075
-2039793589
2135201684
608351159
1835415
-1864679953
-12544873
987706042
1124335356
1878262654
-396369684
1672295790
964418063
1041331401
-1884459406
1473627984
2110934713
-2118299489
1492006378
1533014667
-216103659
-637456822
-1992228882
505704676
798054408
594020879
1411551004
1744593387
-1686318525
622064369
1884415459
-1539280610
-1531600404
-1895666443
2113807190
52789025
749892389
-2136345727
-1918210612
-915057512
1052266098
2044182529
697863221
205028762
715837362
-716574936
-643109989
89
