173848311
580259613
-945739138
227526925
1213615855
-1009986102
-1016763367
-1177396793
549579036
-251380485
-1968338118
-1733878612
391084123
-1906223172
-711160721
-1147882434
1171676526
-360494168
1983403771
-458639121
612593860
-963725816
-361514904
-1601841221
-1761441598
-1662457623
510200211
-522130171
1471296776
661283684
-152078135
-630795059
921352008
-1178140158
-201137797
-277307315
1801772265
-195612068
1967902142
1700987366
2037355429
-100879860
2146196714
-299285862
-595531766
-419460473
-1038875190
-2056322367
2006856216
1447415217
-1606702834
-240083780
830567308
1048914882
-591322909
1946996252
-1998503671
665348101
-1406108771
-633973615
-1949622882
-941184723
-337935833
-572797318
-655826152
-1469836511
1510816706
287983655
-934464131
70992045
-1954151913
-504353896
-977563152
-2049310304
164281079
54182641
-415681811
-2018473424
360075003
2068179154
2016054602
1984317797
-2129426258
-1593280267
1174664425
1844383489
-1358478166
27740026
151350157
1486402212
1643652265
1264330892
772407043
-1753553646
-573906272
-482812002
289977809
-207134395
5
