-2019162449
-191765355
-202402264
-157623759
796079145
1524946070
-894214209
563530063
810929540
1142433602
-1541136355
-1091184800
55435347
-1819259328
2104821147
-159009978
-113791763
1394397201
1719523477
-1936283753
72978004
1335004071
510104737
160545499
1077197063
-373554791
319452507
945209294
787651549
1769809958
-1215202299
-92961133
-1900215686
1133572542
2136389196
1769781664
-1324350460
-340800966
-458382913
778716351
-302249039
1891283105
-668659597
1748076346
-1134981338
1613031204
955678327
492081101
-374986930
1428108840
-1192410472
-683963452
-95659545
-625329635
1946099335
1946424589
1601053745
-392853685
1293661880
-96753798
-1866081459
-1796262866
723495696
1030730550
984048708
-1129200758
1509173768
-1728129696
1662086085
273772375
2127404903
1815666586
1894569070
-1167182700
2002873729
-395768352
2041451643
-42979955
-2003367253
1722741055
-1185665332
-1440089641
2052171655
101546223
51643949
977483213
-1274614166
455550004
867324747
-1161516871
488124468
1246499007
-1286281745
168449856
-1618280350
1178322133
1352165591
1455030663
53
