2024644837
-402181358
-1575463138
98673949
-65862413
2085800858
-1421199184
-601713695
-1501856813
1504054374
-815661067
-610549031
2129978970
-1889803166
-946469804
-1095668296
450834552
1810667630
736538934
-1267203948
1588269780
-1773779156
-1068938606
-920073247
-1105129388
212737574
1030970680
-1486525052
-573608355
-1219424074
1740363179
-625275264
182435651
566526811
-1109277211
-1704120877
-1719751347
-273626626
1536661311
-126048288
-703209767
-208928027
1015707008
-978796268
1366678724
1957846359
2142066248
-1771628166
-1221623760
985533759
-857066439
474057428
1154938892
1463373918
-613785065
-5511516
-1881732348
486464720
1056901086
488874502
-1160300593
1950825739
-2061397469
-185256415
168558052
-1464424013
-1733318970
-727846643
-1640395676
-167369590
853509984
-1794745596
295794604
1039451560
574443379
1222765416
-1581108298
-360278957
1995509403
1048865219
1061544248
767292954
964908694
-6912160
-267049674
-1035871370
-90087864
99486799
33711
-1840818854
-581760709
-464958504
141937362
458354017
1319042109
1661516826
1386518515
-613004126
37
