-1895764642
-40639323
-1917070975
1416895766
2145734986
-1607787551
-1939581529
-1086290237
1817991410
200157530
1404520254
1139814678
-1439580494
225592235
-423709142
-67629324
1808027614
1344071922
1837322295
-977438990
1723408453
1239280243
-987098129
-967888444
1111777787
1900856540
565454204
-1877447623
729263707
-1199486391
-1572824976
1114522348
-1652737249
-1952348932
1521826941
-461470165
-288848221
-816236748
634494085
845809791
-626972974
-1478287036
1615142179
-1287170383
-925608936
2137572007
974430881
841266320
540701803
-1047981762
476252547
2037361816
-681089363
-618239680
1995148526
1458667474
-1859908961
1478481581
-238466609
-1012516155
-274560325
718680934
1440034578
-1402373579
-1469579711
1494523191
981236426
-1085515452
76623958
1663342889
1569041747
203532689
440535806
511563838
540150551
1821409299
-1185722951
-819704020
-665914504
552421198
230323380
-1698558165
631001042
928204948
1805926172
942861348
-73304530
-728217976
-1865177495
1759943064
-814662013
346929035
168923345
1155848141
1312264364
-421046585
1164425122
1672266507
5
