226593253
2055220326
2079027763
844007317
1584119273
178140281
1964710155
-597085979
2055395446
-1571884358
501322319
339461330
-76888337
-2137457661
-796674060
-1843578047
700461882
-903318741
-381339082
1045573991
-1406498196
-1420557898
423259116
-653246325
224237142
1302209328
507280286
-577072089
708492430
-1275222200
1120916315
1417232199
-1985953290
1687135125
260177868
50002635
2129130418
1296456393
762148290
-102836137
134826549
65848632
-1581873383
1613727350
-1353653801
831383115
1974009149
574377951
-1410122896
-2012651006
-260577293
2142596369
-1633972414
978403168
480618792
1194424086
-1598738709
1711461667
929949520
1432150144
1942659283
-912898683
-631555225
-2111041576
-1327390208
1634157496
365998693
-998750036
1399852512
1726866655
1834716581
1801935182
389517454
-1869411268
1949731509
2087589573
1540229559
247572537
-603560371
-1877241577
1121863079
-254147850
85742235
805173066
-1810153752
411433408
-489571657
1702404516
-38910093
-1017594735
-1264296254
1917591627
-368464996
468040191
-494691681
2031429904
1323725828
-1674271772
13
