256580279
850316799
1919937437
1411720659
844590678
1425907981
-1829537089
-1685051223
138349003
477152870
-931575417
1006540164
-853191792
981765077
-1069320357
252184075
-1898225298
1098697797
-197879855
542563854
1033105875
-160082194
2139576680
-1938625339
-114353575
1768179537
172767136
-40898277
-599027542
-1764507152
-691704079
-427175046
-636043421
-1475083042
1910943566
1493543763
771969215
1427751892
330957340
231125046
-745058735
1504399200
-1783311860
-69293467
1880743810
476904503
473992038
1008624533
1849429790
-1720324054
740285364
1343448327
-1818009583
-662800045
-1640325002
1526681470
738765749
988767469
-237119644
-1162656685
-814359883
1445440117
-1110524787
-1795334888
694561424
-1181945415
1610239845
950948474
856372739
1617323116
-958499839
-527992006
429023971
-1247590884
1158967545
460084134
953605477
-199426956
-407918459
1910808505
67695737
-911199142
-1010955123
-843220360
-2017266104
644458167
1883595604
1708059649
-930454817
-1173323930
1194838585
1399465317
1027073883
-943115759
-1220204449
948839566
-1287527720
1620611462
9
