0 1 : 0010100110000000000000110101011000001000101110000001010000010
0 2 : 0010100110000000000000110101011000001001101110000001010000010
0 1 : 0010100110000000000000110101011000001001101110000001010001010
0 1 : 0010100110000000000000110101011000001001101110000001010100010
0 3 : 0010100110000000100000110101011000001000101110000001011000010
0 1 : 0010100110000000100000110101011000001010101110000001011000010
0 4 : 0010100110100000000000110101011000001000101111000001010000010
0 1 : 0010100110100000000000110101011000001000101111000101010000010
0 1 : 0010100110100000000000110101111000001000101111000001010000010
0 1 : 0010100110110000000000110101011000001000101111000001010000010
0 1 : 0110100110100000000000110101011000001000101110000001010000010
0 1 : 1001011001001111010111000010000111110100010000011010100010101
0 1 : 1001011001001111010111000010000111110100010000110010100010101
0 1 : 1001011001001111011111001010000111110100010000011010100010101
