0  1 : 00010010000000100100000000000010010111111110100
0 10 : 00010010000100100100100000001010010111110110100
0  1 : 00010010000100100100100000001010010111110110110
0  1 : 00010010000100100110100000001110010111110110100
0  1 : 00010010000100100110100001001010010111110110100
0  1 : 00010010000101100100110000001010010111110110100
0  1 : 00010010001100100100100000001010010111110110100
0  1 : 00010010010100100100100000001010010111110110100
0  1 : 00010010100101100100110000001010010111110110100
0  1 : 01010010000100100110100000001011011111110110100
0  1 : 10101101000010011001001110110000100000000001001
