0 3 : 00011110111000001000100011100100000001100111101011010100010100100000001011
0 2 : 00011110111000001001100011100100000001110111001011010100010100100000001011
0 1 : 00011110111000001011100011100100000001110111001011010100010100100000001011
0 1 : 00011110111100001001100011100100000001110111001011111100010100100000001111
0 3 : 00011110111100001001100011100100000001110111001011111100010110100000001111
0 2 : 11100001000011010100010000011011111100000000010100000010101001011011110000
0 3 : 11100001000011010100010000011011111110000000000100000010001001011011110000
0 1 : 11100001000011010100010000011011111110001000000100000011001001011011110000
0 1 : 11100001000011010100010100011011111110000000000100000010001001011011110000
0 1 : 11100001000011010100010100011011111110000000000100000010001001011111110000
0 2 : 11100001000011110100011000011011111100000000000100000010001001011011110000
