396670483
1822686374
-1940431884
-924074987
-1262455044
130151462
726159184
-809501250
472245733
2020921039
1308432984
-278914361
87725252
2008835435
460131509
1346074358
1335098702
-236816915
-1112784284
930894673
502634820
-240570970
1057420421
1864264923
-73538026
228249643
566345444
586669079
1483647153
1642792932
1776990911
-55773546
-1347975398
2018588020
-51680766
-993027818
1441786830
799979461
-328059677
929932972
135721408
2084404786
-503099659
-1024882940
-1954455271
1479597966
-1822166546
-322345767
1885140798
551913624
1831164253
-433582277
-996773036
1385236072
617251965
1086666365
264670238
-1397154498
-2079524575
-1421358627
1565369234
1922866741
2003006081
886960153
-2035050392
-1638272788
826467576
-1376359762
-394990009
-1322580404
-82384018
-1552605177
-513476822
-1291774794
-1376658480
409862969
87230144
1685765864
-689409292
-978240940
-1824674561
-1252798497
2100834005
509153783
1896467983
-1437733909
1758585447
-1286392334
-523503457
-410434530
-1983597771
1569091592
1450550066
-984981738
641654704
-246208151
-170931965
922030865
41
