-258968594
-742444765
-1509885652
-1316813104
-913908686
1618485090
465388913
318979716
-2050425796
1817425767
961129619
-924223774
-1332886880
-389459504
29849340
-1318107815
1362477171
-967176194
2022692756
1953280169
612993759
953113887
193448271
-1274823037
1391091771
556191269
1470039660
976466793
881448189
1868422066
1447963863
545802113
866590692
-1551215955
819558711
1795492205
1811195448
657913519
-1004188637
-1750601995
-1762199725
1800136931
268371461
-1014802511
1268534229
741550679
-1159279564
952507686
1002794429
1747891018
-1389378536
-1084361310
-86021333
-4445387
301224682
826103887
-1599503335
-67217530
2063880336
-2039620445
2105268384
-2037658963
-97750770
-540498380
972165123
-1795145590
-369264395
1955046518
-359158913
1366747095
575077756
-769723314
-1092882018
897336243
1511740586
655930609
338100556
667697106
-1135780397
883373844
-740094959
-1708628368
2067552006
586704790
316472083
-1535881319
-2076732578
1839021130
-856650813
2096391436
-815268269
-162741414
116162674
2020410143
-652203874
574989406
-1288781089
1029577766
5
