115088017
1800526306
-999794662
285137333
-164878368
1356520083
385057526
-668031546
581489602
61048235
1592845709
-630213971
-1005841754
-1441383442
242908814
1799349171
1241613948
-1178329351
129249153
-239774648
-589147636
1764871043
-1895645629
-2093467540
1713225601
-1321530580
1657851651
-1612346612
12832139
-528480674
-1099035693
-788592603
-2077641024
-1609556270
1817208816
1352441530
-185566684
-1959409560
1459342367
2016938407
-1286853606
-161058225
1902734337
1498862238
940845730
849234606
1162771005
1829794109
-505557999
1694196686
-651089393
1954202970
733127564
1687638641
-1434996245
506885347
1172553087
-145564953
-835423334
1083862149
-1322124932
-1255743567
1343272831
-366741003
-600661519
1767023365
-282546427
-904622897
478659164
-177584423
-1786151120
2045426781
-1111526127
1067332423
-678891514
-1176211250
1589623186
1281450245
1232538822
1449965310
-766370830
-1962806455
-1399933136
-1615012620
1844000519
-1219316952
-1147543187
-1631070580
1785658928
-692895486
-1177233546
2092296988
-913015748
1275819758
1709648474
1906314517
-2056212586
1842252148
63
