1 138.8893 0.02777785 2.804691 5.770879 -3.860271 0.2891278 0.7713704 -0.7058818 0.7713704 3.433418 -2.182384 -0.7058818 -2.182384 4.668918
2 109.4191 0.02188381 2.576093 4.213026 -1.904914 0.1186659 0.2763082 -0.1403822 0.2763082 2.939995 0.252934 -0.1403822 0.252934 0.4187584
3 281.9937 0.05639873 2.629401 4.337301 -1.997268 0.08358729 0.09927545 -0.1239837 0.09927545 1.395787 0.1889125 -0.1239837 0.1889125 0.324398
4 278.5602 0.05571204 2.639511 4.200861 -2.031675 0.06602855 0.0564493 -0.1008343 0.0564493 1.18972 0.2175268 -0.1008343 0.2175268 0.2716368
5 268.1981 0.05363963 2.647602 4.064664 -2.076099 0.0624718 0.03294728 -0.100029 0.03294728 1.02194 0.219396 -0.100029 0.219396 0.2630975
6 254.9544 0.05099088 2.670844 3.855483 -2.178958 0.0633938 0.01278766 -0.1089924 0.01278766 0.9470421 0.247942 -0.1089924 0.247942 0.2903813
7 223.6531 0.04473062 2.700219 3.746682 -2.26539 0.05853675 0.001067921 -0.1037265 0.001067921 0.7565159 0.2224107 -0.1037265 0.2224107 0.2738462
8 224.1029 0.04482057 2.712195 3.620964 -2.32332 0.05614484 0.01064036 -0.09689849 0.01064036 0.6003805 0.1626368 -0.09689849 0.1626368 0.2437381
9 227.0128 0.04540257 2.727383 3.452454 -2.395738 0.0507744 0.0122499 -0.08579281 0.0122499 0.5127654 0.1379714 -0.08579281 0.1379714 0.2169834
10 231.5748 0.04631496 2.738524 3.320414 -2.457702 0.05078795 0.01362773 -0.08652012 0.01362773 0.3997812 0.1060197 -0.08652012 0.1060197 0.2100506
11 234.5783 0.04691566 2.759291 3.199685 -2.536057 0.04967375 0.01007649 -0.08574297 0.01007649 0.3049455 0.08877682 -0.08574297 0.08877682 0.2053163
12 232.1924 0.04643848 2.774873 3.069395 -2.615775 0.04921848 0.01549865 -0.082629 0.01549865 0.2709718 0.06965538 -0.082629 0.06965538 0.1937933
13 239.8067 0.04796134 2.798846 3.023466 -2.678451 0.05497565 0.0278178 -0.08906273 0.0278178 0.2330475 0.03742647 -0.08906273 0.03742647 0.1964115
14 234.1032 0.04682064 2.836947 2.98203 -2.786393 0.06253178 0.03431174 -0.1011016 0.03431174 0.1983161 0.01447976 -0.1011016 0.01447976 0.2139295
15 218.3738 0.04367476 2.838458 2.953721 -2.805645 0.06024357 0.03845527 -0.09442437 0.03845527 0.1741729 0.001036883 -0.09442437 0.001036883 0.1959352
16 232.8365 0.04656729 2.852248 2.932847 -2.833844 0.05624201 0.04237574 -0.08496255 0.04237574 0.1553247 -0.01155773 -0.08496255 -0.01155773 0.1727852
17 223.8747 0.04477494 2.878634 2.908549 -2.897881 0.05723741 0.03873071 -0.08847303 0.03873071 0.136044 -0.01163718 -0.08847303 -0.01163718 0.1791419
18 218.9815 0.04379629 2.874057 2.886578 -2.897448 0.05762771 0.04058781 -0.08633814 0.04058781 0.1310629 -0.01530785 -0.08633814 -0.01530785 0.170542
19 231.8582 0.04637163 2.87412 2.854639 -2.903862 0.06001767 0.0416161 -0.0874615 0.0416161 0.1345372 -0.01567985 -0.0874615 -0.01567985 0.16808
20 234.5754 0.04691509 2.897121 2.870994 -2.942572 0.06109455 0.04569617 -0.09029715 0.04569617 0.1373381 -0.0236294 -0.09029715 -0.0236294 0.1745308
21 219.8118 0.04396236 2.911825 2.861241 -2.985871 0.06806878 0.05044325 -0.09887418 0.05044325 0.1406374 -0.03000374 -0.09887418 -0.03000374 0.1859045
22 214.6829 0.04293658 2.912682 2.831142 -2.994169 0.06992267 0.04699273 -0.1049134 0.04699273 0.1205211 -0.03136172 -0.1049134 -0.03136172 0.1968506
23 209.5227 0.04190455 2.941459 2.835138 -3.0512 0.07409113 0.05376008 -0.1079357 0.05376008 0.1169903 -0.04401083 -0.1079357 -0.04401083 0.1925444
24 188.5785 0.03771569 2.946688 2.833028 -3.071625 0.06836681 0.05184261 -0.1002266 0.05184261 0.11962 -0.03939551 -0.1002266 -0.03939551 0.1846692
25 202.2423 0.04044846 2.939511 2.816311 -3.054656 0.07970953 0.0589673 -0.1161932 0.0589673 0.1185379 -0.0517806 -0.1161932 -0.0517806 0.2058134
26 189.185 0.03783699 2.944485 2.830085 -3.066767 0.07781462 0.05823028 -0.1132256 0.05823028 0.1176625 -0.05034388 -0.1132256 -0.05034388 0.2027451
27 194.3444 0.03886888 2.940476 2.811952 -3.073069 0.07757954 0.0570934 -0.114919 0.0570934 0.1167133 -0.04983493 -0.114919 -0.04983493 0.2085197
28 182.4582 0.03649164 2.943633 2.800618 -3.074965 0.07521534 0.05660514 -0.1105825 0.05660514 0.1133632 -0.04888474 -0.1105825 -0.04888474 0.2013058
29 195.4681 0.03909363 2.954906 2.803335 -3.091502 0.08501703 0.06104828 -0.1254546 0.06104828 0.1258823 -0.04818238 -0.1254546 -0.04818238 0.2309
30 181.9712 0.03639424 2.938252 2.806657 -3.065166 0.08617211 0.06271393 -0.1261561 0.06271393 0.125806 -0.05179747 -0.1261561 -0.05179747 0.2291103
31 184.3284 0.03686568 2.94747 2.830484 -3.067829 0.09283416 0.06988394 -0.1332949 0.06988394 0.1314796 -0.06330074 -0.1332949 -0.06330074 0.233193
32 181.3502 0.03627005 2.937303 2.823645 -3.075825 0.09180548 0.07074026 -0.1332255 0.07074026 0.1387163 -0.06311379 -0.1332255 -0.06311379 0.2374358
33 187.2074 0.03744147 2.959402 2.832428 -3.097183 0.09008492 0.06741147 -0.1300505 0.06741147 0.1304321 -0.06107194 -0.1300505 -0.06107194 0.228832
34 187.192 0.0374384 2.957218 2.824781 -3.095024 0.08431057 0.06519344 -0.1175523 0.06519344 0.1260364 -0.05462612 -0.1175523 -0.05462612 0.206936
35 185.0033 0.03700066 2.968939 2.836238 -3.121347 0.07330995 0.05443921 -0.10583 0.05443921 0.1110232 -0.04485819 -0.10583 -0.04485819 0.1941892
36 206.029 0.0412058 2.975926 2.843179 -3.121197 0.07823358 0.06297986 -0.1106169 0.06297986 0.1208311 -0.05643405 -0.1106169 -0.05643405 0.1970658
37 198.6054 0.03972108 2.959567 2.817715 -3.109429 0.08187954 0.0684507 -0.1151415 0.0684507 0.1332803 -0.05889481 -0.1151415 -0.05889481 0.2046228
38 187.0407 0.03740815 2.960539 2.824787 -3.110043 0.0874645 0.07336018 -0.1237424 0.07336018 0.1393441 -0.06828832 -0.1237424 -0.06828832 0.2159898
39 176.9007 0.03538014 2.939528 2.81657 -3.073766 0.09102672 0.0800953 -0.1271398 0.0800953 0.1494398 -0.07482153 -0.1271398 -0.07482153 0.2214407
40 189.5334 0.03790667 2.963964 2.837777 -3.103188 0.08643267 0.07659619 -0.1191071 0.07659619 0.1458034 -0.06941341 -0.1191071 -0.06941341 0.204541
41 176.9104 0.03538209 2.958738 2.817358 -3.100009 0.08935161 0.0765065 -0.1254498 0.0765065 0.1453167 -0.06784298 -0.1254498 -0.06784298 0.2195098
42 166.8879 0.03337757 2.989816 2.87643 -3.129415 0.09398884 0.08135594 -0.1307406 0.08135594 0.1553436 -0.07201846 -0.1307406 -0.07201846 0.2270182
43 176.3787 0.03527575 2.983297 2.860971 -3.11951 0.100333 0.08479835 -0.1412585 0.08479835 0.1589243 -0.07880606 -0.1412585 -0.07880606 0.2446366
44 173.063 0.0346126 2.984544 2.863192 -3.116202 0.101665 0.07979882 -0.1457051 0.07979882 0.1506977 -0.07314648 -0.1457051 -0.07314648 0.2533753
45 169.3913 0.03387825 2.98911 2.866092 -3.140791 0.09782057 0.0785073 -0.1401646 0.0785073 0.1583008 -0.06683185 -0.1401646 -0.06683185 0.2501339
46 166.3967 0.03327934 2.971009 2.832917 -3.132551 0.1090611 0.08953513 -0.1535288 0.08953513 0.1729622 -0.07830201 -0.1535288 -0.07830201 0.2687121
47 178.1093 0.03562187 2.99759 2.871854 -3.162858 0.1069659 0.0825153 -0.155192 0.0825153 0.1601333 -0.07588243 -0.155192 -0.07588243 0.2749756
48 173.9091 0.03478183 2.989378 2.860925 -3.141637 0.1118914 0.09302141 -0.1574564 0.09302141 0.1691074 -0.0895182 -0.1574564 -0.0895182 0.2712485
49 172.5501 0.03451002 2.984846 2.867285 -3.126162 0.1097414 0.09133016 -0.156468 0.09133016 0.1730597 -0.08987593 -0.156468 -0.08987593 0.2703108
50 165.8997 0.03317994 3.01914 2.890519 -3.17738 0.1032119 0.08236105 -0.1476329 0.08236105 0.1650357 -0.07212263 -0.1476329 -0.07212263 0.2605843
51 178.8516 0.03577031 2.987 2.871604 -3.121492 0.1095027 0.08446917 -0.1589843 0.08446917 0.1555824 -0.08153234 -0.1589843 -0.08153234 0.2763625
52 172.1599 0.03443198 2.978689 2.878749 -3.103058 0.1102752 0.08763601 -0.1564948 0.08763601 0.159862 -0.0812124 -0.1564948 -0.0812124 0.2706247
53 176.4607 0.03529215 2.981732 2.885391 -3.110332 0.1049076 0.08696486 -0.1469016 0.08696486 0.1594695 -0.08118311 -0.1469016 -0.08118311 0.2513036
54 168.172 0.03363439 3.002704 2.903508 -3.142834 0.1120232 0.09752789 -0.1579542 0.09752789 0.1707231 -0.1019475 -0.1579542 -0.1019475 0.2629743
55 162.6334 0.03252669 2.98402 2.8662 -3.118189 0.09789136 0.08877941 -0.1386618 0.08877941 0.1740851 -0.08521141 -0.1386618 -0.08521141 0.2396323
56 159.6099 0.03192198 2.987695 2.871608 -3.136321 0.1010017 0.09470718 -0.140689 0.09470718 0.1892875 -0.08534712 -0.140689 -0.08534712 0.2434628
57 166.7112 0.03334224 2.990657 2.856029 -3.143432 0.1033035 0.09817332 -0.1428727 0.09817332 0.1848335 -0.0925644 -0.1428727 -0.0925644 0.2451003
58 160.6855 0.0321371 3.015549 2.874066 -3.182092 0.1022993 0.09701999 -0.1431331 0.09701999 0.1794344 -0.09305158 -0.1431331 -0.09305158 0.2475419
59 163.6392 0.03272783 3.024489 2.869686 -3.202056 0.1111033 0.09164826 -0.1643384 0.09164826 0.1719586 -0.08767308 -0.1643384 -0.08767308 0.2943956
60 161.8191 0.03236381 3.005132 2.858043 -3.169937 0.1138231 0.09679147 -0.1644608 0.09679147 0.1701032 -0.09821981 -0.1644608 -0.09821981 0.2839401
61 158.7437 0.03174875 2.992805 2.855161 -3.137373 0.1082817 0.09125374 -0.1550624 0.09125374 0.1641245 -0.08470842 -0.1550624 -0.08470842 0.2738885
62 164.0594 0.03281188 3.000155 2.8669 -3.143373 0.1171923 0.09710693 -0.1690723 0.09710693 0.1721391 -0.09621093 -0.1690723 -0.09621093 0.2932948
63 157.1995 0.03143989 2.989001 2.857975 -3.138983 0.1066708 0.08494625 -0.1546072 0.08494625 0.1597165 -0.07981749 -0.1546072 -0.07981749 0.2742146
64 183.7834 0.03675669 2.968328 2.810919 -3.115034 0.08845564 0.07033948 -0.1293258 0.07033948 0.1471745 -0.06008107 -0.1293258 -0.06008107 0.2372818
65 194.3763 0.03887526 2.978632 2.848031 -3.124537 0.08476592 0.0717148 -0.121186 0.0717148 0.1458079 -0.06267654 -0.121186 -0.06267654 0.2186254
66 181.4091 0.03628181 2.983499 2.832571 -3.14742 0.08399211 0.06833637 -0.1210461 0.06833637 0.1302532 -0.06249952 -0.1210461 -0.06249952 0.2155747
67 180.9726 0.03619453 2.974558 2.825017 -3.137288 0.08723067 0.06700384 -0.1281697 0.06700384 0.1366517 -0.05715393 -0.1281697 -0.05715393 0.2327659
68 178.3197 0.03566393 2.996443 2.828666 -3.180249 0.09301697 0.07399436 -0.1379843 0.07399436 0.1348122 -0.07369604 -0.1379843 -0.07369604 0.247289
69 169.5011 0.03390022 2.990646 2.832263 -3.159309 0.08162633 0.0683351 -0.1172276 0.0683351 0.1271154 -0.06589242 -0.1172276 -0.06589242 0.2087734
70 185.4514 0.03709029 2.993457 2.83677 -3.165123 0.09197954 0.07590631 -0.1342114 0.07590631 0.1335389 -0.0764829 -0.1342114 -0.0764829 0.2402962
71 176.4162 0.03528323 2.983227 2.814921 -3.153531 0.08898724 0.07332115 -0.1291347 0.07332115 0.1273452 -0.07519895 -0.1291347 -0.07519895 0.2313932
72 183.7706 0.03675412 2.961081 2.783894 -3.12348 0.08706094 0.07311787 -0.1254176 0.07311787 0.1276169 -0.07287525 -0.1254176 -0.07287525 0.2258817
73 187.7696 0.03755391 2.96188 2.801116 -3.123346 0.08864828 0.0779057 -0.1263701 0.0779057 0.1292141 -0.08233315 -0.1263701 -0.08233315 0.2214383
74 180.2144 0.03604288 2.955528 2.799768 -3.104996 0.0872798 0.07546564 -0.1235835 0.07546564 0.1380644 -0.07139777 -0.1235835 -0.07139777 0.222126
75 187.0086 0.03740171 2.970868 2.827778 -3.116067 0.09022363 0.07893694 -0.1287662 0.07893694 0.1343682 -0.08094098 -0.1287662 -0.08094098 0.2267639
76 170.676 0.0341352 2.965529 2.843742 -3.110654 0.08259803 0.07279921 -0.1175686 0.07279921 0.1304956 -0.07401045 -0.1175686 -0.07401045 0.209811
77 191.4818 0.03829636 2.967453 2.83373 -3.117873 0.09129407 0.07751878 -0.131375 0.07751878 0.1331099 -0.08243063 -0.131375 -0.08243063 0.2304471
78 182.0001 0.03640001 2.978553 2.848672 -3.119951 0.08296353 0.07392024 -0.1161855 0.07392024 0.1314813 -0.07569474 -0.1161855 -0.07569474 0.2010919
79 185.7379 0.03714758 3.009557 2.881853 -3.160423 0.09556551 0.08650674 -0.1337897 0.08650674 0.1462713 -0.09306223 -0.1337897 -0.09306223 0.225009
80 165.8892 0.03317783 3.023929 2.873118 -3.186573 0.09164522 0.07859437 -0.1285863 0.07859437 0.1371041 -0.08054316 -0.1285863 -0.08054316 0.2198453
81 180.2915 0.0360583 3.022802 2.862769 -3.191347 0.09413397 0.07855855 -0.1306848 0.07855855 0.1347369 -0.07564497 -0.1306848 -0.07564497 0.2253663
82 173.751 0.0347502 3.022915 2.885476 -3.175973 0.1091884 0.09327201 -0.1495863 0.09327201 0.154985 -0.09390998 -0.1495863 -0.09390998 0.2503942
83 171.8582 0.03437164 3.006447 2.857883 -3.165161 0.09886708 0.07949304 -0.1395805 0.07949304 0.1329333 -0.08007938 -0.1395805 -0.08007938 0.2415677
84 188.2252 0.03764503 3.003755 2.827966 -3.171201 0.09120366 0.07499244 -0.1310212 0.07499244 0.1366863 -0.07143825 -0.1310212 -0.07143825 0.2361588
85 178.9919 0.03579837 3.001509 2.838564 -3.170132 0.08827186 0.07489321 -0.1248384 0.07489321 0.1422117 -0.07093284 -0.1248384 -0.07093284 0.2204383
86 192.5685 0.0385137 3.002384 2.850287 -3.1657 0.1085544 0.09099829 -0.1547654 0.09099829 0.154145 -0.09518788 -0.1547654 -0.09518788 0.2635393
87 161.0407 0.03220814 2.968734 2.833637 -3.114938 0.103995 0.08672589 -0.1479236 0.08672589 0.1503048 -0.08860739 -0.1479236 -0.08860739 0.2549246
88 180.403 0.03608059 2.964595 2.828709 -3.107599 0.1071999 0.08511132 -0.152552 0.08511132 0.14616 -0.08615398 -0.152552 -0.08615398 0.2634727
89 180.3634 0.03607268 2.968378 2.82816 -3.119338 0.1095283 0.09067514 -0.1559955 0.09067514 0.15365 -0.09410455 -0.1559955 -0.09410455 0.2685872
90 178.7678 0.03575356 2.96626 2.812592 -3.111589 0.1091231 0.08854471 -0.1574476 0.08854471 0.1568269 -0.08990197 -0.1574476 -0.08990197 0.2739697
91 179.7621 0.03595242 2.987789 2.849681 -3.142284 0.1140477 0.09999769 -0.1605743 0.09999769 0.1757674 -0.1014996 -0.1605743 -0.1014996 0.2763557
92 171.5941 0.03431882 2.997909 2.866898 -3.152574 0.1032916 0.09039075 -0.1455235 0.09039075 0.1624609 -0.09075567 -0.1455235 -0.09075567 0.2502188
93 167.8624 0.03357248 2.993101 2.841411 -3.15398 0.1128946 0.09816728 -0.1626506 0.09816728 0.1746253 -0.1009114 -0.1626506 -0.1009114 0.2851959
94 169.8205 0.03396411 2.982599 2.852249 -3.137732 0.1039424 0.08982787 -0.1467177 0.08982787 0.1663919 -0.08557119 -0.1467177 -0.08557119 0.2571674
95 174.8023 0.03496045 2.9821 2.835826 -3.1408 0.09546527 0.08034741 -0.1352661 0.08034741 0.1518477 -0.07508032 -0.1352661 -0.07508032 0.2403794
96 184.1486 0.03682972 2.98777 2.815193 -3.161055 0.100826 0.08206339 -0.1434517 0.08206339 0.1410816 -0.08278239 -0.1434517 -0.08278239 0.2465988
97 164.2766 0.03285533 3.007159 2.831445 -3.184948 0.09680834 0.0832101 -0.1357243 0.0832101 0.1388935 -0.08400399 -0.1357243 -0.08400399 0.2334413
98 174.7646 0.03495292 2.999909 2.832292 -3.161965 0.1009613 0.08028614 -0.1476192 0.08028614 0.1389218 -0.08149531 -0.1476192 -0.08149531 0.2607937
99 175.9277 0.03518554 2.979538 2.832661 -3.13278 0.0978068 0.08106515 -0.1400935 0.08106515 0.1421115 -0.08276276 -0.1400935 -0.08276276 0.2435202
100 179.4124 0.03588247 2.962281 2.825238 -3.096882 0.1048604 0.08014991 -0.1513345 0.08014991 0.1408575 -0.08077728 -0.1513345 -0.08077728 0.2610579
