847229744
848316092
2019654121
-2074330791
1743146342
-543579418
948816865
251842878
-967015508
-2032307870
1276397681
174624655
1848631519
1475390076
697268511
-1810506389
-1768572162
1233643298
-794582913
1265126984
651442121
2134127215
-1027765276
1197449337
-378843120
-1805789684
-2064725509
502699505
115812671
473093327
-1630076182
-829345887
1302837640
-715495241
1462011996
-447519702
-1360391891
-1149908454
1866262903
1408952102
598858064
-767237469
1202573952
-1715407339
280839607
-270508996
-289304092
-849987518
2146250232
-252356511
-1057412313
1370484033
1323624882
954494802
668799436
836271721
-1312560357
397969699
1888767948
883096616
1865050294
313858956
-518219320
-1368010771
-1376307930
354635711
-1539231085
-288815335
663427697
319576153
1238674339
127738594
-233814688
1075728969
-1882551287
449247257
-1055030300
-1550144490
-1798140787
-797320552
-194183194
-1181903214
-972037123
479730885
-2090084542
1524041168
-1814744024
-1796304333
2125920582
1697692073
84120150
1252958086
1509731596
521666304
415220868
-304896967
948411161
1566501279
41
