1545253625
-98763920
-494737337
1621379050
1212905352
-1438635936
-774084391
181962542
1522507216
-1297142830
-1737867890
-1441314597
-1490957617
312491272
-1150706981
-1018030906
-2079529006
-151187019
1418377671
2127582309
39990554
535960855
-2091145545
-1078524685
-2031228521
-1152394514
1815901530
-970899132
-1529417174
318074308
1937262627
670960168
1302257270
-61477433
482319279
1166417732
2068563110
-526481746
2138429435
2033107216
1964882749
1167520943
-1004185878
-1421157723
135219965
-1902854327
-1863111070
-1410007722
383012783
95342217
-2005366382
-1093477760
-616654318
-465872841
1993714310
1241475133
-918461006
-286390407
-1110061030
-993859053
-1206466487
-2112152285
-387321582
1805902269
1527301249
120291975
67472343
-2076682729
763092628
131253086
706477025
-76326266
1483643084
-224819945
1957950886
358870499
729426833
1564849762
844282324
1380809644
270360471
1529446263
-992869727
-371437999
2101831637
-1502508765
131635525
-277751494
-478553986
-1624385790
-1932293758
1049651748
-1388180734
41467024
1577278975
968730976
1241777399
-614112166
19
