-572505188
1475100652
-1299795217
577527819
1280468898
897213520
1413416456
427398395
1996114182
-762807624
1989813001
-1563969999
-464784369
-204183245
594340072
1282422830
1955491055
312129048
-904615729
-131776047
-556922804
917887720
1476551656
1074783208
-59277292
97449100
-339673446
992600421
-1855990414
-1746355256
-1075562398
2056876136
925883779
389248978
594615953
-1407536413
-1080968317
-707469892
1872116875
-1556782644
-1663545227
1639553424
739961726
104721283
-2133359305
-543546659
-450146163
4788499
215884213
1687717385
2095662987
1196156827
-656085914
-362809711
-1667029655
279314412
33326781
-1557647197
1105264272
259368603
1991465358
2102095380
-169045682
-376504667
1801996193
-402877885
-240701383
-1118322426
-1186041120
-751387621
-601517804
160744736
-1325675370
1960301914
1909243988
636044093
-740025820
1943440809
-1985882422
1210357802
1937762199
1673654929
241140515
1444179347
314456660
1966923243
41375542
2025224312
-127196629
242523882
2007623234
1002618458
420523210
1184591123
721525906
1721623019
592358965
641872829
61
