0 0 0 -3 -3 -3
0.1270627 0.01243904 0.1829581 -2.8324 -2.312267 -2.428513
0.2384176 -0.006970428 0.2732428 -2.739255 -2.032645 -2.223847
0.3185832 -0.05511379 0.3305181 -2.704835 -1.88489 -2.177331
0.3791004 -0.1520736 0.3770267 -2.702782 -1.782416 -2.176063
0.4364035 -0.2494212 0.4200116 -2.714471 -1.716463 -2.188178
0.4823868 -0.3444057 0.4591527 -2.736391 -1.668321 -2.2082
0.5166284 -0.4362463 0.4949107 -2.763036 -1.632743 -2.233003
0.5468845 -0.523356 0.5299345 -2.793921 -1.608527 -2.261557
0.5771599 -0.6063417 0.564788 -2.828864 -1.593033 -2.293194
0.6039576 -0.685832 0.5991317 -2.865563 -1.583943 -2.327346
0.6234807 -0.7622353 0.6325176 -2.901715 -1.580126 -2.363912
0.6367388 -0.8361358 0.6641231 -2.937769 -1.581231 -2.403128
0.6444976 -0.9079856 0.6973677 -2.974027 -1.585775 -2.441835
0.6478068 -0.9782673 0.7322912 -3.010837 -1.592817 -2.481038
0.647941 -1.047402 0.7678489 -3.048511 -1.601946 -2.522107
0.6457475 -1.115687 0.8039574 -3.087263 -1.612802 -2.56498
0.6419698 -1.183255 0.8401268 -3.127035 -1.625218 -2.609509
0.6393225 -1.250237 0.8766843 -3.168084 -1.639014 -2.655818
0.6395117 -1.316583 0.913462 -3.211345 -1.65401 -2.70381
0.642873 -1.382367 0.9503899 -3.257128 -1.669989 -2.753393
0.6486787 -1.447624 0.9873893 -3.305227 -1.686772 -2.804526
0.6572735 -1.512548 1.025241 -3.355078 -1.704172 -2.85639
0.6681873 -1.577301 1.064276 -3.406186 -1.722074 -2.908606
0.6768664 -1.641957 1.104017 -3.457471 -1.740398 -2.961633
0.6829255 -1.706534 1.144307 -3.508684 -1.75911 -3.015536
0.6870223 -1.771058 1.184821 -3.559914 -1.778052 -3.070488
0.6922231 -1.835587 1.22541 -3.612765 -1.797221 -3.12655
0.6987367 -1.900128 1.266089 -3.667324 -1.816645 -3.183622
0.7063474 -1.964685 1.306845 -3.723429 -1.83632 -3.241627
0.7151516 -2.029217 1.34758 -3.780892 -1.856262 -3.300468
0.7241902 -2.093601 1.388156 -3.838898 -1.876421 -3.360053
0.73443 -2.157463 1.428993 -3.897879 -1.896909 -3.419684
0.7453276 -2.2207 1.470909 -3.957817 -1.917639 -3.478729
0 0 0 0 0 0
