0 0 0 -3 -3 -3
0.1225496 -0.005565326 0.1421694 -2.867842 -2.526658 -2.609206
0.220171 -0.008105396 0.2301874 -2.801142 -2.282706 -2.449431
0.2941168 -0.07380198 0.2956504 -2.774888 -2.127921 -2.381672
0.3619437 -0.164899 0.3514921 -2.771831 -2.029366 -2.353446
0.4251623 -0.271205 0.4032494 -2.784158 -1.966687 -2.347307
0.4737847 -0.3984338 0.4504218 -2.805414 -1.929857 -2.355888
0.5117841 -0.5607498 0.4950648 -2.832418 -1.918314 -2.375074
0.5488814 -0.7844403 0.5408755 -2.866805 -1.937535 -2.40342
0.586669 -1.115311 0.5876859 -2.907894 -1.998872 -2.439708
0.6181595 -1.615294 0.6356481 -2.95134 -2.119403 -2.483333
0.6429338 -2.281479 0.683334 -2.996956 -2.297322 -2.533991
0.6624422 -3.041133 0.7303554 -3.045701 -2.509896 -2.591734
0.6763881 -3.983247 0.7847114 -3.097723 -2.783012 -2.650482
0.6865605 -5.071601 0.8438524 -3.154069 -3.105235 -2.717922
0.6940544 -6.246475 0.9082915 -3.215504 -3.458074 -2.794787
0.6996069 -7.458898 0.9785364 -3.282721 -3.826323 -2.881963
0.7059291 -8.536329 1.054524 -3.356678 -4.156165 -2.980375
0.7173591 -9.384571 1.137607 -3.439395 -4.417534 -3.091478
0.7361865 -10.11115 1.228251 -3.532677 -4.643625 -3.216661
0.7624944 -10.7666 1.327472 -3.638016 -4.849947 -3.357618
0.7954906 -11.31703 1.43569 -3.756582 -5.025243 -3.516011
0.8396424 -11.92114 1.559643 -3.889171 -5.220013 -3.692216
0.8868965 -12.58269 1.701133 -4.028267 -5.435492 -3.890005
0.9199625 -13.31897 1.861229 -4.155967 -5.677295 -4.114036
0.9429724 -14.10899 2.042255 -4.278386 -5.938789 -4.368023
0.9625005 -15.08746 2.242663 -4.404065 -6.26255 -4.654176
0.9895079 -16.20976 2.465928 -4.548442 -6.635246 -4.977658
1.024316 -17.45406 2.715126 -4.713604 -7.050159 -5.343502
1.067333 -18.80376 2.993776 -4.901921 -7.502205 -5.757465
1.11982 -20.24775 3.305728 -5.115552 -7.988079 -6.2261
1.172737 -21.57479 3.651919 -5.339781 -8.436984 -6.753222
1.236708 -22.36832 4.032257 -5.594274 -8.711324 -7.316068
1.310908 -22.92185 4.457924 -5.883159 -8.90758 -7.926305
0 0 0 0 0 0
