0 0 0 -3 -3 -3
0.2450992 -0.01113065 0.2843388 -2.735684 -2.053317 -2.218412
0.4154139 -0.01318554 0.4062235 -2.667741 -1.794803 -2.12988
0.5159541 -0.2708917 0.4920396 -2.696127 -1.663565 -2.178396
0.6332513 -0.5292871 0.5748587 -2.759604 -1.635145 -2.240544
0.7412552 -0.8027347 0.662036 -2.845795 -1.653296 -2.316612
0.765519 -1.161807 0.7334562 -2.932944 -1.708873 -2.407371
0.7777797 -1.696962 0.8075657 -3.021451 -1.837515 -2.509379
0.8456604 -2.573964 0.9073611 -3.141896 -2.091304 -2.630183
0.9267569 -4.09315 1.00898 -3.2777 -2.550901 -2.766299
0.9330643 -6.615126 1.11527 -3.3858 -3.324716 -2.919583
0.9154519 -9.609514 1.207879 -3.49873 -4.254425 -3.091231
0.8965427 -12.15698 1.294612 -3.630644 -5.060789 -3.284651
0.8576844 -16.23073 1.49134 -3.774012 -6.333523 -3.414203
0.8289751 -20.30855 1.671826 -3.942913 -7.616359 -3.662081
0.8064618 -23.8696 1.874877 -4.137022 -8.750652 -3.947762
0.7884478 -26.85766 2.102456 -4.358186 -9.718305 -4.276792
0.8134054 -26.85266 2.346308 -4.61395 -9.763475 -4.653365
0.9230995 -24.65293 2.633108 -4.928306 -9.122178 -5.091339
1.093907 -23.91618 2.95048 -5.305041 -8.939352 -5.595144
1.288653 -23.87547 3.311901 -5.744798 -8.97639 -6.176744
1.488412 -22.87613 3.708266 -6.24647 -8.706472 -6.842268
1.810981 -25.21164 4.286605 -6.806114 -9.504934 -7.568739
1.973741 -27.79819 4.955406 -7.227486 -10.39152 -8.439139
1.713547 -30.98977 5.703543 -7.220756 -11.48058 -9.490773
1.518218 -33.85949 6.56789 -7.338858 -12.47613 -10.71771
1.470232 -40.52759 7.453288 -7.671714 -14.68032 -12.09415
1.718708 -46.51195 8.494074 -8.446644 -16.69805 -13.71169
1.99894 -52.29443 9.69267 -9.338116 -18.66772 -15.58712
2.314821 -57.94502 11.07461 -10.36314 -20.61152 -17.76241
2.694448 -63.56742 12.66432 -11.52447 -22.56433 -20.28512
2.813152 -62.7131 14.38381 -12.29089 -22.35303 -23.09401
3.283795 -47.76123 16.20308 -13.73805 -17.49021 -25.32713
3.759504 -41.18857 18.50493 -15.41635 -15.38401 -28.06413
0 0 0 0 0 0
