-1.220239 0.6658113 -0.3807555
2.235679 4.165643 3.717562
1.481671 2.889535 5.047137
1.857821 2.494834 5.205212
1.884005 2.626721 5.311661
1.652722 2.368157 5.579383
1.652722 2.368157 5.579383
1.521783 -0.9016384 2.729149
-0.2531168 -2.940759 0.01132374
-0.2531168 -2.940759 0.01132374
0.6971656 -2.026746 0.5373007
0.6971656 -2.026746 0.5373007
0.4204504 -2.091433 0.1681644
0.5648927 -2.230144 0.7729704
0.5648927 -2.230144 0.7729704
0.3408066 -2.25146 0.1527427
-0.05318149 -2.636578 0.1913816
-0.05318149 -2.636578 0.1913816
-0.05318149 -2.636578 0.1913816
-0.04294462 -2.742975 0.2110906
-0.04294462 -2.742975 0.2110906
-0.04294462 -2.742975 0.2110906
0.3753335 -2.389591 0.7523508
0.3753335 -2.389591 0.7523508
0.4238575 -2.436075 0.4843878
0.4276306 -2.628655 0.4981501
0.4276306 -2.628655 0.4981501
0.2478952 -2.593729 0.326341
-0.2680178 -2.748704 0.3654591
-0.2680178 -2.748704 0.3654591
-0.2680178 -2.748704 0.3654591
-0.2522505 -2.982346 0.3817723
-0.2522505 -2.982346 0.3817723
-0.2522505 -2.982346 0.3817723
-0.2813061 -2.950752 0.4713866
-0.2813061 -2.950752 0.4713866
-0.2813061 -2.950752 0.4713866
-0.2685972 -3.03324 0.4707114
-0.2685972 -3.03324 0.4707114
-0.2685972 -3.03324 0.4707114
-0.2634739 -3.124238 0.5103533
-0.2634739 -3.124238 0.5103533
-0.2634739 -3.124238 0.5103533
-0.2567932 -3.176721 0.5261189
-0.2567932 -3.176721 0.5261189
-0.2567932 -3.176721 0.5261189
-0.2493796 -3.202443 0.5406878
-0.2493796 -3.202443 0.5406878
-0.3217897 -3.018185 0.2673733
-0.3119052 -3.038182 0.2913318
-0.3119052 -3.038182 0.2913318
-0.199744 -3.321556 0.8101252
-0.3801403 -3.146434 0.5858326
-0.3801403 -3.146434 0.5858326
0.0758766 -2.817942 0.4731807
0.1009969 -2.771646 0.4860497
0.1009969 -2.771646 0.4860497
0.1009969 -2.771646 0.4860497
0.1255308 -2.745082 0.4976581
0.1255308 -2.745082 0.4976581
0.1255308 -2.745082 0.4976581
0.1491735 -2.72924 0.507976
0.1491735 -2.72924 0.507976
0.1491735 -2.72924 0.507976
0.168439 -2.697862 0.5151895
0.168439 -2.697862 0.5151895
0.168439 -2.697862 0.5151895
0.2012167 -2.719713 0.5409322
0.2012167 -2.719713 0.5409322
0.2012167 -2.719713 0.5409322
0.2120818 -2.739279 0.5631495
0.2120818 -2.739279 0.5631495
0.2120818 -2.739279 0.5631495
0.1781587 -2.760302 0.578317
0.1781587 -2.760302 0.578317
0.1781587 -2.760302 0.578317
0.1500161 -2.772356 0.5915346
0.1500161 -2.772356 0.5915346
0.1500161 -2.772356 0.5915346
0.1377318 -2.814456 0.5962757
0.1377318 -2.814456 0.5962757
0.1377318 -2.814456 0.5962757
0.1536383 -2.835844 0.6007234
0.1536383 -2.835844 0.6007234
0.1536383 -2.835844 0.6007234
0.1680331 -2.848921 0.6042733
0.1680331 -2.848921 0.6042733
0.1680331 -2.848921 0.6042733
0.39101 -2.527715 0.4637026
0.39101 -2.527715 0.4637026
0.39101 -2.527715 0.4637026
0.3913434 -2.546297 0.4750604
0.2296536 -2.700907 0.4846901
0.2296536 -2.700907 0.4846901
0.5034704 -2.277763 0.537895
0.5034704 -2.277763 0.537895
0.05845038 -2.725274 0.8166193
0.07607388 -2.640303 0.8248333
0.4167223 -2.70987 0.7743566
0.4167223 -2.70987 0.7743566
0.1260373 -2.619162 0.4082935
0.1260373 -2.619162 0.4082935
0 0 0
