-0.3878243 -0.01045709 0.6721705
1.26918 -0.7110563 -0.3845542
1.26918 -0.7110563 -0.3845542
1.26918 -0.7110563 -0.3845542
1.26918 -0.7110563 -0.3845542
0.3308564 -1.920498 0.6632776
0.3308564 -1.920498 0.6632776
0.3308564 -1.920498 0.6632776
0.3308564 -1.920498 0.6632776
0.3308564 -1.920498 0.6632776
0.3308564 -1.920498 0.6632776
0.3086592 -2.190753 0.9033168
0.3086592 -2.190753 0.9033168
0.3086592 -2.190753 0.9033168
0.3086592 -2.190753 0.9033168
0.3086592 -2.190753 0.9033168
0.3086592 -2.190753 0.9033168
0.3086592 -2.190753 0.9033168
0.3086592 -2.190753 0.9033168
0.3086592 -2.190753 0.9033168
0.3086592 -2.190753 0.9033168
0.3086592 -2.190753 0.9033168
0.3086592 -2.190753 0.9033168
0.3086592 -2.190753 0.9033168
0.3086592 -2.190753 0.9033168
0.3086592 -2.190753 0.9033168
0.3086592 -2.190753 0.9033168
0.3086592 -2.190753 0.9033168
0.3086592 -2.190753 0.9033168
0.3086592 -2.190753 0.9033168
0.3086592 -2.190753 0.9033168
0.3086592 -2.190753 0.9033168
0.3086592 -2.190753 0.9033168
0.3086592 -2.190753 0.9033168
0.3086592 -2.190753 0.9033168
0.3086592 -2.190753 0.9033168
0.3086592 -2.190753 0.9033168
0.7588637 -2.356162 0.497503
0.7588637 -2.356162 0.497503
0.7588637 -2.356162 0.497503
0.6595602 -2.660027 1.131506
0.6595602 -2.660027 1.131506
0.6595602 -2.660027 1.131506
0.6595602 -2.660027 1.131506
0.6595602 -2.660027 1.131506
0.6595602 -2.660027 1.131506
0.6595602 -2.660027 1.131506
0.5312233 -2.582979 1.146785
0.5312233 -2.582979 1.146785
0.5312233 -2.582979 1.146785
0.5312233 -2.582979 1.146785
0.688664 -2.707699 0.7777002
0.688664 -2.707699 0.7777002
0.688664 -2.707699 0.7777002
0.688664 -2.707699 0.7777002
0.688664 -2.707699 0.7777002
0.688664 -2.707699 0.7777002
0.688664 -2.707699 0.7777002
0.688664 -2.707699 0.7777002
0.688664 -2.707699 0.7777002
0.688664 -2.707699 0.7777002
0.688664 -2.707699 0.7777002
0.688664 -2.707699 0.7777002
0.688664 -2.707699 0.7777002
0.688664 -2.707699 0.7777002
0.688664 -2.707699 0.7777002
0.688664 -2.707699 0.7777002
0.688664 -2.707699 0.7777002
0.688664 -2.707699 0.7777002
0.688664 -2.707699 0.7777002
0.688664 -2.707699 0.7777002
0.688664 -2.707699 0.7777002
0.688664 -2.707699 0.7777002
0.688664 -2.707699 0.7777002
0.688664 -2.707699 0.7777002
0.2576416 -3.16595 0.6896727
0.2576416 -3.16595 0.6896727
0.2576416 -3.16595 0.6896727
0.2576416 -3.16595 0.6896727
0.2576416 -3.16595 0.6896727
0.2576416 -3.16595 0.6896727
0.2576416 -3.16595 0.6896727
0.2576416 -3.16595 0.6896727
0.2576416 -3.16595 0.6896727
0.2576416 -3.16595 0.6896727
0.2576416 -3.16595 0.6896727
0.2576416 -3.16595 0.6896727
0.2576416 -3.16595 0.6896727
0.2576416 -3.16595 0.6896727
0.2576416 -3.16595 0.6896727
0.2576416 -3.16595 0.6896727
0.2576416 -3.16595 0.6896727
0.2576416 -3.16595 0.6896727
0.07036012 -2.826411 0.275805
0.07036012 -2.826411 0.275805
0.07036012 -2.826411 0.275805
0.07036012 -2.826411 0.275805
0.07036012 -2.826411 0.275805
0.07036012 -2.826411 0.275805
0.07036012 -2.826411 0.275805
0.07036012 -2.826411 0.275805
0.07036012 -2.826411 0.275805
0.07036012 -2.826411 0.275805
0.07036012 -2.826411 0.275805
0.07036012 -2.826411 0.275805
0.07036012 -2.826411 0.275805
0.07036012 -2.826411 0.275805
0.07036012 -2.826411 0.275805
0.07036012 -2.826411 0.275805
0.07036012 -2.826411 0.275805
0.07036012 -2.826411 0.275805
0.07036012 -2.826411 0.275805
0.07036012 -2.826411 0.275805
0.07036012 -2.826411 0.275805
0.07036012 -2.826411 0.275805
0.07036012 -2.826411 0.275805
0.07036012 -2.826411 0.275805
0.07036012 -2.826411 0.275805
0.07036012 -2.826411 0.275805
0.07036012 -2.826411 0.275805
0.07036012 -2.826411 0.275805
0.136306 -3.142693 0.405458
0.136306 -3.142693 0.405458
0.480574 -2.422076 0.2809026
0.480574 -2.422076 0.2809026
0.480574 -2.422076 0.2809026
0.480574 -2.422076 0.2809026
0.480574 -2.422076 0.2809026
0.480574 -2.422076 0.2809026
0.480574 -2.422076 0.2809026
0.480574 -2.422076 0.2809026
0.480574 -2.422076 0.2809026
0.480574 -2.422076 0.2809026
0.480574 -2.422076 0.2809026
0.480574 -2.422076 0.2809026
0.480574 -2.422076 0.2809026
0.480574 -2.422076 0.2809026
0.480574 -2.422076 0.2809026
0.480574 -2.422076 0.2809026
0.4698372 -2.340049 0.5169889
0.4698372 -2.340049 0.5169889
0.4698372 -2.340049 0.5169889
0.4698372 -2.340049 0.5169889
0.4698372 -2.340049 0.5169889
0.4698372 -2.340049 0.5169889
0.4698372 -2.340049 0.5169889
0.4698372 -2.340049 0.5169889
0.4698372 -2.340049 0.5169889
0.4698372 -2.340049 0.5169889
0.4698372 -2.340049 0.5169889
0.4698372 -2.340049 0.5169889
0.4698372 -2.340049 0.5169889
0.4698372 -2.340049 0.5169889
0.4698372 -2.340049 0.5169889
0.4698372 -2.340049 0.5169889
0.4698372 -2.340049 0.5169889
0.4698372 -2.340049 0.5169889
0.4698372 -2.340049 0.5169889
0.4698372 -2.340049 0.5169889
0.4698372 -2.340049 0.5169889
0.4698372 -2.340049 0.5169889
0.4698372 -2.340049 0.5169889
0.4698372 -2.340049 0.5169889
0.4698372 -2.340049 0.5169889
0.4698372 -2.340049 0.5169889
0.4698372 -2.340049 0.5169889
0.4698372 -2.340049 0.5169889
0.4698372 -2.340049 0.5169889
0.4698372 -2.340049 0.5169889
0.4698372 -2.340049 0.5169889
0.4698372 -2.340049 0.5169889
0.4698372 -2.340049 0.5169889
0.4698372 -2.340049 0.5169889
0.4698372 -2.340049 0.5169889
0.4698372 -2.340049 0.5169889
0.4698372 -2.340049 0.5169889
0.4698372 -2.340049 0.5169889
0.4698372 -2.340049 0.5169889
0.4698372 -2.340049 0.5169889
0.4698372 -2.340049 0.5169889
0.4698372 -2.340049 0.5169889
0.5294078 -2.322114 0.557745
0.5294078 -2.322114 0.557745
0.5294078 -2.322114 0.557745
0.5294078 -2.322114 0.557745
0.5294078 -2.322114 0.557745
0.5294078 -2.322114 0.557745
0.5294078 -2.322114 0.557745
0.5294078 -2.322114 0.557745
0.5294078 -2.322114 0.557745
0.5294078 -2.322114 0.557745
0.5294078 -2.322114 0.557745
0.5294078 -2.322114 0.557745
0.5294078 -2.322114 0.557745
0.5294078 -2.322114 0.557745
0.5294078 -2.322114 0.557745
0.5294078 -2.322114 0.557745
0.6061904 -2.154545 0.592048
0.6061904 -2.154545 0.592048
0.6061904 -2.154545 0.592048
0.6061904 -2.154545 0.592048
0.6061904 -2.154545 0.592048
0.6061904 -2.154545 0.592048
0.6061904 -2.154545 0.592048
0.6061904 -2.154545 0.592048
0.6061904 -2.154545 0.592048
0.6061904 -2.154545 0.592048
0.6061904 -2.154545 0.592048
0.6061904 -2.154545 0.592048
0.6061904 -2.154545 0.592048
0.6061904 -2.154545 0.592048
0.6061904 -2.154545 0.592048
0.6061904 -2.154545 0.592048
0.6061904 -2.154545 0.592048
0.6061904 -2.154545 0.592048
0.6061904 -2.154545 0.592048
0.6061904 -2.154545 0.592048
0.6061904 -2.154545 0.592048
0.6061904 -2.154545 0.592048
0.6061904 -2.154545 0.592048
0.6061904 -2.154545 0.592048
0.6061904 -2.154545 0.592048
0.6061904 -2.154545 0.592048
0.6061904 -2.154545 0.592048
0.6061904 -2.154545 0.592048
0.6061904 -2.154545 0.592048
0.6061904 -2.154545 0.592048
0.6061904 -2.154545 0.592048
0.6061904 -2.154545 0.592048
0.6061904 -2.154545 0.592048
0.6061904 -2.154545 0.592048
0.6061904 -2.154545 0.592048
0.6061904 -2.154545 0.592048
0.6061904 -2.154545 0.592048
0.6061904 -2.154545 0.592048
0.6061904 -2.154545 0.592048
0.6061904 -2.154545 0.592048
0.6061904 -2.154545 0.592048
0.6061904 -2.154545 0.592048
0.6061904 -2.154545 0.592048
0.6061904 -2.154545 0.592048
0.6223391 -2.309353 0.6073363
0.6223391 -2.309353 0.6073363
0.6223391 -2.309353 0.6073363
0.6223391 -2.309353 0.6073363
0.6223391 -2.309353 0.6073363
0.6223391 -2.309353 0.6073363
0.6223391 -2.309353 0.6073363
0.6223391 -2.309353 0.6073363
0.6223391 -2.309353 0.6073363
0.6223391 -2.309353 0.6073363
0.6223391 -2.309353 0.6073363
0.6223391 -2.309353 0.6073363
0.6223391 -2.309353 0.6073363
0.6223391 -2.309353 0.6073363
0.6223391 -2.309353 0.6073363
0.6223391 -2.309353 0.6073363
0.6223391 -2.309353 0.6073363
0.6223391 -2.309353 0.6073363
0.6223391 -2.309353 0.6073363
0.6223391 -2.309353 0.6073363
0.6223391 -2.309353 0.6073363
0.6223391 -2.309353 0.6073363
0.6223391 -2.309353 0.6073363
0.6223391 -2.309353 0.6073363
0.6223391 -2.309353 0.6073363
0.6223391 -2.309353 0.6073363
0.6223391 -2.309353 0.6073363
0.6223391 -2.309353 0.6073363
0.6223391 -2.309353 0.6073363
0.6223391 -2.309353 0.6073363
0.6223391 -2.309353 0.6073363
0.6223391 -2.309353 0.6073363
0.6223391 -2.309353 0.6073363
0.6223391 -2.309353 0.6073363
0.6223391 -2.309353 0.6073363
0.6223391 -2.309353 0.6073363
0.3264622 -2.467702 0.4913642
0.3264622 -2.467702 0.4913642
0.3264622 -2.467702 0.4913642
0.3264622 -2.467702 0.4913642
0.3264622 -2.467702 0.4913642
0.3264622 -2.467702 0.4913642
0.3264622 -2.467702 0.4913642
0.3264622 -2.467702 0.4913642
0.3264622 -2.467702 0.4913642
0.3264622 -2.467702 0.4913642
0.3264622 -2.467702 0.4913642
0.3264622 -2.467702 0.4913642
0.3264622 -2.467702 0.4913642
0.3264622 -2.467702 0.4913642
0.3264622 -2.467702 0.4913642
0.3264622 -2.467702 0.4913642
0.3264622 -2.467702 0.4913642
0.3264622 -2.467702 0.4913642
0.3264622 -2.467702 0.4913642
0.3264622 -2.467702 0.4913642
0.3264622 -2.467702 0.4913642
0.3264622 -2.467702 0.4913642
0.3264622 -2.467702 0.4913642
0.3264622 -2.467702 0.4913642
0.3393187 -2.57078 0.4950542
0.3393187 -2.57078 0.4950542
0.3393187 -2.57078 0.4950542
0.3393187 -2.57078 0.4950542
0.3393187 -2.57078 0.4950542
0.3393187 -2.57078 0.4950542
0.3393187 -2.57078 0.4950542
0.3393187 -2.57078 0.4950542
0.3393187 -2.57078 0.4950542
0.3393187 -2.57078 0.4950542
0.3393187 -2.57078 0.4950542
0.3393187 -2.57078 0.4950542
0.3393187 -2.57078 0.4950542
0.3393187 -2.57078 0.4950542
0.3393187 -2.57078 0.4950542
0.3393187 -2.57078 0.4950542
0.3393187 -2.57078 0.4950542
0.3393187 -2.57078 0.4950542
0.3393187 -2.57078 0.4950542
0.3393187 -2.57078 0.4950542
0.3393187 -2.57078 0.4950542
0.3393187 -2.57078 0.4950542
0.3393187 -2.57078 0.4950542
0.3393187 -2.57078 0.4950542
0.3393187 -2.57078 0.4950542
0.3393187 -2.57078 0.4950542
0.3393187 -2.57078 0.4950542
0.3393187 -2.57078 0.4950542
0.3393187 -2.57078 0.4950542
0.3393187 -2.57078 0.4950542
0.3393187 -2.57078 0.4950542
0.3393187 -2.57078 0.4950542
0.3393187 -2.57078 0.4950542
0.3393187 -2.57078 0.4950542
0.3393187 -2.57078 0.4950542
0.3393187 -2.57078 0.4950542
0.3393187 -2.57078 0.4950542
0.3393187 -2.57078 0.4950542
0.3393187 -2.57078 0.4950542
0.3393187 -2.57078 0.4950542
0.3393187 -2.57078 0.4950542
0.3393187 -2.57078 0.4950542
0.3393187 -2.57078 0.4950542
0.3393187 -2.57078 0.4950542
0.3393187 -2.57078 0.4950542
0.3393187 -2.57078 0.4950542
0.3393187 -2.57078 0.4950542
0.3393187 -2.57078 0.4950542
0.3393187 -2.57078 0.4950542
0.3393187 -2.57078 0.4950542
0.3393187 -2.57078 0.4950542
0.3393187 -2.57078 0.4950542
0.3393187 -2.57078 0.4950542
0.3393187 -2.57078 0.4950542
0.3393187 -2.57078 0.4950542
0.3393187 -2.57078 0.4950542
0.3393187 -2.57078 0.4950542
0.3393187 -2.57078 0.4950542
0.3393187 -2.57078 0.4950542
0.3393187 -2.57078 0.4950542
0.3518927 -2.631944 0.5003475
0.3518927 -2.631944 0.5003475
0.3518927 -2.631944 0.5003475
0.3518927 -2.631944 0.5003475
0.3518927 -2.631944 0.5003475
0.3518927 -2.631944 0.5003475
0.3518927 -2.631944 0.5003475
0.3518927 -2.631944 0.5003475
0.3518927 -2.631944 0.5003475
0.3518927 -2.631944 0.5003475
0.3518927 -2.631944 0.5003475
0.3518927 -2.631944 0.5003475
0.3518927 -2.631944 0.5003475
0.3518927 -2.631944 0.5003475
0.3518927 -2.631944 0.5003475
0.3518927 -2.631944 0.5003475
0.3518927 -2.631944 0.5003475
0.3518927 -2.631944 0.5003475
0.3518927 -2.631944 0.5003475
0.3518927 -2.631944 0.5003475
0.3518927 -2.631944 0.5003475
0.3518927 -2.631944 0.5003475
0.3518927 -2.631944 0.5003475
0.3518927 -2.631944 0.5003475
0.3518927 -2.631944 0.5003475
0.3518927 -2.631944 0.5003475
0.3518927 -2.631944 0.5003475
0.3518927 -2.631944 0.5003475
0.3518927 -2.631944 0.5003475
0.3518927 -2.631944 0.5003475
0.3518927 -2.631944 0.5003475
0.3518927 -2.631944 0.5003475
0.3518927 -2.631944 0.5003475
0.3518927 -2.631944 0.5003475
0.3518927 -2.631944 0.5003475
0.3518927 -2.631944 0.5003475
0.3518927 -2.631944 0.5003475
0.3518927 -2.631944 0.5003475
0.3518927 -2.631944 0.5003475
0.3518927 -2.631944 0.5003475
0.3518927 -2.631944 0.5003475
0.3518927 -2.631944 0.5003475
0.3518927 -2.631944 0.5003475
0.3518927 -2.631944 0.5003475
0.3518927 -2.631944 0.5003475
0.3518927 -2.631944 0.5003475
0.3518927 -2.631944 0.5003475
0.3518927 -2.631944 0.5003475
0.3518927 -2.631944 0.5003475
0.3518927 -2.631944 0.5003475
0.3518927 -2.631944 0.5003475
0.3518927 -2.631944 0.5003475
0.3518927 -2.631944 0.5003475
0.3518927 -2.631944 0.5003475
0.3518927 -2.631944 0.5003475
0.3518927 -2.631944 0.5003475
0.3518927 -2.631944 0.5003475
0.3518927 -2.631944 0.5003475
0.3518927 -2.631944 0.5003475
0.3518927 -2.631944 0.5003475
0.3464363 -2.681699 0.5011721
0.3464363 -2.681699 0.5011721
0.3464363 -2.681699 0.5011721
0.3464363 -2.681699 0.5011721
0.3464363 -2.681699 0.5011721
0.3464363 -2.681699 0.5011721
0.3464363 -2.681699 0.5011721
0.3464363 -2.681699 0.5011721
0.3464363 -2.681699 0.5011721
0.3464363 -2.681699 0.5011721
0.3464363 -2.681699 0.5011721
0.3464363 -2.681699 0.5011721
0.3464363 -2.681699 0.5011721
0.3464363 -2.681699 0.5011721
0.3464363 -2.681699 0.5011721
0.3464363 -2.681699 0.5011721
0.3464363 -2.681699 0.5011721
0.3464363 -2.681699 0.5011721
0.3464363 -2.681699 0.5011721
0.3464363 -2.681699 0.5011721
0.3464363 -2.681699 0.5011721
0.3464363 -2.681699 0.5011721
0.3464363 -2.681699 0.5011721
0.3464363 -2.681699 0.5011721
0.3464363 -2.681699 0.5011721
0.3464363 -2.681699 0.5011721
0.3464363 -2.681699 0.5011721
0.3464363 -2.681699 0.5011721
0.3464363 -2.681699 0.5011721
0.3464363 -2.681699 0.5011721
0.3464363 -2.681699 0.5011721
0.3464363 -2.681699 0.5011721
0.3464363 -2.681699 0.5011721
0.3464363 -2.681699 0.5011721
0.3464363 -2.681699 0.5011721
0.3464363 -2.681699 0.5011721
0.3464363 -2.681699 0.5011721
0.3464363 -2.681699 0.5011721
0.3464363 -2.681699 0.5011721
0.3464363 -2.681699 0.5011721
0.3464363 -2.681699 0.5011721
0.3464363 -2.681699 0.5011721
0.3464363 -2.681699 0.5011721
0.3464363 -2.681699 0.5011721
0.3464363 -2.681699 0.5011721
0.3464363 -2.681699 0.5011721
0.3464363 -2.681699 0.5011721
0.3464363 -2.681699 0.5011721
0.3464363 -2.681699 0.5011721
0.3464363 -2.681699 0.5011721
0.3464363 -2.681699 0.5011721
0.3464363 -2.681699 0.5011721
0.3464363 -2.681699 0.5011721
0.3464363 -2.681699 0.5011721
0.3464363 -2.681699 0.5011721
0.3464363 -2.681699 0.5011721
0.3464363 -2.681699 0.5011721
0.3464363 -2.681699 0.5011721
0.3464363 -2.681699 0.5011721
0.3464363 -2.681699 0.5011721
0.3369704 -2.715606 0.5005855
0.3369704 -2.715606 0.5005855
0.3369704 -2.715606 0.5005855
0.3369704 -2.715606 0.5005855
0.3369704 -2.715606 0.5005855
0.3369704 -2.715606 0.5005855
0.3369704 -2.715606 0.5005855
0.3369704 -2.715606 0.5005855
0.3369704 -2.715606 0.5005855
0.3369704 -2.715606 0.5005855
0.3369704 -2.715606 0.5005855
0.3369704 -2.715606 0.5005855
0.3369704 -2.715606 0.5005855
0.3369704 -2.715606 0.5005855
0.3369704 -2.715606 0.5005855
0.3369704 -2.715606 0.5005855
0.3369704 -2.715606 0.5005855
0.3369704 -2.715606 0.5005855
0.3369704 -2.715606 0.5005855
0.3369704 -2.715606 0.5005855
0.3369704 -2.715606 0.5005855
0.3369704 -2.715606 0.5005855
0.3369704 -2.715606 0.5005855
0.3369704 -2.715606 0.5005855
0.3369704 -2.715606 0.5005855
0.3369704 -2.715606 0.5005855
0.3369704 -2.715606 0.5005855
0.3369704 -2.715606 0.5005855
0.3369704 -2.715606 0.5005855
0.3369704 -2.715606 0.5005855
0.3369704 -2.715606 0.5005855
0.3369704 -2.715606 0.5005855
0.3369704 -2.715606 0.5005855
0.3369704 -2.715606 0.5005855
0.3369704 -2.715606 0.5005855
0.3369704 -2.715606 0.5005855
0.3369704 -2.715606 0.5005855
0.3369704 -2.715606 0.5005855
0.3369704 -2.715606 0.5005855
0.3369704 -2.715606 0.5005855
0.3369704 -2.715606 0.5005855
0.3369704 -2.715606 0.5005855
0.3369704 -2.715606 0.5005855
0.3369704 -2.715606 0.5005855
0.3369704 -2.715606 0.5005855
0.3369704 -2.715606 0.5005855
0.3369704 -2.715606 0.5005855
0.3369704 -2.715606 0.5005855
0.3369704 -2.715606 0.5005855
0.3369704 -2.715606 0.5005855
0.3369704 -2.715606 0.5005855
0.3369704 -2.715606 0.5005855
0.3369704 -2.715606 0.5005855
0.3369704 -2.715606 0.5005855
0.3369704 -2.715606 0.5005855
0.3369704 -2.715606 0.5005855
0.3369704 -2.715606 0.5005855
0.3369704 -2.715606 0.5005855
0.3369704 -2.715606 0.5005855
0.3369704 -2.715606 0.5005855
0.3417821 -2.732209 0.5057739
0.3417821 -2.732209 0.5057739
0.3417821 -2.732209 0.5057739
0.3417821 -2.732209 0.5057739
0.3417821 -2.732209 0.5057739
0.3417821 -2.732209 0.5057739
0.3417821 -2.732209 0.5057739
0.3417821 -2.732209 0.5057739
0.3417821 -2.732209 0.5057739
0.3417821 -2.732209 0.5057739
0.3417821 -2.732209 0.5057739
0.3417821 -2.732209 0.5057739
0.3417821 -2.732209 0.5057739
0.3417821 -2.732209 0.5057739
0.3417821 -2.732209 0.5057739
0.3417821 -2.732209 0.5057739
0.3417821 -2.732209 0.5057739
0.3417821 -2.732209 0.5057739
0.3417821 -2.732209 0.5057739
0.3417821 -2.732209 0.5057739
0.3417821 -2.732209 0.5057739
0.3417821 -2.732209 0.5057739
0.3417821 -2.732209 0.5057739
0.3417821 -2.732209 0.5057739
0.3417821 -2.732209 0.5057739
0.3417821 -2.732209 0.5057739
0.3417821 -2.732209 0.5057739
0.3417821 -2.732209 0.5057739
0.3417821 -2.732209 0.5057739
0.3417821 -2.732209 0.5057739
0.3417821 -2.732209 0.5057739
0.3417821 -2.732209 0.5057739
0.3417821 -2.732209 0.5057739
0.3417821 -2.732209 0.5057739
0.3417821 -2.732209 0.5057739
0.3417821 -2.732209 0.5057739
0.3417821 -2.732209 0.5057739
0.3417821 -2.732209 0.5057739
0.3417821 -2.732209 0.5057739
0.3417821 -2.732209 0.5057739
0.3417821 -2.732209 0.5057739
0.3417821 -2.732209 0.5057739
0.3417821 -2.732209 0.5057739
0.3417821 -2.732209 0.5057739
0.3417821 -2.732209 0.5057739
0.3417821 -2.732209 0.5057739
0.3417821 -2.732209 0.5057739
0.3417821 -2.732209 0.5057739
0.3417821 -2.732209 0.5057739
0.3417821 -2.732209 0.5057739
0.3417821 -2.732209 0.5057739
0.3417821 -2.732209 0.5057739
0.3417821 -2.732209 0.5057739
0.3417821 -2.732209 0.5057739
0.3417821 -2.732209 0.5057739
0.3417821 -2.732209 0.5057739
0.3417821 -2.732209 0.5057739
0.3417821 -2.732209 0.5057739
0.3417821 -2.732209 0.5057739
0.3417821 -2.732209 0.5057739
0.3485735 -2.743256 0.5083453
0.3485735 -2.743256 0.5083453
0.3485735 -2.743256 0.5083453
0.3485735 -2.743256 0.5083453
0.3485735 -2.743256 0.5083453
0.3485735 -2.743256 0.5083453
0.3485735 -2.743256 0.5083453
0.3485735 -2.743256 0.5083453
0.3485735 -2.743256 0.5083453
0.3485735 -2.743256 0.5083453
0.3485735 -2.743256 0.5083453
0.3485735 -2.743256 0.5083453
0.3485735 -2.743256 0.5083453
0.3485735 -2.743256 0.5083453
0.3485735 -2.743256 0.5083453
0.3485735 -2.743256 0.5083453
0.3485735 -2.743256 0.5083453
0.3485735 -2.743256 0.5083453
0.3485735 -2.743256 0.5083453
0.3485735 -2.743256 0.5083453
0.3485735 -2.743256 0.5083453
0.3485735 -2.743256 0.5083453
0.3485735 -2.743256 0.5083453
0.3485735 -2.743256 0.5083453
0.3485735 -2.743256 0.5083453
0.3485735 -2.743256 0.5083453
0.2760186 -2.466784 0.3625458
0.2760186 -2.466784 0.3625458
0.2760186 -2.466784 0.3625458
0.2760186 -2.466784 0.3625458
0.2760186 -2.466784 0.3625458
0.2760186 -2.466784 0.3625458
0.2760186 -2.466784 0.3625458
0.2760186 -2.466784 0.3625458
0.2760186 -2.466784 0.3625458
0.2760186 -2.466784 0.3625458
0.2760186 -2.466784 0.3625458
0.2760186 -2.466784 0.3625458
0.2760186 -2.466784 0.3625458
0.2760186 -2.466784 0.3625458
0.2760186 -2.466784 0.3625458
0.2760186 -2.466784 0.3625458
0.2760186 -2.466784 0.3625458
0.2760186 -2.466784 0.3625458
0.2760186 -2.466784 0.3625458
0.2760186 -2.466784 0.3625458
0.2760186 -2.466784 0.3625458
0.2760186 -2.466784 0.3625458
0.2760186 -2.466784 0.3625458
0.2760186 -2.466784 0.3625458
0.2760186 -2.466784 0.3625458
0.2760186 -2.466784 0.3625458
0.2760186 -2.466784 0.3625458
0.2760186 -2.466784 0.3625458
0.2760186 -2.466784 0.3625458
0.2760186 -2.466784 0.3625458
0.2760186 -2.466784 0.3625458
0.2760186 -2.466784 0.3625458
0.2760186 -2.466784 0.3625458
0.2760186 -2.466784 0.3625458
0.2634638 -2.47349 0.3633907
0.2634638 -2.47349 0.3633907
0.2634638 -2.47349 0.3633907
0.2634638 -2.47349 0.3633907
0.2634638 -2.47349 0.3633907
0.2634638 -2.47349 0.3633907
0.2634638 -2.47349 0.3633907
0.2634638 -2.47349 0.3633907
0.2634638 -2.47349 0.3633907
0.2634638 -2.47349 0.3633907
0.2634638 -2.47349 0.3633907
0.2634638 -2.47349 0.3633907
0.2634638 -2.47349 0.3633907
0.2634638 -2.47349 0.3633907
0.2634638 -2.47349 0.3633907
0.2634638 -2.47349 0.3633907
0.2634638 -2.47349 0.3633907
0.2634638 -2.47349 0.3633907
0.2634638 -2.47349 0.3633907
0.2634638 -2.47349 0.3633907
0.2634638 -2.47349 0.3633907
0.2634638 -2.47349 0.3633907
0.2634638 -2.47349 0.3633907
0.2634638 -2.47349 0.3633907
0.2634638 -2.47349 0.3633907
0.2634638 -2.47349 0.3633907
0.2634638 -2.47349 0.3633907
0.2634638 -2.47349 0.3633907
0.2634638 -2.47349 0.3633907
0.2634638 -2.47349 0.3633907
0.2634638 -2.47349 0.3633907
0.2634638 -2.47349 0.3633907
0.2634638 -2.47349 0.3633907
0.2634638 -2.47349 0.3633907
0.2634638 -2.47349 0.3633907
0.2634638 -2.47349 0.3633907
0.2634638 -2.47349 0.3633907
0.2634638 -2.47349 0.3633907
0.2634638 -2.47349 0.3633907
0.2634638 -2.47349 0.3633907
0.2634638 -2.47349 0.3633907
0.2634638 -2.47349 0.3633907
0.2634638 -2.47349 0.3633907
0.2634638 -2.47349 0.3633907
0.2634638 -2.47349 0.3633907
0.2634638 -2.47349 0.3633907
0.2634638 -2.47349 0.3633907
0.2634638 -2.47349 0.3633907
0.2634638 -2.47349 0.3633907
0.2634638 -2.47349 0.3633907
0.2634638 -2.47349 0.3633907
0.2634638 -2.47349 0.3633907
0.2634638 -2.47349 0.3633907
0.2634638 -2.47349 0.3633907
0.2634638 -2.47349 0.3633907
0.2634638 -2.47349 0.3633907
0.2634638 -2.47349 0.3633907
0.2634638 -2.47349 0.3633907
0.2634638 -2.47349 0.3633907
0.2634638 -2.47349 0.3633907
0.2470277 -2.478193 0.3640208
0.2470277 -2.478193 0.3640208
0.2470277 -2.478193 0.3640208
0.2470277 -2.478193 0.3640208
0.2470277 -2.478193 0.3640208
0.2470277 -2.478193 0.3640208
0.2470277 -2.478193 0.3640208
0.2470277 -2.478193 0.3640208
0.1415238 -2.730029 0.8945394
0.1415238 -2.730029 0.8945394
0.1415238 -2.730029 0.8945394
0.1415238 -2.730029 0.8945394
0.1415238 -2.730029 0.8945394
0.1415238 -2.730029 0.8945394
0.1415238 -2.730029 0.8945394
0.1415238 -2.730029 0.8945394
0.1415238 -2.730029 0.8945394
0.1415238 -2.730029 0.8945394
0.1415238 -2.730029 0.8945394
0.1415238 -2.730029 0.8945394
0.1415238 -2.730029 0.8945394
0.1415238 -2.730029 0.8945394
0.1415238 -2.730029 0.8945394
0.1415238 -2.730029 0.8945394
0.1415238 -2.730029 0.8945394
0.1415238 -2.730029 0.8945394
0.1415238 -2.730029 0.8945394
0.1415238 -2.730029 0.8945394
0.1415238 -2.730029 0.8945394
0.1415238 -2.730029 0.8945394
0.1415238 -2.730029 0.8945394
0.1415238 -2.730029 0.8945394
0.1415238 -2.730029 0.8945394
0.1415238 -2.730029 0.8945394
0.1415238 -2.730029 0.8945394
0.1415238 -2.730029 0.8945394
0.1415238 -2.730029 0.8945394
0.1415238 -2.730029 0.8945394
0.1415238 -2.730029 0.8945394
0.1415238 -2.730029 0.8945394
0.1415238 -2.730029 0.8945394
0.1415238 -2.730029 0.8945394
0.1415238 -2.730029 0.8945394
0.1415238 -2.730029 0.8945394
0.1415238 -2.730029 0.8945394
0.1415238 -2.730029 0.8945394
0.1415238 -2.730029 0.8945394
0.1415238 -2.730029 0.8945394
0.1415238 -2.730029 0.8945394
0.1415238 -2.730029 0.8945394
0.1415238 -2.730029 0.8945394
0.1415238 -2.730029 0.8945394
0.1415238 -2.730029 0.8945394
0.1415238 -2.730029 0.8945394
0.1415238 -2.730029 0.8945394
0.163809 -2.717412 0.5643753
0.163809 -2.717412 0.5643753
0.163809 -2.717412 0.5643753
0.163809 -2.717412 0.5643753
0.163809 -2.717412 0.5643753
0.1481511 -2.719966 0.5658814
0.1481511 -2.719966 0.5658814
0.1481511 -2.719966 0.5658814
0.1481511 -2.719966 0.5658814
0.1481511 -2.719966 0.5658814
0.1481511 -2.719966 0.5658814
0.1481511 -2.719966 0.5658814
0.1481511 -2.719966 0.5658814
0.1481511 -2.719966 0.5658814
0.1481511 -2.719966 0.5658814
0.1481511 -2.719966 0.5658814
0.1481511 -2.719966 0.5658814
0.1481511 -2.719966 0.5658814
0.1481511 -2.719966 0.5658814
0.1481511 -2.719966 0.5658814
0.1481511 -2.719966 0.5658814
0.1481511 -2.719966 0.5658814
0.1481511 -2.719966 0.5658814
0.1481511 -2.719966 0.5658814
0.1481511 -2.719966 0.5658814
0.1481511 -2.719966 0.5658814
0.1481511 -2.719966 0.5658814
0.1481511 -2.719966 0.5658814
0.1481511 -2.719966 0.5658814
0.1481511 -2.719966 0.5658814
0.1481511 -2.719966 0.5658814
0.1481511 -2.719966 0.5658814
0.1481511 -2.719966 0.5658814
0.1481511 -2.719966 0.5658814
0.1481511 -2.719966 0.5658814
0.1481511 -2.719966 0.5658814
0.1481511 -2.719966 0.5658814
0.1481511 -2.719966 0.5658814
0.1481511 -2.719966 0.5658814
0.1481511 -2.719966 0.5658814
0.1481511 -2.719966 0.5658814
0.1481511 -2.719966 0.5658814
0.1481511 -2.719966 0.5658814
0.1481511 -2.719966 0.5658814
0.1481511 -2.719966 0.5658814
0.1481511 -2.719966 0.5658814
0.1481511 -2.719966 0.5658814
0.1481511 -2.719966 0.5658814
0.1481511 -2.719966 0.5658814
0.1481511 -2.719966 0.5658814
0.1481511 -2.719966 0.5658814
0.1481511 -2.719966 0.5658814
0.1481511 -2.719966 0.5658814
0.1481511 -2.719966 0.5658814
0.1481511 -2.719966 0.5658814
0.1481511 -2.719966 0.5658814
0.1481511 -2.719966 0.5658814
0.1481511 -2.719966 0.5658814
0.1481511 -2.719966 0.5658814
0.1481511 -2.719966 0.5658814
0.1481511 -2.719966 0.5658814
0.1481511 -2.719966 0.5658814
0.1481511 -2.719966 0.5658814
0.1481511 -2.719966 0.5658814
0.1481511 -2.719966 0.5658814
0.134502 -2.721832 0.5672579
0.134502 -2.721832 0.5672579
0.134502 -2.721832 0.5672579
0.134502 -2.721832 0.5672579
0.134502 -2.721832 0.5672579
0.134502 -2.721832 0.5672579
0.134502 -2.721832 0.5672579
0.134502 -2.721832 0.5672579
0.134502 -2.721832 0.5672579
0.134502 -2.721832 0.5672579
0.134502 -2.721832 0.5672579
0.134502 -2.721832 0.5672579
0.134502 -2.721832 0.5672579
0.134502 -2.721832 0.5672579
0.134502 -2.721832 0.5672579
0.134502 -2.721832 0.5672579
0.134502 -2.721832 0.5672579
0.134502 -2.721832 0.5672579
0.134502 -2.721832 0.5672579
0.134502 -2.721832 0.5672579
0.134502 -2.721832 0.5672579
0.134502 -2.721832 0.5672579
0.134502 -2.721832 0.5672579
0.134502 -2.721832 0.5672579
0.134502 -2.721832 0.5672579
0.134502 -2.721832 0.5672579
0.134502 -2.721832 0.5672579
0.134502 -2.721832 0.5672579
0.134502 -2.721832 0.5672579
0.134502 -2.721832 0.5672579
0.134502 -2.721832 0.5672579
0.134502 -2.721832 0.5672579
0.134502 -2.721832 0.5672579
0.134502 -2.721832 0.5672579
0.134502 -2.721832 0.5672579
0.134502 -2.721832 0.5672579
0.134502 -2.721832 0.5672579
0.134502 -2.721832 0.5672579
0.134502 -2.721832 0.5672579
0.134502 -2.721832 0.5672579
0.134502 -2.721832 0.5672579
0.134502 -2.721832 0.5672579
0.134502 -2.721832 0.5672579
0.134502 -2.721832 0.5672579
0.134502 -2.721832 0.5672579
0.134502 -2.721832 0.5672579
0.134502 -2.721832 0.5672579
0.134502 -2.721832 0.5672579
0.134502 -2.721832 0.5672579
0.134502 -2.721832 0.5672579
0.134502 -2.721832 0.5672579
0.134502 -2.721832 0.5672579
0.134502 -2.721832 0.5672579
0.134502 -2.721832 0.5672579
0.134502 -2.721832 0.5672579
0.134502 -2.721832 0.5672579
0.134502 -2.721832 0.5672579
0.134502 -2.721832 0.5672579
0.134502 -2.721832 0.5672579
0.134502 -2.721832 0.5672579
0.1223672 -2.723238 0.5685055
0.1223672 -2.723238 0.5685055
0.1223672 -2.723238 0.5685055
0.1223672 -2.723238 0.5685055
0.1223672 -2.723238 0.5685055
0.1223672 -2.723238 0.5685055
0.1223672 -2.723238 0.5685055
0.1223672 -2.723238 0.5685055
0.1223672 -2.723238 0.5685055
0.1223672 -2.723238 0.5685055
0.1223672 -2.723238 0.5685055
0.1223672 -2.723238 0.5685055
0.1223672 -2.723238 0.5685055
0.1223672 -2.723238 0.5685055
0.1223672 -2.723238 0.5685055
0.1223672 -2.723238 0.5685055
0.1223672 -2.723238 0.5685055
0.1223672 -2.723238 0.5685055
0.1223672 -2.723238 0.5685055
0.1223672 -2.723238 0.5685055
0.1223672 -2.723238 0.5685055
0.1223672 -2.723238 0.5685055
0.1223672 -2.723238 0.5685055
0.1223672 -2.723238 0.5685055
0.1223672 -2.723238 0.5685055
0.1223672 -2.723238 0.5685055
0.1223672 -2.723238 0.5685055
0.1223672 -2.723238 0.5685055
0.1223672 -2.723238 0.5685055
0.1223672 -2.723238 0.5685055
0.1223672 -2.723238 0.5685055
0.1223672 -2.723238 0.5685055
0.1223672 -2.723238 0.5685055
0.1223672 -2.723238 0.5685055
0.1223672 -2.723238 0.5685055
0.1223672 -2.723238 0.5685055
0.1223672 -2.723238 0.5685055
0.1223672 -2.723238 0.5685055
0.1223672 -2.723238 0.5685055
0.1223672 -2.723238 0.5685055
0.1223672 -2.723238 0.5685055
0.1223672 -2.723238 0.5685055
0.1223672 -2.723238 0.5685055
0.1223672 -2.723238 0.5685055
0.1223672 -2.723238 0.5685055
0.1223672 -2.723238 0.5685055
0.1223672 -2.723238 0.5685055
0.1223672 -2.723238 0.5685055
0.1223672 -2.723238 0.5685055
0.1223672 -2.723238 0.5685055
0.1223672 -2.723238 0.5685055
0.1223672 -2.723238 0.5685055
0.1223672 -2.723238 0.5685055
0.1223672 -2.723238 0.5685055
0.1223672 -2.723238 0.5685055
0.1223672 -2.723238 0.5685055
0.1223672 -2.723238 0.5685055
0.1223672 -2.723238 0.5685055
0.1223672 -2.723238 0.5685055
0.1223672 -2.723238 0.5685055
0.1114301 -2.724349 0.569611
0.1114301 -2.724349 0.569611
0.1114301 -2.724349 0.569611
0.1114301 -2.724349 0.569611
0.1114301 -2.724349 0.569611
0.1114301 -2.724349 0.569611
0.1114301 -2.724349 0.569611
0.1114301 -2.724349 0.569611
0.1114301 -2.724349 0.569611
0.1114301 -2.724349 0.569611
0.1114301 -2.724349 0.569611
0.1114301 -2.724349 0.569611
0.1114301 -2.724349 0.569611
0.1114301 -2.724349 0.569611
0.1114301 -2.724349 0.569611
0.1114301 -2.724349 0.569611
0.1114301 -2.724349 0.569611
0.1114301 -2.724349 0.569611
0.1114301 -2.724349 0.569611
0.1114301 -2.724349 0.569611
0.1114301 -2.724349 0.569611
0.1114301 -2.724349 0.569611
0.1114301 -2.724349 0.569611
0.1114301 -2.724349 0.569611
0.1114301 -2.724349 0.569611
0.1114301 -2.724349 0.569611
0.1114301 -2.724349 0.569611
0.1114301 -2.724349 0.569611
0.1114301 -2.724349 0.569611
0.1114301 -2.724349 0.569611
0.1114301 -2.724349 0.569611
0.1114301 -2.724349 0.569611
0.1114301 -2.724349 0.569611
0.1114301 -2.724349 0.569611
0.1114301 -2.724349 0.569611
0.1114301 -2.724349 0.569611
0.1114301 -2.724349 0.569611
0.3650757 -2.536593 0.5535586
0.3650757 -2.536593 0.5535586
0.3650757 -2.536593 0.5535586
0.3650757 -2.536593 0.5535586
0.3650757 -2.536593 0.5535586
0.3650757 -2.536593 0.5535586
0.3650757 -2.536593 0.5535586
0.3650757 -2.536593 0.5535586
0.3650757 -2.536593 0.5535586
0.3650757 -2.536593 0.5535586
0.3650757 -2.536593 0.5535586
0.3650757 -2.536593 0.5535586
0.3650757 -2.536593 0.5535586
0.3650757 -2.536593 0.5535586
0.3650757 -2.536593 0.5535586
0.3650757 -2.536593 0.5535586
0.3650757 -2.536593 0.5535586
0.3650757 -2.536593 0.5535586
0.3650757 -2.536593 0.5535586
0.3650757 -2.536593 0.5535586
0.3650757 -2.536593 0.5535586
0.3650757 -2.536593 0.5535586
0.3650757 -2.536593 0.5535586
0.3547634 -2.537524 0.5542623
0.3547634 -2.537524 0.5542623
0.3547634 -2.537524 0.5542623
0.3547634 -2.537524 0.5542623
0.3547634 -2.537524 0.5542623
0.3547634 -2.537524 0.5542623
0.3547634 -2.537524 0.5542623
0.3547634 -2.537524 0.5542623
0.3547634 -2.537524 0.5542623
0.3547634 -2.537524 0.5542623
0.3547634 -2.537524 0.5542623
0.3547634 -2.537524 0.5542623
0.3547634 -2.537524 0.5542623
0.3547634 -2.537524 0.5542623
0.3547634 -2.537524 0.5542623
0.3547634 -2.537524 0.5542623
0.3547634 -2.537524 0.5542623
0.3547634 -2.537524 0.5542623
0.3547634 -2.537524 0.5542623
0.3547634 -2.537524 0.5542623
0.3547634 -2.537524 0.5542623
0.3547634 -2.537524 0.5542623
0.3547634 -2.537524 0.5542623
0.3547634 -2.537524 0.5542623
0.3547634 -2.537524 0.5542623
0.3547634 -2.537524 0.5542623
0.3547634 -2.537524 0.5542623
0.3547634 -2.537524 0.5542623
0.3547634 -2.537524 0.5542623
0.3547634 -2.537524 0.5542623
0.3547634 -2.537524 0.5542623
0.3547634 -2.537524 0.5542623
0.3547634 -2.537524 0.5542623
0.3547634 -2.537524 0.5542623
0.3547634 -2.537524 0.5542623
0.3547634 -2.537524 0.5542623
0.3547634 -2.537524 0.5542623
0.3547634 -2.537524 0.5542623
0.3547634 -2.537524 0.5542623
0.3547634 -2.537524 0.5542623
0.3547634 -2.537524 0.5542623
0.3547634 -2.537524 0.5542623
0.3547634 -2.537524 0.5542623
0.3547634 -2.537524 0.5542623
0.3547634 -2.537524 0.5542623
0.3547634 -2.537524 0.5542623
0.3547634 -2.537524 0.5542623
0.3547634 -2.537524 0.5542623
0.3547634 -2.537524 0.5542623
0.3547634 -2.537524 0.5542623
0.3547634 -2.537524 0.5542623
0.3547634 -2.537524 0.5542623
0.3547634 -2.537524 0.5542623
0.3547634 -2.537524 0.5542623
0.3547634 -2.537524 0.5542623
0.3547634 -2.537524 0.5542623
0.3547634 -2.537524 0.5542623
0.3547634 -2.537524 0.5542623
0.3547634 -2.537524 0.5542623
0.3547634 -2.537524 0.5542623
0.3441774 -2.538142 0.5531342
0.3441774 -2.538142 0.5531342
0.3441774 -2.538142 0.5531342
0.3441774 -2.538142 0.5531342
0.3441774 -2.538142 0.5531342
0.3441774 -2.538142 0.5531342
0.3441774 -2.538142 0.5531342
0.3441774 -2.538142 0.5531342
0.3441774 -2.538142 0.5531342
0.3441774 -2.538142 0.5531342
0.3441774 -2.538142 0.5531342
0.3441774 -2.538142 0.5531342
0.3441774 -2.538142 0.5531342
0.3441774 -2.538142 0.5531342
0.3441774 -2.538142 0.5531342
0.3441774 -2.538142 0.5531342
0.3441774 -2.538142 0.5531342
0.3441774 -2.538142 0.5531342
0.3441774 -2.538142 0.5531342
0.3441774 -2.538142 0.5531342
0.3441774 -2.538142 0.5531342
0.3441774 -2.538142 0.5531342
0.3441774 -2.538142 0.5531342
0.3441774 -2.538142 0.5531342
0.3441774 -2.538142 0.5531342
0.3441774 -2.538142 0.5531342
0.3441774 -2.538142 0.5531342
0.3441774 -2.538142 0.5531342
0.3441774 -2.538142 0.5531342
0.3441774 -2.538142 0.5531342
0.3441774 -2.538142 0.5531342
0.3441774 -2.538142 0.5531342
0.3441774 -2.538142 0.5531342
0.3441774 -2.538142 0.5531342
0.3441774 -2.538142 0.5531342
0.3441774 -2.538142 0.5531342
0.3441774 -2.538142 0.5531342
0.3441774 -2.538142 0.5531342
0.3441774 -2.538142 0.5531342
0.3441774 -2.538142 0.5531342
0.3441774 -2.538142 0.5531342
0.3441774 -2.538142 0.5531342
0.3441774 -2.538142 0.5531342
0.3441774 -2.538142 0.5531342
0.3441774 -2.538142 0.5531342
0.3441774 -2.538142 0.5531342
0.3441774 -2.538142 0.5531342
0.3441774 -2.538142 0.5531342
0.3441774 -2.538142 0.5531342
0.3441774 -2.538142 0.5531342
0.3441774 -2.538142 0.5531342
0.3441774 -2.538142 0.5531342
0.3441774 -2.538142 0.5531342
0.3441774 -2.538142 0.5531342
0.3441774 -2.538142 0.5531342
0.3441774 -2.538142 0.5531342
0.3441774 -2.538142 0.5531342
0.3441774 -2.538142 0.5531342
0.3441774 -2.538142 0.5531342
0.3441774 -2.538142 0.5531342
0.3340489 -2.539002 0.5543747
0.3340489 -2.539002 0.5543747
0.3340489 -2.539002 0.5543747
0.3340489 -2.539002 0.5543747
0.3340489 -2.539002 0.5543747
0.3340489 -2.539002 0.5543747
0.3340489 -2.539002 0.5543747
0.3340489 -2.539002 0.5543747
0.3340489 -2.539002 0.5543747
0.3340489 -2.539002 0.5543747
0.3340489 -2.539002 0.5543747
0.3340489 -2.539002 0.5543747
0.3340489 -2.539002 0.5543747
0.3340489 -2.539002 0.5543747
0.3340489 -2.539002 0.5543747
0.3340489 -2.539002 0.5543747
0.3340489 -2.539002 0.5543747
0.3340489 -2.539002 0.5543747
0.3340489 -2.539002 0.5543747
0.3340489 -2.539002 0.5543747
0.3340489 -2.539002 0.5543747
0.3340489 -2.539002 0.5543747
0.3340489 -2.539002 0.5543747
0.3340489 -2.539002 0.5543747
0.3340489 -2.539002 0.5543747
0.3340489 -2.539002 0.5543747
0.3340489 -2.539002 0.5543747
0.3340489 -2.539002 0.5543747
0.3340489 -2.539002 0.5543747
0.3340489 -2.539002 0.5543747
0.3340489 -2.539002 0.5543747
0.3340489 -2.539002 0.5543747
0.3340489 -2.539002 0.5543747
0.3340489 -2.539002 0.5543747
0.3340489 -2.539002 0.5543747
0.3340489 -2.539002 0.5543747
0.3340489 -2.539002 0.5543747
0.3340489 -2.539002 0.5543747
0.3340489 -2.539002 0.5543747
0.3340489 -2.539002 0.5543747
0.3340489 -2.539002 0.5543747
0.3340489 -2.539002 0.5543747
0.3340489 -2.539002 0.5543747
0.3340489 -2.539002 0.5543747
0.3340489 -2.539002 0.5543747
0.3340489 -2.539002 0.5543747
0.3340489 -2.539002 0.5543747
0.3340489 -2.539002 0.5543747
0.3340489 -2.539002 0.5543747
0.3340489 -2.539002 0.5543747
0.3340489 -2.539002 0.5543747
0.3340489 -2.539002 0.5543747
0.3340489 -2.539002 0.5543747
0.3340489 -2.539002 0.5543747
0.3340489 -2.539002 0.5543747
0.3340489 -2.539002 0.5543747
0.3340489 -2.539002 0.5543747
0.3340489 -2.539002 0.5543747
0.3340489 -2.539002 0.5543747
0.3340489 -2.539002 0.5543747
0.3313514 -2.539126 0.5543544
0.3313514 -2.539126 0.5543544
0.3313514 -2.539126 0.5543544
0.3313514 -2.539126 0.5543544
0.3313514 -2.539126 0.5543544
0.3313514 -2.539126 0.5543544
0.3313514 -2.539126 0.5543544
0.3313514 -2.539126 0.5543544
0.3313514 -2.539126 0.5543544
0.3313514 -2.539126 0.5543544
0.3313514 -2.539126 0.5543544
0.3313514 -2.539126 0.5543544
0.3313514 -2.539126 0.5543544
0.295275 -2.469677 0.5354553
0.295275 -2.469677 0.5354553
0.295275 -2.469677 0.5354553
0.295275 -2.469677 0.5354553
0.295275 -2.469677 0.5354553
0.295275 -2.469677 0.5354553
0.295275 -2.469677 0.5354553
0.295275 -2.469677 0.5354553
0.295275 -2.469677 0.5354553
0.295275 -2.469677 0.5354553
0.295275 -2.469677 0.5354553
0.295275 -2.469677 0.5354553
0.295275 -2.469677 0.5354553
0.295275 -2.469677 0.5354553
0.295275 -2.469677 0.5354553
0.295275 -2.469677 0.5354553
0.295275 -2.469677 0.5354553
0.295275 -2.469677 0.5354553
0.295275 -2.469677 0.5354553
0.295275 -2.469677 0.5354553
0.295275 -2.469677 0.5354553
0.295275 -2.469677 0.5354553
0.295275 -2.469677 0.5354553
0.295275 -2.469677 0.5354553
0.295275 -2.469677 0.5354553
0.295275 -2.469677 0.5354553
0.295275 -2.469677 0.5354553
0.295275 -2.469677 0.5354553
0.295275 -2.469677 0.5354553
0.295275 -2.469677 0.5354553
0.295275 -2.469677 0.5354553
0.295275 -2.469677 0.5354553
0.295275 -2.469677 0.5354553
0.295275 -2.469677 0.5354553
0.295275 -2.469677 0.5354553
0.295275 -2.469677 0.5354553
0.295275 -2.469677 0.5354553
0.295275 -2.469677 0.5354553
0.295275 -2.469677 0.5354553
0.295275 -2.469677 0.5354553
0.295275 -2.469677 0.5354553
0.295275 -2.469677 0.5354553
0.295275 -2.469677 0.5354553
0.295275 -2.469677 0.5354553
0.295275 -2.469677 0.5354553
0.295275 -2.469677 0.5354553
0.295275 -2.469677 0.5354553
0.2928549 -2.469804 0.5354309
0.2928549 -2.469804 0.5354309
0.2928549 -2.469804 0.5354309
0.4504246 -2.604548 0.7117579
0.4504246 -2.604548 0.7117579
0.4504246 -2.604548 0.7117579
0.4504246 -2.604548 0.7117579
0.4504246 -2.604548 0.7117579
0.4504246 -2.604548 0.7117579
0.4504246 -2.604548 0.7117579
0.4504246 -2.604548 0.7117579
0.4504246 -2.604548 0.7117579
0.4504246 -2.604548 0.7117579
0.4504246 -2.604548 0.7117579
0.4504246 -2.604548 0.7117579
0.4504246 -2.604548 0.7117579
0.4504246 -2.604548 0.7117579
0.4504246 -2.604548 0.7117579
0.4504246 -2.604548 0.7117579
0.4504246 -2.604548 0.7117579
0.4504246 -2.604548 0.7117579
0.4504246 -2.604548 0.7117579
0.4504246 -2.604548 0.7117579
0.4504246 -2.604548 0.7117579
0.4504246 -2.604548 0.7117579
0.4504246 -2.604548 0.7117579
0.4504246 -2.604548 0.7117579
0.4504246 -2.604548 0.7117579
0.4504246 -2.604548 0.7117579
0.4504246 -2.604548 0.7117579
0.4504246 -2.604548 0.7117579
0.4504246 -2.604548 0.7117579
0.4504246 -2.604548 0.7117579
0.4504246 -2.604548 0.7117579
0.4504246 -2.604548 0.7117579
0.4504246 -2.604548 0.7117579
0.4504246 -2.604548 0.7117579
0.4504246 -2.604548 0.7117579
0.4504246 -2.604548 0.7117579
0.4504246 -2.604548 0.7117579
0.4504246 -2.604548 0.7117579
0.4504246 -2.604548 0.7117579
0.4504246 -2.604548 0.7117579
0.4504246 -2.604548 0.7117579
0.4504246 -2.604548 0.7117579
0.4504246 -2.604548 0.7117579
0.4504246 -2.604548 0.7117579
0.4504246 -2.604548 0.7117579
0.4504246 -2.604548 0.7117579
0.4504246 -2.604548 0.7117579
0.4504246 -2.604548 0.7117579
0.4504246 -2.604548 0.7117579
0.4504246 -2.604548 0.7117579
0.4504246 -2.604548 0.7117579
0.4504246 -2.604548 0.7117579
0.4504246 -2.604548 0.7117579
0.4504246 -2.604548 0.7117579
0.4504246 -2.604548 0.7117579
0.4504246 -2.604548 0.7117579
0.4504246 -2.604548 0.7117579
0.4479886 -2.604664 0.7117252
0.4479886 -2.604664 0.7117252
0.4479886 -2.604664 0.7117252
0.4479886 -2.604664 0.7117252
0.4479886 -2.604664 0.7117252
0.4479886 -2.604664 0.7117252
0.4479886 -2.604664 0.7117252
0.4479886 -2.604664 0.7117252
0.4479886 -2.604664 0.7117252
0.4479886 -2.604664 0.7117252
0.4479886 -2.604664 0.7117252
0.4479886 -2.604664 0.7117252
0.4479886 -2.604664 0.7117252
0.4479886 -2.604664 0.7117252
0.4479886 -2.604664 0.7117252
0.4479886 -2.604664 0.7117252
0.4479886 -2.604664 0.7117252
0.4479886 -2.604664 0.7117252
0.4479886 -2.604664 0.7117252
0.4479886 -2.604664 0.7117252
0.4479886 -2.604664 0.7117252
0.4479886 -2.604664 0.7117252
0.4479886 -2.604664 0.7117252
0.4479886 -2.604664 0.7117252
0.4479886 -2.604664 0.7117252
0.4479886 -2.604664 0.7117252
0.4479886 -2.604664 0.7117252
0.4479886 -2.604664 0.7117252
0.4479886 -2.604664 0.7117252
0.4479886 -2.604664 0.7117252
0.4479886 -2.604664 0.7117252
0.4479886 -2.604664 0.7117252
0.4479886 -2.604664 0.7117252
0.4479886 -2.604664 0.7117252
0.4479886 -2.604664 0.7117252
0.4479886 -2.604664 0.7117252
0.4479886 -2.604664 0.7117252
0.4479886 -2.604664 0.7117252
0.4479886 -2.604664 0.7117252
0.4479886 -2.604664 0.7117252
0.4479886 -2.604664 0.7117252
0.4479886 -2.604664 0.7117252
-0.03346709 -2.654392 0.6561218
-0.03346709 -2.654392 0.6561218
-0.03346709 -2.654392 0.6561218
-0.03346709 -2.654392 0.6561218
-0.03346709 -2.654392 0.6561218
-0.03346709 -2.654392 0.6561218
-0.03346709 -2.654392 0.6561218
-0.03346709 -2.654392 0.6561218
-0.03346709 -2.654392 0.6561218
-0.03346709 -2.654392 0.6561218
-0.03346709 -2.654392 0.6561218
-0.03346709 -2.654392 0.6561218
-0.03346709 -2.654392 0.6561218
-0.03346709 -2.654392 0.6561218
-0.03346709 -2.654392 0.6561218
-0.03346709 -2.654392 0.6561218
-0.03346709 -2.654392 0.6561218
-0.03346709 -2.654392 0.6561218
-0.03511206 -2.654498 0.6560896
-0.03511206 -2.654498 0.6560896
-0.03511206 -2.654498 0.6560896
-0.03511206 -2.654498 0.6560896
-0.03511206 -2.654498 0.6560896
-0.03511206 -2.654498 0.6560896
-0.03511206 -2.654498 0.6560896
-0.03511206 -2.654498 0.6560896
-0.03511206 -2.654498 0.6560896
-0.03511206 -2.654498 0.6560896
-0.03511206 -2.654498 0.6560896
-0.03511206 -2.654498 0.6560896
-0.03511206 -2.654498 0.6560896
-0.03511206 -2.654498 0.6560896
-0.03511206 -2.654498 0.6560896
-0.03511206 -2.654498 0.6560896
-0.03511206 -2.654498 0.6560896
-0.03511206 -2.654498 0.6560896
-0.03511206 -2.654498 0.6560896
-0.03511206 -2.654498 0.6560896
-0.03511206 -2.654498 0.6560896
-0.03511206 -2.654498 0.6560896
-0.03511206 -2.654498 0.6560896
-0.03511206 -2.654498 0.6560896
-0.03511206 -2.654498 0.6560896
-0.03511206 -2.654498 0.6560896
-0.03511206 -2.654498 0.6560896
-0.03511206 -2.654498 0.6560896
-0.03511206 -2.654498 0.6560896
-0.03511206 -2.654498 0.6560896
-0.03511206 -2.654498 0.6560896
-0.03511206 -2.654498 0.6560896
-0.03511206 -2.654498 0.6560896
-0.03511206 -2.654498 0.6560896
-0.03511206 -2.654498 0.6560896
-0.03511206 -2.654498 0.6560896
-0.03511206 -2.654498 0.6560896
-0.03511206 -2.654498 0.6560896
-0.03511206 -2.654498 0.6560896
-0.03511206 -2.654498 0.6560896
-0.03511206 -2.654498 0.6560896
-0.03511206 -2.654498 0.6560896
-0.03511206 -2.654498 0.6560896
-0.03511206 -2.654498 0.6560896
-0.03511206 -2.654498 0.6560896
-0.03511206 -2.654498 0.6560896
-0.03511206 -2.654498 0.6560896
-0.03511206 -2.654498 0.6560896
-0.03511206 -2.654498 0.6560896
-0.03511206 -2.654498 0.6560896
-0.03511206 -2.654498 0.6560896
-0.03511206 -2.654498 0.6560896
-0.03511206 -2.654498 0.6560896
-0.03511206 -2.654498 0.6560896
-0.03511206 -2.654498 0.6560896
-0.03511206 -2.654498 0.6560896
-0.03511206 -2.654498 0.6560896
-0.03511206 -2.654498 0.6560896
-0.03511206 -2.654498 0.6560896
-0.03511206 -2.654498 0.6560896
-0.03667569 -2.65459 0.6560588
-0.03667569 -2.65459 0.6560588
-0.03667569 -2.65459 0.6560588
-0.03667569 -2.65459 0.6560588
-0.03667569 -2.65459 0.6560588
-0.03667569 -2.65459 0.6560588
-0.03667569 -2.65459 0.6560588
-0.03667569 -2.65459 0.6560588
-0.03667569 -2.65459 0.6560588
-0.03667569 -2.65459 0.6560588
-0.03667569 -2.65459 0.6560588
-0.03667569 -2.65459 0.6560588
-0.03667569 -2.65459 0.6560588
-0.03667569 -2.65459 0.6560588
-0.03667569 -2.65459 0.6560588
-0.03667569 -2.65459 0.6560588
-0.03667569 -2.65459 0.6560588
-0.03667569 -2.65459 0.6560588
-0.03667569 -2.65459 0.6560588
-0.03667569 -2.65459 0.6560588
-0.03667569 -2.65459 0.6560588
-0.03667569 -2.65459 0.6560588
-0.03667569 -2.65459 0.6560588
-0.03667569 -2.65459 0.6560588
-0.03667569 -2.65459 0.6560588
-0.03667569 -2.65459 0.6560588
-0.03667569 -2.65459 0.6560588
-0.03667569 -2.65459 0.6560588
-0.03667569 -2.65459 0.6560588
-0.03667569 -2.65459 0.6560588
-0.03667569 -2.65459 0.6560588
-0.03667569 -2.65459 0.6560588
-0.03667569 -2.65459 0.6560588
-0.03667569 -2.65459 0.6560588
-0.03667569 -2.65459 0.6560588
-0.03667569 -2.65459 0.6560588
-0.03667569 -2.65459 0.6560588
-0.03667569 -2.65459 0.6560588
-0.03667569 -2.65459 0.6560588
-0.03667569 -2.65459 0.6560588
-0.03667569 -2.65459 0.6560588
-0.03667569 -2.65459 0.6560588
-0.03667569 -2.65459 0.6560588
-0.03667569 -2.65459 0.6560588
-0.03667569 -2.65459 0.6560588
-0.03667569 -2.65459 0.6560588
-0.03667569 -2.65459 0.6560588
-0.03667569 -2.65459 0.6560588
-0.03667569 -2.65459 0.6560588
-0.03667569 -2.65459 0.6560588
-0.03667569 -2.65459 0.6560588
-0.03667569 -2.65459 0.6560588
-0.03667569 -2.65459 0.6560588
-0.03667569 -2.65459 0.6560588
-0.03667569 -2.65459 0.6560588
-0.03667569 -2.65459 0.6560588
-0.03667569 -2.65459 0.6560588
-0.03667569 -2.65459 0.6560588
-0.03667569 -2.65459 0.6560588
-0.03667569 -2.65459 0.6560588
-0.03815587 -2.654672 0.6560297
-0.03815587 -2.654672 0.6560297
-0.03815587 -2.654672 0.6560297
-0.03815587 -2.654672 0.6560297
-0.03815587 -2.654672 0.6560297
-0.03815587 -2.654672 0.6560297
-0.03815587 -2.654672 0.6560297
-0.03815587 -2.654672 0.6560297
-0.03815587 -2.654672 0.6560297
-0.03815587 -2.654672 0.6560297
-0.03815587 -2.654672 0.6560297
-0.03815587 -2.654672 0.6560297
-0.03815587 -2.654672 0.6560297
-0.07164568 -2.900349 0.5782572
-0.07164568 -2.900349 0.5782572
-0.07164568 -2.900349 0.5782572
-0.07164568 -2.900349 0.5782572
-0.07164568 -2.900349 0.5782572
-0.07164568 -2.900349 0.5782572
-0.07164568 -2.900349 0.5782572
-0.07164568 -2.900349 0.5782572
-0.07164568 -2.900349 0.5782572
-0.07164568 -2.900349 0.5782572
-0.07164568 -2.900349 0.5782572
-0.07164568 -2.900349 0.5782572
-0.07164568 -2.900349 0.5782572
-0.07164568 -2.900349 0.5782572
-0.07164568 -2.900349 0.5782572
-0.07164568 -2.900349 0.5782572
-0.07164568 -2.900349 0.5782572
-0.07164568 -2.900349 0.5782572
-0.07164568 -2.900349 0.5782572
-0.07164568 -2.900349 0.5782572
-0.07164568 -2.900349 0.5782572
-0.07164568 -2.900349 0.5782572
-0.07164568 -2.900349 0.5782572
-0.07164568 -2.900349 0.5782572
-0.07164568 -2.900349 0.5782572
-0.07164568 -2.900349 0.5782572
0.2526008 -2.765402 0.6104911
0.2526008 -2.765402 0.6104911
0.2526008 -2.765402 0.6104911
0.2526008 -2.765402 0.6104911
0.2526008 -2.765402 0.6104911
0.2526008 -2.765402 0.6104911
0.2526008 -2.765402 0.6104911
0.2526008 -2.765402 0.6104911
0.2526008 -2.765402 0.6104911
0.2526008 -2.765402 0.6104911
0.2526008 -2.765402 0.6104911
0.2526008 -2.765402 0.6104911
0.2526008 -2.765402 0.6104911
0.2526008 -2.765402 0.6104911
0.2526008 -2.765402 0.6104911
0.2526008 -2.765402 0.6104911
0.2526008 -2.765402 0.6104911
0.2526008 -2.765402 0.6104911
0.2526008 -2.765402 0.6104911
0.2526008 -2.765402 0.6104911
0.2526008 -2.765402 0.6104911
0.2508344 -2.765469 0.6104644
0.2508344 -2.765469 0.6104644
0.2508344 -2.765469 0.6104644
0.2508344 -2.765469 0.6104644
0.2508344 -2.765469 0.6104644
0.2508344 -2.765469 0.6104644
0.2508344 -2.765469 0.6104644
0.2508344 -2.765469 0.6104644
0.2508344 -2.765469 0.6104644
0.2508344 -2.765469 0.6104644
0.2508344 -2.765469 0.6104644
0.2508344 -2.765469 0.6104644
0.2508344 -2.765469 0.6104644
0.2508344 -2.765469 0.6104644
0.2508344 -2.765469 0.6104644
0.2508344 -2.765469 0.6104644
0.2508344 -2.765469 0.6104644
0.2508344 -2.765469 0.6104644
0.2508344 -2.765469 0.6104644
0.2508344 -2.765469 0.6104644
0.2508344 -2.765469 0.6104644
0.2508344 -2.765469 0.6104644
0.2508344 -2.765469 0.6104644
0.2508344 -2.765469 0.6104644
0.2508344 -2.765469 0.6104644
0.2508344 -2.765469 0.6104644
0.2508344 -2.765469 0.6104644
0.2508344 -2.765469 0.6104644
0.2508344 -2.765469 0.6104644
0.2508344 -2.765469 0.6104644
0.2508344 -2.765469 0.6104644
0.2508344 -2.765469 0.6104644
0.2508344 -2.765469 0.6104644
0.2508344 -2.765469 0.6104644
0.2508344 -2.765469 0.6104644
0.2508344 -2.765469 0.6104644
0.2508344 -2.765469 0.6104644
0.2508344 -2.765469 0.6104644
0.2508344 -2.765469 0.6104644
0.2508344 -2.765469 0.6104644
0.2508344 -2.765469 0.6104644
0.2508344 -2.765469 0.6104644
0.2508344 -2.765469 0.6104644
0.2508344 -2.765469 0.6104644
0.2508344 -2.765469 0.6104644
0.2508344 -2.765469 0.6104644
0.2508344 -2.765469 0.6104644
0.2508344 -2.765469 0.6104644
0.2508344 -2.765469 0.6104644
0.2508344 -2.765469 0.6104644
0.2508344 -2.765469 0.6104644
0.2508344 -2.765469 0.6104644
0.2508344 -2.765469 0.6104644
0.2508344 -2.765469 0.6104644
0.2508344 -2.765469 0.6104644
0.2508344 -2.765469 0.6104644
0.2508344 -2.765469 0.6104644
0.2508344 -2.765469 0.6104644
0.2508344 -2.765469 0.6104644
0.2508344 -2.765469 0.6104644
0.2492093 -2.765525 0.61044
0.2492093 -2.765525 0.61044
0.2492093 -2.765525 0.61044
0.2492093 -2.765525 0.61044
0.2492093 -2.765525 0.61044
0.2492093 -2.765525 0.61044
0.2492093 -2.765525 0.61044
0.2492093 -2.765525 0.61044
0.2492093 -2.765525 0.61044
0.2492093 -2.765525 0.61044
0.2492093 -2.765525 0.61044
0.2492093 -2.765525 0.61044
0.2492093 -2.765525 0.61044
0.2492093 -2.765525 0.61044
0.2492093 -2.765525 0.61044
0.2492093 -2.765525 0.61044
0.2492093 -2.765525 0.61044
0.2492093 -2.765525 0.61044
0.2492093 -2.765525 0.61044
0.2492093 -2.765525 0.61044
0.2492093 -2.765525 0.61044
0.2492093 -2.765525 0.61044
0.2492093 -2.765525 0.61044
0.2492093 -2.765525 0.61044
0.2492093 -2.765525 0.61044
0.2492093 -2.765525 0.61044
0.2492093 -2.765525 0.61044
0.2492093 -2.765525 0.61044
0.2492093 -2.765525 0.61044
0.2492093 -2.765525 0.61044
0.2492093 -2.765525 0.61044
0.2492093 -2.765525 0.61044
0.2492093 -2.765525 0.61044
0.2492093 -2.765525 0.61044
0.2492093 -2.765525 0.61044
0.2492093 -2.765525 0.61044
0.2492093 -2.765525 0.61044
0.2492093 -2.765525 0.61044
0.2492093 -2.765525 0.61044
0.2492093 -2.765525 0.61044
0.2492093 -2.765525 0.61044
0.2492093 -2.765525 0.61044
0.2492093 -2.765525 0.61044
0.2492093 -2.765525 0.61044
0.2492093 -2.765525 0.61044
0.2492093 -2.765525 0.61044
0.2492093 -2.765525 0.61044
0.2492093 -2.765525 0.61044
0.2492093 -2.765525 0.61044
0.2492093 -2.765525 0.61044
0.2492093 -2.765525 0.61044
0.2492093 -2.765525 0.61044
0.2492093 -2.765525 0.61044
0.2492093 -2.765525 0.61044
0.2492093 -2.765525 0.61044
0.2492093 -2.765525 0.61044
0.2492093 -2.765525 0.61044
0.2492093 -2.765525 0.61044
0.2492093 -2.765525 0.61044
0.2492093 -2.765525 0.61044
0.2477436 -2.765572 0.6104178
0.2477436 -2.765572 0.6104178
0.2477436 -2.765572 0.6104178
0.2477436 -2.765572 0.6104178
0.2477436 -2.765572 0.6104178
0.2477436 -2.765572 0.6104178
0.2477436 -2.765572 0.6104178
0.2477436 -2.765572 0.6104178
0.2477436 -2.765572 0.6104178
0.2477436 -2.765572 0.6104178
0.2477436 -2.765572 0.6104178
0.2477436 -2.765572 0.6104178
0.2477436 -2.765572 0.6104178
0.2477436 -2.765572 0.6104178
0.2477436 -2.765572 0.6104178
0.2477436 -2.765572 0.6104178
0.2477436 -2.765572 0.6104178
0.2477436 -2.765572 0.6104178
0.2477436 -2.765572 0.6104178
0.2477436 -2.765572 0.6104178
0.2477436 -2.765572 0.6104178
0.2477436 -2.765572 0.6104178
0.2477436 -2.765572 0.6104178
0.2477436 -2.765572 0.6104178
0.2477436 -2.765572 0.6104178
0.2477436 -2.765572 0.6104178
0.2477436 -2.765572 0.6104178
0.2477436 -2.765572 0.6104178
0.2477436 -2.765572 0.6104178
0.2477436 -2.765572 0.6104178
0.2477436 -2.765572 0.6104178
0.2477436 -2.765572 0.6104178
0.2477436 -2.765572 0.6104178
0.2477436 -2.765572 0.6104178
0.2477436 -2.765572 0.6104178
0.2477436 -2.765572 0.6104178
0.2477436 -2.765572 0.6104178
0.2477436 -2.765572 0.6104178
0.2477436 -2.765572 0.6104178
0.2477436 -2.765572 0.6104178
0.2477436 -2.765572 0.6104178
0.2477436 -2.765572 0.6104178
0.2477436 -2.765572 0.6104178
0.2477436 -2.765572 0.6104178
0.2477436 -2.765572 0.6104178
0.2477436 -2.765572 0.6104178
0.2477436 -2.765572 0.6104178
0.2477436 -2.765572 0.6104178
0.2477436 -2.765572 0.6104178
0.2477436 -2.765572 0.6104178
0.2477436 -2.765572 0.6104178
0.2477436 -2.765572 0.6104178
0.2477436 -2.765572 0.6104178
0.2477436 -2.765572 0.6104178
0.2477436 -2.765572 0.6104178
0.2477436 -2.765572 0.6104178
0.2477436 -2.765572 0.6104178
0.2477436 -2.765572 0.6104178
0.2477436 -2.765572 0.6104178
0.2477436 -2.765572 0.6104178
0.2464651 -2.765613 0.610398
0.2464651 -2.765613 0.610398
0.2464651 -2.765613 0.610398
0.2464651 -2.765613 0.610398
0.2464651 -2.765613 0.610398
0.2464651 -2.765613 0.610398
0.2464651 -2.765613 0.610398
0.2464651 -2.765613 0.610398
0.2464651 -2.765613 0.610398
0.2464651 -2.765613 0.610398
0.2464651 -2.765613 0.610398
0.2464651 -2.765613 0.610398
0.2464651 -2.765613 0.610398
0.2464651 -2.765613 0.610398
0.2464651 -2.765613 0.610398
0.2464651 -2.765613 0.610398
0.2464651 -2.765613 0.610398
0.2464651 -2.765613 0.610398
0.2464651 -2.765613 0.610398
0.2464651 -2.765613 0.610398
0.2464651 -2.765613 0.610398
0.2464651 -2.765613 0.610398
0.2464651 -2.765613 0.610398
0.2464651 -2.765613 0.610398
0.2464651 -2.765613 0.610398
0.2464651 -2.765613 0.610398
0.2464651 -2.765613 0.610398
0.2464651 -2.765613 0.610398
0.2464651 -2.765613 0.610398
0.2464651 -2.765613 0.610398
0.2464651 -2.765613 0.610398
0.2464651 -2.765613 0.610398
0.2464651 -2.765613 0.610398
0.2464651 -2.765613 0.610398
0.2464651 -2.765613 0.610398
0.2464651 -2.765613 0.610398
0.2464651 -2.765613 0.610398
0.2464651 -2.765613 0.610398
0.2464651 -2.765613 0.610398
0.2464651 -2.765613 0.610398
0.2464651 -2.765613 0.610398
0.2464651 -2.765613 0.610398
0.2464651 -2.765613 0.610398
0.2464651 -2.765613 0.610398
0.2464651 -2.765613 0.610398
0.2464651 -2.765613 0.610398
0.2464651 -2.765613 0.610398
0.2464651 -2.765613 0.610398
0.2464651 -2.765613 0.610398
0.2464651 -2.765613 0.610398
0.2464651 -2.765613 0.610398
0.2464651 -2.765613 0.610398
0.2464651 -2.765613 0.610398
0.2464651 -2.765613 0.610398
0.2464651 -2.765613 0.610398
0.2464651 -2.765613 0.610398
0.2464651 -2.765613 0.610398
0.2464651 -2.765613 0.610398
0.2464651 -2.765613 0.610398
0.2464651 -2.765613 0.610398
0.24536 -2.765648 0.6103806
0.24536 -2.765648 0.6103806
0.24536 -2.765648 0.6103806
0.24536 -2.765648 0.6103806
0.24536 -2.765648 0.6103806
-0.003997405 -2.912824 0.6257753
-0.003997405 -2.912824 0.6257753
-0.003997405 -2.912824 0.6257753
-0.003997405 -2.912824 0.6257753
-0.003997405 -2.912824 0.6257753
-0.003997405 -2.912824 0.6257753
-0.003997405 -2.912824 0.6257753
-0.003997405 -2.912824 0.6257753
-0.003997405 -2.912824 0.6257753
-0.003997405 -2.912824 0.6257753
-0.003997405 -2.912824 0.6257753
-0.003997405 -2.912824 0.6257753
-0.003997405 -2.912824 0.6257753
-0.003997405 -2.912824 0.6257753
-0.003997405 -2.912824 0.6257753
-0.003997405 -2.912824 0.6257753
-0.003997405 -2.912824 0.6257753
-0.003997405 -2.912824 0.6257753
-0.003997405 -2.912824 0.6257753
-0.003997405 -2.912824 0.6257753
-0.003997405 -2.912824 0.6257753
-0.003997405 -2.912824 0.6257753
-0.003997405 -2.912824 0.6257753
-0.003997405 -2.912824 0.6257753
-0.003997405 -2.912824 0.6257753
-0.003997405 -2.912824 0.6257753
-0.003997405 -2.912824 0.6257753
0.2885895 -2.59555 0.5698014
0.2885895 -2.59555 0.5698014
0.2885895 -2.59555 0.5698014
0.2885895 -2.59555 0.5698014
0.2885895 -2.59555 0.5698014
0.2885895 -2.59555 0.5698014
0.2885895 -2.59555 0.5698014
0.2885895 -2.59555 0.5698014
0.2885895 -2.59555 0.5698014
0.2885895 -2.59555 0.5698014
0.2885895 -2.59555 0.5698014
0.2885895 -2.59555 0.5698014
0.2885895 -2.59555 0.5698014
0.2885895 -2.59555 0.5698014
0.2885895 -2.59555 0.5698014
0.2885895 -2.59555 0.5698014
0.2885895 -2.59555 0.5698014
0.2885895 -2.59555 0.5698014
0.2885895 -2.59555 0.5698014
0.2885895 -2.59555 0.5698014
0.2885895 -2.59555 0.5698014
0.2885895 -2.59555 0.5698014
0.2885895 -2.59555 0.5698014
0.2885895 -2.59555 0.5698014
0.2885895 -2.59555 0.5698014
0.2885895 -2.59555 0.5698014
0.2885895 -2.59555 0.5698014
0.2885895 -2.59555 0.5698014
0.2898561 -2.595393 0.5695885
0.2898561 -2.595393 0.5695885
0.2898561 -2.595393 0.5695885
0.2898561 -2.595393 0.5695885
0.2898561 -2.595393 0.5695885
0.2898561 -2.595393 0.5695885
0.2898561 -2.595393 0.5695885
0.2898561 -2.595393 0.5695885
0.2898561 -2.595393 0.5695885
0.2898561 -2.595393 0.5695885
0.2898561 -2.595393 0.5695885
0.2898561 -2.595393 0.5695885
0.3678049 -2.589485 0.8627371
0.3678049 -2.589485 0.8627371
0.3678049 -2.589485 0.8627371
0.23638 -2.49828 0.7696472
0.23638 -2.49828 0.7696472
0.23638 -2.49828 0.7696472
0.23638 -2.49828 0.7696472
0.23638 -2.49828 0.7696472
0.23638 -2.49828 0.7696472
0.23638 -2.49828 0.7696472
0.23638 -2.49828 0.7696472
0.23638 -2.49828 0.7696472
0.23638 -2.49828 0.7696472
0.23638 -2.49828 0.7696472
0.23638 -2.49828 0.7696472
0.23638 -2.49828 0.7696472
0.23638 -2.49828 0.7696472
0.23638 -2.49828 0.7696472
0.23638 -2.49828 0.7696472
0.23638 -2.49828 0.7696472
0.23638 -2.49828 0.7696472
0.23638 -2.49828 0.7696472
0.23638 -2.49828 0.7696472
0.23638 -2.49828 0.7696472
0.23638 -2.49828 0.7696472
0.23638 -2.49828 0.7696472
0.23638 -2.49828 0.7696472
0.23638 -2.49828 0.7696472
0.23638 -2.49828 0.7696472
0.23638 -2.49828 0.7696472
0.23638 -2.49828 0.7696472
0.23638 -2.49828 0.7696472
0.23638 -2.49828 0.7696472
0.23638 -2.49828 0.7696472
0.23638 -2.49828 0.7696472
0.23638 -2.49828 0.7696472
0.23638 -2.49828 0.7696472
0.23638 -2.49828 0.7696472
0.23638 -2.49828 0.7696472
0.23638 -2.49828 0.7696472
0.23638 -2.49828 0.7696472
0.23638 -2.49828 0.7696472
0.23638 -2.49828 0.7696472
0.23638 -2.49828 0.7696472
0.23638 -2.49828 0.7696472
0.23638 -2.49828 0.7696472
0.23638 -2.49828 0.7696472
0.23638 -2.49828 0.7696472
0.2370067 -2.498086 0.7694249
0.2370067 -2.498086 0.7694249
0.2370067 -2.498086 0.7694249
0.2370067 -2.498086 0.7694249
0.2370067 -2.498086 0.7694249
0.2370067 -2.498086 0.7694249
0.2370067 -2.498086 0.7694249
0.2370067 -2.498086 0.7694249
0.2370067 -2.498086 0.7694249
0.2370067 -2.498086 0.7694249
0.2370067 -2.498086 0.7694249
0.2370067 -2.498086 0.7694249
0.2370067 -2.498086 0.7694249
0.2370067 -2.498086 0.7694249
0.2370067 -2.498086 0.7694249
0.2370067 -2.498086 0.7694249
0.2370067 -2.498086 0.7694249
0.2370067 -2.498086 0.7694249
0.2370067 -2.498086 0.7694249
0.2370067 -2.498086 0.7694249
0.2370067 -2.498086 0.7694249
0.2370067 -2.498086 0.7694249
0.2370067 -2.498086 0.7694249
0.2370067 -2.498086 0.7694249
0.2370067 -2.498086 0.7694249
0.2370067 -2.498086 0.7694249
0.2370067 -2.498086 0.7694249
0.2370067 -2.498086 0.7694249
0.2370067 -2.498086 0.7694249
0.2370067 -2.498086 0.7694249
0.2370067 -2.498086 0.7694249
0.2370067 -2.498086 0.7694249
0.2370067 -2.498086 0.7694249
0.2370067 -2.498086 0.7694249
0.2370067 -2.498086 0.7694249
0.2370067 -2.498086 0.7694249
0.2370067 -2.498086 0.7694249
0.2370067 -2.498086 0.7694249
0.2370067 -2.498086 0.7694249
0.2370067 -2.498086 0.7694249
0.2370067 -2.498086 0.7694249
0.2370067 -2.498086 0.7694249
0.2370067 -2.498086 0.7694249
0.2370067 -2.498086 0.7694249
0.2370067 -2.498086 0.7694249
0.2370067 -2.498086 0.7694249
0.2370067 -2.498086 0.7694249
0.2370067 -2.498086 0.7694249
0.2370067 -2.498086 0.7694249
0.2370067 -2.498086 0.7694249
0.2370067 -2.498086 0.7694249
0.2370067 -2.498086 0.7694249
0.2370067 -2.498086 0.7694249
0.2370067 -2.498086 0.7694249
0.2370067 -2.498086 0.7694249
0.2370067 -2.498086 0.7694249
0.2370067 -2.498086 0.7694249
0.2370067 -2.498086 0.7694249
0.2370067 -2.498086 0.7694249
0.2370067 -2.498086 0.7694249
0.2385382 -2.497655 0.7693905
0.2385382 -2.497655 0.7693905
0.2385382 -2.497655 0.7693905
0.2385382 -2.497655 0.7693905
0.2385382 -2.497655 0.7693905
0.2385382 -2.497655 0.7693905
0.2385382 -2.497655 0.7693905
0.2385382 -2.497655 0.7693905
0.2385382 -2.497655 0.7693905
0.2385382 -2.497655 0.7693905
0.2385382 -2.497655 0.7693905
0.2385382 -2.497655 0.7693905
0.2385382 -2.497655 0.7693905
0.2385382 -2.497655 0.7693905
0.2385382 -2.497655 0.7693905
0.2385382 -2.497655 0.7693905
0.2385382 -2.497655 0.7693905
0.2385382 -2.497655 0.7693905
0.2385382 -2.497655 0.7693905
0.2385382 -2.497655 0.7693905
0.2385382 -2.497655 0.7693905
0.2385382 -2.497655 0.7693905
0.2385382 -2.497655 0.7693905
0.2385382 -2.497655 0.7693905
0.2385382 -2.497655 0.7693905
0.2385382 -2.497655 0.7693905
0.2385382 -2.497655 0.7693905
0.2385382 -2.497655 0.7693905
0.2385382 -2.497655 0.7693905
0.2385382 -2.497655 0.7693905
0.2385382 -2.497655 0.7693905
0.2385382 -2.497655 0.7693905
0.2385382 -2.497655 0.7693905
0.2385382 -2.497655 0.7693905
0.2385382 -2.497655 0.7693905
0.2385382 -2.497655 0.7693905
0.2385382 -2.497655 0.7693905
0.2385382 -2.497655 0.7693905
0.2385382 -2.497655 0.7693905
0.2385382 -2.497655 0.7693905
0 0 0
0 0 0
0 0 0
0 0 0
0 0 0
0 0 0
0 0 0
0 0 0
0 0 0
0 0 0
0 0 0
0 0 0
0 0 0
0 0 0
0 0 0
0 0 0
0 0 0
0 0 0
0 0 0
0 0 0
