-827751305
1545044670
-1913619794
748649005
205669920
-182155892
-982177997
-1974373583
-989752006
1667888629
1233182303
-898442014
1984355512
1870389038
-1688956762
694090259
-1523955922
1180395347
-1959299060
-509848973
-467352763
1328777136
-2034013953
1922506330
-939637396
1575789387
186049646
1781446300
-1195490527
-2035694447
-271061105
-647742323
-737104552
-1915973059
-1856064269
-451941179
471543605
-1282324663
1362793783
510972499
-7542777
-677255704
1764574369
-605752189
-1292993436
-412700001
-1269932723
332445079
1597270456
993387650
1632974155
1645526136
-71939305
1078754162
356929754
-957670830
-424175099
89931411
-1100367408
1255071068
-1638187840
445425799
-345319867
-811302884
-2031624503
-1530106624
659839848
789029155
1548941194
-706876874
1166134063
1227314782
1875024030
905147657
655006432
-1641260801
1665116604
1053346275
-295946428
-1711304
-572142532
-1125375269
-742107721
-1715980108
1871097088
-1216078899
-1372893904
890084218
-537096222
-2116780065
1978744402
624292466
-18702168
1643669408
183652783
-261786458
1704120374
-1192318920
75
