0 0 0 -3 -3 -3
0.3428637 0.2329133 0.1806969 -2.568495 -2.687758 -2.693572
0.6001068 0.510129 0.0202559 -2.214642 -2.31472 -2.342453
0.7808597 0.7084077 -0.2161634 -1.950832 -2.017031 -2.041904
0.9414723 0.876825 -0.4067793 -1.824327 -1.885223 -1.880268
1.105727 1.041464 -0.5676725 -1.770991 -1.826633 -1.798624
1.272247 1.198727 -0.7148562 -1.752135 -1.792524 -1.756684
1.438416 1.351063 -0.8530585 -1.754815 -1.777229 -1.738704
1.603297 1.500849 -0.983999 -1.772394 -1.778719 -1.736987
1.769251 1.654734 -1.11181 -1.80103 -1.797816 -1.74492
1.932562 1.80865 -1.237201 -1.833451 -1.824315 -1.758547
2.094906 1.962648 -1.357685 -1.870561 -1.855573 -1.777072
2.255819 2.115109 -1.473611 -1.910513 -1.891959 -1.79989
2.416683 2.263507 -1.587976 -1.95235 -1.931218 -1.828144
2.57639 2.409055 -1.697191 -1.996022 -1.971692 -1.859774
2.734225 2.553941 -1.80353 -2.040362 -2.012807 -1.892567
2.890928 2.699115 -1.912827 -2.084958 -2.054367 -1.926158
3.046776 2.844158 -2.024336 -2.129918 -2.096084 -1.960723
3.198936 2.981977 -2.135308 -2.175398 -2.137253 -1.996207
3.348771 3.114142 -2.244078 -2.220639 -2.177922 -2.030257
3.500873 3.248558 -2.353316 -2.265223 -2.218272 -2.063809
3.655028 3.386658 -2.462445 -2.31005 -2.258533 -2.09933
3.810175 3.525829 -2.570509 -2.355354 -2.298523 -2.136474
3.965256 3.665009 -2.678924 -2.400629 -2.338585 -2.174452
4.120343 3.8042 -2.788901 -2.445887 -2.379124 -2.213498
4.275011 3.944112 -2.898975 -2.49173 -2.421482 -2.253766
4.429227 4.083975 -3.009487 -2.538236 -2.465241 -2.295064
4.582557 4.219789 -3.121114 -2.585502 -2.509582 -2.337245
4.734905 4.350646 -3.230864 -2.63284 -2.553546 -2.377942
4.884955 4.475511 -3.333476 -2.678489 -2.595695 -2.413795
5.032174 4.598184 -3.431186 -2.722767 -2.637128 -2.447327
5.176544 4.719779 -3.520612 -2.766199 -2.678346 -2.477682
5.319995 4.838466 -3.606727 -2.809179 -2.719621 -2.506936
5.461899 4.949218 -3.694688 -2.851134 -2.756898 -2.53586
0 0 0 0 0 0
