0 0 0 -3 -3 -3
0.3034575 0.2426754 0.1531322 -2.691863 -2.732933 -2.754778
0.5541803 0.4857866 0.001621263 -2.447755 -2.498663 -2.490697
0.812777 0.7288706 -0.1878797 -2.304132 -2.349184 -2.312424
1.18812 1.058837 -0.4036574 -2.268892 -2.302681 -2.220227
1.856577 1.578463 -0.682875 -2.362824 -2.354935 -2.197241
3.154199 2.530731 -1.100355 -2.66501 -2.555955 -2.252103
5.268816 4.326152 -1.600129 -3.218932 -3.008897 -2.355658
7.441596 6.158116 -2.304769 -3.801517 -3.48742 -2.543747
9.749597 7.811509 -3.314483 -4.438007 -3.93164 -2.845065
13.00784 9.588816 -4.694482 -5.339329 -4.417125 -3.268851
13.93635 11.29888 -5.857133 -5.586312 -4.889311 -3.626568
14.65995 11.86169 -6.644277 -5.781318 -5.035909 -3.866656
15.51866 12.17104 -7.194158 -6.022855 -5.116782 -4.037877
16.42776 12.54614 -7.377782 -6.287843 -5.22287 -4.087886
17.95236 13.24392 -7.625216 -6.736124 -5.428697 -4.160338
20.24197 14.30866 -8.125829 -7.41312 -5.748308 -4.314983
22.24826 15.2274 -8.893525 -8.010442 -6.024748 -4.55408
22.32248 15.22407 -9.461022 -8.036627 -6.020827 -4.745294
22.37757 15.2558 -10.10045 -8.05701 -6.02806 -4.958262
22.90338 15.76548 -10.88662 -8.215995 -6.171608 -5.218474
23.76148 16.70546 -11.51175 -8.476602 -6.439279 -5.439145
24.57545 17.93212 -12.02425 -8.725782 -6.789505 -5.636864
25.7849 20.14844 -12.74207 -9.091225 -7.420244 -5.90692
27.35687 21.34006 -13.58836 -9.568797 -7.765369 -6.228162
29.30912 22.09018 -14.58275 -10.16773 -7.992445 -6.620915
31.08126 22.70045 -15.95205 -10.72069 -8.187134 -7.165174
32.5311 23.19869 -18.00118 -11.18408 -8.356062 -7.97841
33.92956 24.3535 -18.87988 -11.63572 -8.722233 -8.250132
35.11828 27.36356 -19.29175 -12.02098 -9.616186 -8.351777
36.00444 29.87213 -19.34045 -12.30814 -10.3734 -8.352226
36.72986 31.06053 -19.24777 -12.5316 -10.75485 -8.31432
37.1937 31.38024 -19.08968 -12.68035 -10.88842 -8.248606
37.56982 31.39515 -19.10121 -12.78979 -10.89252 -8.236141
0 0 0 0 0 0
