0.2462493 -0.3242865 -0.3313421
1.411354 0.6645045 2.231164
1.308115 1.474404 1.632822
1.854995 1.725008 -0.7304163
1.854995 1.725008 -0.7304163
2.844117 2.711565 -2.029908
2.844117 2.711565 -2.029908
2.341002 2.9844 -1.388178
2.793235 2.31701 -2.058143
2.793235 2.31701 -2.058143
2.622741 2.405785 -2.15627
2.622741 2.405785 -2.15627
2.622741 2.405785 -2.15627
2.774535 2.580338 -2.347191
2.774535 2.580338 -2.347191
2.774535 2.580338 -2.347191
2.873577 2.691786 -2.453228
2.873577 2.691786 -2.453228
2.873577 2.691786 -2.453228
2.955723 2.802051 -2.574599
2.955723 2.802051 -2.574599
3.363833 3.204106 -2.831706
2.481748 2.563628 -1.520598
2.950068 2.645845 -2.621499
2.950068 2.645845 -2.621499
2.982185 2.821148 -2.689695
2.982185 2.821148 -2.689695
2.982185 2.821148 -2.689695
3.539639 3.329244 -3.366008
3.539639 3.329244 -3.366008
3.22626 2.847221 -3.160656
2.6388 3.019116 -1.907355
2.6388 3.019116 -1.907355
2.723016 2.319691 -2.168971
2.722879 2.316285 -2.266922
2.722879 2.316285 -2.266922
2.722879 2.316285 -2.266922
2.877719 2.833786 -2.200575
2.877719 2.833786 -2.200575
2.877719 2.833786 -2.200575
2.887424 2.782615 -2.110275
2.887424 2.782615 -2.110275
2.887424 2.782615 -2.110275
3.161769 2.925055 -2.866768
3.161769 2.925055 -2.866768
3.161769 2.925055 -2.866768
3.146499 2.912103 -2.77333
3.146499 2.912103 -2.77333
3.146499 2.912103 -2.77333
3.140587 2.909972 -2.755643
3.140587 2.909972 -2.755643
2.49115 2.008502 -2.103028
2.488541 2.015877 -2.128251
2.488541 2.015877 -2.128251
2.488541 2.015877 -2.128251
2.490908 2.063839 -2.161236
2.490908 2.063839 -2.161236
2.944191 2.47417 -2.761041
2.948221 2.495296 -2.768534
2.948221 2.495296 -2.768534
2.885053 2.948417 -2.258655
2.911291 3.01331 -2.336409
2.911291 3.01331 -2.336409
2.911291 3.01331 -2.336409
2.953635 3.196468 -2.358163
2.953635 3.196468 -2.358163
2.57919 2.593419 -1.646016
3.223871 2.939798 -2.920419
3.223871 2.939798 -2.920419
3.237458 3.163205 -2.778932
3.250234 3.218884 -2.728042
3.118489 2.862598 -2.525914
3.118489 2.862598 -2.525914
3.118221 3.0549 -2.499893
3.118221 3.0549 -2.499893
3.118221 3.0549 -2.499893
3.107518 2.900016 -2.456137
2.937467 2.539505 -2.701417
2.937467 2.539505 -2.701417
2.924544 2.375397 -2.62776
2.924544 2.375397 -2.62776
2.924544 2.375397 -2.62776
2.915272 2.321104 -2.549201
2.915272 2.321104 -2.549201
2.915272 2.321104 -2.549201
2.907439 2.299472 -2.468722
2.907439 2.299472 -2.468722
2.649083 2.60386 -2.103443
2.760752 2.939305 -2.192216
2.760752 2.939305 -2.192216
2.760752 2.939305 -2.192216
2.581432 3.333747 -1.294132
2.581432 3.333747 -1.294132
3.124407 2.779795 -2.425707
3.18557 2.724136 -2.453733
3.061131 2.606062 -2.98974
3.290204 3.612951 -2.746556
3.366383 3.550672 -2.796718
3.366383 3.550672 -2.796718
3.366383 3.550672 -2.796718
3.289247 3.409371 -2.774582
3.289247 3.409371 -2.774582
0 0 0
