0.02489118 0.9042964 0.07920868
1.513443 1.69757 0.7015329
1.513443 1.69757 0.7015329
2.379273 1.998337 -2.065256
2.624996 2.171074 -2.094744
2.624996 2.171074 -2.094744
2.69451 2.450737 -2.147383
2.996987 2.74987 -2.384917
2.996987 2.74987 -2.384917
2.996987 2.74987 -2.384917
2.742063 2.578255 -1.780302
2.65096 2.311524 -1.790489
2.65096 2.311524 -1.790489
2.810524 2.43853 -1.894511
2.810524 2.43853 -1.894511
2.779715 3.353366 -1.879599
3.014783 3.022568 -2.049317
2.935815 3.348698 -2.056329
2.892655 2.954228 -2.209141
3.115758 3.097031 -2.276684
2.652684 3.515331 -1.529045
2.652684 3.515331 -1.529045
2.762658 2.642532 -2.249854
2.762658 2.642532 -2.249854
2.762658 2.642532 -2.249854
2.870418 2.739289 -2.309975
2.870418 2.739289 -2.309975
2.870418 2.739289 -2.309975
2.945522 2.768453 -2.383367
2.945522 2.768453 -2.383367
2.945522 2.768453 -2.383367
3.129708 2.869777 -2.512992
3.366008 3.225302 -3.066564
2.702754 2.908209 -2.053439
3.079466 2.7975 -2.18352
3.079466 2.7975 -2.18352
3.079466 2.7975 -2.18352
2.798806 2.142203 -2.129862
2.798806 2.142203 -2.129862
2.547345 2.421611 -1.759534
2.602939 2.445604 -1.731354
2.602939 2.445604 -1.731354
2.602939 2.445604 -1.731354
2.65011 2.500683 -1.69607
2.773171 2.639773 -2.180377
2.773171 2.639773 -2.180377
2.91973 2.772906 -2.259863
2.91973 2.772906 -2.259863
3.011381 2.993078 -2.265965
3.102634 3.06841 -2.425421
3.102634 3.06841 -2.425421
3.102634 3.06841 -2.425421
3.082991 2.81006 -2.508681
3.082991 2.81006 -2.508681
3.292998 2.984056 -2.899491
3.058155 2.687038 -2.769369
3.058155 2.687038 -2.769369
3.356707 3.336476 -2.663209
3.327105 3.301248 -2.653345
3.327105 3.301248 -2.653345
3.010566 3.00619 -2.176727
3.078962 3.013665 -2.250191
3.078962 3.013665 -2.250191
3.078962 3.013665 -2.250191
3.102322 3.039332 -2.197189
3.102322 3.039332 -2.197189
2.973568 3.33648 -2.311258
2.947302 3.343033 -2.240319
2.947302 3.343033 -2.240319
2.947302 3.343033 -2.240319
3.023809 3.336213 -2.330411
2.813532 2.872381 -2.158327
2.813532 2.872381 -2.158327
2.884418 2.86573 -2.219961
2.884418 2.86573 -2.219961
2.884418 2.86573 -2.219961
2.92942 2.851568 -2.241405
2.92942 2.851568 -2.241405
2.92942 2.851568 -2.241405
2.905038 2.813637 -2.313142
2.905038 2.813637 -2.313142
2.905038 2.813637 -2.313142
3.320343 3.229065 -2.949216
3.320343 3.229065 -2.949216
3.589997 3.375156 -3.088323
3.559388 3.326743 -3.123573
3.587389 3.681511 -3.055516
3.587389 3.681511 -3.055516
3.392913 3.139276 -2.917546
3.392913 3.139276 -2.917546
3.392913 3.139276 -2.917546
3.305594 3.145644 -2.895182
3.415058 3.42349 -2.825546
3.111788 2.673955 -2.606934
3.085732 2.663373 -2.376726
2.500197 2.684485 -1.492139
2.952651 2.671313 -2.53126
2.998376 2.663173 -2.615279
2.998376 2.663173 -2.615279
2.956798 3.127384 -2.038178
3.004093 3.35819 -2.173731
3.004093 3.35819 -2.173731
0 0 0
