613843976
-1317314043
1141584352
956607130
-1847630491
-650770778
1243721070
306545743
1509355197
-558671896
-1939069574
212428753
-1921408328
-447884983
-795361883
-214631692
1204548973
1846135116
388400340
200331835
1086515472
-1411285887
670477389
-1551285072
-203166287
1146580784
146860300
-572291948
1701517931
-1307698532
1200909427
1045442226
2081618657
-1966883466
1822242479
1481972549
-377770713
1851844596
1573967496
-1494061433
410236080
552624259
-619000393
-2025831767
1968088926
-110529378
1772106463
1686335258
1932357151
2103193176
252650881
-1953157028
-1312173327
1685221966
619337919
-520341296
-860969266
-1505611652
508171186
1649922950
-2043061836
1928687761
-986510718
-2023407002
-13878312
31244552
1631079877
360720971
1709450820
187690979
2036717452
-1886574329
-459400125
269849643
-94814112
1778415764
-1315950386
-2094977178
1414097731
1570848500
1483252927
-1546587964
1209173627
1909539768
1513009463
-824134709
1837178333
-444838526
-461036978
-1151462133
-381634384
143126572
-408018718
1996427152
-2010429379
-569022394
-1871434320
214938253
65
