2128004471
-1151772523
-91998198
-1516666239
-936522382
-287898775
-1857309510
1504548227
-1352601086
2121313839
990165009
152095890
1174271371
-2077898120
-76416387
-716040872
-1580263370
1157266543
-74617857
1186962139
-900849616
270346701
-2038552234
-1150369913
1384226127
-545588873
-1315011388
-2057802130
860120277
641423825
408683029
-2055017454
-2137297518
-1067159118
-732266417
1140731691
-474386705
-263421996
1893024591
775717009
1903170220
-461684976
-847383605
2093720533
-1300785149
1290637987
-2088930245
-1381376773
917630981
1853535928
1526724978
1161496468
-516355762
-1445816754
-458521630
1083967481
-1500606504
335329046
-1110517140
-1671602430
326420846
-647328048
-1377132133
-701282257
-1266875493
-266689679
-976856567
-2115426625
1562457373
1918759248
-1114318217
1884985292
-1899566781
-1687949768
-814607641
-2060332412
1692905123
551872828
1593490334
-1457594293
601904537
221490382
-596919109
481610385
-1786982633
517431618
-245545863
1702909469
-795945114
-558808692
1426967957
1617742654
-486230798
-380615263
19087000
-662244618
222040401
1012847285
69
