296017055
-949521227
771296533
1366209852
-1991942529
-2041979535
-1945114065
1084421603
391230779
-1796796958
342199437
1041499411
-707731203
-180274859
1048062618
163508380
-1023152699
-464831429
1145190906
160769684
267557044
-542779463
205047941
1186736748
367327367
1173339176
-1173146606
335393805
49169307
-5632170
1350259344
291774198
-221614527
754529367
-1062555373
681396685
174099484
-2090154399
539170624
1975893564
-1669369470
186360359
178637190
497369544
1400213040
-1517135782
-1208644251
314065858
663498668
-1879074107
859563909
-241546903
1683950828
-776650694
-643481974
1750969578
1376537339
-2077860855
-1540581212
-1689409416
-1021841831
801968720
1144358525
1330474083
-1308952899
-327209299
-979835331
-2031573735
49541179
-989836349
-1629916054
1160067378
-12404714
-1769798579
-1989622636
191102259
1896887988
251348513
85035439
1397946288
-950381402
1467884266
-259531580
-1698559663
863722668
-1588002268
-1339571093
1586587851
-534549356
-127825277
-1659852862
277658644
-230813143
-1971489408
-1263502068
1822775205
643698332
-924824133
13
