1738330392
482221185
385327200
-1463485714
749016128
553517590
-1537131399
-354267071
904267851
-1536571952
53719595
1462439280
1492873158
399095315
1776430479
42906185
-1204338608
-1287462912
985807972
-290485491
2064999232
245217689
-212023455
1366539246
-688040389
85973802
-1028407341
-505645098
834514888
-655120273
-862414594
-1554210701
716385555
-895497846
-498309668
1074103747
931013081
-360398108
-2119057963
-902422881
544307927
1800229774
-1192601199
1433720990
-282169870
-670332561
1609123308
-929287753
-1122399335
2073674949
-1854789595
1480336938
1343341248
-1641691040
593190809
-2025930268
-1828217298
1785683977
981402434
1530017175
1784006741
950464333
40450041
1769129730
-465643194
978191186
-245029532
-1126424108
731014541
-261826975
414409196
-436885572
95187198
442904629
-1171764640
1391139920
45845866
-246407722
88706689
1814150005
1123565344
-1834367297
-1815196373
2055904014
486629150
860658018
-1755329314
-1522861572
700972336
499247927
1874134878
-832224627
-1252196090
-210611425
-214973482
-1322764713
1201953942
-1115994429
34
