-0.9451372 0.9502383 0.1261334
-2.00392 -0.8457533 -0.8329254
1.634115 -0.09789492 -1.84645
-0.1334462 0.01348436 -1.159621
-3.325975 1.578846 2.03083
-0.7862329 2.124082 0.5608494
-1.337368 0.5039179 -0.8428084
1.87077 0.5294359 2.532292
0.7216013 -0.137441 2.210255
0.8041789 0.4743343 0.832642
0.3972061 0.5881542 1.430395
1.738378 0.2548657 0.4340953
-1.152383 -1.188493 0.6708703
0.161989 -1.306681 -0.6698692
1.257775 0.8331713 -0.08763275
-0.2556956 0.5480762 -1.45177
-1.193578 0.9588891 -0.07613585
-1.28115 0.1649584 1.75751
1.11491 1.111155 0.8973965
1.143386 2.497395 1.109267
-0.3053636 -1.001919 -0.5874618
0.6155493 0.4490707 -1.005822
0.3546403 -1.954874 0.5471666
3.035398 0.5452107 0.1152882
1.626098 -0.5306794 -1.369864
-1.471763 -1.441331 -1.0916
-4.22956 -1.92314 1.758191
0.7669643 -2.407718 -0.1211442
1.155646 -0.7100155 -0.7988567
0.7562385 0.7329383 -1.135448
-2.61157 1.240852 0.09462223
0.7711682 2.602216 1.279671
-2.070547 1.205449 0.3896873
-1.463225 -2.456623 -0.3004568
0.08076982 1.640185 0.04995308
-1.555582 -1.521521 1.124634
0.0424789 -1.342689 2.063894
0.5467597 -0.6136081 -0.06497606
0.5565998 -0.2094438 0.5164991
1.075372 0.9925444 -1.623927
-1.315659 1.533871 3.863255
1.650898 -0.05578599 -0.3399089
-0.8979299 -1.766133 2.254091
2.650978 -0.5040748 -0.4556257
-3.760546 -0.362892 -2.094535
-1.205784 -0.8421668 1.043233
2.21794 -1.391654 -3.255293
0.7703912 -0.08617612 -3.748022
-0.9594913 0.28987 -0.6822851
0.4949902 1.799961 -0.9924735
-2.653119 -0.7339933 0.1445908
-0.2419458 2.204715 0.2227532
0.267814 -1.112461 -1.744472
0.8913039 1.385549 -0.2761733
1.294528 -0.4850008 1.273226
-1.10945 0.2888165 -0.05585633
3.51017 -0.7479637 0.8108371
-0.9851809 3.381724 1.474815
-2.175872 -0.9791173 0.216503
0.3470952 2.451679 0.75823
-0.8343167 1.937186 0.7154488
2.080242 -0.7346368 -0.8162197
0.7216947 -0.1970605 -0.163139
-1.513459 -1.058451 0.3531735
0.06181564 -0.2434088 0.04250287
2.519134 -0.1697017 -0.4973384
0.4458358 -0.8792766 -0.04778223
-1.315257 2.12597 -0.001762718
-1.687513 0.6182258 2.195533
-1.684155 -1.059494 -4.16598
0.3827086 1.704692 -2.28368
1.958942 -0.6802431 -0.4546166
2.068814 1.51565 0.08327182
0.6092198 0.1605068 -1.404371
-1.377909 -0.4726525 0.3467035
0.1569813 1.258492 0.927282
1.787128 0.953385 0.6950673
0.7554351 1.266968 -2.260914
-0.5289616 -0.412354 0.5204191
-0.4092064 -0.6261664 0.8091895
0.9558845 -2.706763 -2.763442
0.9008095 0.6882773 -2.786445
1.041504 -0.01102069 1.643155
0.6711174 0.4033537 1.348916
-0.2950453 1.258808 -0.8978739
3.133632 -0.6376593 2.513384
1.211499 -0.1260108 1.626213
-1.193662 -1.477225 0.9271408
0.6006725 2.449726 1.552367
-0.7661218 1.116531 -2.292565
-1.047653 0.9954516 0.4171175
-0.4478657 -1.54185 -0.7665993
0.9403035 0.4055329 1.626903
-0.9560761 -0.4814219 -0.2320903
1.18157 1.139153 0.9105814
-2.803162 0.6275105 0.8974478
1.029124 0.06795583 0.005080045
0.5265006 -0.2787715 -1.934639
0.8333915 -1.704677 -1.855874
3.035878 0.7394038 -1.683018
