2.302585 0 0 2.284384 0.8682258 3.595452 0.0720227 1.703464 1.593795 0.3110203 -0.2550033 -0.1025649
2.302585 0 0 2.31551 -0.1760471 4.213029 0.07392682 1.634665 1.926048 0.2902358 -0.09354946 -0.2070217
2.302585 0 0 2.336707 0.04914353 4.471138 0.070918 2.056271 1.887202 0.2888852 -0.1056271 -0.191444
2.302585 0 0 2.329194 0.2217418 4.904499 0.07458748 3.108073 1.855345 0.2597877 -0.1200934 -0.1711733
2.302585 0 0 2.293309 -0.8294115 4.255051 0.06930056 1.9663 1.727092 0.2757466 -0.04552899 -0.2715686
2.302585 0 0 2.320508 -0.1420728 3.492191 0.07015052 0.9394056 1.938173 0.3455295 -0.07744026 -0.192122
2.302585 0 0 2.334901 1.069991 3.411787 0.07819793 1.603718 1.64578 0.3142792 -0.3315094 -0.05767829
2.302585 0 0 2.282727 0.1594868 4.967319 0.07144694 3.001389 1.862784 0.1787708 -0.06848695 -0.1476884
2.302585 0 0 2.325405 -0.002251782 4.073647 0.06509694 1.681715 1.700072 0.2435322 -0.07363181 -0.1549234
2.302585 0 0 2.309676 -0.571855 4.475141 0.07711459 1.959611 1.976598 0.2342816 -0.03936656 -0.2270877
2.302585 0 0 2.264968 0.1256548 4.019516 0.0719432 1.868808 1.724769 0.2843164 -0.1519269 -0.2109811
2.302585 0 0 2.28667 0.2437138 3.44581 0.06886269 1.048299 1.848995 0.3108466 -0.1653765 -0.1048802
2.302585 0 0 2.247446 0.07116028 2.637513 0.07161664 0.7387572 1.716496 0.4109037 -0.1668639 -0.153833
2.302585 0 0 2.208335 -0.4177201 2.69758 0.06860544 0.5878026 1.946744 0.3136732 0.1105296 -0.3302589
2.302585 0 0 2.287805 0.3192047 3.765184 0.06877634 1.530146 1.702948 0.3154589 -0.2472715 -0.163894
2.302585 0 0 2.243697 0.4822755 3.482702 0.06667342 1.232962 1.647437 0.3011591 -0.2758705 -0.09662316
2.302585 0 0 2.386019 0.4989304 4.840977 0.07695838 3.177797 1.884856 0.2512221 -0.1483433 -0.1789807
