0.8801805 0.3979931 -0.1967646 -6.010446 -6.220675 -6.548738
1.634905 0.9078104 -0.5393714 -5.513521 -5.821531 -6.343353
2.325133 1.430005 -0.9115857 -5.258344 -5.569826 -6.258448
3.005754 1.951557 -1.299928 -5.134951 -5.416578 -6.234228
3.718563 2.501434 -1.681107 -5.103012 -5.338633 -6.226103
4.462087 3.09628 -2.12214 -5.139431 -5.328515 -6.246326
5.241271 3.761755 -2.660042 -5.229094 -5.38003 -6.317061
6.071027 4.505019 -3.375833 -5.361216 -5.480616 -6.464447
6.975758 5.445956 -4.460992 -5.536261 -5.660608 -6.793411
7.973595 6.619033 -6.246075 -5.755 -5.929143 -7.442738
8.993387 8.188228 -8.736063 -5.993595 -6.33812 -8.415755
10.04492 9.579356 -11.50505 -6.248733 -6.701217 -9.516779
11.14773 10.87762 -12.48801 -6.523487 -7.047489 -9.841849
12.25491 12.19438 -12.75607 -6.80438 -7.405717 -9.86456
13.34885 13.53623 -12.88927 -7.087723 -7.774446 -9.84488
14.47359 15.02104 -12.97984 -7.388483 -8.196082 -9.806542
