1.760361 0.7959862 -0.3935291 -5.020892 -5.44135 -6.097476
3.144352 1.927445 -1.224585 -4.519671 -5.023245 -5.932583
4.39582 2.996588 -2.028229 -4.492811 -4.814709 -6.003734
5.728236 4.037766 -2.853296 -4.641382 -4.803589 -6.137346
7.282609 5.250821 -3.587005 -4.943316 -4.948904 -6.185481
8.923229 6.665351 -4.768333 -5.357945 -5.267809 -6.367664
10.69556 8.420079 -6.425356 -5.856733 -5.740631 -6.812199
12.70907 10.45113 -9.102167 -6.418192 -6.28531 -7.643543
15.11833 13.91439 -14.22742 -7.111671 -7.280529 -9.754081
17.95197 18.34981 -24.0969 -7.942389 -8.614498 -13.93601
20.2111 25.44936 -36.12593 -8.618137 -10.83687 -19.11894
22.66334 26.2729 -44.73293 -9.310394 -11.05838 -22.72907
25.48417 27.75507 -25.2664 -10.09529 -11.54902 -14.06776
27.75546 30.62906 -16.50891 -10.73688 -12.42092 -10.18251
29.758 33.66398 -14.88734 -11.33787 -13.30538 -9.549678
32.46936 38.77796 -14.42896 -12.20064 -14.94226 -9.193143
