0.9707791 0.2622066 -0.2206735 -5.705179 -6.039353 -6.368767
1.724212 0.8851504 -0.5224251 -4.938571 -5.451414 -6.131542
2.29595 1.40815 -0.867873 -4.534242 -5.091152 -6.006385
2.768366 1.868035 -1.211478 -4.297663 -4.8307 -5.93772
3.184001 2.276124 -1.544921 -4.145334 -4.631183 -5.874538
3.565424 2.639816 -1.884803 -4.058321 -4.487761 -5.804359
3.924133 2.972601 -2.237506 -4.018951 -4.39901 -5.709067
4.265613 3.281189 -2.576289 -4.008105 -4.339016 -5.612604
4.59471 3.570942 -2.898137 -4.013734 -4.28761 -5.530427
4.914431 3.84492 -3.199938 -4.031856 -4.245499 -5.470889
5.227649 4.10574 -3.477484 -4.063278 -4.218164 -5.436449
5.533804 4.35473 -3.732561 -4.102186 -4.206705 -5.412104
5.831265 4.592604 -3.9623 -4.143081 -4.20735 -5.390272
6.120655 4.822291 -4.169942 -4.185168 -4.219891 -5.372021
6.403637 5.04187 -4.366404 -4.230581 -4.234199 -5.371345
6.683917 5.25728 -4.553097 -4.283077 -4.258231 -5.372525
