1.747602 -0.03383388 0.4414393
1.569961 1.54382 0.6515981
1.590739 1.004442 0.5485206
1.766343 1.06969 0.5257535
1.915423 1.133258 -0.6183603
1.915423 1.133258 -0.6183603
1.778582 1.854038 -0.6945819
1.63649 1.003311 -0.3790565
1.63649 1.003311 -0.3790565
1.876725 1.108421 -0.7087639
1.876725 1.108421 -0.7087639
1.876725 1.108421 -0.7087639
2.110208 1.422525 -0.968318
2.110208 1.422525 -0.968318
2.064974 1.273666 -1.182307
1.679599 1.391595 -0.4321628
2.287052 1.377581 -1.686976
2.287052 1.377581 -1.686976
2.432437 1.538586 -1.802662
2.432437 1.538586 -1.802662
1.826402 1.088311 -1.243175
1.952953 1.267453 -1.368176
2.473803 2.136105 -1.421468
2.473803 2.136105 -1.421468
2.577828 2.292168 -1.583744
2.577828 2.292168 -1.583744
2.577828 2.292168 -1.583744
2.658339 2.42495 -1.750661
2.658339 2.42495 -1.750661
2.42147 2.251904 -1.988497
2.306785 1.81377 -1.669471
2.306785 1.81377 -1.669471
2.419208 1.801993 -1.977553
2.421494 2.118838 -2.037259
2.180997 2.073742 -1.44923
2.180997 2.073742 -1.44923
2.154751 1.80561 -1.192306
2.855254 2.509758 -2.138168
2.855254 2.509758 -2.138168
2.925431 2.527264 -2.200119
2.925431 2.527264 -2.200119
2.861545 2.461921 -2.332407
2.918312 2.495282 -2.248343
2.918312 2.495282 -2.248343
2.918312 2.495282 -2.248343
2.93023 2.553089 -2.134352
2.93023 2.553089 -2.134352
2.93023 2.553089 -2.134352
2.920918 2.600695 -2.127104
