-0.02354177 -2.477011 -1.37351
-0.02354177 -2.477011 -1.37351
-0.02354177 -2.477011 -1.37351
-0.02354177 -2.477011 -1.37351
-0.02354177 -2.477011 -1.37351
-0.02354177 -2.477011 -1.37351
0.5722607 -1.421605 -0.2166212
0.8053097 -1.129759 -0.4886266
0.8053097 -1.129759 -0.4886266
1.409187 -0.5614619 -1.29213
1.409187 -0.5614619 -1.29213
1.409187 -0.5614619 -1.29213
1.409187 -0.5614619 -1.29213
1.409187 -0.5614619 -1.29213
1.409187 -0.5614619 -1.29213
1.409187 -0.5614619 -1.29213
1.409187 -0.5614619 -1.29213
1.858895 1.967338 -1.106101
1.858895 1.967338 -1.106101
1.858895 1.967338 -1.106101
1.858895 1.967338 -1.106101
1.858895 1.967338 -1.106101
1.858895 1.967338 -1.106101
1.858895 1.967338 -1.106101
1.69536 1.681439 -0.08841557
1.69536 1.681439 -0.08841557
1.69536 1.681439 -0.08841557
1.69536 1.681439 -0.08841557
1.69536 1.681439 -0.08841557
1.69536 1.681439 -0.08841557
1.69536 1.681439 -0.08841557
1.69536 1.681439 -0.08841557
1.69536 1.681439 -0.08841557
1.69536 1.681439 -0.08841557
1.69536 1.681439 -0.08841557
1.69536 1.681439 -0.08841557
1.69536 1.681439 -0.08841557
1.642893 0.7254743 -0.8325698
1.642893 0.7254743 -0.8325698
1.642893 0.7254743 -0.8325698
1.642893 0.7254743 -0.8325698
1.642893 0.7254743 -0.8325698
1.642893 0.7254743 -0.8325698
1.642893 0.7254743 -0.8325698
1.642893 0.7254743 -0.8325698
1.642893 0.7254743 -0.8325698
1.642893 0.7254743 -0.8325698
1.642893 0.7254743 -0.8325698
1.642893 0.7254743 -0.8325698
1.642893 0.7254743 -0.8325698
1.642893 0.7254743 -0.8325698
1.642893 0.7254743 -0.8325698
1.642893 0.7254743 -0.8325698
1.642893 0.7254743 -0.8325698
1.642893 0.7254743 -0.8325698
1.642893 0.7254743 -0.8325698
1.642893 0.7254743 -0.8325698
1.642893 0.7254743 -0.8325698
1.642893 0.7254743 -0.8325698
1.642893 0.7254743 -0.8325698
1.642893 0.7254743 -0.8325698
1.642893 0.7254743 -0.8325698
1.642893 0.7254743 -0.8325698
1.642893 0.7254743 -0.8325698
1.642893 0.7254743 -0.8325698
1.642893 0.7254743 -0.8325698
1.531953 0.9238863 -1.00034
1.531953 0.9238863 -1.00034
1.531953 0.9238863 -1.00034
1.531953 0.9238863 -1.00034
1.531953 0.9238863 -1.00034
1.531953 0.9238863 -1.00034
1.531953 0.9238863 -1.00034
1.531953 0.9238863 -1.00034
1.531953 0.9238863 -1.00034
1.531953 0.9238863 -1.00034
1.531953 0.9238863 -1.00034
1.531953 0.9238863 -1.00034
1.531953 0.9238863 -1.00034
1.531953 0.9238863 -1.00034
1.531953 0.9238863 -1.00034
1.531953 0.9238863 -1.00034
1.531953 0.9238863 -1.00034
1.531953 0.9238863 -1.00034
1.531953 0.9238863 -1.00034
1.531953 0.9238863 -1.00034
1.531953 0.9238863 -1.00034
1.531953 0.9238863 -1.00034
1.531953 0.9238863 -1.00034
1.531953 0.9238863 -1.00034
1.531953 0.9238863 -1.00034
1.547429 0.9094541 -0.1735658
1.547429 0.9094541 -0.1735658
1.547429 0.9094541 -0.1735658
1.566736 1.085355 -0.5877663
1.566736 1.085355 -0.5877663
1.566736 1.085355 -0.5877663
1.566736 1.085355 -0.5877663
1.566736 1.085355 -0.5877663
1.566736 1.085355 -0.5877663
1.566736 1.085355 -0.5877663
1.566736 1.085355 -0.5877663
1.566736 1.085355 -0.5877663
1.566736 1.085355 -0.5877663
1.566736 1.085355 -0.5877663
1.566736 1.085355 -0.5877663
1.566736 1.085355 -0.5877663
1.566736 1.085355 -0.5877663
1.566736 1.085355 -0.5877663
1.566736 1.085355 -0.5877663
1.566736 1.085355 -0.5877663
1.566736 1.085355 -0.5877663
1.566736 1.085355 -0.5877663
1.566736 1.085355 -0.5877663
1.566736 1.085355 -0.5877663
1.566736 1.085355 -0.5877663
1.566736 1.085355 -0.5877663
1.566736 1.085355 -0.5877663
1.566736 1.085355 -0.5877663
1.545846 1.298412 -0.1146659
2.094833 1.570618 -0.1563672
2.094833 1.570618 -0.1563672
1.786667 0.7962776 -0.2150204
1.786667 0.7962776 -0.2150204
1.786667 0.7962776 -0.2150204
1.786667 0.7962776 -0.2150204
1.786667 0.7962776 -0.2150204
1.954044 1.32371 -0.8975943
1.954044 1.32371 -0.8975943
1.954044 1.32371 -0.8975943
1.954044 1.32371 -0.8975943
1.954044 1.32371 -0.8975943
1.954044 1.32371 -0.8975943
1.954044 1.32371 -0.8975943
1.954044 1.32371 -0.8975943
1.954044 1.32371 -0.8975943
1.954044 1.32371 -0.8975943
1.954044 1.32371 -0.8975943
1.954044 1.32371 -0.8975943
1.954044 1.32371 -0.8975943
1.954044 1.32371 -0.8975943
1.954044 1.32371 -0.8975943
1.954044 1.32371 -0.8975943
1.954044 1.32371 -0.8975943
1.954044 1.32371 -0.8975943
1.954044 1.32371 -0.8975943
1.954044 1.32371 -0.8975943
1.954044 1.32371 -0.8975943
1.954044 1.32371 -0.8975943
1.498788 1.099118 -0.510634
1.498788 1.099118 -0.510634
1.498788 1.099118 -0.510634
1.498788 1.099118 -0.510634
1.498788 1.099118 -0.510634
1.498788 1.099118 -0.510634
1.498788 1.099118 -0.510634
1.498788 1.099118 -0.510634
1.498788 1.099118 -0.510634
1.498788 1.099118 -0.510634
1.498788 1.099118 -0.510634
1.498788 1.099118 -0.510634
1.498788 1.099118 -0.510634
1.498788 1.099118 -0.510634
1.498788 1.099118 -0.510634
1.498788 1.099118 -0.510634
1.498788 1.099118 -0.510634
1.498788 1.099118 -0.510634
1.498788 1.099118 -0.510634
1.498788 1.099118 -0.510634
1.498788 1.099118 -0.510634
1.498788 1.099118 -0.510634
1.498788 1.099118 -0.510634
1.498788 1.099118 -0.510634
1.498788 1.099118 -0.510634
1.498788 1.099118 -0.510634
1.498788 1.099118 -0.510634
1.498788 1.099118 -0.510634
1.498788 1.099118 -0.510634
1.498788 1.099118 -0.510634
1.498788 1.099118 -0.510634
1.842518 1.339959 -0.6266507
1.842518 1.339959 -0.6266507
1.842518 1.339959 -0.6266507
1.842518 1.339959 -0.6266507
1.842518 1.339959 -0.6266507
1.842518 1.339959 -0.6266507
1.842518 1.339959 -0.6266507
1.842518 1.339959 -0.6266507
1.842518 1.339959 -0.6266507
1.842518 1.339959 -0.6266507
1.842518 1.339959 -0.6266507
1.842518 1.339959 -0.6266507
1.842518 1.339959 -0.6266507
1.842518 1.339959 -0.6266507
1.842518 1.339959 -0.6266507
1.842518 1.339959 -0.6266507
1.842518 1.339959 -0.6266507
1.842518 1.339959 -0.6266507
1.842518 1.339959 -0.6266507
1.842518 1.339959 -0.6266507
1.842518 1.339959 -0.6266507
1.800753 1.53699 -0.7144559
1.800753 1.53699 -0.7144559
1.800753 1.53699 -0.7144559
1.800753 1.53699 -0.7144559
1.800753 1.53699 -0.7144559
1.786071 1.872759 -0.5006932
1.786071 1.872759 -0.5006932
1.786071 1.872759 -0.5006932
1.786071 1.872759 -0.5006932
1.786071 1.872759 -0.5006932
1.786071 1.872759 -0.5006932
1.786071 1.872759 -0.5006932
1.786071 1.872759 -0.5006932
1.786071 1.872759 -0.5006932
1.786071 1.872759 -0.5006932
1.786071 1.872759 -0.5006932
1.786071 1.872759 -0.5006932
1.786071 1.872759 -0.5006932
1.786071 1.872759 -0.5006932
1.786071 1.872759 -0.5006932
1.786071 1.872759 -0.5006932
1.786071 1.872759 -0.5006932
1.786071 1.872759 -0.5006932
1.786071 1.872759 -0.5006932
1.786071 1.872759 -0.5006932
1.786071 1.872759 -0.5006932
1.786071 1.872759 -0.5006932
1.786071 1.872759 -0.5006932
1.786071 1.872759 -0.5006932
1.786071 1.872759 -0.5006932
1.786071 1.872759 -0.5006932
1.786071 1.872759 -0.5006932
1.786071 1.872759 -0.5006932
1.786071 1.872759 -0.5006932
1.786071 1.872759 -0.5006932
1.786071 1.872759 -0.5006932
1.786071 1.872759 -0.5006932
1.786071 1.872759 -0.5006932
1.786071 1.872759 -0.5006932
2.014514 2.107747 -0.6036326
2.014514 2.107747 -0.6036326
2.014514 2.107747 -0.6036326
2.014514 2.107747 -0.6036326
2.014514 2.107747 -0.6036326
2.014514 2.107747 -0.6036326
2.014514 2.107747 -0.6036326
2.014514 2.107747 -0.6036326
2.014514 2.107747 -0.6036326
2.014514 2.107747 -0.6036326
2.014514 2.107747 -0.6036326
2.014514 2.107747 -0.6036326
2.014514 2.107747 -0.6036326
2.014514 2.107747 -0.6036326
2.014514 2.107747 -0.6036326
2.014514 2.107747 -0.6036326
2.014514 2.107747 -0.6036326
2.014514 2.107747 -0.6036326
2.014514 2.107747 -0.6036326
2.045112 1.56474 -0.6972522
2.045112 1.56474 -0.6972522
2.045112 1.56474 -0.6972522
2.045112 1.56474 -0.6972522
2.045112 1.56474 -0.6972522
2.045112 1.56474 -0.6972522
2.045112 1.56474 -0.6972522
2.045112 1.56474 -0.6972522
2.045112 1.56474 -0.6972522
2.045112 1.56474 -0.6972522
2.045112 1.56474 -0.6972522
2.045112 1.56474 -0.6972522
2.045112 1.56474 -0.6972522
2.045112 1.56474 -0.6972522
2.045112 1.56474 -0.6972522
2.045112 1.56474 -0.6972522
2.045112 1.56474 -0.6972522
2.045112 1.56474 -0.6972522
2.045112 1.56474 -0.6972522
2.045112 1.56474 -0.6972522
2.045112 1.56474 -0.6972522
2.045112 1.56474 -0.6972522
2.045112 1.56474 -0.6972522
1.91398 1.348041 -0.7030256
1.91398 1.348041 -0.7030256
1.91398 1.348041 -0.7030256
1.91398 1.348041 -0.7030256
1.91398 1.348041 -0.7030256
1.91398 1.348041 -0.7030256
1.91398 1.348041 -0.7030256
1.91398 1.348041 -0.7030256
1.91398 1.348041 -0.7030256
1.91398 1.348041 -0.7030256
1.91398 1.348041 -0.7030256
1.91398 1.348041 -0.7030256
1.91398 1.348041 -0.7030256
1.91398 1.348041 -0.7030256
1.91398 1.348041 -0.7030256
1.91398 1.348041 -0.7030256
1.91398 1.348041 -0.7030256
1.91398 1.348041 -0.7030256
2.103694 1.519389 -0.8066969
2.103694 1.519389 -0.8066969
2.103694 1.519389 -0.8066969
2.103694 1.519389 -0.8066969
2.103694 1.519389 -0.8066969
2.103694 1.519389 -0.8066969
2.103694 1.519389 -0.8066969
2.103694 1.519389 -0.8066969
2.103694 1.519389 -0.8066969
2.103694 1.519389 -0.8066969
2.103694 1.519389 -0.8066969
2.103694 1.519389 -0.8066969
2.025227 1.691846 -1.816942
2.025227 1.691846 -1.816942
2.085023 1.215855 -1.26025
2.085023 1.215855 -1.26025
2.085023 1.215855 -1.26025
2.085023 1.215855 -1.26025
2.085023 1.215855 -1.26025
2.085023 1.215855 -1.26025
2.085023 1.215855 -1.26025
2.085023 1.215855 -1.26025
2.085023 1.215855 -1.26025
2.085023 1.215855 -1.26025
2.085023 1.215855 -1.26025
2.085023 1.215855 -1.26025
2.085023 1.215855 -1.26025
2.085023 1.215855 -1.26025
2.085023 1.215855 -1.26025
2.085023 1.215855 -1.26025
1.671828 1.246737 -1.01392
1.671828 1.246737 -1.01392
1.671828 1.246737 -1.01392
1.671828 1.246737 -1.01392
1.671828 1.246737 -1.01392
1.671828 1.246737 -1.01392
1.671828 1.246737 -1.01392
1.671828 1.246737 -1.01392
1.671828 1.246737 -1.01392
1.671828 1.246737 -1.01392
1.671828 1.246737 -1.01392
1.671828 1.246737 -1.01392
1.671828 1.246737 -1.01392
1.671828 1.246737 -1.01392
1.671828 1.246737 -1.01392
1.671828 1.246737 -1.01392
1.671828 1.246737 -1.01392
1.671828 1.246737 -1.01392
1.671828 1.246737 -1.01392
1.671828 1.246737 -1.01392
1.671828 1.246737 -1.01392
1.671828 1.246737 -1.01392
1.671828 1.246737 -1.01392
1.671828 1.246737 -1.01392
1.671828 1.246737 -1.01392
1.671828 1.246737 -1.01392
1.671828 1.246737 -1.01392
1.671828 1.246737 -1.01392
1.671828 1.246737 -1.01392
1.671828 1.246737 -1.01392
1.840726 1.420701 -1.109452
1.840726 1.420701 -1.109452
1.840726 1.420701 -1.109452
1.840726 1.420701 -1.109452
1.840726 1.420701 -1.109452
1.840726 1.420701 -1.109452
1.840726 1.420701 -1.109452
1.840726 1.420701 -1.109452
1.840726 1.420701 -1.109452
1.840726 1.420701 -1.109452
1.840726 1.420701 -1.109452
1.840726 1.420701 -1.109452
1.840726 1.420701 -1.109452
1.840726 1.420701 -1.109452
1.840726 1.420701 -1.109452
1.840726 1.420701 -1.109452
1.840726 1.420701 -1.109452
1.840726 1.420701 -1.109452
1.840726 1.420701 -1.109452
1.840726 1.420701 -1.109452
1.840726 1.420701 -1.109452
1.840726 1.420701 -1.109452
1.840726 1.420701 -1.109452
1.840726 1.420701 -1.109452
1.840726 1.420701 -1.109452
1.840726 1.420701 -1.109452
2.126844 1.734925 -1.057878
2.126844 1.734925 -1.057878
2.126844 1.734925 -1.057878
2.126844 1.734925 -1.057878
2.126844 1.734925 -1.057878
2.126844 1.734925 -1.057878
2.126844 1.734925 -1.057878
2.126844 1.734925 -1.057878
2.126844 1.734925 -1.057878
2.126844 1.734925 -1.057878
2.126844 1.734925 -1.057878
2.126844 1.734925 -1.057878
2.126844 1.734925 -1.057878
2.126844 1.734925 -1.057878
2.126844 1.734925 -1.057878
2.126844 1.734925 -1.057878
2.126844 1.734925 -1.057878
2.126844 1.734925 -1.057878
2.126844 1.734925 -1.057878
2.126844 1.734925 -1.057878
2.126844 1.734925 -1.057878
2.126844 1.734925 -1.057878
2.126844 1.734925 -1.057878
2.126844 1.734925 -1.057878
2.126844 1.734925 -1.057878
2.126844 1.734925 -1.057878
2.126844 1.734925 -1.057878
2.126844 1.734925 -1.057878
2.390977 2.214223 -1.711639
2.390977 2.214223 -1.711639
2.390977 2.214223 -1.711639
2.390977 2.214223 -1.711639
2.390977 2.214223 -1.711639
2.390977 2.214223 -1.711639
2.512553 2.366844 -1.833395
2.512553 2.366844 -1.833395
2.512553 2.366844 -1.833395
2.512553 2.366844 -1.833395
2.512553 2.366844 -1.833395
2.512553 2.366844 -1.833395
2.512553 2.366844 -1.833395
2.512553 2.366844 -1.833395
2.512553 2.366844 -1.833395
2.512553 2.366844 -1.833395
2.512553 2.366844 -1.833395
2.512553 2.366844 -1.833395
2.512553 2.366844 -1.833395
2.512553 2.366844 -1.833395
2.512553 2.366844 -1.833395
2.512553 2.366844 -1.833395
2.512553 2.366844 -1.833395
2.512553 2.366844 -1.833395
2.512553 2.366844 -1.833395
2.512553 2.366844 -1.833395
2.512553 2.366844 -1.833395
2.512553 2.366844 -1.833395
2.512553 2.366844 -1.833395
2.512553 2.366844 -1.833395
2.512553 2.366844 -1.833395
2.512553 2.366844 -1.833395
2.512553 2.366844 -1.833395
2.512553 2.366844 -1.833395
2.512553 2.366844 -1.833395
2.512553 2.366844 -1.833395
2.512553 2.366844 -1.833395
2.512553 2.366844 -1.833395
2.512553 2.366844 -1.833395
2.512553 2.366844 -1.833395
2.512553 2.366844 -1.833395
2.512553 2.366844 -1.833395
2.512553 2.366844 -1.833395
2.512553 2.366844 -1.833395
2.512553 2.366844 -1.833395
2.512553 2.366844 -1.833395
2.512553 2.366844 -1.833395
2.512553 2.366844 -1.833395
2.512553 2.366844 -1.833395
2.512553 2.366844 -1.833395
2.512553 2.366844 -1.833395
1.98336 1.422955 -1.44519
1.98336 1.422955 -1.44519
1.98336 1.422955 -1.44519
1.98336 1.422955 -1.44519
1.98336 1.422955 -1.44519
1.98336 1.422955 -1.44519
1.98336 1.422955 -1.44519
1.98336 1.422955 -1.44519
1.98336 1.422955 -1.44519
1.98336 1.422955 -1.44519
1.98336 1.422955 -1.44519
1.98336 1.422955 -1.44519
1.98336 1.422955 -1.44519
1.98336 1.422955 -1.44519
1.98336 1.422955 -1.44519
2.089979 1.591187 -1.58481
2.089979 1.591187 -1.58481
2.089979 1.591187 -1.58481
2.089979 1.591187 -1.58481
2.089979 1.591187 -1.58481
2.089979 1.591187 -1.58481
2.089979 1.591187 -1.58481
2.089979 1.591187 -1.58481
2.089979 1.591187 -1.58481
2.089979 1.591187 -1.58481
2.089979 1.591187 -1.58481
2.089979 1.591187 -1.58481
2.089979 1.591187 -1.58481
2.229786 1.954942 -1.496994
2.229786 1.954942 -1.496994
2.229786 1.954942 -1.496994
2.229786 1.954942 -1.496994
2.229786 1.954942 -1.496994
2.229786 1.954942 -1.496994
2.229786 1.954942 -1.496994
2.229786 1.954942 -1.496994
2.229786 1.954942 -1.496994
2.229786 1.954942 -1.496994
2.229786 1.954942 -1.496994
2.229786 1.954942 -1.496994
2.229786 1.954942 -1.496994
2.229786 1.954942 -1.496994
2.229786 1.954942 -1.496994
2.229786 1.954942 -1.496994
2.229786 1.954942 -1.496994
2.229786 1.954942 -1.496994
2.229786 1.954942 -1.496994
2.229786 1.954942 -1.496994
2.229786 1.954942 -1.496994
2.229786 1.954942 -1.496994
2.229786 1.954942 -1.496994
2.229786 1.954942 -1.496994
2.229786 1.954942 -1.496994
2.229786 1.954942 -1.496994
2.229786 1.954942 -1.496994
2.229786 1.954942 -1.496994
2.229786 1.954942 -1.496994
2.229786 1.954942 -1.496994
2.229786 1.954942 -1.496994
2.229786 1.954942 -1.496994
2.229786 1.954942 -1.496994
2.229786 1.954942 -1.496994
2.229786 1.954942 -1.496994
2.229786 1.954942 -1.496994
2.229786 1.954942 -1.496994
2.229786 1.954942 -1.496994
2.229786 1.954942 -1.496994
2.229786 1.954942 -1.496994
2.229786 1.954942 -1.496994
2.229786 1.954942 -1.496994
2.229786 1.954942 -1.496994
2.229786 1.954942 -1.496994
2.229786 1.954942 -1.496994
2.229786 1.954942 -1.496994
2.229786 1.954942 -1.496994
2.315981 2.095246 -1.651906
2.315981 2.095246 -1.651906
2.315981 2.095246 -1.651906
2.315981 2.095246 -1.651906
2.315981 2.095246 -1.651906
2.315981 2.095246 -1.651906
2.315981 2.095246 -1.651906
2.315981 2.095246 -1.651906
2.315981 2.095246 -1.651906
2.315981 2.095246 -1.651906
2.315981 2.095246 -1.651906
2.315981 2.095246 -1.651906
2.315981 2.095246 -1.651906
2.315981 2.095246 -1.651906
2.315981 2.095246 -1.651906
2.315981 2.095246 -1.651906
2.315981 2.095246 -1.651906
2.315981 2.095246 -1.651906
2.315981 2.095246 -1.651906
2.315981 2.095246 -1.651906
2.315981 2.095246 -1.651906
2.315981 2.095246 -1.651906
2.315981 2.095246 -1.651906
2.315981 2.095246 -1.651906
2.315981 2.095246 -1.651906
2.315981 2.095246 -1.651906
2.315981 2.095246 -1.651906
2.315981 2.095246 -1.651906
2.315981 2.095246 -1.651906
2.315981 2.095246 -1.651906
2.315981 2.095246 -1.651906
2.315981 2.095246 -1.651906
2.315981 2.095246 -1.651906
2.315981 2.095246 -1.651906
2.315981 2.095246 -1.651906
2.315981 2.095246 -1.651906
2.315981 2.095246 -1.651906
2.315981 2.095246 -1.651906
2.315981 2.095246 -1.651906
2.315981 2.095246 -1.651906
2.315981 2.095246 -1.651906
2.315981 2.095246 -1.651906
2.315981 2.095246 -1.651906
2.315981 2.095246 -1.651906
2.315981 2.095246 -1.651906
2.315981 2.095246 -1.651906
2.315981 2.095246 -1.651906
2.315981 2.095246 -1.651906
2.315981 2.095246 -1.651906
2.315981 2.095246 -1.651906
2.315981 2.095246 -1.651906
2.315981 2.095246 -1.651906
2.315981 2.095246 -1.651906
2.315981 2.095246 -1.651906
2.315981 2.095246 -1.651906
2.315981 2.095246 -1.651906
2.315981 2.095246 -1.651906
2.315981 2.095246 -1.651906
2.315981 2.095246 -1.651906
2.315981 2.095246 -1.651906
2.411285 2.295195 -1.830897
2.411285 2.295195 -1.830897
2.411285 2.295195 -1.830897
2.411285 2.295195 -1.830897
2.15665 2.104615 -1.563165
2.15665 2.104615 -1.563165
2.15665 2.104615 -1.563165
2.15665 2.104615 -1.563165
2.15665 2.104615 -1.563165
2.15665 2.104615 -1.563165
2.15665 2.104615 -1.563165
2.15665 2.104615 -1.563165
2.15665 2.104615 -1.563165
2.15665 2.104615 -1.563165
2.15665 2.104615 -1.563165
2.15665 2.104615 -1.563165
2.533998 2.213381 -2.180789
2.533998 2.213381 -2.180789
2.533998 2.213381 -2.180789
2.533998 2.213381 -2.180789
2.533998 2.213381 -2.180789
2.533998 2.213381 -2.180789
2.533998 2.213381 -2.180789
2.533998 2.213381 -2.180789
2.533998 2.213381 -2.180789
2.533998 2.213381 -2.180789
2.191071 2.044728 -1.474356
2.191071 2.044728 -1.474356
2.191071 2.044728 -1.474356
2.191071 2.044728 -1.474356
2.191071 2.044728 -1.474356
2.191071 2.044728 -1.474356
2.191071 2.044728 -1.474356
2.191071 2.044728 -1.474356
2.191071 2.044728 -1.474356
2.191071 2.044728 -1.474356
2.191071 2.044728 -1.474356
2.191071 2.044728 -1.474356
2.191071 2.044728 -1.474356
2.191071 2.044728 -1.474356
2.191071 2.044728 -1.474356
2.191071 2.044728 -1.474356
2.191071 2.044728 -1.474356
2.191071 2.044728 -1.474356
2.191071 2.044728 -1.474356
2.191071 2.044728 -1.474356
2.191071 2.044728 -1.474356
2.191071 2.044728 -1.474356
2.191071 2.044728 -1.474356
2.191071 2.044728 -1.474356
2.191071 2.044728 -1.474356
2.191071 2.044728 -1.474356
2.191071 2.044728 -1.474356
2.191071 2.044728 -1.474356
2.191071 2.044728 -1.474356
2.191071 2.044728 -1.474356
2.191071 2.044728 -1.474356
2.191071 2.044728 -1.474356
2.191071 2.044728 -1.474356
2.191071 2.044728 -1.474356
2.286849 2.236355 -1.717774
2.286849 2.236355 -1.717774
2.286849 2.236355 -1.717774
2.286849 2.236355 -1.717774
2.286849 2.236355 -1.717774
2.286849 2.236355 -1.717774
2.286849 2.236355 -1.717774
2.286849 2.236355 -1.717774
2.286849 2.236355 -1.717774
2.286849 2.236355 -1.717774
2.286849 2.236355 -1.717774
2.286849 2.236355 -1.717774
2.286849 2.236355 -1.717774
2.286849 2.236355 -1.717774
2.286849 2.236355 -1.717774
2.286849 2.236355 -1.717774
2.286849 2.236355 -1.717774
2.286849 2.236355 -1.717774
2.212573 2.460489 -1.250916
2.212573 2.460489 -1.250916
2.212573 2.460489 -1.250916
2.212573 2.460489 -1.250916
2.212573 2.460489 -1.250916
2.212573 2.460489 -1.250916
2.212573 2.460489 -1.250916
2.212573 2.460489 -1.250916
2.212573 2.460489 -1.250916
2.212573 2.460489 -1.250916
2.212573 2.460489 -1.250916
2.212573 2.460489 -1.250916
2.212573 2.460489 -1.250916
2.212573 2.460489 -1.250916
2.212573 2.460489 -1.250916
2.212573 2.460489 -1.250916
2.212573 2.460489 -1.250916
2.212573 2.460489 -1.250916
2.212573 2.460489 -1.250916
2.212573 2.460489 -1.250916
2.212573 2.460489 -1.250916
2.653339 2.417828 -2.033085
2.653339 2.417828 -2.033085
2.509287 2.277388 -2.108378
2.509287 2.277388 -2.108378
2.509287 2.277388 -2.108378
2.509287 2.277388 -2.108378
2.509287 2.277388 -2.108378
2.509287 2.277388 -2.108378
2.509287 2.277388 -2.108378
2.509287 2.277388 -2.108378
2.509287 2.277388 -2.108378
2.509287 2.277388 -2.108378
2.509287 2.277388 -2.108378
2.509287 2.277388 -2.108378
2.509287 2.277388 -2.108378
2.509287 2.277388 -2.108378
2.509287 2.277388 -2.108378
2.509287 2.277388 -2.108378
2.509287 2.277388 -2.108378
2.509287 2.277388 -2.108378
2.509287 2.277388 -2.108378
2.572104 2.473534 -2.209801
2.572104 2.473534 -2.209801
2.572104 2.473534 -2.209801
2.572104 2.473534 -2.209801
2.572104 2.473534 -2.209801
2.572104 2.473534 -2.209801
2.572104 2.473534 -2.209801
2.572104 2.473534 -2.209801
2.572104 2.473534 -2.209801
2.572104 2.473534 -2.209801
2.572104 2.473534 -2.209801
2.572104 2.473534 -2.209801
2.572104 2.473534 -2.209801
2.572104 2.473534 -2.209801
2.572104 2.473534 -2.209801
2.572104 2.473534 -2.209801
2.572104 2.473534 -2.209801
2.572104 2.473534 -2.209801
2.572104 2.473534 -2.209801
2.572104 2.473534 -2.209801
2.572104 2.473534 -2.209801
2.572104 2.473534 -2.209801
2.572104 2.473534 -2.209801
2.572104 2.473534 -2.209801
2.572104 2.473534 -2.209801
2.572104 2.473534 -2.209801
2.572104 2.473534 -2.209801
2.572104 2.473534 -2.209801
2.572104 2.473534 -2.209801
2.572104 2.473534 -2.209801
2.572104 2.473534 -2.209801
2.572104 2.473534 -2.209801
2.572104 2.473534 -2.209801
2.572104 2.473534 -2.209801
2.572104 2.473534 -2.209801
2.572104 2.473534 -2.209801
2.572104 2.473534 -2.209801
2.572104 2.473534 -2.209801
2.572104 2.473534 -2.209801
2.572104 2.473534 -2.209801
2.572104 2.473534 -2.209801
2.572104 2.473534 -2.209801
2.572104 2.473534 -2.209801
2.572104 2.473534 -2.209801
2.572104 2.473534 -2.209801
2.572104 2.473534 -2.209801
2.572104 2.473534 -2.209801
2.572104 2.473534 -2.209801
2.572104 2.473534 -2.209801
2.572104 2.473534 -2.209801
2.572104 2.473534 -2.209801
2.572104 2.473534 -2.209801
2.572104 2.473534 -2.209801
2.572104 2.473534 -2.209801
2.572104 2.473534 -2.209801
2.572104 2.473534 -2.209801
2.572104 2.473534 -2.209801
2.572104 2.473534 -2.209801
2.572104 2.473534 -2.209801
2.572104 2.473534 -2.209801
2.642046 2.494826 -2.261509
2.642046 2.494826 -2.261509
2.642046 2.494826 -2.261509
2.642046 2.494826 -2.261509
2.642046 2.494826 -2.261509
2.642046 2.494826 -2.261509
2.642046 2.494826 -2.261509
2.642046 2.494826 -2.261509
2.642046 2.494826 -2.261509
2.642046 2.494826 -2.261509
2.642046 2.494826 -2.261509
2.642046 2.494826 -2.261509
2.642046 2.494826 -2.261509
2.642046 2.494826 -2.261509
2.642046 2.494826 -2.261509
2.642046 2.494826 -2.261509
2.642046 2.494826 -2.261509
2.642046 2.494826 -2.261509
2.642046 2.494826 -2.261509
2.642046 2.494826 -2.261509
2.642046 2.494826 -2.261509
2.642046 2.494826 -2.261509
2.642046 2.494826 -2.261509
2.642046 2.494826 -2.261509
2.44398 2.41845 -1.982513
2.44398 2.41845 -1.982513
2.44398 2.41845 -1.982513
2.44398 2.41845 -1.982513
2.44398 2.41845 -1.982513
2.44398 2.41845 -1.982513
2.44398 2.41845 -1.982513
2.44398 2.41845 -1.982513
2.44398 2.41845 -1.982513
2.44398 2.41845 -1.982513
2.44398 2.41845 -1.982513
2.44398 2.41845 -1.982513
2.44398 2.41845 -1.982513
2.44398 2.41845 -1.982513
2.44398 2.41845 -1.982513
2.44398 2.41845 -1.982513
2.44398 2.41845 -1.982513
2.44398 2.41845 -1.982513
2.44398 2.41845 -1.982513
2.44398 2.41845 -1.982513
2.44398 2.41845 -1.982513
2.44398 2.41845 -1.982513
2.44398 2.41845 -1.982513
2.44398 2.41845 -1.982513
2.44398 2.41845 -1.982513
2.44398 2.41845 -1.982513
2.44398 2.41845 -1.982513
2.44398 2.41845 -1.982513
2.44398 2.41845 -1.982513
2.44398 2.41845 -1.982513
2.44398 2.41845 -1.982513
2.44398 2.41845 -1.982513
2.44398 2.41845 -1.982513
2.44398 2.41845 -1.982513
2.44398 2.41845 -1.982513
2.44398 2.41845 -1.982513
2.510963 2.441826 -1.803128
2.510963 2.441826 -1.803128
2.510963 2.441826 -1.803128
2.510963 2.441826 -1.803128
2.510963 2.441826 -1.803128
2.510963 2.441826 -1.803128
2.510963 2.441826 -1.803128
2.510963 2.441826 -1.803128
2.510963 2.441826 -1.803128
2.510963 2.441826 -1.803128
2.510963 2.441826 -1.803128
2.510963 2.441826 -1.803128
2.510963 2.441826 -1.803128
2.510963 2.441826 -1.803128
2.510963 2.441826 -1.803128
2.510963 2.441826 -1.803128
2.510963 2.441826 -1.803128
2.510963 2.441826 -1.803128
2.510963 2.441826 -1.803128
2.510963 2.441826 -1.803128
2.510963 2.441826 -1.803128
2.510963 2.441826 -1.803128
2.510963 2.441826 -1.803128
2.510963 2.441826 -1.803128
2.510963 2.441826 -1.803128
2.510963 2.441826 -1.803128
2.510963 2.441826 -1.803128
2.510963 2.441826 -1.803128
2.510963 2.441826 -1.803128
2.510963 2.441826 -1.803128
2.510963 2.441826 -1.803128
2.510963 2.441826 -1.803128
2.510963 2.441826 -1.803128
2.510963 2.441826 -1.803128
2.510963 2.441826 -1.803128
2.510963 2.441826 -1.803128
2.510963 2.441826 -1.803128
2.510963 2.441826 -1.803128
2.510963 2.441826 -1.803128
2.510963 2.441826 -1.803128
2.510963 2.441826 -1.803128
2.510963 2.441826 -1.803128
2.510963 2.441826 -1.803128
2.510963 2.441826 -1.803128
2.510963 2.441826 -1.803128
2.510963 2.441826 -1.803128
2.510963 2.441826 -1.803128
2.510963 2.441826 -1.803128
2.510963 2.441826 -1.803128
2.510963 2.441826 -1.803128
2.510963 2.441826 -1.803128
2.510963 2.441826 -1.803128
2.510963 2.441826 -1.803128
2.510963 2.441826 -1.803128
2.510963 2.441826 -1.803128
2.510963 2.441826 -1.803128
2.510963 2.441826 -1.803128
2.510963 2.441826 -1.803128
2.510963 2.441826 -1.803128
2.510963 2.441826 -1.803128
2.562778 2.501384 -1.625763
2.562778 2.501384 -1.625763
2.562778 2.501384 -1.625763
2.562778 2.501384 -1.625763
2.562778 2.501384 -1.625763
2.562778 2.501384 -1.625763
2.562778 2.501384 -1.625763
2.562778 2.501384 -1.625763
2.562778 2.501384 -1.625763
2.562778 2.501384 -1.625763
2.562778 2.501384 -1.625763
2.562778 2.501384 -1.625763
2.479418 2.449774 -1.886768
2.479418 2.449774 -1.886768
2.479418 2.449774 -1.886768
2.479418 2.449774 -1.886768
2.479418 2.449774 -1.886768
2.479418 2.449774 -1.886768
2.479418 2.449774 -1.886768
2.479418 2.449774 -1.886768
2.479418 2.449774 -1.886768
2.479418 2.449774 -1.886768
2.479418 2.449774 -1.886768
2.479418 2.449774 -1.886768
2.479418 2.449774 -1.886768
2.479418 2.449774 -1.886768
2.479418 2.449774 -1.886768
2.479418 2.449774 -1.886768
2.479418 2.449774 -1.886768
2.479418 2.449774 -1.886768
2.479418 2.449774 -1.886768
2.479418 2.449774 -1.886768
2.479418 2.449774 -1.886768
2.479418 2.449774 -1.886768
2.479418 2.449774 -1.886768
2.479418 2.449774 -1.886768
2.479418 2.449774 -1.886768
2.479418 2.449774 -1.886768
2.479418 2.449774 -1.886768
2.479418 2.449774 -1.886768
2.479418 2.449774 -1.886768
2.74366 2.472329 -2.129066
2.74366 2.472329 -2.129066
2.74366 2.472329 -2.129066
2.74366 2.472329 -2.129066
2.74366 2.472329 -2.129066
2.74366 2.472329 -2.129066
2.74366 2.472329 -2.129066
2.74366 2.472329 -2.129066
2.74366 2.472329 -2.129066
2.74366 2.472329 -2.129066
2.74366 2.472329 -2.129066
2.74366 2.472329 -2.129066
2.74366 2.472329 -2.129066
2.74366 2.472329 -2.129066
2.74366 2.472329 -2.129066
2.74366 2.472329 -2.129066
2.74366 2.472329 -2.129066
2.74366 2.472329 -2.129066
2.74366 2.472329 -2.129066
2.779716 2.535533 -2.084788
2.779716 2.535533 -2.084788
2.779716 2.535533 -2.084788
2.779716 2.535533 -2.084788
2.779716 2.535533 -2.084788
2.779716 2.535533 -2.084788
2.779716 2.535533 -2.084788
2.779716 2.535533 -2.084788
2.779716 2.535533 -2.084788
2.779716 2.535533 -2.084788
2.779716 2.535533 -2.084788
2.779716 2.535533 -2.084788
2.187011 2.86063 -1.299794
2.187011 2.86063 -1.299794
2.187011 2.86063 -1.299794
2.187011 2.86063 -1.299794
2.187011 2.86063 -1.299794
2.187011 2.86063 -1.299794
2.187011 2.86063 -1.299794
2.187011 2.86063 -1.299794
