0.1794099 -0.9026103 -0.715251
0.1794099 -0.9026103 -0.715251
0.1794099 -0.9026103 -0.715251
0.1794099 -0.9026103 -0.715251
0.1794099 -0.9026103 -0.715251
0.1794099 -0.9026103 -0.715251
1.579111 -0.9022364 -0.3517729
1.579111 -0.9022364 -0.3517729
1.741208 -0.1543513 1.299659
1.741208 -0.1543513 1.299659
1.747602 -0.03383388 0.4414393
1.747602 -0.03383388 0.4414393
1.747602 -0.03383388 0.4414393
1.747602 -0.03383388 0.4414393
1.747602 -0.03383388 0.4414393
1.747602 -0.03383388 0.4414393
1.747602 -0.03383388 0.4414393
1.747602 -0.03383388 0.4414393
1.747602 -0.03383388 0.4414393
1.747602 -0.03383388 0.4414393
1.747602 -0.03383388 0.4414393
1.747602 -0.03383388 0.4414393
1.747602 -0.03383388 0.4414393
1.747602 -0.03383388 0.4414393
1.747602 -0.03383388 0.4414393
1.747602 -0.03383388 0.4414393
1.747602 -0.03383388 0.4414393
1.747602 -0.03383388 0.4414393
1.203327 1.696999 1.062661
1.203327 1.696999 1.062661
1.203327 1.696999 1.062661
1.203327 1.696999 1.062661
1.203327 1.696999 1.062661
1.203327 1.696999 1.062661
1.203327 1.696999 1.062661
1.203327 1.696999 1.062661
1.203327 1.696999 1.062661
1.203327 1.696999 1.062661
1.569961 1.54382 0.6515981
1.569961 1.54382 0.6515981
1.569961 1.54382 0.6515981
1.569961 1.54382 0.6515981
1.569961 1.54382 0.6515981
1.569961 1.54382 0.6515981
1.569961 1.54382 0.6515981
1.569961 1.54382 0.6515981
1.569961 1.54382 0.6515981
1.569961 1.54382 0.6515981
1.569961 1.54382 0.6515981
1.569961 1.54382 0.6515981
1.569961 1.54382 0.6515981
1.569961 1.54382 0.6515981
1.569961 1.54382 0.6515981
1.569961 1.54382 0.6515981
1.569961 1.54382 0.6515981
1.569961 1.54382 0.6515981
1.590739 1.004442 0.5485206
1.590739 1.004442 0.5485206
1.590739 1.004442 0.5485206
1.590739 1.004442 0.5485206
1.766343 1.06969 0.5257535
1.766343 1.06969 0.5257535
1.766343 1.06969 0.5257535
1.766343 1.06969 0.5257535
1.766343 1.06969 0.5257535
1.766343 1.06969 0.5257535
1.766343 1.06969 0.5257535
1.766343 1.06969 0.5257535
1.766343 1.06969 0.5257535
1.766343 1.06969 0.5257535
1.766343 1.06969 0.5257535
1.766343 1.06969 0.5257535
1.766343 1.06969 0.5257535
1.766343 1.06969 0.5257535
1.766343 1.06969 0.5257535
1.766343 1.06969 0.5257535
1.766343 1.06969 0.5257535
1.766343 1.06969 0.5257535
1.766343 1.06969 0.5257535
1.766343 1.06969 0.5257535
1.915423 1.133258 -0.6183603
1.915423 1.133258 -0.6183603
1.915423 1.133258 -0.6183603
1.915423 1.133258 -0.6183603
1.915423 1.133258 -0.6183603
1.915423 1.133258 -0.6183603
1.915423 1.133258 -0.6183603
1.915423 1.133258 -0.6183603
1.915423 1.133258 -0.6183603
1.915423 1.133258 -0.6183603
1.915423 1.133258 -0.6183603
1.915423 1.133258 -0.6183603
1.915423 1.133258 -0.6183603
1.915423 1.133258 -0.6183603
1.915423 1.133258 -0.6183603
1.915423 1.133258 -0.6183603
1.915423 1.133258 -0.6183603
1.915423 1.133258 -0.6183603
1.915423 1.133258 -0.6183603
1.915423 1.133258 -0.6183603
1.915423 1.133258 -0.6183603
1.915423 1.133258 -0.6183603
1.915423 1.133258 -0.6183603
1.915423 1.133258 -0.6183603
1.915423 1.133258 -0.6183603
1.915423 1.133258 -0.6183603
1.915423 1.133258 -0.6183603
1.915423 1.133258 -0.6183603
1.915423 1.133258 -0.6183603
1.915423 1.133258 -0.6183603
1.915423 1.133258 -0.6183603
1.915423 1.133258 -0.6183603
1.915423 1.133258 -0.6183603
1.915423 1.133258 -0.6183603
1.915423 1.133258 -0.6183603
1.915423 1.133258 -0.6183603
1.915423 1.133258 -0.6183603
1.915423 1.133258 -0.6183603
1.915423 1.133258 -0.6183603
1.915423 1.133258 -0.6183603
2.394444 1.982113 -0.5976833
2.394444 1.982113 -0.5976833
2.394444 1.982113 -0.5976833
2.394444 1.982113 -0.5976833
2.394444 1.982113 -0.5976833
2.394444 1.982113 -0.5976833
2.394444 1.982113 -0.5976833
2.394444 1.982113 -0.5976833
2.394444 1.982113 -0.5976833
1.98403 2.126207 -0.3065164
1.98403 2.126207 -0.3065164
1.98403 2.126207 -0.3065164
1.98403 2.126207 -0.3065164
1.98403 2.126207 -0.3065164
1.778582 1.854038 -0.6945819
1.778582 1.854038 -0.6945819
1.778582 1.854038 -0.6945819
1.778582 1.854038 -0.6945819
1.778582 1.854038 -0.6945819
1.778582 1.854038 -0.6945819
1.778582 1.854038 -0.6945819
1.778582 1.854038 -0.6945819
1.778582 1.854038 -0.6945819
1.778582 1.854038 -0.6945819
1.778582 1.854038 -0.6945819
1.63649 1.003311 -0.3790565
1.63649 1.003311 -0.3790565
1.63649 1.003311 -0.3790565
1.63649 1.003311 -0.3790565
1.63649 1.003311 -0.3790565
1.63649 1.003311 -0.3790565
1.63649 1.003311 -0.3790565
1.63649 1.003311 -0.3790565
1.63649 1.003311 -0.3790565
1.63649 1.003311 -0.3790565
1.63649 1.003311 -0.3790565
1.63649 1.003311 -0.3790565
1.63649 1.003311 -0.3790565
1.63649 1.003311 -0.3790565
1.63649 1.003311 -0.3790565
1.63649 1.003311 -0.3790565
1.63649 1.003311 -0.3790565
1.63649 1.003311 -0.3790565
1.63649 1.003311 -0.3790565
1.63649 1.003311 -0.3790565
1.63649 1.003311 -0.3790565
1.63649 1.003311 -0.3790565
1.63649 1.003311 -0.3790565
1.63649 1.003311 -0.3790565
1.63649 1.003311 -0.3790565
1.63649 1.003311 -0.3790565
1.63649 1.003311 -0.3790565
1.63649 1.003311 -0.3790565
1.63649 1.003311 -0.3790565
1.63649 1.003311 -0.3790565
1.63649 1.003311 -0.3790565
1.63649 1.003311 -0.3790565
1.63649 1.003311 -0.3790565
1.63649 1.003311 -0.3790565
1.63649 1.003311 -0.3790565
1.943929 1.221545 -0.5152852
1.943929 1.221545 -0.5152852
1.943929 1.221545 -0.5152852
1.943929 1.221545 -0.5152852
1.943929 1.221545 -0.5152852
1.943929 1.221545 -0.5152852
1.943929 1.221545 -0.5152852
1.943929 1.221545 -0.5152852
1.943929 1.221545 -0.5152852
1.943929 1.221545 -0.5152852
1.943929 1.221545 -0.5152852
1.876725 1.108421 -0.7087639
1.876725 1.108421 -0.7087639
1.876725 1.108421 -0.7087639
1.876725 1.108421 -0.7087639
1.876725 1.108421 -0.7087639
1.876725 1.108421 -0.7087639
1.876725 1.108421 -0.7087639
1.876725 1.108421 -0.7087639
1.876725 1.108421 -0.7087639
1.876725 1.108421 -0.7087639
1.876725 1.108421 -0.7087639
1.876725 1.108421 -0.7087639
1.876725 1.108421 -0.7087639
1.876725 1.108421 -0.7087639
1.876725 1.108421 -0.7087639
1.876725 1.108421 -0.7087639
1.876725 1.108421 -0.7087639
1.876725 1.108421 -0.7087639
1.876725 1.108421 -0.7087639
1.876725 1.108421 -0.7087639
1.876725 1.108421 -0.7087639
1.876725 1.108421 -0.7087639
1.876725 1.108421 -0.7087639
1.876725 1.108421 -0.7087639
1.876725 1.108421 -0.7087639
1.876725 1.108421 -0.7087639
1.876725 1.108421 -0.7087639
1.876725 1.108421 -0.7087639
1.876725 1.108421 -0.7087639
1.876725 1.108421 -0.7087639
1.876725 1.108421 -0.7087639
1.876725 1.108421 -0.7087639
1.876725 1.108421 -0.7087639
1.876725 1.108421 -0.7087639
1.876725 1.108421 -0.7087639
1.876725 1.108421 -0.7087639
1.876725 1.108421 -0.7087639
1.876725 1.108421 -0.7087639
1.876725 1.108421 -0.7087639
1.876725 1.108421 -0.7087639
1.876725 1.108421 -0.7087639
1.876725 1.108421 -0.7087639
1.876725 1.108421 -0.7087639
1.876725 1.108421 -0.7087639
1.876725 1.108421 -0.7087639
1.876725 1.108421 -0.7087639
1.876725 1.108421 -0.7087639
1.876725 1.108421 -0.7087639
1.876725 1.108421 -0.7087639
2.079276 1.28894 -0.7838533
2.079276 1.28894 -0.7838533
2.079276 1.28894 -0.7838533
2.079276 1.28894 -0.7838533
2.079276 1.28894 -0.7838533
2.079276 1.28894 -0.7838533
2.079276 1.28894 -0.7838533
2.079276 1.28894 -0.7838533
2.079276 1.28894 -0.7838533
2.079276 1.28894 -0.7838533
2.079276 1.28894 -0.7838533
2.079276 1.28894 -0.7838533
2.079276 1.28894 -0.7838533
2.079276 1.28894 -0.7838533
2.079276 1.28894 -0.7838533
2.079276 1.28894 -0.7838533
2.079276 1.28894 -0.7838533
2.110208 1.422525 -0.968318
2.110208 1.422525 -0.968318
2.110208 1.422525 -0.968318
2.110208 1.422525 -0.968318
2.110208 1.422525 -0.968318
2.110208 1.422525 -0.968318
2.110208 1.422525 -0.968318
2.110208 1.422525 -0.968318
2.110208 1.422525 -0.968318
2.110208 1.422525 -0.968318
2.110208 1.422525 -0.968318
2.110208 1.422525 -0.968318
2.110208 1.422525 -0.968318
2.110208 1.422525 -0.968318
2.110208 1.422525 -0.968318
2.110208 1.422525 -0.968318
2.110208 1.422525 -0.968318
2.110208 1.422525 -0.968318
2.110208 1.422525 -0.968318
2.110208 1.422525 -0.968318
2.110208 1.422525 -0.968318
2.110208 1.422525 -0.968318
2.110208 1.422525 -0.968318
2.110208 1.422525 -0.968318
2.110208 1.422525 -0.968318
2.110208 1.422525 -0.968318
2.110208 1.422525 -0.968318
2.064974 1.273666 -1.182307
2.064974 1.273666 -1.182307
2.064974 1.273666 -1.182307
2.064974 1.273666 -1.182307
2.064974 1.273666 -1.182307
2.064974 1.273666 -1.182307
2.064974 1.273666 -1.182307
2.064974 1.273666 -1.182307
2.064974 1.273666 -1.182307
2.064974 1.273666 -1.182307
2.064974 1.273666 -1.182307
2.064974 1.273666 -1.182307
2.064974 1.273666 -1.182307
2.064974 1.273666 -1.182307
2.064974 1.273666 -1.182307
2.064974 1.273666 -1.182307
1.679599 1.391595 -0.4321628
1.679599 1.391595 -0.4321628
1.679599 1.391595 -0.4321628
1.679599 1.391595 -0.4321628
1.679599 1.391595 -0.4321628
1.679599 1.391595 -0.4321628
1.679599 1.391595 -0.4321628
1.679599 1.391595 -0.4321628
1.679599 1.391595 -0.4321628
1.679599 1.391595 -0.4321628
1.679599 1.391595 -0.4321628
1.679599 1.391595 -0.4321628
1.679599 1.391595 -0.4321628
1.679599 1.391595 -0.4321628
1.679599 1.391595 -0.4321628
1.679599 1.391595 -0.4321628
1.679599 1.391595 -0.4321628
1.679599 1.391595 -0.4321628
1.679599 1.391595 -0.4321628
1.679599 1.391595 -0.4321628
1.679599 1.391595 -0.4321628
1.679599 1.391595 -0.4321628
1.679599 1.391595 -0.4321628
1.679599 1.391595 -0.4321628
1.679599 1.391595 -0.4321628
1.679599 1.391595 -0.4321628
1.679599 1.391595 -0.4321628
2.287052 1.377581 -1.686976
2.287052 1.377581 -1.686976
2.287052 1.377581 -1.686976
2.287052 1.377581 -1.686976
2.287052 1.377581 -1.686976
2.287052 1.377581 -1.686976
2.287052 1.377581 -1.686976
2.287052 1.377581 -1.686976
2.287052 1.377581 -1.686976
2.287052 1.377581 -1.686976
2.287052 1.377581 -1.686976
2.287052 1.377581 -1.686976
2.287052 1.377581 -1.686976
2.287052 1.377581 -1.686976
2.287052 1.377581 -1.686976
2.287052 1.377581 -1.686976
2.287052 1.377581 -1.686976
2.287052 1.377581 -1.686976
2.287052 1.377581 -1.686976
2.287052 1.377581 -1.686976
2.287052 1.377581 -1.686976
2.287052 1.377581 -1.686976
2.287052 1.377581 -1.686976
2.287052 1.377581 -1.686976
2.287052 1.377581 -1.686976
2.287052 1.377581 -1.686976
2.287052 1.377581 -1.686976
2.287052 1.377581 -1.686976
2.287052 1.377581 -1.686976
2.287052 1.377581 -1.686976
2.287052 1.377581 -1.686976
2.287052 1.377581 -1.686976
2.287052 1.377581 -1.686976
2.432437 1.538586 -1.802662
2.432437 1.538586 -1.802662
2.432437 1.538586 -1.802662
2.432437 1.538586 -1.802662
2.432437 1.538586 -1.802662
2.432437 1.538586 -1.802662
2.432437 1.538586 -1.802662
2.432437 1.538586 -1.802662
2.432437 1.538586 -1.802662
2.432437 1.538586 -1.802662
2.432437 1.538586 -1.802662
2.432437 1.538586 -1.802662
2.432437 1.538586 -1.802662
2.432437 1.538586 -1.802662
2.432437 1.538586 -1.802662
2.432437 1.538586 -1.802662
2.432437 1.538586 -1.802662
2.432437 1.538586 -1.802662
2.432437 1.538586 -1.802662
2.432437 1.538586 -1.802662
2.432437 1.538586 -1.802662
2.432437 1.538586 -1.802662
2.432437 1.538586 -1.802662
2.432437 1.538586 -1.802662
2.432437 1.538586 -1.802662
2.432437 1.538586 -1.802662
2.432437 1.538586 -1.802662
2.432437 1.538586 -1.802662
2.432437 1.538586 -1.802662
2.432437 1.538586 -1.802662
2.432437 1.538586 -1.802662
2.432437 1.538586 -1.802662
2.432437 1.538586 -1.802662
2.432437 1.538586 -1.802662
2.432437 1.538586 -1.802662
2.432437 1.538586 -1.802662
2.432437 1.538586 -1.802662
2.432437 1.538586 -1.802662
2.432437 1.538586 -1.802662
2.432437 1.538586 -1.802662
2.301316 2.217106 -1.691049
2.301316 2.217106 -1.691049
2.301316 2.217106 -1.691049
2.301316 2.217106 -1.691049
2.301316 2.217106 -1.691049
2.301316 2.217106 -1.691049
2.301316 2.217106 -1.691049
2.301316 2.217106 -1.691049
2.301316 2.217106 -1.691049
2.301316 2.217106 -1.691049
2.301316 2.217106 -1.691049
2.301316 2.217106 -1.691049
2.301316 2.217106 -1.691049
2.301316 2.217106 -1.691049
2.301316 2.217106 -1.691049
2.301316 2.217106 -1.691049
1.826402 1.088311 -1.243175
1.826402 1.088311 -1.243175
1.826402 1.088311 -1.243175
1.826402 1.088311 -1.243175
1.952953 1.267453 -1.368176
1.952953 1.267453 -1.368176
1.952953 1.267453 -1.368176
1.952953 1.267453 -1.368176
1.952953 1.267453 -1.368176
1.952953 1.267453 -1.368176
1.952953 1.267453 -1.368176
1.952953 1.267453 -1.368176
1.952953 1.267453 -1.368176
1.952953 1.267453 -1.368176
1.952953 1.267453 -1.368176
1.952953 1.267453 -1.368176
1.952953 1.267453 -1.368176
1.952953 1.267453 -1.368176
1.952953 1.267453 -1.368176
1.952953 1.267453 -1.368176
1.952953 1.267453 -1.368176
1.952953 1.267453 -1.368176
1.952953 1.267453 -1.368176
1.952953 1.267453 -1.368176
1.952953 1.267453 -1.368176
1.952953 1.267453 -1.368176
1.952953 1.267453 -1.368176
1.952953 1.267453 -1.368176
1.952953 1.267453 -1.368176
1.952953 1.267453 -1.368176
1.952953 1.267453 -1.368176
1.952953 1.267453 -1.368176
2.123148 1.701191 -0.8101909
2.123148 1.701191 -0.8101909
2.123148 1.701191 -0.8101909
2.123148 1.701191 -0.8101909
2.123148 1.701191 -0.8101909
2.123148 1.701191 -0.8101909
2.123148 1.701191 -0.8101909
2.123148 1.701191 -0.8101909
2.123148 1.701191 -0.8101909
2.123148 1.701191 -0.8101909
2.473803 2.136105 -1.421468
2.473803 2.136105 -1.421468
2.473803 2.136105 -1.421468
2.473803 2.136105 -1.421468
2.473803 2.136105 -1.421468
2.473803 2.136105 -1.421468
2.473803 2.136105 -1.421468
2.473803 2.136105 -1.421468
2.473803 2.136105 -1.421468
2.473803 2.136105 -1.421468
2.473803 2.136105 -1.421468
2.473803 2.136105 -1.421468
2.473803 2.136105 -1.421468
2.473803 2.136105 -1.421468
2.473803 2.136105 -1.421468
2.473803 2.136105 -1.421468
2.473803 2.136105 -1.421468
2.473803 2.136105 -1.421468
2.473803 2.136105 -1.421468
2.473803 2.136105 -1.421468
2.473803 2.136105 -1.421468
2.473803 2.136105 -1.421468
2.577828 2.292168 -1.583744
2.577828 2.292168 -1.583744
2.577828 2.292168 -1.583744
2.577828 2.292168 -1.583744
2.577828 2.292168 -1.583744
2.577828 2.292168 -1.583744
2.577828 2.292168 -1.583744
2.577828 2.292168 -1.583744
2.577828 2.292168 -1.583744
2.577828 2.292168 -1.583744
2.577828 2.292168 -1.583744
2.577828 2.292168 -1.583744
2.577828 2.292168 -1.583744
2.577828 2.292168 -1.583744
2.577828 2.292168 -1.583744
2.577828 2.292168 -1.583744
2.577828 2.292168 -1.583744
2.577828 2.292168 -1.583744
2.577828 2.292168 -1.583744
2.577828 2.292168 -1.583744
2.577828 2.292168 -1.583744
2.577828 2.292168 -1.583744
2.577828 2.292168 -1.583744
2.577828 2.292168 -1.583744
2.577828 2.292168 -1.583744
2.577828 2.292168 -1.583744
2.577828 2.292168 -1.583744
2.577828 2.292168 -1.583744
2.577828 2.292168 -1.583744
2.577828 2.292168 -1.583744
2.577828 2.292168 -1.583744
2.577828 2.292168 -1.583744
2.577828 2.292168 -1.583744
2.577828 2.292168 -1.583744
2.577828 2.292168 -1.583744
2.577828 2.292168 -1.583744
2.577828 2.292168 -1.583744
2.577828 2.292168 -1.583744
2.577828 2.292168 -1.583744
2.577828 2.292168 -1.583744
2.577828 2.292168 -1.583744
2.577828 2.292168 -1.583744
2.577828 2.292168 -1.583744
2.577828 2.292168 -1.583744
2.577828 2.292168 -1.583744
2.577828 2.292168 -1.583744
2.577828 2.292168 -1.583744
2.577828 2.292168 -1.583744
2.577828 2.292168 -1.583744
2.577828 2.292168 -1.583744
2.577828 2.292168 -1.583744
2.577828 2.292168 -1.583744
2.577828 2.292168 -1.583744
2.577828 2.292168 -1.583744
2.577828 2.292168 -1.583744
2.577828 2.292168 -1.583744
2.577828 2.292168 -1.583744
2.577828 2.292168 -1.583744
2.577828 2.292168 -1.583744
2.577828 2.292168 -1.583744
2.658339 2.42495 -1.750661
2.658339 2.42495 -1.750661
2.658339 2.42495 -1.750661
2.658339 2.42495 -1.750661
2.658339 2.42495 -1.750661
2.658339 2.42495 -1.750661
2.658339 2.42495 -1.750661
2.658339 2.42495 -1.750661
2.658339 2.42495 -1.750661
2.658339 2.42495 -1.750661
2.658339 2.42495 -1.750661
2.658339 2.42495 -1.750661
2.658339 2.42495 -1.750661
2.658339 2.42495 -1.750661
2.658339 2.42495 -1.750661
2.658339 2.42495 -1.750661
2.658339 2.42495 -1.750661
2.658339 2.42495 -1.750661
2.658339 2.42495 -1.750661
2.658339 2.42495 -1.750661
2.658339 2.42495 -1.750661
2.658339 2.42495 -1.750661
2.658339 2.42495 -1.750661
2.658339 2.42495 -1.750661
2.658339 2.42495 -1.750661
2.658339 2.42495 -1.750661
2.658339 2.42495 -1.750661
2.658339 2.42495 -1.750661
2.658339 2.42495 -1.750661
2.658339 2.42495 -1.750661
2.658339 2.42495 -1.750661
2.658339 2.42495 -1.750661
2.658339 2.42495 -1.750661
2.658339 2.42495 -1.750661
2.658339 2.42495 -1.750661
2.658339 2.42495 -1.750661
2.658339 2.42495 -1.750661
2.658339 2.42495 -1.750661
2.658339 2.42495 -1.750661
2.658339 2.42495 -1.750661
2.42147 2.251904 -1.988497
2.42147 2.251904 -1.988497
2.42147 2.251904 -1.988497
2.42147 2.251904 -1.988497
2.42147 2.251904 -1.988497
2.42147 2.251904 -1.988497
2.42147 2.251904 -1.988497
2.42147 2.251904 -1.988497
2.42147 2.251904 -1.988497
2.42147 2.251904 -1.988497
2.42147 2.251904 -1.988497
2.42147 2.251904 -1.988497
2.42147 2.251904 -1.988497
2.42147 2.251904 -1.988497
2.42147 2.251904 -1.988497
2.42147 2.251904 -1.988497
2.42147 2.251904 -1.988497
2.42147 2.251904 -1.988497
2.42147 2.251904 -1.988497
2.42147 2.251904 -1.988497
2.502389 2.425404 -2.147898
2.306785 1.81377 -1.669471
2.306785 1.81377 -1.669471
2.306785 1.81377 -1.669471
2.306785 1.81377 -1.669471
2.306785 1.81377 -1.669471
2.306785 1.81377 -1.669471
2.306785 1.81377 -1.669471
2.306785 1.81377 -1.669471
2.306785 1.81377 -1.669471
2.306785 1.81377 -1.669471
2.306785 1.81377 -1.669471
2.306785 1.81377 -1.669471
2.306785 1.81377 -1.669471
2.306785 1.81377 -1.669471
2.306785 1.81377 -1.669471
2.306785 1.81377 -1.669471
2.306785 1.81377 -1.669471
2.306785 1.81377 -1.669471
2.306785 1.81377 -1.669471
2.306785 1.81377 -1.669471
2.306785 1.81377 -1.669471
2.306785 1.81377 -1.669471
2.306785 1.81377 -1.669471
2.306785 1.81377 -1.669471
2.306785 1.81377 -1.669471
2.306785 1.81377 -1.669471
2.306785 1.81377 -1.669471
2.306785 1.81377 -1.669471
2.306785 1.81377 -1.669471
2.306785 1.81377 -1.669471
2.306785 1.81377 -1.669471
2.306785 1.81377 -1.669471
2.306785 1.81377 -1.669471
2.306785 1.81377 -1.669471
2.306785 1.81377 -1.669471
2.306785 1.81377 -1.669471
2.306785 1.81377 -1.669471
2.306785 1.81377 -1.669471
2.306785 1.81377 -1.669471
2.306785 1.81377 -1.669471
2.306785 1.81377 -1.669471
2.306785 1.81377 -1.669471
2.306785 1.81377 -1.669471
2.306785 1.81377 -1.669471
2.419208 1.801993 -1.977553
2.419208 1.801993 -1.977553
2.419208 1.801993 -1.977553
2.419208 1.801993 -1.977553
2.419208 1.801993 -1.977553
2.419208 1.801993 -1.977553
2.419208 1.801993 -1.977553
2.419208 1.801993 -1.977553
2.419208 1.801993 -1.977553
2.419208 1.801993 -1.977553
2.419208 1.801993 -1.977553
2.419208 1.801993 -1.977553
2.419208 1.801993 -1.977553
2.419208 1.801993 -1.977553
2.419208 1.801993 -1.977553
2.482091 1.997844 -2.148668
2.482091 1.997844 -2.148668
2.364276 1.751721 -1.630889
2.421494 2.118838 -2.037259
2.421494 2.118838 -2.037259
2.421494 2.118838 -2.037259
2.421494 2.118838 -2.037259
2.421494 2.118838 -2.037259
2.421494 2.118838 -2.037259
2.421494 2.118838 -2.037259
2.421494 2.118838 -2.037259
2.421494 2.118838 -2.037259
2.421494 2.118838 -2.037259
2.421494 2.118838 -2.037259
2.421494 2.118838 -2.037259
2.421494 2.118838 -2.037259
2.421494 2.118838 -2.037259
2.421494 2.118838 -2.037259
2.421494 2.118838 -2.037259
2.421494 2.118838 -2.037259
2.421494 2.118838 -2.037259
2.421494 2.118838 -2.037259
2.421494 2.118838 -2.037259
2.421494 2.118838 -2.037259
2.421494 2.118838 -2.037259
2.421494 2.118838 -2.037259
2.421494 2.118838 -2.037259
2.421494 2.118838 -2.037259
2.421494 2.118838 -2.037259
2.421494 2.118838 -2.037259
2.421494 2.118838 -2.037259
2.421494 2.118838 -2.037259
2.421494 2.118838 -2.037259
2.421494 2.118838 -2.037259
2.421494 2.118838 -2.037259
2.421494 2.118838 -2.037259
2.421494 2.118838 -2.037259
2.180997 2.073742 -1.44923
2.180997 2.073742 -1.44923
2.180997 2.073742 -1.44923
2.180997 2.073742 -1.44923
2.180997 2.073742 -1.44923
2.180997 2.073742 -1.44923
2.180997 2.073742 -1.44923
2.180997 2.073742 -1.44923
2.180997 2.073742 -1.44923
2.180997 2.073742 -1.44923
2.180997 2.073742 -1.44923
2.180997 2.073742 -1.44923
2.180997 2.073742 -1.44923
2.180997 2.073742 -1.44923
2.180997 2.073742 -1.44923
2.180997 2.073742 -1.44923
2.180997 2.073742 -1.44923
2.180997 2.073742 -1.44923
2.180997 2.073742 -1.44923
2.180997 2.073742 -1.44923
2.180997 2.073742 -1.44923
2.180997 2.073742 -1.44923
2.180997 2.073742 -1.44923
2.246971 2.299265 -1.641679
2.246971 2.299265 -1.641679
2.246971 2.299265 -1.641679
2.246971 2.299265 -1.641679
2.246971 2.299265 -1.641679
2.246971 2.299265 -1.641679
2.246971 2.299265 -1.641679
2.246971 2.299265 -1.641679
2.246971 2.299265 -1.641679
2.246971 2.299265 -1.641679
2.246971 2.299265 -1.641679
2.246971 2.299265 -1.641679
2.246971 2.299265 -1.641679
2.246971 2.299265 -1.641679
2.246971 2.299265 -1.641679
2.246971 2.299265 -1.641679
2.246971 2.299265 -1.641679
2.246971 2.299265 -1.641679
2.246971 2.299265 -1.641679
2.154751 1.80561 -1.192306
2.154751 1.80561 -1.192306
2.154751 1.80561 -1.192306
2.154751 1.80561 -1.192306
2.154751 1.80561 -1.192306
2.154751 1.80561 -1.192306
2.154751 1.80561 -1.192306
2.154751 1.80561 -1.192306
2.154751 1.80561 -1.192306
2.154751 1.80561 -1.192306
2.154751 1.80561 -1.192306
2.154751 1.80561 -1.192306
2.154751 1.80561 -1.192306
2.154751 1.80561 -1.192306
2.154751 1.80561 -1.192306
2.154751 1.80561 -1.192306
2.154751 1.80561 -1.192306
2.154751 1.80561 -1.192306
2.154751 1.80561 -1.192306
2.154751 1.80561 -1.192306
2.855254 2.509758 -2.138168
2.855254 2.509758 -2.138168
2.855254 2.509758 -2.138168
2.855254 2.509758 -2.138168
2.855254 2.509758 -2.138168
2.855254 2.509758 -2.138168
2.855254 2.509758 -2.138168
2.855254 2.509758 -2.138168
2.855254 2.509758 -2.138168
2.855254 2.509758 -2.138168
2.855254 2.509758 -2.138168
2.855254 2.509758 -2.138168
2.855254 2.509758 -2.138168
2.855254 2.509758 -2.138168
2.855254 2.509758 -2.138168
2.855254 2.509758 -2.138168
2.855254 2.509758 -2.138168
2.855254 2.509758 -2.138168
2.855254 2.509758 -2.138168
2.855254 2.509758 -2.138168
2.855254 2.509758 -2.138168
2.925431 2.527264 -2.200119
2.925431 2.527264 -2.200119
2.925431 2.527264 -2.200119
2.925431 2.527264 -2.200119
2.925431 2.527264 -2.200119
2.925431 2.527264 -2.200119
2.925431 2.527264 -2.200119
2.925431 2.527264 -2.200119
2.925431 2.527264 -2.200119
2.925431 2.527264 -2.200119
2.925431 2.527264 -2.200119
2.925431 2.527264 -2.200119
2.925431 2.527264 -2.200119
2.925431 2.527264 -2.200119
2.925431 2.527264 -2.200119
2.925431 2.527264 -2.200119
2.925431 2.527264 -2.200119
2.925431 2.527264 -2.200119
2.925431 2.527264 -2.200119
2.925431 2.527264 -2.200119
2.925431 2.527264 -2.200119
2.925431 2.527264 -2.200119
2.925431 2.527264 -2.200119
2.925431 2.527264 -2.200119
2.925431 2.527264 -2.200119
2.925431 2.527264 -2.200119
2.925431 2.527264 -2.200119
2.925431 2.527264 -2.200119
2.925431 2.527264 -2.200119
2.925431 2.527264 -2.200119
2.925431 2.527264 -2.200119
2.925431 2.527264 -2.200119
2.925431 2.527264 -2.200119
2.925431 2.527264 -2.200119
2.925431 2.527264 -2.200119
2.925431 2.527264 -2.200119
2.925431 2.527264 -2.200119
2.925431 2.527264 -2.200119
2.925431 2.527264 -2.200119
2.925431 2.527264 -2.200119
2.925431 2.527264 -2.200119
2.925431 2.527264 -2.200119
2.861545 2.461921 -2.332407
2.861545 2.461921 -2.332407
2.861545 2.461921 -2.332407
2.861545 2.461921 -2.332407
2.861545 2.461921 -2.332407
2.861545 2.461921 -2.332407
2.861545 2.461921 -2.332407
2.861545 2.461921 -2.332407
2.861545 2.461921 -2.332407
2.861545 2.461921 -2.332407
2.861545 2.461921 -2.332407
2.861545 2.461921 -2.332407
2.861545 2.461921 -2.332407
2.861545 2.461921 -2.332407
2.861545 2.461921 -2.332407
2.861545 2.461921 -2.332407
2.861545 2.461921 -2.332407
2.861545 2.461921 -2.332407
2.918312 2.495282 -2.248343
2.918312 2.495282 -2.248343
2.918312 2.495282 -2.248343
2.918312 2.495282 -2.248343
2.918312 2.495282 -2.248343
2.918312 2.495282 -2.248343
2.918312 2.495282 -2.248343
2.918312 2.495282 -2.248343
2.918312 2.495282 -2.248343
2.918312 2.495282 -2.248343
2.918312 2.495282 -2.248343
2.918312 2.495282 -2.248343
2.918312 2.495282 -2.248343
2.918312 2.495282 -2.248343
2.918312 2.495282 -2.248343
2.918312 2.495282 -2.248343
2.918312 2.495282 -2.248343
2.918312 2.495282 -2.248343
2.918312 2.495282 -2.248343
2.918312 2.495282 -2.248343
2.918312 2.495282 -2.248343
2.918312 2.495282 -2.248343
2.918312 2.495282 -2.248343
2.918312 2.495282 -2.248343
2.918312 2.495282 -2.248343
2.918312 2.495282 -2.248343
2.918312 2.495282 -2.248343
2.918312 2.495282 -2.248343
2.918312 2.495282 -2.248343
2.918312 2.495282 -2.248343
2.918312 2.495282 -2.248343
2.918312 2.495282 -2.248343
2.918312 2.495282 -2.248343
2.918312 2.495282 -2.248343
2.918312 2.495282 -2.248343
2.918312 2.495282 -2.248343
2.918312 2.495282 -2.248343
2.918312 2.495282 -2.248343
2.918312 2.495282 -2.248343
2.918312 2.495282 -2.248343
2.918312 2.495282 -2.248343
2.918312 2.495282 -2.248343
2.918312 2.495282 -2.248343
2.918312 2.495282 -2.248343
2.918312 2.495282 -2.248343
2.918312 2.495282 -2.248343
2.918312 2.495282 -2.248343
2.918312 2.495282 -2.248343
2.918312 2.495282 -2.248343
2.918312 2.495282 -2.248343
2.918312 2.495282 -2.248343
2.918312 2.495282 -2.248343
2.918312 2.495282 -2.248343
2.918312 2.495282 -2.248343
2.918312 2.495282 -2.248343
2.918312 2.495282 -2.248343
2.918312 2.495282 -2.248343
2.918312 2.495282 -2.248343
2.918312 2.495282 -2.248343
2.918312 2.495282 -2.248343
2.93023 2.553089 -2.134352
2.93023 2.553089 -2.134352
2.93023 2.553089 -2.134352
2.93023 2.553089 -2.134352
2.93023 2.553089 -2.134352
2.93023 2.553089 -2.134352
2.93023 2.553089 -2.134352
2.93023 2.553089 -2.134352
2.93023 2.553089 -2.134352
2.93023 2.553089 -2.134352
2.93023 2.553089 -2.134352
2.93023 2.553089 -2.134352
2.93023 2.553089 -2.134352
2.93023 2.553089 -2.134352
2.93023 2.553089 -2.134352
2.93023 2.553089 -2.134352
2.93023 2.553089 -2.134352
2.93023 2.553089 -2.134352
2.93023 2.553089 -2.134352
2.93023 2.553089 -2.134352
2.93023 2.553089 -2.134352
2.93023 2.553089 -2.134352
2.93023 2.553089 -2.134352
2.93023 2.553089 -2.134352
2.93023 2.553089 -2.134352
2.93023 2.553089 -2.134352
2.93023 2.553089 -2.134352
2.93023 2.553089 -2.134352
2.93023 2.553089 -2.134352
2.93023 2.553089 -2.134352
2.93023 2.553089 -2.134352
2.93023 2.553089 -2.134352
2.93023 2.553089 -2.134352
2.93023 2.553089 -2.134352
2.93023 2.553089 -2.134352
2.93023 2.553089 -2.134352
2.93023 2.553089 -2.134352
2.93023 2.553089 -2.134352
2.93023 2.553089 -2.134352
2.93023 2.553089 -2.134352
2.93023 2.553089 -2.134352
2.93023 2.553089 -2.134352
2.93023 2.553089 -2.134352
2.93023 2.553089 -2.134352
2.93023 2.553089 -2.134352
2.93023 2.553089 -2.134352
2.93023 2.553089 -2.134352
2.93023 2.553089 -2.134352
2.93023 2.553089 -2.134352
2.93023 2.553089 -2.134352
2.93023 2.553089 -2.134352
2.93023 2.553089 -2.134352
2.93023 2.553089 -2.134352
2.93023 2.553089 -2.134352
2.93023 2.553089 -2.134352
2.93023 2.553089 -2.134352
2.93023 2.553089 -2.134352
2.93023 2.553089 -2.134352
2.93023 2.553089 -2.134352
2.93023 2.553089 -2.134352
2.920918 2.600695 -2.127104
2.920918 2.600695 -2.127104
2.920918 2.600695 -2.127104
2.920918 2.600695 -2.127104
2.920918 2.600695 -2.127104
2.920918 2.600695 -2.127104
2.920918 2.600695 -2.127104
2.920918 2.600695 -2.127104
2.920918 2.600695 -2.127104
2.920918 2.600695 -2.127104
2.920918 2.600695 -2.127104
2.920918 2.600695 -2.127104
2.920918 2.600695 -2.127104
2.920918 2.600695 -2.127104
2.920918 2.600695 -2.127104
2.920918 2.600695 -2.127104
2.920918 2.600695 -2.127104
2.920918 2.600695 -2.127104
2.920918 2.600695 -2.127104
2.920918 2.600695 -2.127104
