0.3558253 -0.7391931 1.796695
0.3558253 -0.7391931 1.796695
0.3558253 -0.7391931 1.796695
0.7854361 0.05187026 1.878343
0.7854361 0.05187026 1.878343
0.7854361 0.05187026 1.878343
1.835311 -0.8488444 1.036117
1.835311 -0.8488444 1.036117
1.835311 -0.8488444 1.036117
1.835311 -0.8488444 1.036117
2.035044 1.232624 0.05191494
2.035044 1.232624 0.05191494
2.035044 1.232624 0.05191494
2.035044 1.232624 0.05191494
1.786705 0.8416038 0.5135826
1.786705 0.8416038 0.5135826
1.786705 0.8416038 0.5135826
1.786705 0.8416038 0.5135826
1.786705 0.8416038 0.5135826
1.786705 0.8416038 0.5135826
1.786705 0.8416038 0.5135826
1.786705 0.8416038 0.5135826
1.786705 0.8416038 0.5135826
1.786705 0.8416038 0.5135826
1.786705 0.8416038 0.5135826
1.786705 0.8416038 0.5135826
1.786705 0.8416038 0.5135826
1.786705 0.8416038 0.5135826
1.786705 0.8416038 0.5135826
1.786705 0.8416038 0.5135826
1.786705 0.8416038 0.5135826
1.786705 0.8416038 0.5135826
1.737952 0.995912 0.2040444
1.688256 1.650116 0.2175595
1.688256 1.650116 0.2175595
1.688256 1.650116 0.2175595
1.688256 1.650116 0.2175595
1.688256 1.650116 0.2175595
1.688256 1.650116 0.2175595
1.688256 1.650116 0.2175595
1.688256 1.650116 0.2175595
1.688256 1.650116 0.2175595
1.688256 1.650116 0.2175595
1.688256 1.650116 0.2175595
1.688256 1.650116 0.2175595
1.688256 1.650116 0.2175595
1.688256 1.650116 0.2175595
1.688256 1.650116 0.2175595
1.688256 1.650116 0.2175595
1.688256 1.650116 0.2175595
1.688256 1.650116 0.2175595
1.688256 1.650116 0.2175595
1.688256 1.650116 0.2175595
1.688256 1.650116 0.2175595
1.688256 1.650116 0.2175595
1.909905 1.671934 -0.2445375
1.909905 1.671934 -0.2445375
1.909905 1.671934 -0.2445375
1.909905 1.671934 -0.2445375
1.909905 1.671934 -0.2445375
2.32099 1.877288 -0.2860115
2.32099 1.877288 -0.2860115
2.052235 1.699097 -1.424451
2.052235 1.699097 -1.424451
2.052235 1.699097 -1.424451
2.052235 1.699097 -1.424451
2.052235 1.699097 -1.424451
2.052235 1.699097 -1.424451
2.052235 1.699097 -1.424451
2.052235 1.699097 -1.424451
2.052235 1.699097 -1.424451
2.052235 1.699097 -1.424451
2.052235 1.699097 -1.424451
2.052235 1.699097 -1.424451
2.052235 1.699097 -1.424451
2.052235 1.699097 -1.424451
1.502665 1.562162 -0.1548429
1.502665 1.562162 -0.1548429
1.502665 1.562162 -0.1548429
1.502665 1.562162 -0.1548429
1.502665 1.562162 -0.1548429
1.502665 1.562162 -0.1548429
1.502665 1.562162 -0.1548429
1.502665 1.562162 -0.1548429
1.502665 1.562162 -0.1548429
1.502665 1.562162 -0.1548429
1.460938 0.4457625 -0.4478597
1.460938 0.4457625 -0.4478597
1.460938 0.4457625 -0.4478597
1.460938 0.4457625 -0.4478597
1.460938 0.4457625 -0.4478597
1.460938 0.4457625 -0.4478597
1.460938 0.4457625 -0.4478597
1.460938 0.4457625 -0.4478597
1.460938 0.4457625 -0.4478597
1.460938 0.4457625 -0.4478597
1.460938 0.4457625 -0.4478597
1.460938 0.4457625 -0.4478597
1.460938 0.4457625 -0.4478597
1.460938 0.4457625 -0.4478597
1.460938 0.4457625 -0.4478597
1.460938 0.4457625 -0.4478597
1.460938 0.4457625 -0.4478597
1.460938 0.4457625 -0.4478597
1.460938 0.4457625 -0.4478597
1.460938 0.4457625 -0.4478597
1.460938 0.4457625 -0.4478597
1.460938 0.4457625 -0.4478597
1.460938 0.4457625 -0.4478597
1.460938 0.4457625 -0.4478597
1.460938 0.4457625 -0.4478597
1.460938 0.4457625 -0.4478597
1.460938 0.4457625 -0.4478597
1.460938 0.4457625 -0.4478597
1.460938 0.4457625 -0.4478597
1.460938 0.4457625 -0.4478597
1.460938 0.4457625 -0.4478597
1.460938 0.4457625 -0.4478597
1.460938 0.4457625 -0.4478597
1.460938 0.4457625 -0.4478597
1.897131 0.684953 -0.5964849
1.392244 1.93471 0.0560285
1.392244 1.93471 0.0560285
1.392244 1.93471 0.0560285
1.392244 1.93471 0.0560285
1.392244 1.93471 0.0560285
1.392244 1.93471 0.0560285
1.392244 1.93471 0.0560285
1.392244 1.93471 0.0560285
1.392244 1.93471 0.0560285
1.888052 2.461707 -0.5926211
1.888052 2.461707 -0.5926211
1.888052 2.461707 -0.5926211
1.888052 2.461707 -0.5926211
1.888052 2.461707 -0.5926211
1.524345 1.52896 -0.366418
1.524345 1.52896 -0.366418
1.524345 1.52896 -0.366418
1.524345 1.52896 -0.366418
1.524345 1.52896 -0.366418
1.524345 1.52896 -0.366418
1.524345 1.52896 -0.366418
1.524345 1.52896 -0.366418
1.524345 1.52896 -0.366418
1.524345 1.52896 -0.366418
1.524345 1.52896 -0.366418
1.524345 1.52896 -0.366418
1.524345 1.52896 -0.366418
1.524345 1.52896 -0.366418
1.611575 1.742195 -0.4512431
1.611575 1.742195 -0.4512431
1.611575 1.742195 -0.4512431
1.611575 1.742195 -0.4512431
1.611575 1.742195 -0.4512431
1.611575 1.742195 -0.4512431
1.611575 1.742195 -0.4512431
1.611575 1.742195 -0.4512431
1.611575 1.742195 -0.4512431
1.611575 1.742195 -0.4512431
1.611575 1.742195 -0.4512431
1.611575 1.742195 -0.4512431
1.611575 1.742195 -0.4512431
1.611575 1.742195 -0.4512431
1.611575 1.742195 -0.4512431
1.611575 1.742195 -0.4512431
1.611575 1.742195 -0.4512431
1.611575 1.742195 -0.4512431
1.611575 1.742195 -0.4512431
1.611575 1.742195 -0.4512431
1.611575 1.742195 -0.4512431
1.611575 1.742195 -0.4512431
1.611575 1.742195 -0.4512431
1.611575 1.742195 -0.4512431
1.611575 1.742195 -0.4512431
1.611575 1.742195 -0.4512431
1.611575 1.742195 -0.4512431
1.611575 1.742195 -0.4512431
1.611575 1.742195 -0.4512431
1.611575 1.742195 -0.4512431
1.611575 1.742195 -0.4512431
1.877642 1.965722 -0.571763
1.877642 1.965722 -0.571763
1.877642 1.965722 -0.571763
1.877642 1.965722 -0.571763
1.877642 1.965722 -0.571763
1.877642 1.965722 -0.571763
1.877642 1.965722 -0.571763
1.877642 1.965722 -0.571763
1.877642 1.965722 -0.571763
1.877642 1.965722 -0.571763
1.877642 1.965722 -0.571763
1.877642 1.965722 -0.571763
1.877642 1.965722 -0.571763
1.877642 1.965722 -0.571763
1.877642 1.965722 -0.571763
1.877642 1.965722 -0.571763
1.877642 1.965722 -0.571763
1.877642 1.965722 -0.571763
1.877642 1.965722 -0.571763
1.877642 1.965722 -0.571763
1.877642 1.965722 -0.571763
1.877642 1.965722 -0.571763
1.877642 1.965722 -0.571763
1.877642 1.965722 -0.571763
1.877642 1.965722 -0.571763
1.877642 1.965722 -0.571763
1.877642 1.965722 -0.571763
1.877642 1.965722 -0.571763
1.877642 1.965722 -0.571763
1.877642 1.965722 -0.571763
1.877642 1.965722 -0.571763
1.877642 1.965722 -0.571763
2.042503 2.09713 -0.8404723
2.042503 2.09713 -0.8404723
2.042503 2.09713 -0.8404723
2.042503 2.09713 -0.8404723
2.042503 2.09713 -0.8404723
2.042503 2.09713 -0.8404723
2.042503 2.09713 -0.8404723
2.042503 2.09713 -0.8404723
2.042503 2.09713 -0.8404723
2.042503 2.09713 -0.8404723
2.042503 2.09713 -0.8404723
2.042503 2.09713 -0.8404723
2.042503 2.09713 -0.8404723
2.042503 2.09713 -0.8404723
2.042503 2.09713 -0.8404723
2.042503 2.09713 -0.8404723
2.042503 2.09713 -0.8404723
2.042503 2.09713 -0.8404723
1.980129 1.344314 -0.8292833
1.980129 1.344314 -0.8292833
1.980129 1.344314 -0.8292833
1.980129 1.344314 -0.8292833
1.980129 1.344314 -0.8292833
1.980129 1.344314 -0.8292833
1.980129 1.344314 -0.8292833
1.980129 1.344314 -0.8292833
1.980129 1.344314 -0.8292833
1.980129 1.344314 -0.8292833
2.185966 1.499119 -0.9389831
2.185966 1.499119 -0.9389831
2.185966 1.499119 -0.9389831
2.185966 1.499119 -0.9389831
2.185966 1.499119 -0.9389831
2.185966 1.499119 -0.9389831
2.185966 1.499119 -0.9389831
2.185966 1.499119 -0.9389831
2.185966 1.499119 -0.9389831
2.185966 1.499119 -0.9389831
2.185966 1.499119 -0.9389831
2.185966 1.499119 -0.9389831
2.185966 1.499119 -0.9389831
2.185966 1.499119 -0.9389831
2.123608 2.035068 -1.085178
2.123608 2.035068 -1.085178
2.123608 2.035068 -1.085178
2.123608 2.035068 -1.085178
2.123608 2.035068 -1.085178
2.123608 2.035068 -1.085178
2.123608 2.035068 -1.085178
2.123608 2.035068 -1.085178
2.123608 2.035068 -1.085178
2.123608 2.035068 -1.085178
2.123608 2.035068 -1.085178
2.123608 2.035068 -1.085178
2.123608 2.035068 -1.085178
2.123608 2.035068 -1.085178
2.123608 2.035068 -1.085178
2.123608 2.035068 -1.085178
2.123608 2.035068 -1.085178
2.123608 2.035068 -1.085178
2.123608 2.035068 -1.085178
2.123608 2.035068 -1.085178
2.123608 2.035068 -1.085178
2.123608 2.035068 -1.085178
2.123608 2.035068 -1.085178
2.123608 2.035068 -1.085178
2.123608 2.035068 -1.085178
2.123608 2.035068 -1.085178
2.123608 2.035068 -1.085178
2.123608 2.035068 -1.085178
2.123608 2.035068 -1.085178
2.123608 2.035068 -1.085178
2.123608 2.035068 -1.085178
2.123608 2.035068 -1.085178
2.123608 2.035068 -1.085178
2.123608 2.035068 -1.085178
2.123608 2.035068 -1.085178
2.123608 2.035068 -1.085178
2.123608 2.035068 -1.085178
2.123608 2.035068 -1.085178
2.123608 2.035068 -1.085178
2.123608 2.035068 -1.085178
2.123608 2.035068 -1.085178
2.123608 2.035068 -1.085178
2.123608 2.035068 -1.085178
2.123608 2.035068 -1.085178
2.123608 2.035068 -1.085178
2.123608 2.035068 -1.085178
2.31297 2.198618 -1.1848
2.31297 2.198618 -1.1848
2.31297 2.198618 -1.1848
2.31297 2.198618 -1.1848
2.31297 2.198618 -1.1848
2.31297 2.198618 -1.1848
2.31297 2.198618 -1.1848
2.31297 2.198618 -1.1848
2.31297 2.198618 -1.1848
2.31297 2.198618 -1.1848
2.31297 2.198618 -1.1848
2.31297 2.198618 -1.1848
2.31297 2.198618 -1.1848
2.31297 2.198618 -1.1848
2.31297 2.198618 -1.1848
2.31297 2.198618 -1.1848
2.31297 2.198618 -1.1848
2.31297 2.198618 -1.1848
2.31297 2.198618 -1.1848
2.31297 2.198618 -1.1848
2.31297 2.198618 -1.1848
2.31297 2.198618 -1.1848
2.31297 2.198618 -1.1848
2.31297 2.198618 -1.1848
2.31297 2.198618 -1.1848
2.31297 2.198618 -1.1848
2.31297 2.198618 -1.1848
2.31297 2.198618 -1.1848
2.31297 2.198618 -1.1848
2.31297 2.198618 -1.1848
2.31297 2.198618 -1.1848
2.31297 2.198618 -1.1848
2.31297 2.198618 -1.1848
2.214168 2.468942 -1.139253
2.214168 2.468942 -1.139253
2.214168 2.468942 -1.139253
2.214168 2.468942 -1.139253
2.214168 2.468942 -1.139253
2.214168 2.468942 -1.139253
2.214168 2.468942 -1.139253
2.214168 2.468942 -1.139253
2.214168 2.468942 -1.139253
2.214168 2.468942 -1.139253
2.214168 2.468942 -1.139253
2.214168 2.468942 -1.139253
2.214168 2.468942 -1.139253
2.214168 2.468942 -1.139253
2.214168 2.468942 -1.139253
2.214168 2.468942 -1.139253
2.214168 2.468942 -1.139253
2.214168 2.468942 -1.139253
2.214168 2.468942 -1.139253
2.101121 2.328621 -1.308937
2.101121 2.328621 -1.308937
2.101121 2.328621 -1.308937
2.101121 2.328621 -1.308937
2.101121 2.328621 -1.308937
2.101121 2.328621 -1.308937
2.101121 2.328621 -1.308937
2.101121 2.328621 -1.308937
2.236132 2.434245 -1.411726
2.236132 2.434245 -1.411726
2.236132 2.434245 -1.411726
2.236132 2.434245 -1.411726
2.236132 2.434245 -1.411726
2.236132 2.434245 -1.411726
2.236132 2.434245 -1.411726
1.780158 1.699146 -0.8804779
1.780158 1.699146 -0.8804779
1.780158 1.699146 -0.8804779
1.780158 1.699146 -0.8804779
1.780158 1.699146 -0.8804779
1.780158 1.699146 -0.8804779
1.780158 1.699146 -0.8804779
1.780158 1.699146 -0.8804779
1.780158 1.699146 -0.8804779
1.971291 2.137164 -0.5278648
1.971291 2.137164 -0.5278648
1.971291 2.137164 -0.5278648
1.971291 2.137164 -0.5278648
2.405353 2.548004 -1.178412
2.405353 2.548004 -1.178412
2.405353 2.548004 -1.178412
2.405353 2.548004 -1.178412
2.405353 2.548004 -1.178412
2.405353 2.548004 -1.178412
2.405353 2.548004 -1.178412
2.405353 2.548004 -1.178412
2.405353 2.548004 -1.178412
2.405353 2.548004 -1.178412
2.405353 2.548004 -1.178412
2.405353 2.548004 -1.178412
2.405353 2.548004 -1.178412
2.405353 2.548004 -1.178412
2.405353 2.548004 -1.178412
2.405353 2.548004 -1.178412
2.405353 2.548004 -1.178412
2.405353 2.548004 -1.178412
2.405353 2.548004 -1.178412
2.405353 2.548004 -1.178412
2.405353 2.548004 -1.178412
2.394451 2.566344 -1.30764
2.394451 2.566344 -1.30764
2.394451 2.566344 -1.30764
2.394451 2.566344 -1.30764
2.394451 2.566344 -1.30764
2.394451 2.566344 -1.30764
2.394451 2.566344 -1.30764
2.394451 2.566344 -1.30764
1.849806 1.208255 -0.9406428
1.849806 1.208255 -0.9406428
1.849806 1.208255 -0.9406428
1.849806 1.208255 -0.9406428
1.849806 1.208255 -0.9406428
1.849806 1.208255 -0.9406428
1.849806 1.208255 -0.9406428
1.849806 1.208255 -0.9406428
1.849806 1.208255 -0.9406428
1.849806 1.208255 -0.9406428
1.849806 1.208255 -0.9406428
1.987362 1.337584 -1.083315
1.987362 1.337584 -1.083315
1.987362 1.337584 -1.083315
1.987362 1.337584 -1.083315
1.987362 1.337584 -1.083315
1.987362 1.337584 -1.083315
1.987362 1.337584 -1.083315
1.987362 1.337584 -1.083315
1.987362 1.337584 -1.083315
1.987362 1.337584 -1.083315
1.987362 1.337584 -1.083315
1.987362 1.337584 -1.083315
1.987362 1.337584 -1.083315
1.987362 1.337584 -1.083315
1.987362 1.337584 -1.083315
1.987362 1.337584 -1.083315
1.987362 1.337584 -1.083315
1.987362 1.337584 -1.083315
1.987362 1.337584 -1.083315
1.987362 1.337584 -1.083315
1.987362 1.337584 -1.083315
1.987362 1.337584 -1.083315
1.987362 1.337584 -1.083315
1.987362 1.337584 -1.083315
1.987362 1.337584 -1.083315
2.227557 2.429936 -1.177944
2.227557 2.429936 -1.177944
2.227557 2.429936 -1.177944
2.227557 2.429936 -1.177944
2.227557 2.429936 -1.177944
2.227557 2.429936 -1.177944
2.227557 2.429936 -1.177944
2.227557 2.429936 -1.177944
2.227557 2.429936 -1.177944
2.227557 2.429936 -1.177944
2.227557 2.429936 -1.177944
2.227557 2.429936 -1.177944
2.227557 2.429936 -1.177944
2.227557 2.429936 -1.177944
2.227557 2.429936 -1.177944
2.227557 2.429936 -1.177944
2.227557 2.429936 -1.177944
2.227557 2.429936 -1.177944
2.227557 2.429936 -1.177944
2.227557 2.429936 -1.177944
2.227557 2.429936 -1.177944
2.227557 2.429936 -1.177944
2.227557 2.429936 -1.177944
2.227557 2.429936 -1.177944
2.227557 2.429936 -1.177944
2.227557 2.429936 -1.177944
2.227557 2.429936 -1.177944
2.227557 2.429936 -1.177944
2.227557 2.429936 -1.177944
2.227557 2.429936 -1.177944
2.227557 2.429936 -1.177944
2.227557 2.429936 -1.177944
2.227557 2.429936 -1.177944
2.227557 2.429936 -1.177944
2.227557 2.429936 -1.177944
2.350685 2.527956 -1.36078
2.350685 2.527956 -1.36078
2.350685 2.527956 -1.36078
2.350685 2.527956 -1.36078
2.350685 2.527956 -1.36078
2.350685 2.527956 -1.36078
2.350685 2.527956 -1.36078
2.350685 2.527956 -1.36078
2.350685 2.527956 -1.36078
2.350685 2.527956 -1.36078
2.350685 2.527956 -1.36078
2.350685 2.527956 -1.36078
2.350685 2.527956 -1.36078
2.350685 2.527956 -1.36078
2.350685 2.527956 -1.36078
2.350685 2.527956 -1.36078
2.350685 2.527956 -1.36078
2.350685 2.527956 -1.36078
2.350685 2.527956 -1.36078
2.350685 2.527956 -1.36078
2.350685 2.527956 -1.36078
2.350685 2.527956 -1.36078
2.350685 2.527956 -1.36078
2.350685 2.527956 -1.36078
2.350685 2.527956 -1.36078
2.350685 2.527956 -1.36078
2.350685 2.527956 -1.36078
2.350685 2.527956 -1.36078
2.350685 2.527956 -1.36078
2.350685 2.527956 -1.36078
2.350685 2.527956 -1.36078
2.350685 2.527956 -1.36078
2.370502 1.993467 -1.485264
2.370502 1.993467 -1.485264
2.370502 1.993467 -1.485264
2.370502 1.993467 -1.485264
2.370502 1.993467 -1.485264
2.370502 1.993467 -1.485264
2.370502 1.993467 -1.485264
2.370502 1.993467 -1.485264
2.370502 1.993467 -1.485264
2.370502 1.993467 -1.485264
2.370502 1.993467 -1.485264
2.370502 1.993467 -1.485264
2.370502 1.993467 -1.485264
2.370502 1.993467 -1.485264
2.370502 1.993467 -1.485264
2.370502 1.993467 -1.485264
2.370502 1.993467 -1.485264
2.370502 1.993467 -1.485264
2.370502 1.993467 -1.485264
2.370502 1.993467 -1.485264
2.370502 1.993467 -1.485264
2.370502 1.993467 -1.485264
2.370502 1.993467 -1.485264
2.370502 1.993467 -1.485264
2.370502 1.993467 -1.485264
2.370502 1.993467 -1.485264
2.370502 1.993467 -1.485264
2.370502 1.993467 -1.485264
2.481663 2.101398 -1.648373
2.481663 2.101398 -1.648373
2.481663 2.101398 -1.648373
2.481663 2.101398 -1.648373
2.481663 2.101398 -1.648373
2.481663 2.101398 -1.648373
2.481663 2.101398 -1.648373
2.481663 2.101398 -1.648373
2.481663 2.101398 -1.648373
2.481663 2.101398 -1.648373
2.481663 2.101398 -1.648373
2.481663 2.101398 -1.648373
2.481663 2.101398 -1.648373
2.481663 2.101398 -1.648373
2.481663 2.101398 -1.648373
2.481663 2.101398 -1.648373
2.481663 2.101398 -1.648373
2.481663 2.101398 -1.648373
2.481663 2.101398 -1.648373
2.481663 2.101398 -1.648373
2.481663 2.101398 -1.648373
2.481663 2.101398 -1.648373
2.481663 2.101398 -1.648373
2.481663 2.101398 -1.648373
2.481663 2.101398 -1.648373
2.481663 2.101398 -1.648373
2.481663 2.101398 -1.648373
2.481663 2.101398 -1.648373
2.481663 2.101398 -1.648373
2.481663 2.101398 -1.648373
2.481663 2.101398 -1.648373
2.481663 2.101398 -1.648373
2.481663 2.101398 -1.648373
2.481663 2.101398 -1.648373
2.481663 2.101398 -1.648373
2.481663 2.101398 -1.648373
2.481663 2.101398 -1.648373
2.409276 2.481089 -1.672495
2.409276 2.481089 -1.672495
2.409276 2.481089 -1.672495
2.409276 2.481089 -1.672495
2.409276 2.481089 -1.672495
2.409276 2.481089 -1.672495
2.409276 2.481089 -1.672495
2.409276 2.481089 -1.672495
2.409276 2.481089 -1.672495
2.409276 2.481089 -1.672495
2.409276 2.481089 -1.672495
2.409276 2.481089 -1.672495
2.409276 2.481089 -1.672495
2.409276 2.481089 -1.672495
2.409276 2.481089 -1.672495
2.409276 2.481089 -1.672495
2.401175 2.01525 -1.896774
2.401175 2.01525 -1.896774
2.401175 2.01525 -1.896774
2.401175 2.01525 -1.896774
2.401175 2.01525 -1.896774
2.401175 2.01525 -1.896774
2.401175 2.01525 -1.896774
2.507583 2.118516 -2.057249
2.507583 2.118516 -2.057249
2.507583 2.118516 -2.057249
2.507583 2.118516 -2.057249
2.507583 2.118516 -2.057249
2.507583 2.118516 -2.057249
2.507583 2.118516 -2.057249
2.507583 2.118516 -2.057249
2.507583 2.118516 -2.057249
2.507583 2.118516 -2.057249
2.507583 2.118516 -2.057249
2.507583 2.118516 -2.057249
2.507583 2.118516 -2.057249
2.507583 2.118516 -2.057249
2.507583 2.118516 -2.057249
2.507583 2.118516 -2.057249
2.180861 2.82846 -0.9096396
2.180861 2.82846 -0.9096396
2.180861 2.82846 -0.9096396
2.180861 2.82846 -0.9096396
2.180861 2.82846 -0.9096396
2.180861 2.82846 -0.9096396
2.180861 2.82846 -0.9096396
2.180861 2.82846 -0.9096396
2.180861 2.82846 -0.9096396
2.180861 2.82846 -0.9096396
2.180861 2.82846 -0.9096396
2.180861 2.82846 -0.9096396
2.180861 2.82846 -0.9096396
2.180861 2.82846 -0.9096396
2.180861 2.82846 -0.9096396
2.180861 2.82846 -0.9096396
2.180861 2.82846 -0.9096396
2.180861 2.82846 -0.9096396
2.180861 2.82846 -0.9096396
2.180861 2.82846 -0.9096396
2.180861 2.82846 -0.9096396
2.180861 2.82846 -0.9096396
2.180861 2.82846 -0.9096396
2.180861 2.82846 -0.9096396
2.180861 2.82846 -0.9096396
2.180861 2.82846 -0.9096396
2.180861 2.82846 -0.9096396
2.180861 2.82846 -0.9096396
2.180861 2.82846 -0.9096396
2.454656 2.430183 -1.544817
2.454656 2.430183 -1.544817
2.454656 2.430183 -1.544817
2.454656 2.430183 -1.544817
2.454656 2.430183 -1.544817
2.454656 2.430183 -1.544817
2.454656 2.430183 -1.544817
2.454656 2.430183 -1.544817
2.454656 2.430183 -1.544817
2.454656 2.430183 -1.544817
2.454656 2.430183 -1.544817
2.454656 2.430183 -1.544817
2.454656 2.430183 -1.544817
2.454656 2.430183 -1.544817
2.454656 2.430183 -1.544817
2.52482 2.484152 -1.779282
2.52482 2.484152 -1.779282
2.52482 2.484152 -1.779282
2.52482 2.484152 -1.779282
2.52482 2.484152 -1.779282
2.52482 2.484152 -1.779282
2.52482 2.484152 -1.779282
2.52482 2.484152 -1.779282
2.52482 2.484152 -1.779282
2.52482 2.484152 -1.779282
2.52482 2.484152 -1.779282
2.52482 2.484152 -1.779282
2.52482 2.484152 -1.779282
2.660768 2.060082 -2.030371
2.660768 2.060082 -2.030371
2.660768 2.060082 -2.030371
2.660768 2.060082 -2.030371
2.660768 2.060082 -2.030371
2.660768 2.060082 -2.030371
2.660768 2.060082 -2.030371
2.660768 2.060082 -2.030371
2.660768 2.060082 -2.030371
2.660768 2.060082 -2.030371
2.660768 2.060082 -2.030371
2.660768 2.060082 -2.030371
2.660768 2.060082 -2.030371
2.660768 2.060082 -2.030371
2.660768 2.060082 -2.030371
2.660768 2.060082 -2.030371
2.660768 2.060082 -2.030371
2.660768 2.060082 -2.030371
2.660768 2.060082 -2.030371
2.660768 2.060082 -2.030371
2.660768 2.060082 -2.030371
2.660768 2.060082 -2.030371
2.660768 2.060082 -2.030371
2.660768 2.060082 -2.030371
2.660768 2.060082 -2.030371
2.660768 2.060082 -2.030371
2.660768 2.060082 -2.030371
2.660768 2.060082 -2.030371
2.660768 2.060082 -2.030371
2.660768 2.060082 -2.030371
2.660768 2.060082 -2.030371
2.660768 2.060082 -2.030371
2.660768 2.060082 -2.030371
2.660768 2.060082 -2.030371
2.660768 2.060082 -2.030371
2.660768 2.060082 -2.030371
2.660768 2.060082 -2.030371
2.660768 2.060082 -2.030371
2.660768 2.060082 -2.030371
2.660768 2.060082 -2.030371
2.660768 2.060082 -2.030371
2.660768 2.060082 -2.030371
2.660768 2.060082 -2.030371
2.660768 2.060082 -2.030371
2.660768 2.060082 -2.030371
2.660768 2.060082 -2.030371
2.660768 2.060082 -2.030371
2.72333 2.139166 -2.154299
2.72333 2.139166 -2.154299
2.72333 2.139166 -2.154299
2.72333 2.139166 -2.154299
2.72333 2.139166 -2.154299
2.72333 2.139166 -2.154299
2.72333 2.139166 -2.154299
2.72333 2.139166 -2.154299
2.72333 2.139166 -2.154299
2.72333 2.139166 -2.154299
2.72333 2.139166 -2.154299
2.72333 2.139166 -2.154299
2.72333 2.139166 -2.154299
2.72333 2.139166 -2.154299
2.72333 2.139166 -2.154299
2.72333 2.139166 -2.154299
2.72333 2.139166 -2.154299
2.72333 2.139166 -2.154299
2.72333 2.139166 -2.154299
2.72333 2.139166 -2.154299
2.72333 2.139166 -2.154299
2.72333 2.139166 -2.154299
2.72333 2.139166 -2.154299
2.72333 2.139166 -2.154299
2.72333 2.139166 -2.154299
2.72333 2.139166 -2.154299
2.72333 2.139166 -2.154299
2.72333 2.139166 -2.154299
2.72333 2.139166 -2.154299
2.72333 2.139166 -2.154299
2.72333 2.139166 -2.154299
2.72333 2.139166 -2.154299
2.72333 2.139166 -2.154299
2.72333 2.139166 -2.154299
2.72333 2.139166 -2.154299
2.72333 2.139166 -2.154299
2.72333 2.139166 -2.154299
2.72333 2.139166 -2.154299
2.72333 2.139166 -2.154299
2.72333 2.139166 -2.154299
2.72333 2.139166 -2.154299
2.72333 2.139166 -2.154299
2.72333 2.139166 -2.154299
2.72333 2.139166 -2.154299
2.72333 2.139166 -2.154299
2.72333 2.139166 -2.154299
2.72333 2.139166 -2.154299
2.72333 2.139166 -2.154299
2.72333 2.139166 -2.154299
2.72333 2.139166 -2.154299
2.72333 2.139166 -2.154299
2.72333 2.139166 -2.154299
2.72333 2.139166 -2.154299
2.72333 2.139166 -2.154299
2.72333 2.139166 -2.154299
2.72333 2.139166 -2.154299
2.72333 2.139166 -2.154299
2.72333 2.139166 -2.154299
2.72333 2.139166 -2.154299
2.72333 2.139166 -2.154299
2.801394 2.211425 -2.205003
2.801394 2.211425 -2.205003
2.801394 2.211425 -2.205003
2.801394 2.211425 -2.205003
2.801394 2.211425 -2.205003
2.801394 2.211425 -2.205003
2.801394 2.211425 -2.205003
2.801394 2.211425 -2.205003
2.801394 2.211425 -2.205003
2.801394 2.211425 -2.205003
2.801394 2.211425 -2.205003
2.801394 2.211425 -2.205003
2.801394 2.211425 -2.205003
2.801394 2.211425 -2.205003
2.801394 2.211425 -2.205003
2.801394 2.211425 -2.205003
2.801394 2.211425 -2.205003
2.801394 2.211425 -2.205003
2.801394 2.211425 -2.205003
2.801394 2.211425 -2.205003
2.801394 2.211425 -2.205003
2.801394 2.211425 -2.205003
2.801394 2.211425 -2.205003
2.801394 2.211425 -2.205003
2.801394 2.211425 -2.205003
2.98857 2.933134 -2.282919
2.98857 2.933134 -2.282919
2.98857 2.933134 -2.282919
2.98857 2.933134 -2.282919
2.98857 2.933134 -2.282919
2.98857 2.933134 -2.282919
2.98857 2.933134 -2.282919
2.98857 2.933134 -2.282919
2.98857 2.933134 -2.282919
2.98857 2.933134 -2.282919
2.98857 2.933134 -2.282919
2.98857 2.933134 -2.282919
2.98857 2.933134 -2.282919
2.98857 2.933134 -2.282919
2.98857 2.933134 -2.282919
2.98857 2.933134 -2.282919
2.98857 2.933134 -2.282919
2.98857 2.933134 -2.282919
2.98857 2.933134 -2.282919
2.98857 2.933134 -2.282919
2.98857 2.933134 -2.282919
2.98857 2.933134 -2.282919
2.98857 2.933134 -2.282919
2.98857 2.933134 -2.282919
2.98857 2.933134 -2.282919
2.98857 2.933134 -2.282919
2.98857 2.933134 -2.282919
2.98857 2.933134 -2.282919
2.98857 2.933134 -2.282919
2.98857 2.933134 -2.282919
2.98857 2.933134 -2.282919
2.98857 2.933134 -2.282919
2.98857 2.933134 -2.282919
2.98857 2.933134 -2.282919
2.98857 2.933134 -2.282919
3.05025 2.971608 -2.1775
3.05025 2.971608 -2.1775
3.05025 2.971608 -2.1775
3.05025 2.971608 -2.1775
3.05025 2.971608 -2.1775
3.05025 2.971608 -2.1775
3.05025 2.971608 -2.1775
3.05025 2.971608 -2.1775
3.05025 2.971608 -2.1775
3.05025 2.971608 -2.1775
3.05025 2.971608 -2.1775
3.05025 2.971608 -2.1775
3.05025 2.971608 -2.1775
3.05025 2.971608 -2.1775
3.05025 2.971608 -2.1775
3.05025 2.971608 -2.1775
3.05025 2.971608 -2.1775
3.05025 2.971608 -2.1775
3.05025 2.971608 -2.1775
3.05025 2.971608 -2.1775
3.05025 2.971608 -2.1775
3.05025 2.971608 -2.1775
3.05025 2.971608 -2.1775
3.05025 2.971608 -2.1775
3.05025 2.971608 -2.1775
3.05025 2.971608 -2.1775
3.05025 2.971608 -2.1775
3.05025 2.971608 -2.1775
3.05025 2.971608 -2.1775
3.05025 2.971608 -2.1775
3.05025 2.971608 -2.1775
3.05025 2.971608 -2.1775
3.05025 2.971608 -2.1775
3.05025 2.971608 -2.1775
3.05025 2.971608 -2.1775
3.05025 2.971608 -2.1775
3.05025 2.971608 -2.1775
3.05025 2.971608 -2.1775
3.05025 2.971608 -2.1775
3.05025 2.971608 -2.1775
3.05025 2.971608 -2.1775
3.05025 2.971608 -2.1775
3.05025 2.971608 -2.1775
3.05025 2.971608 -2.1775
3.05025 2.971608 -2.1775
3.05025 2.971608 -2.1775
3.05025 2.971608 -2.1775
3.05025 2.971608 -2.1775
3.05025 2.971608 -2.1775
3.05025 2.971608 -2.1775
2.72496 2.520541 -2.071253
2.72496 2.520541 -2.071253
2.72496 2.520541 -2.071253
2.517613 1.889116 -2.094694
2.517613 1.889116 -2.094694
2.517613 1.889116 -2.094694
2.517613 1.889116 -2.094694
2.517613 1.889116 -2.094694
2.517613 1.889116 -2.094694
2.517613 1.889116 -2.094694
2.526781 2.961578 -1.922559
2.526781 2.961578 -1.922559
2.526781 2.961578 -1.922559
2.526781 2.961578 -1.922559
2.526781 2.961578 -1.922559
2.526781 2.961578 -1.922559
2.526781 2.961578 -1.922559
2.526781 2.961578 -1.922559
2.526781 2.961578 -1.922559
2.526781 2.961578 -1.922559
2.526781 2.961578 -1.922559
2.526781 2.961578 -1.922559
2.526781 2.961578 -1.922559
2.526781 2.961578 -1.922559
2.526781 2.961578 -1.922559
2.325532 2.62688 -1.16648
2.325532 2.62688 -1.16648
2.325532 2.62688 -1.16648
2.325532 2.62688 -1.16648
2.325532 2.62688 -1.16648
2.996816 2.720378 -2.328882
2.996816 2.720378 -2.328882
2.996816 2.720378 -2.328882
2.996816 2.720378 -2.328882
2.996816 2.720378 -2.328882
2.996816 2.720378 -2.328882
2.996816 2.720378 -2.328882
2.996816 2.720378 -2.328882
2.996816 2.720378 -2.328882
2.996816 2.720378 -2.328882
2.996816 2.720378 -2.328882
2.996816 2.720378 -2.328882
2.996816 2.720378 -2.328882
2.996816 2.720378 -2.328882
2.996816 2.720378 -2.328882
2.996816 2.720378 -2.328882
2.996816 2.720378 -2.328882
2.996816 2.720378 -2.328882
2.996816 2.720378 -2.328882
2.996816 2.720378 -2.328882
2.996816 2.720378 -2.328882
2.996816 2.720378 -2.328882
2.996816 2.720378 -2.328882
2.996816 2.720378 -2.328882
2.996816 2.720378 -2.328882
2.996816 2.720378 -2.328882
2.996816 2.720378 -2.328882
2.996816 2.720378 -2.328882
2.996816 2.720378 -2.328882
2.996816 2.720378 -2.328882
2.996816 2.720378 -2.328882
2.996816 2.720378 -2.328882
2.996816 2.720378 -2.328882
2.996816 2.720378 -2.328882
2.996816 2.720378 -2.328882
2.996816 2.720378 -2.328882
2.996816 2.720378 -2.328882
2.996816 2.720378 -2.328882
2.996816 2.720378 -2.328882
2.996816 2.720378 -2.328882
3.015845 2.712007 -2.333339
3.015845 2.712007 -2.333339
3.015845 2.712007 -2.333339
3.015845 2.712007 -2.333339
3.015845 2.712007 -2.333339
3.015845 2.712007 -2.333339
3.015845 2.712007 -2.333339
3.015845 2.712007 -2.333339
3.015845 2.712007 -2.333339
3.015845 2.712007 -2.333339
3.015845 2.712007 -2.333339
2.847067 2.827646 -1.993615
2.847067 2.827646 -1.993615
2.847067 2.827646 -1.993615
2.847067 2.827646 -1.993615
2.847067 2.827646 -1.993615
2.847067 2.827646 -1.993615
2.847067 2.827646 -1.993615
2.847067 2.827646 -1.993615
2.847067 2.827646 -1.993615
