-0.06849621 -0.3618294 0.2709854
0.02010728 -1.416962 0.985232
0.01160027 -2.459684 -0.7990946
0.01160027 -2.459684 -0.7990946
0.01160027 -2.459684 -0.7990946
0.01160027 -2.459684 -0.7990946
0.01160027 -2.459684 -0.7990946
0.01160027 -2.459684 -0.7990946
0.01160027 -2.459684 -0.7990946
0.01160027 -2.459684 -0.7990946
0.3826358 -1.824958 -1.272458
0.3826358 -1.824958 -1.272458
0.7005319 -1.058149 -1.57497
0.7005319 -1.058149 -1.57497
0.7005319 -1.058149 -1.57497
0.7005319 -1.058149 -1.57497
0.7005319 -1.058149 -1.57497
0.7005319 -1.058149 -1.57497
0.7005319 -1.058149 -1.57497
0.7005319 -1.058149 -1.57497
0.7005319 -1.058149 -1.57497
0.7005319 -1.058149 -1.57497
0.7005319 -1.058149 -1.57497
1.102946 -0.4535558 -2.342086
1.793421 0.2192702 -0.2877205
1.793421 0.2192702 -0.2877205
1.793421 0.2192702 -0.2877205
1.793421 0.2192702 -0.2877205
1.793421 0.2192702 -0.2877205
1.793421 0.2192702 -0.2877205
1.793421 0.2192702 -0.2877205
1.793421 0.2192702 -0.2877205
1.793421 0.2192702 -0.2877205
1.793421 0.2192702 -0.2877205
1.793421 0.2192702 -0.2877205
1.60968 1.368694 -0.4706279
1.60968 1.368694 -0.4706279
1.60968 1.368694 -0.4706279
1.60968 1.368694 -0.4706279
1.60968 1.368694 -0.4706279
1.60968 1.368694 -0.4706279
1.60968 1.368694 -0.4706279
1.60968 1.368694 -0.4706279
1.60968 1.368694 -0.4706279
1.60968 1.368694 -0.4706279
1.60968 1.368694 -0.4706279
1.60968 1.368694 -0.4706279
1.60968 1.368694 -0.4706279
1.60968 1.368694 -0.4706279
1.60968 1.368694 -0.4706279
1.603371 0.8618681 0.5852459
1.603371 0.8618681 0.5852459
1.603371 0.8618681 0.5852459
1.603371 0.8618681 0.5852459
1.603371 0.8618681 0.5852459
1.603371 0.8618681 0.5852459
1.603371 0.8618681 0.5852459
1.603371 0.8618681 0.5852459
1.603371 0.8618681 0.5852459
1.603371 0.8618681 0.5852459
1.633981 1.214842 0.02389419
1.633981 1.214842 0.02389419
1.633981 1.214842 0.02389419
1.633981 1.214842 0.02389419
1.633981 1.214842 0.02389419
1.633981 1.214842 0.02389419
1.633981 1.214842 0.02389419
1.633981 1.214842 0.02389419
1.633981 1.214842 0.02389419
1.633981 1.214842 0.02389419
1.633981 1.214842 0.02389419
1.633981 1.214842 0.02389419
1.633981 1.214842 0.02389419
1.633981 1.214842 0.02389419
1.633981 1.214842 0.02389419
1.633981 1.214842 0.02389419
1.633981 1.214842 0.02389419
1.633981 1.214842 0.02389419
1.633981 1.214842 0.02389419
1.633981 1.214842 0.02389419
1.633981 1.214842 0.02389419
1.633981 1.214842 0.02389419
1.633981 1.214842 0.02389419
1.633981 1.214842 0.02389419
1.633981 1.214842 0.02389419
1.633981 1.214842 0.02389419
1.633981 1.214842 0.02389419
1.633981 1.214842 0.02389419
1.633981 1.214842 0.02389419
1.633981 1.214842 0.02389419
1.633981 1.214842 0.02389419
1.633981 1.214842 0.02389419
1.633981 1.214842 0.02389419
1.633981 1.214842 0.02389419
1.85392 1.163685 -0.7364033
1.85392 1.163685 -0.7364033
1.85392 1.163685 -0.7364033
1.85392 1.163685 -0.7364033
1.85392 1.163685 -0.7364033
1.85392 1.163685 -0.7364033
1.85392 1.163685 -0.7364033
1.85392 1.163685 -0.7364033
1.85392 1.163685 -0.7364033
1.85392 1.163685 -0.7364033
1.85392 1.163685 -0.7364033
1.85392 1.163685 -0.7364033
1.85392 1.163685 -0.7364033
1.85392 1.163685 -0.7364033
1.85392 1.163685 -0.7364033
1.85392 1.163685 -0.7364033
1.85392 1.163685 -0.7364033
1.85392 1.163685 -0.7364033
1.85392 1.163685 -0.7364033
1.85392 1.163685 -0.7364033
1.85392 1.163685 -0.7364033
1.85392 1.163685 -0.7364033
1.85392 1.163685 -0.7364033
1.85392 1.163685 -0.7364033
1.85392 1.163685 -0.7364033
1.85392 1.163685 -0.7364033
2.377839 1.457796 -0.8651644
2.377839 1.457796 -0.8651644
2.377839 1.457796 -0.8651644
1.778819 1.045507 0.5571351
1.778819 1.045507 0.5571351
1.747372 0.7493305 0.3405793
1.747372 0.7493305 0.3405793
1.747372 0.7493305 0.3405793
1.747372 0.7493305 0.3405793
1.747372 0.7493305 0.3405793
1.747372 0.7493305 0.3405793
1.747372 0.7493305 0.3405793
1.747372 0.7493305 0.3405793
1.747372 0.7493305 0.3405793
1.644634 0.3382098 -0.50004
1.644634 0.3382098 -0.50004
1.644634 0.3382098 -0.50004
1.644634 0.3382098 -0.50004
1.644634 0.3382098 -0.50004
1.644634 0.3382098 -0.50004
1.697252 1.053555 -1.167587
1.697252 1.053555 -1.167587
1.697252 1.053555 -1.167587
1.697252 1.053555 -1.167587
1.697252 1.053555 -1.167587
2.024345 1.553956 -0.397276
2.024345 1.553956 -0.397276
2.024345 1.553956 -0.397276
2.024345 1.553956 -0.397276
2.024345 1.553956 -0.397276
2.024345 1.553956 -0.397276
2.024345 1.553956 -0.397276
2.024345 1.553956 -0.397276
2.024345 1.553956 -0.397276
2.024345 1.553956 -0.397276
2.024345 1.553956 -0.397276
2.024345 1.553956 -0.397276
2.024345 1.553956 -0.397276
2.024345 1.553956 -0.397276
2.024345 1.553956 -0.397276
2.024345 1.553956 -0.397276
2.024345 1.553956 -0.397276
2.024345 1.553956 -0.397276
2.024345 1.553956 -0.397276
2.024345 1.553956 -0.397276
1.725661 1.250307 -0.6402357
1.725661 1.250307 -0.6402357
1.725661 1.250307 -0.6402357
1.725661 1.250307 -0.6402357
1.725661 1.250307 -0.6402357
1.725661 1.250307 -0.6402357
1.725661 1.250307 -0.6402357
1.725661 1.250307 -0.6402357
1.725661 1.250307 -0.6402357
1.725661 1.250307 -0.6402357
2.060948 1.455277 -1.066861
2.060948 1.455277 -1.066861
2.060948 1.455277 -1.066861
2.060948 1.455277 -1.066861
2.060948 1.455277 -1.066861
2.342742 1.677836 -1.211167
2.342742 1.677836 -1.211167
2.342742 1.677836 -1.211167
2.342742 1.677836 -1.211167
2.342742 1.677836 -1.211167
2.342742 1.677836 -1.211167
2.342742 1.677836 -1.211167
2.342742 1.677836 -1.211167
2.342742 1.677836 -1.211167
2.342742 1.677836 -1.211167
2.342742 1.677836 -1.211167
2.342742 1.677836 -1.211167
2.342742 1.677836 -1.211167
2.342742 1.677836 -1.211167
2.342742 1.677836 -1.211167
2.342742 1.677836 -1.211167
2.342742 1.677836 -1.211167
2.342742 1.677836 -1.211167
2.342742 1.677836 -1.211167
2.342742 1.677836 -1.211167
2.342742 1.677836 -1.211167
2.342742 1.677836 -1.211167
2.342742 1.677836 -1.211167
2.342742 1.677836 -1.211167
2.342742 1.677836 -1.211167
2.342742 1.677836 -1.211167
2.342742 1.677836 -1.211167
2.342742 1.677836 -1.211167
2.342742 1.677836 -1.211167
2.342742 1.677836 -1.211167
2.342742 1.677836 -1.211167
2.342742 1.677836 -1.211167
2.342742 1.677836 -1.211167
2.342742 1.677836 -1.211167
2.342742 1.677836 -1.211167
2.342742 1.677836 -1.211167
2.342742 1.677836 -1.211167
2.342742 1.677836 -1.211167
2.342742 1.677836 -1.211167
2.342742 1.677836 -1.211167
2.342742 1.677836 -1.211167
2.342742 1.677836 -1.211167
2.342742 1.677836 -1.211167
2.342742 1.677836 -1.211167
2.342742 1.677836 -1.211167
2.342742 1.677836 -1.211167
2.342742 1.677836 -1.211167
2.342742 1.677836 -1.211167
2.342742 1.677836 -1.211167
2.342742 1.677836 -1.211167
2.342742 1.677836 -1.211167
2.342742 1.677836 -1.211167
2.342742 1.677836 -1.211167
2.342742 1.677836 -1.211167
2.342742 1.677836 -1.211167
2.342742 1.677836 -1.211167
2.342742 1.677836 -1.211167
2.342742 1.677836 -1.211167
2.342742 1.677836 -1.211167
2.342742 1.677836 -1.211167
2.526458 1.854577 -1.284024
2.526458 1.854577 -1.284024
2.526458 1.854577 -1.284024
2.526458 1.854577 -1.284024
2.526458 1.854577 -1.284024
2.526458 1.854577 -1.284024
2.526458 1.854577 -1.284024
2.526458 1.854577 -1.284024
2.526458 1.854577 -1.284024
2.526458 1.854577 -1.284024
2.526458 1.854577 -1.284024
2.526458 1.854577 -1.284024
2.526458 1.854577 -1.284024
2.526458 1.854577 -1.284024
2.526458 1.854577 -1.284024
2.526458 1.854577 -1.284024
2.526458 1.854577 -1.284024
2.526458 1.854577 -1.284024
2.526458 1.854577 -1.284024
2.526458 1.854577 -1.284024
2.526458 1.854577 -1.284024
2.526458 1.854577 -1.284024
2.526458 1.854577 -1.284024
2.526458 1.854577 -1.284024
2.526458 1.854577 -1.284024
2.526458 1.854577 -1.284024
2.526458 1.854577 -1.284024
2.526458 1.854577 -1.284024
2.526458 1.854577 -1.284024
2.526458 1.854577 -1.284024
2.526458 1.854577 -1.284024
2.526458 1.854577 -1.284024
2.526458 1.854577 -1.284024
2.526458 1.854577 -1.284024
2.526458 1.854577 -1.284024
2.526458 1.854577 -1.284024
2.526458 1.854577 -1.284024
2.526458 1.854577 -1.284024
1.913551 1.214097 -0.6150736
1.913551 1.214097 -0.6150736
1.913551 1.214097 -0.6150736
1.913551 1.214097 -0.6150736
1.913551 1.214097 -0.6150736
1.913551 1.214097 -0.6150736
1.913551 1.214097 -0.6150736
1.913551 1.214097 -0.6150736
1.913551 1.214097 -0.6150736
1.913551 1.214097 -0.6150736
1.913551 1.214097 -0.6150736
1.913551 1.214097 -0.6150736
1.913551 1.214097 -0.6150736
1.913551 1.214097 -0.6150736
1.913551 1.214097 -0.6150736
1.913551 1.214097 -0.6150736
1.913551 1.214097 -0.6150736
1.913551 1.214097 -0.6150736
1.913551 1.214097 -0.6150736
1.913551 1.214097 -0.6150736
1.913551 1.214097 -0.6150736
1.913551 1.214097 -0.6150736
2.108068 1.405588 -0.7151846
2.108068 1.405588 -0.7151846
2.108068 1.405588 -0.7151846
2.108068 1.405588 -0.7151846
2.108068 1.405588 -0.7151846
2.108068 1.405588 -0.7151846
2.108068 1.405588 -0.7151846
2.108068 1.405588 -0.7151846
2.108068 1.405588 -0.7151846
2.108068 1.405588 -0.7151846
2.108068 1.405588 -0.7151846
2.108068 1.405588 -0.7151846
2.108068 1.405588 -0.7151846
2.108068 1.405588 -0.7151846
2.108068 1.405588 -0.7151846
2.108068 1.405588 -0.7151846
2.108068 1.405588 -0.7151846
2.108068 1.405588 -0.7151846
2.108068 1.405588 -0.7151846
2.108068 1.405588 -0.7151846
2.108068 1.405588 -0.7151846
2.108068 1.405588 -0.7151846
2.108068 1.405588 -0.7151846
2.108068 1.405588 -0.7151846
2.108068 1.405588 -0.7151846
2.108068 1.405588 -0.7151846
2.108068 1.405588 -0.7151846
2.108068 1.405588 -0.7151846
2.108068 1.405588 -0.7151846
2.108068 1.405588 -0.7151846
2.108068 1.405588 -0.7151846
2.108068 1.405588 -0.7151846
2.108068 1.405588 -0.7151846
2.108068 1.405588 -0.7151846
2.108068 1.405588 -0.7151846
2.108068 1.405588 -0.7151846
2.108068 1.405588 -0.7151846
2.108068 1.405588 -0.7151846
2.108068 1.405588 -0.7151846
2.108068 1.405588 -0.7151846
2.108068 1.405588 -0.7151846
2.108068 1.405588 -0.7151846
2.108068 1.405588 -0.7151846
1.955265 1.219293 -0.9264895
1.955265 1.219293 -0.9264895
1.955265 1.219293 -0.9264895
1.955265 1.219293 -0.9264895
1.955265 1.219293 -0.9264895
1.955265 1.219293 -0.9264895
1.955265 1.219293 -0.9264895
1.955265 1.219293 -0.9264895
1.955265 1.219293 -0.9264895
1.955265 1.219293 -0.9264895
1.955265 1.219293 -0.9264895
1.955265 1.219293 -0.9264895
1.955265 1.219293 -0.9264895
1.955265 1.219293 -0.9264895
1.955265 1.219293 -0.9264895
1.955265 1.219293 -0.9264895
1.955265 1.219293 -0.9264895
2.10383 1.379734 -1.048339
2.10383 1.379734 -1.048339
2.10383 1.379734 -1.048339
2.10383 1.379734 -1.048339
2.10383 1.379734 -1.048339
2.10383 1.379734 -1.048339
2.10383 1.379734 -1.048339
2.10383 1.379734 -1.048339
2.10383 1.379734 -1.048339
2.10383 1.379734 -1.048339
2.10383 1.379734 -1.048339
2.10383 1.379734 -1.048339
2.10383 1.379734 -1.048339
2.10383 1.379734 -1.048339
2.10383 1.379734 -1.048339
2.10383 1.379734 -1.048339
2.10383 1.379734 -1.048339
2.10383 1.379734 -1.048339
2.10383 1.379734 -1.048339
2.10383 1.379734 -1.048339
2.10383 1.379734 -1.048339
2.10383 1.379734 -1.048339
2.10383 1.379734 -1.048339
2.10383 1.379734 -1.048339
2.10383 1.379734 -1.048339
2.10383 1.379734 -1.048339
2.10383 1.379734 -1.048339
2.10383 1.379734 -1.048339
2.10383 1.379734 -1.048339
2.10383 1.379734 -1.048339
2.109466 1.590909 -0.7681146
2.109466 1.590909 -0.7681146
2.109466 1.590909 -0.7681146
2.109466 1.590909 -0.7681146
2.109466 1.590909 -0.7681146
2.109466 1.590909 -0.7681146
2.109466 1.590909 -0.7681146
2.109466 1.590909 -0.7681146
2.109466 1.590909 -0.7681146
2.109466 1.590909 -0.7681146
2.109466 1.590909 -0.7681146
2.109466 1.590909 -0.7681146
2.109466 1.590909 -0.7681146
2.109466 1.590909 -0.7681146
2.109466 1.590909 -0.7681146
2.109466 1.590909 -0.7681146
2.109466 1.590909 -0.7681146
2.109466 1.590909 -0.7681146
2.109466 1.590909 -0.7681146
2.109466 1.590909 -0.7681146
2.109466 1.590909 -0.7681146
2.109466 1.590909 -0.7681146
2.109466 1.590909 -0.7681146
2.109466 1.590909 -0.7681146
2.109466 1.590909 -0.7681146
2.109466 1.590909 -0.7681146
2.109466 1.590909 -0.7681146
2.109466 1.590909 -0.7681146
2.109466 1.590909 -0.7681146
2.109466 1.590909 -0.7681146
2.243931 1.772558 -0.9270219
2.243931 1.772558 -0.9270219
2.243931 1.772558 -0.9270219
2.243931 1.772558 -0.9270219
2.243931 1.772558 -0.9270219
2.149667 1.409647 -1.016933
2.149667 1.409647 -1.016933
2.149667 1.409647 -1.016933
2.149667 1.409647 -1.016933
2.149667 1.409647 -1.016933
2.149667 1.409647 -1.016933
2.149667 1.409647 -1.016933
2.149667 1.409647 -1.016933
2.149667 1.409647 -1.016933
2.149667 1.409647 -1.016933
2.149667 1.409647 -1.016933
2.149667 1.409647 -1.016933
2.149667 1.409647 -1.016933
2.149667 1.409647 -1.016933
2.149667 1.409647 -1.016933
2.149667 1.409647 -1.016933
2.149667 1.409647 -1.016933
2.149667 1.409647 -1.016933
2.149667 1.409647 -1.016933
2.149667 1.409647 -1.016933
2.149667 1.409647 -1.016933
2.149667 1.409647 -1.016933
2.149667 1.409647 -1.016933
2.149667 1.409647 -1.016933
2.462391 1.603429 -1.82846
2.462391 1.603429 -1.82846
2.462391 1.603429 -1.82846
2.462391 1.603429 -1.82846
2.462391 1.603429 -1.82846
2.462391 1.603429 -1.82846
2.462391 1.603429 -1.82846
2.462391 1.603429 -1.82846
2.462391 1.603429 -1.82846
2.462391 1.603429 -1.82846
2.462391 1.603429 -1.82846
2.462391 1.603429 -1.82846
2.462391 1.603429 -1.82846
2.462391 1.603429 -1.82846
2.462391 1.603429 -1.82846
2.462391 1.603429 -1.82846
2.462391 1.603429 -1.82846
2.462391 1.603429 -1.82846
2.462391 1.603429 -1.82846
2.462391 1.603429 -1.82846
2.462391 1.603429 -1.82846
2.462391 1.603429 -1.82846
2.462391 1.603429 -1.82846
2.462391 1.603429 -1.82846
2.462391 1.603429 -1.82846
2.462391 1.603429 -1.82846
2.462391 1.603429 -1.82846
2.462391 1.603429 -1.82846
2.462391 1.603429 -1.82846
2.462391 1.603429 -1.82846
2.462391 1.603429 -1.82846
2.572475 1.783621 -1.982317
2.572475 1.783621 -1.982317
2.572475 1.783621 -1.982317
2.572475 1.783621 -1.982317
2.572475 1.783621 -1.982317
2.19502 1.6715 -1.20728
2.19502 1.6715 -1.20728
2.19502 1.6715 -1.20728
2.19502 1.6715 -1.20728
2.19502 1.6715 -1.20728
2.19502 1.6715 -1.20728
2.19502 1.6715 -1.20728
2.19502 1.6715 -1.20728
2.19502 1.6715 -1.20728
2.19502 1.6715 -1.20728
2.19502 1.6715 -1.20728
2.19502 1.6715 -1.20728
2.19502 1.6715 -1.20728
2.19502 1.6715 -1.20728
2.19502 1.6715 -1.20728
2.19502 1.6715 -1.20728
2.19502 1.6715 -1.20728
2.19502 1.6715 -1.20728
2.19502 1.6715 -1.20728
2.19502 1.6715 -1.20728
2.19502 1.6715 -1.20728
2.19502 1.6715 -1.20728
2.19502 1.6715 -1.20728
2.19502 1.6715 -1.20728
2.19502 1.6715 -1.20728
2.19502 1.6715 -1.20728
2.19502 1.6715 -1.20728
2.19502 1.6715 -1.20728
2.19502 1.6715 -1.20728
2.19502 1.6715 -1.20728
2.19502 1.6715 -1.20728
2.19502 1.6715 -1.20728
2.19502 1.6715 -1.20728
2.19502 1.6715 -1.20728
2.19502 1.6715 -1.20728
2.19502 1.6715 -1.20728
2.19502 1.6715 -1.20728
2.19502 1.6715 -1.20728
2.19502 1.6715 -1.20728
2.19502 1.6715 -1.20728
2.19502 1.6715 -1.20728
2.19502 1.6715 -1.20728
2.19502 1.6715 -1.20728
2.19502 1.6715 -1.20728
2.19502 1.6715 -1.20728
2.19502 1.6715 -1.20728
2.19502 1.6715 -1.20728
2.19502 1.6715 -1.20728
2.19502 1.6715 -1.20728
2.19502 1.6715 -1.20728
2.19502 1.6715 -1.20728
2.19502 1.6715 -1.20728
2.19502 1.6715 -1.20728
2.19502 1.6715 -1.20728
2.19502 1.6715 -1.20728
2.312733 1.857562 -1.390647
2.312733 1.857562 -1.390647
2.312733 1.857562 -1.390647
2.312733 1.857562 -1.390647
2.312733 1.857562 -1.390647
2.312733 1.857562 -1.390647
2.312733 1.857562 -1.390647
2.312733 1.857562 -1.390647
2.312733 1.857562 -1.390647
2.312733 1.857562 -1.390647
2.312733 1.857562 -1.390647
2.312733 1.857562 -1.390647
2.312733 1.857562 -1.390647
2.211735 1.971443 -1.035188
2.211735 1.971443 -1.035188
2.211735 1.971443 -1.035188
2.211735 1.971443 -1.035188
2.211735 1.971443 -1.035188
2.211735 1.971443 -1.035188
2.211735 1.971443 -1.035188
2.211735 1.971443 -1.035188
2.211735 1.971443 -1.035188
2.211735 1.971443 -1.035188
2.211735 1.971443 -1.035188
2.211735 1.971443 -1.035188
2.211735 1.971443 -1.035188
2.211735 1.971443 -1.035188
2.211735 1.971443 -1.035188
2.211735 1.971443 -1.035188
2.211735 1.971443 -1.035188
2.211735 1.971443 -1.035188
2.211735 1.971443 -1.035188
2.211735 1.971443 -1.035188
2.211735 1.971443 -1.035188
2.211735 1.971443 -1.035188
2.211735 1.971443 -1.035188
2.211735 1.971443 -1.035188
2.211735 1.971443 -1.035188
2.211735 1.971443 -1.035188
2.277945 2.125926 -1.093995
2.277945 2.125926 -1.093995
2.277945 2.125926 -1.093995
2.277945 2.125926 -1.093995
2.277945 2.125926 -1.093995
2.277945 2.125926 -1.093995
2.277945 2.125926 -1.093995
2.277945 2.125926 -1.093995
2.277945 2.125926 -1.093995
2.277945 2.125926 -1.093995
2.277945 2.125926 -1.093995
2.277945 2.125926 -1.093995
2.277945 2.125926 -1.093995
2.277945 2.125926 -1.093995
2.277945 2.125926 -1.093995
2.277945 2.125926 -1.093995
2.277945 2.125926 -1.093995
2.277945 2.125926 -1.093995
2.277945 2.125926 -1.093995
2.277945 2.125926 -1.093995
2.277945 2.125926 -1.093995
2.395692 2.328645 -1.356975
2.395692 2.328645 -1.356975
2.395692 2.328645 -1.356975
2.395692 2.328645 -1.356975
2.395692 2.328645 -1.356975
2.395692 2.328645 -1.356975
2.395692 2.328645 -1.356975
2.395692 2.328645 -1.356975
2.395692 2.328645 -1.356975
2.395692 2.328645 -1.356975
2.395692 2.328645 -1.356975
2.395692 2.328645 -1.356975
2.395692 2.328645 -1.356975
2.395692 2.328645 -1.356975
2.395692 2.328645 -1.356975
2.395692 2.328645 -1.356975
2.395692 2.328645 -1.356975
2.395692 2.328645 -1.356975
2.395692 2.328645 -1.356975
2.395692 2.328645 -1.356975
2.395692 2.328645 -1.356975
2.395692 2.328645 -1.356975
2.395692 2.328645 -1.356975
2.395692 2.328645 -1.356975
2.395692 2.328645 -1.356975
2.395692 2.328645 -1.356975
2.395692 2.328645 -1.356975
2.395692 2.328645 -1.356975
2.395692 2.328645 -1.356975
2.395692 2.328645 -1.356975
2.395692 2.328645 -1.356975
2.395692 2.328645 -1.356975
2.395692 2.328645 -1.356975
2.395692 2.328645 -1.356975
2.395692 2.328645 -1.356975
2.395692 2.328645 -1.356975
2.395692 2.328645 -1.356975
2.395692 2.328645 -1.356975
2.395692 2.328645 -1.356975
2.395692 2.328645 -1.356975
2.395692 2.328645 -1.356975
2.395692 2.328645 -1.356975
2.814207 2.476118 -1.873847
2.814207 2.476118 -1.873847
2.814207 2.476118 -1.873847
2.814207 2.476118 -1.873847
2.814207 2.476118 -1.873847
2.814207 2.476118 -1.873847
2.814207 2.476118 -1.873847
2.47882 1.604692 -1.288537
2.47882 1.604692 -1.288537
2.47882 1.604692 -1.288537
2.496149 2.095882 -1.64502
2.496149 2.095882 -1.64502
2.496149 2.095882 -1.64502
2.496149 2.095882 -1.64502
2.496149 2.095882 -1.64502
2.496149 2.095882 -1.64502
2.496149 2.095882 -1.64502
2.496149 2.095882 -1.64502
2.565837 2.258564 -1.873999
2.565837 2.258564 -1.873999
2.613428 2.121995 -2.214457
2.613428 2.121995 -2.214457
2.613428 2.121995 -2.214457
2.613428 2.121995 -2.214457
2.613428 2.121995 -2.214457
2.613428 2.121995 -2.214457
2.613428 2.121995 -2.214457
2.613428 2.121995 -2.214457
2.613428 2.121995 -2.214457
2.613428 2.121995 -2.214457
2.613428 2.121995 -2.214457
2.613428 2.121995 -2.214457
2.613428 2.121995 -2.214457
2.613428 2.121995 -2.214457
2.613428 2.121995 -2.214457
2.613428 2.121995 -2.214457
2.613428 2.121995 -2.214457
2.613428 2.121995 -2.214457
2.613428 2.121995 -2.214457
2.613428 2.121995 -2.214457
2.613428 2.121995 -2.214457
2.613428 2.121995 -2.214457
2.613428 2.121995 -2.214457
2.613428 2.121995 -2.214457
2.613428 2.121995 -2.214457
2.613428 2.121995 -2.214457
2.613428 2.121995 -2.214457
2.613428 2.121995 -2.214457
2.613428 2.121995 -2.214457
2.969827 2.705066 -2.153869
2.969827 2.705066 -2.153869
2.969827 2.705066 -2.153869
2.969827 2.705066 -2.153869
2.969827 2.705066 -2.153869
2.969827 2.705066 -2.153869
2.969827 2.705066 -2.153869
2.969827 2.705066 -2.153869
2.969827 2.705066 -2.153869
2.969827 2.705066 -2.153869
2.969827 2.705066 -2.153869
2.969827 2.705066 -2.153869
2.969827 2.705066 -2.153869
2.969827 2.705066 -2.153869
2.969827 2.705066 -2.153869
2.969827 2.705066 -2.153869
2.969827 2.705066 -2.153869
2.969827 2.705066 -2.153869
2.969827 2.705066 -2.153869
2.969827 2.705066 -2.153869
2.969827 2.705066 -2.153869
2.969827 2.705066 -2.153869
2.969827 2.705066 -2.153869
2.969827 2.705066 -2.153869
2.969827 2.705066 -2.153869
2.969827 2.705066 -2.153869
2.969827 2.705066 -2.153869
2.969827 2.705066 -2.153869
2.969827 2.705066 -2.153869
3.009792 2.854432 -2.247468
3.009792 2.854432 -2.247468
3.009792 2.854432 -2.247468
3.009792 2.854432 -2.247468
3.009792 2.854432 -2.247468
3.009792 2.854432 -2.247468
3.009792 2.854432 -2.247468
3.009792 2.854432 -2.247468
3.009792 2.854432 -2.247468
3.009792 2.854432 -2.247468
3.009792 2.854432 -2.247468
3.009792 2.854432 -2.247468
3.009792 2.854432 -2.247468
3.009792 2.854432 -2.247468
3.009792 2.854432 -2.247468
3.009792 2.854432 -2.247468
3.009792 2.854432 -2.247468
3.009792 2.854432 -2.247468
3.009792 2.854432 -2.247468
3.009792 2.854432 -2.247468
3.009792 2.854432 -2.247468
3.009792 2.854432 -2.247468
3.009792 2.854432 -2.247468
3.009792 2.854432 -2.247468
3.009792 2.854432 -2.247468
3.009792 2.854432 -2.247468
3.009792 2.854432 -2.247468
3.009792 2.854432 -2.247468
3.009792 2.854432 -2.247468
3.009792 2.854432 -2.247468
3.009792 2.854432 -2.247468
3.009792 2.854432 -2.247468
3.009792 2.854432 -2.247468
3.009792 2.854432 -2.247468
3.009792 2.854432 -2.247468
3.009792 2.854432 -2.247468
3.009792 2.854432 -2.247468
3.009792 2.854432 -2.247468
3.009792 2.854432 -2.247468
3.009792 2.854432 -2.247468
3.009792 2.854432 -2.247468
3.009792 2.854432 -2.247468
3.009792 2.854432 -2.247468
3.009792 2.854432 -2.247468
3.009792 2.854432 -2.247468
3.009792 2.854432 -2.247468
3.009792 2.854432 -2.247468
3.009792 2.854432 -2.247468
3.009792 2.854432 -2.247468
3.009792 2.854432 -2.247468
3.009792 2.854432 -2.247468
3.009792 2.854432 -2.247468
3.009792 2.854432 -2.247468
3.009792 2.854432 -2.247468
3.009792 2.854432 -2.247468
3.009792 2.854432 -2.247468
3.009792 2.854432 -2.247468
3.009792 2.854432 -2.247468
3.009792 2.854432 -2.247468
3.009792 2.854432 -2.247468
3.063044 2.85855 -2.287843
3.063044 2.85855 -2.287843
3.063044 2.85855 -2.287843
3.063044 2.85855 -2.287843
3.063044 2.85855 -2.287843
3.063044 2.85855 -2.287843
3.063044 2.85855 -2.287843
3.063044 2.85855 -2.287843
3.063044 2.85855 -2.287843
3.063044 2.85855 -2.287843
3.063044 2.85855 -2.287843
3.063044 2.85855 -2.287843
3.063044 2.85855 -2.287843
3.063044 2.85855 -2.287843
3.063044 2.85855 -2.287843
2.557903 2.435271 -1.890289
2.557903 2.435271 -1.890289
2.557903 2.435271 -1.890289
2.557903 2.435271 -1.890289
2.557903 2.435271 -1.890289
2.557903 2.435271 -1.890289
2.557903 2.435271 -1.890289
2.557903 2.435271 -1.890289
2.557903 2.435271 -1.890289
2.557903 2.435271 -1.890289
2.557903 2.435271 -1.890289
2.557903 2.435271 -1.890289
2.557903 2.435271 -1.890289
2.557903 2.435271 -1.890289
2.557903 2.435271 -1.890289
2.557903 2.435271 -1.890289
2.557903 2.435271 -1.890289
2.557903 2.435271 -1.890289
2.557903 2.435271 -1.890289
2.557903 2.435271 -1.890289
2.557903 2.435271 -1.890289
2.557903 2.435271 -1.890289
2.557903 2.435271 -1.890289
2.557903 2.435271 -1.890289
2.557903 2.435271 -1.890289
2.557903 2.435271 -1.890289
2.557903 2.435271 -1.890289
2.557903 2.435271 -1.890289
2.557903 2.435271 -1.890289
2.557903 2.435271 -1.890289
2.557903 2.435271 -1.890289
2.557903 2.435271 -1.890289
2.557903 2.435271 -1.890289
2.557903 2.435271 -1.890289
2.557903 2.435271 -1.890289
2.557903 2.435271 -1.890289
2.557903 2.435271 -1.890289
2.557903 2.435271 -1.890289
2.557903 2.435271 -1.890289
2.557903 2.435271 -1.890289
2.557903 2.435271 -1.890289
2.557903 2.435271 -1.890289
2.557903 2.435271 -1.890289
2.557903 2.435271 -1.890289
2.557903 2.435271 -1.890289
2.637619 2.464395 -1.684472
2.637619 2.464395 -1.684472
2.637619 2.464395 -1.684472
2.637619 2.464395 -1.684472
2.637619 2.464395 -1.684472
2.637619 2.464395 -1.684472
2.637619 2.464395 -1.684472
2.637619 2.464395 -1.684472
2.637619 2.464395 -1.684472
2.637619 2.464395 -1.684472
2.637619 2.464395 -1.684472
2.637619 2.464395 -1.684472
2.637619 2.464395 -1.684472
2.637619 2.464395 -1.684472
2.637619 2.464395 -1.684472
2.637619 2.464395 -1.684472
2.637619 2.464395 -1.684472
2.637619 2.464395 -1.684472
2.637619 2.464395 -1.684472
2.637619 2.464395 -1.684472
2.637619 2.464395 -1.684472
2.637619 2.464395 -1.684472
2.637619 2.464395 -1.684472
2.637619 2.464395 -1.684472
2.637619 2.464395 -1.684472
2.637619 2.464395 -1.684472
2.637619 2.464395 -1.684472
2.637619 2.464395 -1.684472
2.637619 2.464395 -1.684472
2.637619 2.464395 -1.684472
2.637619 2.464395 -1.684472
2.637619 2.464395 -1.684472
2.637619 2.464395 -1.684472
2.637619 2.464395 -1.684472
2.637619 2.464395 -1.684472
2.637619 2.464395 -1.684472
2.637619 2.464395 -1.684472
2.637619 2.464395 -1.684472
2.637619 2.464395 -1.684472
2.637619 2.464395 -1.684472
2.637619 2.464395 -1.684472
2.637619 2.464395 -1.684472
2.637619 2.464395 -1.684472
2.637619 2.464395 -1.684472
2.637619 2.464395 -1.684472
2.637619 2.464395 -1.684472
2.637619 2.464395 -1.684472
2.637619 2.464395 -1.684472
2.637619 2.464395 -1.684472
2.637619 2.464395 -1.684472
2.637619 2.464395 -1.684472
2.637619 2.464395 -1.684472
2.637619 2.464395 -1.684472
2.637619 2.464395 -1.684472
2.637619 2.464395 -1.684472
2.637619 2.464395 -1.684472
2.637619 2.464395 -1.684472
2.637619 2.464395 -1.684472
2.637619 2.464395 -1.684472
2.637619 2.464395 -1.684472
2.681308 2.523005 -1.482253
2.681308 2.523005 -1.482253
2.681308 2.523005 -1.482253
2.681308 2.523005 -1.482253
2.681308 2.523005 -1.482253
2.681308 2.523005 -1.482253
2.681308 2.523005 -1.482253
2.681308 2.523005 -1.482253
2.681308 2.523005 -1.482253
2.681308 2.523005 -1.482253
2.681308 2.523005 -1.482253
2.681308 2.523005 -1.482253
2.681308 2.523005 -1.482253
2.681308 2.523005 -1.482253
2.681308 2.523005 -1.482253
2.681308 2.523005 -1.482253
2.681308 2.523005 -1.482253
2.681308 2.523005 -1.482253
2.681308 2.523005 -1.482253
2.681308 2.523005 -1.482253
2.681308 2.523005 -1.482253
2.681308 2.523005 -1.482253
2.681308 2.523005 -1.482253
2.681308 2.523005 -1.482253
2.681308 2.523005 -1.482253
2.681308 2.523005 -1.482253
2.681308 2.523005 -1.482253
2.681308 2.523005 -1.482253
2.681308 2.523005 -1.482253
2.681308 2.523005 -1.482253
2.681308 2.523005 -1.482253
2.681308 2.523005 -1.482253
2.681308 2.523005 -1.482253
2.681308 2.523005 -1.482253
2.681308 2.523005 -1.482253
2.681308 2.523005 -1.482253
2.681308 2.523005 -1.482253
2.681308 2.523005 -1.482253
2.681308 2.523005 -1.482253
2.681308 2.523005 -1.482253
2.681308 2.523005 -1.482253
2.681308 2.523005 -1.482253
2.681308 2.523005 -1.482253
2.681308 2.523005 -1.482253
2.681308 2.523005 -1.482253
2.681308 2.523005 -1.482253
2.681308 2.523005 -1.482253
2.802435 2.608169 -2.230293
2.802435 2.608169 -2.230293
2.802435 2.608169 -2.230293
2.802435 2.608169 -2.230293
2.802435 2.608169 -2.230293
2.802435 2.608169 -2.230293
2.802435 2.608169 -2.230293
2.802435 2.608169 -2.230293
2.802435 2.608169 -2.230293
2.802435 2.608169 -2.230293
2.802435 2.608169 -2.230293
2.802435 2.608169 -2.230293
2.802435 2.608169 -2.230293
2.833327 2.654946 -2.237435
2.833327 2.654946 -2.237435
2.833327 2.654946 -2.237435
2.833327 2.654946 -2.237435
2.833327 2.654946 -2.237435
2.833327 2.654946 -2.237435
2.833327 2.654946 -2.237435
2.833327 2.654946 -2.237435
2.833327 2.654946 -2.237435
2.833327 2.654946 -2.237435
2.833327 2.654946 -2.237435
2.833327 2.654946 -2.237435
2.833327 2.654946 -2.237435
2.833327 2.654946 -2.237435
2.833327 2.654946 -2.237435
2.833327 2.654946 -2.237435
2.833327 2.654946 -2.237435
2.833327 2.654946 -2.237435
2.833327 2.654946 -2.237435
2.833327 2.654946 -2.237435
