1.786705 0.8416038 0.5135826
1.688256 1.650116 0.2175595
1.909905 1.671934 -0.2445375
1.502665 1.562162 -0.1548429
1.460938 0.4457625 -0.4478597
1.460938 0.4457625 -0.4478597
1.524345 1.52896 -0.366418
1.611575 1.742195 -0.4512431
1.611575 1.742195 -0.4512431
1.877642 1.965722 -0.571763
2.042503 2.09713 -0.8404723
1.980129 1.344314 -0.8292833
2.123608 2.035068 -1.085178
2.123608 2.035068 -1.085178
2.123608 2.035068 -1.085178
2.31297 2.198618 -1.1848
2.214168 2.468942 -1.139253
2.101121 2.328621 -1.308937
1.971291 2.137164 -0.5278648
2.405353 2.548004 -1.178412
1.849806 1.208255 -0.9406428
1.987362 1.337584 -1.083315
2.227557 2.429936 -1.177944
2.227557 2.429936 -1.177944
2.350685 2.527956 -1.36078
2.370502 1.993467 -1.485264
2.370502 1.993467 -1.485264
2.481663 2.101398 -1.648373
2.409276 2.481089 -1.672495
2.401175 2.01525 -1.896774
2.180861 2.82846 -0.9096396
2.180861 2.82846 -0.9096396
2.454656 2.430183 -1.544817
2.660768 2.060082 -2.030371
2.660768 2.060082 -2.030371
2.660768 2.060082 -2.030371
2.72333 2.139166 -2.154299
2.72333 2.139166 -2.154299
2.72333 2.139166 -2.154299
2.801394 2.211425 -2.205003
2.98857 2.933134 -2.282919
2.98857 2.933134 -2.282919
3.05025 2.971608 -2.1775
3.05025 2.971608 -2.1775
2.517613 1.889116 -2.094694
2.325532 2.62688 -1.16648
2.996816 2.720378 -2.328882
2.996816 2.720378 -2.328882
2.847067 2.827646 -1.993615
