0.237766 -0.4266169 0.01748937
0.237766 -0.4266169 0.01748937
0.237766 -0.4266169 0.01748937
0.237766 -0.4266169 0.01748937
0.237766 -0.4266169 0.01748937
1.403582 -0.7245127 0.845752
1.403582 -0.7245127 0.845752
1.403582 -0.7245127 0.845752
1.403582 -0.7245127 0.845752
1.403582 -0.7245127 0.845752
1.403582 -0.7245127 0.845752
1.403582 -0.7245127 0.845752
1.403582 -0.7245127 0.845752
1.403582 -0.7245127 0.845752
1.403582 -0.7245127 0.845752
1.403582 -0.7245127 0.845752
1.403582 -0.7245127 0.845752
1.403582 -0.7245127 0.845752
1.403582 -0.7245127 0.845752
1.403582 -0.7245127 0.845752
1.403582 -0.7245127 0.845752
1.624152 0.1763581 1.031126
1.624152 0.1763581 1.031126
1.624152 0.1763581 1.031126
1.624152 0.1763581 1.031126
1.624152 0.1763581 1.031126
1.624152 0.1763581 1.031126
1.212717 0.2878471 -0.7369281
1.212717 0.2878471 -0.7369281
1.212717 0.2878471 -0.7369281
1.212717 0.2878471 -0.7369281
1.212717 0.2878471 -0.7369281
1.212717 0.2878471 -0.7369281
1.212717 0.2878471 -0.7369281
1.212717 0.2878471 -0.7369281
1.212717 0.2878471 -0.7369281
1.212717 0.2878471 -0.7369281
1.212717 0.2878471 -0.7369281
1.212717 0.2878471 -0.7369281
1.212717 0.2878471 -0.7369281
1.212717 0.2878471 -0.7369281
1.212717 0.2878471 -0.7369281
1.712454 1.319964 -0.6638952
1.712454 1.319964 -0.6638952
1.712454 1.319964 -0.6638952
1.712454 1.319964 -0.6638952
1.712454 1.319964 -0.6638952
1.712454 1.319964 -0.6638952
1.712454 1.319964 -0.6638952
1.712454 1.319964 -0.6638952
1.712454 1.319964 -0.6638952
1.712454 1.319964 -0.6638952
1.712454 1.319964 -0.6638952
1.712454 1.319964 -0.6638952
1.712454 1.319964 -0.6638952
1.712454 1.319964 -0.6638952
1.712454 1.319964 -0.6638952
1.712454 1.319964 -0.6638952
1.712454 1.319964 -0.6638952
1.712454 1.319964 -0.6638952
1.801615 1.369718 -0.7006107
1.801615 1.369718 -0.7006107
1.801615 1.369718 -0.7006107
1.801615 1.369718 -0.7006107
1.801615 1.369718 -0.7006107
1.801615 1.369718 -0.7006107
1.801615 1.369718 -0.7006107
1.801615 1.369718 -0.7006107
1.801615 1.369718 -0.7006107
1.801615 1.369718 -0.7006107
1.801615 1.369718 -0.7006107
1.801615 1.369718 -0.7006107
1.801615 1.369718 -0.7006107
1.801615 1.369718 -0.7006107
1.801615 1.369718 -0.7006107
1.801615 1.369718 -0.7006107
1.801615 1.369718 -0.7006107
1.801615 1.369718 -0.7006107
1.801615 1.369718 -0.7006107
1.801615 1.369718 -0.7006107
1.801615 1.369718 -0.7006107
1.801615 1.369718 -0.7006107
1.801615 1.369718 -0.7006107
1.801615 1.369718 -0.7006107
1.801615 1.369718 -0.7006107
1.801615 1.369718 -0.7006107
1.801615 1.369718 -0.7006107
1.801615 1.369718 -0.7006107
1.801615 1.369718 -0.7006107
1.468421 1.228953 0.1474528
1.468421 1.228953 0.1474528
1.484092 0.6568076 -0.5576031
1.484092 0.6568076 -0.5576031
1.484092 0.6568076 -0.5576031
1.484092 0.6568076 -0.5576031
1.484092 0.6568076 -0.5576031
1.484092 0.6568076 -0.5576031
1.484092 0.6568076 -0.5576031
1.484092 0.6568076 -0.5576031
1.484092 0.6568076 -0.5576031
1.484092 0.6568076 -0.5576031
1.484092 0.6568076 -0.5576031
1.484092 0.6568076 -0.5576031
1.484092 0.6568076 -0.5576031
1.484092 0.6568076 -0.5576031
1.484092 0.6568076 -0.5576031
1.484092 0.6568076 -0.5576031
1.484092 0.6568076 -0.5576031
1.484092 0.6568076 -0.5576031
1.484092 0.6568076 -0.5576031
1.484092 0.6568076 -0.5576031
1.484092 0.6568076 -0.5576031
1.484092 0.6568076 -0.5576031
1.484092 0.6568076 -0.5576031
1.484092 0.6568076 -0.5576031
1.484092 0.6568076 -0.5576031
1.484092 0.6568076 -0.5576031
1.484092 0.6568076 -0.5576031
1.484092 0.6568076 -0.5576031
1.484092 0.6568076 -0.5576031
2.000085 0.8803658 -0.6494561
2.000085 0.8803658 -0.6494561
2.000085 0.8803658 -0.6494561
2.000085 0.8803658 -0.6494561
2.000085 0.8803658 -0.6494561
2.000085 0.8803658 -0.6494561
1.949065 1.070427 -0.1980376
1.949065 1.070427 -0.1980376
1.753377 1.281255 -1.00714
1.753377 1.281255 -1.00714
1.753377 1.281255 -1.00714
1.753377 1.281255 -1.00714
1.753377 1.281255 -1.00714
1.753377 1.281255 -1.00714
1.753377 1.281255 -1.00714
1.753377 1.281255 -1.00714
1.753377 1.281255 -1.00714
1.734686 1.210167 -0.9919159
1.734686 1.210167 -0.9919159
1.734686 1.210167 -0.9919159
1.734686 1.210167 -0.9919159
1.734686 1.210167 -0.9919159
1.734686 1.210167 -0.9919159
1.734686 1.210167 -0.9919159
1.734686 1.210167 -0.9919159
1.734686 1.210167 -0.9919159
1.734686 1.210167 -0.9919159
1.734686 1.210167 -0.9919159
1.734686 1.210167 -0.9919159
1.734686 1.210167 -0.9919159
1.734686 1.210167 -0.9919159
1.734686 1.210167 -0.9919159
1.734686 1.210167 -0.9919159
1.734686 1.210167 -0.9919159
1.734686 1.210167 -0.9919159
1.734686 1.210167 -0.9919159
1.734686 1.210167 -0.9919159
1.734686 1.210167 -0.9919159
1.734686 1.210167 -0.9919159
1.734686 1.210167 -0.9919159
1.734686 1.210167 -0.9919159
1.734686 1.210167 -0.9919159
1.734686 1.210167 -0.9919159
1.734686 1.210167 -0.9919159
1.734686 1.210167 -0.9919159
1.734686 1.210167 -0.9919159
1.734686 1.210167 -0.9919159
1.734686 1.210167 -0.9919159
1.734686 1.210167 -0.9919159
1.734686 1.210167 -0.9919159
1.734686 1.210167 -0.9919159
1.734686 1.210167 -0.9919159
1.734686 1.210167 -0.9919159
1.734686 1.210167 -0.9919159
1.734686 1.210167 -0.9919159
1.734686 1.210167 -0.9919159
1.734686 1.210167 -0.9919159
1.734686 1.210167 -0.9919159
1.734686 1.210167 -0.9919159
1.734686 1.210167 -0.9919159
1.545784 0.744312 -0.378553
1.545784 0.744312 -0.378553
1.545784 0.744312 -0.378553
1.545784 0.744312 -0.378553
1.545784 0.744312 -0.378553
1.545784 0.744312 -0.378553
1.545784 0.744312 -0.378553
1.545784 0.744312 -0.378553
1.545784 0.744312 -0.378553
1.545784 0.744312 -0.378553
1.545784 0.744312 -0.378553
1.545784 0.744312 -0.378553
1.545784 0.744312 -0.378553
1.545784 0.744312 -0.378553
1.545784 0.744312 -0.378553
1.545784 0.744312 -0.378553
1.545784 0.744312 -0.378553
1.545784 0.744312 -0.378553
1.545784 0.744312 -0.378553
1.545784 0.744312 -0.378553
1.545784 0.744312 -0.378553
1.545784 0.744312 -0.378553
1.545784 0.744312 -0.378553
1.545784 0.744312 -0.378553
1.545784 0.744312 -0.378553
1.545784 0.744312 -0.378553
1.545784 0.744312 -0.378553
1.545784 0.744312 -0.378553
1.545784 0.744312 -0.378553
1.545784 0.744312 -0.378553
1.545784 0.744312 -0.378553
1.545784 0.744312 -0.378553
1.545784 0.744312 -0.378553
1.545784 0.744312 -0.378553
1.545784 0.744312 -0.378553
1.545784 0.744312 -0.378553
1.545784 0.744312 -0.378553
1.545784 0.744312 -0.378553
1.545784 0.744312 -0.378553
1.545784 0.744312 -0.378553
1.545784 0.744312 -0.378553
1.545784 0.744312 -0.378553
1.545784 0.744312 -0.378553
1.545784 0.744312 -0.378553
1.545784 0.744312 -0.378553
1.545784 0.744312 -0.378553
1.545784 0.744312 -0.378553
1.545784 0.744312 -0.378553
1.545784 0.744312 -0.378553
1.545784 0.744312 -0.378553
1.545784 0.744312 -0.378553
1.545784 0.744312 -0.378553
1.545784 0.744312 -0.378553
1.545784 0.744312 -0.378553
1.545784 0.744312 -0.378553
1.545784 0.744312 -0.378553
1.545784 0.744312 -0.378553
1.545784 0.744312 -0.378553
1.545784 0.744312 -0.378553
1.545784 0.744312 -0.378553
1.766739 0.9548388 -0.4683038
1.766739 0.9548388 -0.4683038
1.766739 0.9548388 -0.4683038
1.766739 0.9548388 -0.4683038
1.766739 0.9548388 -0.4683038
1.766739 0.9548388 -0.4683038
1.766739 0.9548388 -0.4683038
1.766739 0.9548388 -0.4683038
1.766739 0.9548388 -0.4683038
1.766739 0.9548388 -0.4683038
1.766739 0.9548388 -0.4683038
1.766739 0.9548388 -0.4683038
1.766739 0.9548388 -0.4683038
1.766739 0.9548388 -0.4683038
1.766739 0.9548388 -0.4683038
1.766739 0.9548388 -0.4683038
1.766739 0.9548388 -0.4683038
1.766739 0.9548388 -0.4683038
1.766739 0.9548388 -0.4683038
1.766739 0.9548388 -0.4683038
1.766739 0.9548388 -0.4683038
1.766739 0.9548388 -0.4683038
1.766739 0.9548388 -0.4683038
1.766739 0.9548388 -0.4683038
1.849442 1.438094 -0.6246527
1.849442 1.438094 -0.6246527
1.849442 1.438094 -0.6246527
1.849442 1.438094 -0.6246527
1.849442 1.438094 -0.6246527
1.849442 1.438094 -0.6246527
1.849442 1.438094 -0.6246527
1.849442 1.438094 -0.6246527
1.849442 1.438094 -0.6246527
1.849442 1.438094 -0.6246527
1.849442 1.438094 -0.6246527
1.849442 1.438094 -0.6246527
1.849442 1.438094 -0.6246527
1.849442 1.438094 -0.6246527
1.849442 1.438094 -0.6246527
1.849442 1.438094 -0.6246527
1.849442 1.438094 -0.6246527
1.849442 1.438094 -0.6246527
1.849442 1.438094 -0.6246527
1.849442 1.438094 -0.6246527
1.849442 1.438094 -0.6246527
1.849442 1.438094 -0.6246527
1.849442 1.438094 -0.6246527
1.849442 1.438094 -0.6246527
1.849442 1.438094 -0.6246527
1.849442 1.438094 -0.6246527
1.849442 1.438094 -0.6246527
1.849442 1.438094 -0.6246527
1.849442 1.438094 -0.6246527
1.849442 1.438094 -0.6246527
1.849442 1.438094 -0.6246527
1.849442 1.438094 -0.6246527
1.849442 1.438094 -0.6246527
1.849442 1.438094 -0.6246527
1.849442 1.438094 -0.6246527
1.849442 1.438094 -0.6246527
2.058933 1.638093 -0.7438929
2.058933 1.638093 -0.7438929
1.830225 1.640681 -1.143608
1.830225 1.640681 -1.143608
1.830225 1.640681 -1.143608
1.830225 1.640681 -1.143608
1.830225 1.640681 -1.143608
1.830225 1.640681 -1.143608
1.830225 1.640681 -1.143608
1.830225 1.640681 -1.143608
1.830225 1.640681 -1.143608
1.830225 1.640681 -1.143608
1.830225 1.640681 -1.143608
1.830225 1.640681 -1.143608
1.830225 1.640681 -1.143608
1.830225 1.640681 -1.143608
1.830225 1.640681 -1.143608
1.830225 1.640681 -1.143608
1.830225 1.640681 -1.143608
1.830225 1.640681 -1.143608
1.830225 1.640681 -1.143608
1.830225 1.640681 -1.143608
1.830225 1.640681 -1.143608
1.830225 1.640681 -1.143608
1.830225 1.640681 -1.143608
1.955842 1.278788 -0.9679066
1.955842 1.278788 -0.9679066
1.955842 1.278788 -0.9679066
1.955842 1.278788 -0.9679066
1.955842 1.278788 -0.9679066
1.955842 1.278788 -0.9679066
1.955842 1.278788 -0.9679066
1.955842 1.278788 -0.9679066
1.955842 1.278788 -0.9679066
1.955842 1.278788 -0.9679066
1.955842 1.278788 -0.9679066
1.955842 1.278788 -0.9679066
1.955842 1.278788 -0.9679066
1.955842 1.278788 -0.9679066
1.955842 1.278788 -0.9679066
1.955842 1.278788 -0.9679066
1.955842 1.278788 -0.9679066
1.955842 1.278788 -0.9679066
1.955842 1.278788 -0.9679066
1.955842 1.278788 -0.9679066
1.955842 1.278788 -0.9679066
1.955842 1.278788 -0.9679066
1.955842 1.278788 -0.9679066
1.955842 1.278788 -0.9679066
1.955842 1.278788 -0.9679066
1.955842 1.278788 -0.9679066
1.955842 1.278788 -0.9679066
1.955842 1.278788 -0.9679066
1.955842 1.278788 -0.9679066
1.955842 1.278788 -0.9679066
1.955842 1.278788 -0.9679066
1.955842 1.278788 -0.9679066
1.955842 1.278788 -0.9679066
1.955842 1.278788 -0.9679066
1.955842 1.278788 -0.9679066
1.746767 1.494346 -1.056865
1.746767 1.494346 -1.056865
1.746767 1.494346 -1.056865
1.746767 1.494346 -1.056865
1.746767 1.494346 -1.056865
1.746767 1.494346 -1.056865
1.746767 1.494346 -1.056865
1.746767 1.494346 -1.056865
1.746767 1.494346 -1.056865
1.746767 1.494346 -1.056865
1.746767 1.494346 -1.056865
1.746767 1.494346 -1.056865
1.746767 1.494346 -1.056865
1.746767 1.494346 -1.056865
1.746767 1.494346 -1.056865
1.746767 1.494346 -1.056865
1.746767 1.494346 -1.056865
1.746767 1.494346 -1.056865
1.746767 1.494346 -1.056865
1.746767 1.494346 -1.056865
1.746767 1.494346 -1.056865
1.746767 1.494346 -1.056865
1.746767 1.494346 -1.056865
1.746767 1.494346 -1.056865
1.746767 1.494346 -1.056865
1.746767 1.494346 -1.056865
1.746767 1.494346 -1.056865
1.746767 1.494346 -1.056865
1.746767 1.494346 -1.056865
1.746767 1.494346 -1.056865
1.746767 1.494346 -1.056865
1.746767 1.494346 -1.056865
1.746767 1.494346 -1.056865
1.746767 1.494346 -1.056865
1.746767 1.494346 -1.056865
1.746767 1.494346 -1.056865
1.746767 1.494346 -1.056865
1.746767 1.494346 -1.056865
1.746767 1.494346 -1.056865
1.746767 1.494346 -1.056865
1.746767 1.494346 -1.056865
1.746767 1.494346 -1.056865
1.746767 1.494346 -1.056865
1.746767 1.494346 -1.056865
1.746767 1.494346 -1.056865
1.746767 1.494346 -1.056865
1.746767 1.494346 -1.056865
1.746767 1.494346 -1.056865
1.746767 1.494346 -1.056865
1.746767 1.494346 -1.056865
1.746767 1.494346 -1.056865
1.746767 1.494346 -1.056865
1.746767 1.494346 -1.056865
1.746767 1.494346 -1.056865
1.746767 1.494346 -1.056865
1.746767 1.494346 -1.056865
1.746767 1.494346 -1.056865
1.746767 1.494346 -1.056865
1.746767 1.494346 -1.056865
1.746767 1.494346 -1.056865
1.897719 1.6675 -1.195917
1.897719 1.6675 -1.195917
1.897719 1.6675 -1.195917
1.897719 1.6675 -1.195917
1.897719 1.6675 -1.195917
1.897719 1.6675 -1.195917
1.897719 1.6675 -1.195917
1.897719 1.6675 -1.195917
1.897719 1.6675 -1.195917
1.897719 1.6675 -1.195917
1.897719 1.6675 -1.195917
1.897719 1.6675 -1.195917
1.897719 1.6675 -1.195917
1.897719 1.6675 -1.195917
1.897719 1.6675 -1.195917
1.897719 1.6675 -1.195917
1.897719 1.6675 -1.195917
1.897719 1.6675 -1.195917
1.897719 1.6675 -1.195917
1.897719 1.6675 -1.195917
1.897719 1.6675 -1.195917
1.897719 1.6675 -1.195917
1.897719 1.6675 -1.195917
1.897719 1.6675 -1.195917
1.897719 1.6675 -1.195917
1.897719 1.6675 -1.195917
1.897719 1.6675 -1.195917
1.897719 1.6675 -1.195917
1.897719 1.6675 -1.195917
1.897719 1.6675 -1.195917
1.897719 1.6675 -1.195917
1.897719 1.6675 -1.195917
1.897719 1.6675 -1.195917
1.897719 1.6675 -1.195917
1.897719 1.6675 -1.195917
1.897719 1.6675 -1.195917
1.897719 1.6675 -1.195917
1.897719 1.6675 -1.195917
1.897719 1.6675 -1.195917
2.291639 1.944828 -1.529019
2.291639 1.944828 -1.529019
2.291639 1.944828 -1.529019
2.291639 1.944828 -1.529019
2.291639 1.944828 -1.529019
2.291639 1.944828 -1.529019
2.019037 1.862411 -0.9663433
2.019037 1.862411 -0.9663433
2.019037 1.862411 -0.9663433
2.019037 1.862411 -0.9663433
2.019037 1.862411 -0.9663433
2.019037 1.862411 -0.9663433
2.019037 1.862411 -0.9663433
2.019037 1.862411 -0.9663433
2.019037 1.862411 -0.9663433
2.019037 1.862411 -0.9663433
2.019037 1.862411 -0.9663433
2.019037 1.862411 -0.9663433
2.019037 1.862411 -0.9663433
2.019037 1.862411 -0.9663433
2.019037 1.862411 -0.9663433
2.166775 2.034378 -1.161367
2.166775 2.034378 -1.161367
2.166775 2.034378 -1.161367
2.166775 2.034378 -1.161367
2.166775 2.034378 -1.161367
2.166775 2.034378 -1.161367
2.166775 2.034378 -1.161367
2.166775 2.034378 -1.161367
2.166775 2.034378 -1.161367
2.166775 2.034378 -1.161367
2.166775 2.034378 -1.161367
2.166775 2.034378 -1.161367
2.166775 2.034378 -1.161367
2.166775 2.034378 -1.161367
2.166775 2.034378 -1.161367
2.166775 2.034378 -1.161367
2.166775 2.034378 -1.161367
2.166775 2.034378 -1.161367
2.166775 2.034378 -1.161367
2.166775 2.034378 -1.161367
2.166775 2.034378 -1.161367
2.166775 2.034378 -1.161367
2.166775 2.034378 -1.161367
2.166775 2.034378 -1.161367
2.166775 2.034378 -1.161367
2.166775 2.034378 -1.161367
2.166775 2.034378 -1.161367
2.166775 2.034378 -1.161367
2.166775 2.034378 -1.161367
2.166775 2.034378 -1.161367
2.166775 2.034378 -1.161367
2.166775 2.034378 -1.161367
2.166775 2.034378 -1.161367
2.166775 2.034378 -1.161367
2.166775 2.034378 -1.161367
2.166775 2.034378 -1.161367
2.166775 2.034378 -1.161367
2.166775 2.034378 -1.161367
2.166775 2.034378 -1.161367
2.166775 2.034378 -1.161367
2.166775 2.034378 -1.161367
2.166775 2.034378 -1.161367
2.166775 2.034378 -1.161367
2.166775 2.034378 -1.161367
2.166775 2.034378 -1.161367
2.166775 2.034378 -1.161367
2.166775 2.034378 -1.161367
2.166775 2.034378 -1.161367
2.166775 2.034378 -1.161367
2.166775 2.034378 -1.161367
2.166775 2.034378 -1.161367
2.166775 2.034378 -1.161367
2.166775 2.034378 -1.161367
2.166775 2.034378 -1.161367
2.166775 2.034378 -1.161367
2.166775 2.034378 -1.161367
2.166775 2.034378 -1.161367
2.166775 2.034378 -1.161367
2.166775 2.034378 -1.161367
2.166775 2.034378 -1.161367
2.277935 2.171215 -1.362909
2.277935 2.171215 -1.362909
2.277935 2.171215 -1.362909
2.277935 2.171215 -1.362909
2.277935 2.171215 -1.362909
2.277935 2.171215 -1.362909
2.277935 2.171215 -1.362909
2.277935 2.171215 -1.362909
2.277935 2.171215 -1.362909
2.277935 2.171215 -1.362909
2.277935 2.171215 -1.362909
2.277935 2.171215 -1.362909
2.277935 2.171215 -1.362909
2.277935 2.171215 -1.362909
2.277935 2.171215 -1.362909
2.277935 2.171215 -1.362909
2.277935 2.171215 -1.362909
2.277935 2.171215 -1.362909
2.277935 2.171215 -1.362909
2.277935 2.171215 -1.362909
2.277935 2.171215 -1.362909
2.277935 2.171215 -1.362909
2.277935 2.171215 -1.362909
2.277935 2.171215 -1.362909
2.277935 2.171215 -1.362909
2.277935 2.171215 -1.362909
2.277935 2.171215 -1.362909
2.277935 2.171215 -1.362909
2.277935 2.171215 -1.362909
2.277935 2.171215 -1.362909
2.277935 2.171215 -1.362909
2.277935 2.171215 -1.362909
2.277935 2.171215 -1.362909
2.277935 2.171215 -1.362909
2.277935 2.171215 -1.362909
2.277935 2.171215 -1.362909
2.277935 2.171215 -1.362909
2.277935 2.171215 -1.362909
2.277935 2.171215 -1.362909
2.277935 2.171215 -1.362909
2.277935 2.171215 -1.362909
2.277935 2.171215 -1.362909
2.277935 2.171215 -1.362909
2.277935 2.171215 -1.362909
2.277935 2.171215 -1.362909
2.277935 2.171215 -1.362909
2.277935 2.171215 -1.362909
2.277935 2.171215 -1.362909
2.277935 2.171215 -1.362909
2.277935 2.171215 -1.362909
2.277935 2.171215 -1.362909
2.277935 2.171215 -1.362909
2.277935 2.171215 -1.362909
2.277935 2.171215 -1.362909
2.277935 2.171215 -1.362909
2.277935 2.171215 -1.362909
2.277935 2.171215 -1.362909
2.277935 2.171215 -1.362909
2.277935 2.171215 -1.362909
2.277935 2.171215 -1.362909
2.397405 2.364221 -1.599342
2.397405 2.364221 -1.599342
2.397405 2.364221 -1.599342
2.397405 2.364221 -1.599342
2.397405 2.364221 -1.599342
2.397405 2.364221 -1.599342
2.397405 2.364221 -1.599342
2.397405 2.364221 -1.599342
2.397405 2.364221 -1.599342
2.397405 2.364221 -1.599342
2.397405 2.364221 -1.599342
2.397405 2.364221 -1.599342
2.397405 2.364221 -1.599342
2.397405 2.364221 -1.599342
2.397405 2.364221 -1.599342
2.397405 2.364221 -1.599342
2.397405 2.364221 -1.599342
2.397405 2.364221 -1.599342
2.397405 2.364221 -1.599342
2.397405 2.364221 -1.599342
2.397405 2.364221 -1.599342
2.397405 2.364221 -1.599342
2.397405 2.364221 -1.599342
2.4552 2.355849 -1.828161
2.4552 2.355849 -1.828161
2.4552 2.355849 -1.828161
2.4552 2.355849 -1.828161
2.4552 2.355849 -1.828161
2.4552 2.355849 -1.828161
2.4552 2.355849 -1.828161
2.4552 2.355849 -1.828161
2.4552 2.355849 -1.828161
2.4552 2.355849 -1.828161
2.4552 2.355849 -1.828161
2.4552 2.355849 -1.828161
2.4552 2.355849 -1.828161
2.4552 2.355849 -1.828161
2.4552 2.355849 -1.828161
2.4552 2.355849 -1.828161
2.4552 2.355849 -1.828161
2.4552 2.355849 -1.828161
2.4552 2.355849 -1.828161
2.4552 2.355849 -1.828161
2.4552 2.355849 -1.828161
2.4552 2.355849 -1.828161
2.4552 2.355849 -1.828161
2.4552 2.355849 -1.828161
2.4552 2.355849 -1.828161
2.4552 2.355849 -1.828161
2.4552 2.355849 -1.828161
2.4552 2.355849 -1.828161
2.4552 2.355849 -1.828161
2.4552 2.355849 -1.828161
2.4552 2.355849 -1.828161
2.4552 2.355849 -1.828161
2.4552 2.355849 -1.828161
2.4552 2.355849 -1.828161
2.4552 2.355849 -1.828161
2.4552 2.355849 -1.828161
2.4552 2.355849 -1.828161
2.545501 2.515276 -2.022343
2.545501 2.515276 -2.022343
2.545501 2.515276 -2.022343
2.545501 2.515276 -2.022343
2.545501 2.515276 -2.022343
2.545501 2.515276 -2.022343
2.545501 2.515276 -2.022343
2.545501 2.515276 -2.022343
2.545501 2.515276 -2.022343
2.545501 2.515276 -2.022343
2.545501 2.515276 -2.022343
2.545501 2.515276 -2.022343
2.545501 2.515276 -2.022343
2.545501 2.515276 -2.022343
2.545501 2.515276 -2.022343
2.545501 2.515276 -2.022343
2.545501 2.515276 -2.022343
2.545501 2.515276 -2.022343
2.545501 2.515276 -2.022343
2.545501 2.515276 -2.022343
2.545501 2.515276 -2.022343
2.545501 2.515276 -2.022343
2.545501 2.515276 -2.022343
2.545501 2.515276 -2.022343
2.545501 2.515276 -2.022343
2.545501 2.515276 -2.022343
2.545501 2.515276 -2.022343
2.545501 2.515276 -2.022343
2.545501 2.515276 -2.022343
2.545501 2.515276 -2.022343
2.545501 2.515276 -2.022343
2.545501 2.515276 -2.022343
2.545501 2.515276 -2.022343
2.545501 2.515276 -2.022343
2.545501 2.515276 -2.022343
2.545501 2.515276 -2.022343
2.545501 2.515276 -2.022343
2.545501 2.515276 -2.022343
2.545501 2.515276 -2.022343
2.545501 2.515276 -2.022343
2.545501 2.515276 -2.022343
2.545501 2.515276 -2.022343
2.545501 2.515276 -2.022343
2.545501 2.515276 -2.022343
2.545501 2.515276 -2.022343
2.545501 2.515276 -2.022343
2.545501 2.515276 -2.022343
2.545501 2.515276 -2.022343
2.545501 2.515276 -2.022343
2.545501 2.515276 -2.022343
2.545501 2.515276 -2.022343
2.545501 2.515276 -2.022343
2.545501 2.515276 -2.022343
2.545501 2.515276 -2.022343
2.545501 2.515276 -2.022343
2.545501 2.515276 -2.022343
2.545501 2.515276 -2.022343
2.545501 2.515276 -2.022343
2.545501 2.515276 -2.022343
2.545501 2.515276 -2.022343
2.606751 2.680664 -2.127668
2.606751 2.680664 -2.127668
2.606751 2.680664 -2.127668
2.606751 2.680664 -2.127668
2.606751 2.680664 -2.127668
2.606751 2.680664 -2.127668
2.606751 2.680664 -2.127668
2.606751 2.680664 -2.127668
2.527664 2.849791 -1.36668
2.527664 2.849791 -1.36668
2.527664 2.849791 -1.36668
2.527664 2.849791 -1.36668
2.527664 2.849791 -1.36668
2.527664 2.849791 -1.36668
2.527664 2.849791 -1.36668
2.527664 2.849791 -1.36668
2.527664 2.849791 -1.36668
2.527664 2.849791 -1.36668
2.527664 2.849791 -1.36668
2.527664 2.849791 -1.36668
2.527664 2.849791 -1.36668
2.527664 2.849791 -1.36668
2.527664 2.849791 -1.36668
2.527664 2.849791 -1.36668
2.527664 2.849791 -1.36668
2.527664 2.849791 -1.36668
2.527664 2.849791 -1.36668
2.527664 2.849791 -1.36668
2.527664 2.849791 -1.36668
2.527664 2.849791 -1.36668
2.476725 1.750395 -2.231942
2.476725 1.750395 -2.231942
2.476725 1.750395 -2.231942
2.476725 1.750395 -2.231942
2.476725 1.750395 -2.231942
2.476725 1.750395 -2.231942
2.476725 1.750395 -2.231942
2.476725 1.750395 -2.231942
2.476725 1.750395 -2.231942
2.476725 1.750395 -2.231942
2.476725 1.750395 -2.231942
2.476725 1.750395 -2.231942
2.476725 1.750395 -2.231942
2.476725 1.750395 -2.231942
2.476725 1.750395 -2.231942
2.476725 1.750395 -2.231942
2.476725 1.750395 -2.231942
2.476725 1.750395 -2.231942
2.476725 1.750395 -2.231942
2.476725 1.750395 -2.231942
2.476725 1.750395 -2.231942
2.476725 1.750395 -2.231942
2.476725 1.750395 -2.231942
2.476725 1.750395 -2.231942
2.476725 1.750395 -2.231942
2.476725 1.750395 -2.231942
2.476725 1.750395 -2.231942
2.476725 1.750395 -2.231942
2.563018 2.163183 -2.043863
2.563018 2.163183 -2.043863
2.645279 2.182699 -2.113222
2.645279 2.182699 -2.113222
2.645279 2.182699 -2.113222
2.645279 2.182699 -2.113222
2.645279 2.182699 -2.113222
2.645279 2.182699 -2.113222
2.645279 2.182699 -2.113222
2.645279 2.182699 -2.113222
2.645279 2.182699 -2.113222
2.645279 2.182699 -2.113222
2.645279 2.182699 -2.113222
2.645279 2.182699 -2.113222
2.645279 2.182699 -2.113222
2.645279 2.182699 -2.113222
2.645279 2.182699 -2.113222
2.645279 2.182699 -2.113222
2.645279 2.182699 -2.113222
2.645279 2.182699 -2.113222
2.645279 2.182699 -2.113222
2.645279 2.182699 -2.113222
2.645279 2.182699 -2.113222
2.653289 2.776145 -1.756593
2.653289 2.776145 -1.756593
2.653289 2.776145 -1.756593
2.653289 2.776145 -1.756593
2.653289 2.776145 -1.756593
2.653289 2.776145 -1.756593
2.653289 2.776145 -1.756593
2.653289 2.776145 -1.756593
2.653289 2.776145 -1.756593
2.653289 2.776145 -1.756593
2.653289 2.776145 -1.756593
2.653289 2.776145 -1.756593
2.653289 2.776145 -1.756593
2.653289 2.776145 -1.756593
2.653289 2.776145 -1.756593
2.653289 2.776145 -1.756593
2.653289 2.776145 -1.756593
2.653289 2.776145 -1.756593
2.653289 2.776145 -1.756593
2.653289 2.776145 -1.756593
2.653289 2.776145 -1.756593
2.653289 2.776145 -1.756593
2.653289 2.776145 -1.756593
2.653289 2.776145 -1.756593
2.653289 2.776145 -1.756593
2.653289 2.776145 -1.756593
2.653289 2.776145 -1.756593
2.653289 2.776145 -1.756593
2.653289 2.776145 -1.756593
2.653289 2.776145 -1.756593
2.653289 2.776145 -1.756593
2.653289 2.776145 -1.756593
2.653289 2.776145 -1.756593
2.653289 2.776145 -1.756593
2.653289 2.776145 -1.756593
2.653289 2.776145 -1.756593
2.653289 2.776145 -1.756593
2.653289 2.776145 -1.756593
2.653289 2.776145 -1.756593
2.718369 2.79384 -1.519252
2.718369 2.79384 -1.519252
2.718369 2.79384 -1.519252
2.718369 2.79384 -1.519252
2.718369 2.79384 -1.519252
2.718369 2.79384 -1.519252
2.718369 2.79384 -1.519252
2.718369 2.79384 -1.519252
2.718369 2.79384 -1.519252
2.718369 2.79384 -1.519252
2.718369 2.79384 -1.519252
2.718369 2.79384 -1.519252
2.718369 2.79384 -1.519252
2.718369 2.79384 -1.519252
2.718369 2.79384 -1.519252
2.718369 2.79384 -1.519252
2.718369 2.79384 -1.519252
2.718369 2.79384 -1.519252
2.718369 2.79384 -1.519252
2.718369 2.79384 -1.519252
2.718369 2.79384 -1.519252
2.718369 2.79384 -1.519252
2.718369 2.79384 -1.519252
2.718369 2.79384 -1.519252
2.718369 2.79384 -1.519252
2.718369 2.79384 -1.519252
2.718369 2.79384 -1.519252
2.718369 2.79384 -1.519252
2.718369 2.79384 -1.519252
2.718369 2.79384 -1.519252
2.718369 2.79384 -1.519252
2.718369 2.79384 -1.519252
2.718369 2.79384 -1.519252
2.718369 2.79384 -1.519252
2.718369 2.79384 -1.519252
2.718369 2.79384 -1.519252
2.718369 2.79384 -1.519252
2.718369 2.79384 -1.519252
2.718369 2.79384 -1.519252
2.718369 2.79384 -1.519252
2.718369 2.79384 -1.519252
2.718369 2.79384 -1.519252
2.718369 2.79384 -1.519252
2.718369 2.79384 -1.519252
2.718369 2.79384 -1.519252
2.718369 2.79384 -1.519252
2.718369 2.79384 -1.519252
2.718369 2.79384 -1.519252
2.718369 2.79384 -1.519252
2.718369 2.79384 -1.519252
2.718369 2.79384 -1.519252
2.718369 2.79384 -1.519252
2.718369 2.79384 -1.519252
2.718369 2.79384 -1.519252
2.718369 2.79384 -1.519252
2.718369 2.79384 -1.519252
2.718369 2.79384 -1.519252
2.718369 2.79384 -1.519252
2.718369 2.79384 -1.519252
2.406569 2.157563 -2.048252
2.456738 2.224319 -1.916336
2.456738 2.224319 -1.916336
2.456738 2.224319 -1.916336
2.456738 2.224319 -1.916336
2.456738 2.224319 -1.916336
2.456738 2.224319 -1.916336
2.456738 2.224319 -1.916336
2.456738 2.224319 -1.916336
2.456738 2.224319 -1.916336
2.456738 2.224319 -1.916336
2.456738 2.224319 -1.916336
2.456738 2.224319 -1.916336
2.456738 2.224319 -1.916336
2.456738 2.224319 -1.916336
2.456738 2.224319 -1.916336
2.456738 2.224319 -1.916336
2.456738 2.224319 -1.916336
2.456738 2.224319 -1.916336
2.456738 2.224319 -1.916336
2.456738 2.224319 -1.916336
2.456738 2.224319 -1.916336
2.456738 2.224319 -1.916336
2.456738 2.224319 -1.916336
2.456738 2.224319 -1.916336
2.456738 2.224319 -1.916336
2.456738 2.224319 -1.916336
2.456738 2.224319 -1.916336
2.456738 2.224319 -1.916336
2.456738 2.224319 -1.916336
2.456738 2.224319 -1.916336
2.456738 2.224319 -1.916336
2.456738 2.224319 -1.916336
2.456738 2.224319 -1.916336
2.456738 2.224319 -1.916336
2.456738 2.224319 -1.916336
2.456738 2.224319 -1.916336
2.456738 2.224319 -1.916336
2.456738 2.224319 -1.916336
2.456738 2.224319 -1.916336
2.456738 2.224319 -1.916336
2.456738 2.224319 -1.916336
2.456738 2.224319 -1.916336
2.456738 2.224319 -1.916336
2.456738 2.224319 -1.916336
2.456738 2.224319 -1.916336
2.456738 2.224319 -1.916336
2.456738 2.224319 -1.916336
2.456738 2.224319 -1.916336
2.456738 2.224319 -1.916336
2.456738 2.224319 -1.916336
2.456738 2.224319 -1.916336
2.456738 2.224319 -1.916336
2.456738 2.224319 -1.916336
2.456738 2.224319 -1.916336
2.456738 2.224319 -1.916336
2.456738 2.224319 -1.916336
2.456738 2.224319 -1.916336
2.456738 2.224319 -1.916336
2.456738 2.224319 -1.916336
2.456738 2.224319 -1.916336
2.494972 2.289519 -1.895122
2.494972 2.289519 -1.895122
2.494972 2.289519 -1.895122
2.494972 2.289519 -1.895122
2.494972 2.289519 -1.895122
2.494972 2.289519 -1.895122
2.494972 2.289519 -1.895122
2.494972 2.289519 -1.895122
2.494972 2.289519 -1.895122
2.494972 2.289519 -1.895122
2.494972 2.289519 -1.895122
2.494972 2.289519 -1.895122
2.494972 2.289519 -1.895122
2.494972 2.289519 -1.895122
2.494972 2.289519 -1.895122
2.494972 2.289519 -1.895122
2.494972 2.289519 -1.895122
2.494972 2.289519 -1.895122
2.494972 2.289519 -1.895122
2.494972 2.289519 -1.895122
