2.012236 1.266696 -1.802312
2.012236 1.266696 -1.802312
1.720783 0.7347346 -1.227977
1.966082 1.028867 -0.729807
1.570058 0.6118866 -0.33866
1.601434 0.5880696 -1.356895
1.960731 0.8044284 -1.48614
1.938005 1.455749 -0.7735294
1.938005 1.455749 -0.7735294
2.182006 1.682665 -0.8677648
2.149196 1.956773 -0.8441156
2.149196 1.956773 -0.8441156
1.628868 1.860963 -0.3850762
2.418344 2.262635 -1.300643
2.418344 2.262635 -1.300643
2.320155 2.249339 -1.281933
2.320155 2.249339 -1.281933
2.320155 2.249339 -1.281933
2.301327 1.992932 -1.650449
2.301327 1.992932 -1.650449
2.301327 1.992932 -1.650449
2.408627 2.117348 -1.746633
2.408627 2.117348 -1.746633
2.408627 2.117348 -1.746633
2.510622 2.23186 -1.846944
2.510622 2.23186 -1.846944
2.510622 2.23186 -1.846944
2.603369 2.379502 -1.892115
2.603369 2.379502 -1.892115
2.603369 2.379502 -1.892115
2.685147 2.501839 -1.918494
2.685147 2.501839 -1.918494
2.685147 2.501839 -1.918494
2.724775 2.627245 -1.927672
2.724775 2.627245 -1.927672
2.724775 2.627245 -1.927672
2.766099 2.608601 -1.94557
2.766099 2.608601 -1.94557
2.403632 2.390506 -1.358515
2.46601 2.367348 -1.378305
2.46601 2.367348 -1.378305
2.287738 2.328033 -1.378004
2.363653 2.388767 -1.389207
2.363653 2.388767 -1.389207
2.363653 2.388767 -1.389207
2.31466 2.344717 -1.363012
2.31466 2.344717 -1.363012
2.31466 2.344717 -1.363012
2.381922 2.44608 -1.413992
