-804932148
-2060587773
30818926
1397882584
1849064309
1334193766
-712454223
1274605415
121092466
-780815931
769374188
-1538594011
-448429342
-1498297492
1518620701
-2072019940
2009417331
611520673
1350633043
1878766786
-67867426
1314050804
-1008192834
-1750166142
-1404945142
-2099640624
-2039393512
-442168686
-1222935756
1895161866
-868241145
-1462068955
-2087650275
-1369477246
518139953
-961454328
-1586611321
-1842737517
1583229916
-1729596812
578144504
-1872628412
-808734630
-641198068
777964908
-1460259641
769142714
2129773626
1397454306
102473076
-1374343887
1218811637
2129405538
-48454461
-395807613
1110745268
1757006997
-765102939
1367865819
161408191
2116186927
-2078569513
1463996201
1938934879
145275908
408082520
277656705
-2115144233
556375369
-1255553240
1325704839
1400960459
1759783811
-5682093
1159895964
2133931435
-1758093918
-2128509922
371122845
-344190245
87504231
-1057471427
1550390837
1559117341
-133969853
929872631
981241747
713177739
207003197
1747542370
1691469438
1104020727
52748919
990877702
-1837471542
2016744401
28824617
-2113414829
17
