1371116377
-1878716658
-502980815
482940979
-1676014985
1037011104
1806138841
1437398346
1061517745
-1569834563
272517205
1873308914
851439593
-2064810208
1563764489
854209005
1318792198
-134026644
-134518724
85634810
-1805858880
-65699691
-1416202061
-2121102354
1464102781
-864290929
-494833685
624787413
-558881733
198253001
507005175
1572385491
1702407426
759824745
-1634062650
-168026188
-1817419023
38029851
1076197982
956637514
-1318271311
-1958010727
-550902486
1242911007
-428496094
-397562411
746980145
510392908
1139399098
247203256
-597894401
-173362622
1914582863
193312041
-310732517
1369812696
-642462114
-365765183
-1759166454
-1062700542
1541772761
1953157793
1589693547
-1400369315
1812423178
519062972
-450137340
-1676322488
-1630682300
-280001593
965273287
939943499
-1665425424
1189969590
-2061220773
-1553771552
1391051900
238072372
626044177
-73652599
1384459041
-514073050
-1003800493
1109552182
-458198139
1493496707
-2067769523
2052684002
-1319206974
-937049893
-220229482
-91313307
632159091
-1582916670
1175426142
694036707
-784046500
-116143506
45
