-1536065186
2132392116
-1010296271
-108652152
-1415739156
-890512169
-985051810
1114849747
-1407933345
70785715
1412593150
-931166601
-1323351915
-2093207876
-1542788211
2006076673
2076795465
721886585
1205882536
1118656655
-1864641094
168048187
1713855370
-1429206196
-2001151362
1151679396
606967605
-1028755134
516736443
-1624630079
383072848
-239986169
-1423713996
1038572832
507916753
-977301759
-309920247
-2098975435
844266119
-539598949
580509468
-313265280
283680964
-886388826
-1612743915
-1605569143
1512660649
-979664971
841274176
1154264763
2144094877
-1098533878
-1523656421
337574776
626150851
-1074834684
1944489395
954155046
90015793
-671775311
-168202438
86518909
1006893873
-216928024
-1937052161
-351872631
1537151367
-941605254
-1086878272
-263673657
1334408427
1908640005
840904049
-1215352648
888351812
-1020448484
814974446
-1862445437
-770906971
399342492
1378591941
-1725006693
1379304605
-2068118612
-1654780117
158007512
1954645436
-918458923
593875247
2124803577
650835381
-964096125
-416624606
-636105009
-1943087638
836250927
1954070353
-261978408
53
