-1593217152
180965325
-255750611
-1785069604
-623653621
1943695647
20554590
1047381603
-1691855315
-297106302
949391624
1154489937
-943333475
1726208298
872101817
13765513
268299490
1205528505
-946356540
-2120496888
1391800223
2102789771
1927509482
-1571386611
894011403
1783631300
847749827
1832680782
31098744
451000529
1792608671
-215923254
-1667110391
1558399780
-893898196
625414340
208799091
-2014246352
-1943112201
-399412058
1586783113
1530617477
-862953147
2134291377
1177782305
-476846840
595929833
-2135079737
-202867800
883166735
-1456042354
-50081774
580371966
696973420
-801854420
2104547327
-1356995346
-514316683
1827974114
1457025981
-488406104
-904269151
-600783000
-164622457
-907431885
21793854
-1516641228
-174734645
1216453450
-670955652
-496913100
-1586240027
1267599015
-1252742752
79696718
1948356199
-1278403693
-1961961266
1323345879
-35604765
656523560
2127082088
1343776407
-861448626
-2007504077
-666195342
171007514
323888513
2017291371
-980148747
1120418325
-646324015
839073679
-1721528838
1068537279
517223808
-592900302
-1677823136
73
