-903280290
1303594427
1900230301
712501329
711267057
-295153879
-2078141697
-630056244
-1821472477
-316710150
1832378920
-84218211
2071313400
1414155965
-396224569
1875261877
-285020073
1318435037
-1514604475
-366451717
1156742255
1885214606
1715094545
2065561087
1736332215
330548162
-73125589
-1470317857
1177907754
-1561201086
-123494923
2107458730
-2055185733
1496765399
349896960
-1172769041
-884482125
1155136066
1398572800
1632899876
177414581
-335922543
-357443136
-1863854083
-745843981
1311368037
-1965522079
748206851
881965765
637001438
-42798495
-2067414207
250905013
527001275
2133802169
-128671148
-833297866
-1230650859
-1386592309
1866893298
-1036646157
1073315535
-515507252
414428432
1004161103
-257648678
-448087123
-841590818
-1874191251
-1619021346
63812272
-1507096123
-1057121392
-1965091056
1816925915
-343985253
-580057716
440505937
-2085140660
-581364391
510891140
622659564
204757116
1353030945
1806480045
-1446640980
1197073768
-650139425
-303470119
-510445415
-499524585
1621714366
150629921
-798578154
-2114619397
-1031655238
576924141
-558176446
1
