-1241618871
-1050903617
-1332862806
1593476010
940297717
-934115522
679804712
1212170866
262114580
1475770361
2134116642
2032128089
-1685739167
-678422425
-1793720385
1420900686
-689231661
289155657
818690766
1868227570
-783684957
1465842720
-1054090214
461098974
-1970834496
-383753402
813469682
118834448
-931638921
-1298480717
754840619
-211589271
-937968425
78917456
-1341754524
2132934297
-145564822
1219714196
1672335905
1925732170
942208734
-1582986155
708133224
-560582637
-626287838
1409710221
1712367282
-798128940
-1888814646
1963944734
1861480705
-1546692093
-33049958
-1742269104
-417362338
-480442955
697195195
-931499455
-979284774
-1428722498
1474100859
1998819434
-611132508
-1662730943
-1305926092
-1503527491
-1939001010
-2034399457
-184148008
-1118844147
-775505016
-942231011
182938132
632904245
1488984655
-1834429260
1174805392
309026009
-2000707842
-1691135562
1797639806
-2080774567
266864304
1785883501
-1544497830
2099585633
-230993424
-783427204
-1363533573
-1335791323
1817323548
-1286955956
1859740137
-2015679872
-201112090
-983474506
9962930
1540259181
33
