0 2 : 13  5  0
0 1 : 14 13  5  0
0 1 :  7  5  0
0 1 : 19 18  3  2  0
0 3 : 17 19 18  3  2  0
0 3 : 16 19 18  3  2  0
0 1 : 15 16 19 18  3  2  0
0 1 : 11 20 19 18  3  2  0
0 1 : 10 20 19 18  3  2  0
0 1 :  9 19 18  3  2  0
0 1 :  6 19 18  3  2  0
0 1 : 12  6 19 18  3  2  0
0 2 :  4 19 18  3  2  0
0 1 :  8  1 19 18  3  2  0

1 d 8 
2 i3 3 
3 2 18 
4 d m 
5 i3 i1 
6 d k 
7 i1 c 
8 1 n 
9 d j 
10 i2 i 
11 i2 h 
12 k l 
13 i1 a 
14 a b 
15 f g 
16 d f 
17 d e 
18 3 19 
19 18 d 
20 d i2 
a 13 14 
b 14 
c 7 
d 19 17 16 20 9 6 4 1 
e 17 
f 16 15 
g 15 
h 11 
i 10 
j 9 
k 6 12 
l 12 
m 4 
n 8 
i1 5 13 7 
i2 20 11 10 
i3 2 5 
