794588417
1338855406
-1667634408
1955177422
934195006
-1092389540
406318992
-1210358488
611676445
-1613024318
2000073366
-1712415200
1071945381
-984063522
-690163292
128933780
-1176116862
1290298008
-1498295093
-226151540
2134332324
48443136
365058902
-451756078
1853312758
-885621700
346180846
212756306
-1050807039
-882999617
569367326
571135532
875840635
1266626241
-1002201323
-1553892238
-1297745167
316711494
1198573910
1488141023
-1476701001
1858534327
-1628526027
-1456307873
-1413758008
1395264823
1515721032
-201730294
548610892
-1236350374
758270331
1527289695
1775614021
-485945812
-1467497476
-451245520
-247080522
781300635
835870939
-1045317408
423461259
1019432892
-1463257003
-937817472
1429113166
-115560699
1880028242
1267692244
-459426124
2064985137
-550839261
-2100324291
-2083402435
2140508134
-1518218296
1653418572
-920451338
289496774
189437065
-851332000
-1794141295
-642035082
-929154092
-1095122184
1237577282
619898817
1952012820
325864909
-473775505
-1969337215
1659307054
-1942278723
1846778531
1236416407
-1848269257
-49929485
415853172
-1893016511
95
