1049901974
2009489230
-11675698
-601387827
-355138566
-2143898104
-1449397666
-1692478103
51096036
2143463997
1356210686
1779402766
1288335437
282112621
34211766
982268118
1307471993
-112926681
119070875
-1089099129
566169705
457083844
-2105194379
-1808903728
-396052449
1032903299
-1253921158
-4314829
-920654599
-1779704913
2099563516
-583305053
18405973
-32796166
-2107217774
590202575
2105438314
-1502424209
472718522
-1337950483
-645422
-1256633096
726991913
1928698181
-72826603
1160752868
655483941
-228850236
1199396130
-1365011245
1777330847
928956139
-297540960
916016271
967818894
-1676369258
-1599041958
1990907105
-139272791
-571769197
-748340015
151289553
1357213244
-1970356744
-675485191
153094248
-1694166945
305038353
783208395
-1868172229
1234500171
-1618610406
-542842519
-1061137092
1631131224
872630546
-55640913
1639963139
-1879720278
-1728349756
671833878
-346852420
860489906
-1399566761
-963314431
-982184321
-1442211037
-1364655610
-685637863
-242497709
-757711527
-1540037142
1851835767
1376563483
-359440876
1158065178
-1260126285
1059826515
65
