1967282325
1572238883
-890247552
1390996448
1950208025
1049822355
-1496657777
-771852666
1778059132
69546381
-1249413033
686054143
-2136893767
-367269761
1299716817
2107833194
-96459342
591006584
-1611844651
1675430135
-31270563
448215326
1540031750
-1077360710
-330461936
-1580697975
105895373
1537743606
-190601362
-691262748
1396808845
-886918925
-601334870
-813733762
1210860362
-1641245748
-1361964987
-450094108
-713383493
1532859269
1098156388
1031708458
-159676359
690124180
1983964480
-1313168554
1832442474
1863558967
433221960
-1414253816
1239147450
1555945273
552583783
1121624752
905865578
-1359736521
-830201666
-7172126
-1919771339
1100971018
-1850623259
1154927611
1906669496
-171060446
-2095445862
925531043
1491874592
-346845948
1544064605
-69363563
-208968817
1507498532
-230210118
-880263169
-1198937943
-1039619838
518769282
1035113830
1794320958
-780613082
-1167337382
2073726915
-2030746395
-1063755618
-830588766
-244275424
2108180146
-1198142910
1756315617
1973249852
1116457944
840964321
-2133948972
1878001828
721153519
1935200201
1537812522
-2066515486
89
