-72993901
340491668
-450966137
1512653004
-6253974
1715279905
-2117002637
988767317
-1580634330
-1636948236
1968038954
183536606
-2131407528
1576912914
-1612122046
1116836349
2097058256
-137854837
2112070165
460017583
-1235983059
-1177662983
-1627788764
1852600161
1746425945
393748825
1549633598
2090445387
518425488
1484713153
1157641957
1565709314
1220132426
1288334266
-405299072
-880974565
-1908959756
-950206123
1620380334
443447906
118392696
-2078994171
992288756
1138862629
-1682176014
-457610046
1263740505
-1733331379
-33486614
1638559221
210254084
1726961305
1178160353
-839488352
-1329190634
318915006
1416930404
-1826153388
806802818
-1849342926
-2120610610
-143014682
171122642
1963738674
539323576
-1294940100
-1043435546
-286839375
-2116911837
23766106
590919156
521933190
1894077647
-743610438
-451536751
-1864440701
-857100366
528996782
1591379202
-813724217
1942054310
-1759471658
-1733407376
-268562993
-1873767242
1576801796
-1996245134
-391386485
-733479499
90701170
-656645895
-2080520386
-841035898
-167492922
-484100592
-433680003
-1778526011
-431976582
19
