-297444012
720154909
-5972011
-1397084948
192251062
156942296
-1972334423
503030873
788666341
-2105838227
-1741033664
2009898656
1987111108
76607669
1523565608
-846472133
1271187202
-883362125
528508150
-1868758607
101219208
-674897997
-1211980464
-1433324455
-148254501
977414137
130372106
1082698919
-284065845
441636421
-1858534951
1570770526
1353681270
-38334432
976268623
-1515515013
1666965674
-1917081381
-1836323309
2022199166
-1199873878
997193248
-926627761
-638812586
103952237
945769944
-81709463
-2145581861
-918741233
-2134639816
1852902633
-944419204
247668314
-646934457
-181958512
-1483985275
-843051704
-24280662
776013533
707213749
628044504
-1981240637
-1054289407
-134927764
1711106527
-2094917302
1994293338
-1180614493
1397099217
-1244232307
-2080892055
1786669742
1803634560
1265166075
-283763546
-1363918301
-1635881691
500140135
-587509165
-1649249375
761736338
-1410429193
239285350
-993862944
-1631555829
696682468
-1716313006
1167393612
-2046936822
436258626
-1870802287
-1312335521
-826626548
1065188770
243255032
-871274227
-1023252037
1328165941
15
