./ms 20 1 -t 20 -G 59.91465 -eG 0.05 0 
52013 15687 61242

//
segsites: 9
positions: 0.1672 0.2692 0.5192 0.5647 0.5778 0.5898 0.6864 0.8510 0.9933 
000000000
000000000
000000000
001100000
001000000
001000000
001100000
011001000
000000000
111001010
000000000
001100000
000000000
000000100
001000000
000000000
000000001
000000000
000000000
000010000

//
segsites: 16
positions: 0.0303 0.1339 0.2222 0.2334 0.3142 0.3731 0.4741 0.4965 0.5537 0.5662 0.6760 0.6835 0.7309 0.8318 0.9456 0.9606 
0000100000000000
0000100000000000
0000010000000100
0100010000000000
0000011000000000
0001100100000001
0000100010000000
1000100000010010
0000010000000000
0000100010000000
0001100000000001
0001100000000001
0110010000000000
0001100000000001
0000010000000000
0000100010100000
0000010000001000
0100010000000000
1000100000010010
0000100001010010

//
segsites: 15
positions: 0.0298 0.0707 0.0878 0.1374 0.1805 0.3063 0.3100 0.3438 0.4395 0.4598 0.4805 0.5043 0.6493 0.7360 0.7796 
000000000010000
001100000000000
000000000000010
001100000000000
001110010000000
000000000010000
001100000000000
001100000000000
001100100001000
111100000000000
001100000000100
000000000000010
001110010000000
000000000100000
001100000000001
001110010000000
000001000100000
001100000000000
000000001100000
000000001100000

//
segsites: 12
positions: 0.0018 0.1099 0.1259 0.2220 0.4308 0.4311 0.4938 0.4991 0.6645 0.6822 0.7144 0.9875 
000000010001
000000000000
000000000100
000010000110
000000000000
000000000000
010000000000
000000000000
000000000000
000000011001
000001000000
000000000000
000000000000
000000000000
001000000000
000000000000
000000000000
100100000000
000000100000
000000000000

//
segsites: 11
positions: 0.0009 0.0065 0.1093 0.1384 0.2359 0.2731 0.5358 0.5562 0.7457 0.7864 0.8890 
00000000000
00000000010
00000001000
00000000001
00000000000
00000100000
00000000000
00000000000
00000000000
00011010000
00000000000
00000100000
01000000000
10100000000
00000000000
00000000100
00000000000
00000000000
00000000000
00000001000

//
segsites: 6
positions: 0.2139 0.2293 0.2609 0.3216 0.3297 0.5301 
010010
011000
010000
010000
000000
100001
000001
000000
000001
000001
000001
010000
010000
010000
010000
000100
000000
000001
000001
000000

//
segsites: 8
positions: 0.3950 0.7726 0.8501 0.8963 0.8989 0.9690 0.9892 0.9964 
00000010
00000000
00001000
01010000
00000000
00001000
10000000
00100001
00000100
00000000
00000000
00000000
00001000
00000000
00000000
00000000
00010000
00000010
00000000
00000100

//
segsites: 9
positions: 0.0982 0.1281 0.1429 0.1640 0.1669 0.2562 0.3752 0.4167 0.5342 
000000000
000000000
100000000
100000000
000010000
000100100
000000000
100000000
000000000
000100100
100000000
000000010
001000000
000000000
000000000
000000000
000010000
010000000
000001001
100000000

//
segsites: 9
positions: 0.0152 0.0416 0.0582 0.1114 0.2189 0.2836 0.4668 0.8183 0.9276 
011010001
000000000
000000000
000000000
000000000
011010001
000000000
000000000
000000100
000000000
010010010
011010001
011010001
010010001
010010010
000000000
010011000
110110001
000000000
011010001

//
segsites: 10
positions: 0.0726 0.4188 0.4357 0.5145 0.5346 0.5513 0.5906 0.6740 0.7349 0.9385 
0000000001
0000010110
0000001000
0000000001
0001000000
0000000000
0000000001
0000000001
0000000001
0000001000
0000000000
1000000000
0000001000
0000000000
0000000000
0000000000
0000000000
0000000000
0000000001
0110100000

//
segsites: 19
positions: 0.0530 0.0722 0.0830 0.0928 0.1261 0.2144 0.2320 0.2359 0.2931 0.3073 0.3834 0.4144 0.4266 0.4306 0.4437 0.7001 0.7022 0.7217 0.8211 
0000000000001000000
0000000000001000000
0000000000000000000
0000000001110011000
0000000101000001000
0000000000000000000
0000001000000000000
0000000010001000000
0010010001000001000
0000000001000000000
1000000001000000000
0000000000000000000
0001000000000100101
0101100000000000101
0101100000000000101
0000000000000000000
0000000001110011000
0000000000001000000
0000000001110011000
0001000000000100111

//
segsites: 10
positions: 0.0142 0.2097 0.2938 0.2962 0.3032 0.4575 0.5791 0.7858 0.8230 0.8248 
0000000000
0000000000
0000110000
0000000000
0000000000
0000000000
0000000000
0000000010
0000000001
0010000000
1000000000
0000000000
0100000000
0100000000
0000001000
0000000000
0000000000
0100000100
0000000010
1001000000

//
segsites: 13
positions: 0.0242 0.1533 0.1769 0.1955 0.2426 0.3759 0.5011 0.5205 0.5469 0.6377 0.7600 0.7677 0.9392 
0001000000110
0011000000110
0001000000110
0001000000110
0001000000110
0001000000110
0001000100110
0001000000110
0001000000110
1001000000110
0001000000110
0001000000110
0001000000110
0000010010010
1001000000110
0001000000110
0000010000010
0001000000111
0100101001000
0011000000110

//
segsites: 10
positions: 0.0533 0.0892 0.1756 0.1979 0.2600 0.3326 0.3470 0.4088 0.7682 0.9619 
0000000000
0000010000
0000000000
0100000000
0000000000
0000000100
0000000000
0000000000
0011000010
0010001010
1000100000
0000000000
0000000000
0000000000
1000100000
0010000011
0010000010
0010000010
0000000000
0000000000

//
segsites: 8
positions: 0.1843 0.2629 0.3300 0.3638 0.3761 0.5448 0.9044 0.9179 
00000100
00100000
00000000
00011000
00000010
01000000
00000000
00000000
00000010
00000000
10000000
00000000
00000000
01000000
00000001
00000000
01000000
00011000
00000001
01000000

//
segsites: 13
positions: 0.0613 0.1743 0.1772 0.1951 0.2407 0.3069 0.5295 0.5335 0.5796 0.6645 0.7699 0.8891 0.9072 
0100000000000
0100000000000
0100000000000
0000000000110
0010010101000
0100000000000
1100000010000
0000001100000
0100000000000
0000000000000
0100000000000
0000000000000
0000100000100
0001000000000
0000000000110
0000000100000
0000000000110
0100000000001
0100000000000
0000000000000

//
segsites: 13
positions: 0.0551 0.0566 0.0753 0.1001 0.2306 0.2318 0.4190 0.6655 0.7892 0.7919 0.8749 0.8753 0.9450 
0000000100000
0000100000000
0000001000000
0000000000000
0000000010000
0000010000000
1000000000000
0001000000000
0000000000100
0001000000000
0000000000000
0000000000000
0000000000000
0011000000000
0100000000011
0001000000000
0000000000000
1000000000000
0000001000000
0000000001000

//
segsites: 9
positions: 0.0496 0.0857 0.1186 0.1785 0.2323 0.3946 0.5246 0.5697 0.7648 
000000000
000000000
000000000
000100000
000000000
000010011
000001000
000000000
000000000
000000000
001000000
000000000
000000000
000000000
000000000
000000100
000000000
010000000
000000000
100000000

//
segsites: 5
positions: 0.1861 0.4140 0.4458 0.8051 0.9189 
00000
00000
00000
00000
00000
00000
00001
00000
00000
00000
00000
00000
10010
00000
00000
01100
00000
00000
00000
00000

//
segsites: 12
positions: 0.0122 0.0456 0.0721 0.1264 0.1922 0.2474 0.5397 0.5435 0.5798 0.8518 0.8591 0.9895 
000000010000
000000001000
000000000000
000000000000
000000001000
000100000000
101000000011
000000000000
000000000000
000000000000
000100000100
000010000000
000001100000
000000000000
000000000000
000000000000
000000000000
000010000000
000000000000
010000000000

//
segsites: 16
positions: 0.0419 0.2701 0.3125 0.3293 0.3557 0.3782 0.4462 0.5452 0.5533 0.6208 0.7433 0.8665 0.8813 0.8842 0.9027 0.9077 
0010001100000100
0000000000101000
0000000000000000
0000000000000001
0000000000000001
0010001100000100
0000000000000010
0000000000001000
0000000001000001
0001000000000001
0000000000000000
0001000000000001
0000010000010001
0000000000000001
0000000000000010
0000000000000010
0000000000000001
0010001100000100
1100100010000010
0000000000000000

//
segsites: 10
positions: 0.0336 0.0376 0.1099 0.1337 0.2086 0.4038 0.4092 0.5058 0.5607 0.8644 
0001000000
0001000000
0100100001
0100000001
0001000000
0100000101
1100000011
0100000001
0100010001
0100000001
0100101001
0100101001
0100000001
0100000001
0100000001
0110000001
0100000001
0100000001
0001000000
0100000001

//
segsites: 23
positions: 0.0151 0.0296 0.0510 0.1032 0.1037 0.1376 0.2181 0.2193 0.2308 0.2394 0.2923 0.3395 0.4236 0.4909 0.5002 0.5841 0.5892 0.6167 0.6791 0.7298 0.8386 0.9242 0.9770 
01010010000001010000001
10000000000000000101000
00000000000001000000001
00000000000011000000001
00010000000001010000011
00000000000001000000001
00000000000001000000001
00001000010001000010101
00010000100101010000001
00100001001001000000001
00001000000001000000101
00100001001001000000001
00000000000011000000001
00000000000001000000001
00010000000001010000001
00000000000011100000001
00000000000001000000001
00000000000001000000001
00100001001001000000001
00000100000000001000000

//
segsites: 13
positions: 0.0204 0.0612 0.1110 0.2774 0.2942 0.3051 0.4009 0.5164 0.5498 0.5498 0.5831 0.7836 0.9545 
0000000000010
0000000000000
0000100000000
0100000000000
0001000000000
0000001000000
0000000000000
0000000100000
0000000000100
1000000000000
0000000000000
0000000000000
0000000000000
0000000000000
0100000000000
0010000011001
0000000100000
0000000000000
0000000000000
0000010000000

//
segsites: 11
positions: 0.1274 0.1578 0.2078 0.2380 0.5617 0.5884 0.7349 0.7430 0.7559 0.7849 0.8102 
00110100000
00000000100
11000000110
00010100000
00000000100
00000100000
00010100000
00010100000
00000100000
00000001100
00000110001
00010100000
00010100000
00001000100
00000100001
00010100000
00110100000
00000000100
00000000100
00001000100

//
segsites: 11
positions: 0.0706 0.2158 0.4023 0.4861 0.6496 0.6760 0.6967 0.7646 0.7992 0.9758 0.9844 
00001101001
10110000100
10110000100
00000001001
00000001001
10110000100
00001101001
00000001001
10110000100
10110000100
11110000100
10110000100
10110000100
10110000100
10110000110
10110000100
10110000100
10110000100
10110010100
10110000100

//
segsites: 3
positions: 0.0350 0.1547 0.7536 
000
000
000
000
000
000
000
000
000
100
000
000
000
000
000
001
010
000
000
000

//
segsites: 12
positions: 0.0409 0.0776 0.1502 0.2486 0.2666 0.4122 0.5375 0.5533 0.5870 0.5944 0.7151 0.9224 
000000000000
001000000000
000000110000
000010000101
000000001000
000000001000
100000000000
010000000000
000100000000
000000000000
000000000000
000000000000
000001000010
000000000000
100000000000
000001000010
000000000000
000000000000
000000001000
000000000000

//
segsites: 9
positions: 0.1550 0.1555 0.1600 0.2638 0.3441 0.3616 0.7824 0.8203 0.9197 
000100000
000000101
000000000
000001000
000000000
000001000
000000000
000100000
000100000
000001000
010001000
000001000
000000000
100000010
000000000
000011000
000000000
000000010
001000000
000001000

//
segsites: 12
positions: 0.1225 0.1257 0.1287 0.1839 0.1919 0.2246 0.4392 0.4925 0.7409 0.7657 0.9443 0.9865 
001000000000
101000000000
010000000010
001000000000
001000100000
001100000100
001100000000
001100000000
001000000000
010000000010
001100000100
001000000001
001000000000
001100000100
010000000010
010011000010
010000000010
001100000000
001000011000
001000000000

//
segsites: 12
positions: 0.0309 0.3199 0.3451 0.4434 0.4448 0.5795 0.5824 0.6008 0.7180 0.7184 0.9126 0.9957 
000000101100
000000001100
000000001100
001010001100
100000001100
000000001100
000000001100
000000001101
000000001100
100000001110
000000001101
000000001101
010001011100
001010001100
100000001100
000000001100
000000001101
000000001101
000000000000
000100000000

//
segsites: 7
positions: 0.0835 0.3336 0.3432 0.4702 0.5279 0.6041 0.6817 
1100000
1100000
0010000
1100011
0000000
1100000
1101000
1100000
1100100
0010000
0010000
1101000
1101000
0010000
0010000
0010000
0010000
0010000
0000000
0010000

//
segsites: 8
positions: 0.0034 0.1157 0.3791 0.4860 0.4871 0.7044 0.7948 0.8088 
00001000
10011000
00000010
00000100
00000010
01001000
00000000
10001000
00000010
10011000
10001000
00001000
00001000
00000000
10001000
00100000
10001001
10011000
00000010
00001000

//
segsites: 13
positions: 0.0716 0.0784 0.0996 0.1459 0.2297 0.2386 0.2579 0.3002 0.4205 0.4491 0.4613 0.6827 0.9084 
0010101000000
0010100000000
1010100100011
0000000011000
0011100000111
0010100100011
0000000011000
0010101000000
0011100000111
0010101000000
0010101000000
0000000011000
0000000011000
0100000011000
0010111000000
0000000011000
0010100000111
0010101000000
0010101000000
0010101000000

//
segsites: 6
positions: 0.2609 0.2793 0.3802 0.4052 0.5864 0.6919 
000110
110100
000100
000000
000000
000000
001000
001000
001000
000000
000000
001001
001000
010100
000000
000000
000000
000000
001000
001000

//
segsites: 5
positions: 0.0469 0.3529 0.3736 0.6097 0.8836 
10010
00000
00000
00000
00000
00000
00000
00010
00000
00010
00100
01000
00000
00000
00001
00000
00000
00000
00000
00000

//
segsites: 6
positions: 0.0584 0.0945 0.4559 0.4828 0.9125 0.9605 
100000
000000
000000
000000
000000
001100
000000
000011
000000
000000
000000
000000
000000
000000
010000
000000
100000
000011
000000
000000

//
segsites: 10
positions: 0.1232 0.2952 0.3107 0.3678 0.4307 0.8237 0.8447 0.8765 0.9102 0.9621 
0001000000
0001000100
0000001000
0001110000
0001000000
0000001000
0001000010
0000001000
0111000000
0000001000
0001000100
0000001000
0001110000
1000001001
0000001000
0001000000
0001000000
0001000100
0001000000
0000001000

//
segsites: 11
positions: 0.1006 0.1660 0.2608 0.2658 0.2991 0.6754 0.7029 0.7371 0.8348 0.8487 0.9148 
00000000011
10001110000
10001100100
00000001011
10001100000
00000000011
00000000011
10001100000
11001100100
00000000011
00000000011
00000000011
00000000011
10001100000
00000000011
00000000011
00000000011
00010000011
00000000011
00100000011

//
segsites: 5
positions: 0.0178 0.1255 0.1633 0.2834 0.5523 
00000
00100
00001
00000
00000
00000
00000
00010
10000
00000
01010
00000
00000
00001
00000
00000
10000
00001
00000
00000

//
segsites: 13
positions: 0.0723 0.0876 0.1433 0.1503 0.3309 0.4169 0.4704 0.4875 0.5379 0.5656 0.6451 0.8265 0.9899 
0000001001110
0000000010000
0100000000000
0000000000000
0000001001010
0100000000000
0000000000000
0000010000000
1000001001010
0000000000000
0000100000000
0000000000000
0010000000000
0000000010000
0000000000001
0000000100000
0001001001010
0000000000000
0000000000000
0000001001010

//
segsites: 13
positions: 0.2288 0.2693 0.3663 0.5001 0.5002 0.5995 0.6074 0.7084 0.7655 0.8231 0.8397 0.8820 0.9762 
0000100110011
0000101010001
0100010000100
0100010000100
0000100010001
0100010000100
0000101010001
0100000000100
1000101010001
0000100010001
0000101011001
0100000000100
0100000000100
0001100010001
0000101010001
0100010000100
0110010000100
0100000000100
0000101011001
0100010000100

//
segsites: 5
positions: 0.0168 0.0341 0.5619 0.8042 0.8630 
00010
00000
00001
00001
00100
00001
00000
00001
00001
01001
00000
00000
00010
00001
10000
00000
00000
00000
01001
00000

//
segsites: 7
positions: 0.0201 0.1342 0.1994 0.2517 0.3971 0.7507 0.8126 
0000001
0000001
0100000
1010000
0000000
1010000
0000010
0001000
0000000
0000001
0000100
0000000
1010000
0000100
1010000
1010000
0000000
0000000
0000100
0000001

//
segsites: 7
positions: 0.0955 0.1903 0.2990 0.5825 0.8679 0.9414 0.9537 
0010000
1010000
0000000
1010000
0001000
0010000
0010000
0010000
0010000
0000110
1010000
0001000
0000000
0000000
0010001
0000000
0000000
0100000
0010000
0010000

//
segsites: 16
positions: 0.0551 0.1252 0.1525 0.1837 0.2886 0.3580 0.4339 0.4838 0.5588 0.6264 0.6824 0.7019 0.7553 0.7799 0.7883 0.9657 
0000000010000011
0000000000010000
0000000000100000
0000000000000000
0000000000000100
0000010000000100
0000000000000000
0000000100000000
0000000010000010
0000101000000000
0000000000001000
0000000000000000
1000000000000100
0001000000000000
0010000000000000
0010000000000000
0000000000000000
0100000000000000
0000000000100000
0000000001000100

//
segsites: 15
positions: 0.0109 0.1243 0.2023 0.2813 0.3111 0.3543 0.3772 0.3844 0.4559 0.6275 0.6889 0.7035 0.7505 0.9359 0.9557 
000000000000000
000001000010001
001010000000000
000001000010000
000001000010001
100000000000000
000001001010010
000001000010001
000000010000000
000001000010001
000000000000000
000000000000000
010001000011000
000000000000000
000000000000000
000001000010000
000000100000000
000000000000000
000001000010001
000101000110100

//
segsites: 10
positions: 0.0323 0.0618 0.1156 0.2777 0.5588 0.6933 0.8168 0.8452 0.9895 0.9935 
0000011000
0000101000
0000000000
0000000000
0000011000
0000000000
0100011100
0000011001
0000011000
0000000000
0000000000
0000000000
0001000000
0000000000
0000001000
1000000000
0000011010
0000001000
0010000000
0000000000

//
segsites: 15
positions: 0.0296 0.1933 0.2178 0.2299 0.3396 0.4207 0.5681 0.6596 0.7247 0.7417 0.7628 0.7874 0.8144 0.8257 0.9667 
000000001100000
000100000000000
000000010000010
000000000000010
000011000000100
100000000000000
000000000000010
000000000001000
000000001100000
101000000000000
000000001100000
000000001110000
000000000000000
000000000000000
100000100000000
000000000000000
000000001100000
110000000000001
000000000000000
000011000000100

//
segsites: 14
positions: 0.0717 0.0907 0.1478 0.3345 0.3456 0.3954 0.4273 0.4903 0.6842 0.8206 0.8257 0.8577 0.9135 0.9594 
10011001000010
00000000000000
10010000000001
00000000000000
00000000000000
00000010000000
00000000000000
10010000000001
00000000000000
00000000001000
00000000100000
10010000000101
10010000000000
00000000000000
00100000010000
11010000000000
10010000000000
00000000000000
10010100000001
00000000001000

//
segsites: 9
positions: 0.0487 0.1489 0.6083 0.6822 0.6950 0.7083 0.7612 0.9007 0.9587 
000100000
000000000
001000010
100000100
000000000
100000100
000000011
000000000
000000000
000000000
000000000
000000000
010010000
000001000
000000010
100000100
000000000
000000000
100000100
100000100

//
segsites: 15
positions: 0.0629 0.1962 0.2660 0.4110 0.4942 0.5258 0.6199 0.6651 0.7287 0.7593 0.8352 0.8769 0.8841 0.8867 0.9515 
000000000000000
000001000000000
010010100010100
001000000100000
000000000000000
001000000000010
110010000010100
001000000000000
001000010000000
001000000000000
001000000000000
000001000000000
001000000000000
010000000010100
010010000011100
000000000000000
001100000000001
000001000000000
001000001000000
010010100010100

//
segsites: 11
positions: 0.0330 0.1366 0.1409 0.2204 0.2688 0.5916 0.6209 0.6589 0.7166 0.8472 0.8565 
00000000000
00001000000
00000000010
00001000000
01000000000
00100000010
00000000010
00000000111
00000000011
00000000010
00010000010
00000000000
00001000000
00001000000
00000000010
00001000000
00000101010
10000000010
00001000000
00000010010

//
segsites: 8
positions: 0.0430 0.0863 0.1606 0.3980 0.4887 0.5211 0.5218 0.5237 
00010010
00010100
00010001
00000000
00010000
00010000
10010100
00010010
00000000
00011000
00010000
00010000
01010001
00010000
00010001
00010010
00000000
00100000
00010000
00000000

//
segsites: 11
positions: 0.0569 0.1384 0.1868 0.2117 0.2809 0.4602 0.4703 0.6025 0.6189 0.7996 0.9463 
00100000000
00000000000
00000000000
00001000000
00001000000
00001000000
00000000000
00000000000
00000100100
00000000000
01000000000
00000010000
00010000010
00000000000
00000000000
00000001001
00000000000
00000000000
10000001000
00000000000

//
segsites: 9
positions: 0.0062 0.0797 0.3663 0.6162 0.6169 0.7965 0.8586 0.8728 0.9954 
101000000
000010110
000001000
000110100
000010000
000010100
111000000
000001000
111000000
101000000
000010001
111000000
111000000
000001000
111000000
000010001
000001000
000001000
111000000
000001000

//
segsites: 13
positions: 0.0271 0.0358 0.2462 0.3399 0.3403 0.4087 0.4745 0.6124 0.6542 0.8187 0.8731 0.8806 0.9450 
0010000000000
0000000000000
0000000100000
0000110000001
0000000000000
0000000000000
0000000100000
0000000000000
0000000000000
0100000000100
0000000100000
0000000100000
1000000001000
0000110000000
0000000010000
0100000000000
0100000000000
0000000000000
0001001000010
0000000000000

//
segsites: 15
positions: 0.0480 0.1695 0.1712 0.1720 0.1799 0.2799 0.2818 0.2890 0.4501 0.4556 0.5131 0.5787 0.7113 0.8519 0.9111 
010000000000111
000000100000011
000100001000000
001010000000011
000100001000000
000000000000011
000000000000011
000000000001011
001000000000011
100000000100001
001000000000011
010000000000111
000000010010001
010000000000111
100000000100001
010000000000111
001001000000011
000000010010001
000000000000011
010000000000111

//
segsites: 8
positions: 0.0753 0.2992 0.3853 0.5531 0.5767 0.7249 0.7658 0.8124 
00010000
00010000
01000000
00110000
00000000
00001000
00010000
00000000
00010000
01000000
00010010
00010000
00000100
00010000
10000001
00000000
00010000
00010000
10000001
00000000

//
segsites: 15
positions: 0.0374 0.0599 0.1360 0.1974 0.2363 0.3998 0.4380 0.7375 0.7481 0.7518 0.7858 0.8401 0.9113 0.9352 0.9653 
010000000000000
010000000000000
010000000000000
011000100000000
000000000010100
010001000001000
010000000000000
010000000000000
010010000100000
010000000000000
011000000000000
010000001000010
000100000000001
011000000000000
010001000001000
000100000000001
110000010000000
010001000001000
000100000000001
010001000001000

//
segsites: 11
positions: 0.1160 0.1594 0.1722 0.3403 0.5238 0.5275 0.6072 0.6678 0.6767 0.8705 0.9164 
00000000000
00000000000
00000000000
01000000000
00000000000
00000100000
00000000010
10000000000
00000000000
10000000000
00000000000
00000000010
00000000000
00000000000
00101000000
00000000001
00000000000
00000000000
00000000000
00010011100

//
segsites: 14
positions: 0.0402 0.2590 0.3021 0.3068 0.3242 0.4532 0.4921 0.5989 0.6048 0.6714 0.7613 0.7656 0.8496 0.9957 
00000001000000
00000000000000
00010000000000
00100000000010
00000000000000
00000000100000
00000000001000
00000000010000
10000100000000
00000000000000
00000000001000
00000000010000
00000000000000
01000000100000
00000000010000
00000000000000
00000100000001
00001000000010
00000000000100
00000010000000

//
segsites: 9
positions: 0.3031 0.3167 0.3260 0.3488 0.4123 0.5140 0.6273 0.7155 0.8575 
000001000
000001000
000001000
000001001
000011000
000001001
000001000
000001000
000001001
000011010
001000000
000001000
000001000
010000000
000000000
100001100
000001000
000011000
000011000
010100000

//
segsites: 8
positions: 0.2250 0.2318 0.3027 0.3100 0.5238 0.6304 0.7210 0.9967 
00000100
00000101
00000000
00000100
00110000
00000100
00110000
00000100
00000000
00000100
01000100
00000110
00000100
00000100
01000100
00000100
00000000
00000100
10001100
00000100

//
segsites: 11
positions: 0.0385 0.3675 0.5601 0.5745 0.6520 0.7466 0.7694 0.7796 0.8370 0.9171 0.9316 
10100000000
10101101010
00010000000
11100000000
11100000001
10100000100
00010000000
00010000000
10100000000
10100100010
10100010000
10100100010
11100000000
11100000000
10100000000
10100010000
10100000000
11100000000
10100000000
10100000000

//
segsites: 13
positions: 0.0081 0.0572 0.0738 0.1462 0.1825 0.2636 0.6949 0.7017 0.7239 0.8391 0.9090 0.9445 0.9909 
0000000001000
0000000001001
0000000001000
1100000010000
0000000001001
0000000000000
0000000001001
0000000000000
0000100001110
0100000000000
0000000001000
0110001000000
0100010000000
0101000000000
0000000001000
0100000100000
0100000000000
0100000000000
1100000010000
0000000001000

//
segsites: 11
positions: 0.0325 0.3780 0.4427 0.4570 0.4626 0.5461 0.5827 0.6926 0.7207 0.8866 0.9132 
01010000000
01010000010
01010000000
00100000000
00001000000
00000000000
00000000000
00000010000
10000000000
00000000000
00000000000
00000000000
00000000000
00000000000
00000001100
00000000000
00000010000
00000000001
00000000100
00000100000

//
segsites: 3
positions: 0.2624 0.4734 0.5356 
000
100
000
000
001
100
000
000
000
000
000
000
000
000
000
000
100
100
110
000

//
segsites: 14
positions: 0.1269 0.2003 0.4204 0.4358 0.5279 0.5856 0.6850 0.7149 0.7698 0.7756 0.7773 0.7896 0.9499 0.9921 
00100101000000
10000000000000
00100101000000
00100001000010
00100001000010
00000000001001
00010000001100
00000000001001
11000000100000
10000000100000
00000010001000
00001000000000
00100001000000
10000000000000
00000000011000
00000000001000
00100001000000
00000000001000
00000000001000
00100101000000

//
segsites: 11
positions: 0.0999 0.1779 0.2033 0.2960 0.3102 0.3352 0.7102 0.7609 0.7779 0.8155 0.9230 
00000000000
01000100000
00000000000
00000000000
11000100001
00000000010
00000010000
00001000000
01000100000
00000000000
01110100001
00000010000
00000001100
00000000000
00000000000
01000100001
01000100000
00000000000
01000100000
00000000000

//
segsites: 15
positions: 0.0077 0.2402 0.2928 0.3085 0.4097 0.4600 0.5041 0.5061 0.5293 0.7550 0.7751 0.7931 0.8490 0.9113 0.9588 
010100100001011
010100100001011
010100100001011
000000110000010
000000000000100
010100100001011
000000000000100
010100100001011
000000110000010
000000110000010
000000100000010
011100100001011
000010101010010
000100100000011
010100100001011
000100100000011
000001100000010
100000000100100
000000110000010
000100100000011

//
segsites: 13
positions: 0.0053 0.0316 0.1372 0.1826 0.2145 0.3858 0.4544 0.5575 0.6483 0.7869 0.7980 0.8104 0.8200 
0000011100100
0100100000010
0001001110100
0100100000010
0100100000010
0010100001010
0000011100100
0100100000010
0100100000011
0000011100100
0100100000011
0000001110100
0000001110100
0000001110100
0000011100100
0100100000010
1000011100100
0000011100100
0100100000010
0000001110100

//
segsites: 7
positions: 0.3067 0.3189 0.3359 0.4349 0.7669 0.7730 0.8484 
0000100
0000100
0000001
0000001
0000000
0000001
0000000
0000000
0000001
0000000
0000010
0010000
0000000
0000000
1000000
0001000
0000000
0000000
0100000
0000000

//
segsites: 15
positions: 0.0247 0.2704 0.2795 0.3034 0.3247 0.3413 0.4332 0.4654 0.4958 0.4979 0.5340 0.6221 0.6882 0.8153 0.9432 
000000000000000
010000000000000
000001000000000
010000000000000
100000000000000
001000001000000
000000000000000
000000000110000
010000100000000
000000000000000
001000000000001
000000010001000
010000000000000
000000000000000
001000000000000
001000000000001
010000100000000
000110000000110
001000001000000
000000000000000

//
segsites: 12
positions: 0.0091 0.0942 0.2310 0.2358 0.3255 0.3605 0.3700 0.3765 0.4486 0.7649 0.7983 0.9363 
000010001110
000000000010
010000000001
001000001010
000010001110
000000001010
010000000000
000000001010
000100011010
000000000010
110000100000
010000000000
000000000010
010000000000
010000000000
010000000000
010000000000
000000001010
000000001010
000001001010

//
segsites: 11
positions: 0.0613 0.1650 0.3143 0.3207 0.3275 0.4728 0.4915 0.6618 0.7605 0.7635 0.8557 
00000100010
00000000010
10000001010
00001000100
01000000011
00000011010
10000001010
00000000010
00000000010
00000001010
00000000010
00100000010
00010000010
00001000100
00000000100
00001000100
10000001010
00001000100
00000000010
00000000010

//
segsites: 14
positions: 0.0913 0.1402 0.1431 0.1904 0.3669 0.4141 0.4199 0.4309 0.5324 0.6137 0.6388 0.8184 0.9324 0.9868 
10000000000000
00000000010000
00000010010000
00000000010000
00000000000000
00000000010000
00010000010000
01000000010000
00001000000000
00000000000001
00000100000000
00000000000000
00100000000000
00000000000000
00000000010000
00000001010100
00000000010000
00000000010000
00000000000000
00000000101010

//
segsites: 9
positions: 0.1056 0.2810 0.2980 0.3046 0.4487 0.5021 0.5069 0.5272 0.8899 
000000000
000100000
000000001
000000010
000000010
000000000
000001100
000000000
000000000
000000000
000000000
101000100
101000100
000000000
000000010
000000000
010010000
000100000
000000000
000000000

//
segsites: 17
positions: 0.0012 0.0185 0.0466 0.1347 0.1881 0.2475 0.2659 0.3168 0.3395 0.4000 0.4658 0.6662 0.7018 0.7735 0.8044 0.8147 0.9544 
00000000000100000
00001000000000000
00000000000000100
00000000000000000
00010010100000000
00000000000000000
00000000000000000
11000100010000000
00000000000000100
00010010000000001
00000000000011000
00000000000000000
00010010100000000
10000100010000010
00000000001000000
00000000000000000
00000000000000000
11000100010000000
00000000001000000
00100001000000000

//
segsites: 8
positions: 0.1359 0.1690 0.3615 0.5784 0.5795 0.7337 0.7894 0.9109 
00000010
00000000
00000000
00010100
00010100
01000000
00000000
00000000
00000000
00000000
00000000
00000000
00000000
00000000
00100000
00001000
00000000
00000001
00000000
10000000

//
segsites: 20
positions: 0.0022 0.0301 0.0833 0.1143 0.2945 0.3612 0.3627 0.4389 0.4494 0.4857 0.5615 0.5951 0.6026 0.6441 0.7273 0.7618 0.8509 0.8814 0.9214 0.9434 
00000000000001000101
00000000000000000001
00000010100000000001
00000000000100000011
00010000000000000001
00000000000001000101
00000000000000010001
00001000000001000001
00000000000010000001
00000000000000101000
00000000000000101000
00000000000000000001
00001000000001000001
00000000000001000101
00000000000000101000
00100000000100000001
00000110101000000001
01000010100000000001
10000000010000000001
00000001000100000001

//
segsites: 6
positions: 0.1372 0.1889 0.2091 0.8327 0.8424 0.9481 
000000
000000
001000
000000
000000
001000
000000
001111
001000
000000
000000
000000
000000
000000
101000
000000
000000
000000
010000
000000

//
segsites: 13
positions: 0.0662 0.1898 0.2294 0.2442 0.2591 0.3429 0.5897 0.6088 0.6181 0.6407 0.6860 0.9382 0.9665 
0000000010001
0000010000000
0100000000000
0000000000000
0001000000000
0000000000000
0000000100010
0000100100010
0000000000000
1000001000000
0010000000000
0001000000000
0000000000000
0000000000000
0000000100010
0000000100010
0000000000100
0000000000000
0000000001000
0000000000000

//
segsites: 8
positions: 0.0334 0.1721 0.1803 0.1948 0.8298 0.8481 0.8668 0.8698 
00100000
01000000
00101000
01010010
00000000
01000000
00000000
10000000
00100000
01000000
01000001
00000000
01000001
00101000
00000000
00000000
01000001
00100000
00000100
10000000

//
segsites: 9
positions: 0.1338 0.1420 0.4043 0.5167 0.6026 0.7794 0.8448 0.9182 0.9993 
000100000
000100000
010111000
100100100
000100000
000100000
000100000
000100000
000000000
000100000
001000001
000100010
000000000
100100100
000100000
000100000
000100000
100100100
000100000
000100000

//
segsites: 18
positions: 0.0113 0.0329 0.0589 0.1351 0.1627 0.2645 0.2734 0.2869 0.3319 0.3434 0.4479 0.6650 0.6981 0.7295 0.7404 0.7746 0.9013 0.9511 
100000000000000011
100000001000000010
100001000000000010
100000000000000010
100000000010000010
110000000000000010
100000000000100010
100000000000000010
100000000010010010
100000000100000010
000010000000000100
100000000000001010
100000000000000010
100000000010000010
100000010010010010
100000000000000010
100000000011000010
100000110010010010
110000000000000010
101100000000000010

//
segsites: 15
positions: 0.0514 0.0668 0.1240 0.1377 0.1431 0.1878 0.2308 0.2906 0.4236 0.4327 0.4776 0.5514 0.6573 0.7563 0.9071 
000000100000100
000000001000000
000000000000010
000100000000010
000000000000000
000000001001000
000000000000001
000000000000001
000000000100000
001010010000000
000001000000000
000000000000000
100000000000000
000000000010000
011000010000000
001000010000000
000000000100000
001000000000000
000000000000000
000000000000010

//
segsites: 14
positions: 0.0948 0.1914 0.3116 0.3263 0.3347 0.4011 0.4301 0.4381 0.5290 0.5319 0.7803 0.8128 0.8162 0.9240 
00000100110000
00100000001000
00000100100000
00100000001000
00000100100000
00100000001000
00000111100000
00110000001000
00000100100000
00000000000010
00000000000000
00000000000000
10101000001000
00000100100000
00000100100000
00000101100000
00000000000001
00000000100000
00100000001100
01100000001000

//
segsites: 17
positions: 0.0231 0.0340 0.2901 0.2946 0.3079 0.3507 0.4090 0.4907 0.6495 0.6864 0.7181 0.7707 0.8023 0.8268 0.8555 0.9145 0.9299 
00001001100000000
01001000100000000
00001000100000000
00001000100000000
00001001100000001
00001010100000000
00001000100000000
00001000100000000
00001000100000000
00001000100000000
00001000110000000
00000100001111000
10101000100000000
00001000100000000
00001000100000100
00001000100000000
00001001100000010
00001000100000000
00010100001010000
00001000100000000

//
segsites: 16
positions: 0.0526 0.2245 0.3898 0.4929 0.5057 0.5251 0.5639 0.5900 0.6015 0.6303 0.6312 0.6504 0.7547 0.8407 0.9127 0.9915 
0001001000010000
0101101000010000
0001001000010000
0001001000010000
0011001000010000
0001001000000111
0001011010000011
0001011010000011
0001001000010000
0001001001000011
0001011010000011
0001011010000011
0001001000010000
0001001000010000
1000000100101000
0001001000010000
0001011010000011
0001001000010000
0001001000000011
1000000000101000

//
segsites: 7
positions: 0.2931 0.5248 0.7783 0.8501 0.8891 0.9470 0.9959 
1000000
0000000
0000001
0000010
0100100
0000000
0001000
0000000
0000001
0000000
0000000
0000000
0010000
0000000
0001000
0000000
0000000
0001000
0000000
0000001

//
segsites: 12
positions: 0.0560 0.0723 0.1514 0.3209 0.4018 0.5130 0.5927 0.6872 0.7217 0.7365 0.8559 0.9890 
000000001000
000000001000
000100001000
101000001000
000000001000
000000100010
010011001000
000010001000
000000001001
000000001000
000010001000
000000001000
000000100000
000011001000
000000011000
000000001000
100000001000
000000011100
000000100010
000000011100

//
segsites: 11
positions: 0.0098 0.1032 0.3224 0.3551 0.3967 0.4113 0.5965 0.7087 0.7654 0.8600 0.8965 
00000001000
10000000110
00000000000
00000000000
01000000000
00001001001
00000000000
00000000000
00000000000
10010000100
01000000000
00100000000
00001001001
00000000000
00000001000
00000100000
10000000100
00000011000
00000000000
10000000100

//
segsites: 10
positions: 0.0134 0.0289 0.1417 0.2347 0.5084 0.5697 0.7083 0.7375 0.8310 0.8785 
0000000000
1000010010
1100110000
0000000000
0000010100
0000011000
0000011001
1110010000
1000010000
1000010000
0000010000
0000010000
0000010100
1000010000
1101010000
0000000000
0000010000
0000010000
0000010000
1000010000

//
segsites: 13
positions: 0.0221 0.1273 0.1712 0.2339 0.2588 0.3474 0.4283 0.6840 0.8025 0.8656 0.9459 0.9488 0.9886 
0001010000011
0100001000011
0000100001010
0100001000011
1000000010000
1000000010000
0001000100011
0001010000011
0001000000011
0000000001010
0001000000111
0011000000011
0100001000011
1000000000000
1000000010000
1000000010000
0000100001010
1000000010000
0100001000011
0001000000111

//
segsites: 11
positions: 0.0624 0.1313 0.1527 0.2135 0.4727 0.5135 0.5614 0.6013 0.7723 0.8723 0.9426 
00100000100
00000000000
00000110000
00000000000
00000000010
10000000000
00100000001
00001000000
00000010000
00000000000
00000000000
00000001000
00010000000
00000000000
01100000001
00000000010
00000010000
00000000010
10000000000
00000000000

//
segsites: 8
positions: 0.1046 0.1753 0.3185 0.5765 0.7772 0.8337 0.8678 0.9837 
00100001
00100000
00100100
00000000
00111000
00100000
00000000
00100000
00111000
00100000
10100000
01100000
00100000
00000000
00111000
10100000
00000010
01100000
00000000
00100000

//
segsites: 15
positions: 0.1638 0.2110 0.4394 0.4837 0.5449 0.5880 0.6017 0.6733 0.7311 0.8035 0.8211 0.8374 0.8533 0.9299 0.9459 
000000100000000
000000000000010
100000000100010
000000000000001
000000000000001
000000001000000
010000000000100
000000000000000
000000100000000
001100000000001
001100000000001
000001000001010
000000100000000
001100000000001
100000000010010
000000100000000
000010000000000
000000000000010
000000010000010
000000000000000

//
segsites: 11
positions: 0.1367 0.1656 0.2647 0.3744 0.3861 0.4298 0.7297 0.7386 0.7757 0.8072 0.9737 
00000110010
00001000000
00010100000
00000001000
00000100000
00001000000
10000000000
00000100000
00000001000
00000100001
00000100000
00000100000
00000000000
00000001000
00000000000
00010100000
00000000000
01100000100
00000100000
00001000000

//
segsites: 14
positions: 0.0484 0.0553 0.1347 0.1647 0.2765 0.4187 0.4323 0.4826 0.5127 0.5143 0.6306 0.6634 0.6770 0.8940 
00000010000100
00010000000000
00000010000001
00000010000001
00000010000100
00000010100100
00000010000001
00000010000000
00100110000010
00001010001000
00010000000000
00001010001000
00000010000100
00000010000000
10000010000000
00010000000000
00001010001000
00000011000001
00000000010000
01000010000000
