./ms 20 1 -t 20 -G 59.91465 -eG 0.05 0 
10699 10764 47620

//
segsites: 13
positions: 0.0084 0.0293 0.1113 0.1704 0.1969 0.2883 0.3911 0.4491 0.5945 0.6034 0.6546 0.6907 0.8185 
0010000000000
0000000000000
0000000000000
0000000000010
0000000000000
0001100000000
0000000010000
0000000000000
0000000000000
1001000001100
0100001000000
0000000000000
0001000000000
0000000000000
0000000100000
0000010000000
0100001000000
0000000000000
0000000000001
0001100000000

//
segsites: 12
positions: 0.0158 0.0186 0.0774 0.1486 0.2571 0.4566 0.5217 0.5690 0.6180 0.6888 0.7067 0.9026 
010010100000
010000110010
000100000001
010000110010
010000110010
010000110010
010000110010
111000101000
011000100000
010000110000
010000100000
010000110000
010000110000
010010100100
010000110010
010000110010
010010100000
011001100000
010000100000
000000000001

//
segsites: 19
positions: 0.0742 0.1519 0.2290 0.2654 0.3279 0.4758 0.5691 0.5874 0.6199 0.6272 0.6594 0.7461 0.7673 0.7747 0.7843 0.8286 0.8973 0.9563 0.9680 
1101010110000000000
0000100000000010000
0000000000000000000
0000101000010000000
0010100000001010000
0000101000010000001
0010100000000010000
0010100000000010000
0000101000010000000
0000101000010000000
0010100000100110000
0000100000000000100
0010100000000010010
0010100000000010000
0100010010000001000
0010100000100110000
0010100001000010000
0010100000000010000
0010100000000010000
0010100000000010000

//
segsites: 14
positions: 0.1195 0.3088 0.3175 0.3945 0.4597 0.4638 0.4967 0.5131 0.5753 0.5971 0.7438 0.7674 0.8345 0.9218 
00001001000000
10000010010000
10000010110000
00001001000000
10000010010000
00001001000100
00001001001000
00001001000000
10000010010000
00001001000010
00001001000000
00001001000100
00101001000000
00011001000000
10000010010000
00001001000000
00001001000001
00001001000100
11000110010000
00000010010000

//
segsites: 13
positions: 0.0029 0.0114 0.0427 0.2295 0.2641 0.6455 0.6647 0.6721 0.7003 0.8013 0.8022 0.9598 0.9794 
1000000000000
0001000000000
0000000000000
0000000000000
0000000100000
0000000000010
0000000000000
0000000000001
0000000000001
0000000000001
0100000010000
0000000000001
0000001000000
0000000000001
0010000000000
0000010000100
0000000000001
0000100000000
0000000000001
0100000011000

//
segsites: 11
positions: 0.0367 0.2958 0.4560 0.5376 0.5904 0.6087 0.7614 0.8639 0.9095 0.9366 0.9947 
10000100000
00000100000
00011000000
01001010000
01001000000
01001000010
00000100001
00000100000
00000100000
00000100000
00000100000
00001000000
00000100000
00000100000
10000100000
10000100000
01001001100
00000100000
10000100000
00111000000

//
segsites: 11
positions: 0.1394 0.1842 0.2068 0.3645 0.3956 0.7680 0.8147 0.8328 0.8826 0.8861 0.9432 
00110010000
00110010000
00000000000
00110010000
00000000000
00110000001
00110110010
00110010000
00001000000
00000000000
00110110010
10000000000
00001000000
00110010000
00110010100
00000001000
01001000000
00000000000
00001000000
00001000000

//
segsites: 16
positions: 0.0276 0.1472 0.3281 0.3835 0.4053 0.4088 0.4322 0.4587 0.5085 0.6083 0.6200 0.7093 0.7303 0.7389 0.9021 0.9029 
0000000010000000
0000000010000000
0000010000001000
0000000101000000
0000000000000010
0000100010000000
0000000000000000
0000000101000000
0000000000000000
0000000001010000
0000000000000000
1110000000000000
0001001000000000
1010000000000000
0000000001010000
0000100010000000
0000000010000000
0000000010000100
0000000010000000
0000000010100001

//
segsites: 18
positions: 0.0098 0.0304 0.0579 0.0708 0.1422 0.1448 0.2332 0.2492 0.3459 0.3546 0.3734 0.5816 0.6563 0.6634 0.6873 0.8086 0.8891 0.9726 
110000000000000000
000000000000000000
000100000010000100
000100000010000000
000100000010000000
000000000110100010
000100010010010000
110000000000000000
110010001000000000
000000000110100010
000000000010000000
110010001000000000
110000000000000000
000101000010001000
110010001000000000
111000000001000001
110000100000000000
000100000010000100
000000000000000000
000100000010000000

//
segsites: 16
positions: 0.1770 0.4001 0.4382 0.4638 0.5277 0.5860 0.5931 0.6206 0.6559 0.7457 0.7503 0.7668 0.8105 0.8299 0.8992 0.9377 
0010001000001011
1101000100001010
0000010000001010
0010001000001011
0000010000001010
0000000010000100
0001000101101010
0001000101101010
0001000101001010
0000000000011000
0101000100001010
0101000100001010
0101000100001010
0000000000011000
0000100000001011
0001000101101010
0000010000001010
0010001000001011
0101000100001010
0000000000011000

//
segsites: 12
positions: 0.1876 0.2585 0.3016 0.3846 0.5140 0.6570 0.8563 0.8580 0.8782 0.9371 0.9609 0.9974 
100001001010
100001010000
000000100000
110001000000
100001000000
100001000000
000000000000
101001000000
000010000000
110001000100
100001000000
000100000001
000100000001
100001000010
100001000010
100001000010
110001000100
100001000000
110001000000
110001000100

//
segsites: 8
positions: 0.1148 0.3008 0.3166 0.3746 0.4098 0.7071 0.9685 0.9721 
10000000
10000001
10000000
10000000
10000000
10100000
10000000
10000001
10011000
10000000
10000000
00000110
00000110
01000110
10000000
10000001
10100000
10000000
10000000
10000000

//
segsites: 15
positions: 0.1430 0.1926 0.3768 0.4076 0.5049 0.5070 0.5561 0.6248 0.6333 0.6453 0.7427 0.7517 0.7684 0.8712 0.9510 
000100000010000
000000000000000
000000010100011
001000000100011
001001000100011
000000000100011
000000000100011
000000000100111
000000001100111
010000000100011
000000000100011
000000000101011
001000000100011
001000000100011
000010000100011
001000100100011
000100000010000
001000100100011
000010000100011
101000000100011

//
segsites: 21
positions: 0.0210 0.1246 0.1342 0.1774 0.1980 0.2072 0.2305 0.2655 0.2669 0.2682 0.2781 0.2893 0.3524 0.4256 0.4268 0.4948 0.6066 0.6297 0.6744 0.6919 0.8831 
001000000000010000000
001111000000010001000
100000001100000000010
110000001001000000010
110000001000001000010
100000001000000010010
100000001000000100011
001001000000010001000
100000001000000000010
100000001000000100011
100000001000000000010
110000001001000000010
100000001010000010010
100000011000100000010
100000001000000000110
100000001100000000010
100000001000000000010
001001100000010001000
001000000000010000000
100000001000000000010

//
segsites: 17
positions: 0.0651 0.1029 0.1832 0.1852 0.2431 0.2467 0.2471 0.2995 0.4557 0.4621 0.5762 0.6209 0.8204 0.8762 0.9059 0.9333 0.9576 
10000000000000000
00000100000100000
00000000000000001
00101000001000000
00000000100000000
00000000000000000
00000000000000100
00000000010000010
00000100000000000
00000000000000000
00000000000001000
00000000000000000
00000100000000000
01000001000000000
00010110000000000
00000000000000100
00000000000001000
00000100000100000
00000000000000000
00000000000010000

//
segsites: 18
positions: 0.0286 0.0412 0.0574 0.0760 0.0809 0.0963 0.1102 0.2212 0.2250 0.4407 0.4577 0.4792 0.5210 0.7928 0.8183 0.8253 0.9055 0.9121 
001000000000000000
001100000000001000
001000101000000000
000000000000000010
001010000000000000
001000000010000000
011000000000000000
001000000000100000
001000000000000000
001000000000000000
001000000000000000
001000000000000100
001000000000000000
001000000100010000
101001010000000000
101001010000000000
001000000000000001
001000000000000000
001000000001000000
001000000000000000

//
segsites: 10
positions: 0.0780 0.1841 0.2543 0.2546 0.3304 0.6131 0.7095 0.7381 0.8769 0.8864 
0000001000
1000000000
0000001000
0010000000
1000000000
1000100000
1000000000
0010000000
1000010000
0000001000
0001000100
1000100000
0000000010
1000000000
1000000000
1100000001
0000000000
0000000010
0000000010
0000000000

//
segsites: 8
positions: 0.0966 0.1412 0.2203 0.3266 0.5819 0.5847 0.6427 0.6902 
00000000
00010000
00000000
00000000
00000001
00100000
00000100
00001000
01000000
00000100
00001000
00000000
00000010
00000100
00000100
10000000
01000000
00000000
00000000
00000000

//
segsites: 10
positions: 0.2530 0.4963 0.5757 0.7032 0.7215 0.7284 0.8472 0.8829 0.9059 0.9328 
0000000000
0000000010
1000000100
0000000000
0010000000
0000000001
0001000000
0010000000
0100100000
0010000000
0000000000
0000000000
0000000000
0000010000
0000001000
0000000000
0000000000
0010000000
0001000000
0001000000

//
segsites: 16
positions: 0.2399 0.2865 0.3291 0.4135 0.4589 0.4708 0.4833 0.5304 0.5526 0.6435 0.6704 0.6999 0.7197 0.7953 0.9187 0.9950 
0000100000000101
0100010000011000
0100010000011000
0001000000000000
0110010000011000
0000100000000101
0100010000010000
0000101000000101
0000000000000000
0100010000010000
0001000000000000
0100010100010000
0100010010110000
0000000000000000
0000000000000010
0000100000000101
1000000000000000
0100010100010000
0000100001000101
0001000000000000

//
segsites: 14
positions: 0.0516 0.0598 0.0679 0.1703 0.2945 0.3504 0.3759 0.5702 0.7274 0.8344 0.8417 0.8545 0.8618 0.9629 
11100000000000
10100000000000
00000000000000
00001000000000
10100001000000
10100100000000
10100000000000
00000000000010
10100010000001
00010000010000
10100000000000
00000000101000
10100010000001
00000000101000
00001000000000
00000000101000
10100000000000
00010000010000
00010000010000
10100000000100

//
segsites: 10
positions: 0.0970 0.2211 0.2813 0.3293 0.5920 0.6308 0.7071 0.8024 0.8147 0.9763 
1000000100
1000000100
0000000000
0000000000
0001100000
1000000100
0100000001
0000000000
0000000000
0000000000
0000000010
0000000000
0000001000
0000000000
0000010000
0000100000
0000000000
0000000000
0010000000
0000000000

//
segsites: 11
positions: 0.0212 0.0613 0.1272 0.2088 0.2303 0.3091 0.3370 0.4968 0.5603 0.6703 0.9005 
01000010000
10100000000
00001000000
00000000000
00000000000
00000000000
00000000000
00000000000
00000000000
00000000000
00000010000
00000000000
00001000000
00010001000
00000000001
00000100100
00010001000
00000000100
00000000000
00000000010

//
segsites: 13
positions: 0.0630 0.1123 0.1208 0.4320 0.4475 0.4700 0.4993 0.6122 0.7532 0.7539 0.7762 0.9047 0.9960 
1000000000010
0000000010000
0110000000000
0000000000000
0000000000000
0000110000000
0010000100000
0000000000000
0000000000000
0001001000000
0000000000000
0010000000000
0001001000000
0000000010000
0000000000001
0000000001000
0000000010000
0110000000100
0000000010000
0000000000000

//
segsites: 5
positions: 0.0168 0.0900 0.2331 0.7346 0.9080 
00000
00010
01000
00000
00000
00000
00000
00000
00001
00000
00100
00000
00000
10000
00000
00000
00000
00000
00000
00000

//
segsites: 5
positions: 0.1406 0.6106 0.6490 0.7329 0.8098 
00000
01000
10000
00000
00000
10000
00110
00000
00110
00000
00000
10001
10000
00000
00000
10000
00000
10000
00000
10000

//
segsites: 7
positions: 0.0023 0.2162 0.2467 0.2588 0.4941 0.8377 0.9473 
0000000
0000000
0000000
0100100
0001010
0010000
0000000
0010000
0000000
0010000
1000000
0000000
0000000
0010000
0000010
0000011
0000000
0000000
0000000
0000000

//
segsites: 15
positions: 0.0380 0.0585 0.2147 0.3611 0.3889 0.4786 0.4937 0.6664 0.6707 0.7246 0.7394 0.7600 0.8316 0.8781 0.9480 
000000001001000
000000001000000
001000001000000
000000001000000
010000000000001
000000101000000
101001001000000
001000001000100
001000001010000
010000000000001
000000001000000
000010010100011
000010010100011
001000001000100
000000001001000
000000001000000
000010010100011
000100010000001
000000001000000
001000001000000

//
segsites: 8
positions: 0.1889 0.1959 0.2393 0.3521 0.3667 0.4235 0.5478 0.9439 
00100000
00000000
00100000
00000000
00000010
00001000
00000000
10000000
00000000
01000000
00010100
00000000
00000010
00000000
00000000
00000000
00000000
00000000
00000001
00000000

//
segsites: 8
positions: 0.0469 0.1489 0.3638 0.6809 0.7041 0.7118 0.8620 0.9682 
10010000
00000001
01000000
00000000
00000000
00000010
10100000
00000000
00000000
00000000
00000001
00000000
00000000
00000000
01000000
00000000
00000100
00001000
00000000
00001000

//
segsites: 12
positions: 0.1002 0.2565 0.3166 0.3865 0.5968 0.7551 0.8135 0.8621 0.9119 0.9338 0.9755 0.9907 
010000100000
010000100000
010000100010
011000100000
000110000001
010001100000
010000100010
110001101000
010000100000
010001100000
010001100000
010000100000
010000100100
010000100010
000100010000
000110000000
000110000000
010000100000
000110000000
000110000000

//
segsites: 17
positions: 0.0188 0.0418 0.0466 0.0506 0.0728 0.1299 0.1604 0.1937 0.2696 0.3206 0.4615 0.5636 0.6128 0.6328 0.8080 0.8624 0.8825 
00000000000000000
10000000001000000
00000000000000000
00000000000000000
00000000010000000
10010000000000000
00100100010000010
00000000000000100
00001000010001000
00000000100000000
00000000000100001
01000000000000100
10000000000000000
00000000000000000
00100000010000000
00000001000000000
00000000000100000
00000000010000000
00000000000000000
00000010010010000

//
segsites: 13
positions: 0.0262 0.1168 0.3657 0.4861 0.5406 0.6632 0.7242 0.7304 0.8869 0.9337 0.9475 0.9517 0.9608 
0000000000000
0000000000000
0100000000000
0100000000000
0100000100000
0000000000000
0010010000110
0100000000000
0000000000000
0010010010110
0000000001000
1010010000110
0000000000000
0001000000001
0001000000000
1010010000110
0000101000000
0000000000000
1010010000110
0000000000000

//
segsites: 10
positions: 0.1042 0.1215 0.2567 0.2990 0.3354 0.3395 0.5240 0.6705 0.8134 0.9236 
0101001000
0110000000
1100000000
0100000000
0100000000
0100000000
0101001000
0000010010
0100000001
0000010010
0100000100
0100000000
0100000000
0101001000
0100000000
0100000000
0000000010
0100100000
0100000000
0000000010

//
segsites: 8
positions: 0.1632 0.3265 0.3422 0.6009 0.7555 0.7908 0.8373 0.8385 
00000010
00000000
01010000
00000000
00110001
00000000
00000000
00000100
00000000
00000100
10000000
00000100
00001010
10000000
00000000
00000000
00000000
00000000
00000010
10000000

//
segsites: 9
positions: 0.0688 0.0722 0.1254 0.1647 0.2067 0.4202 0.5446 0.6571 0.6717 
010000000
000000000
001000001
010000100
010000000
010000000
000010000
000100000
000000000
000000000
101000001
000000001
010000000
010000000
000100010
000010000
010001000
010000000
010000000
000000000

//
segsites: 11
positions: 0.0941 0.2021 0.2620 0.4169 0.4259 0.6532 0.6646 0.7838 0.9000 0.9859 0.9993 
00010000001
00010010000
00010000010
00010000000
00010000000
00001000000
00010000100
00010000001
00010000000
10100000000
00000001000
00010000100
01010000000
00000100000
01010000000
10000000000
00010000001
00010000000
01010000000
00010000000

//
segsites: 9
positions: 0.1023 0.2226 0.3441 0.5113 0.5733 0.8389 0.8563 0.8804 0.9763 
010000000
100000000
100000000
000001000
100100100
100000101
100000100
100000000
001000000
100000101
000000000
100000000
000000000
000000000
000000000
100110100
100000110
100000100
100000000
000000000

//
segsites: 13
positions: 0.0582 0.1902 0.2028 0.2149 0.2539 0.5704 0.5753 0.5962 0.6493 0.6924 0.7574 0.8582 0.9675 
0000000010000
0000000000001
0000000000001
0000000000000
0000000000001
1000000000001
0000100000100
0000000000001
0000000000001
0000000000001
1000000000001
0000000000011
0000000000000
0000000001001
0001001100001
0000000000001
0000000000001
0110010000000
0000000000001
0000000000000

//
segsites: 11
positions: 0.0026 0.0227 0.0265 0.2331 0.3344 0.3439 0.4217 0.5370 0.6546 0.7402 0.9432 
10000000000
00000000000
00000000010
00000000000
00000000010
00000000000
00000000000
00000100010
01001000000
00000000010
00000000000
00000000000
00000000010
00000000011
00010011000
00010011000
00000000110
00000000010
00000000010
00100000000

//
segsites: 13
positions: 0.0168 0.0840 0.1361 0.4795 0.4923 0.5146 0.5150 0.5881 0.6228 0.7517 0.9259 0.9491 0.9762 
0110000110000
0110000000000
0110000000000
0110100000000
0110000000000
0000000000100
0100000000000
0000010000000
0110000000000
0100001000000
0000000001000
0100000000000
0110000000000
0000000000000
1100001000000
0110000000000
0110000000000
0001000000011
0110000000000
0110000000000

//
segsites: 10
positions: 0.0309 0.0795 0.0963 0.1529 0.2604 0.3236 0.3564 0.5288 0.6879 0.9624 
0001001000
0001000011
0001100000
0001000000
0001000000
0001001000
0100000100
0001000000
0001000000
1001000000
0001000001
0000000000
0000000000
0000000000
0001110000
0000000000
0011000000
0001000000
0001000000
0001000000

//
segsites: 12
positions: 0.0581 0.0991 0.1124 0.1748 0.1895 0.4202 0.6290 0.6684 0.7522 0.7731 0.8098 0.8535 
000001000000
000000000000
101000000001
010010000000
000000000000
000000000000
000000000000
000000000000
000000010000
000000000000
000000000000
000000001000
000000000000
010010000100
000100000000
000000000000
000000000010
000000000000
000100100000
000000000000

//
segsites: 18
positions: 0.0049 0.0127 0.1273 0.1332 0.1889 0.3112 0.3255 0.3631 0.3695 0.4067 0.4241 0.5201 0.7414 0.7741 0.7871 0.8003 0.8271 0.9013 
000000010000001100
000000000000000000
000100000000000000
000000000000100000
001000000000000001
100000100000000000
000000000000000000
000000000001000000
000000011110000100
000000000000000000
000000000000000000
000000010000000100
010000000000000000
000000000000100000
000100000000000000
000010000000000000
000000100000000000
000100000000000010
000001000000100000
000000000000010000

//
segsites: 15
positions: 0.0213 0.0237 0.0296 0.1803 0.3725 0.3965 0.4649 0.4756 0.5482 0.6675 0.6701 0.6806 0.8886 0.9390 0.9990 
100101100010100
100101100010100
000000000001010
100101100010100
000010000000000
100101101010100
100101110110100
000010000000001
000010000000000
100101100010100
000000000000000
100101100010100
100101100010100
001000000000000
100101100010100
100101100010100
010010000000000
100101100010100
100101100010100
000000000000000

//
segsites: 12
positions: 0.0265 0.1588 0.3069 0.3137 0.4950 0.5721 0.5822 0.7577 0.8104 0.8518 0.8653 0.8963 
100010010000
101001000000
000000000001
100000001000
100000000000
000000000000
100010010000
000000000000
100010010000
110000000000
100000000000
100000000010
000100000000
000000100100
000000100100
100010010000
100000000000
100000000010
100000000010
100010000000

//
segsites: 11
positions: 0.0141 0.1126 0.1749 0.1780 0.1895 0.3418 0.4308 0.5326 0.5597 0.6139 0.8131 
00001000000
10010000000
00000000000
00000000000
00000000010
00000000000
10010000000
00000000000
00000000000
00000000000
01000000000
00000000000
10010010000
00000100110
00000001010
10010000000
10010000000
00000000011
00100000010
10010000000

//
segsites: 12
positions: 0.0226 0.1687 0.2412 0.2734 0.2767 0.2891 0.2967 0.3739 0.4329 0.5570 0.8321 0.9448 
100000000000
001000000000
001000000000
100000000000
010000000000
000000000010
000000000000
000001100001
100000000000
000000000000
000011100001
100100000000
000000010000
000000000000
000000000000
000000000100
000000000100
100000000000
000000001000
000000000000

//
segsites: 7
positions: 0.1953 0.2154 0.5251 0.6747 0.6865 0.7711 0.8412 
0110000
0100010
0110000
0000001
0000001
0000001
0110000
0100010
1110000
0000101
0000001
0000001
0110000
0110000
0110000
0000001
0110000
0001001
0000001
0110000

//
segsites: 10
positions: 0.0079 0.1287 0.4300 0.5116 0.5296 0.5870 0.7668 0.7932 0.8015 0.9564 
0000000000
0010100000
0001010000
0000010100
0010100000
0001010000
0001010000
0110001010
0010100000
0000010100
0010001010
0010100000
0001010000
0001010000
1010001010
0010100000
0010100001
0010100000
0010100000
0010100000

//
segsites: 6
positions: 0.2267 0.4311 0.4333 0.5756 0.7207 0.8604 
000000
000000
000001
000000
000000
100000
000000
000100
000000
000000
000000
000000
100000
000000
100000
000000
001010
000000
010000
000000

//
segsites: 16
positions: 0.0845 0.1609 0.2221 0.4393 0.5291 0.6211 0.6234 0.6800 0.6851 0.6903 0.8520 0.9239 0.9458 0.9617 0.9808 0.9934 
0101000000000001
0000000000100000
0001000100000001
0000100000000000
0000000000001000
0000000000100010
0001000010000001
0000001000000000
0000000000000000
0000000000100010
0000010000000100
0000001000000000
0001000000010001
1000100000000000
0000000000000000
0000000000000000
0001000001000001
0010000000000000
0000000000100000
0000000000000000

//
segsites: 7
positions: 0.0388 0.1376 0.2039 0.2893 0.3485 0.4148 0.5426 
0100000
0000000
1000000
0000000
1000000
1000110
0000000
0000000
1001000
0000000
0000000
0000000
0000000
0000001
0000000
1000000
0010000
1000000
0000000
0000000

//
segsites: 13
positions: 0.2397 0.3069 0.3486 0.3743 0.4126 0.4304 0.5093 0.5131 0.5580 0.7722 0.7829 0.9087 0.9205 
0000001000000
0000000001001
0010001000000
0001000011100
0000000000000
0000000001001
0000000000010
0000000000000
0001010001000
0000000001000
0101000011000
1000001000000
0000001000000
0001010001000
0000100100000
0000000001001
0000001000000
0000001000000
0000001000000
0000001000000

//
segsites: 15
positions: 0.0842 0.1313 0.1674 0.1864 0.1869 0.1971 0.3948 0.4905 0.5328 0.5388 0.5582 0.5717 0.6264 0.7391 0.9892 
001000001001001
001000001000001
110111000000110
110111000000110
001000001000001
100010000100110
100011000000110
001000001000001
001000001000001
001000001000001
100011000010110
001000001000001
001000011000000
001000011000000
001000001000000
001000001000001
001000101000001
110111000000110
001000001000001
001000001000000

//
segsites: 19
positions: 0.0187 0.2346 0.2966 0.3084 0.3103 0.3830 0.3841 0.3844 0.4811 0.4818 0.4980 0.5681 0.5696 0.6447 0.6648 0.8121 0.8391 0.8839 0.9629 
0000000010000000000
0000000010001000000
1000000010000000000
0011000101000000100
0111000101000000000
0000100010000100000
0000100010000000000
0000000010000000000
0000000010000000000
0000000000000000000
0011000101000000000
0011000101000000000
0011000101010000001
0000000000000000000
0011000001100011000
0011000101000000000
0011011101000000010
0011000101000000000
0000000010000000000
0011000101000000000

//
segsites: 10
positions: 0.0553 0.3893 0.4103 0.4450 0.5629 0.7074 0.8679 0.9656 0.9684 0.9698 
0000000010
1010000000
0100010001
0000000000
0000000000
0000001100
0100000001
0000001000
0000000000
0000001000
0000000000
0000000000
0000000000
0000000000
0000000000
0000001000
0000100000
0001001000
0000000000
0000000010

//
segsites: 9
positions: 0.0409 0.4998 0.6108 0.8018 0.8399 0.8597 0.9119 0.9211 0.9339 
101010000
101000000
000100000
101010001
000100000
000000010
101000000
101000000
000001010
000000010
000000110
000001010
010000010
000000010
000000110
000000010
000000010
000000010
101000000
000000010

//
segsites: 11
positions: 0.0438 0.0870 0.2340 0.3017 0.3069 0.3142 0.7026 0.7600 0.8033 0.8261 0.9999 
00001100100
00000010000
00001100100
00000000000
00000000000
00000000000
00000000100
00000000000
11110000001
00000000100
00000000000
00000100100
00000000010
00001100100
00000000100
00000000010
00000000100
00000001000
00000001000
11010000001

//
segsites: 16
positions: 0.0091 0.0424 0.0689 0.1946 0.1983 0.4501 0.5231 0.5785 0.5963 0.6124 0.6232 0.6919 0.7157 0.9338 0.9476 0.9571 
0000000001000000
0000000001010000
0000000001000000
0000000001000000
0100000000000000
0000100001000001
0000000001001100
0000000001000000
0000000001000000
0000010001000000
0000010101000000
0000000001000000
0100001000000000
0010000001100000
0010000001100000
0000000001001000
0000100011000001
1001000001000010
0000000001010000
1001000001000000

//
segsites: 15
positions: 0.0270 0.0571 0.0695 0.0794 0.1994 0.2078 0.2080 0.2297 0.2736 0.2867 0.2945 0.3276 0.7449 0.8493 0.8739 
000001100101000
010010000000000
000001100101000
000001100101010
011000000000000
000001100101000
000001100101001
011000000000000
100001100101100
010000001010000
000001100101001
000001100101000
000001100101000
010000001000000
011000000000000
000101110101000
000001100101000
000001110101000
000001100101000
000001100101100

//
segsites: 8
positions: 0.2163 0.2520 0.2552 0.3808 0.4305 0.5871 0.8652 0.9692 
00000000
00000000
00000000
00000001
00000000
00010000
00000000
00000000
00000000
00000010
01000100
00000000
00000000
00000000
10000000
00100000
00000000
00001000
00000000
00000000

//
segsites: 10
positions: 0.0255 0.0536 0.2075 0.2969 0.3747 0.4028 0.4341 0.8364 0.9146 0.9753 
0000000000
0000000000
0000000000
1010000010
0000000000
0000000000
0001110000
0000000000
0000000000
0000001000
0100000000
0000000000
0000000000
0000000000
0000000000
0000000000
0000000000
0000000111
0000001000
0000000000

//
segsites: 14
positions: 0.0463 0.0547 0.1086 0.1885 0.3654 0.5556 0.5783 0.5940 0.6374 0.6987 0.7041 0.7948 0.7981 0.9321 
00000011000000
10000010000000
00000010000000
00000000000100
01000000000010
01000000000010
00000010000000
00100010011000
00010100000010
00000010000001
00100010000000
00000100000010
00000000000010
00100010000000
10000010100000
01000000000010
00001010000000
00000000000100
00000010000000
00001010000000

//
segsites: 12
positions: 0.0064 0.0409 0.0572 0.0909 0.1697 0.3246 0.5590 0.8778 0.8805 0.8923 0.9128 0.9142 
010000000000
100000000000
000001100000
000000000000
000000000101
000010100000
001000000101
001000000101
000100000000
000000100000
000000110000
000000000000
000000000000
000000000000
000000100000
000000000000
000000000000
000000000010
000000100000
000000001000

//
segsites: 12
positions: 0.0130 0.0362 0.0591 0.0776 0.1172 0.1564 0.3681 0.4405 0.5063 0.5065 0.6659 0.8659 
001000000000
000010000010
000010000000
000000000000
000100011001
000000000000
000010000010
000000000000
000000000000
000000010001
010001010001
000010000100
000010000000
000010000000
000100011001
000010000000
110000010001
000010000100
000010100000
000000011001

//
segsites: 14
positions: 0.2208 0.3084 0.3468 0.3503 0.4820 0.5407 0.6630 0.6917 0.6982 0.8376 0.8680 0.8956 0.9111 0.9627 
00010000100000
00000001000000
00000000110000
00000001000000
10100000110000
00001010100010
00000001000000
00000001000000
00000001000000
00000100110000
01000001000000
00000001000000
00000000110001
00000000101000
00000001000000
00000001000000
00000001000000
00000000100110
00000001000000
00000000100110

//
segsites: 14
positions: 0.1001 0.1068 0.2342 0.3221 0.3400 0.3464 0.4570 0.5861 0.6322 0.6524 0.6967 0.7213 0.8251 0.9860 
00011000000000
00011000000000
00111000010000
00011000000001
00000000001100
00000110001000
00000000001000
00000000001000
00011000000000
00011000000000
01000001000010
00001000000000
00000000101000
10000000000000
01000000000010
00001000000000
01000000000010
00011000000000
00001000000000
00000000001000

//
segsites: 10
positions: 0.0266 0.0391 0.5574 0.5976 0.6132 0.7009 0.7536 0.9080 0.9090 0.9962 
1000000000
0000000010
0000000100
0000000000
0000101000
1000000000
0000000100
0001101000
0010000000
0000001000
0000010000
1000000000
0100000001
0000001000
0000000000
0100000001
0000000000
0000000000
0000000100
0000000000

//
segsites: 19
positions: 0.0291 0.0786 0.0859 0.1605 0.1818 0.2077 0.3368 0.3536 0.4494 0.5305 0.5641 0.6437 0.6870 0.7156 0.7266 0.8032 0.8709 0.8885 0.8986 
0000000100000000000
0100110000000000000
0000000000000001000
0000000000010000000
0000000000000000000
0000000000000000000
0000001000000000000
0011000000000000000
0011000000000010000
0000000000000000000
0001000010000000010
1011000000000000001
0000000100000000000
1011000000101000000
0001000010000000000
0000000000000000000
0000010000000000000
1011000001000000100
0011000000000110000
1011000000101000000

//
segsites: 10
positions: 0.0013 0.0138 0.0177 0.3201 0.3765 0.4120 0.5330 0.6006 0.8058 0.9496 
0000001000
0000001000
0000001000
0011000000
0000000000
1100000001
0100000000
0010000000
0000000110
0000010000
0000000000
0000001000
0000001000
0000000010
0011000000
0000000000
0000000000
0010000000
0010100000
0000000000

//
segsites: 14
positions: 0.0203 0.0435 0.1800 0.2127 0.2181 0.3177 0.3354 0.3757 0.5594 0.6781 0.7323 0.8320 0.8629 0.9176 
01000000100000
00010000000000
00010000000000
00000000100000
00001000000001
00000000001000
00010000000000
00000000000000
00010000000000
00000000000000
00000000100010
00000001100000
00110100000000
00010000000000
10000000010001
00000000000000
00000000000000
00010000000100
00000000000000
00000010100000

//
segsites: 12
positions: 0.2125 0.2896 0.3776 0.4270 0.5090 0.5406 0.7384 0.7436 0.8151 0.8435 0.8800 0.9928 
110001010000
000000000001
000000000000
000000000100
000000000000
000010001000
000000100000
000000000000
000000010010
001100000000
000000001000
000000000001
000000000000
001100000000
001000000000
000000001000
000000001000
001000000000
100001010000
000000000001

//
segsites: 11
positions: 0.0307 0.1030 0.1679 0.2310 0.4994 0.5527 0.5844 0.6583 0.8558 0.8726 0.9453 
00000000000
00000000010
00000000000
10100000000
00000000000
00000000100
00000001000
00000001000
00000010000
01010000000
00000101000
00000000010
00000000000
00000000000
00001001001
00000001000
00000000000
00000000000
00000000000
00000000010

//
segsites: 22
positions: 0.2159 0.2337 0.2373 0.3163 0.3215 0.3590 0.4022 0.4084 0.4487 0.4850 0.4886 0.5385 0.5599 0.6063 0.6362 0.7529 0.8075 0.8564 0.8856 0.9390 0.9689 0.9884 
0000010000000000010000
0000000000000000000001
0000000000000000010000
0000010000000000010000
0000000000000000010100
0000000000000000000001
0000000100000111000010
0000000110000100100000
0000000100000100000000
0000000000001000000000
0010000000000000000000
0001000000000000010000
0000000001000000010000
0100000000000000000001
1000100100100100000010
0000001100010100000000
0000000000000000000000
0000000000000000011000
0000000000000000010000
0000000000000000000000

//
segsites: 11
positions: 0.0670 0.2113 0.2935 0.3010 0.3695 0.3731 0.7834 0.8304 0.9093 0.9328 0.9652 
10000000000
00011100000
10000001000
10000000000
10000000010
10000000100
10000000010
11000000000
10000000000
10000000001
10000000000
10000001000
10000000000
10000000000
00110100000
10000000000
00110100000
10000000000
10000000010
00010110000

//
segsites: 12
positions: 0.0756 0.0789 0.1657 0.1973 0.2890 0.3932 0.5444 0.7012 0.7880 0.7976 0.9217 0.9301 
000000000011
010000110000
010000110000
000000001011
000010000011
000000000011
000001000011
000000000011
010000110000
000000000011
000001000011
101000000111
000000000011
000000000011
000000000011
000000000011
101000000111
010100110000
000010000011
000000001011

//
segsites: 10
positions: 0.0183 0.2065 0.2261 0.2477 0.4213 0.6087 0.6472 0.7325 0.7940 0.8731 
0000000000
0010000010
0000000000
0000000100
0000000000
0000000000
0010000010
0000000000
0000000000
0000000010
0000000000
0000000010
0100000000
0001000000
0000000010
0000000010
0000100000
1000000011
0000000000
0000011010

//
segsites: 13
positions: 0.1084 0.1139 0.2207 0.3025 0.3115 0.4006 0.4581 0.5733 0.5755 0.5756 0.6409 0.7820 0.8439 
0000000100000
0000001000000
1010000001000
1010000001000
0000000000000
0000000000000
0000000000000
0000000000000
0000000001000
0000001000000
0000000000000
0000000010000
0000000000110
0100000000000
0000110000000
0000000000000
0000000000000
0000000000001
0000000000000
0001100000000

//
segsites: 15
positions: 0.1105 0.1935 0.2234 0.3646 0.6862 0.7027 0.7141 0.7410 0.8155 0.8275 0.8451 0.8686 0.8888 0.9460 0.9993 
000000010101100
100000010101100
000000010101100
000000010101100
000000010101100
000000010101100
100000010101110
000000010101100
100000010101110
001000010101100
000000010101100
000000010101100
000000010101100
000000111101100
000000011111100
000000010101100
010001000000000
000100010101101
100010010101110
100010010101110

//
segsites: 8
positions: 0.2156 0.2389 0.3344 0.3747 0.4528 0.6942 0.7686 0.7708 
00000100
00000000
11000000
00100000
00100000
00000000
00000010
00000000
00000000
00000000
00000000
00100000
00000000
00000000
00000000
00100000
11001000
00000000
00100000
00010001

//
segsites: 10
positions: 0.0402 0.1356 0.5508 0.5699 0.5754 0.6212 0.7379 0.7882 0.8424 0.9667 
0000100000
0010000000
0000100000
0000100000
0100101000
0010000000
0000100000
0010000000
0010000000
0001100000
0000100000
0000100000
1000100001
0000100100
0000100010
0000100000
0000100000
0000110000
0010000000
0000100000

//
segsites: 15
positions: 0.1219 0.1739 0.1748 0.1755 0.4141 0.4944 0.5384 0.5824 0.6160 0.6988 0.7008 0.7376 0.8533 0.8994 0.9423 
000000011000000
000000111010000
000000011000000
001010000000001
000000011000000
001010000000001
010001011000000
000000011000100
000000011000010
000000011000000
000000011100100
010001011000000
001010000000001
000100011000000
000000011010000
000000011001000
000000011000000
000000011000000
101010000000001
000000011100100

//
segsites: 16
positions: 0.0974 0.1175 0.1338 0.4301 0.4387 0.6486 0.7364 0.7444 0.7598 0.7784 0.8031 0.8154 0.8767 0.8786 0.9521 0.9801 
0000000000000000
0000000000001001
0000000000000001
0000000000000001
0000100000000001
0000000000100000
0000000001000001
0100000000000001
0000000000000001
0000011100000001
0000000000000001
0000000000000011
0001000000000001
0000000100000001
0000000000000001
1000000100000101
0000000010010000
0010000000000000
0000100000000001
0000000000000001

//
segsites: 12
positions: 0.1145 0.1384 0.1642 0.2215 0.2844 0.3032 0.4096 0.4647 0.5562 0.7029 0.9713 0.9781 
000001000010
110010000000
000000100000
000000000000
100000000000
000001000010
100000011000
111010000000
100000000000
100100000000
100000000100
100000000001
000000000000
100000000001
100000000000
100000000000
000001000010
100000000100
000000100000
100100000000

//
segsites: 12
positions: 0.0287 0.1452 0.2045 0.2304 0.2400 0.2458 0.2741 0.3887 0.4389 0.5523 0.8221 0.8350 
000000001100
000001000000
000000000000
000000000000
000000000000
000000000000
001000000000
000000010010
000001000001
000000000000
000000010000
000000000000
010010000000
000000010000
000100000000
000000001100
000000000000
000000000000
000001000000
100000100000

//
segsites: 15
positions: 0.0699 0.0723 0.0989 0.2632 0.2678 0.3717 0.6255 0.7479 0.8127 0.8305 0.8379 0.9047 0.9246 0.9908 0.9944 
000001000010000
000000000010001
000000000010000
000000000010000
000000000010001
000010000010000
000000000010010
000000000010000
000000010010000
000000000010000
000000100000000
000000000010000
000000000010000
010000000010000
100000001010000
001100010110000
000000100000000
000000000011000
000000000010100
000000010010000

//
segsites: 13
positions: 0.0379 0.1170 0.1531 0.3238 0.3495 0.4232 0.4767 0.5327 0.6043 0.6566 0.8420 0.9613 0.9757 
0000011000011
0000010000011
1101100000100
0000010000011
0010000110000
0000010000011
0000010000011
1100100000100
0000010000011
0000010000011
0000010000011
1100100000100
0000000000000
0000010000011
0000010000011
0000010000011
0000010000011
0000010000011
0000010000011
1100100001100

//
segsites: 17
positions: 0.0007 0.0884 0.1579 0.2100 0.2325 0.2463 0.3221 0.3307 0.4222 0.4352 0.4993 0.5612 0.7717 0.8107 0.8250 0.8312 0.9473 
00010000000000000
00001000001000000
10000000001000100
01010000000000000
00000000001100000
00000000001000010
10000000001000000
00000000001100000
00010100000000000
00000000001100000
10100000001010000
10000000001000000
10000000001000000
00010100000000000
00000000001000001
00000001101000000
01010000000000000
00000010001000000
10000000011000000
00000000001001000

//
segsites: 7
positions: 0.0166 0.2113 0.5963 0.7474 0.8176 0.8804 0.9155 
1000000
0000010
0000000
0000100
0000000
0000000
0000010
0000000
0000000
0000100
0001000
0010010
0100000
0000000
0000000
0000000
0000010
0000000
0000001
0000010

//
segsites: 11
positions: 0.0650 0.0927 0.2290 0.3379 0.3977 0.4001 0.6388 0.6869 0.8017 0.8597 0.9288 
00000000000
00000000000
00000010000
00000000001
00001000000
00001001000
00001100000
00001000000
10001000000
01000000010
00000000001
00000000000
00000000000
00001000000
00001000000
00001000100
00001000000
00001100000
00111000000
00001000000

//
segsites: 8
positions: 0.0752 0.2420 0.2509 0.3388 0.6016 0.6970 0.7923 0.9380 
00000001
00001001
10010000
00000001
10010000
00000001
01000001
00000001
10010000
00000001
10010000
00001001
10010000
10010000
00000001
00001001
10010000
00000001
00000001
00110110

//
segsites: 10
positions: 0.0183 0.0276 0.0726 0.2795 0.3435 0.4664 0.6646 0.7835 0.8575 0.9989 
0010000000
0000001010
0000000000
0000000000
0100000000
0000000000
0000000000
0000001110
0000100000
0000000000
0000100000
0000000000
0000000001
0000000000
0001000000
0000100000
0000000000
1000010000
0000000000
0000000000

//
segsites: 7
positions: 0.1858 0.3802 0.4446 0.5191 0.5949 0.7508 0.7523 
0000000
0000000
0010000
0000100
0001000
0000000
0100000
0000001
0000000
0000000
0000100
0000000
0000000
0000000
0000000
0000000
1000000
0000000
0000000
0010010

//
segsites: 10
positions: 0.1394 0.3202 0.3215 0.3239 0.3250 0.4758 0.6424 0.6524 0.6748 0.7156 
1000011010
0001000000
1000001000
1000001000
1000001001
1000001000
1000001000
1000001000
0001000000
1100001000
1100001000
1000011010
1000011010
1010101100
1000001001
1000001000
1000011000
1000001000
0001000000
1000001000

//
segsites: 15
positions: 0.0515 0.1430 0.2083 0.2846 0.4508 0.4633 0.5543 0.6331 0.7330 0.7334 0.7492 0.8660 0.9580 0.9849 0.9932 
000000000000000
010000000000010
000000101010000
000000000000100
000000100010000
000000100010000
000000000000000
000000100010000
100010010100000
000000000000000
010000000000010
000000000000000
000000100010000
000101000001000
100000000000000
000101000000000
000000100010000
100000010100000
100000000000000
001000100010001

//
segsites: 10
positions: 0.1954 0.2161 0.2367 0.2750 0.3630 0.4652 0.7880 0.7923 0.8087 0.9847 
0000000000
0000000000
0100000001
0000000000
0100010001
0000000000
0000000000
0000000000
0000000000
1100000000
0000000000
0000000000
0000000000
0000101010
0000000100
0000000000
0011000000
0000000000
0000000000
0011000000

//
segsites: 10
positions: 0.1774 0.3817 0.5018 0.5281 0.7017 0.7037 0.7967 0.8159 0.8655 0.9393 
0000000100
0001000000
0000000101
0000000100
0000000000
0000000100
0000000100
0001000000
0000000100
0100000010
0000000000
0010000100
0000000000
0000001100
0100010000
0000000100
0000000000
1000000000
0100010000
0000100000

//
segsites: 13
positions: 0.0043 0.3239 0.3325 0.3379 0.3621 0.3630 0.4704 0.5744 0.6234 0.7884 0.8066 0.9331 0.9605 
0000100100000
0101000000000
0101000000000
0101010000000
0101000000010
0000000001001
0101000000000
0000001000000
0000000000000
0000000010000
0000000000000
0101000000000
0000000100000
0000000010000
1010000000100
0101000000000
1000000000100
0000000100000
0000000100000
0101000000000

//
segsites: 10
positions: 0.0180 0.1898 0.2267 0.2644 0.3618 0.5505 0.8358 0.8932 0.9176 0.9226 
0000000001
0010000000
0000000000
0000011000
0010000000
0000000000
0000000001
0000001000
0000001010
0000000001
0000000000
0000001000
1000000000
0000001000
0100000000
0000100100
0000000000
0001100000
0000100100
0000100000
