./ms 20 1 -t 20 -G 59.91465 -eG 0.05 0 
58879 22030 15185

//
segsites: 15
positions: 0.0406 0.0894 0.1508 0.2053 0.3610 0.3616 0.3951 0.5105 0.6752 0.7677 0.8222 0.8235 0.8498 0.8505 0.8647 
010001010100000
001010000000000
000010100001111
000001000000000
000010000000000
000010000000000
000010000000000
000001000000000
001010000000000
001010000000000
000010000000000
010001000000000
000010000010000
000001000000000
000010000000000
000010001000000
000101000000000
001010000000000
100010000000010
000010000010000

//
segsites: 17
positions: 0.0246 0.0718 0.1267 0.2116 0.2900 0.3122 0.3550 0.4901 0.6507 0.6909 0.8045 0.8134 0.8432 0.8511 0.9136 0.9247 0.9630 
00010000000000000
00000001000000000
01000100010010000
00000001000000000
00000001000000000
10010000000000000
01000110010000000
01000100111000000
01000100010010000
01000100010000010
01000100010010000
01000100010100000
01000100110000000
01000100111001100
00010000000000000
00001001000000000
01000100010100000
00010000000000001
01100100010000000
01000100111000000

//
segsites: 9
positions: 0.1051 0.3545 0.4967 0.4983 0.5062 0.7131 0.7518 0.8063 0.9438 
000010000
010000010
100000000
000000000
000000100
100000000
011000010
000000000
000000000
000000000
000000000
000000000
000000001
000100000
000000000
000000000
000000000
000000000
000000000
000011000

//
segsites: 16
positions: 0.0410 0.0652 0.0741 0.1197 0.2397 0.3217 0.3765 0.4656 0.4814 0.4816 0.5148 0.6689 0.6822 0.8388 0.8538 0.9972 
0100000010000110
0100000010000011
0100000010000010
1101000010000010
0000000101100000
1100000010000010
1100000010000010
1100010010000010
0100000010000010
0000000100100000
0000001100101000
0000001100101000
1100000010000010
1100010010000010
1110000010000010
0000000100100000
1100000010000010
1100010010010010
1100000010000010
0000100100100000

//
segsites: 16
positions: 0.1771 0.3000 0.3484 0.4381 0.5066 0.5745 0.6815 0.6973 0.7337 0.7444 0.7778 0.8027 0.8125 0.8412 0.8756 0.9898 
0100000000000000
0100000000000000
0100000000000000
0100000000000000
1000000000111101
0000000000110101
0100000000000000
0000000000110101
0000010000110001
0000000100110011
0101000000000000
0100000010000000
1000000000111101
0100000000000000
0100000000000000
0100001000000000
0010100000111101
0100000000000000
0000000000110101
0100000001000000

//
segsites: 12
positions: 0.0918 0.1879 0.2075 0.2188 0.5386 0.5729 0.5746 0.6191 0.6229 0.6526 0.6828 0.9954 
001000010000
010011100000
000001100000
000000000000
000001100000
100000000100
000001100001
000000000100
000001100000
000100000000
000001100000
000011101000
000000000010
000000000000
000001100001
000000000000
000001000000
000001000000
000001100001
000000000000

//
segsites: 16
positions: 0.0183 0.0864 0.2377 0.2675 0.2712 0.2730 0.3858 0.4718 0.5874 0.6388 0.6818 0.6827 0.7274 0.7824 0.8738 0.9163 
0001000100000011
0001000100000011
1000010001000000
0101001100010011
1000000001100000
1000000001000000
1000010001000000
0001000110000011
1000000001000000
1000100001000000
1000000001000000
1010000001000100
0101000100010011
0101000100010011
1010000001000000
1010000001000000
1000000001100000
0001000100000011
0101001100011011
1000000001000000

//
segsites: 17
positions: 0.0454 0.0779 0.1400 0.3746 0.4225 0.4813 0.4815 0.5370 0.5465 0.5812 0.5833 0.6240 0.6258 0.6664 0.8290 0.9643 0.9665 
00000110000000000
00010000001100110
01100100110000000
00010000001100010
00000100000001000
00000000000000000
00000000000000000
10001000000000000
00100100000000000
00010000001100010
00000000000000000
00000100000000000
00010000001100010
00000000000000000
00010000001010010
00010000001100010
00010000001100011
00010001001000010
00010001001000010
00010000001100010

//
segsites: 9
positions: 0.1565 0.3956 0.6646 0.6776 0.7597 0.8401 0.9089 0.9203 0.9552 
000001000
000000010
000000010
000000000
000001000
000000000
000000000
000000010
011000000
000000000
000000110
100000000
000000000
001000000
001000000
000100010
000000000
000000000
000011000
000000001

//
segsites: 11
positions: 0.0273 0.1100 0.2570 0.3879 0.5111 0.5474 0.7642 0.8429 0.8472 0.8516 0.8877 
00000000100
00000000110
00000000100
01000000100
00000011100
00100000110
00001100100
00000000100
00000000100
00000000000
10000011100
00010000101
00000010100
00001100100
00000000110
00000010100
00000000100
00000010100
00000000000
00000000100

//
segsites: 15
positions: 0.0732 0.1434 0.2039 0.2268 0.3809 0.4023 0.4427 0.4555 0.4609 0.5127 0.5458 0.5685 0.7425 0.7635 0.8332 
001000001000000
000000001000000
110000000000000
110000000000000
000000100000000
000000001000000
000000100000000
000000100000000
000000001000000
000000110000000
000000001000100
100010000000000
000000100000000
000000100001001
000000100100000
000001100010000
000100001000010
000000001000000
000000001000000
110000000000000

//
segsites: 10
positions: 0.2140 0.2969 0.3044 0.3903 0.6631 0.7508 0.8041 0.8934 0.9383 0.9845 
0001000001
0001001001
0001000001
0001000001
0001000001
0100010000
0010000000
0001000001
0001000011
0001000001
0001000001
0001000011
0001001001
0001000001
0001001001
1001100111
0001000011
0001000001
0001000001
0001000001

//
segsites: 12
positions: 0.0782 0.2243 0.2315 0.2527 0.4481 0.5698 0.6241 0.6587 0.7425 0.9234 0.9280 0.9836 
001010000010
000001000000
000001000000
000001001000
000001000001
000001000000
001010000010
000001000000
101010100010
000001000000
010001000000
000001000000
000001000000
001010000010
000001000100
001010000010
000101010000
000001000000
001010000010
001010000010

//
segsites: 10
positions: 0.2089 0.2239 0.2469 0.6783 0.7766 0.8398 0.8413 0.9552 0.9733 0.9773 
0100000000
0100000000
0010000000
1001000011
0000011001
0000000100
0000000001
0000000001
0000000000
0000011001
0000000000
0000000001
0000000001
0000100100
0010000000
0100000000
0000000001
0000000001
0000000001
0000000001

//
segsites: 17
positions: 0.0213 0.0224 0.0698 0.0749 0.2271 0.3743 0.4957 0.5074 0.5257 0.5580 0.5817 0.6218 0.6246 0.6276 0.6625 0.7704 0.9613 
00001100000100000
00010001100000000
01000000001000001
00100000010000000
00010010100000000
00010000100000000
00000100000010100
00001100000000000
00000000010000000
00001100000100000
00010000100000000
01000000001000001
01000000001000001
00000100000000000
10000100000000000
00000100000000010
00000100000000000
00001100000100000
00000100000000000
00000100000001000

//
segsites: 13
positions: 0.0746 0.0799 0.1247 0.2162 0.3771 0.4324 0.5027 0.5762 0.6453 0.6724 0.7332 0.7590 0.8144 
0010000000000
0000000000000
0000100000100
0100001000010
0000010000001
0000000000000
0000000000000
0001100001100
0000010000000
0000000000000
0100000100010
0000000000000
1000000000000
0000000000000
0010000010000
0010000010000
0000000000000
0000000000000
0000000000000
0100001000010

//
segsites: 17
positions: 0.0275 0.1271 0.1363 0.1586 0.1847 0.2412 0.2693 0.2990 0.3308 0.3918 0.3984 0.5457 0.6266 0.7241 0.7251 0.8265 0.9092 
00000000000000001
00000001000000000
00100000000000000
00000001000000000
00000000000001000
00000010001000000
00000000000001000
00000100000000000
00000000100000000
00001000000100000
00000001000000000
11010000000000010
00000000000010000
11010000000000010
00000000000001000
00000000010000000
00000000000000000
00000100000000100
00000000100000000
00000001000000000

//
segsites: 12
positions: 0.0286 0.0842 0.1168 0.1644 0.1672 0.2859 0.3751 0.7039 0.7441 0.9697 0.9707 0.9992 
001010000100
000000000000
000000000000
000000001000
001000000100
000000100000
010100100000
000000100000
000000100000
000000000000
000000000000
000000000000
100000100000
000000100000
000001010000
000000000010
000000100001
000000000000
000000100000
000000100000

//
segsites: 16
positions: 0.0229 0.2918 0.4415 0.5157 0.5349 0.5925 0.5946 0.6264 0.7845 0.8095 0.8118 0.8207 0.8667 0.8860 0.9327 0.9558 
0000000000001000
1000000010010000
0010011111010101
0100000000000000
0000000010010000
0011000110110000
0010000110010000
0010000110110000
0000000000001000
0000000000001000
0010100110010000
0000000000001000
0011000110110000
0000000000001000
0010000110010000
0011000110110000
0000000000001000
0010000110010000
0000000000001000
0010000110010010

//
segsites: 10
positions: 0.0154 0.0346 0.0474 0.1028 0.1430 0.1732 0.2610 0.3060 0.4218 0.8050 
0000000000
0000000010
0000000000
0000100000
0000001000
0000000010
0000000011
1000000010
0000000010
0000000000
1000000010
0101000000
0010000010
1000000010
0000000010
0000010110
0000010110
1000000010
1000000010
1000000010

//
segsites: 13
positions: 0.0036 0.1421 0.1463 0.1510 0.2531 0.3324 0.3461 0.4333 0.4504 0.5397 0.6628 0.8388 0.9778 
0101001010000
1010000000010
0000000000000
0000100000000
0000100000000
0010000000000
0000000100001
0100001010000
0010000000000
0000100000000
0000000000000
0000100000000
0000100000000
0000000000000
0000000000000
0100001010000
0100001010000
0000010001100
0000100000000
0100001010000

//
segsites: 17
positions: 0.0135 0.0658 0.1328 0.2690 0.3004 0.3028 0.3319 0.3460 0.4918 0.5389 0.5551 0.5741 0.7148 0.7203 0.7833 0.8441 0.8475 
01100001001000000
01000000100000000
00000000010000000
00000000000000000
00000000010000000
01000000001000000
00000010000010010
00000000000000000
01000000100000000
00010000000100001
00000000000000000
00000000000000000
01000000100000000
00000000000001000
00000100000000000
10000000010000000
00001000000000000
00010000000100101
00000000000000000
00000000000000000

//
segsites: 5
positions: 0.1414 0.4782 0.6222 0.7587 0.8139 
00000
00000
01000
00000
01000
11000
00000
00100
00100
01000
11000
00100
00000
00000
00000
00010
00000
01000
00100
00001

//
segsites: 8
positions: 0.1519 0.2120 0.3166 0.4785 0.5177 0.5659 0.6299 0.8286 
00000000
00000000
00101010
00000000
00000001
00000001
00000000
00000000
10010000
00000000
00000100
00000000
00000000
00000100
00000000
01001010
00000100
00000001
00000000
00000100

//
segsites: 12
positions: 0.0074 0.1099 0.4615 0.4959 0.5527 0.5613 0.6164 0.7700 0.8234 0.8541 0.8987 0.9778 
000000000000
000111000011
000000000000
000111000000
000010000000
000111001000
001111000000
000111000000
000111000000
000111000000
000010000100
010000000000
000010000000
000111010011
000010000000
001111000000
100000100000
000000000000
100000100000
001111000000

//
segsites: 20
positions: 0.1748 0.3010 0.3189 0.3387 0.3578 0.3726 0.3915 0.4494 0.4610 0.4661 0.6190 0.6641 0.7194 0.7445 0.7631 0.8254 0.8283 0.8550 0.8573 0.8741 
00000001001000011010
01001000000010000100
01001010000000000000
00000000000000001000
00000000000000001000
00001000010000000001
00000000000000001000
01001010000000000000
00000000001100001000
00100000100000001000
00000000000001001000
00000100000000101000
11001010000000000000
00000000000001001000
00000000000000001000
00010000000000001000
00010000000000001000
00000000000000001000
01001000000000000000
00000000000000001000

//
segsites: 12
positions: 0.0531 0.1338 0.1849 0.3448 0.3935 0.6184 0.6681 0.7331 0.8009 0.9003 0.9722 0.9734 
011001100010
011000100010
111000100110
011000100010
011000100010
011000100010
011000100010
000100011000
011000100010
011000100010
011000100010
011000100010
011000100010
011000100010
011000100011
000110011000
011000100011
011000100010
011000100010
011000100010

//
segsites: 11
positions: 0.1317 0.1432 0.4865 0.5488 0.5872 0.6683 0.6737 0.6833 0.7336 0.7452 0.8058 
00000010000
00000010000
00110010000
00000011000
00000010000
00000010000
00000010000
00001000111
00001000011
00000010000
00001000011
00000011000
00010010000
01000010000
00000110000
00000010000
00000010000
00000010000
00000010000
10000010000

//
segsites: 10
positions: 0.2274 0.2784 0.3527 0.3690 0.6706 0.6842 0.6961 0.9488 0.9613 0.9990 
0000010000
0000000000
0000000000
0000000000
0000000000
1100000000
0000000000
0001000000
0010000000
0000000001
0000101100
0000010000
0001000000
0010000000
0000101100
0000010000
0000010000
0000101100
0000000000
0010000010

//
segsites: 14
positions: 0.3283 0.4036 0.4230 0.4429 0.4685 0.5862 0.6843 0.6899 0.7304 0.7543 0.7783 0.8636 0.9895 0.9898 
01000100000000
01000100000000
00001000010000
00001010101000
00001000000000
00011000000000
00001010100000
00000100000010
00001010101000
01000100000000
00000101000000
00101000000000
00001010100000
00011000000000
00001000000000
00000000000101
00001010100000
00001000000000
11000100000000
00101000000000

//
segsites: 9
positions: 0.1157 0.3689 0.4413 0.6298 0.7693 0.7792 0.8317 0.9422 0.9997 
100000000
100000000
000010000
000010000
000000000
000011000
000010001
100000000
000000000
000000000
000000000
001100100
000000000
000010000
000010000
010010000
000010000
000010010
000000000
000000000

//
segsites: 11
positions: 0.1751 0.1850 0.3223 0.3561 0.4563 0.6170 0.7143 0.7704 0.8880 0.9060 0.9088 
00010100010
00000000000
00000000000
10000001100
00000000001
00000001000
00001000000
00000001000
00000001000
00001000000
00101000000
00101000000
00000001000
00000001000
00000001000
01001000000
00000000000
00001010000
00000000000
00000000000

//
segsites: 15
positions: 0.0742 0.1214 0.1492 0.2218 0.2583 0.3596 0.3610 0.5112 0.7914 0.8096 0.8330 0.8745 0.8777 0.9026 0.9657 
000000010000000
000011100000100
000000010001000
000000010000010
000000011000000
000000010000000
000000010000000
000000010000000
000100010000000
000000010000001
000011100000100
000000010000000
000000010010000
100000010001000
000000010000000
011011000100000
000000010000000
000000010000000
000000010000000
000000010000000

//
segsites: 14
positions: 0.1043 0.1310 0.2101 0.2146 0.3348 0.3451 0.3585 0.3986 0.4056 0.4838 0.6577 0.8903 0.8984 0.9188 
01000000000100
01000000100000
01000000100000
10000101010000
10000101000000
01000000000000
01010000000000
00000100000000
00000000000000
01010000000000
10000101000000
01000000001011
00000000000000
01000000000000
01000000000000
01010010000000
00001100000000
01000000001010
01000000001010
00100100000000

//
segsites: 12
positions: 0.0049 0.0053 0.1962 0.2520 0.3303 0.4603 0.4641 0.5394 0.7091 0.7374 0.7673 0.8436 
100001010010
100000010011
000000001000
100011010010
100000110010
000000000000
100000110010
100001010010
000000000100
010000000000
100001010010
101100110010
000000000100
000000000100
101100110010
100100110010
100001010010
000000000000
000000000000
100100110010

//
segsites: 6
positions: 0.4322 0.6173 0.6735 0.8307 0.9004 0.9265 
000000
000000
110000
010000
000001
000010
010000
010000
000000
000100
000000
000000
000000
000000
011000
000000
010000
110000
000000
000000

//
segsites: 12
positions: 0.1481 0.2423 0.2437 0.2933 0.3245 0.3463 0.5211 0.5817 0.6845 0.7652 0.7780 0.9263 
000000100110
000001000000
010001000000
000000100110
000001000001
000001000000
000001000000
000010000110
000001000000
000001000000
000100000110
000100000110
000000100110
000001000000
000010000110
000001000000
001001000000
000100001110
100001010000
000100000110

//
segsites: 15
positions: 0.0369 0.0742 0.0989 0.1755 0.1853 0.3897 0.4295 0.4430 0.5240 0.5880 0.6937 0.7133 0.8934 0.8999 0.9879 
000001010110000
000001010000000
000001010110000
000100000001001
000100000001000
000001010000000
000001010110000
010001010000000
000011010000000
000001010000000
000001010110000
000001010000000
100001110000010
000001010000000
000001010000100
000001011000000
000100000001000
000011010000000
001001010000000
001001010000000

//
segsites: 13
positions: 0.0026 0.0766 0.1233 0.1352 0.1908 0.2600 0.2711 0.2989 0.3464 0.3585 0.7517 0.7631 0.8727 
1000010001000
0000001000000
0000001000000
1000100001000
1000000001000
0000001000100
1000000001000
0100001000010
1000000001000
1000000001000
1000000001000
1000000001000
0000001000000
0000001000000
0001000000001
1010000101000
0000001000000
1000000001000
0000000010000
1000000001000

//
segsites: 10
positions: 0.0852 0.2278 0.2871 0.3550 0.3805 0.4549 0.6435 0.7129 0.9629 0.9740 
0000001000
0010000000
0000000000
0000000000
0000000000
0101000110
0000000000
0000000000
0000000001
0000000000
0000010000
0000001000
0000000000
0000000000
0000000000
0000000000
0000000000
0000000000
0000000000
1000100000

//
segsites: 13
positions: 0.1804 0.2176 0.2968 0.3829 0.4070 0.5069 0.6149 0.6850 0.7532 0.7852 0.8282 0.9281 0.9364 
0010000001000
0000001001000
0000000000000
0000001101000
0000000000000
0000000000100
0010000001000
0100000000000
0000001001000
0000100000000
0000001001000
0000001001000
0000000000001
0000000000001
0000001001000
0000001001000
0000011001000
0000100000000
0000000000001
1001000010010

//
segsites: 7
positions: 0.2285 0.2673 0.3316 0.7175 0.8252 0.9214 0.9427 
0000011
0010000
0000000
0000011
0000000
0001000
0000011
0000000
0000011
0010000
0000000
0000011
0000011
1000000
0010000
0000011
0000111
0000011
0000000
0110000

//
segsites: 15
positions: 0.1370 0.2652 0.2675 0.3212 0.3550 0.4628 0.5251 0.5322 0.5653 0.6174 0.7001 0.7996 0.8205 0.8519 0.8889 
001010000000100
000000011001010
000000011001010
101010000010100
101010100000100
101010000010100
011010000000100
000001011001011
000000011001011
000000011001011
001010000100100
101010100000100
101010100000100
001010000000100
000000011001010
000001011001011
101010100000100
000000011001011
000000011001011
000100011001011

//
segsites: 9
positions: 0.0699 0.4378 0.4442 0.5271 0.6036 0.6692 0.6813 0.6901 0.8484 
000010000
000001000
000000000
000000000
000000001
000000000
000000001
100100010
000000000
000000000
000000100
000000000
000010000
100100010
010000000
100100010
001000100
000010000
000000100
000000100

//
segsites: 12
positions: 0.1276 0.1336 0.2303 0.2857 0.3269 0.3352 0.4482 0.5464 0.5464 0.5857 0.9363 0.9544 
000100000000
000000100000
000000000000
010100000000
000000000000
010100000000
000100000000
010100000000
000000000000
000100000000
100000000100
001100000000
000001000000
000000010000
000010000000
000000001010
100000000000
000000000000
010100000001
001100000000

//
segsites: 12
positions: 0.0403 0.0525 0.1180 0.1504 0.2455 0.2943 0.3287 0.7286 0.7342 0.8303 0.8679 0.9846 
000000000000
000000011010
000000000000
000000000000
000000000000
000001000000
010000100100
000000000000
100001000000
000000000000
000000000000
000000000000
001000000000
000000010001
000000000000
000000100000
000010000000
000000000000
010100100100
000000000000

//
segsites: 12
positions: 0.1136 0.2026 0.3804 0.4136 0.4428 0.4738 0.5667 0.7948 0.8369 0.9236 0.9618 0.9925 
000000000000
001000000011
010010000000
000100000000
000000000010
000100000000
000001101000
000000000010
100010000000
010010000000
000000000010
001000010011
000000000010
100010000000
010010000000
000000000110
000000000000
000000000010
010010000000
000100000000

//
segsites: 12
positions: 0.1023 0.1063 0.3072 0.3896 0.3955 0.4252 0.6434 0.6584 0.8163 0.8405 0.8976 0.9565 
110000100000
000001000000
000001000000
100000100000
000100000010
000001000000
000000010000
000000000000
000100001010
000000000000
000000000101
100000100000
000000000000
100000100000
000001000000
000100001010
001001000000
000001000000
000000000000
000010000000

//
segsites: 11
positions: 0.0690 0.1040 0.1323 0.2206 0.2303 0.2731 0.3306 0.5741 0.8673 0.8675 0.9198 
01000000101
00000000100
00000000110
10000000110
00000010100
00000000100
00000000110
00000100100
00000000100
00000000110
00000000000
00010000000
00000000110
00000000110
00000000100
00001000000
01000000100
00000000100
00100001100
01000000100

//
segsites: 4
positions: 0.0518 0.4768 0.8175 0.9305 
0000
0000
0110
0000
0100
0000
0100
0000
1000
0000
0100
0101
0100
0100
0000
0100
0100
0000
0100
0110

//
segsites: 14
positions: 0.0464 0.0472 0.1125 0.1179 0.1647 0.2943 0.5455 0.6017 0.6324 0.6694 0.8277 0.8965 0.9718 0.9890 
11100100000000
10000000000000
10010100000000
10000100000000
10000000010000
10000101000000
10000000000100
10000010000000
11000100000000
10000100100000
10000100000000
11001100000000
10000100000000
11000100000000
00000000000000
11000100001010
10000100000000
00000000000000
10000100000001
10000101000000

//
segsites: 13
positions: 0.0458 0.1622 0.2969 0.3479 0.3642 0.4174 0.4313 0.4688 0.6530 0.6875 0.8317 0.8719 0.9434 
0001000010000
0000000000010
0001001010000
0000000100001
0000000000000
0001000010000
0100000000010
0000010000010
0000000100001
0000000000000
0001000010000
1011000000000
0000010000010
0000100000010
0011000000000
0000010000010
0011000001100
0000000000000
0000010000010
0011000000000

//
segsites: 16
positions: 0.0195 0.0903 0.1734 0.1910 0.2228 0.4132 0.5714 0.6784 0.6978 0.7296 0.7450 0.7754 0.8011 0.8306 0.8345 0.9877 
0000001000000010
0000100100000000
0101000000000000
0001000000000000
0000001000000000
0010000100000000
0000000000000001
0000001000000010
0000010100000000
1000000000110000
0000000000000000
0001000000000100
0000010101000000
0000000100000000
0000010100000000
0000010100000000
1000000000110000
0000000010000000
0000000000001000
0001000000000100

//
segsites: 10
positions: 0.0477 0.0538 0.0966 0.2607 0.2673 0.2984 0.4818 0.8429 0.8862 0.9487 
0000001000
0000000000
0000000000
0000000000
0000000000
0000000001
0000000000
0000000000
0100110000
1010000010
0100110000
0000000100
0001000000
0001000000
0000000000
0000000000
0000000000
0000000001
0000000000
0000000000

//
segsites: 8
positions: 0.0187 0.1717 0.2617 0.2828 0.3637 0.6290 0.7206 0.8200 
10100000
00000000
00000000
00000100
00000100
00000100
00000000
00000001
10100000
00000000
10100010
01000000
00010000
01000000
00000000
00001000
00000000
00000100
00000000
00000000

//
segsites: 10
positions: 0.1348 0.2865 0.3085 0.3606 0.4161 0.4259 0.6681 0.7734 0.7837 0.7964 
1000000000
0000000000
1001000000
0010100010
0000001000
0000000000
0000000000
0010100010
1100000000
0000000000
0000000000
0010100010
0000000000
0000000100
0000000001
0000000000
0000000000
0000000000
0000010000
0000000000

//
segsites: 12
positions: 0.1116 0.1478 0.2199 0.4525 0.5191 0.5986 0.6838 0.7137 0.8138 0.8970 0.9417 0.9430 
000000100000
000010000001
000000100000
000000100000
000011000001
000000000101
001010001001
000110001001
000010001001
000010001001
000010010001
000010001001
000000000011
000000000001
000010000001
000010001001
000000100000
100010000001
000000100000
010000000001

//
segsites: 10
positions: 0.0389 0.1666 0.1917 0.2253 0.4060 0.4271 0.4722 0.5783 0.8506 0.9862 
1000000000
0001000000
0001000000
0000000000
0001000000
0001000000
0000001100
0001000000
0100000001
0001000000
0001110000
0001000000
0000000000
0001000000
0001000000
0001000000
0001000000
0011000000
0001000000
0000000011

//
segsites: 11
positions: 0.0060 0.0530 0.2680 0.4447 0.4796 0.5260 0.6517 0.7048 0.7057 0.8080 0.9099 
00010100000
00000000001
00000010000
00000010000
00000000000
00000000000
00000000000
00010000000
00000010100
01000000000
00000010000
00001010000
10100000010
00000001000
01000000000
00000000000
00000000000
00000000000
00000010100
10100000010

//
segsites: 24
positions: 0.0892 0.1261 0.1445 0.3330 0.3802 0.4185 0.4222 0.4502 0.5400 0.5452 0.5693 0.6151 0.6180 0.6205 0.6374 0.6385 0.7355 0.7481 0.7698 0.8068 0.8464 0.8688 0.8982 0.9430 
100000000100000100110000
000010000100000000110000
000000000101000000110000
000000000100000000110000
000000000100011000000000
000000000000000000000100
000100010100100000110010
000001000100000000110000
000000000110000000000000
000000000100000000000000
000000001100000000000000
000000000100000000110000
100000000100000100110000
001000000100000000000001
000000000000000000000100
000000000100001010000000
001000000100000000000001
000000000110000001000000
000000100000000000000100
010000000100000000001000

//
segsites: 14
positions: 0.0682 0.0958 0.1157 0.1664 0.2855 0.3949 0.4018 0.4625 0.5442 0.6594 0.6827 0.6969 0.8022 0.8135 
01000001100000
00010000001100
00000000000000
10000100000000
00000000000100
00000000000000
00000000000000
00000000000100
00000000000000
00000000010100
00000000000100
00000000001100
00100000000010
00001001000000
00000001000000
00000000000000
00000000000000
00000010000000
00000010000001
00000000001100

//
segsites: 18
positions: 0.0020 0.0234 0.1050 0.1398 0.1832 0.2238 0.2777 0.3295 0.3817 0.3922 0.4270 0.4623 0.5159 0.6008 0.7286 0.7645 0.7965 0.8145 
000000010000000000
000000100000001000
000001000000100000
000000000000000100
000000000000000000
000000000000000000
000000000000000000
000000000000000010
000100000001010000
001000001000000000
000000000000000000
000000000000000000
001000000010000001
000000000100000100
000000010000000000
110000000000000000
000000000000000000
000000000000000100
000010000000000000
000000000000000000

//
segsites: 17
positions: 0.0139 0.0149 0.0256 0.0783 0.1088 0.1231 0.2071 0.2909 0.3258 0.4667 0.4668 0.5440 0.6362 0.6806 0.7502 0.9340 0.9388 
00100000000100000
00001001010010100
10001011110000000
10001001010000000
00001001010000100
00100000000101000
00001001010000100
10001001010000000
00100000000101001
10001001010000000
00100100000100000
00100000000100000
01100000001100010
00100000000100000
00110000000100000
10001001010000000
10001001010000000
00110000000100000
00001001010000000
00110000000100000

//
segsites: 17
positions: 0.0742 0.1050 0.1105 0.1866 0.2698 0.3566 0.5440 0.5855 0.5954 0.6482 0.6702 0.7592 0.8359 0.8386 0.8937 0.9367 0.9702 
00000000000110000
00000000000010000
01000000000001000
00000000000010000
00000100000000000
00100000001010000
00000100000000000
00010000000010000
10000000100010000
00000000000010000
00001000010010000
00000100000000000
00000000000010100
00000000000010001
00000010000000010
00000000000010000
00000001000010000
00000100000000000
00000100000000000
00000000000010000

//
segsites: 11
positions: 0.0355 0.0653 0.4080 0.4381 0.4446 0.4638 0.4676 0.6125 0.7895 0.8334 0.9088 
00000000010
00000000010
00010000000
10000010001
00010000000
01000000000
00001000100
00000000001
00000100010
00010000000
00100000001
10000010001
00000000001
00000000010
00000000010
00000001000
00010000000
00000000000
00000000010
00000000001

//
segsites: 16
positions: 0.0526 0.1640 0.2312 0.2934 0.4000 0.4303 0.4454 0.4630 0.5595 0.6896 0.7514 0.9437 0.9746 0.9755 0.9800 0.9923 
0000000000000000
0001000001000001
0000000000000001
0000000000011001
0000000000100001
0000000000000000
0000011000000000
0000000000001001
0000000000000000
0100000010000000
0000000000000010
0010000000000001
0000000000000000
0000000000000000
0010100000000001
0000001100000000
0000000000000001
0000000000000100
1000000000000001
0000000000000010

//
segsites: 14
positions: 0.0957 0.1936 0.1975 0.3675 0.3934 0.5071 0.5307 0.5728 0.5849 0.7843 0.8221 0.8558 0.8990 0.9613 
01000000001000
01000000001000
00100000000000
01000000001000
01000000001000
01010010001000
00000100010000
00000000100000
00000000010000
01010000001000
10100000000000
00100000000000
01000000001000
01000000001000
01000000001000
00001001000000
01000000001100
00100000000001
00001001000000
00000000000010

//
segsites: 14
positions: 0.0182 0.0413 0.1945 0.5154 0.5232 0.5560 0.5743 0.5762 0.6190 0.6204 0.6701 0.7843 0.8179 0.8491 
00011001000000
00000000000001
00100000000100
01000101000000
00000000000000
00000010001000
00000000100010
00000010001000
00000010001000
00011001000000
10000000000100
00000000100000
00000000100000
00000000100000
00000010001000
01000001000000
00000000100000
00000000100010
00000000010100
00000010001000

//
segsites: 19
positions: 0.0610 0.0660 0.0916 0.1272 0.1303 0.1304 0.2578 0.3608 0.4062 0.4258 0.5247 0.5424 0.5618 0.7316 0.8883 0.8888 0.8910 0.9204 0.9262 
0000000000000000000
0000010000000000000
0000100000000010010
0010000000000100001
1000000000100000000
0000000000000000000
0000000000000000000
0000000000000000001
0000000000000000000
0000001110010001000
0000001100010001100
0000000000000000000
0000000000000000000
0000001100011001000
0000000000000000000
0001100000000010000
0001100000000010000
0000000000000000000
0100000001000000000
0000000000000000001

//
segsites: 11
positions: 0.0274 0.0571 0.1726 0.1799 0.2996 0.3486 0.7190 0.7593 0.8749 0.9730 0.9947 
00000101000
00000101000
00000101000
00000001001
00000101000
00000101000
00000101010
00000101000
00000101010
00000001101
00000101000
00010010000
00000101000
00100101000
00000001101
00000101000
00000101000
10000001001
00000101000
01001001101

//
segsites: 14
positions: 0.0633 0.1665 0.2608 0.4582 0.4887 0.6741 0.6961 0.7162 0.7337 0.7569 0.7779 0.8295 0.9424 0.9865 
00000000000100
01001101010000
00000010000010
00000100000000
00000010000000
00000100000000
00000100000000
11001101010000
00000010000000
00010100101001
11001101010000
00000010000000
00100100101000
01001101000000
00000100000000
00000100000000
01001101000000
00001101000000
01001101010000
00000000000100

//
segsites: 11
positions: 0.1463 0.2009 0.3587 0.4112 0.4893 0.4898 0.5642 0.7349 0.8666 0.8719 0.9438 
00000000000
00010011000
00000000000
00000000000
00010001000
00010001000
00001000110
00010001000
00000101000
00000000001
00001000100
01001000100
10000000000
01001000100
10000000000
00010001000
00001000100
10000000000
00100001000
10000000000

//
segsites: 8
positions: 0.0718 0.1217 0.2598 0.2938 0.4556 0.6705 0.8586 0.9558 
00010010
00000000
00000000
00000001
00000001
00010110
00100001
00000000
00010010
10001010
00000000
00000001
00000000
00010010
01000001
00000001
00000001
00000001
00000001
00000001

//
segsites: 8
positions: 0.0138 0.0895 0.1915 0.4085 0.6201 0.6350 0.7512 0.8767 
01000000
10000000
00000000
00100000
00000010
00010000
00000000
00000000
00000001
00000000
00000000
00000000
00000000
00000000
00010100
00000001
00001000
00000000
00000000
00000000

//
segsites: 7
positions: 0.2027 0.2820 0.4542 0.6530 0.7149 0.8695 0.8966 
1100000
1100000
0000011
1100000
1100100
0000000
0000011
0000011
1100000
0000011
0000011
0000000
0000000
0000011
0010000
0000011
0000000
0000000
0000011
0001000

//
segsites: 8
positions: 0.0022 0.1650 0.1850 0.3105 0.3422 0.3833 0.5215 0.6024 
00010000
00000100
00000100
00000100
00000010
01001100
00000100
00000000
00000100
00100000
00000000
10000000
00000000
00000000
00000100
00000100
00000100
00000101
01000100
00000000

//
segsites: 6
positions: 0.1074 0.4630 0.6194 0.6841 0.7895 0.9091 
010000
000100
000000
010000
010000
010000
001000
000000
000000
001000
001001
000000
000000
001001
000010
001000
100000
010000
000000
000000

//
segsites: 12
positions: 0.1597 0.1828 0.4777 0.4994 0.5119 0.5370 0.6047 0.6319 0.6366 0.6806 0.6806 0.8495 
000100000000
000000000000
000000000100
000010000010
000000010100
000000000101
000100000000
010100000000
000000000100
000000000000
000000000100
000000000101
000000000100
000000000000
000000000000
000000000010
000101000000
000100000000
101000100100
000100001000

//
segsites: 9
positions: 0.1405 0.1600 0.1804 0.5635 0.6723 0.8643 0.9285 0.9417 0.9769 
000010000
100101000
000010000
000010000
001000100
000010000
001000100
100101000
000010000
010000010
000000000
000010001
010000000
010000000
001000100
000000000
010000000
000000000
000000000
000010000

//
segsites: 15
positions: 0.1925 0.2283 0.2302 0.2482 0.3539 0.3556 0.3625 0.3723 0.4026 0.4665 0.6637 0.7573 0.7975 0.8835 0.9279 
000010000010000
000010000000000
100011010000100
000010000000000
010010000000001
000010001000000
000010000000000
000010000000000
000010000000000
000010001000000
000010100000000
001010000000000
100011010000100
000010000000000
000000000001000
000010000000000
000110000000000
000010000000010
000010000000000
000010000100000

//
segsites: 10
positions: 0.2464 0.3667 0.4030 0.5396 0.5824 0.6303 0.8726 0.9044 0.9393 0.9710 
0000000000
0000011000
0000000000
0000000000
0001000000
0100100100
0000001000
0000000000
0000011000
0000001000
0000001001
0000000000
0000001010
0000001000
1000000000
0000000000
0000000000
0000000000
0000000000
0010000000

//
segsites: 11
positions: 0.0373 0.4366 0.4742 0.4801 0.4873 0.5040 0.7631 0.7943 0.7971 0.8606 0.9559 
00001000000
00010011000
00010011000
01000011010
10000000000
00010011000
00010011100
00000000000
00000000000
00000000000
00000000000
00010011000
00000000000
00000100000
00010011000
00010011000
00000100000
01100011011
00010011000
00010011000

//
segsites: 11
positions: 0.0713 0.1669 0.1744 0.1906 0.2812 0.5159 0.6107 0.6522 0.7068 0.8232 0.8579 
01000000001
00010000100
01000000000
01000000000
00010001100
01000000000
01000000000
00010000100
01000000000
00110010100
01000000000
01000100000
00010000100
01000000000
01000000000
00010000100
01000000010
00110010100
01000000000
11001000000

//
segsites: 10
positions: 0.3370 0.3953 0.4237 0.5002 0.5457 0.6591 0.7985 0.9304 0.9316 0.9403 
0000000000
0000000000
1000000000
0000000000
0001000000
0000001001
0000000000
0000000000
0000001000
0000000000
0000000000
0000000010
0000000000
0000000000
0100000000
0000001000
0000001000
0000000100
0010110000
0000000000

//
segsites: 11
positions: 0.0511 0.2369 0.4781 0.5097 0.5313 0.5982 0.6631 0.7548 0.7874 0.8052 0.8697 
11000000000
01000000000
01000000100
01100001000
01100000001
01000000000
00001000000
01000000010
00000000000
01100001000
01100010001
01000000000
01000000000
00000000000
00000000000
01100001000
01000000000
01000000000
01000100000
00010000000

//
segsites: 10
positions: 0.2337 0.3271 0.3947 0.4339 0.5303 0.6030 0.6790 0.6871 0.8899 0.9927 
0010001000
0000000111
0000000111
0000000000
0000100000
1011001000
0000000111
1110001000
0000000110
1010011000
0000000111
0000000110
0000000000
0000000110
0000000110
1011001000
0000000110
0000000111
1110001000
0000000111

//
segsites: 16
positions: 0.0494 0.0641 0.0688 0.1094 0.3827 0.4058 0.4399 0.5030 0.5058 0.5613 0.5876 0.6181 0.7078 0.8116 0.8847 0.9594 
0000001111000000
1000000000010000
0000101101000000
0000001101000000
0000001111000000
0010001111000110
0000101101000000
0000101101000000
0000101101000000
0000001111000000
0000001111000000
1101000000100000
0000001111000000
0010011111000110
0000001111000000
0000001101000000
0010001111000110
0000001101000000
1000000000010001
0000001101001000

//
segsites: 16
positions: 0.0118 0.0257 0.1139 0.1872 0.3102 0.4077 0.4253 0.4968 0.5030 0.5110 0.6123 0.6423 0.7174 0.7351 0.7714 0.9095 
1000000001010000
1000100000000000
1000000000000000
1000000000000000
1010000000000000
0000001100000000
0000000010100000
1000000000000100
1000000000000000
0000001100000000
1000010000000000
1000000000000000
1000000000001000
0000000010000010
1100000000000000
1001000000000000
1000000000000000
1000000000000000
1000000000000001
1000000000000100

//
segsites: 15
positions: 0.0480 0.0597 0.0636 0.1276 0.2374 0.2851 0.2978 0.3586 0.4740 0.4763 0.6102 0.6542 0.7129 0.7468 0.9562 
000000000001000
010001000000100
001000000001000
010001000000110
000000000001000
110001010000001
010011000000100
110001010000001
010001000000100
010001000010001
000000100001000
000000000001000
010001000000100
010001000000100
010001000100100
010101000000001
110001010000001
001000001001000
000000000001000
000000000001000

//
segsites: 22
positions: 0.0476 0.0966 0.1281 0.1916 0.2266 0.2375 0.2697 0.2823 0.3105 0.3304 0.3603 0.3641 0.3843 0.4097 0.4600 0.7853 0.8033 0.8238 0.8333 0.8599 0.8880 0.8983 
0000010000000001000000
0010000000000001000000
0000000000001001001000
0000000000000000110000
0000000010000001000100
0000000000000000010000
0000000000000000010000
0000000000000000010000
0000100000000000010010
0000000100000010010000
0000000000001001001000
0000000000000100010000
0000000000001001001000
1000001001100001000000
0000000100000010010000
0000000000000001000001
0000000000001001001000
0000000100000010010000
0100000000000000010000
0001000000011001001000

//
segsites: 13
positions: 0.1133 0.1421 0.2227 0.2476 0.2943 0.3044 0.3585 0.4086 0.4157 0.4372 0.5603 0.5747 0.6427 
0000000100000
0000000010000
0000000000000
0000000000000
0000000000000
0001000000001
0010000000000
0000000000000
0000000000000
0000000000000
0000011000100
0100000000000
1000000000010
0000000001000
0000000000000
0100000000000
0000000000000
0000100000000
0000000000000
0000000000000

//
segsites: 14
positions: 0.0184 0.1426 0.2014 0.2205 0.3965 0.4321 0.4995 0.5433 0.6867 0.7234 0.7657 0.7803 0.8466 0.8485 
00000001010000
00000000001000
00000100001010
00000100001010
00000100001010
00000001000100
00000001000100
01000011010000
00000001010000
00000000001001
00000001000100
00000001000100
00100011010000
00001001000100
00000011010000
00000100001010
00000001000100
00000000001000
10000100001010
00010000101001

//
segsites: 12
positions: 0.0163 0.0594 0.1533 0.3185 0.3211 0.4779 0.4932 0.5381 0.6168 0.7512 0.9670 0.9772 
001010000101
001010000101
000010000000
001010000000
000010100000
001010000000
100010100010
000010100000
000110101000
010010100000
000010000000
001010000000
001010000000
000001000000
001010000000
100010100000
001010010000
000010100000
100010100000
001010010000

//
segsites: 13
positions: 0.0978 0.1602 0.2250 0.3685 0.4477 0.4576 0.6883 0.7074 0.7573 0.7703 0.7841 0.9205 0.9525 
0000000100000
0000100000100
0000000000000
0000000010000
0000100000100
0000100000100
0000000000000
0000000000000
0000000000000
0000000101000
0000001100000
0000000000000
0000100000100
1000100000100
0000010000000
0001000000001
0001000000001
0000000000000
0000000000000
0110000000010

//
segsites: 13
positions: 0.0307 0.0926 0.4109 0.5261 0.5673 0.5882 0.6039 0.6594 0.6596 0.6653 0.6904 0.8071 0.8480 
0000000001000
0000000000100
0010000000100
0001000000101
0000000000000
0000000000010
1000000000100
0100000001000
0000000000000
0000000000000
0000100010000
0000010000000
0000000000010
0000000000000
0001000000101
0000000000000
0000001000000
0000000100100
0000000000000
0000000000010

//
segsites: 19
positions: 0.0059 0.0807 0.1190 0.1239 0.1284 0.1403 0.1515 0.2279 0.2456 0.2488 0.2962 0.3842 0.4552 0.4823 0.5978 0.6108 0.6646 0.7446 0.8174 
0000001000000000001
1000000000000100000
0100000000000000001
0000010000000000000
0000000001001000001
0000000000000100000
0000100000000000001
0000000100000010001
0000000000000000001
0000010000000000000
0010010000000000000
0000000010100000000
0001010000010000000
0000000000000100000
0000001000000001101
0010010000000000000
0000000001001000001
0010010000000000000
0000000000000100010
0000000001001000001

//
segsites: 13
positions: 0.0710 0.0863 0.1679 0.2873 0.3531 0.4039 0.6241 0.6447 0.7031 0.7126 0.8471 0.8915 0.8969 
0100000010000
0000010000000
0001000001001
0010001000000
0000000000100
0001000001000
1000000000000
0000000000000
0001000001000
0000000000000
0000100100000
1000000000000
0100000000010
0000000000000
0010001000000
0001000001000
0000100100000
0000010000000
1000000000000
1000000000000

//
segsites: 12
positions: 0.1214 0.1881 0.1980 0.2908 0.3165 0.4139 0.4332 0.4785 0.4810 0.7854 0.8898 0.9683 
000010010000
011000000000
000001000001
100000000000
000010000000
001000000100
001000000100
000010000000
001000100000
100000000000
000110010000
000001000001
000000000000
000010000010
000010000010
001000000100
001000001100
000000000000
011000000000
000010000010

//
segsites: 8
positions: 0.0315 0.1017 0.1919 0.2842 0.3185 0.5765 0.6703 0.9868 
01101000
10010100
00100000
10010100
01100000
10010100
01100000
10010100
10010110
10010101
10010100
10010100
10010100
10010110
10010100
01100000
10010110
10010110
10010100
10010100

//
segsites: 16
positions: 0.0252 0.0274 0.0343 0.1523 0.2202 0.3020 0.3147 0.4506 0.4912 0.6514 0.6648 0.7753 0.8217 0.8388 0.9276 0.9827 
0001010000000010
0010000010001001
0010100011001001
0010100010101001
0010000010001001
0110000010001001
1110000010001001
0000010000000110
0110000010001001
0000010000010010
0010100110001001
0010101011001001
0010100010101001
0010100011001001
0010100011001001
0010100010001001
0001010000000010
0010100011001001
0010100011001001
0000010000000110
