./ms 20 1 -t 20 -G 59.91465 -eG 0.05 0 
34355 51980 14238

//
segsites: 6
positions: 0.0697 0.1634 0.4936 0.8123 0.8991 0.9412 
000000
001000
100000
000000
000000
000000
000010
010000
000000
000100
000000
000000
000000
000000
000011
000000
000000
000000
000000
000000

//
segsites: 10
positions: 0.0148 0.1726 0.2432 0.4507 0.5955 0.6218 0.6707 0.6795 0.7445 0.9866 
0000000000
0000000101
0000000000
0000000000
0000000000
0000000000
0000000000
0000000101
0000000010
0100101000
1010000000
1010000000
0010000000
1010000000
0000000000
1010000000
0001000000
0000000000
0000000000
0000010000

//
segsites: 13
positions: 0.1507 0.2684 0.3104 0.3225 0.4065 0.4197 0.5445 0.5744 0.6362 0.6862 0.7190 0.7647 0.9262 
1000000000000
0100000000000
0000000000000
0000000100000
1000000000000
0000000001000
0000000000000
1000000000000
0000000100000
0000000000001
0001000000000
0000001010010
1000000000000
0000000000000
0000000000000
0000010000000
1000000000000
0010000100000
1000100000100
0000000001000

//
segsites: 13
positions: 0.0977 0.1806 0.2133 0.2330 0.2506 0.2946 0.3792 0.4641 0.8229 0.8873 0.8918 0.9124 0.9315 
1000001000000
0100000010000
1000000000000
0010000000000
1000000000000
0100000011000
1000000000100
0100010000010
0010000000000
1000000000000
1000000000000
1001000100000
0100100010000
0100100010000
0010000000000
1000000000001
0100000000000
0100010000010
1000000000001
1000000000100

//
segsites: 11
positions: 0.0533 0.3130 0.4177 0.4496 0.6721 0.7202 0.7349 0.8016 0.8591 0.8799 0.9331 
10010000000
00001000000
00001000000
00001000000
10110001000
10110000000
10010000000
10010000000
00001000000
11010010100
10010010100
10010000011
00001000000
00001000000
10010000000
10010000000
00001000000
10010100000
10110000000
00001000000

//
segsites: 18
positions: 0.0014 0.0197 0.0609 0.0946 0.1488 0.2503 0.3451 0.3500 0.3775 0.4823 0.5038 0.5979 0.6186 0.8432 0.8471 0.8596 0.9286 0.9901 
000000000000000010
000000100010000000
000100000000100100
000010000000000000
100000000000000011
000000000000100100
000000000001000000
000000000100010000
001000000000000000
000000000000000000
000000000000001000
000100010000100100
000000001000000000
000000000000000010
010000000000000000
000000000000000000
000000000000001000
010000000000000000
000001000000000000
000000000000000010

//
segsites: 23
positions: 0.0898 0.0918 0.1332 0.1588 0.1636 0.1984 0.2082 0.3463 0.4112 0.4299 0.4440 0.4659 0.5411 0.5496 0.5505 0.5698 0.5807 0.8153 0.8188 0.8451 0.8984 0.9180 0.9761 
00000000001000010010000
00000010000001000000100
00000000000100000011000
00000010000000000000100
00000011100000000000100
00000000000100000011000
00000010000000000000110
00001000000100000011000
01000010000000000000111
00000000000100000011000
00000010010000000000100
10000000000100100111000
00000110000010000000100
00000000000000000010000
00100010000000001000100
00000011000000000000100
00000010000000000000100
00000000000100000011000
00010000000100000011000
00000010000000000000100

//
segsites: 7
positions: 0.1795 0.4261 0.4544 0.5920 0.8403 0.8733 0.9523 
0000000
0000000
0100000
0000000
0001000
0000000
0010000
1000000
0100000
0000000
0000000
0100010
0100011
0000000
0100010
0100010
0100010
0100010
0100110
0100010

//
segsites: 18
positions: 0.0653 0.1376 0.1482 0.2424 0.2664 0.3179 0.3388 0.3618 0.5814 0.5877 0.7176 0.7464 0.7749 0.7931 0.8369 0.8458 0.9323 0.9668 
111000000001000000
011000000100000000
000001000000100000
111000010001000000
111000010001000000
000001100000101000
111000000000000000
000001001000100010
000001000000100000
111010000000000000
011000000100010000
011000000100000000
000001001000100111
111000000000000000
000001001000100010
011100000000000000
000001001000100000
111000010011000000
111000000000000000
011000000000000000

//
segsites: 16
positions: 0.0532 0.1080 0.3478 0.3713 0.3893 0.4934 0.5352 0.5917 0.6095 0.6299 0.8120 0.8491 0.8980 0.9116 0.9188 0.9331 
0000000100001000
0000001011000010
1000000000000000
0000000000001000
0000000010100001
0000000010000101
0000000010100001
0000000000001000
0000000010100001
0001100000000000
0010000010000001
0000000000001000
0000000010000001
0000000000001000
0000000000001000
0000000000011000
0000001011000010
0100000000000000
0000110000000000
0000000010000001

//
segsites: 6
positions: 0.3120 0.3921 0.4184 0.4412 0.4691 0.5493 
000001
000000
010001
000000
000000
000000
000001
000000
100000
100000
000000
000001
001000
000000
001000
000100
000000
000001
000010
000000

//
segsites: 11
positions: 0.1808 0.3116 0.3196 0.3245 0.4796 0.6707 0.6958 0.7202 0.7265 0.7458 0.9470 
00000000000
00000000000
00111000000
00001000010
00000000000
00001000000
00000000000
01000000000
10000000000
00000000101
00001000000
00000000000
01000000000
00001000010
00001100000
00000000100
01000000000
00001011000
01000000000
00000000100

//
segsites: 12
positions: 0.0511 0.0761 0.1936 0.3288 0.3355 0.4971 0.6139 0.6450 0.8223 0.8543 0.9232 0.9708 
000000000100
010000000110
000000000100
001000010000
100000000001
000000000100
000000000000
000000000100
100000000000
000000000000
100000000000
100000101000
000000000100
000010010000
000001000100
100000001000
000100000100
100000001000
000000000100
100000000000

//
segsites: 15
positions: 0.0007 0.0059 0.0444 0.1855 0.2169 0.3190 0.4596 0.4832 0.5010 0.5430 0.5790 0.6635 0.6768 0.8252 0.8377 
000000000000010
000010001000000
000010001000000
000000000000000
000000010100000
000001000000100
000000000000000
000010001000000
100000000000000
010000000010000
000010001000000
000000000000000
000000000000000
000000100000100
000000000000000
000010001000000
001100000001001
000000000000100
000000000000000
000000000000000

//
segsites: 4
positions: 0.4060 0.5478 0.5497 0.5851 
0000
0010
0100
0000
0010
0000
0001
0000
0000
0000
0010
0010
0000
0000
1000
0000
1000
0000
0000
0000

//
segsites: 5
positions: 0.0371 0.1924 0.3792 0.6028 0.7436 
01001
00000
00001
00000
00000
00001
00000
00001
00000
00001
10000
00000
00100
00000
00000
00000
00010
00000
01001
00000

//
segsites: 16
positions: 0.0057 0.0809 0.0998 0.1035 0.1610 0.1853 0.2976 0.3050 0.3329 0.4359 0.6018 0.6659 0.7321 0.7567 0.8965 0.9447 
0100101000000000
0100011010000110
0100001010010000
0110101000000000
0100101000000000
0100101000000000
0100101000001000
1000000001000000
0101101000100000
0100001010000000
0100101000000000
0110101000000000
0100011010000010
0100011110000110
1000000001000000
1000000001000001
1000000001000000
0100101000000000
0100001010000000
0100101000000000

//
segsites: 13
positions: 0.0400 0.0649 0.1050 0.1205 0.2665 0.2996 0.3286 0.5143 0.6213 0.7253 0.7447 0.8705 0.9751 
0011000010000
1111010011000
0001000000000
0000000000010
0011000010000
0001001000000
0000000000010
0000000000110
0001000010000
0000000100010
0001000000000
0000000000010
0001000000000
0001000000000
0001000000000
0000000000010
0000100000011
0001000000000
0011000010000
0001001000000

//
segsites: 17
positions: 0.0410 0.0631 0.1626 0.2039 0.2322 0.2665 0.2738 0.3260 0.3824 0.4214 0.4499 0.4780 0.5279 0.5661 0.5811 0.5855 0.5971 
00000000010001000
00000001100010001
00100000000110011
00001000000010001
00000000000010001
01000000000010001
00000000000010001
00000000010001000
00000100000010001
00000000010000000
00000000000010001
00000000000010001
00000000000010101
00010000011001000
10000000000010001
00000010000010001
00000001100010001
00000000000010001
00000000000010001
00000001100010001

//
segsites: 5
positions: 0.1123 0.2074 0.2351 0.3504 0.4642 
01010
00000
00010
00000
00000
00000
00000
00000
00000
10000
00000
00000
00000
01110
00000
00000
00000
00001
00000
00000

//
segsites: 11
positions: 0.1293 0.4630 0.5041 0.5491 0.6264 0.6338 0.6560 0.7890 0.8302 0.9034 0.9509 
00000000000
00000010100
00000000000
00000000000
00000000000
00000100000
00100000000
00000000010
01001000000
10000000001
00000000000
00001000000
00000000000
00000001000
10010000001
00000000000
00000100000
00001000000
00000000000
00000000000

//
segsites: 8
positions: 0.0365 0.4580 0.4675 0.5180 0.8259 0.9261 0.9369 0.9769 
00000000
01000000
10000001
00000000
01010000
01010000
01000000
00001010
00000000
00000000
00100000
00000000
00000100
00000000
00001010
00000000
00000001
00000000
00000000
00000000

//
segsites: 8
positions: 0.1640 0.2072 0.3922 0.5665 0.7258 0.7734 0.7829 0.9691 
10000000
00000000
00000000
00100000
00000000
00000000
00100000
01001000
00000001
00000000
00000000
00000000
00010100
00000000
00010000
01001000
00000000
00010010
00000000
00010100

//
segsites: 11
positions: 0.0245 0.0300 0.0431 0.0688 0.2130 0.2340 0.2698 0.3537 0.3914 0.6585 0.9490 
00100110000
00100100000
00100100000
00000000000
00100100000
11001000001
00000000000
00000100000
00000000000
00000000100
01011000001
00000000000
00000100000
00100100000
00000000000
00100111010
11001000001
00100100000
00100100000
00000000000

//
segsites: 9
positions: 0.0740 0.1349 0.2376 0.6004 0.6453 0.7336 0.7395 0.7620 0.9528 
000000011
010000000
100000001
010000000
000000001
000111000
010000000
010000000
000000001
001000000
000000001
000000000
010000000
010000100
000000000
000000000
000000011
010000000
000000001
010000000

//
segsites: 3
positions: 0.5263 0.6447 0.8264 
001
000
000
001
010
000
001
000
000
001
010
000
000
000
000
000
100
000
001
000

//
segsites: 12
positions: 0.0089 0.0485 0.0662 0.1622 0.2122 0.2797 0.5038 0.5082 0.6791 0.7275 0.8707 0.8745 
000000000011
001000000000
000000000000
000000000000
100010000000
001000000000
001000000000
000000000000
000000000000
001000000000
000000000000
000000000000
100110001000
000000000000
000000000000
000001110010
010000000100
000000000000
000000000000
000000100010

//
segsites: 19
positions: 0.1309 0.2946 0.3165 0.4138 0.4745 0.5074 0.5143 0.5215 0.5445 0.6491 0.6719 0.6779 0.7940 0.8091 0.8228 0.8586 0.8825 0.8896 0.9138 
0000000101000000000
0000000000000001000
0000010000000000110
0000000000000000110
0000000000000000000
0000000000000000000
0000000111000000000
0010000101010000000
0000000000000000000
0000100000000000001
0000000000000010000
0000000000000000000
0001001101100000000
0100000000000000000
0000000000000000000
0000000101000000000
0000000000000100000
0000000000000000000
1000000101001000000
0000000111000000000

//
segsites: 18
positions: 0.0188 0.0281 0.1998 0.2130 0.2244 0.2726 0.2801 0.3719 0.5283 0.5339 0.5468 0.5652 0.5954 0.6813 0.7127 0.7827 0.8738 0.9923 
000000000000000000
000000000010100000
000000000000000000
100000001000000000
000000000010100000
011000000100000000
000000000000000000
000000000000000000
000000010000000000
000000000000000000
000000100000000000
000010000000000001
000001000000010000
000000000000000000
000000001000000000
100000001000000000
000000000000010000
000100000000001110
000000000000000000
000000000001000000

//
segsites: 7
positions: 0.0863 0.1569 0.3563 0.4051 0.5026 0.5094 0.9504 
0001000
0000101
0001010
0001000
0100100
0000100
0000100
0001010
0000100
0001000
0000100
0011000
0000101
0000101
0000100
0001000
1001000
0000100
0001000
0001000

//
segsites: 8
positions: 0.1274 0.1596 0.2686 0.4246 0.4762 0.7618 0.8853 0.9051 
00000000
01100001
00000000
00000000
00000001
00000000
00000000
00000000
01100001
00000100
00000000
00010001
00001000
00000000
00000010
10000001
00000000
00000000
00100001
00000000

//
segsites: 10
positions: 0.0762 0.1812 0.2788 0.4790 0.4824 0.5247 0.7147 0.8627 0.8646 0.9277 
0000000001
1001000000
0110000100
1000000000
0000000000
1000010000
0000000000
0000000011
1000000000
1000100000
0000000000
1000010000
1000000000
0010000000
0000000000
1000010000
1000010000
0000000000
1000000000
1000001000

//
segsites: 17
positions: 0.0286 0.0561 0.1070 0.2629 0.3609 0.3912 0.4065 0.4662 0.4759 0.4988 0.5058 0.5929 0.6924 0.7515 0.7783 0.9162 0.9923 
01100000001000000
00000000000000000
00000000101000000
00000000000000000
00000000001000101
00000000001001010
01000000001000000
00000000000000000
00000000000000000
00000000000000000
00001000001100010
01000000001000000
00000001011000010
01000000001000000
00000001011000010
10000000000000000
00010000001000001
00000100000000000
00000010000010000
00000000000000000

//
segsites: 10
positions: 0.1476 0.2476 0.3224 0.4732 0.5629 0.5729 0.5812 0.6495 0.8279 0.8481 
0010000000
0001000100
1000000000
0010000000
0000100000
0000010010
0000000100
0000001100
0000000000
0000000000
0000000000
1000000000
0000010010
0100010010
0000010010
0010000000
0000010010
0000000000
0000000100
0000000001

//
segsites: 16
positions: 0.0057 0.0236 0.0853 0.0974 0.1968 0.2149 0.3174 0.3302 0.3400 0.3534 0.4022 0.4359 0.4586 0.7256 0.7385 0.9957 
0000000010000000
0000000000000000
0000000000000010
0000000010010100
0000000000000000
0100100000101001
0000000010000100
0000000010000100
0000000000000000
0000000000000010
0100000000001001
0000000010000100
0000000010000100
0000000000000000
1000010100000000
0100000000001001
0001001001001001
0110000000001001
0000000010000100
0100000000001001

//
segsites: 10
positions: 0.1308 0.1860 0.2249 0.3437 0.3769 0.6282 0.6334 0.6966 0.7476 0.8067 
0000000000
0010000000
1100001000
0000000000
0000000000
0001000000
0000000010
0000100000
0000000000
0000010000
0000000000
1100001101
0000000000
0000000000
0000000000
1100000000
0000000000
1100000000
0000000000
0000100000

//
segsites: 7
positions: 0.0579 0.1981 0.2109 0.3050 0.3369 0.4770 0.6539 
0000000
0000000
0000000
1000000
0001000
0000000
0000000
0000000
0000000
1000000
1000000
0100000
0100000
0000000
0000010
0000101
0100000
0100000
0100000
0010001

//
segsites: 10
positions: 0.0421 0.0576 0.0821 0.1052 0.1085 0.1872 0.5521 0.5828 0.7065 0.8066 
0000000100
0000001000
0000100000
0000010000
0000100000
0000001010
0010000000
0000001000
0000000000
0000000000
1001000000
0000001000
0100001000
0000100000
1000000000
0000000000
0000100000
0000100001
0000000000
0000100000

//
segsites: 16
positions: 0.0159 0.0232 0.1104 0.1166 0.1197 0.1803 0.2400 0.4029 0.4531 0.5300 0.8402 0.8453 0.8749 0.9056 0.9059 0.9818 
0000000001000000
0010000000000000
0000000000000000
0000000000000000
0000000000000010
0000000000001000
0001010010000000
0000000000000000
0000000000000010
0000000000000000
0100100000100000
0001010010000000
1000000000000000
0000001000000100
0000000000000000
0010000000010000
0001010010000001
0000000000001000
0000000100000000
0000000000000010

//
segsites: 7
positions: 0.0682 0.2849 0.3778 0.4750 0.5607 0.5899 0.9164 
0001000
0000001
0000100
0000000
0001010
0100000
1000000
0000000
0010000
0000000
0000000
0000100
0000000
0001000
0000000
0000000
0000000
0000001
0001000
0000000

//
segsites: 10
positions: 0.0037 0.0042 0.0431 0.1379 0.3274 0.3530 0.3651 0.3834 0.4851 0.7525 
0000010000
0000000010
0000100000
1000010000
0000100000
0000100000
0000100000
0000010000
0000100000
0100100001
0000100000
0000100100
0000010000
0000100000
0000101000
0010100000
0000000010
0001000010
0000100000
0000100100

//
segsites: 13
positions: 0.0796 0.1233 0.2470 0.2510 0.2553 0.3199 0.3531 0.5642 0.5734 0.7162 0.8443 0.9064 0.9803 
0000001010000
0001000010000
0000100000000
0001000010000
0000100000000
0010000010000
0100000010000
0010000110010
0000000011001
0000000010000
0000000010100
1010000110010
0000100000000
0000010010000
0000010010000
0010000010000
0010000010000
0000000010000
0001000010000
0000000010000

//
segsites: 16
positions: 0.1523 0.2035 0.2481 0.2539 0.3286 0.4214 0.4218 0.5709 0.6052 0.6124 0.6126 0.6273 0.6647 0.7630 0.8190 0.8272 
0000000000000000
0100000010000000
0000000000000000
0001000000000010
0000001001000000
0000000000000000
0000001001010000
0000010000000000
0000000000000000
0000000000000000
0000010000000000
0000000000000000
0100000000101000
0000000000000000
1000000000000000
0000000000000000
0010000100000100
0000010000000000
0000000000000000
0000100000000001

//
segsites: 15
positions: 0.1180 0.1269 0.1382 0.1450 0.1979 0.2154 0.2421 0.4055 0.4862 0.4925 0.5542 0.5839 0.5943 0.6328 0.8706 
001000000000100
000000000000000
000000001000000
000000000010001
000000001000000
000000000001000
000000000000000
110000000000100
000100010000000
000000000000000
000000000000000
000000000001000
000000000000000
000000000000010
000001000100100
000010000000000
000000000000000
000000000000000
000000000000000
000000100000000

//
segsites: 12
positions: 0.1106 0.1293 0.1299 0.3238 0.4938 0.5918 0.5987 0.6864 0.7050 0.7971 0.8813 0.9235 
000000000000
000000000000
000100000000
000000000000
010000000000
000010000000
001001100000
000000000010
100000001101
000000010000
000000000000
000000000000
100000001101
000000000000
000000000000
000000000000
000000000000
001000100000
000000000000
000000000000

//
segsites: 4
positions: 0.3252 0.5441 0.7372 0.8183 
0101
0000
0101
0000
0000
0000
0000
0000
0000
0010
0010
0000
0000
0000
0010
1000
0000
0000
0101
0000

//
segsites: 11
positions: 0.1875 0.2175 0.2742 0.3510 0.4331 0.5675 0.6192 0.7372 0.7413 0.8036 0.8166 
00000010000
00010000001
00000001000
00100000000
00000000000
00000000001
00000010000
00000000000
00000000001
00001000000
00000000100
00001000000
00000000000
01010000001
00000000001
00000000000
00000100010
10000001000
00010000001
00000000000

//
segsites: 14
positions: 0.0418 0.0835 0.1594 0.3059 0.3121 0.3463 0.4423 0.4634 0.5455 0.5735 0.6561 0.7746 0.7934 0.8449 
00000000001100
01000000000100
00000000000100
01000000000100
00101010000010
00000000000100
00010000000100
01000000000100
10101010000010
00000001000101
00000001000100
00010000000100
01000000000100
00000001000100
00000100000100
00000000001100
00000000100100
00000001000101
00010000000100
00000001010100

//
segsites: 10
positions: 0.2015 0.2091 0.2650 0.3883 0.3947 0.5091 0.6830 0.7034 0.8367 0.9478 
0000000000
0000010000
0101100000
0000000010
0010000000
0000000000
0000000100
0000000000
0000000000
0000000000
1001000001
0000000100
1001000001
0000000000
0101000000
0000000000
0000000010
0101000000
0010000000
0000001100

//
segsites: 7
positions: 0.0486 0.1267 0.1294 0.4068 0.5719 0.5758 0.9005 
0001010
0000011
0000010
0000010
1000010
0000010
0000010
0000010
0000010
0000010
1000010
0000010
0000010
0000110
0000010
0100010
0000000
0010010
0000010
0000010

//
segsites: 12
positions: 0.0598 0.1549 0.1871 0.2724 0.3335 0.4542 0.5073 0.6107 0.6607 0.7305 0.9508 0.9718 
000000001000
000000000000
000000000000
000000011000
000000000000
100000001100
000000000010
000000011000
100000001100
000000000011
000101000000
001000000000
000000001000
000010101000
000000000000
100000001100
000000001000
000000001000
010000000000
000000000000

//
segsites: 12
positions: 0.0105 0.0537 0.1981 0.3627 0.4797 0.5288 0.5768 0.6051 0.7359 0.8091 0.8539 0.8817 
100000000000
001100000001
001100000001
010000100010
000000000000
000100000001
010000101010
000110000001
000000010000
000100000001
000100000001
010000100010
000101000001
000100000001
000100000001
000000000010
000100000001
000000000000
000000000110
000000000000

//
segsites: 14
positions: 0.1110 0.2724 0.2757 0.3785 0.3849 0.4132 0.4748 0.5049 0.5427 0.6505 0.6683 0.7472 0.7923 0.8494 
00000001000010
00000100010000
00000100011000
00000100010000
00000100010000
00000000010100
00000100010000
10000100010000
01000100010000
00000010000010
00000001000010
00000100010000
00010100010000
00001000010000
00100100110000
00000100010001
00000010000010
00001000010000
00001000010000
00010100010000

//
segsites: 6
positions: 0.3709 0.4610 0.5034 0.7823 0.8923 0.9201 
010000
000100
000001
000000
001000
010000
000001
000000
000000
000010
000000
000000
100100
010000
000001
000010
000000
000001
000100
000001

//
segsites: 6
positions: 0.2858 0.4360 0.5544 0.7557 0.7613 0.8280 
000000
000000
010000
000011
000000
000011
001011
000000
000011
000000
001011
000000
000000
000000
000000
000111
101011
000000
000000
000000

//
segsites: 12
positions: 0.0922 0.1275 0.2983 0.3765 0.4014 0.4101 0.5781 0.6565 0.6888 0.9379 0.9483 0.9776 
000110000000
000110000000
000010000010
000110001000
000010000010
000110000000
000110000000
000111000001
000010010010
000000100000
000110000000
000010000010
000110000000
001110000000
100010000100
000111000001
010110000000
100010000000
000010010010
000110000000

//
segsites: 12
positions: 0.0054 0.0677 0.2425 0.3388 0.3435 0.3456 0.3993 0.6231 0.7000 0.7359 0.7426 0.8733 
000100000000
000100000000
000100000000
000100100000
100000000001
000100000010
000100000010
000100000000
000100000100
000100010000
000100000000
000101001000
000100000000
000100000000
100000000001
000100000000
001110000000
010100000000
000100000000
001110000000

//
segsites: 11
positions: 0.0861 0.1750 0.2451 0.2788 0.3756 0.4733 0.6978 0.7864 0.8086 0.8823 0.9038 
00000010000
00000000000
00000000010
00000000000
00000010000
00000000100
00000000100
00010000000
00000000100
00000000000
00100001000
00000000000
00000000000
00000000100
01000101000
00000000000
10000000000
00000000001
00001000000
00000101000

//
segsites: 10
positions: 0.1172 0.2233 0.3316 0.4716 0.4753 0.5387 0.6144 0.6860 0.7337 0.8991 
1010000000
1000000000
0000000000
1000000000
0000000000
0000000000
0100000000
1010000010
0000000000
0001011100
1000000001
1010000000
1010000010
1010000000
0000000000
1000000000
1000000000
1010000000
0000100000
0000000000

//
segsites: 16
positions: 0.0528 0.0844 0.0883 0.1071 0.1666 0.1711 0.2667 0.2915 0.3499 0.4497 0.5555 0.6765 0.7045 0.8444 0.9395 0.9694 
1000010000110000
0000000000000001
0000010000000000
0000010000000000
0000010000000000
0000000000000001
0001001000000001
0001001000000001
0000000000000001
0000001000000001
0000010010000000
0100100000000111
0000010010000000
0000001100000001
0000010000000000
0000010001100000
0000010000000000
0000010000000000
0010000000000001
0000010000001000

//
segsites: 13
positions: 0.1245 0.2243 0.3496 0.3521 0.3814 0.5035 0.5164 0.5542 0.5711 0.6571 0.6902 0.7863 0.9448 
0010000000000
0000010000010
0001000000000
0000001010000
0000001010000
0000000000000
0000000000000
0100000000000
0000000100000
0000000000000
0000000000000
0000000000000
0010000000000
0000000000000
0100000000000
1000100001000
0000000000000
0100000000000
0000000000101
0000000000000

//
segsites: 11
positions: 0.0077 0.0113 0.2130 0.2867 0.6001 0.6234 0.6451 0.8288 0.8575 0.9379 0.9525 
00000000000
00010000000
00010000000
00000000001
00000010000
00000000000
00000001000
00000000000
00000000100
00000010000
00100100000
00000000000
00001000000
01000000000
00010000000
00001000000
00000000010
10000000000
00000000000
01000000000

//
segsites: 10
positions: 0.0788 0.2098 0.2688 0.3163 0.3226 0.3532 0.4770 0.4961 0.7227 0.7669 
0010000010
0000101000
0000000000
0001001000
0000101000
0000000000
1000001100
0100010000
0010000010
0100010000
0000000000
0000001100
0010000000
0001001000
0000000000
0000001100
0010000000
0000000000
0000101000
0000001001

//
segsites: 7
positions: 0.0210 0.2616 0.3871 0.3974 0.6178 0.7878 0.8276 
0000000
0010100
0000010
0000100
0100100
0000000
1000000
0000100
0001100
0010101
0000100
0010100
0000100
0000100
0000010
0000000
0000010
0000100
0000100
0000000

//
segsites: 17
positions: 0.0282 0.0847 0.1239 0.1320 0.1424 0.4174 0.5205 0.5434 0.5567 0.5627 0.6120 0.6341 0.6453 0.6506 0.7586 0.7874 0.8183 
00000101010010000
00000101000011000
00000101000010001
00100101010010000
01000101000010010
00000101100010100
00000101000010000
00000101000010000
00000101000110000
00000101001010000
00000101000010000
01000101000010000
10011000000000000
00000101000010000
00000101000010000
00000101000010000
00000101000010000
10001010000000000
00000101000010000
01000101000010000

//
segsites: 12
positions: 0.1111 0.1470 0.2415 0.2554 0.3008 0.3935 0.4751 0.5207 0.5532 0.6710 0.7089 0.9618 
011000000110
000000010100
000000000000
000000000000
000000000000
000100010100
100000000000
100000000000
000010010100
000000000000
000000100000
000000000000
011000000110
000000000000
000001101001
000000000000
000001101001
000001101001
011000000110
000000000000

//
segsites: 11
positions: 0.0219 0.0870 0.1097 0.1661 0.2297 0.2506 0.2512 0.3431 0.3819 0.4638 0.4974 
00010010000
00001010000
00000010000
00000010000
00000000000
00000010100
00000010010
00000010000
00000010000
00000010000
00000000000
00000010000
00000011000
00100010000
00000110001
10000010000
00000011000
00000010010
00000000000
01000110001

//
segsites: 8
positions: 0.0634 0.3341 0.3470 0.3876 0.4827 0.5254 0.6468 0.7485 
00000010
00000010
00000000
00000000
00000000
00000000
10111010
01000110
00000010
00010011
00000000
00000010
01000110
00000000
00000010
00010010
00000000
00000000
00000010
00010010

//
segsites: 8
positions: 0.1285 0.1704 0.3472 0.4190 0.5142 0.6472 0.9424 0.9850 
00000000
00001100
00010000
01000010
00000000
00000000
00000010
00000010
00000100
01000010
01000010
00000010
01000010
00000000
00000000
00000001
00100010
10000100
10000100
00000010

//
segsites: 13
positions: 0.1791 0.2106 0.3517 0.3978 0.4142 0.4229 0.4275 0.4334 0.4505 0.6462 0.8138 0.8511 0.8678 
0000001100000
0000000010011
0010000000010
0000000000010
0000000001010
0000001000000
0000001000000
0000001000000
0000000000010
0100000000010
0001101000000
0001101000000
0100000000010
0000001000000
0001101000000
0000001000000
1000001000100
0000011000000
0000001000000
0000001000000

//
segsites: 8
positions: 0.2341 0.3364 0.3550 0.3571 0.4508 0.6895 0.7067 0.8640 
00000000
00000000
01010001
00100000
00000000
01010001
01010000
01010001
01010001
10000000
00000000
00000000
00000100
00100000
00001000
00000110
00000000
00000000
00000000
00000100

//
segsites: 15
positions: 0.0471 0.1620 0.1626 0.3102 0.3331 0.3365 0.5040 0.5073 0.5154 0.5623 0.6136 0.6452 0.6748 0.8544 0.9968 
000000000000000
000000000000000
000000000100000
000000000000000
000000000000000
000000000000100
000000100000000
000010000000001
000000000000000
000000000000000
000000000001000
001000000000000
000000000000000
100000010000000
000000000000000
010000000000000
000000000000000
000001001000010
000100000000000
000001001010010

//
segsites: 18
positions: 0.0144 0.0679 0.2503 0.3108 0.3547 0.4342 0.4628 0.4817 0.5042 0.5083 0.5487 0.6214 0.6271 0.6446 0.7106 0.7397 0.7772 0.9843 
000000000010000000
000000000000000000
000000000000000000
000000000010000000
000010011010000001
000000000010000000
000001000000000100
100000000010001000
000100000010000010
000000000011000000
000000000100000000
000000000000010000
010000000000000000
000000000010000000
010000000000100000
000001000000000000
100000000010000000
001010111010000001
100000000010000000
100000000010000000

//
segsites: 6
positions: 0.0629 0.0769 0.0909 0.2799 0.5652 0.9237 
110010
100010
100010
100110
100010
000000
000000
000000
110011
000000
000000
000000
100010
000000
000000
001000
000000
000000
000000
000000

//
segsites: 15
positions: 0.1019 0.2142 0.2919 0.4248 0.5160 0.5274 0.6660 0.7199 0.8228 0.8490 0.8627 0.8928 0.9227 0.9648 0.9719 
000000000001000
000011000000100
110100100000000
000011000000000
000011000000000
001000001000000
001000001010000
000011000000000
000011000100100
000000000001000
000011010000010
000011000000100
000011000000100
000011000000101
000011000000000
000011000000000
000011000000000
110100100000000
000011000000000
000000000001000

//
segsites: 14
positions: 0.1119 0.2090 0.2099 0.2456 0.3511 0.5001 0.5732 0.6152 0.6328 0.6595 0.7024 0.8753 0.9378 0.9409 
00000000000000
00010000011100
00010100011100
00000010100000
01010000011000
11010000011000
00110000011000
00000000100000
01010000011010
00010000011000
00000000000000
00010000011100
00000000000000
00000000000000
00000000000001
01010000011000
00010001011000
00001000100000
00000000100000
00000000000000

//
segsites: 15
positions: 0.0060 0.0644 0.1860 0.2334 0.4659 0.4743 0.5731 0.6302 0.7206 0.7719 0.7866 0.8057 0.9045 0.9316 0.9394 
001000000000000
101000000010000
001000000000000
101000000010000
101000000010000
011000000000000
001000100000000
001001000001000
001000000100000
101000000010000
001000001000100
001000000000000
001000000000000
001000000000000
001000000000000
000110000000011
101000000010000
001000000000000
001000010000000
001000000000000

//
segsites: 17
positions: 0.0241 0.0766 0.1565 0.1588 0.4521 0.4582 0.5671 0.5839 0.5997 0.6519 0.6794 0.6935 0.7180 0.7472 0.8459 0.8590 0.9429 
00101000000010000
00010000000000010
00001010010000000
00001001010000000
00010100000000110
10000000000000000
00001000000000000
00001000000000000
00010000000000010
01001000010000000
00010000000000010
00001000000000000
00001000000000000
00010000000000010
00001000010001001
00010000001000010
00001000000000000
00001000010101000
00010000000000010
00010000100000010

//
segsites: 7
positions: 0.1142 0.1401 0.2388 0.3049 0.3212 0.4551 0.6539 
0000000
0000000
0000001
0100010
0000001
0100010
1010000
1010000
0000100
0000010
0000000
0001000
0000100
0000010
0000000
0000000
0100010
0100010
0000000
0000000

//
segsites: 12
positions: 0.0222 0.0537 0.1594 0.2021 0.2338 0.2995 0.4159 0.5257 0.6567 0.9227 0.9381 0.9429 
010000000100
011000100000
010000100000
010000001100
000000000001
010000100000
000010000001
000000010001
000011000001
010000000000
000000000001
000010000001
010000100000
010000000100
110000000000
010100100000
010000000100
010000100000
010000100000
010000100010

//
segsites: 7
positions: 0.3815 0.4078 0.7212 0.7399 0.8370 0.9073 0.9814 
0001010
0001000
0001010
0001001
0001000
0001001
0010000
1010000
0010000
0101000
0001000
0001000
0001000
0010000
0001100
0010000
0001100
0001000
0010000
0101000

//
segsites: 9
positions: 0.0885 0.1016 0.1233 0.1329 0.1409 0.7034 0.8964 0.9245 0.9671 
010000000
001000101
001000101
000000000
000000000
001000111
001000101
000000000
001000101
001000101
000000000
001000111
000000000
000010000
000000000
000100000
010000000
000001000
101000111
001000101

//
segsites: 15
positions: 0.0234 0.0537 0.0553 0.1544 0.1579 0.2377 0.2480 0.4062 0.4374 0.4447 0.4838 0.6498 0.9491 0.9743 0.9772 
000010000001100
000010000001101
000010000011100
000010101001100
000010001001100
000010001001100
000100000000000
000010000011100
000010000001100
000010000001100
000010001001110
000010000001100
101000000100000
000010000001100
010010010011100
000010001001100
000010000001100
000011000001100
000010000001100
000010000001100

//
segsites: 17
positions: 0.1623 0.4423 0.5138 0.5216 0.6183 0.6257 0.6417 0.6565 0.6775 0.7047 0.7092 0.8013 0.8281 0.8377 0.8694 0.9385 0.9511 
00000000010000000
00000000000000000
00000011000101100
10000000000000010
00001100000000000
00010000000000000
00000000000000000
01000000100000000
00000000001000000
00000100000000000
00000100000000000
00000000001000000
00000100000000000
01100000000010000
00000000010000000
00000100000000000
00000000000000001
00001100000000000
00000000000000000
00000000000000000

//
segsites: 11
positions: 0.1120 0.2464 0.3723 0.4058 0.4544 0.4706 0.5257 0.5569 0.6106 0.8874 0.9185 
00100000100
00000010100
10000100101
00000000100
10000100101
00000100101
10000100101
00100000100
00000000010
00001000100
00000000100
01110000100
00000000100
00000000010
00000100101
10000100101
00000010100
00000001100
00000000100
00000000100

//
segsites: 11
positions: 0.0635 0.0727 0.2302 0.3908 0.4058 0.4879 0.5453 0.5699 0.7228 0.7665 0.9509 
00000000000
00100000000
00000000001
00000010000
01001000000
00000000000
00000000000
00000000101
00000000000
00000000000
10000000010
00000000000
00100001000
00000000000
00000000001
00110000000
00001000000
00000000001
00000100001
00000000000

//
segsites: 12
positions: 0.3441 0.3779 0.3917 0.4387 0.5649 0.7106 0.7230 0.7412 0.7826 0.9623 0.9754 0.9846 
000001001000
000001001100
000001001010
000010000000
001010010000
000001001010
010010000000
000010000000
000010000000
000001001010
000010000000
000001001010
000010000001
000010000000
000010000000
000001101000
000010000000
000001001010
100101001010
000010000000

//
segsites: 11
positions: 0.0175 0.2325 0.3157 0.4024 0.5738 0.6325 0.6823 0.7151 0.7258 0.9281 0.9329 
00000000000
00000010000
00000001000
10000000000
00100000010
01000010000
00001000000
00000001000
01000010100
00000000000
00000000001
00000010000
00000001000
00010110000
00000000000
00000010000
00000010000
00000000000
00000000000
00000000010

//
segsites: 6
positions: 0.0684 0.1542 0.5494 0.8954 0.9044 0.9164 
000100
000000
000000
000000
000011
000100
010000
000100
000000
100000
000000
011000
000000
000000
000000
000000
000000
000000
011000
000000

//
segsites: 13
positions: 0.0527 0.1120 0.1694 0.1893 0.1902 0.2403 0.4493 0.4507 0.4821 0.5690 0.6810 0.8342 0.9755 
0000001000100
0001001000100
0100011000001
0000001010100
0000001010100
1000000000000
0000001000100
1000000000000
0010001000100
0001001000100
1000000001000
0000001100100
0000001000100
1000100000000
1000000000000
0000001000100
1000000000000
0010001000100
0000001000100
1000000000010

//
segsites: 8
positions: 0.0146 0.0741 0.1959 0.5580 0.6675 0.7088 0.8805 0.9063 
00010000
00000000
00000000
01100000
00010010
00000000
00010000
00000000
00000000
10000000
00000000
00001000
01000000
00000100
00000000
00000000
00001000
00010000
00000000
00000001

//
segsites: 22
positions: 0.1654 0.2146 0.2831 0.2886 0.2981 0.3273 0.4282 0.4417 0.4487 0.4574 0.5893 0.6128 0.6220 0.6458 0.6649 0.6667 0.7373 0.7674 0.8002 0.8020 0.9572 0.9610 
0110000000010000100000
0010000000011000100011
0010000000010001100000
0010000000011000100010
0010000000011000100010
0001001100000000001000
0010000000010001100000
0000000100000000000000
0000000101100000000100
0000000100000000000000
0001001100000000001000
0000000100000000000000
1000000100000000000000
1000000100000000000000
0110000000010000100000
0010100000010000100000
0010000000011000100010
0010000000010001100000
0010000010010000110000
0010110000010110100000

//
segsites: 11
positions: 0.1490 0.1982 0.3381 0.3430 0.4794 0.5496 0.5683 0.6251 0.7321 0.8042 0.9748 
00010100000
10010000001
00010000000
00001000000
00100000100
00000000000
00000000100
00000000000
00000010000
00000001010
00010000000
00000000000
00010000000
00000001010
00000000000
00000000000
00000000000
00000000000
01000000000
00010000000

//
segsites: 13
positions: 0.0347 0.0846 0.0939 0.2112 0.2917 0.3306 0.4125 0.5191 0.6009 0.6590 0.8874 0.9250 0.9314 
0011000010000
0000000010000
0000000010000
0000000010010
0000000000000
0000100010000
0000000010000
0000000010000
0100000010100
1000000010000
0000000001000
0000000010000
0000000010000
0000010010001
0000000010000
0000001010000
0000010010001
0000000010000
0000000110000
0000000010000

//
segsites: 6
positions: 0.1797 0.6236 0.6334 0.6418 0.7275 0.9593 
000000
000000
000010
000000
000010
000000
000000
100000
001000
000000
000000
000010
000000
000100
000000
000000
010001
100000
000000
100000

//
segsites: 5
positions: 0.0948 0.4157 0.6728 0.8149 0.8675 
00100
00000
00000
00000
00000
00000
00001
00000
00000
00000
01000
00000
10000
00000
00000
00010
00000
00000
00000
00000

//
segsites: 13
positions: 0.0368 0.0536 0.0901 0.1301 0.1442 0.4130 0.4306 0.4373 0.4462 0.5277 0.5924 0.6730 0.9888 
1000010000100
1000000000000
1000001100010
1000000000000
1001000010001
0000000000000
1000000000000
1000000000000
0000000000000
1100000001000
1000000000000
1001000010001
1000000000000
1100000001000
0000000000000
1000000000000
1010000000000
1000000000000
1000100000000
1000000001000

//
segsites: 8
positions: 0.1220 0.2267 0.2547 0.3093 0.3464 0.4330 0.7476 0.8293 
00100000
00101000
00100000
00100000
00100000
00100000
00100000
00100000
00100000
01010000
00100000
10010000
00100010
00100100
00100000
00100000
00010000
00100000
00100000
00100001

//
segsites: 9
positions: 0.0841 0.2381 0.3122 0.3583 0.5981 0.7519 0.8674 0.8998 0.9440 
000100000
000010000
000001010
100000001
000000001
000010000
000010000
001000000
000000100
000000000
000000001
000000000
000000001
000000000
000000000
000000001
001000000
000000000
010000000
001000000

//
segsites: 11
positions: 0.3802 0.3975 0.3997 0.4451 0.4726 0.5427 0.5450 0.5921 0.8127 0.9152 0.9924 
00001110000
00100000001
01000000001
00000000001
00100000001
00000000001
01000000001
00001110000
00001100000
00010000001
10000000001
00001101000
00000000001
00000000001
00000000001
00000000111
01000000001
00001101000
00001100000
00000000001
