./ms 20 1 -t 20 -G 59.91465 -eG 0.05 0 
62449 52787 33259

//
segsites: 17
positions: 0.1062 0.2431 0.2455 0.2524 0.2598 0.2684 0.2707 0.3091 0.3733 0.4569 0.4739 0.5725 0.7849 0.8287 0.8461 0.9025 0.9275 
00000000000001001
00010000000101000
00000100000101000
10100000000101000
00000000000000000
00000000100001000
00000000000111000
00000001000001000
00000000000101000
00000000000101000
00000000000101000
00000000001000000
00000010000001000
00000000000001000
00001000010001000
00000000001000100
00000100000101000
00000000100001000
00000000000000000
01000000000000010

//
segsites: 10
positions: 0.0871 0.2910 0.3547 0.3805 0.4304 0.5857 0.6585 0.8391 0.8930 0.9628 
1100001000
0000000010
0010000000
0000010100
0010000001
0100001000
0000000000
0000000010
0010000000
0010000000
0010000000
0000000000
0010000000
0101101000
0100001000
0010000000
0010000000
0010000000
0100001000
0000000010

//
segsites: 10
positions: 0.0039 0.0758 0.2138 0.2341 0.3669 0.5686 0.6064 0.6544 0.6755 0.6979 
0000000001
0000000001
0000000000
0001000001
0100000001
0000000001
0010000000
0000000000
0100000001
0001000001
0000000000
0000000010
0000000000
0000000001
0000000000
1000100000
0000000000
0000010010
0000001100
0000000001

//
segsites: 5
positions: 0.0148 0.2471 0.4244 0.7752 0.8706 
00000
10000
00000
10000
00000
10001
10000
10100
00000
00000
00000
10000
10000
00010
10001
10000
10000
00000
11000
00000

//
segsites: 4
positions: 0.0901 0.2097 0.9487 0.9527 
0100
0101
0000
0101
0000
0000
0000
0100
0110
0101
0000
0000
0000
0000
0000
1000
0100
0000
0110
0000

//
segsites: 10
positions: 0.1316 0.3581 0.4705 0.5777 0.6367 0.7092 0.7146 0.7158 0.7225 0.9375 
0001010000
0001010000
0000010000
0000010000
0000010000
0000000001
0000011000
0100111010
0000000100
0000010000
0000000001
0000000000
0000000000
0000010000
0001010000
0000011000
0000011000
0001010000
1010000000
0000011000

//
segsites: 11
positions: 0.0613 0.0632 0.1019 0.2437 0.5648 0.6540 0.6595 0.7423 0.8440 0.8521 0.9268 
01000000000
00000001000
00000010000
10001100000
00000000000
00100001000
00000001000
01000000011
00000000000
00010001000
10000000000
01000000000
00000000000
00000000000
00000001000
10000100000
00000000000
00000000000
00000000100
01000000000

//
segsites: 17
positions: 0.0232 0.0250 0.0464 0.2415 0.3543 0.3723 0.4051 0.4945 0.5013 0.5170 0.5768 0.6614 0.6656 0.7365 0.9156 0.9622 0.9886 
10000000100000000
00000000000000000
00001000010000100
00001000010001000
01000001000000000
00011000010000000
10000000100000010
00001000010000101
00001000010000100
00001000010000000
00001000010000100
10000000100000000
00000000011000000
10000000100000000
00100000000010000
10000010100000010
00001000010100000
00001000010100000
10000000100000000
10000100100000000

//
segsites: 10
positions: 0.1774 0.1985 0.2833 0.3613 0.4017 0.5855 0.6018 0.8764 0.9141 0.9668 
0100001010
1010000001
1010000001
0001001010
0001001010
1010000001
1010010001
0001001110
1010100001
0001001010
1010000001
1010000001
1010000001
0001001010
0001001010
1010100001
1010000001
1010000001
1010000001
1010000001

//
segsites: 16
positions: 0.0865 0.1322 0.2346 0.2811 0.2847 0.3252 0.3544 0.3896 0.4307 0.5451 0.5791 0.6036 0.6083 0.6657 0.7219 0.7707 
0000000000000000
0001000000001000
0000000000001000
0100001000001100
0000000000010000
0000000000001000
0000000000001000
1000000000001000
0010010000000000
0000000000000000
0000000000010000
0000000100000000
0000100000010000
0000000000001000
0000001010001001
0000000001101010
0000001000001001
0000000000001000
0000010000000000
0000001000001100

//
segsites: 12
positions: 0.0121 0.1089 0.1531 0.2596 0.3183 0.3809 0.5994 0.6208 0.6580 0.6874 0.7956 0.9352 
100000000100
000000010000
000000010000
000000001000
000100000000
010000010000
000000000000
000000010000
000000000000
010000010010
000000010000
000000010000
000010000000
000000010000
000000000000
001000101000
000000010000
000001000001
000100000000
000000010000

//
segsites: 18
positions: 0.0623 0.1003 0.1713 0.1968 0.2319 0.2826 0.2957 0.3849 0.4969 0.5455 0.5631 0.6108 0.6398 0.7044 0.7613 0.7885 0.8062 0.9974 
010000000100000000
000000000000000001
100000000100100000
000010000100001000
000100000000000000
000000000000000001
000000000000000001
000000000100000000
000000000000000001
000000001000000001
000001000100100000
001000000100000000
000000000101000000
000000000100100000
001000000100010000
000010000100000000
000000100100000000
000000010100000100
000000000100000010
000000000110000000

//
segsites: 11
positions: 0.0543 0.0833 0.1287 0.2618 0.3473 0.3902 0.4319 0.4472 0.5348 0.6057 0.8820 
00000000010
00000000000
00000001000
01010000000
00000100000
00000001000
00000010100
01010000000
00000100000
11000000000
00100000011
11000000000
00000100000
01000000000
00001000000
00000000000
00000000010
00000000000
00000001000
00000001000

//
segsites: 9
positions: 0.0966 0.2572 0.2593 0.3340 0.3912 0.4191 0.5568 0.6456 0.6694 
000000101
000000000
010000001
000001000
000000101
000000000
000000011
100000101
000000000
000000000
000000101
000000000
000100000
000000000
000010101
000000101
001000000
000000101
000000000
000000000

//
segsites: 12
positions: 0.1401 0.2109 0.3242 0.4517 0.5240 0.5251 0.5490 0.5649 0.6538 0.8456 0.9336 0.9782 
000000000000
000000001000
000000000000
000000000000
000101000100
000000001000
000000010000
000000001000
010010001000
001000001000
100000001000
100000001000
010000001000
010000001000
000000001001
000001000000
000000001010
000000001000
100000001000
000000100000

//
segsites: 8
positions: 0.2704 0.3025 0.5725 0.7440 0.8511 0.9269 0.9810 0.9891 
00000000
00000011
00000000
00000000
00000010
00000100
00000000
00000000
01100000
00000010
00000000
00000100
00001000
00000000
00000000
00010000
00000000
11100000
00000000
00000011

//
segsites: 11
positions: 0.0718 0.2833 0.3451 0.4510 0.6905 0.7146 0.8563 0.8820 0.8980 0.9231 0.9763 
00000000011
00000000000
00000001000
00000000011
00000000000
10010000000
00000001000
00000000011
00000000000
00101110100
00000000011
00000000011
00000000011
00000000011
00000000011
01000000000
00000001000
00000000000
00101000100
00101000100

//
segsites: 10
positions: 0.0543 0.1603 0.2265 0.3148 0.3805 0.3896 0.5412 0.5463 0.5778 0.8366 
1000000000
1100000000
0000000000
1001100000
0000000000
1000000000
1000000000
1010000000
0000000000
1010000000
0000000000
0000001000
1000010000
0000000100
0000000000
0000000000
0000000010
0000000101
1000000000
0000000000

//
segsites: 13
positions: 0.0486 0.0823 0.2447 0.2873 0.3128 0.3201 0.4336 0.4737 0.6248 0.7147 0.7891 0.8664 0.8885 
0000000000000
0000000001000
0000100000000
0000000000000
0000000000000
0000000000000
0000000000000
0000111000000
0010110010000
0000000000000
0100000000000
0000000000000
0000000000000
0001100000000
0000100100000
0000100000100
1000000000000
0000100000001
0000000000010
0000000000000

//
segsites: 14
positions: 0.0400 0.2585 0.3816 0.4672 0.4673 0.4680 0.4683 0.5419 0.5966 0.6163 0.8263 0.8628 0.8960 0.9042 
00001010000100
00000100001010
00000000000000
00000000000100
00000000000100
00000010000100
00000000000000
00000000000100
01000100001001
00000101001001
00000000000100
00000000000100
00000000000100
10000100001000
00000000000100
00100000001000
00000000000100
00000000010100
00000000100000
00010000100000

//
segsites: 9
positions: 0.0167 0.1815 0.2427 0.2514 0.3908 0.5431 0.8598 0.8677 0.8999 
000010001
000001010
010000000
000001010
010000000
000100000
000010000
011000000
100100000
000100000
000100000
010000000
000001010
000000000
000001010
000001010
000001010
000001110
010000000
000001010

//
segsites: 11
positions: 0.1874 0.2619 0.3565 0.3860 0.4336 0.4920 0.6128 0.6481 0.6919 0.8525 0.9475 
00100000000
10010101010
00000000001
00000000001
01000000001
00000000001
10000001010
00000000101
10010101010
00100000000
00000000001
01000000001
00000000001
00001000000
01000010001
10000001010
01000000001
00100000000
10000001010
00100000000

//
segsites: 12
positions: 0.0005 0.0265 0.2484 0.2567 0.2627 0.2635 0.3340 0.5451 0.5865 0.6944 0.7400 0.9587 
000000000000
000100000000
100000000000
000000010000
000000000000
000000000000
100000000000
000000000000
000001000000
010010100000
010010100000
000000000000
000000000000
001000001000
000000000000
000000000100
000000000011
000000000000
000000000000
000000000000

//
segsites: 26
positions: 0.0606 0.1212 0.2060 0.2108 0.2472 0.4043 0.4099 0.4243 0.4618 0.5740 0.5985 0.6050 0.6087 0.6200 0.6396 0.6715 0.6919 0.7879 0.8418 0.8554 0.9078 0.9215 0.9462 0.9575 0.9635 0.9759 
00001000000000000000010100
00100000010000001000000010
10011000000000000000000000
00100000010000001000000010
00100000000000001000000010
00100000000000001000000010
00001000000000000100000001
00001000000000000000010100
01100010001001001000000010
00100000000000001010000010
00001100000000000000010100
01100010001001001000000010
00001000000000000000010100
00100000000000001000100010
00100000000100011000001010
00100000100000001000001010
00001000000000000000000000
00100000000000001000100010
00001001000000000001000000
00001000000010100000000000

//
segsites: 12
positions: 0.0364 0.0915 0.2957 0.5007 0.5622 0.6417 0.7120 0.7240 0.7775 0.9114 0.9258 0.9274 
100001000000
000000000000
000000100000
010000001010
000000011010
100101000001
100001000000
000000100000
100001000000
001010001010
100001000000
100001000000
010000001010
000000000100
100001000000
000000000100
100001000000
100001000000
000000100000
100001000000

//
segsites: 16
positions: 0.0523 0.0805 0.1196 0.1843 0.1958 0.2410 0.2837 0.3343 0.5008 0.5157 0.5417 0.6174 0.6237 0.7422 0.7757 0.8001 
1100000000010000
0001000000010000
0001000000010000
0100000000011000
0001000001010000
0000110000000001
0001000000010110
0000110000000001
0000110000000001
0100000000010000
0001000101110000
0010001000000000
0100000000010000
0001000000010000
0100000000010000
0001000000010000
0010001000000000
0001000000010000
0010001010000000
0000100000000000

//
segsites: 11
positions: 0.1237 0.2196 0.2538 0.2732 0.4346 0.4614 0.6604 0.6698 0.6859 0.7992 0.9817 
00010000000
00011000000
00010000000
00010000000
11010000101
00010000000
00010000000
00010000000
00010000000
00010000000
00010000000
00110100000
00000000000
00000000000
00010001000
00000000000
00010000000
00000000000
00010010000
00000000010

//
segsites: 16
positions: 0.1110 0.1608 0.1709 0.1718 0.4286 0.5440 0.6553 0.6847 0.7203 0.7283 0.7485 0.7696 0.8110 0.8150 0.8814 0.9520 
0000000101000000
0000000101000000
0000000000000000
0100000000000100
0000000000000000
0000010000000000
0000000101000000
0000010000000000
0010000000000000
0010001000000000
0001100000000000
0010000000000001
0000000010111000
0000000101000000
1000000000000000
0000000000000000
0000000000000000
0000000010111000
0000000000000010
0000000101000000

//
segsites: 14
positions: 0.0006 0.1861 0.2272 0.2535 0.3544 0.4065 0.6443 0.6863 0.6994 0.8240 0.9172 0.9558 0.9917 0.9970 
00000000000000
00000000000000
00000000000000
00000000000100
00000000000100
00000000000000
00000000010000
00000000000000
00011010000001
00000000001000
01010010000000
00000000000000
00000000000000
10000000000000
00000001000010
00000100000100
00100000000000
00000000000000
00100000100000
00000000000000

//
segsites: 12
positions: 0.0446 0.0783 0.2125 0.2617 0.3122 0.4525 0.5622 0.5705 0.6398 0.6432 0.6746 0.9079 
000000000000
010000000010
000000000000
000000010010
001000000000
000100000000
000100000000
000100000000
010000000010
000000000000
000000000000
000000001000
000001100100
100000000010
000000000001
000010000010
000100000000
000000100100
000000000000
000000000000

//
segsites: 8
positions: 0.0871 0.2465 0.3154 0.3167 0.4321 0.5331 0.6990 0.8472 
00000010
00010001
00000010
00010001
10000010
00100010
00000010
00000010
00001010
00000010
01000110
10000010
00000010
00010001
00000010
00000010
00010001
00000010
01000110
01000110

//
segsites: 15
positions: 0.0674 0.2235 0.2398 0.5231 0.5237 0.5354 0.5630 0.5705 0.7881 0.8536 0.8678 0.8856 0.9025 0.9265 0.9443 
000000100000000
000000000000000
000000000100000
000100001000010
000000000001000
000000000000000
101000000000000
000000000100000
010000000001000
010000000001000
000000100000000
000000000000000
000000000000000
000100010000000
100001000000000
000010000010000
000100010000000
000000000000101
000000000000000
000000000001000

//
segsites: 12
positions: 0.1158 0.1576 0.2052 0.3566 0.3682 0.4050 0.6905 0.7265 0.7354 0.8368 0.8882 0.9200 
000000000000
000001000000
000000000000
000000000000
000000000000
000000000000
000010000000
000000000000
000000100001
010100000000
000000000000
000000000000
000000100001
100000011000
001000000010
000000000000
000000000100
000001000000
000000000000
000000000000

//
segsites: 18
positions: 0.0704 0.0798 0.1013 0.1643 0.1917 0.3049 0.4102 0.5059 0.5741 0.6356 0.6424 0.7419 0.8135 0.8903 0.9470 0.9562 0.9723 0.9730 
000000000000000000
100000000000000100
010001000100000000
000101000000000000
000001000000000000
000010000000000000
000000010010001000
000000000000010000
000101000000000000
000000000000000100
000000001001000011
000000010000001000
000001000000000000
000000000000000100
001000000000000000
000000000000100000
000010000000000000
100000000000000100
010001100100000000
000000000000000100

//
segsites: 18
positions: 0.0325 0.1638 0.3191 0.3192 0.3290 0.3354 0.3862 0.6161 0.6955 0.7074 0.7253 0.7405 0.7416 0.7437 0.8648 0.8976 0.9537 0.9623 
000000001000100000
100000000100010000
000100000000001100
000000000100000000
000000000100000000
000000000100000000
000000000000100001
010100000001001110
000000000110000000
001000000100000000
000000000100000000
000000000100000000
000000000100000000
010100000001001110
000000000100000000
000011100100000000
000000000110000000
000000010100000000
000011100100000000
000000000100000000

//
segsites: 14
positions: 0.0390 0.0458 0.0689 0.1020 0.2260 0.2530 0.2712 0.2894 0.4074 0.5291 0.6098 0.7426 0.8555 0.9598 
00000001100000
00000100001010
00000001100100
00001001100100
00000110000010
00000001100100
01100000010000
00000001100100
10000000000010
00000100001010
00000100001010
00000001100000
00000000000010
00000001100101
00000001100100
00000001100100
00000000000010
00000100001010
10010000000010
00000001100000

//
segsites: 6
positions: 0.0699 0.2099 0.3048 0.6048 0.7090 0.9501 
000000
000000
000000
000000
000000
000000
000000
000000
000110
001000
000010
000000
000000
000000
110011
000000
000000
000000
100010
000000

//
segsites: 10
positions: 0.0247 0.0314 0.2704 0.3248 0.3447 0.3531 0.3571 0.7272 0.8284 0.9036 
0000001100
1000001100
1100001100
0000001100
1000001100
0010001100
0000001100
0001001101
0000000010
0001001101
0010101100
0000001100
0000011100
0000000010
0000001100
0000001100
1000001100
0000001100
0001001101
0000001100

//
segsites: 6
positions: 0.3454 0.3483 0.5144 0.7984 0.8348 0.9233 
000000
000000
000000
010000
100000
000000
000000
000000
000000
000010
000000
001001
000000
000000
000100
000000
000100
000100
000010
000000

//
segsites: 8
positions: 0.0744 0.4253 0.4464 0.4619 0.5379 0.5997 0.6637 0.7590 
00000001
00000000
00010000
00000000
00100000
00000000
00000000
00000110
00010000
00000000
01000100
00000000
00000000
00000000
00000100
00000000
00000000
00010000
10001000
00010000

//
segsites: 14
positions: 0.0191 0.0323 0.0478 0.3051 0.3480 0.4228 0.5212 0.5458 0.6715 0.7348 0.7929 0.8722 0.8775 0.8854 
00000100000000
00000000000000
00000000000000
00000010000000
01000000000000
00000000000011
00000001000100
00000000000000
00100000000000
00000000000000
00001001000100
00000000000000
00000000000000
00110000100000
00000000010000
00000100000000
00000000000000
10000000001000
00000000000000
00000000000000

//
segsites: 14
positions: 0.1073 0.1173 0.2422 0.2777 0.4977 0.5525 0.5989 0.6748 0.7913 0.8244 0.8337 0.8956 0.9451 0.9868 
00000110000000
01000000000000
00000010000000
00010010000000
00000010010000
00000001000100
00000000000001
00000001000100
00000001000100
10000010000000
00000010010000
00000000001010
00000110000000
00000000000001
00000001000100
00100001000100
00000010100000
00001000000000
01000000000000
00000001000100

//
segsites: 14
positions: 0.0168 0.1171 0.1390 0.2302 0.2653 0.4001 0.4668 0.5212 0.5567 0.6574 0.6603 0.7608 0.8769 0.9012 
01100110010000
01100110000000
01100110000000
00000001100101
00000001100101
00001000100000
01100110000000
01100110000000
00001000100000
01100110000000
01100110000010
01100110000000
11100110000000
00010001100101
00001000100000
01100110001000
00001000100000
00001000100000
01100110000000
01100110000000

//
segsites: 10
positions: 0.0678 0.1593 0.2435 0.3546 0.4179 0.4947 0.5761 0.6476 0.8384 0.9588 
0000000000
0010000000
0000000010
0000000010
0000000010
1000000001
0000000010
0000010010
0100000010
1000000001
0000000110
0001000000
1000000001
0000000010
0000000010
0000000010
0000100000
0000001010
0000000000
1000000001

//
segsites: 7
positions: 0.0055 0.0412 0.0801 0.0933 0.4231 0.8347 0.8674 
0010010
0000000
0000000
0010010
0000000
0000000
0001000
0000000
0000000
1000000
0000000
0101000
0000001
0000100
0000000
0000000
0000000
0000000
0000000
0000000

//
segsites: 15
positions: 0.0875 0.1211 0.3239 0.3245 0.3590 0.3883 0.3913 0.4757 0.6048 0.6142 0.6614 0.6910 0.7066 0.9027 0.9858 
101010101100000
000000010001100
000001000000101
000001000000100
101010101100000
101010101100000
000000010001100
000001000000100
101010101100000
101010101110000
010000010001110
000001000000100
000001000000100
000001000000100
000001000000100
101010101100000
000001000000100
000001000000100
000000010001100
101110101100000

//
segsites: 11
positions: 0.1147 0.1460 0.4353 0.5115 0.6046 0.6139 0.6640 0.7337 0.7550 0.8227 0.9768 
00000100000
00000100000
00000100000
00000100000
00000100000
00000100000
10000110000
00110000100
00000100000
00000101000
00000100010
00000100000
01000100000
00000100000
00110000100
00000100001
00000100000
00000100000
00001100001
00000100000

//
segsites: 12
positions: 0.0618 0.0657 0.1174 0.1237 0.1485 0.1635 0.1970 0.3408 0.4531 0.6835 0.8389 0.9926 
000001110000
001100000100
000000010000
000000010000
000010000010
000000010000
000000010000
000000010000
000000010000
100000000000
000000011000
000000010000
000000010000
010000000000
100000000000
000000010000
000000010000
000000010001
100000000000
100000000000

//
segsites: 11
positions: 0.0690 0.1990 0.2313 0.2492 0.5877 0.7094 0.8354 0.8624 0.8710 0.8935 0.9699 
00010000000
00000000110
00000100000
00000000000
00000000000
00001000000
00000000000
10000010001
01100000000
01000000000
00000000010
00000010000
00000001010
00000000000
00000000000
00000000000
00000000000
00000010000
00000100000
00000000000

//
segsites: 5
positions: 0.0690 0.5037 0.7322 0.7344 0.8074 
00000
00000
00100
00011
00000
00000
00011
00000
00000
00011
00011
00011
00011
00000
01011
00011
00000
00000
10011
00000

//
segsites: 9
positions: 0.0404 0.3311 0.3472 0.4652 0.5384 0.5788 0.5883 0.9128 0.9702 
001000000
001000000
001000000
001010000
001000000
001000000
100000110
011000000
001000000
011000000
100000100
011001000
011001000
011000000
001000000
011000000
001010000
001100001
001000000
001000000

//
segsites: 16
positions: 0.0789 0.0842 0.1754 0.2658 0.3260 0.3277 0.3773 0.5303 0.5482 0.5724 0.6069 0.7403 0.7909 0.8303 0.8314 0.9194 
0000000000000010
0000010000000010
1000001000010100
0011000100000000
1000001000010100
0001000100000000
0000000000000010
0001100100000000
0000000011000010
1000000000011101
0000000000000010
0001100100000000
0100000011000010
1000000000011101
0001000100000000
0000000000000010
0000000000000010
0000000000000010
0000000000000010
0000000000100010

//
segsites: 13
positions: 0.0690 0.1131 0.1675 0.2588 0.3165 0.3319 0.3428 0.3608 0.5689 0.6028 0.6808 0.7724 0.9116 
0000001001010
0100001001000
0001000000000
0000101001000
0000001001010
1000001001010
1000001001110
0001000100000
0000001001010
0000001001010
0000001001000
0000001001010
0010010010001
0010000010001
1000001001110
0000001001010
0001000000000
0001000100000
0000001001000
0010000010001

//
segsites: 13
positions: 0.2820 0.3416 0.5075 0.5453 0.5649 0.6113 0.6358 0.6855 0.7120 0.7544 0.8251 0.9197 0.9708 
0110010000000
0000100000010
0000000010000
0000000000000
0000000000000
0110000001100
0110000001000
0110000001100
0000000000000
0110000001100
0000000010000
0110010000000
0000000000000
0110000001000
1110010000000
0000000000000
0110000101001
0001001000000
1110010000000
0001001000000

//
segsites: 9
positions: 0.1203 0.1840 0.5009 0.5136 0.5476 0.6772 0.7010 0.7940 0.8346 
100000000
001000000
010000000
010000000
100000000
010000000
001010000
010000000
000100000
010000000
010000010
000100000
001000000
001000000
100000000
001001000
001000001
010000000
010000100
010000000

//
segsites: 14
positions: 0.1507 0.2320 0.2568 0.2716 0.3131 0.3625 0.4650 0.5404 0.5715 0.6588 0.7010 0.7524 0.8783 0.9391 
00000000000000
00000000000001
00000000000001
00000000001000
00000100000000
00000000100100
00000001000010
00000000000000
10010000000000
00000000000000
00101000010000
00000000000000
00000000000010
01000000000000
00000000000000
00000000000001
00010000000000
00010010000000
00000000000000
00000000001000

//
segsites: 20
positions: 0.0722 0.1221 0.1229 0.3446 0.3477 0.3623 0.3881 0.4802 0.5043 0.5113 0.5115 0.5343 0.5527 0.5674 0.5902 0.6924 0.7225 0.8466 0.9185 0.9522 
00010000010000000000
00010000000000000001
00010001000000001000
00010000000000000001
00010000000000000000
01001010100001000000
00010000000110000000
01001000100000100000
00010100010000000000
01001000100000100000
00010000000000000000
00010000000000000000
00010000010000000000
10001000000000000000
01001000000000010010
00010000000000000001
01001000100000100000
00010000001000000100
00110000000000000001
00010000000000000000

//
segsites: 5
positions: 0.1037 0.1915 0.4068 0.6247 0.9169 
00000
01100
00000
00000
10000
00000
01100
00000
01100
01100
00000
01100
01100
01100
00000
01101
00000
00000
01110
00000

//
segsites: 13
positions: 0.0176 0.0289 0.0545 0.0816 0.1114 0.2183 0.3886 0.4779 0.4865 0.6370 0.6478 0.8002 0.8241 
1001000000000
0000000100101
0000000000010
0000000000000
0000000000000
0100100010000
1001000000000
0000000000010
0100100000000
0000000001000
0000000000000
0001000000000
0000000100000
0000000000000
0100101000000
0110100000000
0000000000000
0000000000000
0000000000000
0000010000000

//
segsites: 13
positions: 0.0740 0.0848 0.1600 0.1892 0.3026 0.3808 0.4719 0.4846 0.6266 0.7062 0.8104 0.8187 0.8633 
0101000010000
0000100001100
0000000000000
0000000001000
0010010000000
0000000000000
0000000100000
0000000000000
0000001000000
0000000000000
0000000100000
0000000100010
0000000000000
0000000100010
0000010000000
1000000001000
0000000000001
0000000001000
0000000010000
0000000000000

//
segsites: 13
positions: 0.0882 0.2081 0.2200 0.2961 0.3190 0.3961 0.4486 0.4903 0.5224 0.5522 0.6744 0.8510 0.8808 
0001000001000
0000111100001
0000000000000
0000000000000
0000111000001
0001000001000
0001000000000
0000000000000
0001000000000
1010000000000
0001000000000
0001000000000
0100111110101
0000111100101
0000000000000
0000111100001
0000000000000
0000111100001
0000111000011
0000111100001

//
segsites: 11
positions: 0.0367 0.1208 0.1771 0.2101 0.3050 0.3850 0.3865 0.4352 0.4714 0.6050 0.9735 
00000000000
00100000000
00100000000
01000000100
00000000000
00000000000
00000001000
10000000000
00000000000
00100000000
00100000000
00000000010
00010001000
01001000100
00000100000
00000000000
01000000100
00000000000
00000000001
01000010000

//
segsites: 11
positions: 0.1415 0.1726 0.2456 0.2978 0.3065 0.4632 0.5585 0.7393 0.8409 0.8613 0.9629 
01110010000
01110001100
01110000001
01110000000
01110000000
01110000000
00000000000
01110000000
00001000000
01110000000
00000000000
01110100010
01110000000
00001000000
00000000000
01110000000
10001000000
01110000000
01110000000
01110000001

//
segsites: 21
positions: 0.0002 0.0771 0.1993 0.3193 0.3980 0.3994 0.4006 0.4233 0.4662 0.5126 0.5316 0.5528 0.5601 0.6103 0.6265 0.6691 0.7563 0.8889 0.8916 0.9141 0.9413 
011100000000100010011
000011101010000001000
000001101010010000000
000000000000100010010
000000000000000010010
000000000000000010010
000001101111000000100
000000010000100010010
000001101010000000000
000000000000001000010
000001101010000000000
000000000000000110010
000000000000100010010
000000000000000010010
000000000000000010010
100001101010000000000
000001101010000000100
000000000000001000010
000000000000100010010
000001101010000000000

//
segsites: 18
positions: 0.0714 0.0824 0.2133 0.2601 0.3197 0.3424 0.3609 0.3696 0.4285 0.4339 0.4448 0.5705 0.7273 0.8492 0.8724 0.8869 0.9538 0.9658 
000000010000000000
000100010000010000
000000010000000000
000010000010001100
000001010000100000
000000010000000000
000010000000000100
000100010000010000
100000000001000000
000000101000000011
000000100000000010
010000010000000000
000000100000000010
001000010000000000
000000010100000000
000000010000000000
000010000000000100
001000010000000000
000000010100000000
000000100000000010

//
segsites: 13
positions: 0.0088 0.0344 0.1113 0.3043 0.4024 0.5892 0.6314 0.7037 0.7849 0.8045 0.9610 0.9790 0.9929 
0010000000000
1000000000000
0000000000000
0101000000100
0000000000000
0000000000000
0000010000001
0000000000010
0000000000001
0000001100000
0000000001000
0010000000000
0000100000000
1000000000000
0000000001000
0000000000000
0000000000000
0000001110000
0010000000000
0000000001000

//
segsites: 10
positions: 0.4449 0.4853 0.6492 0.6783 0.7592 0.7649 0.8647 0.9620 0.9878 0.9991 
0101010001
0000001000
0001000001
0101000001
0101000001
0000000000
0000000000
0101000001
0000000110
0000000000
1000000000
0001000001
0000000000
0000000000
0000000000
0101000001
0001000001
0011100001
0101000001
0001000001

//
segsites: 12
positions: 0.0140 0.0204 0.0990 0.1458 0.4134 0.4592 0.5724 0.6591 0.6727 0.6779 0.8497 0.9048 
000010000000
000010010000
000010000000
000100100000
010010001100
000100100000
000100100000
010011001100
000100100001
100100100000
000100100000
000010000010
000010000000
000100100000
000100100000
000010000000
001100100000
000100100000
000100100000
000100100000

//
segsites: 9
positions: 0.0228 0.1498 0.3455 0.5883 0.6014 0.6866 0.7350 0.9104 0.9238 
100000001
010000000
010001000
000000101
010001000
000000001
000000001
000000011
000000001
010010000
000000011
000000011
000000001
000100001
000000001
000000011
001000001
000000011
010000000
010010000

//
segsites: 10
positions: 0.0911 0.1501 0.2196 0.2249 0.2958 0.7717 0.8824 0.8893 0.9181 0.9596 
0000000000
0000000000
0000000000
0000000001
0000000000
0110000000
0010000000
0000000000
0000000100
0000100010
0000001000
0000000000
0000000000
1001010000
0000000000
0000000000
0110000000
0000000000
0110000000
0000100010

//
segsites: 5
positions: 0.0116 0.2265 0.3633 0.3909 0.8217 
00000
00000
00000
00000
00100
00000
00000
00000
00000
00000
00000
00010
00000
00000
00000
10001
10001
00000
00000
01000

//
segsites: 18
positions: 0.0944 0.1262 0.1356 0.1480 0.1571 0.1589 0.2728 0.2767 0.3935 0.4223 0.4549 0.5267 0.7873 0.8003 0.8064 0.8156 0.9350 0.9582 
000001001001000000
000100010010101000
000001001000010000
000001001000010000
000010010010101010
000001001000000000
000001001000000000
000000010010101000
000001001000010000
100001001000010000
010010010010101000
000001001100000000
001001101000000101
000001001000000000
000001001000010000
000001001000000000
000001001000000000
000001001000000000
000001001000000000
000001001000010000

//
segsites: 15
positions: 0.0479 0.0875 0.1132 0.1515 0.2341 0.3453 0.4117 0.5666 0.5893 0.5961 0.6412 0.7181 0.7617 0.7946 0.8970 
000000010010100
000110110010100
000110110010100
110000010010100
000000010010101
001000010010100
000100010010100
000100110110100
000000010010101
110000010010100
000000010010101
000100010011100
000000010010101
000100110010100
000100010010110
000000010010101
000001001000000
000000010010101
000000010010101
000000010010101

//
segsites: 11
positions: 0.0305 0.0743 0.2952 0.4229 0.5714 0.6108 0.6151 0.7547 0.7976 0.9407 0.9594 
00010000000
00000000000
00000000000
00000000000
00000100001
00000000000
00000000000
00100000110
00000000000
00001001000
00000000000
00000000001
00000000000
00000000000
00000000001
00000000001
00000000000
11000000000
00000010000
00000000001

//
segsites: 8
positions: 0.2454 0.3815 0.4161 0.4788 0.5599 0.5620 0.5785 0.7210 
00001010
00000000
00100000
00000000
00000000
00010010
00000000
00000000
00010010
00000000
00000000
01000010
00000000
00000000
10000000
00000000
00000000
00000001
00000000
00000100

//
segsites: 11
positions: 0.0567 0.1968 0.4124 0.5171 0.6473 0.6976 0.7003 0.8890 0.9561 0.9608 0.9759 
00111100100
00011001000
01000010010
00011001000
00111100100
10111100100
00011001000
00000000011
00011001000
00011100100
00011100100
00011001000
00000000011
00011100100
00111100100
00011001000
00111100100
00011001000
00111100100
00011001000

//
segsites: 23
positions: 0.0606 0.0615 0.1112 0.1315 0.1876 0.1938 0.2403 0.3093 0.3620 0.3907 0.4047 0.4399 0.5008 0.5181 0.6444 0.6448 0.6461 0.7157 0.7537 0.8025 0.8702 0.9146 0.9443 
00100000000000000000000
00100000000010001000110
00000100000000000100000
00100000000000000010000
00100000110000000000001
00101000000000000000000
00100000001000000000000
00100000000000000000000
00100000100000000000001
00100000000000000000000
10111000000000000000000
00100000000000000000000
00101000000000100000000
00100000000000000001000
01100000000100010000000
00100010000000000000000
00101000000000000000000
00100000000000000001000
00100001000000000000000
00100000000001000000000

//
segsites: 16
positions: 0.1179 0.2822 0.2874 0.2883 0.3188 0.5146 0.5243 0.5529 0.6139 0.6250 0.6324 0.7293 0.7528 0.7865 0.8589 0.9790 
0100000100000000
1101000000000000
0100000000000000
0100000100001000
0000000000000010
0100000100000000
0100000000000000
0100000000000000
0000000000000010
0100100000000000
1100000000000000
0100000000000000
0100000000000000
0010001000010010
0100000010000000
0010001001110110
0100010000000000
1101000000000000
0100000100000001
0100010000000000

//
segsites: 11
positions: 0.0899 0.2253 0.3351 0.3434 0.4219 0.4516 0.4648 0.6659 0.6999 0.8350 0.8401 
00000000100
00001100101
00100000000
00000100100
00000001000
10000001000
00000001010
00000000000
10000001000
00000010000
00000001000
00010001000
01000001000
00000000000
00001100101
00000001000
00000001000
00000001000
00000001000
00000001000

//
segsites: 16
positions: 0.1216 0.1248 0.1903 0.2898 0.3320 0.3800 0.4856 0.5017 0.5647 0.6645 0.6912 0.7001 0.7157 0.8538 0.9432 0.9506 
1011000000001000
1011000000001000
1000100000001000
0100000001000100
0100000001010000
1000000010001000
1011000000001000
1000001000101001
1000010000001001
1011000000001000
1000000010001000
1000000010001010
0100000001000100
0100000001000000
1011000000001000
1000100000001000
1011000000001000
1011000100001000
1011000000001000
0100000001000000

//
segsites: 10
positions: 0.1198 0.1370 0.2774 0.5512 0.6536 0.7308 0.8293 0.9559 0.9788 0.9852 
0000000000
0000000000
0000010000
0000000000
0000000100
0011001001
0000000000
0000000000
0000000000
0100100000
1000000000
0010000000
0000000000
0010000000
0000000000
0000000000
0000000000
0100100000
0000000000
0000000010

//
segsites: 16
positions: 0.1522 0.2651 0.3678 0.4074 0.5391 0.6412 0.6414 0.6495 0.6679 0.6723 0.6846 0.8076 0.8779 0.9238 0.9546 0.9997 
0000000000001000
0000000010000000
0101000000010000
0000100010000000
0101000000110000
0000010000010001
1000000000000000
0000000010000000
0010001000000010
0000000000000000
0000000010000000
0000000000000000
0000000010000000
1000000000000100
0000000000000000
0000000101000000
0000000000000000
0000010000010000
0000000000000000
0000000101000000

//
segsites: 15
positions: 0.0524 0.0703 0.1258 0.2266 0.3220 0.3477 0.4054 0.4179 0.5238 0.6369 0.7387 0.7762 0.7852 0.7943 0.9370 
000001000100000
000000000100000
000000000011000
000010000100000
000000000011001
000100001100000
000000000011000
000000000100000
000000000100000
001000000011000
000000000100000
001000000011000
000000000011000
000000000100000
000000000100010
010000010011000
000000000100000
000000000011100
000000000100010
100000100011000

//
segsites: 11
positions: 0.0596 0.1405 0.2284 0.3308 0.4075 0.4596 0.5313 0.5484 0.5759 0.5781 0.8875 
00010010000
00000000000
10000000000
00000000000
00000000000
00010010000
01000000000
00000000000
00000000000
00000000000
00000100000
00100000000
00000100100
00000000000
00000000001
00000000000
00000101000
00000000010
00001100000
00000000000

//
segsites: 6
positions: 0.1541 0.3094 0.3777 0.8050 0.8216 0.8968 
000000
100100
100100
100000
101000
100110
100000
100000
100001
100100
100000
100001
100000
100000
100000
000000
100000
100100
100000
010000

//
segsites: 16
positions: 0.0406 0.0499 0.1504 0.1586 0.1592 0.1917 0.2037 0.2894 0.3039 0.3914 0.4694 0.5999 0.6112 0.6155 0.9204 0.9460 
0001000000100001
0000000101000010
0000001011001010
0000000001000010
0011000000100001
0100000001000010
0000000101000010
0001000000100001
1000000001000010
0000000001000010
0000010001000110
0000000001000010
0000000001000010
0001000000100001
0000000001000110
0000100001000010
0000000001010010
0000000001000010
0000000001000010
0000000001000010

//
segsites: 4
positions: 0.0101 0.4183 0.7509 0.9770 
0000
0000
0000
0010
0000
0000
0001
0000
0000
0000
0000
0100
1000
0000
0000
0000
0000
0000
1000
0000

//
segsites: 11
positions: 0.0821 0.0846 0.1253 0.3167 0.3850 0.4417 0.5639 0.7538 0.7959 0.8554 0.9318 
00000000010
00000000010
00000000000
00001010000
00000000100
00000000000
00000000100
00000000000
00000100010
00000000000
00000000001
00001010000
00000000000
00000000000
00000000010
10000001010
01010000001
00000000000
00000000000
00100000001

//
segsites: 11
positions: 0.1478 0.1619 0.2591 0.2814 0.4899 0.5075 0.5486 0.6628 0.7684 0.8684 0.8715 
00100000000
00110000000
00100000010
00100100000
00110000000
00100110000
00100100000
00100100000
10100100000
00101000000
00000000001
00100100000
00000000000
10100101000
00110000000
01000000000
10100100000
00100100100
00100100000
00100100000

//
segsites: 16
positions: 0.0588 0.0756 0.1238 0.1407 0.3349 0.3991 0.4398 0.4420 0.4948 0.5834 0.7118 0.7258 0.7509 0.7966 0.8211 0.9297 
0000000000000001
0000000000001000
0000000101010000
0000000000000000
0000000000000000
1000000010000010
0000000000000001
0000000101000000
0000000000000001
0000000000000000
0100000000000000
0000001101000000
0000000101010000
0000000101000000
0001000000100000
0000000101010000
0000110100000100
0000110100000100
0011000000100000
0000000000000000

//
segsites: 8
positions: 0.1432 0.1573 0.4379 0.4918 0.6211 0.6739 0.8312 0.8446 
00000001
00010000
00000001
00000001
00000001
00100001
00000001
00000001
00001001
00000001
01000000
10100011
00000001
00000001
00000101
00000000
00000000
00100001
00000001
00000001

//
segsites: 17
positions: 0.0161 0.0873 0.0898 0.1058 0.1960 0.2312 0.3271 0.5074 0.7097 0.7178 0.7565 0.7717 0.7791 0.8485 0.8874 0.9032 0.9496 
00100000000010000
00000010000000000
00000011000000000
00000000010000010
00000000000000010
00000000000001000
00000000000000000
00010000000000100
00000000000000000
01000000000000000
00010000000100100
00001000001000000
00010000000000100
00000000000000010
00000000000000001
10000010000000000
00000000000000000
00000000100000010
00000000000000000
00000100000000010

//
segsites: 10
positions: 0.0084 0.0511 0.1582 0.2028 0.3895 0.5731 0.6243 0.8184 0.9427 0.9678 
0010100001
0010000000
0001000100
0010000000
0010000000
0010000001
0001000000
0001000000
1100000000
0010001000
0000000000
0010000001
0010000010
0010100001
0010000000
0001000000
0001000000
0010000001
0010100001
0001010000

//
segsites: 12
positions: 0.0218 0.0737 0.1044 0.1546 0.2188 0.3481 0.4686 0.6122 0.8034 0.8680 0.9361 0.9505 
100100001000
000000001000
000000101000
000000011000
100100001000
000000001000
000000001000
001000001000
000000001000
000000001000
000000001000
000000011000
000000001000
000000011000
000000001000
010000001100
000010000010
000010000011
000000001000
000001001000

//
segsites: 14
positions: 0.0069 0.1141 0.1259 0.1741 0.1999 0.2012 0.3977 0.4243 0.5448 0.7053 0.7771 0.9213 0.9886 0.9938 
01000000000010
01000000000110
01000000000010
01000000000010
00100000110000
00010000001010
01000000000011
00010000001010
01000000000010
10000000000010
00000110000010
00000111000010
01000000000010
01000000000010
00001110000010
01000000000011
00000111000010
00010000001010
00000111000010
00000111000010

//
segsites: 10
positions: 0.0175 0.1720 0.2252 0.2829 0.3949 0.4281 0.6236 0.6404 0.6538 0.8983 
0000000001
0000000100
0000010000
0000010000
1100000000
0000000001
0000010010
0000010000
0000010000
0000010000
0000000100
0000010000
0010010000
0000010000
0000010000
0001011000
0000010000
0000110000
0000010000
0000010000

//
segsites: 18
positions: 0.0067 0.1025 0.2246 0.2377 0.3512 0.3735 0.4010 0.4188 0.4258 0.5098 0.5832 0.6349 0.6458 0.6503 0.6627 0.6747 0.8366 0.9253 
011000000001000000
010010000001000010
010000000001000000
000000000000100000
010000000001000000
110000000001000000
000001000000100000
010000000001010000
010000000101000000
000000000000101000
010010100001000010
010000001001000000
011000000001000000
000000000000101000
011000000001000000
000000000000100000
010100010001000000
011000000011000000
010000000001000100
010000000001000001

//
segsites: 17
positions: 0.0177 0.0472 0.0621 0.1544 0.1555 0.1811 0.2293 0.2361 0.4007 0.4138 0.4322 0.7341 0.7754 0.7918 0.8133 0.8536 0.9078 
00001010000000000
00001010000000000
00101010000000000
00001010000000000
00000000001000010
00011010000000000
00001010000000100
00001011000010000
10000000000000000
00001010000001001
00001010000000000
00011010000000000
00001010100100000
00001010010000000
10000000000000000
00001010000000000
01001010000010000
00001010000000000
00001110000000000
00000000000000010

//
segsites: 7
positions: 0.0232 0.0264 0.2581 0.6080 0.7441 0.7530 0.8056 
0010100
0000000
1000000
0000000
0000000
0000000
0100000
0000000
0100000
1000000
1000000
1000000
0001010
0001010
0001010
0000000
0000000
0100000
0010000
0000001

//
segsites: 16
positions: 0.0312 0.2317 0.2523 0.2928 0.2957 0.3100 0.3229 0.3404 0.4496 0.4779 0.6228 0.6355 0.7325 0.7333 0.9822 0.9885 
0000000100000000
0000100000010110
0010100000010110
0010100000010110
0000100000010100
0000100010000100
0000100000110100
1000101000000000
0000100010000100
0001010000000000
1000101000000000
1000100000000000
0100000000000000
0000000000000000
0000100010000100
0000000000000000
0000000000000000
0000000000000000
0000000000000000
0000000001001001
