./ms 20 1 -t 20 -G 59.91465 -eG 0.05 0 
8910 47668 36519

//
segsites: 8
positions: 0.0334 0.0368 0.2014 0.3065 0.4428 0.6239 0.6344 0.9998 
00001001
00000000
00000000
00100000
10010101
00000000
00000010
00000010
00000000
00000000
00000000
00000000
01000000
10010001
00000000
00000000
00000000
00000000
00000000
00000000

//
segsites: 8
positions: 0.1727 0.2273 0.3036 0.3410 0.3823 0.5943 0.6640 0.9154 
01110001
00000000
00000000
01010000
00000000
00000000
00000000
01010010
00000000
00000000
01110000
00000000
01010100
00000000
00001000
00001000
00000000
01010000
10000000
00000000

//
segsites: 13
positions: 0.0289 0.0453 0.2389 0.2740 0.2905 0.3634 0.3781 0.3990 0.4093 0.4602 0.7207 0.7229 0.9980 
0001010100000
0001000100000
0001011100000
0001000100000
0000000000100
0001010100000
0110100010010
0001010100000
0000000000100
0001000100000
0100000000000
1001000100000
0100000000000
0110100000000
0001010100000
0000000001000
0000000001000
0001000100000
0001010100001
0110100000000

//
segsites: 7
positions: 0.0521 0.2524 0.4057 0.5217 0.6498 0.8336 0.8798 
0101100
0101000
0010001
0101000
0101000
0000001
0000001
0000011
0101000
0000001
0101000
0000001
1101000
0000001
0010001
0101000
0101000
0000001
0101000
0000001

//
segsites: 9
positions: 0.2795 0.2990 0.3121 0.4628 0.5196 0.5893 0.7376 0.8208 0.9060 
000000100
000010100
000000100
000000100
010000001
010000001
000001010
100000100
010000001
000000100
000000100
000100100
010000001
010000001
000000100
010000001
000001000
101000100
000000100
010000001

//
segsites: 13
positions: 0.0304 0.0508 0.1045 0.2567 0.2867 0.3066 0.3361 0.4746 0.5035 0.8672 0.8684 0.9057 0.9548 
0000010000000
0000000010001
0000010000000
0000010000000
0000010000000
0000011000000
0000000000100
0000010000000
1000010000000
0000010000000
0000010000000
0000010000000
1100010000010
0000110000000
0000010000000
0000010000000
0010010000000
0001000010000
1000010101000
0000010000000

//
segsites: 17
positions: 0.0052 0.0610 0.1625 0.2622 0.2712 0.2867 0.3095 0.3214 0.3248 0.3668 0.4094 0.4757 0.6426 0.6846 0.7049 0.8607 0.9677 
00000010000001000
00000000100010000
00000000000100000
00001000010000000
00000000000010100
00000000000000000
10000000000000000
00000010000001000
00000000001000000
00000000001000000
00110001000000000
00000000000010000
00000100000000001
00000000000000000
00001000000000000
00000000000010000
00000100000000000
01000000000000000
00000000000000000
00000000000000010

//
segsites: 16
positions: 0.0068 0.0134 0.0634 0.1693 0.2044 0.2460 0.2566 0.2923 0.4493 0.4869 0.5807 0.6545 0.7116 0.7212 0.8374 0.9870 
0000011000000010
0000011000000100
1010000100010000
1010000110000000
1010000100110000
0000011001000000
0000011000000000
0000011000001000
1011000100000000
0000011000000000
1010000100110001
0000011000000000
0000011000000000
1010000110000000
0000111000000010
0100011000000000
0000011000000010
0000011000000000
1010000100000000
0000011000000000

//
segsites: 12
positions: 0.0640 0.0737 0.1231 0.2146 0.3901 0.4306 0.5592 0.6084 0.7412 0.8035 0.9698 0.9981 
000000001000
010010100000
000010010000
001010000001
000010010000
000000001000
000010010000
010010000000
000010010000
000100001100
000010010000
000100001100
000010000001
000000000000
100000000010
000010010000
000010010000
000000000000
000011010000
000000000000

//
segsites: 11
positions: 0.0880 0.4149 0.4281 0.6558 0.6812 0.6890 0.7442 0.7852 0.8247 0.9078 0.9237 
00000000001
00000000000
00000000000
00010000000
00001000000
00000000000
00000000000
00000010100
10000001000
00000000000
00000000000
00100000000
01000000000
00000000000
00000000000
00000000000
00000100010
00000000000
00000000000
00000000000

//
segsites: 8
positions: 0.1965 0.2920 0.2968 0.3993 0.4956 0.5419 0.6250 0.9895 
00000000
10000000
00000000
00000000
00000000
00000000
01101000
00000000
00000000
00000000
00000001
00000000
00000010
00000000
00000000
00000000
00010000
01100000
00000000
00000100

//
segsites: 15
positions: 0.0352 0.1207 0.1601 0.3068 0.3182 0.3854 0.5363 0.5540 0.5965 0.6295 0.7428 0.7553 0.7643 0.7797 0.8382 
000001000101000
001000000000001
000000000000001
000001000000100
000011000000000
000001000000000
000001000000100
000000000010000
000000000000010
000000000000001
010001000000000
000001000000000
000001000000000
000000001000001
000000000000001
000101010000100
000000000000001
100001100000000
000000000000001
000000000000001

//
segsites: 7
positions: 0.0038 0.0950 0.1171 0.2098 0.2952 0.5693 0.8179 
0100000
0100000
0100000
0101000
0010010
0100000
0100000
0100000
0100000
0100000
1000000
0100000
0100000
0100000
0100000
0000010
0100000
0100100
0100001
0000000

//
segsites: 11
positions: 0.0593 0.1264 0.4223 0.4441 0.7276 0.7954 0.8308 0.8424 0.8472 0.8659 0.9216 
10100000010
00000000000
00000000000
00001001000
00000000000
01000000000
10100010000
00001001100
10100000000
10100010000
10110000000
10100000000
00000000000
10100000010
00000000000
00000000000
10100100000
10100000001
10100000000
10100000001

//
segsites: 13
positions: 0.1202 0.2396 0.2651 0.2783 0.4202 0.4210 0.4827 0.6827 0.8033 0.8619 0.8735 0.9395 0.9676 
0000000000010
0000000000110
0000000000010
0000000000010
0000011000110
0000000000010
0000100010110
0000000000010
0000000000010
0000000101000
0000000000110
1000001000110
0100000000010
0000000000010
0000000010110
0000000010110
0000000101000
0000000100000
0000000000010
0011000100001

//
segsites: 6
positions: 0.2986 0.6197 0.6363 0.7382 0.8831 0.9801 
000111
010000
000000
000011
000000
000000
010000
000000
000011
000011
000011
000011
000011
010000
000011
000000
001011
000011
100000
000000

//
segsites: 9
positions: 0.3619 0.4304 0.5091 0.7569 0.7755 0.8366 0.9089 0.9597 0.9742 
000000100
000001100
011100001
111000000
011000001
111010000
011000001
111000000
011000001
111000000
111000000
111000010
011000001
111010000
011000001
011000001
000000100
011000001
011000001
011000001

//
segsites: 9
positions: 0.0799 0.1735 0.2402 0.4417 0.5324 0.5439 0.5553 0.6884 0.8316 
000000100
000100000
000011001
000011000
001011000
000000000
000000000
000000000
000011000
000011000
000010000
000000000
000000000
001011000
000011000
000011000
110000000
000011000
001011000
000011010

//
segsites: 14
positions: 0.0786 0.1364 0.1935 0.2155 0.3696 0.4697 0.5197 0.7044 0.7276 0.7842 0.8387 0.9248 0.9756 0.9853 
00100000000000
00000010000010
00000000001000
00000000000100
01000000011000
01000000011000
00000000001000
00000010000010
00000000000100
10010100100000
00000010000010
00000000000001
00000010000010
00001001000000
00000000000100
00000000000000
00100000000000
00000000000000
00000000001000
00000000011000

//
segsites: 10
positions: 0.0520 0.1654 0.2414 0.5115 0.5376 0.7960 0.8663 0.8926 0.9015 0.9990 
0011000000
0011000000
0011100000
0011000000
0000010000
1000000000
0011000000
1100000100
0001000000
0011000000
0011100000
0011000000
0001000000
0001000000
0011001000
0011000001
0011000000
0011000010
1000000000
0001000000

//
segsites: 14
positions: 0.0752 0.1879 0.2033 0.2163 0.2573 0.2767 0.5185 0.5755 0.6553 0.8111 0.8115 0.8431 0.8667 0.9783 
00000101010000
00000000000000
00000101100000
00010000000000
00000101100000
00000101100000
00000010000000
00000101001000
00000101000000
00100000000000
00010000000000
00001000000000
10000010000100
01010000000000
00000101000000
00000010000000
00000101000000
00000010000011
00000101001000
00000101000000

//
segsites: 12
positions: 0.0371 0.0895 0.2353 0.2994 0.3517 0.3960 0.4336 0.5942 0.7547 0.8678 0.9437 0.9775 
000000001101
000100100100
000000000100
000000000100
000000001101
000000000100
000100100100
000100100100
010000000000
001000000100
000000000100
010000010000
000000000100
000101100100
010000000000
000000000100
100010000110
000000000100
000000000100
001000000100

//
segsites: 16
positions: 0.1669 0.3089 0.3591 0.3648 0.4890 0.5134 0.5202 0.5616 0.6011 0.6862 0.6956 0.7705 0.7749 0.7922 0.8634 0.9854 
0001100000100000
0001100000000000
0000000011000000
0001100000000000
0001110000000000
0010000011000000
1000000100000010
0001100000000000
0000000100000010
0100000100000111
0000000100000111
0000000100000010
0000001011000000
0000000011010000
0001100000000000
1000000100000010
0001100000000000
0001100000000000
0000000100000010
0000000011001000

//
segsites: 9
positions: 0.1035 0.1348 0.1676 0.1978 0.2573 0.2964 0.3307 0.4458 0.7070 
000000000
010000100
000000000
101000000
000000010
000001001
001000000
000100000
000000000
101000000
000000000
101000000
000010100
101000000
000000000
000100000
010000100
000100000
101000000
000000000

//
segsites: 14
positions: 0.1729 0.3042 0.4439 0.4506 0.6211 0.6454 0.7313 0.7657 0.7680 0.7697 0.7764 0.9609 0.9735 0.9916 
00001000000100
00000000000010
01001000000001
01001010000001
01001000000001
01001000000001
00001000000000
00101000001000
00001000000000
01001000000001
00000000000010
00011000000001
00001000000000
00001000100001
00001001010000
00001000000001
10000100000000
10000000000000
01001000000001
00001000100001

//
segsites: 10
positions: 0.1281 0.1404 0.2716 0.2774 0.3878 0.4394 0.4591 0.4641 0.7445 0.9749 
0000110001
0010010001
0000111001
0000110001
1000110001
0000110001
0001000000
0000110101
0001000000
0001000000
0000110001
0000110001
0000110001
0001000010
0000110001
0000111001
0001000000
0101000000
0000110001
1000110001

//
segsites: 12
positions: 0.0538 0.0766 0.0893 0.2257 0.2597 0.2940 0.4348 0.4877 0.5069 0.7758 0.7763 0.8881 
011100010000
100000000000
100000000000
011100010100
011000100000
011000000000
011100011000
100000000000
010000000000
011000100000
010000000000
011000000000
100010000010
011100010000
010000000001
010000000000
010000000000
010000000000
011001100000
011000000000

//
segsites: 15
positions: 0.0312 0.0738 0.1510 0.1911 0.2152 0.4482 0.4933 0.5213 0.6429 0.6495 0.7101 0.7103 0.7657 0.8204 0.8314 
000100100000001
110001000000000
101001000000010
000100100000001
100001000000000
100001000000100
100001000010000
100001000000000
000000000001001
100001001000000
100001010000000
100001000000000
100001000000000
000000000001001
100001001000000
100011001100000
100001000000000
100001001000000
100001000000000
101001000000000

//
segsites: 10
positions: 0.0567 0.0778 0.4186 0.4385 0.6225 0.7032 0.8695 0.8800 0.8801 0.9549 
1000000000
0001000000
0100000010
0100000000
0100000110
0100000010
0100100010
0000000000
0000000000
0000010000
0010000000
0000000000
0000000000
0100000001
0000000000
0100000010
0100000000
0100000010
0100001010
0000000000

//
segsites: 11
positions: 0.0137 0.0235 0.4664 0.4906 0.6164 0.7158 0.7613 0.8100 0.8182 0.8736 0.8856 
01000100000
00001000110
01000101000
01010100000
01000101000
01100100000
01000100000
01000110000
01000101001
01000100000
00001000010
00001000010
01100100000
00001000010
00001000010
11000100000
01000100000
01000101001
01100100000
01000101001

//
segsites: 11
positions: 0.1416 0.2542 0.4648 0.5746 0.5894 0.6110 0.6183 0.6386 0.9257 0.9338 0.9808 
10101001000
10101001000
10101001000
10101001000
00000010101
00000010111
10100001000
10101001000
10101001000
00000010101
00000010111
11101001000
10110101000
00000010101
00000010101
00000010101
00000010101
10101001000
10100001000
10100001000

//
segsites: 11
positions: 0.0610 0.0809 0.1711 0.1839 0.2072 0.6851 0.6877 0.6924 0.7713 0.8923 0.9342 
00101000000
01001000010
00001000000
00101001000
00101000000
00001000000
00001000100
00001010000
00001000000
00001000001
00001000000
00000100000
00001000000
00011000000
00001000000
00000100000
00000100000
00001000000
00001000000
10101000000

//
segsites: 5
positions: 0.0120 0.4552 0.5931 0.6280 0.7034 
00000
00100
00000
00000
00010
01000
00000
00000
00011
00000
00011
00000
00000
00000
00000
00000
10000
00000
00011
00000

//
segsites: 10
positions: 0.0784 0.0839 0.2529 0.2908 0.5318 0.6986 0.7410 0.8437 0.8514 0.9544 
0000010001
0100000001
0000010001
0100000001
1000100000
0100000001
0101000001
0100000001
0000000101
0000000011
0000000001
0100000001
0100001001
0000000101
0010000001
1000100000
0100000001
1000100000
0100000001
0100000001

//
segsites: 9
positions: 0.1228 0.1702 0.1704 0.3982 0.4735 0.4832 0.5331 0.8053 0.8407 
000000000
001100010
000000000
000000000
000000000
000000000
000000000
001100010
100000101
011000000
000000000
000001000
000000000
001100010
000000000
000000000
000010000
100000100
000000000
000000000

//
segsites: 8
positions: 0.0034 0.2766 0.4111 0.4201 0.4463 0.5867 0.8683 0.9681 
00000010
00000000
00000010
00000000
00000001
00000010
10000000
00000110
10010000
00001000
00000000
00000010
00000000
00000000
00000000
00000000
01000010
00000000
00000000
00100010

//
segsites: 8
positions: 0.1642 0.2822 0.2883 0.3426 0.4841 0.5227 0.5374 0.5772 
00000000
00000100
00000000
00000100
00100000
01000000
10000000
00100000
00010000
00000000
00000000
00001000
00100000
00000000
00000000
00000010
00000000
00000001
00000000
00000000

//
segsites: 9
positions: 0.0158 0.0772 0.2184 0.7187 0.7354 0.7979 0.8205 0.8663 0.8716 
000000100
000000100
001000000
000000000
000000000
000000000
100010100
000000000
000000000
000000100
000000000
010100001
000000000
000000000
010100011
000001000
000000000
100010100
000000000
000000000

//
segsites: 22
positions: 0.1166 0.1415 0.2537 0.2694 0.2928 0.3215 0.3222 0.3412 0.3994 0.4143 0.5010 0.6094 0.6184 0.6479 0.7622 0.7623 0.8075 0.8131 0.9359 0.9765 0.9787 0.9978 
0000001000110100001000
0100000000000010000100
0100000101000010000100
0100000000000010000110
0000000000011000101000
0010000000011000001000
0001000000010000011000
0000001000010100001000
0000000000011001001000
0100010000000010000100
0100100000000010000100
0100000000000010000100
0000000000011000101000
0100000000000010000100
0100000000000010000100
0000000000011000001000
0000001010010100001000
1100000000000010000100
0000001000010100001001
0100000000000010000100

//
segsites: 11
positions: 0.0072 0.0877 0.1670 0.2926 0.3406 0.4090 0.5704 0.8514 0.8783 0.9426 0.9548 
00000000000
01000000001
00000000000
00000000000
00101010100
10111010000
00000000000
00000000000
00000000000
00000000000
00101010000
00101010000
01000000000
01000000000
00000000010
00000000000
01000000000
01000000001
00101111000
00000000000

//
segsites: 7
positions: 0.1672 0.2321 0.3629 0.4938 0.5486 0.5685 0.9484 
0000000
0000000
0001000
0100101
0000000
1000010
0000100
0000000
0000000
0000000
0000000
0001000
0001000
0000000
0000000
0000000
0000000
0010000
0000000
0001000

//
segsites: 13
positions: 0.1214 0.2771 0.2981 0.5053 0.5659 0.6565 0.6677 0.6709 0.6891 0.6993 0.7389 0.7434 0.8234 
0001000000000
0000110000000
0000000000000
0000110000000
0000000000000
0000110000000
0000010000000
0000000110000
0010000010000
0010001010000
0000010000000
0000000110000
0000110000000
0000010000011
0110000011000
1010000011000
0000000000100
0000110000000
0000000110000
0000000010000

//
segsites: 9
positions: 0.1192 0.1466 0.3125 0.3424 0.5059 0.6570 0.7232 0.7689 0.8430 
010000000
000011000
000000000
000000000
000000000
000000000
000000000
000100000
000000000
000000010
000000000
000001000
000000000
101000001
000000000
000000000
000000000
000000100
000000000
000000000

//
segsites: 14
positions: 0.0162 0.0871 0.1835 0.2193 0.4491 0.4575 0.5567 0.6610 0.8086 0.8368 0.8623 0.9073 0.9089 0.9496 
00100100011000
00000000000000
00000001000000
00000000000100
00000000000000
00000000000100
00000000000010
00000010001000
00000000000000
00000001000000
00100100001000
00000000000000
00000000000000
01100100001000
00100100001000
00100100001000
00000010001001
10001010101000
00000000000010
00010000000000

//
segsites: 14
positions: 0.1377 0.1427 0.1909 0.1943 0.4123 0.5876 0.6340 0.6459 0.6660 0.7471 0.7922 0.7984 0.8431 0.8886 
00000010100100
00100000001000
00000010100000
00000110100100
01000000011010
00000011100000
00100000001000
00000010100001
00000000001000
00001010100000
00000010100000
00000010100000
00000010100001
00000000001000
00010010100100
00000000001000
00000000001000
00000010100000
10000000001000
00000010100001

//
segsites: 12
positions: 0.0608 0.1130 0.1140 0.2272 0.2572 0.3394 0.3572 0.4053 0.4965 0.5794 0.7909 0.8408 
000000000000
000000100000
001000000000
000010000000
000000000000
000001000001
000000000000
000000000000
000000100000
000000000000
000000110010
000000000100
001000000000
110000000100
000100001100
000000100000
000000000000
000000100000
000000000000
000000100000

//
segsites: 15
positions: 0.0195 0.0488 0.1036 0.3216 0.4128 0.4417 0.4628 0.5182 0.5207 0.7627 0.8061 0.8063 0.8964 0.9231 0.9559 
100000000000010
010000000010101
100000000100010
100001000000010
100000110000010
100000000000010
100000000000010
100000000000010
100000000000010
100000110001010
101000000000010
100000000000010
000000001010101
100000000000010
010000000010101
100000000100010
100110000000010
101000000000010
100000000000010
100000110000010

//
segsites: 14
positions: 0.1643 0.2852 0.3607 0.4253 0.4716 0.4719 0.5076 0.5139 0.5288 0.8293 0.8472 0.9366 0.9648 0.9886 
00010100001000
00000010101000
10000001101000
00010100001000
00001001101000
00100000010000
00010100001000
01000000000000
00010100001000
00100000010000
00010100001000
00010100001000
00010100001000
00100000010100
00100000010010
00010100001001
00000000010000
00010100001000
00000001101000
00010100001000

//
segsites: 15
positions: 0.0463 0.0737 0.1148 0.1715 0.2079 0.2435 0.3085 0.5453 0.6406 0.6914 0.6975 0.8970 0.9133 0.9170 0.9761 
000000010000001
000010100000100
000000000110010
000000000110010
000000000000000
000000000111010
000010100000100
000001000100010
000000000000000
000000010000000
001010001000100
010110000000100
000000010000000
100000010000000
000010100000100
000000000110010
000010001000100
000001000100010
000010001000100
010010000000100

//
segsites: 12
positions: 0.1322 0.1537 0.3848 0.4950 0.5138 0.5444 0.6285 0.6760 0.7522 0.8758 0.9445 0.9501 
000000000000
000000000001
001000001010
000000000000
000010100000
000000000000
100100000000
000000000000
010000000000
000000000000
000000010001
000000000000
000001000100
000000000000
000000000000
000000000000
000000000000
000001000000
010000000000
000000000000

//
segsites: 9
positions: 0.1034 0.2293 0.3396 0.5256 0.5697 0.6807 0.9221 0.9332 0.9449 
010000010
000000000
110000000
000000000
001000000
000000000
000000000
000000000
000000000
000001000
000000100
000100000
000010101
010000000
110000000
000000000
010000000
001000000
110000000
000000000

//
segsites: 15
positions: 0.1266 0.2420 0.2472 0.3615 0.3685 0.4519 0.4532 0.4618 0.4907 0.5122 0.5192 0.6747 0.8859 0.9243 0.9396 
001000100100100
000000100000000
001000100100100
000000010000000
001000100100100
010100000000000
000010000010000
000001100001000
000000100000100
000000100000000
000000000000000
000000000000000
000000000010000
001000100100100
000000000000000
001000100000100
000000010000000
100000101000010
000000100000101
001000100000100

//
segsites: 18
positions: 0.1023 0.2256 0.2615 0.2632 0.2671 0.2951 0.4725 0.5014 0.5784 0.6015 0.6046 0.7530 0.8013 0.8178 0.8725 0.9292 0.9637 0.9729 
000000101000000010
000001000100000010
000000010000000000
100000100001000010
000000100001000010
000000010000000001
000000000010000010
010000010000010000
000010101000000010
010000010000000000
000000101000000010
000000010000000000
000000101000000110
000000101000100010
010000010000001000
000100010000000000
000000101000100010
001000010000000000
000000101000000010
000000000100000010

//
segsites: 9
positions: 0.0545 0.1956 0.2305 0.4881 0.4886 0.5696 0.6099 0.6366 0.7435 
001000010
000000010
000000000
000000010
000001010
000000010
000000010
000010000
000000010
100000010
000000110
010000010
010000010
000000010
000000010
000000010
000100001
000100001
000000010
000000010

//
segsites: 20
positions: 0.0061 0.0401 0.0892 0.1420 0.1458 0.1974 0.2289 0.2535 0.2647 0.2732 0.3119 0.3240 0.3778 0.4689 0.7321 0.7552 0.7889 0.8907 0.9246 0.9967 
01100000000000010110
11100001000000000110
00001010000000000000
00001000000011000000
00001000000010000000
01100000000000010110
01100000000000110110
01100000000000000110
01100000010000000111
01100000000000001110
01100100000000000110
01100000000000010110
01100000100000000110
01110000000000000110
00001000000010000000
01100100000100000110
01110000000000000110
01100000000000001110
01100000001000000111
01100000000000001110

//
segsites: 13
positions: 0.0720 0.0859 0.0973 0.3570 0.4056 0.4678 0.5265 0.6577 0.6844 0.6879 0.6952 0.7877 0.9777 
0000000000000
0000010000000
0000000000000
0000000000100
0010100001000
1001000010000
0000000000000
0000000000000
0000000000000
0110100000000
0010100001000
0000001100100
0000001100100
1001000010000
0000000000101
0000000000100
0000001100110
0000000000000
0000010000000
0000000010000

//
segsites: 15
positions: 0.0075 0.0180 0.2402 0.2498 0.3134 0.3478 0.4032 0.4432 0.5671 0.6901 0.7192 0.7383 0.7949 0.9203 0.9219 
000010000010001
000010000010001
000010000010001
100000000000100
100000000000100
000110000010001
000000000000000
100000000000100
000000000001000
000010000010001
010001010000000
010000100000010
000010000010001
000000001000000
000000000000000
000000000000000
000000000010000
000010000110001
001000000000000
000010000010001

//
segsites: 16
positions: 0.0731 0.1407 0.1464 0.1999 0.4341 0.4459 0.4824 0.4942 0.5075 0.5239 0.5991 0.6051 0.6997 0.7814 0.9101 0.9516 
0000000001000100
0000000001000100
0000000101000101
0100100000000000
0100100000000000
0100100000000000
0000010001010100
0001000001000110
1000001001000100
0100100000000000
0000000001000100
0000000001000100
0000000011101100
0010000001000100
0000000001000100
0000000001000100
0000000001000100
0100100000000000
0100100000000000
0000000001000100

//
segsites: 14
positions: 0.0574 0.1919 0.2993 0.3597 0.3782 0.4808 0.4952 0.5153 0.5215 0.6790 0.8231 0.9037 0.9571 0.9975 
00011100001010
10010000100000
00100000000100
10010001000000
00010100001000
00000000010100
00000000010100
00010100001001
00010100001000
00010110001000
10010001000000
00010100001000
00010110001000
00010100001000
00010100001000
00010100001000
01010100001000
00010100001000
10010001000000
10010000000000

//
segsites: 7
positions: 0.4641 0.5023 0.5089 0.5784 0.8681 0.8914 0.8915 
0010000
0000000
0000001
0000100
1000000
0000001
0000000
0100000
0000000
0000000
0000001
0000001
0001000
0000000
0000000
0000000
0000001
0000010
0000000
0100000

//
segsites: 19
positions: 0.0060 0.0286 0.0651 0.0791 0.1526 0.1810 0.2390 0.2762 0.2804 0.3589 0.5081 0.5864 0.5919 0.7369 0.7474 0.7484 0.8133 0.8209 0.9320 
0000000000000100100
0100000000001000000
1110000100000001001
0000000000000100100
0100000000001000000
0101010000000000000
0000000000000110100
0110001010000000010
0000100001010000100
0000000001010000100
1110000100000001001
0100000000001000000
0101010000000000000
1110000000000001000
0000000000000100100
0100000000001000000
0100000000001000000
0000000000100100100
0110000000000000000
0000000000000100100

//
segsites: 19
positions: 0.0362 0.0716 0.0732 0.1423 0.2418 0.3111 0.4439 0.4637 0.4880 0.5128 0.5173 0.7449 0.7564 0.7847 0.7995 0.8313 0.8411 0.9300 0.9929 
0000101100111000000
1000000100100010000
0000000100100000010
0000001100111000000
0000001100111000000
0000000100100000010
0000000100100000000
0000001100111000000
0000000100100000000
0000000100100001010
0000000100100000000
0000001110100000000
0000000101100000000
0000000100100000010
0000010100100000100
0000000100100000000
0000000100100000000
0001000100100000100
0110000000000100001
0000010100100000100

//
segsites: 9
positions: 0.1071 0.1235 0.1708 0.1762 0.3604 0.4701 0.5571 0.6578 0.8073 
000100000
000000100
000000000
000000000
100100000
000000000
001101000
000100000
000101000
000010000
000100010
000000001
010000000
000000000
000100000
001101000
000100000
000100000
000000000
010000000

//
segsites: 6
positions: 0.0579 0.0627 0.1471 0.2340 0.4683 0.9512 
000000
000000
000000
000000
000101
000000
010000
000000
000000
000000
000001
000000
001000
000000
000000
000000
000000
000000
000010
100000

//
segsites: 9
positions: 0.0931 0.2272 0.2426 0.4611 0.5790 0.6189 0.7315 0.8343 0.9972 
011100101
000010000
000010000
011100101
011100101
011100101
011100101
000010000
011100101
000010010
011100101
000010000
011100101
011100101
000010000
011100101
011100101
011100101
111101101
111101101

//
segsites: 12
positions: 0.0310 0.0589 0.1020 0.1642 0.2580 0.3165 0.4937 0.6889 0.8421 0.8680 0.9575 0.9680 
000000000000
000000000000
000000000000
000000000000
000000000000
100000100000
100000000000
000000001000
000000000100
000000000000
000010000000
000000001010
100000000000
001000000000
000000000000
001000010000
000000000001
010000000000
001101000000
001000000000

//
segsites: 13
positions: 0.0599 0.1642 0.3009 0.3575 0.3610 0.4476 0.5407 0.7603 0.7853 0.8063 0.8118 0.8430 0.9767 
0000000000010
0000001001000
0000000000000
0010011001001
0000000100000
0000000000010
0000000000010
0000000000000
0000001011000
0000000000000
0000001001000
0000001001000
0100000000000
0001001001000
0000000000000
0000000000000
0000011001100
1000100000000
0000000000010
0000001001000

//
segsites: 8
positions: 0.1734 0.2601 0.2656 0.3167 0.6348 0.7465 0.9625 0.9878 
00001000
00001100
00101000
00001000
00001100
00101000
00001000
10001000
10001000
00001111
00001000
00010000
00010000
01001000
00010000
00001000
00101000
01001000
00001000
00001100

//
segsites: 15
positions: 0.0365 0.0692 0.1049 0.1147 0.1657 0.1964 0.3093 0.3564 0.4619 0.4831 0.5242 0.7300 0.7824 0.7962 0.7978 
110100010000100
010000000000100
010000010000100
000010001010000
011000010000100
000001000001000
000000001010000
000000001010000
000000000100000
000010001010000
000000000100000
010000000000100
000000100100011
010100010000100
000010001010000
010000010000100
010000010000100
000000000100000
010000010000100
010000000000100

//
segsites: 10
positions: 0.0602 0.1213 0.1384 0.5540 0.6921 0.8192 0.8462 0.8533 0.9141 0.9574 
0000000000
1000000000
0010000010
0000010000
0000010000
1000000000
0001000000
0000000000
1000000000
0000010000
0000000000
1100000000
0000100100
0000001001
0000010000
0000000000
1100000000
0000100000
1000000000
0000010000

//
segsites: 15
positions: 0.0316 0.0549 0.0823 0.1009 0.1623 0.1860 0.3143 0.3586 0.7047 0.7680 0.8313 0.8499 0.8622 0.9568 0.9576 
000100000010000
000000000100000
100000000011010
000000000010000
000000001100000
001000100100000
000000000100001
000000000100100
000000000010000
010001010100000
000000000100000
000000000010000
000000000010000
000000001100000
000000000100100
000000000100100
000000000010000
000010000010000
000000000011010
000000001100000

//
segsites: 14
positions: 0.1564 0.2252 0.3145 0.4426 0.5323 0.5848 0.6151 0.6590 0.7284 0.8481 0.8547 0.8919 0.9044 0.9551 
00000000000000
00000000000000
00010011110101
00000000000000
00000000000000
01000000000000
00000000000010
00000000000000
00100000000000
00000000001000
00000000000000
00000000001000
00000000000000
00000000000000
10000000000000
00001000000000
00000100000000
00000000000000
00100000000000
00000000000000

//
segsites: 4
positions: 0.6015 0.7246 0.7801 0.9228 
0010
0000
0010
0000
0000
0000
0101
0000
0000
0101
0000
1010
0000
0000
0000
0101
0000
0000
0000
0000

//
segsites: 13
positions: 0.1351 0.1446 0.3460 0.3479 0.4024 0.5121 0.5144 0.5218 0.5441 0.5673 0.6438 0.7021 0.8020 
0000100000000
0000001000000
0000100000000
0000000001000
0000000000000
0000000000000
0010000000000
0000000000000
0010000000000
1000100010000
0001000001000
0000000001100
0000000001000
0000000001100
0101000001000
0000000001000
0001000001000
0001000001000
0000010000001
0000000101110

//
segsites: 14
positions: 0.0158 0.0667 0.1036 0.1470 0.1844 0.1874 0.2406 0.3096 0.3201 0.3730 0.5331 0.7460 0.7883 0.8710 
00000000000010
00000100101001
00000000000010
00000000000010
00000000000010
00000100101001
00000000000010
00000000010010
00000000010010
00000010000110
00000000010010
00000000010010
00010001010010
00100100101001
00000010000010
01001000000010
00000000010010
00000000000010
00000000000010
11000000000010

//
segsites: 6
positions: 0.0008 0.3344 0.4594 0.5033 0.6355 0.6531 
000000
000000
000000
000000
000000
100000
000000
000000
000010
000000
000000
000100
000000
000010
000000
010100
001000
000000
000000
000001

//
segsites: 7
positions: 0.0349 0.7624 0.8043 0.8084 0.8640 0.9511 0.9759 
0000000
0000000
0001000
0000000
0000000
1000000
0001000
0000010
0101000
0000000
0000000
0000000
0000001
0001000
0000000
0000100
0010000
0000000
0000000
0001000

//
segsites: 17
positions: 0.0275 0.1307 0.2058 0.2415 0.2609 0.2746 0.3075 0.3599 0.3871 0.4236 0.4960 0.5362 0.5700 0.6801 0.7318 0.8180 0.8231 
00000001000000000
00000000000000000
00010100001010000
00000001000000000
00000000000000000
00000000000000000
00100000000000000
01000000000000000
00001000110000000
00000000000000000
00000000000000000
00000000000000001
00000100001001110
00000100001001110
00000000000100000
00000010000000000
00000000000000000
10000000000100000
00000000000000000
00000000000000000

//
segsites: 8
positions: 0.3398 0.3760 0.4211 0.4627 0.6522 0.7441 0.8854 0.9530 
00000000
00000000
00000010
00000000
00101001
00000000
00000000
00000000
00000000
00000000
00000000
00000000
00010000
00000000
00000000
10000000
00010100
00000000
00010000
01000000

//
segsites: 11
positions: 0.0852 0.1097 0.1909 0.1997 0.3893 0.4058 0.4225 0.7044 0.7671 0.8670 0.9270 
00000000000
00000100011
00000100000
00000100001
00001001000
10000010000
01000010000
00100100000
00000010000
00000100001
00001001000
00000010000
00000000100
00000000000
00000100000
00000010000
00000100000
00000010000
00100100000
00010010000

//
segsites: 15
positions: 0.0239 0.0639 0.0679 0.0760 0.2241 0.4402 0.4462 0.5028 0.5031 0.5617 0.5939 0.5946 0.8183 0.8529 0.9600 
000011000010000
001011000000000
000011000001100
000011000000000
000011000000000
000000000000000
000011001010000
001011100000000
000000010000001
000011000010000
000000000100000
000011000000000
000000000000000
000000000000000
100011000000000
000011000000100
000111000010010
000011000000100
010000000000000
001011100000000

//
segsites: 11
positions: 0.1441 0.1542 0.3116 0.3402 0.4932 0.5935 0.5940 0.5990 0.6595 0.6649 0.7028 
00101000000
00000000000
00101000100
00000000000
00101110001
00101000000
01101101001
00101000000
10000000000
00000000000
00101000000
00000000000
00000000000
00101000000
00000000000
00111000000
00000000000
00000000010
00101000000
00000000000

//
segsites: 12
positions: 0.0905 0.1649 0.4445 0.5633 0.5767 0.6243 0.6284 0.7124 0.7201 0.8369 0.8806 0.9334 
010000011000
000000000000
000000000000
000000000000
000000000000
000000000000
000000000000
000000100000
000010000000
000000000000
000000000000
000000000010
000010000000
000010000000
000000000000
001101000000
100000000000
000000000000
000000100100
000000000001

//
segsites: 18
positions: 0.1984 0.2028 0.3402 0.3493 0.3976 0.4126 0.4255 0.4302 0.4403 0.4454 0.4738 0.4757 0.5382 0.6209 0.7474 0.7538 0.9094 0.9234 
000000000000001001
001000010000100000
100000000000000010
000000000000001001
000010010000100000
000000110000100000
000000010000100000
000000000000001101
100000000001000010
100000000100000010
000000010000110000
000010011000100000
000000000000001001
000010010000100000
000000000000001001
010100000000001001
000001000000001001
000000000010001001
000000010000100000
000000000000001001

//
segsites: 7
positions: 0.1953 0.2177 0.3027 0.5226 0.6663 0.6830 0.7746 
0000010
0000000
0000000
0000000
0000001
0000000
0000000
0000000
0000000
0000000
1000100
0000000
0000000
0000000
0010000
0000000
0000000
0000000
0001010
0100000

//
segsites: 10
positions: 0.0851 0.1072 0.2450 0.3196 0.4379 0.6084 0.6185 0.6599 0.9079 0.9325 
0000000000
0010000100
0001100001
0000010000
0001100001
0000010000
0001100001
0000000000
0101100000
0001100001
0001100001
0000000000
0001101000
0001100010
0000010000
1001100001
0001100001
0001100001
0001100001
0001100001

//
segsites: 7
positions: 0.0775 0.1731 0.2090 0.2639 0.3912 0.8846 0.9790 
0000000
0000001
0010010
0000000
0000000
0000000
1010000
0010000
0000100
0000000
0000000
0000000
0000000
0000000
0010000
0000000
0000000
0000000
0101000
0000000

//
segsites: 18
positions: 0.0392 0.0766 0.0818 0.1345 0.2716 0.3038 0.3768 0.5403 0.5411 0.5633 0.5684 0.6569 0.6722 0.6952 0.8092 0.8749 0.9390 0.9635 
001100001000000000
010000010001000001
010000010011000000
100100001000000100
010000010011000000
100100001000010010
000100001000101000
000100001000100000
010000010001000001
010000010001000000
010010010001000001
100100001000010010
010000010001000000
010000110101000000
100100001000010000
100101001000010000
000100001000101000
010000010001000000
010000010001000001
010000010001000000

//
segsites: 6
positions: 0.2867 0.3840 0.4674 0.6049 0.9053 0.9381 
001000
000000
100000
001000
000001
001000
001000
000000
000000
001010
001000
000000
001000
000000
000000
001000
010100
000000
000000
000000

//
segsites: 14
positions: 0.0199 0.1013 0.1293 0.2746 0.2776 0.3202 0.5171 0.5968 0.6917 0.6973 0.7331 0.8265 0.9153 0.9827 
00000100000100
00000000000000
00000000100000
00000000001000
00000000000000
00000000000000
00000000000000
00000000010011
00000001000100
01000000000000
10000000000100
00000010000000
00000000100000
00000000000000
00101000000000
00000001000100
00000000000000
00000000000000
00010000000000
00000000000000

//
segsites: 11
positions: 0.0148 0.0321 0.0325 0.1512 0.1984 0.2767 0.5551 0.6256 0.8381 0.8994 0.9821 
00011000000
00001010001
00000000000
00011000000
00000000000
00000000000
00000000000
00000000000
00100000000
00000000000
00011000000
10000000000
00001000000
00001000000
00001000000
01000000010
10000000000
01000000010
01000000100
01000101000

//
segsites: 13
positions: 0.0636 0.0669 0.0791 0.0798 0.3134 0.3181 0.4465 0.4678 0.5280 0.7117 0.7486 0.7900 0.8727 
0001000000111
0001000000111
0000001110000
0000001100000
0000001100000
0000001100000
0000001110000
0000101100000
0000001100000
0001000000111
0010001100000
0000001100000
1100011101000
0000001100000
1100011101000
0000001100000
0000001100000
1000001100000
0000001100000
0001000000111

//
segsites: 13
positions: 0.0924 0.1284 0.2782 0.3166 0.3960 0.4558 0.4642 0.6032 0.6857 0.7441 0.8640 0.8778 0.9317 
0000000000010
0000000000000
0000000000100
1000000000000
0000000000000
0001000010010
0100000000001
0000000100000
0000000000100
0000000000000
0000000001000
0000000001000
0000001000000
0000000000001
0100000000001
0000000000000
0010100000000
0000010000001
0000000000000
0000000000000

//
segsites: 11
positions: 0.1709 0.2896 0.3780 0.4517 0.5223 0.6470 0.6981 0.7312 0.8247 0.8774 0.9363 
00000000000
00000000000
00101000000
01000001000
00101000000
00100000000
00000000001
00000100000
00000000000
00000000110
00100000000
00000000000
00000000000
10000000000
00000000000
00010000000
00000000000
00000000000
00000010000
00000000000

//
segsites: 14
positions: 0.0739 0.1949 0.3823 0.4163 0.4559 0.4567 0.5089 0.5217 0.5836 0.6726 0.6816 0.7225 0.9444 0.9869 
10001000001000
00100000000000
00000000010000
00000000010000
00000000100100
00000100000000
00010000000000
00000000000000
00000000010000
00000000100001
00000000010000
00000001000000
00000000010000
00100000000000
00000000100000
00000000010000
00000000000010
00000000000000
00100010000000
01000100000000

//
segsites: 8
positions: 0.0437 0.1498 0.1904 0.2169 0.2625 0.5210 0.8457 0.9793 
00011000
00100000
00000100
00000000
00000000
00000010
00000010
00000000
01000000
00100000
10000000
00000000
00100000
00000010
00000010
00000000
00000010
00011001
00000000
00000010

//
segsites: 13
positions: 0.3697 0.4825 0.5248 0.5514 0.5970 0.6021 0.7273 0.7379 0.7410 0.8148 0.8864 0.9136 0.9771 
1000000100000
0000000000010
0001010000000
0010000000101
1000000000000
1000000000000
0000000000000
0000000000100
1000000100000
0000000010100
0000000000000
0000010000000
0000000000000
0000000011100
0000100000000
0000000000000
0000001010100
0100000000000
0000000000000
0000000000000

//
segsites: 9
positions: 0.0016 0.0604 0.0855 0.1727 0.4040 0.5036 0.5285 0.7304 0.9676 
001000000
000000110
010001000
000000000
000000000
000000000
010001000
100000000
000000000
000000000
000000000
000000000
000000110
000000000
000000001
000110000
000000000
000000110
000000000
010001000

//
segsites: 11
positions: 0.0750 0.2222 0.4572 0.4960 0.5460 0.5648 0.6243 0.7458 0.8391 0.9231 0.9420 
00000001000
00000010000
00000000000
00000000000
00000000001
01000000100
00010001000
00000000000
00100001000
00000001000
00001100000
00000000000
00000100000
10000001000
00000100000
00000100000
00100001000
00000001010
00000000000
00100001000

//
segsites: 6
positions: 0.0526 0.1406 0.3379 0.5482 0.7371 0.8158 
010110
000000
100000
001000
000000
000000
001000
000000
000000
010110
000000
000101
000000
000000
010110
000000
010110
000000
000000
001000
