./ms 20 1 -t 20 -G 59.91465 -eG 0.05 0 
21289 5043 30839

//
segsites: 12
positions: 0.0316 0.0847 0.2052 0.2513 0.3243 0.6300 0.6758 0.7626 0.7690 0.8664 0.8813 0.9835 
000001110000
010010000000
101000000000
000001000000
010010000000
000100000010
000100000000
000000000000
000001000000
000000000100
000000001000
000000000000
000000000000
000000000000
000100000000
000100000001
000000000000
000000000100
000001000000
000000000000

//
segsites: 11
positions: 0.0406 0.1688 0.1850 0.2787 0.3167 0.3324 0.4225 0.5211 0.5477 0.7762 0.8479 
00001000001
00100100000
10000001000
00001000000
00000000000
10000001000
10000001000
01001010000
00100000100
00001000000
10000001000
00100000100
10000000000
10000000010
00001000000
00100100000
10000001000
00100000000
00100100000
00110000000

//
segsites: 10
positions: 0.0315 0.0627 0.1387 0.1431 0.1956 0.2493 0.3200 0.4096 0.7105 0.8532 
0000000000
0000000000
0000000000
1000000110
0010110001
0000000000
0000000000
0010000001
0000000000
0000000000
1000000010
1001000010
0000000000
0000000000
0000000000
0000000000
0000000000
0100000001
0000001000
0000000000

//
segsites: 17
positions: 0.0859 0.0944 0.1133 0.1316 0.1371 0.4521 0.6140 0.6562 0.6760 0.6917 0.7954 0.8104 0.8183 0.8381 0.8588 0.8597 0.9924 
00000010000000000
00100000001000110
00000000000000001
00000001010000000
10101000001000110
00000000000000000
00000000000000000
00100000001000110
00000000000000000
00100000001000110
00000100000000010
00100000101000110
00000000000000001
00010000000001010
00000000000000010
00000010000000000
01000001010010000
00100000001000110
00000001000100000
00000000000000000

//
segsites: 8
positions: 0.0762 0.2450 0.2492 0.4131 0.6244 0.7602 0.8079 0.8326 
00001000
10100000
00010000
00000000
00001000
11000000
00000000
00000000
00010000
00000000
00001000
00000000
00000001
00001000
00001000
00000000
00000000
00000010
00000100
00000000

//
segsites: 16
positions: 0.0815 0.2990 0.3186 0.5059 0.5232 0.5258 0.5312 0.5585 0.5895 0.7299 0.7623 0.8598 0.8981 0.9186 0.9209 0.9722 
0000100000010000
0000000000100000
1100000010000000
0000000000000010
0000000000000000
0000010000100001
0000000000000010
0000100000000000
0000000000000110
0000100000000000
0000000000100000
0000000000000000
0000000000000010
0000000001100001
0001000000000010
0100000100001000
0110000100001000
0000100000000000
1100000010000000
0000001000100000

//
segsites: 16
positions: 0.0169 0.0544 0.1929 0.1944 0.2114 0.3163 0.3414 0.4858 0.4956 0.5289 0.5642 0.7014 0.7267 0.8784 0.9211 0.9531 
0100000000000010
0100000000000011
0100000110100000
1000010000000000
0100000010001100
0010101000000000
0100000001000000
0000000000000000
0100000000000000
0000000000000000
1000010000000000
0100000000000000
0100000001000000
0101000000010000
0100000001000000
1000010000000000
0000000000000000
0000000000000000
0000000000000000
0010000000000000

//
segsites: 14
positions: 0.0344 0.0610 0.2008 0.2753 0.3269 0.5528 0.6486 0.6556 0.6985 0.7300 0.7351 0.8208 0.8486 0.9187 
00010001000000
00000000100100
00000100000010
10000000000000
00000000001000
00000000000000
00000000010001
00100000100100
00000000000000
00000000000000
00000010000000
00000000000000
00000000000000
01001000000000
00001000000000
00010001000000
00000000000000
01001000000000
01001000000000
00000000000000

//
segsites: 13
positions: 0.0137 0.1328 0.1587 0.1621 0.1764 0.3405 0.3649 0.6155 0.6238 0.6397 0.7260 0.7719 0.8540 
0100000000000
0000000000001
0100000100000
0000101000010
0001000000000
1000000000000
0010000000000
0010000000000
0010000000000
0000101000010
0100000000100
0100000000000
0000000001000
0000010000000
1000000000000
1000000000000
0000001010010
0000001000010
0100000000000
1000000000000

//
segsites: 9
positions: 0.0090 0.1868 0.3696 0.4245 0.4495 0.6655 0.7422 0.8313 0.9758 
000000000
000000000
010000000
010000000
000100000
000000001
101001000
100000000
010000100
000000000
101001010
100000000
010000000
100000000
000010000
010000000
000000000
000000000
000010000
000010000

//
segsites: 20
positions: 0.0715 0.0950 0.1804 0.2940 0.3123 0.3212 0.3252 0.3381 0.3478 0.4777 0.5347 0.5952 0.6232 0.6852 0.7448 0.7657 0.8426 0.8702 0.9593 0.9628 
00100000000000000000
00100000000000000000
10000100000101000000
10000100000101000000
00100000000000000000
00100000000000000000
10000100010101001010
00100000000000000000
10001110000001000000
10000100000101000000
10000110000001000000
00100000100000000000
10000100000101000001
11000100000001000000
00100000000000000100
00100001000000010000
10010100001001000000
11000100000011100000
11000100000001000000
10000100000101000000

//
segsites: 12
positions: 0.0328 0.2470 0.2905 0.3991 0.5124 0.5435 0.7123 0.7161 0.7259 0.7376 0.8389 0.9939 
000011000000
010011000000
000011000000
000011000000
000011000000
000011000000
000011000000
000011010010
000011001000
000011000000
000011000000
000011000000
000011000000
101000100100
000011000000
000011000000
000011000000
101100100100
000011010010
000011000001

//
segsites: 14
positions: 0.0567 0.1004 0.1501 0.2271 0.2489 0.2922 0.3453 0.4762 0.7430 0.8286 0.8515 0.8695 0.9074 0.9767 
00000000001001
00000100001000
00000000001001
00010000000010
00000010010010
00000100001000
00001000001100
01000100001000
00010000000010
00000100001000
00000101001000
00010000000010
10000000001001
00010000000010
00000000101001
00010000000010
00000010000010
00010000000010
00000000000010
00100100001000

//
segsites: 16
positions: 0.0670 0.1946 0.2580 0.3205 0.3682 0.5690 0.6446 0.6538 0.7321 0.7474 0.7635 0.8144 0.8152 0.8291 0.8510 0.9824 
0000000010000010
0000000000000000
0000100000000000
0000000000100001
1000000000000000
0000000000000000
1000001000000000
0000010000000000
0010000010000000
0100000000001000
0000000000100001
0001100000000100
0000000100000000
0000000001100000
0000000000000000
0000000000010000
0000000000000000
0000000000000000
0000000010000000
0000000010000000

//
segsites: 12
positions: 0.0085 0.1643 0.2681 0.3030 0.3089 0.4316 0.5000 0.6232 0.6402 0.7870 0.7910 0.8844 
000000100000
000000100000
000000000000
001000000000
000001000000
000000100000
000000000100
000001000000
100100100001
000000100001
000000100001
000000001000
000000100000
010000110001
000000100000
000000000000
000001000000
000010000000
000000100001
000000100011

//
segsites: 14
positions: 0.1153 0.1293 0.3346 0.4631 0.5179 0.5236 0.5472 0.5791 0.6534 0.7191 0.7995 0.8051 0.8668 0.9384 
01010000000000
00100000000100
00000000000100
10000101011001
00000000000000
00000000000000
00000000000110
01010000000000
00010000000000
00000000000100
00000000000100
00100010000100
00000000100100
00001000000100
00000000100100
00000000000100
00000000000100
00000000000100
00000000000000
00000101011001

//
segsites: 13
positions: 0.0295 0.1373 0.2563 0.3100 0.4195 0.5793 0.5964 0.6080 0.7105 0.7154 0.8597 0.8665 0.9780 
0001000000000
0010000000100
0100000000000
0000000000001
0010000101100
0010100000100
0010000011100
0000000000000
0000011000000
0000000000000
0000000000000
1000000000000
0010000101100
0000000000000
0010000001100
0000000000000
0000000000000
0010000000110
0010000101100
0010000101100

//
segsites: 4
positions: 0.4123 0.5150 0.8033 0.9811 
0010
0000
0000
0110
0110
0010
0000
1010
0110
0010
0000
0001
0010
0000
0000
0110
0110
0110
0000
0010

//
segsites: 16
positions: 0.0058 0.1298 0.4287 0.4879 0.5066 0.5175 0.6729 0.7432 0.7915 0.8252 0.8429 0.8926 0.9035 0.9127 0.9395 0.9529 
0000100100000000
0100100000000000
0100100000000000
0000100000000000
0000100100000000
0000100101000000
0100100000000000
0000100000011000
0001001000000000
0100100000000000
0000100000000011
0100100010000000
0000100000000000
1000100000000000
0000110000000000
0000100000000100
0100100000100000
0010100000000000
0010100000000000
0010100000000000

//
segsites: 8
positions: 0.1032 0.2756 0.6026 0.6492 0.8287 0.8424 0.8432 0.9704 
00000000
10000000
00000001
00000000
00100000
00000000
00010000
00000100
00000000
00000000
00101000
00000000
00000100
10000000
00000000
00000100
01100000
00000000
00000011
00000000

//
segsites: 11
positions: 0.0706 0.1135 0.1652 0.2710 0.4560 0.5874 0.7169 0.8541 0.8615 0.9171 0.9394 
00000011010
00000000010
00010000010
00010000010
00000000110
00100100010
00100000010
00100000010
00001000000
00100000010
01000000011
00000000011
00100000010
10000000011
00001000000
00010000010
00010000010
00100000010
00100000010
00000000010

//
segsites: 14
positions: 0.0014 0.1251 0.1714 0.3311 0.4176 0.4971 0.5470 0.7381 0.7792 0.8239 0.8377 0.8663 0.9401 0.9740 
01000000000000
10001100000100
00000001000000
00000000100000
00000000000010
10001100000100
00000000000000
00000000110000
10000000001100
00000000000000
01000000000000
01000000000000
00000000000000
00000000100001
10100000000100
00000000100001
00000000000000
00000000100000
00000010100000
10110000000100

//
segsites: 9
positions: 0.0055 0.0756 0.1289 0.1655 0.3418 0.5987 0.7559 0.7640 0.8189 
000010000
000000010
000000000
000100000
010000000
100000000
000000010
011000000
000000010
000000001
000000010
000000101
000000000
000000000
000000000
000001000
010000000
000000000
000000000
000000000

//
segsites: 14
positions: 0.0636 0.1242 0.1833 0.3027 0.3137 0.3408 0.4031 0.5067 0.5287 0.5600 0.6084 0.8108 0.8450 0.8664 
00000001000000
00000001000000
00000000000000
00000001000000
10010100100101
00000001000000
10010100110100
00000001000000
11011100100100
11111110101100
00000000000000
11011100100100
00000000000000
10010100110100
10010100100111
10010100110100
00000001000000
00000001000000
11011100100100
00000000000000

//
segsites: 19
positions: 0.0322 0.0509 0.0805 0.1422 0.1803 0.2405 0.2928 0.4329 0.4355 0.4547 0.4582 0.5031 0.6649 0.7283 0.8181 0.8257 0.8337 0.8772 0.9264 
1001000000000000000
1000100000100001010
0110010000000000001
1000000000000000000
1000000000010000100
0000011000001000000
1000100000000001000
0110010010000010001
1000100101000001000
0000011000000000000
0000011000000000000
0000011000000100000
1000100100000001000
1000100000100001000
1000000000000000000
1000000000000000000
1000100000000001000
0110010000000010001
1000000000000000000
0000011000000000000

//
segsites: 14
positions: 0.1626 0.2109 0.3218 0.3937 0.4101 0.4508 0.4685 0.5125 0.5334 0.5795 0.6353 0.7575 0.9415 0.9928 
00000000000000
00000000000000
00001010000000
00100001000000
00000000001000
00000000000000
00100100000000
00100000000010
00100000100000
00000000000001
00000000000000
00100000000000
00000000000001
00000000000000
00100000000000
10100000000010
00000000000001
00100000110000
01100000000000
00010000000100

//
segsites: 12
positions: 0.0327 0.0545 0.0886 0.1843 0.2718 0.3477 0.3658 0.5040 0.5517 0.7139 0.7599 0.7669 
011000000000
000000000001
000100000000
010000000000
100000000000
000011000000
000100100000
000000000000
000100000000
000100000010
000000010000
010000000000
000000000000
000100000000
010000000100
000000000000
000001000000
000000000000
000000001000
010000000000

//
segsites: 13
positions: 0.0858 0.1718 0.1997 0.4329 0.4393 0.5529 0.6500 0.6565 0.7468 0.7578 0.8824 0.9040 0.9609 
0000000001000
0000001000010
0000000001000
1001100000000
1001100000000
1001100010000
0000011000000
0000000000000
0000000001000
0000000000001
0000000000000
0010000001000
0000000000000
0000000000000
0000000000000
0000000001000
0100000100100
0000000001000
1001100000000
0000000001000

//
segsites: 8
positions: 0.1484 0.1742 0.4153 0.4920 0.5723 0.8728 0.8861 0.9423 
00100010
00100000
00100000
00100000
00100000
00000000
00100000
00100000
00100000
00100000
00101000
00100001
01010100
00000000
00100000
00100000
10000000
00100001
00100000
00100000

//
segsites: 11
positions: 0.2482 0.2695 0.3637 0.4235 0.4438 0.4735 0.4909 0.5114 0.5177 0.5549 0.9210 
10001100100
01000010000
01000011001
01000011000
01000010000
10001000110
10001000100
10001000100
10001000100
01000011000
10001000110
01000011000
10001000100
10001000100
01010010000
01000011000
01100011000
10001100100
01000011000
01000011000

//
segsites: 18
positions: 0.0870 0.1228 0.1330 0.1990 0.2022 0.2475 0.2659 0.3198 0.3552 0.3603 0.4109 0.4959 0.5760 0.6900 0.6924 0.8197 0.8866 0.9050 
001000000000010001
001100000000000101
001000000000000010
000000010110000000
000000000110000000
010000100110000000
001000000000000001
001000000000010001
001101000000000101
001000000000000010
000010010111000000
001000000000001010
001000000000000000
000010010111000000
001000000000000001
001000000000010001
100000010110000000
001000001000100000
001000000000001010
001000000000001010

//
segsites: 21
positions: 0.0198 0.1690 0.2985 0.3125 0.3670 0.4004 0.5676 0.5880 0.6267 0.6318 0.6326 0.6715 0.7462 0.7476 0.8007 0.8607 0.8918 0.9268 0.9805 0.9819 0.9883 
101101011000000000000
000000000100100000010
000000000100100000000
000000000101100000000
000000000101100000001
101000011000000000000
101000011000000000000
101001011000011000000
010010100101100000000
101000011000000000000
101000011010000000000
101000011000000010000
000000000100100000100
000000000101100000001
000000000100100000100
101000011000000000000
000000000100100000100
000000000000100100000
101000011000000001000
101000011000000000000

//
segsites: 17
positions: 0.0288 0.0628 0.0684 0.0874 0.1342 0.1933 0.3831 0.4288 0.5237 0.5350 0.5899 0.6135 0.6682 0.6712 0.7405 0.8450 0.8618 
00000000000000000
01100010000001000
00000000010000100
00000000000000000
00000000100000000
00000000000000000
00000000000010000
00000001000000000
10000000000000000
00000000000000000
00000000000000000
00000000000101001
00000000000000000
00001000000000000
00010000000101001
00000000000101001
00000000000000010
00000100000000000
00000000000000000
00000000001000000

//
segsites: 5
positions: 0.0429 0.2935 0.5100 0.5889 0.9326 
01000
00000
00000
00000
01000
00000
00000
01000
00001
00000
00010
01000
01000
01000
00000
01000
01100
10000
00010
00000

//
segsites: 15
positions: 0.0491 0.0720 0.1315 0.1401 0.2488 0.4474 0.4698 0.4943 0.5651 0.5854 0.7448 0.8668 0.9240 0.9671 0.9871 
000000000000010
000000000010000
000000000000010
000000001010000
010000000010000
000000100000010
000000000010000
000100000001000
000000000010000
000000100000010
000000010000000
100000000100001
001000000000010
000001000000010
001010000000010
000000000000100
000000000010000
001000000000010
000000000000000
000000000100000

//
segsites: 9
positions: 0.0016 0.0652 0.1199 0.2281 0.2424 0.5061 0.5169 0.6791 0.7431 
000000000
000010000
000110010
000011001
000000000
000000000
000000000
000010000
000110010
000000000
000000000
000000000
000010000
000110010
000000100
000000000
010010000
100000000
000010010
001000000

//
segsites: 15
positions: 0.0817 0.1142 0.2065 0.4173 0.4742 0.4985 0.5032 0.5173 0.5626 0.5858 0.6563 0.7863 0.7989 0.8103 0.8823 
000000100000000
000000100000000
000000100000001
000000100000010
100000001100000
000000100000000
000000110000100
000000100010000
000000100000000
000000100000000
011100000101000
000000100000001
000000100000000
000000100000001
100000001100000
000000110000100
000000100000000
000011100000000
000000110000100
000000100000000

//
segsites: 6
positions: 0.2241 0.2463 0.3897 0.4116 0.4822 0.6748 
001000
001100
001000
000000
000001
000000
001010
000000
001000
010000
000000
001000
000000
001100
000000
000000
101100
001100
000000
001010

//
segsites: 7
positions: 0.3746 0.4028 0.6649 0.7256 0.7360 0.8469 0.9513 
0001010
1000000
0000010
0000000
0000000
0000000
0000000
0000000
0100100
0100100
1000000
0000000
0100000
0010001
0000010
0000000
0001010
0000000
0100000
0000000

//
segsites: 8
positions: 0.1411 0.1472 0.1896 0.3068 0.3597 0.4422 0.5333 0.9874 
00000100
10000000
00011000
10000010
10000000
00000000
00010000
10000000
10000000
10000000
10000000
10000001
10000000
10000000
10000000
10000000
10000000
10000000
11000000
10100000

//
segsites: 4
positions: 0.0336 0.4745 0.7338 0.9057 
0000
0001
0100
0000
0000
0010
0000
0000
0000
0000
0000
0000
0000
0010
0000
0000
0000
0000
0000
1000

//
segsites: 6
positions: 0.1115 0.3226 0.3559 0.4101 0.5394 0.7774 
000000
110000
000000
000000
000000
000000
000001
000000
000001
000000
000000
001000
110000
000000
010010
000100
001000
110000
000000
000000

//
segsites: 13
positions: 0.0012 0.1836 0.2659 0.2833 0.2981 0.3838 0.4194 0.4379 0.6223 0.7019 0.7851 0.9082 0.9437 
1000000000000
1000000000000
1100000000100
1000000000000
1100000101000
1100000001000
1101000001000
1100010001000
1110000011000
1000000000000
1100000001000
1000001000000
1100000001000
1000000000000
1100100001000
1100000000000
1101000001000
1101000001000
0000000000001
1000000000010

//
segsites: 18
positions: 0.0123 0.1185 0.1532 0.2587 0.2685 0.2879 0.3587 0.3678 0.3848 0.4517 0.5639 0.6207 0.6209 0.6989 0.8224 0.8424 0.9311 0.9814 
110000000000000000
000000000000000000
000000000000000000
000000000000000000
001000010001000000
000000000000000000
000010000010000000
000001000000000010
000000000000000000
000000000000000000
000000000000101001
000000000000000000
000010000010000000
000000000000000000
000000000000000000
000000100001010000
000000001000000100
000000000000000000
000100000101010000
000000000000000000

//
segsites: 13
positions: 0.0021 0.1080 0.1893 0.3131 0.3143 0.3460 0.4115 0.4231 0.4618 0.4777 0.6179 0.8294 0.9417 
0001100000100
0010100010100
0100010000000
0000100010100
0100010000000
0001100000100
0001100000100
0000101000110
0000000000000
0100010000000
0000100010100
0000000000000
1000000000000
0100010000000
0000000001000
0000100100100
0000000000001
0000100000100
0000000000000
0100010000000

//
segsites: 14
positions: 0.0300 0.1384 0.1829 0.2241 0.3212 0.3869 0.4090 0.4794 0.4861 0.5017 0.5185 0.6563 0.7798 0.9675 
00010000000000
00010110000000
00010000001000
00010000000001
00010000000000
00010000100000
00000000000000
00010000010000
10010000000000
00010000000000
00010110000000
00010000000000
01010000000000
00010000010000
00010000100000
00010000000000
00000001000110
00100000000000
00011000000000
00010000000000

//
segsites: 10
positions: 0.0042 0.0733 0.4293 0.4624 0.4949 0.7819 0.8162 0.8750 0.9354 0.9912 
0000000000
0000000100
0000000001
0100000000
0000001000
0001000000
0000000000
0000000000
0000000000
1000000010
0001000000
0000110000
0000000000
0000000001
0000000000
0000000000
0000000000
0010000000
0000000000
0000000000

//
segsites: 10
positions: 0.0915 0.1556 0.1919 0.2432 0.4520 0.4758 0.4931 0.6446 0.7803 0.9066 
0000001100
1000001110
0000100000
0000001100
0001001100
0000100000
0000001100
0000010000
0000001101
0000000000
0000010000
0100000000
0000000000
0000010000
0000001100
0000000000
0000100000
0000000000
0010001100
0000001100

//
segsites: 10
positions: 0.0887 0.3870 0.4162 0.4242 0.4803 0.6279 0.6408 0.7617 0.7949 0.9232 
0010011000
0000000001
0000000001
0010011000
0010111000
0000000001
0110011000
0000000001
1001000000
0010011000
0010011010
0010011000
0000000001
0000000101
0010011000
0010011010
0000000001
0000000001
0000000001
0000000001

//
segsites: 10
positions: 0.3543 0.4020 0.4268 0.6125 0.6776 0.7156 0.7642 0.7963 0.8399 0.8613 
0010000010
0010010010
1000100010
0001000010
0000000010
1000100010
1000100010
0000000100
1000100010
0010000010
1000100010
1000100010
0010000010
0000000010
0000000010
0010000010
1000100011
1000100010
0100001010
0000000010

//
segsites: 8
positions: 0.0498 0.1845 0.2163 0.2716 0.3668 0.5671 0.6624 0.8414 
01000001
10000000
10000000
00000000
01000001
00000000
01001001
00000000
00100000
00000000
00100000
10000000
00000000
10000100
00100000
00100000
00010010
00100000
00100000
00010000

//
segsites: 16
positions: 0.1370 0.1595 0.1807 0.2255 0.2717 0.3387 0.3596 0.4750 0.5973 0.6268 0.7191 0.7618 0.7845 0.8126 0.8434 0.9385 
0110000000000011
0100000000000001
1100000000001001
0100001000000001
0000000000000000
0000010010000000
0001000001000000
0100000000100100
0100000000000001
0100000000000001
0000000001000000
0100000000000001
0100000000000001
0100000000000001
0000000001000000
0100100000100000
0100000100000001
0100000000100000
0100000000100100
0000010000010000

//
segsites: 16
positions: 0.0348 0.0495 0.0500 0.0988 0.3780 0.3818 0.5768 0.6892 0.7676 0.7799 0.7826 0.8180 0.8483 0.9083 0.9208 0.9977 
0000001000000001
0000000000000001
0000000000001010
0000001000000001
0010000000001010
0000000000000001
0000000001000001
0000000010000110
0000000000000010
0000000000000001
1100000100000010
0000001000000001
0000000010000110
0000000000001010
0001010000000010
0000001000000001
0000100000000001
0010000000101010
0000000000011010
0000100000000001

//
segsites: 7
positions: 0.1644 0.2766 0.3967 0.7337 0.8121 0.8319 0.8719 
0000001
0000100
0000000
0010000
1001000
0000000
0000000
0000000
0000010
0000000
0000000
1001000
0000000
0000000
0100000
0000001
0000000
0000000
0000000
0000000

//
segsites: 14
positions: 0.0328 0.1293 0.1679 0.2066 0.3711 0.3736 0.4082 0.6201 0.6683 0.7658 0.7889 0.8002 0.8710 0.9041 
00000011000010
00000000000110
00000000000000
00000000000110
00000000000000
00010000100000
00000000000000
00000000000000
00000000000000
10000000000000
00000000000000
00000000000000
01001000001001
00000011000010
00010000100000
00010000100000
00000000000000
00000000000000
00100100010000
10000000000000

//
segsites: 16
positions: 0.0192 0.0992 0.2469 0.2580 0.3019 0.3029 0.3119 0.3352 0.3888 0.4116 0.5101 0.6386 0.8459 0.9097 0.9512 0.9546 
0000000100000000
0110000000010000
0000100100000110
0000100110000101
0000100100000100
0000100100001000
0000100100000100
0000000100000000
1000000100000000
0000000100000000
0110000000010000
0000100100000110
0000100110000101
0000100100100100
0000000100000000
0001010100000000
0000001101000000
0010000000000000
0000100100000100
0000100100000100

//
segsites: 15
positions: 0.0746 0.1255 0.1532 0.1609 0.1619 0.2627 0.2995 0.5165 0.5497 0.5675 0.5840 0.5925 0.5937 0.7399 0.7894 
000011110010100
001000001101001
010000000001000
000001110010100
010000000001000
000001110010100
000001110010100
000000000001000
010000000001000
010000000001000
000000000001000
000101010010100
000001110010100
000001110010100
000001110010100
010000000001000
010000000001000
100001010010110
000001010010100
000000000001000

//
segsites: 15
positions: 0.2028 0.2138 0.2531 0.2865 0.4063 0.4366 0.5273 0.5428 0.6065 0.6073 0.6544 0.6587 0.7704 0.8642 0.9526 
001101100000010
000111000010010
000101000000110
000101000000111
011101000000010
000111000000010
000101001100010
001101100000010
000101001000010
000101000000010
000101001000010
000101000000110
000101001000010
000101010000110
000101001101010
000111000000010
000101000000111
000101001000010
100000000000000
001101100000010

//
segsites: 12
positions: 0.0270 0.0652 0.2478 0.2509 0.2896 0.3145 0.3564 0.4607 0.7382 0.8010 0.8952 0.9132 
010100000000
000001000000
000000000010
001000000000
000000000000
000001000000
000000000001
100000000000
000000000000
000000100000
000000000000
000010000100
000000001000
000000000000
000000000000
000000000000
000010010100
000000000001
001000000000
000000000000

//
segsites: 11
positions: 0.0819 0.2130 0.4365 0.6081 0.6182 0.6195 0.6628 0.7168 0.8752 0.8755 0.9200 
10000001011
00000000000
00000000000
01000000000
00000001011
00110000000
00000000010
00000000110
00000000010
00000000000
00000000000
00000000000
00000010000
00000000000
00000000010
00000100000
00001000010
00110000000
00000001011
00000100000

//
segsites: 12
positions: 0.0457 0.1219 0.1604 0.2563 0.5453 0.5750 0.5939 0.7392 0.7896 0.7900 0.9126 0.9257 
010000000000
010000000000
010010000000
001000010000
010000000000
010000100000
010000000000
110000000000
001000001000
010000000000
010000000000
010101000000
001000000010
010000000001
010000000000
110000000000
010000000100
010000000100
010000000000
001000000000

//
segsites: 10
positions: 0.1559 0.1875 0.1921 0.2503 0.5225 0.5288 0.5435 0.5856 0.7569 0.8784 
0000000000
0100000000
0000000000
0000000000
0011000000
0000000000
0000000000
0000000000
0000000000
0000000000
0000001000
0000000000
1000000000
0000101010
0000000001
0000000000
0000010000
0000000000
0000000100
0000000000

//
segsites: 18
positions: 0.0951 0.2264 0.2937 0.3312 0.3888 0.3889 0.5660 0.5941 0.7122 0.7244 0.7511 0.7608 0.8293 0.8438 0.8591 0.9293 0.9943 0.9956 
100000010000010000
000000000000110000
000000000100000010
000000000000010000
000010100000010000
100001010000010000
100000010000010000
000010000000010000
000010000000010000
001000000000010000
100000010000010000
000000000000010001
000000000000001010
000000000000010000
000000000011010000
100000010000010000
000010000000010000
000000000000010100
000000000000010000
010100001000000000

//
segsites: 15
positions: 0.0166 0.0651 0.0709 0.2007 0.2041 0.2106 0.3034 0.3149 0.4730 0.4942 0.5770 0.7973 0.8327 0.9070 0.9284 
000000000000000
000010000000010
000000010000000
000000000010100
000000001000000
000000000000000
000000000010100
100000000101000
000000000000000
000000000010100
000000000001000
000101000000000
001000000000000
010000000000000
000000000000000
000000000010100
000000100000001
000000000000000
000000000000001
000000000000000

//
segsites: 13
positions: 0.0163 0.2840 0.3184 0.3208 0.4813 0.4825 0.6724 0.7309 0.7583 0.8011 0.8998 0.9000 0.9712 
1000000001000
0100010000100
0100010000100
0101010000100
1000000110000
0100010000100
1000000001000
0000010000100
1000100000000
0000010000100
0000010000100
0000010000100
0010010000100
0000010000100
0100010000100
0010010000100
0000010000110
1000001000000
1000000110000
0000010000101

//
segsites: 15
positions: 0.0279 0.1284 0.1518 0.2123 0.2803 0.2899 0.3347 0.4585 0.4911 0.5938 0.6101 0.6136 0.7190 0.8683 0.9022 
000000000000100
000000001000001
000110000010000
000000000000000
000000100000001
000000000000001
000000100000001
000110000010000
010000000000011
000000000000000
000000000000000
000110000010000
001000000100000
000000000000000
000000000001000
100000000010000
000001000000000
000001000000000
000000010000000
000000001000001

//
segsites: 8
positions: 0.3235 0.4544 0.4605 0.6493 0.6573 0.7094 0.7943 0.8715 
00000000
01110000
01011000
01010001
00000000
00000000
00000000
11010000
01010000
11010000
00000000
01010100
00000000
00000000
01010001
00000010
00000000
00000000
01010000
00000000

//
segsites: 8
positions: 0.0821 0.1651 0.4637 0.4915 0.4931 0.7252 0.7846 0.8382 
10000000
00000000
00000000
00000000
00000000
00000000
01000001
00001000
10000000
01000001
00000000
00000000
00000000
00000000
00000000
00000100
00000110
00100000
00010000
00000000

//
segsites: 13
positions: 0.3018 0.4507 0.5920 0.6015 0.6238 0.6950 0.7312 0.7566 0.8719 0.8847 0.9051 0.9250 0.9338 
1000000000000
1010000100000
1000000000001
1000000010000
1001000000100
1000000000000
1000000000000
1000000000000
1000000000000
1000000000000
0000000000000
1000000000000
0000000000000
1100100000000
0000010000000
0000000000000
1000001000000
1000000000000
1000000001010
1000000000000

//
segsites: 12
positions: 0.0853 0.2540 0.3149 0.3247 0.3493 0.4775 0.6188 0.6538 0.6921 0.7535 0.8149 0.8586 
001100000000
010000010000
001100000000
001100001000
100010000000
000000000001
000000000000
000000000000
000000000000
100000000000
000000000000
000000000001
001100000000
001100001000
000000000000
100001000010
000000000100
001100100000
010000000000
001100000000

//
segsites: 14
positions: 0.0007 0.0144 0.0763 0.0812 0.1393 0.3663 0.4798 0.5479 0.6527 0.6715 0.7150 0.8432 0.8912 0.9263 
00100001000100
00001100011000
00100001000100
01100001000100
00100001000100
00100001000100
00100001000000
00100001000100
00110001000100
00100001000100
00100001000100
00001100011000
00100001000100
00100001000000
00001110011000
10100001000011
00001100011000
00100001000100
00001100111000
00100001000100

//
segsites: 7
positions: 0.0039 0.0308 0.0375 0.3044 0.5026 0.8991 0.9347 
0000000
0000000
0100000
1000000
0000000
0100000
0100000
0001000
0000000
0000000
0100000
0000000
0000000
0110000
0000000
0100011
0100000
0000000
0000100
0000000

//
segsites: 12
positions: 0.0014 0.0215 0.0395 0.0540 0.2842 0.4288 0.5338 0.5756 0.6352 0.6887 0.7410 0.8639 
000000100000
000000000100
001001110000
000000100001
001000100000
000000101000
100100100000
000000100000
001011100000
010000100000
000000100000
000000100000
000000100000
001000100000
001000100000
001000100010
000000100000
000000100000
010000100000
000000100000

//
segsites: 11
positions: 0.0902 0.1232 0.2573 0.2816 0.2960 0.5218 0.6478 0.6640 0.8685 0.8778 0.9819 
00000000001
00000001000
00000010000
00000000000
00000000000
00000000100
00000000000
00001000000
00000100000
00000000000
00000000000
00000001000
00000010000
00000010000
00100000000
00000000010
00100000000
00000000000
10000100000
01010001000

//
segsites: 15
positions: 0.0005 0.0860 0.1057 0.1435 0.1883 0.2735 0.2867 0.3189 0.8093 0.8740 0.8986 0.9214 0.9372 0.9553 0.9942 
000000000000001
001010101000000
000000000000000
100000000001000
000011001000000
000000000100000
000011001000000
000000010000000
010100001000000
100000000001000
000000001000000
100000000001000
000000001000000
100000000001010
000000000000000
000000000010000
001010101000100
001010101000000
000000000000000
000010001000000

//
segsites: 7
positions: 0.2122 0.2728 0.5858 0.6396 0.6958 0.7292 0.8024 
0000000
1000000
0100000
0000000
1000010
0000000
0010100
1000000
0000000
0101000
0010000
0000000
0000000
0000000
0000000
0010000
0010000
0000000
0000001
1000000

//
segsites: 8
positions: 0.2843 0.3557 0.4152 0.4273 0.4625 0.5995 0.7783 0.8654 
01000100
00000010
00000010
00000011
01000100
01000100
01000000
01000000
01100000
10000010
00000011
00000010
00000010
00000011
01000100
00001010
00010011
00001010
01000000
00000010

//
segsites: 7
positions: 0.1878 0.2038 0.3107 0.4389 0.7808 0.8366 0.8855 
0011000
0011000
0011000
0011000
0000000
0011000
0011010
0011000
0011100
0011000
1011000
1011000
1011000
1111000
0011001
0011000
0011000
0011000
0011000
0011000

//
segsites: 12
positions: 0.0302 0.1624 0.2966 0.3382 0.4578 0.5511 0.7087 0.7427 0.7734 0.8705 0.8827 0.9792 
001010001000
001010001100
001010001000
001010001000
000010001010
001010001000
000010001010
001010001000
001010001000
011110001000
001010001000
000000000001
000010001000
000010001010
001011001000
000010001010
000010001000
011110001000
101010011000
000010101000

//
segsites: 6
positions: 0.1015 0.3399 0.5543 0.6565 0.7558 0.9868 
000000
000000
001000
001000
000001
001000
000010
001000
001000
000010
000010
001000
000000
000100
110001
000001
000001
000100
000100
000100

//
segsites: 11
positions: 0.2018 0.2325 0.5516 0.5539 0.6683 0.6918 0.7278 0.7732 0.7785 0.8058 0.8863 
01000111001
00000011000
00010011000
00010011000
00010011000
00000011010
00000011000
10010011000
00000011000
00001011000
00000011000
00010011000
00010011000
00010011000
00001011100
00000011000
00110011000
00000000000
00000011000
00000011000

//
segsites: 8
positions: 0.1381 0.3041 0.4462 0.4772 0.5308 0.5467 0.7070 0.7366 
00000000
00000000
00000001
00010110
00010110
00110110
00000000
00001000
01000001
00010110
00110110
00000000
00000000
10000000
00000001
00000000
00000000
00010110
10000000
00000000

//
segsites: 19
positions: 0.0972 0.1280 0.1617 0.2074 0.2474 0.2631 0.3077 0.3449 0.3812 0.4172 0.4239 0.4510 0.5282 0.6120 0.7374 0.7383 0.7787 0.8933 0.9572 
0000000000000000000
0000000000000000000
0000100000000000010
0000001000000000000
0000000100100000000
0000100000000011000
0000100000000000000
0000011000000000000
0000100000000001001
0000000000000100000
0000001010000000000
0001000001000000000
0000000000000100000
0100000000000000100
0010100000000000000
0100000000000000000
0000100000010000000
0000001000001000000
1000100000000000000
0100000000000000000

//
segsites: 14
positions: 0.0162 0.2012 0.2480 0.2684 0.4222 0.4840 0.4994 0.5166 0.5334 0.5725 0.5793 0.5889 0.8559 0.9100 
00000000000001
00001000000000
00000101100000
01000100000000
00000100000000
00000100011000
00000100010000
00000000000001
10000000000001
00000100000000
00000100000000
00010000000001
00000100000100
00000110000010
00000100000000
00000000000001
00000000000000
00000100000000
00100100000000
00000100000000

//
segsites: 7
positions: 0.0813 0.1251 0.4564 0.5227 0.8263 0.9816 0.9880 
0100100
0000000
0000000
0000000
0000000
0010000
0000000
0100100
0000000
1100000
0000011
0000000
0101000
0100000
0101000
0000000
0000000
0000000
0000000
0100000

//
segsites: 12
positions: 0.0654 0.0840 0.1232 0.1626 0.2256 0.2329 0.4511 0.6367 0.7284 0.7791 0.9427 0.9634 
000010010001
000000010010
000000010001
000000010001
000000010000
100000010000
000000010000
000000001000
000000010010
000000110000
000001010000
011000000100
000000010000
000000010000
000100010000
000000010000
000000010000
000000010000
000000001000
000000010000

//
segsites: 10
positions: 0.0578 0.1354 0.2097 0.2162 0.3354 0.4646 0.5089 0.7064 0.8030 0.9732 
0000000100
0000010110
0010000100
0000000000
0000000000
0000000100
0000000001
0000000000
0101000000
1000000100
0101000000
0000000000
0000001000
0101000000
0000100100
0000010100
0000000000
0010000100
0000000100
0101000000

//
segsites: 14
positions: 0.3333 0.3397 0.4442 0.6301 0.6438 0.7003 0.7876 0.8015 0.8561 0.8622 0.8755 0.8940 0.9276 0.9733 
00000010000100
00000010000100
00000010000100
00000000000000
00000001000000
00010000000010
01000000000001
00000000000000
00010000000010
00000000100000
10010000000010
00010100000010
00010100000010
00000010000100
10010000000010
00100000000000
00010000001010
00010000000010
00011000010010
00010000000010

//
segsites: 4
positions: 0.0763 0.3903 0.7242 0.9665 
0000
0000
0000
0000
0000
0001
0000
1000
0000
0000
0000
0000
0000
0001
0110
0000
0000
0000
0000
0000

//
segsites: 7
positions: 0.0592 0.3633 0.6439 0.6660 0.7358 0.8505 0.9675 
0000000
0100000
0000000
0000010
0000000
0000000
1000000
0000000
0000000
0000000
0000001
0000000
0000001
0001000
0000000
0100000
0000000
0010100
0100000
0000000

//
segsites: 13
positions: 0.0320 0.0335 0.1626 0.2078 0.3272 0.3420 0.3553 0.3952 0.4053 0.4595 0.6054 0.6429 0.8924 
0000010000100
0000000001001
0000010000100
0101000000000
1000100100010
0010000000000
0000000100000
0000000000000
0000000010000
0000000100000
0000010000100
0000000000000
0000000000000
0000000000000
0000000100000
0000011000100
0000000000000
0000011000100
0000000100000
0000000100000

//
segsites: 8
positions: 0.1468 0.2692 0.3949 0.4055 0.4756 0.5112 0.7133 0.8262 
10000000
00000000
00000001
10000000
00010000
00000000
10001000
00100100
00000000
00000000
00000000
10000000
00000000
01010000
10000000
00000000
10001000
10000000
00000000
00000011

//
segsites: 5
positions: 0.1847 0.3252 0.4144 0.6432 0.8202 
00000
00000
00000
00000
00000
00000
00000
00010
00000
01000
00000
00000
00100
00000
00001
00000
00000
00000
10000
00100

//
segsites: 12
positions: 0.0164 0.1154 0.1364 0.1533 0.1872 0.2090 0.2864 0.3112 0.5277 0.6931 0.8858 0.9728 
101000000000
001010000000
000100010001
011000000000
001000000000
001000001010
011000000000
001000000000
000100000001
000100110001
000100010001
000100110101
000100110001
000100000001
000101110101
001000000000
000100010001
001000000000
001000000000
001000000000

//
segsites: 13
positions: 0.0427 0.1077 0.2536 0.4503 0.4826 0.6101 0.7666 0.7979 0.8157 0.8849 0.9060 0.9154 0.9536 
0010000000010
1010000001010
0010001000010
0010000000010
0010000000010
0010000000010
0010000000010
0010000000010
0010000000010
0010000000010
0010000000010
0010000000010
0010000000010
0010100000010
0001010000100
0010000000011
0010000000010
0001010000100
0110000100010
0001010010100

//
segsites: 14
positions: 0.0130 0.0989 0.1031 0.2269 0.2536 0.4604 0.5458 0.5534 0.6760 0.7414 0.7734 0.9260 0.9780 0.9784 
00010000000000
00010000000000
00010100010000
00011000100000
01000000000001
00011000000000
00010100000000
00010000000000
01000000001000
01000000001000
00010000000110
10111000000000
01000000001000
00010100000000
00010100000000
00010101010000
00010000000000
00010100000000
00010100000000
00010110000000

//
segsites: 14
positions: 0.0129 0.0739 0.2737 0.2945 0.2957 0.3798 0.3865 0.4165 0.4847 0.5909 0.8173 0.8962 0.9658 0.9876 
00010000010000
00000000000000
00000000000000
00001000000000
00000010000000
00000100000010
10000001000000
00000000000000
00100000001000
00000000000000
00000000000000
00000000000001
00000000000100
00000000000100
00000000000000
00000000100000
00000000000001
00000000000000
00000000000000
01000000000000

//
segsites: 9
positions: 0.3422 0.4132 0.4526 0.5266 0.6405 0.7327 0.7684 0.7954 0.8102 
001001010
110100000
000000000
000010000
001000000
001000000
000000000
000000000
001000000
000000000
000000000
000000000
001000000
000000000
000000001
000000101
000000000
001000000
000000000
000000000

//
segsites: 12
positions: 0.0622 0.0965 0.2955 0.3816 0.4361 0.4528 0.5802 0.5987 0.6011 0.7862 0.8878 0.9885 
000001001000
000101001000
000001001000
010000000101
100000000000
010000010111
000000000000
100000000000
010000000101
000000000000
000001001000
100000000000
001000000000
000001001000
000000000000
000000100000
000001001000
000010000000
000001001000
000001001000

//
segsites: 12
positions: 0.2163 0.2203 0.3601 0.3903 0.4257 0.5581 0.6250 0.7118 0.8039 0.8582 0.8990 0.9498 
010000000000
000001000000
000000000000
000100001001
010000000000
000000000000
000000000000
000000001001
100000000000
000000000000
001000000000
000000000000
000000110000
000010000000
001000000100
000000000000
001000000000
000001000000
000000000010
000000000000
