./ms 20 1 -t 20 -G 59.91465 -eG 0.05 0 
14459 8397 12750

//
segsites: 12
positions: 0.0670 0.1162 0.1180 0.1404 0.1675 0.2102 0.4287 0.4333 0.4693 0.5699 0.7621 0.9006 
000000100100
000000100000
000001010001
000000010010
000010000000
000000100100
000000100000
010000101100
100010000000
000000010000
000001010000
000000100100
000000010000
001010000000
000010000000
000000100000
000100100000
000000010000
000000100100
000000100100

//
segsites: 10
positions: 0.0148 0.0434 0.4691 0.4974 0.5514 0.6370 0.6389 0.6604 0.7157 0.9181 
0000000000
0000000000
1000001111
0000100000
0000000000
0000100000
0010100000
0000100000
0000100000
1001000001
0000000000
1000000001
1000000001
1000000001
0000100000
0000000000
0000100000
0000000000
1100010001
0000000000

//
segsites: 8
positions: 0.1313 0.3264 0.5105 0.5521 0.6671 0.7043 0.7062 0.7747 
00000000
01000000
00000000
10000000
01100001
00001010
01100000
00000000
00010100
10000000
00000000
01000000
00000000
10000000
01000000
00000000
01000000
00000000
10000000
00000010

//
segsites: 9
positions: 0.0687 0.0985 0.1251 0.2227 0.3652 0.6859 0.8728 0.9005 0.9821 
001000000
000000011
000010000
000000000
000000000
000000000
000000000
000000011
000001000
000000000
000010000
000000000
000000000
000000000
001000000
000000100
110000000
000000000
000100000
000000000

//
segsites: 17
positions: 0.0230 0.1267 0.1578 0.2121 0.2320 0.2845 0.3559 0.5178 0.5480 0.5537 0.5788 0.5837 0.6597 0.6693 0.7366 0.8677 0.8722 
00111011010010000
00011000010010000
00000000100001110
10000000000001100
00000100000001000
00000100000001000
00000000000001100
00011000010010000
00000100000001000
00000000000001100
10000000000001100
00000000000001100
10000000000001100
00000000000001001
00000000000101100
00000000000001100
00000000001001100
00000000000001001
01000100000001000
00000000000001100

//
segsites: 9
positions: 0.0114 0.0233 0.2044 0.4519 0.5581 0.6298 0.7818 0.8052 0.9328 
011001000
000000000
000000000
000000001
000000000
000000000
000100010
000000010
100000000
010001000
000000000
000000000
000000000
000000000
000010110
000000000
000000000
000000010
000000000
000000010

//
segsites: 3
positions: 0.4504 0.6404 0.7242 
010
000
000
000
000
010
111
010
010
000
010
000
010
000
010
010
000
010
000
111

//
segsites: 6
positions: 0.2246 0.4877 0.5367 0.7177 0.7911 0.9599 
000000
000000
000000
000000
000001
110000
001011
000000
100100
000000
000000
100100
000011
000000
000000
000000
000000
000000
000011
000000

//
segsites: 11
positions: 0.0784 0.1167 0.1501 0.2165 0.3813 0.4759 0.6116 0.7046 0.7837 0.8172 0.8670 
00010100000
00000100000
00000110001
00010100000
00000110000
01000100000
10100000010
10100000000
01000100000
01000100000
00000100000
00010100000
01000100000
00010101100
00011100000
01000100000
00011100000
00000100000
01000100000
00010100000

//
segsites: 14
positions: 0.0263 0.0586 0.3282 0.5229 0.5327 0.6293 0.6434 0.7105 0.7864 0.8562 0.9311 0.9380 0.9575 0.9971 
00100001000000
00001000110101
00000000001101
00001000110101
00000000000110
10010000000100
00000010000100
00000000000100
00001000110101
01100000000000
00000000000100
00100000000000
00000000000101
00100000000000
00100100000000
00000000000101
00000000000101
00000000001101
00000000000101
00001000110101

//
segsites: 18
positions: 0.1044 0.1372 0.1568 0.1714 0.2115 0.2504 0.3790 0.3977 0.4053 0.4325 0.4649 0.6556 0.6731 0.6797 0.7121 0.7220 0.7400 0.8225 
000000000000000000
000000000001000000
000000000100000000
100000010000000000
000000000000000000
000001000000000000
000010100000000000
000100000000001010
000000100000000000
000000000000000000
000000000001000000
000000000000000000
001000000010010100
000000000000000001
000000001000000000
000000000000000000
010000100000100000
000000000001000000
000000000000001000
000000000000000000

//
segsites: 16
positions: 0.1202 0.2352 0.2698 0.3717 0.3799 0.3910 0.4418 0.4467 0.4491 0.6474 0.6831 0.7056 0.8301 0.9017 0.9584 0.9674 
0001000000000001
0001100010000001
0000000100100100
0001010000010001
1001001000000001
0000000100001100
0001000000000001
0001000000000001
0011000000000001
0001000000000001
0000000100000100
0001000000000001
0011000000000001
0000000100001100
0000000100100100
0001000000000011
0100000100000100
0000000100000100
0001000001000001
0000000100000100

//
segsites: 13
positions: 0.0789 0.1064 0.1608 0.4156 0.4976 0.6838 0.7539 0.8287 0.8344 0.8617 0.8921 0.9370 0.9548 
0000011010000
0100000101000
0000011010000
0000011010000
0000011010000
0000111010000
0010000100001
0100000101000
0000011010000
0100000101010
1101000100000
1101000100000
0000011010000
0000011010000
0000011010000
0100000101000
0100000101010
0100000101110
0000011010000
0000011010000

//
segsites: 11
positions: 0.0134 0.1208 0.2567 0.3098 0.3798 0.3802 0.6647 0.6902 0.7912 0.8636 0.9463 
00000000010
00000100000
00000000000
01000000100
00000001000
10010010000
00001100000
10000010000
10000010000
10010010001
00000000000
01000000000
00000000000
00000000000
00000000000
10010010000
00000000000
00000000000
00100000000
00000000000

//
segsites: 11
positions: 0.0833 0.1872 0.1877 0.2219 0.2485 0.4517 0.5978 0.6875 0.7464 0.7465 0.9096 
00010000001
01100000010
01000000000
00000001000
00000000001
10000000000
01000000000
00000000001
00000000000
01000000000
00000010000
00001001000
01000000000
10000000100
00000000000
00000000001
10000000000
00000100001
10000000000
00000010000

//
segsites: 6
positions: 0.3299 0.3794 0.4078 0.4865 0.5229 0.8271 
000000
000000
100000
000000
000000
000000
000000
001001
000000
000000
000100
000001
000000
010010
010010
000000
000000
000000
000001
000000

//
segsites: 12
positions: 0.0521 0.0848 0.0894 0.1085 0.1110 0.2698 0.3025 0.4101 0.4705 0.5210 0.5816 0.7021 
000000000000
100010000010
100010001010
000000000010
000000100000
010000000000
000100000100
000000000000
000000000000
001000000000
000000000000
000000100000
000001000001
001000010000
000000000000
000000000000
100000000010
000000000000
001000000000
000000000010

//
segsites: 9
positions: 0.1795 0.2696 0.2771 0.3476 0.3913 0.4934 0.5058 0.5882 0.5888 
010000000
010000000
010000000
110000000
010000010
110000000
010000000
011000000
010000000
010000000
010000000
010000001
010010000
010000000
010000100
000001000
010100000
010000000
010000000
010000000

//
segsites: 13
positions: 0.0476 0.0514 0.1055 0.1845 0.5222 0.5240 0.5412 0.5739 0.5874 0.7228 0.7714 0.9825 0.9906 
0000000000000
0010000000000
0000000001000
1111000000000
0010000000000
0000001100000
1111000000000
0010000000000
0000000000011
1010000000000
0000000000010
0000000000010
0010010000000
0000001100000
0010000000000
0000000000100
0000100010000
0000100010000
0000100010000
0000000000010

//
segsites: 11
positions: 0.0253 0.0582 0.0889 0.1107 0.1368 0.1406 0.5226 0.6302 0.6647 0.7607 0.8249 
01001000010
00000000000
00000000000
00000000000
00000000000
10000010100
00000000000
00000000000
00000000000
00000001000
00000000000
00000000000
00100100001
01001000010
00000000000
00000000000
10000000000
00000000000
00010000000
00000000000

//
segsites: 12
positions: 0.0871 0.1035 0.2725 0.2826 0.5007 0.5515 0.5842 0.7298 0.9234 0.9507 0.9660 0.9839 
000000000000
000000000000
000001001000
010100010000
010000100000
001000000000
000001000000
000010000000
010000000000
100000000000
010000000000
001000000000
010000000000
000000000010
010000000000
001000000000
000001000000
001000000001
001000000000
000000000100

//
segsites: 8
positions: 0.0156 0.0697 0.2297 0.5419 0.5825 0.6478 0.8522 0.9788 
00000001
00000001
00000000
00000001
01000000
00000000
01000000
00000011
10000000
01010000
00000001
10000000
00000001
00000000
00000000
00000101
00001011
00000001
00100001
00000001

//
segsites: 11
positions: 0.2169 0.3529 0.3725 0.3774 0.3854 0.4820 0.7770 0.8011 0.8130 0.8363 0.8954 
00000000010
10000000000
00010010000
00000000000
00010010000
01000000000
01000000000
00000001101
00101010000
00010110000
01000000000
00000000000
10000000000
00010010000
00000001100
00000001100
00000000000
10000000000
10000000000
00000000010

//
segsites: 11
positions: 0.0206 0.0611 0.1995 0.2161 0.2797 0.2879 0.6130 0.7199 0.8773 0.9084 0.9606 
10101000000
00100000000
00010000000
00100000000
00010000000
10100000000
00100000000
00100000000
00010000000
00100000000
00010001000
00100000000
00100000000
00100000000
00100000000
00100000000
00100000110
01010100001
00010010000
00100000000

//
segsites: 14
positions: 0.0018 0.0655 0.2250 0.2336 0.3256 0.3383 0.5313 0.5440 0.5842 0.5952 0.7329 0.7727 0.9067 0.9822 
00000000010011
00000000010001
00000000010001
00000100010001
01010000000000
00000101010001
00110000000000
00000010010001
00110000000000
00000000010001
01010000000000
00000000110001
00000000010001
00000000010001
00000000010001
10000000010001
00000000010001
00000000010101
00001000011001
00000000010001

//
segsites: 14
positions: 0.0195 0.0298 0.0532 0.1701 0.1789 0.3302 0.3721 0.4009 0.5689 0.6606 0.7200 0.7204 0.8284 0.8368 
00100000000000
00000100000000
00000000000000
00000000000000
00000001100000
00000000000000
00000010000000
00000000000000
00000000000100
00000000000001
00000000001000
00000100000000
10000001110010
01000000000000
00000000000100
00011100000000
00000000000000
00000100000000
00000001100000
01000000000000

//
segsites: 7
positions: 0.1004 0.2152 0.6675 0.8127 0.8280 0.8613 0.9253 
0000000
1000000
1000000
0010000
0000000
0000100
0100000
0000000
1000000
0001100
1000000
0100010
0000100
0001100
1000000
0001100
0000000
0000000
0001100
0001101

//
segsites: 5
positions: 0.2512 0.3696 0.3994 0.4895 0.8732 
00000
00100
00000
01000
00100
00010
00001
00000
00000
00100
00100
00100
01000
00000
00100
01000
00100
00000
00100
10100

//
segsites: 11
positions: 0.0505 0.1179 0.2198 0.3942 0.4890 0.5963 0.6617 0.6978 0.8588 0.9149 0.9406 
00000000000
00010010110
00000000000
00000000000
00010000010
00000000000
00000000000
00000100001
10000000000
00000000000
00000001000
00000000000
00000000000
00000000000
00000000000
00000000000
00000000000
00001000000
00000000000
01100000000

//
segsites: 16
positions: 0.0997 0.1374 0.1587 0.2623 0.3078 0.3177 0.5188 0.5881 0.6142 0.6946 0.7096 0.7302 0.8414 0.9553 0.9604 0.9856 
0010000110000000
0010000100010000
0010000110000000
0110000100000000
0010000100010000
0010000001000110
0010000100000000
0010000001000010
0110000100000000
0010001100000000
0010000110000000
0010000110000000
0010000001000010
0110100100000000
0010000001000010
1001010000101001
0010000100010000
0010000100010000
0010000100000000
0010000100010000

//
segsites: 24
positions: 0.0644 0.0698 0.0821 0.0915 0.1313 0.2717 0.2853 0.2860 0.2997 0.3248 0.3306 0.3387 0.4075 0.5616 0.5673 0.5787 0.6424 0.6665 0.6972 0.7021 0.7258 0.7814 0.7917 0.7971 
100000000000010000000100
100000000000010000000000
000000001100000100000000
000000001100100100100000
000000010110001110000000
000000010110001110000000
100000000000010000000100
000000010100001110000000
100000000000010001000000
100000000000010000000000
100000000000010000000100
000010100100000100000000
010000001101000100010000
000011100100000100000000
000000000100000100000011
000000000100000100000010
101100000000010000000000
000000001100000100001000
000000000100000100000010
100000000000010000000000

//
segsites: 13
positions: 0.0549 0.2108 0.3742 0.4067 0.4087 0.4125 0.5300 0.6391 0.6608 0.7562 0.9000 0.9339 0.9573 
0000001000000
1000000000010
0000000000000
0001000000001
0001000000001
1000000000010
0001000000001
0001000000000
0001000000100
0000000000000
0001000000000
0001100010000
0000010000000
0001000010000
0000000000000
0101000001000
0000000100000
0000001000000
0011000000000
0001000000000

//
segsites: 11
positions: 0.0060 0.1428 0.1756 0.1822 0.2213 0.4198 0.5689 0.6563 0.6934 0.7010 0.7611 
10000100000
00100100000
00000000010
00010000000
00000100001
00100100000
00100100000
00000001000
10000100000
00000110000
00100100000
00000100100
00000100000
00000100100
00100100000
00000110000
00001000000
00000100000
11000100000
00000100000

//
segsites: 15
positions: 0.0119 0.0410 0.1114 0.1134 0.1597 0.1602 0.3068 0.3319 0.3690 0.4046 0.4596 0.4980 0.5884 0.8247 0.9985 
000000000000000
000001001001111
000000001001110
100000001001110
000100100001010
010000000000000
000000001001110
001100100001010
000000001101110
000000001011110
000000001001110
000000001001110
000000010000000
000000001001110
000000001001110
000000001001110
010010000000000
000000001001110
000000001101110
000000010000000

//
segsites: 10
positions: 0.1215 0.1337 0.1939 0.3931 0.5491 0.5825 0.6855 0.7751 0.7751 0.8286 
0010000100
0001010000
0000100000
0000000000
1000000000
0000000000
0000000000
0010000100
0100000000
0000000000
0000000010
0000001000
0000000001
0000000000
0000000000
1000000000
0000000010
0100000000
0000000000
0000001000

//
segsites: 13
positions: 0.0275 0.2419 0.2862 0.3704 0.4993 0.6411 0.7176 0.7775 0.8160 0.9316 0.9397 0.9798 0.9957 
0000000000000
0001010000000
0000000000100
0000000000100
0000000000100
0000000101000
0100100000000
0000000010000
1010000000001
0000000000000
0000000000000
0000000001000
0001010000000
0000000010000
0000000000010
0000000000000
0000000001000
0000001000010
0000000000010
0000000001000

//
segsites: 16
positions: 0.0262 0.0554 0.1009 0.1180 0.2186 0.2579 0.4332 0.5367 0.5646 0.6658 0.7041 0.8214 0.8588 0.8685 0.8761 0.9902 
0000001000000100
0000000001000000
0000000010000100
0110000000000100
0000000000000100
0001110000100000
0000000100000100
0010000000000100
0110000000000100
0110000000000100
0000000000000101
0010000000000110
0000000100000100
0000000000000100
1000100000000000
0000000000001100
0000000000000101
1000100000000000
0000000000000100
0000000000010100

//
segsites: 9
positions: 0.1083 0.2660 0.2875 0.3420 0.3964 0.6287 0.7997 0.9040 0.9477 
000001000
000001000
000000010
000010000
000000000
000000000
000000000
000001000
000000001
000000000
000000000
000000000
000000000
110000100
000000000
110000100
001000000
000000000
000100000
000001000

//
segsites: 19
positions: 0.0017 0.0540 0.1637 0.1883 0.2247 0.2938 0.3257 0.4486 0.5082 0.5671 0.5750 0.5941 0.6393 0.6571 0.8022 0.8198 0.8235 0.8604 0.8744 
0000000000000000110
0100010000000000100
1000000000000000000
0100010000000000100
0000010000000000100
0000000000000000100
0000000010000100110
0000100000000000100
0000000000110000000
0100010100000000100
0000000000000000000
0000010000000000100
0011001000000000000
0000000000000000100
0000000000000000100
0000000000001001110
0000000000000000100
0000000000000000100
0000000000000010000
0000000001000000001

//
segsites: 12
positions: 0.1541 0.2348 0.3910 0.4840 0.4982 0.5060 0.5506 0.6768 0.8435 0.9128 0.9301 0.9441 
000000100000
000001010100
000000000000
000000001000
000000000000
000001000100
000000000000
000000001000
000000000111
010100000000
000000000000
000010000000
000000000000
000001010100
101000000100
000000001000
000000000000
100000000100
010100000000
000000000111

//
segsites: 7
positions: 0.0141 0.1353 0.2475 0.5620 0.6045 0.6514 0.6737 
0000001
0001000
0000100
0000110
0100000
0000100
0000000
1000001
0000001
0000100
0000000
0000000
1010001
0100000
0000001
0000001
0000000
0000100
1000001
0000100

//
segsites: 11
positions: 0.1948 0.2247 0.3283 0.5125 0.5646 0.6025 0.6033 0.7025 0.7294 0.8986 0.9664 
00000010010
00000010000
00001001000
00001101000
01000010000
00001001000
10001001100
00001001000
00001101000
10001001100
00001001000
00001001000
10001001100
00000010010
00101101000
00000010000
00010010000
00001101000
00001101000
00001001001

//
segsites: 13
positions: 0.0317 0.1007 0.1398 0.1596 0.1629 0.2201 0.3761 0.6834 0.7722 0.7820 0.8111 0.9054 0.9210 
0000000000000
0000000000000
0000010000010
0000000000000
0000000000000
0000000000000
1000000101000
0000000000000
0000000000000
0010010000101
0000010000000
0000000000000
0000000000000
0000000000000
0001000010000
0100000000000
0010010000100
0000000000000
0000100000000
0000001000000

//
segsites: 19
positions: 0.0059 0.1704 0.1709 0.1979 0.2269 0.2470 0.3616 0.4079 0.4117 0.4384 0.4723 0.4772 0.5011 0.5465 0.6540 0.7757 0.8360 0.8646 0.8780 
0000010010000000010
0000010010000000010
0100000000010001000
0000010011000000010
0001010010000000010
0000010010000000010
0000010010000000010
0000010010100000010
0110000000000001000
1000110010000000011
0100000000000001000
0100000000010001000
0000010010000000010
0100001000000001100
0000010010100000010
0000010110000000010
0000010010000100010
0000010010001000010
0000010010000010010
0100000000000001000

//
segsites: 7
positions: 0.2388 0.5927 0.5983 0.6435 0.6737 0.8919 0.9728 
1100101
1101001
0010010
0010000
0010000
0010000
1100001
0010000
0010000
1100101
1100101
1101001
1101001
0010000
0010000
0010010
1100101
0010000
1101001
0010000

//
segsites: 13
positions: 0.0023 0.1416 0.2076 0.2597 0.2705 0.3335 0.3365 0.5816 0.5997 0.7051 0.8110 0.8956 0.9333 
0011010000000
0011001000000
0011000000000
0000000010011
0011001000000
0011000000100
0011001000000
0011000000000
0100100101000
0011000000000
0000000010010
0011000000000
0000000000000
0011001000000
0011001000000
1000000000000
0000000000000
0000000010011
0011000000000
0011001000000

//
segsites: 18
positions: 0.0065 0.0422 0.1837 0.1915 0.2078 0.3504 0.3973 0.4333 0.4427 0.6384 0.6413 0.6908 0.6967 0.8355 0.8924 0.9064 0.9313 0.9386 
001000001000000000
001100011010000000
000000100000000010
000000100000000010
001000001100000100
001100011010000000
001000001000010000
001100011000000000
001000001100000000
001001001000000000
001000001100000000
101000001000000000
001100011000000000
000000100000100011
000000100000001010
001000001000000000
001010001100000000
101000001001000000
010000100000000010
001100011010000000

//
segsites: 16
positions: 0.0338 0.0771 0.1039 0.1429 0.1829 0.3350 0.3535 0.3834 0.4324 0.5250 0.5669 0.5751 0.6477 0.8093 0.9120 0.9327 
0100000000000010
0100000001000010
0000100010000000
0100010000000110
0101000000011000
0101001000010000
0100000000000010
1010000000100001
0100000000000010
0000100110000000
0101000000010000
0000100010000000
0000100010000000
0100010000000010
0000100010000000
0101000000010000
0101000000010000
0000100010000000
0101000000010000
0100010000000010

//
segsites: 15
positions: 0.0610 0.1080 0.1479 0.1762 0.2385 0.2505 0.3264 0.4767 0.5129 0.5386 0.7697 0.7774 0.7870 0.8615 0.9579 
000000000101000
101010000000000
000100000100000
000001000100000
000000001100000
101010000000010
000000000100000
000000000100001
101010000000010
000000010110000
010000000100001
000000000101000
101010000000000
000000000100001
101010000000000
000000000100001
000000000101000
101010000000000
000000100100000
000000000100100

//
segsites: 17
positions: 0.0113 0.0917 0.1580 0.1717 0.1862 0.2142 0.4205 0.5207 0.5509 0.6366 0.6839 0.7676 0.7678 0.8045 0.8992 0.9233 0.9470 
00000001001000000
00010001001010000
00010001001000000
00010101001000001
01000010000000000
00110001001000000
00110001011000000
00010001001010000
00011001001000001
00010001001000001
10000001001000000
00000001001000100
00000001001000000
00010001001000000
00000001001000010
00000001001000000
00110001001000000
00010001101000000
01000000000101000
00000001001000000

//
segsites: 7
positions: 0.0427 0.1138 0.2676 0.3297 0.3618 0.7540 0.8664 
0000010
0000000
0001000
0000000
0000010
0000000
0000000
0101000
0000100
0010000
0000100
0000010
0000100
0000010
0001000
1000000
0010001
0000100
0000000
0000000

//
segsites: 9
positions: 0.0173 0.1940 0.3281 0.4158 0.4556 0.4693 0.6474 0.7636 0.8726 
001000000
001000000
000101000
000000001
001000000
000011000
001000000
001000000
001000000
100000000
010000000
000000001
000001000
000001000
000000001
000000010
000001000
000000100
000001000
000001000

//
segsites: 6
positions: 0.0230 0.0536 0.1437 0.4958 0.7217 0.8665 
100000
000000
000000
010000
000000
000000
001000
000000
001000
000000
000000
000101
000000
000101
000111
000101
000000
000000
000000
000000

//
segsites: 8
positions: 0.2037 0.4058 0.5967 0.7590 0.7958 0.8507 0.9769 0.9929 
01000000
00000000
00000000
00000000
10001010
10001010
00000000
00000000
00000000
10001010
00000100
00000000
00000000
00000100
00100000
00000000
00000100
00010000
00000000
00000001

//
segsites: 13
positions: 0.0046 0.1062 0.2632 0.3389 0.4575 0.4840 0.5190 0.6191 0.6499 0.7672 0.8272 0.8624 0.9602 
0001000000110
0000001000000
1000000000000
0100000000000
0000000000000
0000001000000
0000000010000
0010000000000
0000000011000
0000000000000
0000010000000
0000000010000
0000000000110
0000000000001
0000000000110
0000000000000
0000000000110
0000100000110
0000001000000
0000001100000

//
segsites: 22
positions: 0.0120 0.0808 0.1454 0.2304 0.2635 0.2674 0.3904 0.3958 0.4109 0.4391 0.4828 0.5354 0.5410 0.6003 0.7505 0.8001 0.8016 0.9239 0.9292 0.9377 0.9706 0.9939 
0110000000001001000000
0000101000110010000000
0110000000000001000010
0000001000010110000000
0110000000000000000000
0110000000000000000000
1111000000000001001000
0110000101000000010000
0110000000000000000100
1111000000000001000000
0000001000110010000000
1111000000000001000000
0110000000000001000000
0000011010010010100000
0110000000001001000000
0110000000000001000000
0000001000010110000001
1111000000000001000000
0000001000010110000000
1111000000000001000000

//
segsites: 18
positions: 0.0534 0.0810 0.1810 0.1873 0.1947 0.2997 0.3249 0.3523 0.3756 0.3949 0.4866 0.6256 0.7218 0.7366 0.8103 0.8149 0.9413 0.9786 
000010110000010000
100000000001100000
000000000001100000
000110110100000001
000000000001100000
000000000001100000
000110110000000010
000110110000000000
000000000011100000
000000001011100000
001000000001101000
000000000001100000
000000000001100000
000000000001100000
110000000001100000
001000000001101000
100001000001100100
000110110000000000
000000000001100000
000000000001100000

//
segsites: 11
positions: 0.0331 0.1506 0.1595 0.2056 0.3482 0.4847 0.5235 0.6359 0.6719 0.8568 0.8745 
00001000000
01000000001
01010000100
01000000010
01000000001
01010000100
01000000010
01000000000
00001000000
01000000000
00001000000
01100000010
01000010010
01000000000
10001000000
00001000000
01000100000
01010001100
01000000000
01000000000

//
segsites: 18
positions: 0.0070 0.0798 0.1521 0.1783 0.1878 0.2257 0.2837 0.3711 0.4033 0.4144 0.4823 0.6889 0.7150 0.7206 0.7843 0.8303 0.9152 0.9155 
000000010000000101
100001000000000000
010100000000000000
100001000000000000
000000000000010000
000000010000000101
010100000000100000
000000011000000101
000000010000000101
001010000000000000
000000000000000000
000000100010000100
010000000100001000
000000000000000100
100001000001000000
000000100010000100
000000000000000000
100001000000000000
000000000000000010
100001000000000000

//
segsites: 19
positions: 0.0005 0.0231 0.0514 0.0618 0.1300 0.1986 0.2327 0.2892 0.2977 0.3305 0.3322 0.3553 0.4612 0.5037 0.5567 0.6691 0.6744 0.7299 0.7859 
0001000000000000001
1000010000000000000
0000000000000000000
0010000100100001001
0000000000000000000
0001000000000000101
0000000000010000000
0001000000000000101
0000000010000000001
0000000001000000001
0000000000000000000
0001000000001010001
0000000000010000000
0000100000000100000
0001000000000000101
0001000000000000001
0001000000001010001
0100001000000000001
0000000000000000000
0001000000000000011

//
segsites: 15
positions: 0.0545 0.0659 0.1870 0.2371 0.3189 0.4899 0.5077 0.5372 0.5450 0.5930 0.7420 0.8044 0.8253 0.8960 0.9155 
000000000000001
000000110000100
000000000000100
000000000000000
000000110000100
000000000000100
000000000100000
000000001000110
000000001000110
001000000000000
000001110000100
000000000000100
100100000000100
000000000000100
000000000001100
000000000010000
000010000000100
000000000000000
000000000000100
010000000000001

//
segsites: 11
positions: 0.0534 0.1871 0.1924 0.2051 0.2093 0.2192 0.3351 0.4404 0.4444 0.6234 0.6825 
00000000000
00010010000
00010010000
00000100000
00010000000
00010010000
00010000000
10010000000
00000000000
00011010000
01010000000
00010000000
00010001000
00110000011
00010000100
00010000000
00010000000
00000100000
00011010000
00010000000

//
segsites: 7
positions: 0.0452 0.1602 0.1697 0.2218 0.3372 0.8163 0.8941 
0000000
0000010
0000101
0011000
0000010
0000000
0000000
0100000
0000000
0000000
0000010
0000010
0000101
0000001
1000000
0100000
0000010
0000000
0000001
0000000

//
segsites: 16
positions: 0.0930 0.1154 0.1358 0.1747 0.3297 0.3452 0.3508 0.4939 0.5607 0.5980 0.6325 0.6501 0.6686 0.7021 0.8379 0.8467 
0000000001000010
0000000000000000
0100000000001100
0000000010000100
0000000010000100
0011000000000010
0011000000000010
0000011100010000
0000000000000010
0000100000000000
1000000000000010
0000000100100001
0000000010000100
0000000000000010
0000000100100001
0000010100010000
0000000001000010
0000010100010000
0000000000000010
0000000100100001

//
segsites: 15
positions: 0.0753 0.0815 0.1243 0.1838 0.1911 0.2945 0.5448 0.5457 0.5608 0.5860 0.6119 0.7683 0.9175 0.9586 0.9735 
000000000000000
000101001010000
000001000010000
000000000000000
000101101010000
000000000000000
000001000010000
000000000000001
010000000000000
000000000000000
001000000000010
000000010100000
100000000000000
000001000010000
010000000000000
000000000000001
000000000000100
000010000000100
000000000001000
000000000000001

//
segsites: 16
positions: 0.0199 0.1215 0.1418 0.1826 0.2181 0.2938 0.3162 0.3251 0.3508 0.4854 0.4882 0.5273 0.5426 0.5615 0.5696 0.9413 
0010000000001110
0010000001000110
0010000000000110
0010000000000110
0010000000000110
0010000000000110
1110000000000110
0010000000000111
0010000000100110
0001100010000000
0010000000000110
0010000000000110
0010000000000110
0001000000000000
0110001000000110
0010000000000110
0010000000000110
0010010100000110
0010000000000110
0010000000010110

//
segsites: 8
positions: 0.2604 0.3326 0.4225 0.4983 0.5709 0.8062 0.8965 0.9590 
10000000
00000000
00000001
01000010
00100001
00001000
00000001
00000000
01000000
00000000
00000000
00010100
00000001
00000000
00000000
01000000
00000000
00100001
00000000
00000000

//
segsites: 5
positions: 0.0004 0.4344 0.4917 0.6056 0.8491 
00000
00000
10000
00001
00000
00000
00010
01000
00000
00100
00000
10000
00000
00000
00000
00000
00000
00000
00000
00000

//
segsites: 8
positions: 0.1168 0.1403 0.1525 0.1577 0.3007 0.4848 0.4998 0.9948 
00000000
00000000
10010000
00000100
10010000
01100010
00001000
00000000
01000010
00000000
01000011
01000010
00001000
01000010
00000000
00000000
01000010
01000010
00000000
00000000

//
segsites: 13
positions: 0.0425 0.0521 0.0541 0.2214 0.3748 0.3817 0.4528 0.5289 0.5736 0.7300 0.7353 0.8213 0.8684 
0000000000100
0000011000100
0010000000100
0000000000100
0100000000100
0010000000100
0001000000100
0000000010100
0000000000100
1000100000010
0000000100100
0000000000100
0000000000100
1000000000000
1000100000010
0000000000100
0000000000100
0000000001100
0000000000100
0000000000101

//
segsites: 8
positions: 0.0305 0.0681 0.4524 0.4886 0.5491 0.7122 0.7246 0.8767 
00000000
00000000
00000001
00000001
00010000
10000001
00000000
01100010
01100110
01100010
00000001
00000000
00010000
00000001
01101010
00000000
00000001
00000001
00000000
00000000

//
segsites: 15
positions: 0.2017 0.2111 0.2523 0.3274 0.3496 0.3594 0.3597 0.4585 0.5484 0.5578 0.8043 0.8139 0.8231 0.8660 0.9796 
000001000000000
000001000000000
000000000010000
000000000101000
100000000000000
010000000000001
000001000000000
000000000010000
000000000101010
000000000000000
000000000100000
000000000000000
000000100100000
000100000100000
000000000101000
001010000000101
000000000101000
000000011000000
000000000000000
000001000000000

//
segsites: 7
positions: 0.1251 0.3472 0.4530 0.4695 0.6784 0.7028 0.9017 
0100010
0100010
0100010
0100010
0100010
0100010
0000000
0100010
1100110
0100010
0100010
0100010
0100011
0101010
0100010
0101010
0100010
0100010
0100010
0110010

//
segsites: 6
positions: 0.1474 0.4595 0.6049 0.6344 0.7545 0.7851 
000101
000101
100000
001010
001010
000000
001010
000000
000000
000000
001010
000000
010000
001010
000000
001010
000000
100000
000000
000000

//
segsites: 12
positions: 0.0132 0.1313 0.2167 0.3016 0.3519 0.3763 0.4911 0.5336 0.6790 0.6909 0.7298 0.9390 
000000010000
001000010000
001000010000
101000010000
001000010000
001000010000
001000010000
001010010000
001000010010
000000010000
000001000101
001000010000
001010010000
010000110000
000000010000
000101000000
001000011000
000101000000
001000010000
001000010010

//
segsites: 9
positions: 0.2598 0.3177 0.3504 0.6839 0.7491 0.7942 0.8520 0.8578 0.8958 
000100000
100100000
000000001
000000101
000000000
000000000
000000000
000000000
000000000
000001000
000000010
000000001
010011000
000000000
000000000
000000001
000000000
001000000
000100000
000000000

//
segsites: 7
positions: 0.0153 0.0488 0.1260 0.5572 0.6668 0.8439 0.9725 
0011010
0000000
1001010
0000000
0000000
0000100
0101011
0000000
0011010
0000000
0011010
0001010
0000000
0000000
0000000
0001010
0000000
0001010
0011010
0000000

//
segsites: 11
positions: 0.0004 0.0611 0.2499 0.2752 0.3437 0.6186 0.6713 0.7002 0.7760 0.8003 0.8265 
00000000100
00000000011
00000000001
00000000011
00100000001
00010010000
00000000001
00000000011
00010010000
00010010000
00001000001
00000000011
10000000001
00000000001
00000000001
10000001001
00000000100
00000100001
00000000001
01010010000

//
segsites: 10
positions: 0.0350 0.0498 0.0528 0.2119 0.5575 0.6394 0.7998 0.8127 0.9776 0.9941 
0001000000
0001000000
0101000000
0001001000
0000100000
1001000000
0001000000
0000000000
0001010000
0001000000
1001000000
0001000000
0001000000
0001001000
0011000010
0001000001
0001000000
0001000101
0011000000
0001000000

//
segsites: 14
positions: 0.0185 0.0440 0.0790 0.1015 0.1887 0.1905 0.2717 0.3394 0.3843 0.4170 0.4504 0.6971 0.7577 0.9512 
00000001100000
00100000000001
01000000010000
01000000010000
00001000000010
00010000000000
00100000000001
00000000000000
00100000000001
00100000000001
00100010000000
00000001000000
10000000001010
00001000000010
00000000000000
00001000000010
00100000000001
00000000000000
00001100000010
00000000000100

//
segsites: 14
positions: 0.0275 0.1477 0.1980 0.1983 0.4295 0.4394 0.4622 0.5170 0.5992 0.6287 0.6426 0.6762 0.8471 0.8874 
00010000000000
00000011000000
00000000000110
00001010000000
01000010000000
00010000000001
01000010000000
00000000010000
01000010000000
01000010000000
10001010000000
00000000000100
00000110101000
00000000000000
01000010000000
00000010101000
00001010000000
00000000000000
01100010000000
00000010000000

//
segsites: 14
positions: 0.0109 0.0398 0.0668 0.1608 0.2596 0.4118 0.5338 0.6096 0.6559 0.6592 0.6862 0.8666 0.8813 0.9246 
00000000000000
00000000000000
00000010001000
00010100000000
00100000000100
01000000000011
00101000010000
00000000000000
00101000000000
00000000000000
00000000000000
00000001000000
00100000000000
00000100000000
10000100100000
00000000000000
00000000000000
00000100000000
00000000000000
00000100000000

//
segsites: 5
positions: 0.0696 0.5797 0.6408 0.7801 0.9423 
00000
00010
00000
01000
00000
00000
00000
00001
00010
10100
00000
00000
00000
00000
00010
00001
00000
00000
00000
00000

//
segsites: 19
positions: 0.1126 0.1817 0.1967 0.2173 0.2757 0.3003 0.3391 0.3738 0.5568 0.6031 0.6119 0.6838 0.6931 0.7957 0.8472 0.8568 0.8685 0.9137 0.9523 
0000010000000000000
0000000000000000100
0000000000000000000
0000100000001000000
0101000000000000001
1000011000000000000
1000010010000000000
0000010000000000010
0000000100010000000
0000000000001000000
0000010000000000000
0000000000000011000
1000010000000000000
1000010000000000000
0000000000100000000
0110000000000000000
0000000001001000000
0110000000000000000
0000000000000000000
1000010000000100000

//
segsites: 21
positions: 0.0184 0.1136 0.1496 0.1592 0.1612 0.1955 0.2890 0.4024 0.4778 0.4873 0.5326 0.5572 0.5803 0.5891 0.6213 0.6311 0.6662 0.6866 0.7559 0.7896 0.7975 
110000011000001001000
110000000000001001000
110000000000001001000
111000000000001001000
110000100010001001000
110100000000001001000
000010000000000100110
110000100010001001000
110000011100001001000
110000000000001001000
110000000000001001001
110000000000001001000
110000000000011011000
110000000000001001000
000001000001100100110
110000000000001001000
000010000000000100110
110100000000001001000
110000000000001001000
110000100010001001000

//
segsites: 14
positions: 0.0400 0.1026 0.1289 0.1559 0.3640 0.4062 0.5537 0.5592 0.6013 0.7300 0.7492 0.7559 0.8326 0.8875 
00001000110000
00100010000000
00001000100001
00001000100000
00110010000100
01110010000100
00000001000000
00001000100000
00110010000100
00100010000000
00001000100001
00000001001010
00001000100001
00100010000000
00001000100000
00001100100000
00000001000000
10000001000010
00001000100000
00001000100000

//
segsites: 13
positions: 0.0340 0.2300 0.2768 0.2953 0.3404 0.4114 0.4784 0.6940 0.7632 0.7891 0.8098 0.8300 0.9606 
0000000100100
0001001011000
0000001011000
0000001011010
0000101011000
0000011011000
0100001011001
1000000000000
0000000100000
0000000100000
0000001011000
0000001011000
0000001011000
0000001011000
0100001011001
0000001011000
0010001011000
0000000100100
0000000100100
1000000000000

//
segsites: 12
positions: 0.0649 0.0870 0.1008 0.1748 0.2413 0.2612 0.2728 0.3881 0.4457 0.5089 0.6478 0.9019 
000000000000
000000000000
000000000000
001000010000
000000000000
000000000000
000000000000
000000000000
000000100000
000001000000
000000000101
000000000000
000000000000
000000100000
000000000010
110100100000
001000010000
000010001000
001000010000
000000100000

//
segsites: 11
positions: 0.1068 0.3262 0.3426 0.4372 0.4768 0.5029 0.5641 0.6140 0.6648 0.6675 0.7027 
00000000101
00001000101
10000000000
01000000010
10000011000
00000000000
00000000000
01000000000
00000100000
00000000000
00010000001
00000000000
00000000000
00000100000
01100000000
00000100000
01000000000
01100000000
00000000000
00000000000

//
segsites: 13
positions: 0.1296 0.1668 0.1682 0.2149 0.2445 0.2698 0.3097 0.3144 0.3403 0.4080 0.4895 0.7007 0.7340 
0000000000000
0000000100000
0000010001000
0000000010000
0000000100000
0000000000000
0000000000000
0001000000000
0000001000000
0000000000000
0000100000000
0001000000001
0000000000010
0000000000010
0000010001100
0100000000010
1000000000000
0000000000000
0010000000000
0000000000010

//
segsites: 13
positions: 0.0138 0.0570 0.2259 0.2915 0.4360 0.4473 0.5078 0.5163 0.5967 0.6433 0.7244 0.8322 0.9746 
0010000000011
0000001000000
0010000000000
0010000100000
0000100010000
0000000000000
0100100010000
0000000000000
0100100010000
0000000000000
0000000000000
0000000000000
0010000100000
0000000000000
0000000000000
1001000000000
0010000000000
0000010001000
0010000000101
0100100010000

//
segsites: 10
positions: 0.2977 0.4645 0.4918 0.4955 0.5047 0.5868 0.6146 0.6721 0.7327 0.8241 
0000000000
0000000000
0011000000
0011000000
0000001000
0000000000
0011000000
0011000000
0000000000
0000000000
1111000000
0011000000
0011010000
0000000010
0000000000
0011000000
0011100000
0011000100
0011100000
0000000001

//
segsites: 11
positions: 0.0217 0.0679 0.2145 0.2149 0.3035 0.3249 0.3394 0.4000 0.4700 0.4952 0.6648 
00001000010
10000100000
00000000011
10000110000
10010100100
11000101000
00001000010
10000100000
10000110000
10000100000
10000110000
10000100000
00000000010
10000100000
10000100000
10000100000
10100100000
00000000010
00001000010
10000100000

//
segsites: 14
positions: 0.0091 0.0128 0.1084 0.1491 0.2704 0.4491 0.6369 0.7141 0.8039 0.8614 0.8624 0.9073 0.9198 0.9938 
00000000000001
00001000010001
00001010000001
00010000000001
01000000100001
00001000000001
00001000000001
00000000000001
00000000000001
00000000000001
01000000100001
00100001000100
00100001000010
00001000000001
00001010000001
01000000100001
00000000000001
10100101001000
00000000000001
00100001000100

//
segsites: 16
positions: 0.0082 0.1482 0.1818 0.2310 0.3765 0.3767 0.4078 0.4361 0.5446 0.5561 0.5852 0.7655 0.7666 0.7888 0.8685 0.9524 
0010000000110000
0000000010000000
0010000000000000
0010000100000001
0110000000000100
0000000010000000
0010000000000000
0010000000010000
0011001000010000
0010100000000010
0010000001010000
0110000000000100
0010000000000000
0010000001010000
0010000000010000
0010000000000000
0000010010000000
1010000000011000
0010000000000000
0110000000000100

//
segsites: 8
positions: 0.0152 0.2891 0.3657 0.4466 0.5223 0.6647 0.8098 0.9649 
00000010
10000000
10000001
00100010
10000000
00001010
00000000
00010010
00000010
10000000
00000000
10000000
10000000
00000010
00000000
10000000
00000010
01000100
10000000
00001010

//
segsites: 14
positions: 0.0015 0.0235 0.0346 0.0865 0.0976 0.1711 0.4199 0.5103 0.5432 0.6449 0.7171 0.7665 0.8845 0.9139 
00100010000001
00100000001001
00000000000000
00000100010010
00000000000000
00000100010010
00000000000000
00000000000000
01100000000001
00000000000000
00100000000001
00000000000000
10010000000100
00000000000000
00101001000001
00000000000000
00100000100001
00100000000001
00000000000000
00000000000000

//
segsites: 9
positions: 0.0366 0.0372 0.1933 0.3158 0.3560 0.6244 0.7222 0.7939 0.8973 
000000000
000000000
000000000
000010001
000010001
110010001
000100000
000010001
000000000
001000000
000000100
000000000
000000000
000000000
000001010
000000000
000000000
000000000
000000000
000000000

//
segsites: 11
positions: 0.0081 0.0692 0.1003 0.2052 0.2845 0.3182 0.4164 0.5652 0.6203 0.8482 0.9322 
00000000000
01000000000
01001100001
00000000000
00000000000
00000000000
00000011000
01000000000
01000000000
00000000000
00000000100
00000000000
10100000010
00010000000
00000000000
00000000000
00000000000
01001100001
00000000000
01000000000

//
segsites: 8
positions: 0.1248 0.3706 0.3830 0.4072 0.5953 0.8497 0.8869 0.9085 
00000001
10000110
01000000
10001100
00000000
00000000
00100000
00000001
00000000
00000001
00000000
00000000
10000100
00000001
00000000
00010000
00100000
00000001
01000000
00000001
