./ms 20 1 -t 20 -G 59.91465 -eG 0.05 0 
29410 49489 36077

//
segsites: 10
positions: 0.0008 0.0733 0.1382 0.2271 0.3102 0.4448 0.6568 0.6660 0.8847 0.9267 
0010000000
0000000100
0000000000
0000000000
0010000000
0010000010
1010000000
0000001100
0011000001
0000100000
0000010000
0010000010
0000000000
0010000000
0010000000
1010000000
0000000000
0100000000
0000100000
0011000000

//
segsites: 13
positions: 0.0478 0.0938 0.1053 0.1984 0.2981 0.3816 0.4062 0.5387 0.5592 0.6321 0.6608 0.7820 0.8229 
0000000000100
0000000000000
0000000000000
0000000000000
0000000000000
0000000000000
0000000000000
0000000000000
0000000000000
0000000000000
0000000000000
1000000000000
0000000000000
0000001000010
0000000001000
0000100100001
0100010000000
0000000000000
0011000000000
0000000010000

//
segsites: 8
positions: 0.1844 0.2042 0.3364 0.3972 0.7628 0.8660 0.8844 0.8895 
00100000
00101000
00100010
00100000
00100000
00100000
00100000
10100000
00100101
00100000
00100000
01000000
00100000
00110000
00100000
00100000
01000000
00100000
00100000
00100000

//
segsites: 15
positions: 0.0109 0.1646 0.2729 0.3650 0.4035 0.5150 0.5566 0.5947 0.5990 0.6422 0.6817 0.7064 0.8748 0.9015 0.9670 
000001000000000
001000000000000
000000000000000
000000000000000
001010000000011
000000000000000
000000000000000
000000000000000
100000001000000
000000001000100
001000000000000
000000000000000
001000000000000
000000000000000
001000000000000
001000000000000
001000000000000
001000000001000
011100110000000
000000000110000

//
segsites: 9
positions: 0.0173 0.1109 0.1377 0.2343 0.2395 0.3720 0.4182 0.5399 0.7287 
101000000
000100000
000000010
000000000
000001000
000000000
000000000
010011001
000000000
000000000
000000000
000001100
000001000
000000000
000000000
000000000
000000000
000000000
000000000
000000000

//
segsites: 12
positions: 0.1531 0.1592 0.1730 0.1732 0.2615 0.4521 0.5462 0.5631 0.6639 0.8140 0.9075 0.9266 
000000000000
000001001001
000000001100
000000100000
000000000000
100000010000
000100000000
000001001001
000000000000
000000000000
000001001001
100000010000
000000000000
000000000000
000000000000
010000000000
001010000000
100000000000
000000000010
000000000000

//
segsites: 14
positions: 0.0529 0.1449 0.1488 0.1625 0.4936 0.7052 0.7674 0.8187 0.8377 0.8453 0.8483 0.8696 0.9723 0.9867 
00000100110000
00000000000000
00001000000000
00000100110000
00000000000100
00010000000000
00000100110000
00000000000000
00000000000000
00000000000011
00000000000000
00000000000000
00001000000000
01000101111000
00100000000000
10000000000000
00000100110000
00000010000000
00000010000000
00000100110000

//
segsites: 17
positions: 0.0215 0.0843 0.1876 0.2827 0.3288 0.3334 0.5160 0.5225 0.6106 0.6187 0.6758 0.6835 0.7811 0.8805 0.9002 0.9011 0.9462 
00000000000100000
00100000000000010
00100000000000100
00100000001000100
00100000000000010
00100001000001010
00100000000000010
00100000000000100
00101000000000100
01100000000000010
01100000000000010
00100000000000011
00100000000000010
00100000100000100
00100000000000010
00000000000100000
00010100000110000
00100000000000010
10100010010000010
00100000000000010

//
segsites: 11
positions: 0.0100 0.0419 0.1034 0.2482 0.2762 0.2796 0.3480 0.4271 0.4837 0.8688 0.8807 
00000010000
01000100000
00000010000
00000000000
01000000000
00000010000
00000010000
00000000000
00100000000
00000000100
00000000000
00000010001
00010000000
00000000000
00000010000
00100000000
10001001010
00000010000
00000000000
00000000000

//
segsites: 20
positions: 0.0268 0.0978 0.1033 0.1558 0.2805 0.3232 0.3331 0.4157 0.4681 0.5117 0.5224 0.5632 0.6357 0.7924 0.8596 0.9387 0.9402 0.9468 0.9556 0.9775 
00100000000000011110
00000010100100000000
00000000000000000000
00100001001010000000
10000100000000000000
00000010100000000000
00000000000001000000
00000010100000000000
00000010100000000000
01100000000000001110
00000000000000100001
00000000000000100000
00101000000000000110
00000000000000100000
00100001001010000000
00010000010000100000
00000000000000100000
00000000000000100000
00100000000000000110
01100000000000001110

//
segsites: 9
positions: 0.0250 0.0613 0.0779 0.1754 0.2673 0.4154 0.4735 0.5863 0.5916 
000000000
010000000
010000000
000000000
000101001
000000000
100101000
000101010
000000000
000000000
000000000
000101001
011000000
010000000
000010100
010000000
100101000
000000000
000000000
010000000

//
segsites: 12
positions: 0.0421 0.2228 0.2688 0.2907 0.3598 0.5625 0.5691 0.6190 0.8395 0.8474 0.8896 0.8958 
010000100000
000000001000
000000001000
000000001000
000000001001
000000000000
000100000000
000001000000
000000001000
000100000000
000010010010
010000100000
010000100000
000001000100
000000000000
001000001000
000100000000
100001000000
000000000000
000000000010

//
segsites: 20
positions: 0.0322 0.0521 0.0947 0.1758 0.1784 0.2265 0.3296 0.3606 0.3956 0.4470 0.5101 0.6340 0.6483 0.6960 0.7129 0.7920 0.7974 0.8911 0.9025 0.9630 
00000000110010100001
00000000000000000000
10000000000000000000
10100000000000010000
10100000000000000000
10100000000000000000
00000000000000000000
00000010111010100000
10000000000000000000
00001000110010100000
10000000000000000000
00000001000000000000
00000000110010100100
00000100000000000000
10010000000001000000
00000000110010101000
01000000110010100010
00000000110110100000
00000000000000000000
00000000110010100000

//
segsites: 10
positions: 0.1258 0.3207 0.3431 0.4163 0.5473 0.7228 0.7316 0.8592 0.9498 0.9738 
0000000000
0000000000
0101010100
0000000100
0000010100
1000000100
0000000100
0000010100
0000000010
0000000100
0000000101
0010001000
0000000000
0000000000
0000010100
0000000100
0000000000
0000110100
0001010100
0000010100

//
segsites: 8
positions: 0.1115 0.1881 0.3087 0.3196 0.5198 0.5786 0.8409 0.8968 
00000100
00000000
00100000
00000000
00000000
00000000
00010000
00000000
10000000
00000000
00000000
00100000
01000000
00000000
00000000
00000001
00000000
00001000
00000010
00000000

//
segsites: 6
positions: 0.1259 0.4012 0.5068 0.7887 0.8281 0.9967 
000000
000000
000000
000010
000000
000000
000000
001100
000000
100001
000000
000000
010000
000000
010000
000010
000000
000000
000010
000000

//
segsites: 9
positions: 0.1824 0.2664 0.3510 0.4244 0.5237 0.6690 0.7413 0.7710 0.9414 
000000010
000000010
000100001
000000001
000000001
001011000
000000000
100000000
000000001
100000000
100000000
000000101
000000000
000100001
000000000
100000000
010000000
000000000
000000010
000000000

//
segsites: 21
positions: 0.1076 0.1111 0.1589 0.1652 0.2015 0.3162 0.4764 0.4780 0.5391 0.5533 0.5776 0.6182 0.7057 0.7193 0.7539 0.8081 0.8302 0.8419 0.8624 0.9489 0.9955 
000000000000000000000
000000000000000000000
000001000000000000010
000110011000000000000
000001000000001000010
000100000000010000000
000001000000000001010
000100000000100010000
100000100101000000000
011000000000000000000
000000000000000000000
000000000000000000100
000100000000100010000
000000000000000000000
000000000000000100000
000100000000100010000
100000100101000000000
000100000010000000000
000100000000010000000
000000000000000000001

//
segsites: 8
positions: 0.1190 0.1741 0.3277 0.3579 0.4685 0.7583 0.8863 0.9926 
00001011
00010001
00010001
00010001
00000001
00010001
01000001
00100000
00000100
00010001
00000100
00000100
01000001
01000001
00000100
00000100
00000100
00010001
10000001
00100000

//
segsites: 22
positions: 0.0328 0.0522 0.2039 0.2658 0.2751 0.2933 0.3014 0.4011 0.4523 0.4603 0.5303 0.6171 0.6485 0.6774 0.6854 0.7333 0.7922 0.8760 0.8891 0.9355 0.9516 0.9806 
0010010000000000000000
0100101100000000000000
0000000000000000000000
0001101110010000010000
0001101110000000000000
0000000000000000000000
1000101100000000100000
0010010000000000000000
1000101101001000101000
1000101100000000100000
1000101100000000100000
0000000000000000000000
1000101100000000100000
0000101100000000000000
1000101100100001100001
0001101110010100010100
0000101100000010000010
1000101101001000100000
0000101100000000000000
0000101100000000000000

//
segsites: 12
positions: 0.1185 0.1410 0.1482 0.1783 0.3720 0.4040 0.4098 0.6754 0.7703 0.8019 0.8107 0.9036 
000000000100
000010000001
000000000110
000000000100
000000000100
110001100100
000000000100
010100000100
001000000100
000000000110
000010001001
000000000100
010000100100
000010010001
000000000100
000000000100
000000000100
000000000100
110000100100
000000000100

//
segsites: 7
positions: 0.1234 0.2393 0.4161 0.4605 0.6376 0.7475 0.8664 
0000000
0000000
0000011
0000000
0001001
0000000
0000000
0000001
0000000
0101001
1000000
0000000
0010001
0000000
0000000
0000000
0000000
0000000
0000100
0000000

//
segsites: 13
positions: 0.2727 0.2742 0.3105 0.3729 0.4120 0.4136 0.5310 0.7587 0.8881 0.8895 0.9021 0.9363 0.9553 
0100010000000
0000000000100
0000000000000
0000001000000
0010100000000
0000000000000
0000000000000
0100000000000
0100000110000
0000000001000
0000000000000
0000000000100
0000000000000
0100000100001
0000000000000
1000000000000
0000000000000
0101000000000
0000000000000
0000000000010

//
segsites: 8
positions: 0.2337 0.3638 0.3656 0.4046 0.4885 0.7377 0.8902 0.9073 
01000001
00000001
00000001
10000010
00000001
00000110
00000001
00000001
00000010
10000010
00001000
00000001
00010010
00000001
00000000
00000001
00100010
00000001
00000010
00000000

//
segsites: 7
positions: 0.0958 0.2773 0.3314 0.5365 0.6541 0.6596 0.9698 
0000100
0000000
0000010
0000000
0000000
0000000
0001000
0000000
0000000
0100000
1000000
0000101
0000000
0000000
1000000
0000000
0010000
0000000
0000000
0000010

//
segsites: 17
positions: 0.0362 0.0674 0.0869 0.2098 0.3772 0.3905 0.4684 0.4945 0.5296 0.6534 0.7634 0.7810 0.7942 0.8914 0.9325 0.9416 0.9624 
00000000000000010
10000000000100010
00000000000100010
10000000010100010
10010000000100010
10000000000101010
00000110100000111
00100000001100010
01001000000010000
10000000000100010
00000000000000000
00000000000000000
10000000000100010
10010000000100010
00000001000000010
00000000100000010
10000000000100010
10000000010100010
00000000000100010
00000000000000010

//
segsites: 10
positions: 0.1933 0.1964 0.5064 0.5516 0.6022 0.6887 0.7969 0.8039 0.8143 0.8758 
0000000000
0001000001
0100000000
0000000000
0100000010
0100000010
0000000000
0010010000
0000000000
0000000000
0000000000
0000001000
0000000000
1010010000
0000100100
0000000000
0000100100
0000000000
0000001000
0100000000

//
segsites: 14
positions: 0.0531 0.0649 0.1423 0.1559 0.3313 0.4339 0.5034 0.5477 0.6745 0.6924 0.8052 0.9199 0.9392 0.9663 
00001000000000
00000010010011
00001000000000
00001000000000
00001001000100
00000000010001
10001000001000
00001000000000
00001000000000
00001000000000
00010000010000
01100100010000
00001000000000
00000000010000
00000000010000
00001000000000
00000000110000
00001000000000
00000000110000
00001000000000

//
segsites: 11
positions: 0.0148 0.0220 0.0671 0.2874 0.4440 0.4487 0.4525 0.4764 0.7476 0.7950 0.8135 
00010011101
00000010101
00001000000
01000000000
01000000000
00000011101
01000000000
01000000010
01000000000
00000110101
00100010001
10000010001
00000000000
00000010001
00000000000
00000000000
00000000000
00000000000
00000010001
00000000000

//
segsites: 16
positions: 0.1551 0.1809 0.2075 0.2533 0.3411 0.4478 0.4567 0.5660 0.6342 0.7108 0.7136 0.8773 0.9156 0.9438 0.9784 0.9943 
0010000000000100
0010000000000100
0010000000000100
0010000000000100
0010000000000100
1000000100000100
0000000000000000
0010000000000100
0010000000000110
0110000000100100
0000000000000000
0000000000000000
0000010000000000
1001000000000100
1000100100000101
0000010010000000
0010000000001100
0010000001000100
0000000000010000
0000001000000000

//
segsites: 6
positions: 0.1314 0.1652 0.5125 0.7015 0.7533 0.9097 
000000
000100
011000
000000
000110
000100
000000
000000
000000
000100
000000
000000
000000
000001
000000
000000
000000
100000
000000
000000

//
segsites: 10
positions: 0.1107 0.1559 0.2629 0.2922 0.2934 0.3775 0.3776 0.4795 0.8016 0.8304 
0000000000
0010000110
0001010000
0001000000
0000000110
0000001100
0101000000
0000000110
0010000111
0001000000
0000000100
1000000000
0000100000
0000001100
0001000000
0000000100
0000000100
0000000100
0000001100
1000000000

//
segsites: 6
positions: 0.0462 0.0673 0.2410 0.3265 0.5875 0.9452 
001001
000000
001000
011000
000000
001000
001000
001000
000010
000000
001000
001000
001000
001000
000100
001000
001000
000000
101000
101000

//
segsites: 10
positions: 0.0331 0.0883 0.1644 0.2699 0.4339 0.5631 0.5836 0.6308 0.6642 0.9300 
1001000000
1000000000
1010000110
1000000001
1000000000
1000000110
1000000000
1000100110
1000000110
0100001000
1000000110
1000000000
0100001000
0100011000
1000000000
1010000110
0100001000
1000000001
1000000110
1000000110

//
segsites: 12
positions: 0.0822 0.1259 0.2397 0.2976 0.4747 0.5110 0.5159 0.5236 0.6134 0.8142 0.9633 0.9685 
000001000000
000000000000
000010001000
000000000000
010000010010
000000100000
000000000000
000000000010
000000000011
000010000000
000000000000
000000000100
000000000000
000000000000
000100000000
000000000011
001000000000
100000000000
000000000011
100000000000

//
segsites: 9
positions: 0.0209 0.1289 0.2455 0.3172 0.3834 0.3878 0.5840 0.6804 0.7026 
000001000
100100000
000010001
000001000
000001000
000001000
000000000
000001000
000100000
000000000
000001110
000000000
000000000
011000000
000001000
000100000
000001000
000000000
000001000
001000000

//
segsites: 14
positions: 0.0617 0.0792 0.1341 0.1517 0.2353 0.4100 0.4695 0.5170 0.6459 0.6717 0.8466 0.9641 0.9719 0.9759 
01000110010000
00110001001111
00111001001111
00110001001111
00110001001111
00110001001111
00110001001111
00110001001111
00110001001111
01000100110000
00110001001111
00110001001111
00110001001111
00110001001111
00110001001111
00110001001111
00110001001111
00110001001111
11000100010000
00110001001111

//
segsites: 5
positions: 0.1844 0.3406 0.4629 0.5826 0.8874 
00010
00000
00001
01100
00000
00000
00000
00010
00000
00000
01100
01100
00000
00010
00010
00000
00001
00000
11100
01100

//
segsites: 12
positions: 0.1181 0.1460 0.2827 0.3560 0.3728 0.3975 0.4088 0.7158 0.7258 0.7999 0.9077 0.9634 
110000011100
110010011100
000000000000
110000011100
111001011100
110000011100
110000011100
110000011100
110000011110
110000011100
000000000000
110000011100
000000100000
110000011100
110000011100
000000000001
110000011100
111000011100
000100000000
000000000000

//
segsites: 9
positions: 0.0266 0.0566 0.2205 0.2598 0.4050 0.5671 0.5753 0.6589 0.8067 
001000001
001000001
000000000
100000000
001000001
000000000
001000001
001011001
000000000
100000000
000100000
010000010
000000000
000000000
001000001
000000000
001000001
000000000
000000000
001000101

//
segsites: 15
positions: 0.0456 0.0968 0.1135 0.1500 0.1878 0.1917 0.2437 0.4974 0.5278 0.5356 0.5821 0.7879 0.8374 0.9366 0.9956 
000100000001000
000000001000000
100000000010000
010000000000001
000000000001000
000000001000000
010000000000001
000010000001000
000000010100000
001000000000000
100000000010000
100000000010000
100000000010000
000010000001000
000001000000010
000000100000000
000000100000000
000000000000000
000010000001100
000010000001000

//
segsites: 11
positions: 0.0286 0.1272 0.2164 0.2211 0.2432 0.2454 0.3634 0.5916 0.6004 0.7208 0.9580 
00000000000
10000100000
10000000000
10000000100
10000000000
00010000001
00000000001
00000000001
01100001001
10000000000
10000100000
00001000001
00000000010
00000000010
00000000001
10000000000
10000010100
00010000001
00000000001
00000000001

//
segsites: 8
positions: 0.2958 0.4833 0.5021 0.5840 0.8961 0.9199 0.9450 0.9822 
11000001
11000001
00000100
11000001
00000001
00000100
11000001
00000001
00100001
00000100
11000001
11000001
00000001
00000100
11000001
11001001
11000001
00000001
00010100
00000010

//
segsites: 18
positions: 0.0129 0.0869 0.1154 0.1638 0.2499 0.3111 0.4002 0.4037 0.4743 0.4993 0.5021 0.5654 0.6616 0.6791 0.7279 0.8198 0.8544 0.9145 
110000000000000001
000000000010100000
000000000011100000
000000000010100000
001000000010100000
000000000010100000
000000000010100100
000000000010100000
000000000010100000
000000000010100000
000000000010100000
000000000010100000
000000000010100000
000000111010101000
000000000010100000
000001000010100000
000110010110110010
000000000010100100
000000110010101000
000000000010100000

//
segsites: 10
positions: 0.0086 0.0280 0.2344 0.2704 0.6280 0.6689 0.6776 0.7647 0.8095 0.9614 
0100101000
0100101000
0100101000
0010000001
0000000000
0000000000
1100101000
0100111000
0000000100
0010000000
0100101000
0011000000
0011000000
0100101000
0100101000
0010000000
0010000000
0010000001
0010000010
0100101000

//
segsites: 15
positions: 0.1332 0.3642 0.4120 0.6032 0.7099 0.8041 0.8078 0.8772 0.8822 0.8966 0.9412 0.9440 0.9470 0.9778 0.9859 
001000000000000
000000000000000
000000100000000
000000000100000
001000000000000
001000000000000
010000010000000
000000010000000
000000001000000
000000000001100
100000000000000
000000000001000
000000000010000
000001100000000
001000000000000
000010010000000
000000000001000
000100000000010
000000000000000
000000000001001

//
segsites: 20
positions: 0.0076 0.0350 0.0621 0.0643 0.0854 0.1424 0.1740 0.2817 0.2940 0.3832 0.3928 0.4074 0.4237 0.4650 0.4929 0.5235 0.5320 0.5625 0.6312 0.6964 
00000100000010000000
00000100000010000000
00001000000000000000
00000100100010000000
01000000000000100000
00010000000001000001
01000000001000000100
01000000000100000000
00100100100010000000
00100100100010000000
11000000000000000000
00100100100010000000
00000000000000000000
00000100000010001000
01000000010100000000
00000010000000010000
01000000000100000000
00000000000000000001
01000000000000000000
00001001000000000010

//
segsites: 15
positions: 0.0205 0.0269 0.1012 0.1648 0.2911 0.3423 0.5025 0.5548 0.6668 0.6703 0.8114 0.8123 0.8611 0.9417 0.9870 
100000010010000
100000010010000
100000010010000
100100000010000
100000010010000
100000010010000
100000000010100
100000000011100
101000001010100
110000110010010
100000010010000
100000110010000
000000000000000
100000010010000
100010000010100
100000010110000
100000010010001
100000010010001
100001010010000
100100000010000

//
segsites: 17
positions: 0.0937 0.1319 0.1722 0.2587 0.3583 0.3682 0.4378 0.4537 0.4789 0.4870 0.5001 0.6663 0.6832 0.6841 0.7821 0.9938 0.9951 
00000000001010000
11000001000000010
01000001000000000
01000001000000000
01000001000101000
01000011000001000
01011001000000000
01000001000000000
01000001000000001
01000001000000000
01100001000000000
01000101000000000
01010001000000000
11000001000000010
00000000001010100
11000001000000000
01000001110000000
01010001000000000
00000000001010000
01000001000000000

//
segsites: 10
positions: 0.1024 0.1170 0.2323 0.2655 0.5158 0.5313 0.5427 0.8987 0.8989 0.9321 
0010000001
0001000010
0000000100
0000000001
0010000001
0100000000
0000000100
0000010000
0000000000
0000001000
0000100001
0000000001
0000000001
0000000001
1000000100
0000000000
0000000001
0000010000
0000000000
0000000000

//
segsites: 17
positions: 0.0064 0.0188 0.0602 0.1035 0.2392 0.3000 0.3462 0.3671 0.3698 0.4296 0.4614 0.5561 0.5584 0.6766 0.6954 0.9107 0.9607 
00000000000000000
00000000000000001
10001100000000000
00000000001000000
10010100000000000
00100000000011100
00000000000000000
00000000000000000
10000100000000000
00000010000000000
01000000000100010
00000000000000000
00100000000010100
00000000010000000
00000010000000000
00000001000000000
00000100000000000
00000000100000000
00000000000000000
00000000000000000

//
segsites: 12
positions: 0.3112 0.3217 0.3465 0.3558 0.3562 0.3891 0.4774 0.5141 0.6638 0.7570 0.9085 0.9484 
000110001000
000000000010
000000000000
010000000000
000000000010
000000000000
000110001000
000000000000
100000010000
000001000000
001000100000
000000000000
000000000000
000000010000
000000000000
000110001000
000000000100
000000000000
000001000000
000000000011

//
segsites: 14
positions: 0.1019 0.3089 0.3548 0.4052 0.4257 0.4784 0.4999 0.5051 0.5099 0.5986 0.6302 0.8781 0.9303 0.9784 
00000000000000
00000000110010
00000001000000
00100001000000
00000001000000
00000010000000
00100001000000
00010000000000
00100001000000
00010000000000
00101001000000
10000001000000
00100001000000
00000100001000
01100001000001
00000100001000
00100001000100
10000001000000
00000000100010
00100001000000

//
segsites: 9
positions: 0.0198 0.0664 0.2195 0.2824 0.3572 0.3677 0.8530 0.9432 0.9658 
010100000
000100000
001001000
000100000
100100100
010100000
000100000
100100100
010100000
000110000
010100000
010100010
000100000
100100100
010100000
100100100
010100001
010100000
100100100
010100001

//
segsites: 12
positions: 0.0201 0.3194 0.3883 0.4334 0.7953 0.8277 0.8632 0.8773 0.8968 0.9384 0.9686 0.9941 
001000010000
100110100000
001000010000
001000010000
001000010000
001000010000
001000010100
001001010000
001000010000
100110100000
001000010010
001000011000
011000010000
001000010000
001000010000
100110100000
001000010000
001000010001
001000010000
001000010000

//
segsites: 5
positions: 0.0103 0.2349 0.7605 0.8405 0.9726 
01000
01000
01000
00010
00001
01000
00000
00001
11000
11000
00001
00110
00110
01000
00010
00010
00010
00010
00010
00000

//
segsites: 9
positions: 0.0692 0.2168 0.2405 0.2605 0.3661 0.3860 0.4450 0.5412 0.7664 
000001000
001000000
000100000
000100000
000000000
000000000
100000000
100000000
010000000
100000000
000000001
000000010
100000000
000010000
010000000
000000000
000000000
000100000
100000000
000000100

//
segsites: 8
positions: 0.0542 0.2094 0.2819 0.2837 0.4036 0.6575 0.7680 0.7691 
00100000
00100000
00100000
00000000
00000000
10000000
00000000
10000000
00100000
00000000
00011000
00000000
00000000
00000100
00000000
00010000
01100001
00000000
00000000
10000010

//
segsites: 10
positions: 0.1385 0.1871 0.2776 0.4762 0.7932 0.8102 0.8414 0.8624 0.8893 0.9478 
0000000001
0000000001
0001000001
0110000011
0000001000
0000000001
0000000001
0000000001
0000000000
1000000000
0000000000
1000100000
0000000101
0000000001
1000000000
0001000001
0000000001
0000000001
0110000011
0000010001

//
segsites: 11
positions: 0.0151 0.0693 0.0873 0.1790 0.4326 0.6169 0.6241 0.6421 0.6884 0.7147 0.9899 
00001010000
00000000000
00000000000
00000000000
00100000000
10001000101
00000001000
10001000101
00011000001
00000100000
00000000000
00000000010
00000000000
00000000000
00000000000
00000000000
00000000000
01000000000
01000000000
00000000000

//
segsites: 9
positions: 0.0024 0.1221 0.1425 0.1501 0.1996 0.3959 0.5620 0.7541 0.9975 
001000000
001000000
000000000
000100010
001000000
110011000
000000000
000000000
000000100
000000001
000000000
000100000
000000000
000000000
000000000
001000000
000000000
000100000
000000000
000000000

//
segsites: 13
positions: 0.0858 0.0966 0.2679 0.2833 0.3900 0.4411 0.6056 0.6877 0.7068 0.8365 0.8712 0.9526 0.9759 
0000100000000
0000000000000
1000000010100
0000000010100
0000001000000
0000000100000
1000000010100
0010000000000
0000001000000
0000000000000
1000000010100
0100000001001
0000010000000
0000000000010
0100000000000
0000000000000
0000000000000
0001000000000
0000000100000
0000000000000

//
segsites: 9
positions: 0.0170 0.0667 0.0770 0.2074 0.2136 0.3696 0.4607 0.6857 0.8692 
000100001
000000000
100001000
000000000
010000010
000000100
000000001
000010001
011000010
000000000
000000100
000000000
010000010
010000010
000000000
000000100
000001000
000000000
000000001
000000000

//
segsites: 16
positions: 0.0500 0.1343 0.1691 0.2513 0.3164 0.6264 0.6353 0.7868 0.8328 0.8730 0.8753 0.9040 0.9183 0.9223 0.9406 0.9497 
0010001000000000
0000000001000000
0010000000000000
0010000000000000
0010000010000000
0000110000000110
0010001000000000
0000110000000010
0000000000000000
0100000000000000
0010000010000000
0010000000000000
0000110000000011
0001000100000000
1000110000000010
0010000000000000
0010000000010000
0000110000001010
0010000000100000
0001000100000000

//
segsites: 14
positions: 0.0805 0.2178 0.2406 0.4151 0.4479 0.4544 0.6165 0.6256 0.7159 0.7283 0.8128 0.9731 0.9734 0.9971 
00001000010000
00000000000000
00000000000000
01000000000000
00000000000000
00000000000000
10000000000001
00000100000100
00000100000100
00100000010000
00000010000000
00000001000000
00000000100000
01000000000010
00000000000000
00010100001100
00000000000000
00000000000000
00000010000000
00000000000000

//
segsites: 16
positions: 0.0408 0.1302 0.1372 0.2156 0.2320 0.3368 0.3726 0.4064 0.6331 0.6417 0.7225 0.7461 0.7550 0.7861 0.7915 0.8089 
0000000000010001
0100000000010001
0000001000010001
0000000000010001
0000000100010001
0001000000010001
1000000000010001
0000001000010001
0100000011010001
0100110000010001
0000001000010001
0000001000010001
0010000000010101
0100000001010011
0010000000010101
0000000000010001
0100000001010001
0000000000010001
0000000000011001
0000000000100000

//
segsites: 5
positions: 0.0278 0.6235 0.7617 0.8257 0.8606 
10001
00000
01000
00100
00001
00100
00000
00100
00100
00011
00100
00001
00000
00000
00000
00000
00100
00000
00001
10001

//
segsites: 9
positions: 0.0089 0.1625 0.2390 0.3061 0.3902 0.6722 0.7978 0.8810 0.9579 
100100000
000100000
000101000
000100100
011000001
001000000
001000000
000100000
001000000
001000000
000100000
001000010
000100000
000100000
001000000
001010000
001000000
000100000
001000000
001000000

//
segsites: 10
positions: 0.0825 0.1750 0.3133 0.3324 0.4346 0.7351 0.7408 0.8550 0.9082 0.9831 
0000001000
0000110000
0000000000
0000000000
1000000000
0000000000
0000000000
0000000000
0000000010
0000000000
0000100000
0010100100
0001000000
0000000000
0001000000
0000000000
0001000000
0100000000
0000000001
0001000000

//
segsites: 15
positions: 0.0494 0.1299 0.1692 0.1736 0.2691 0.4141 0.4341 0.5417 0.6092 0.6365 0.6456 0.6864 0.8243 0.9713 0.9830 
000000000000000
000100000000000
100010000000100
000000100000000
010000000010000
000000000000000
010000000010000
000000001000001
000000010100000
001000000000000
000010000000100
000000001000000
001000000001010
000010000000100
000000000000000
000000100000000
000011000000000
000011000000000
000000000000000
001000000000000

//
segsites: 11
positions: 0.0999 0.2366 0.3039 0.3720 0.4093 0.4822 0.5917 0.6446 0.7756 0.8083 0.9048 
00000000100
00001000100
00001000100
00000000100
00000000100
10000000100
01001000110
00100001000
00100101000
00001000100
00100101000
00001000100
00001010100
00000000100
00001010101
00001010100
00011000100
00000000100
00000000100
00001000100

//
segsites: 12
positions: 0.1141 0.1917 0.2698 0.3409 0.4999 0.5278 0.5644 0.7613 0.8197 0.8890 0.9168 0.9816 
010001000000
000000000000
000000000000
000000000000
000000000100
001000000000
010001000000
000000000000
000010000000
000000000000
100000010010
000000000000
000000000001
000000000000
000000000000
000000001000
000100100000
000000000000
000000000000
000001000000

//
segsites: 8
positions: 0.0718 0.1738 0.1803 0.5144 0.7061 0.7831 0.9187 0.9216 
00000000
00000001
00000000
00000000
00000100
01000000
00000000
00000001
00000000
00100000
10001000
00000000
00000000
00001000
01000000
00000000
00010000
00000010
00000010
00000000

//
segsites: 18
positions: 0.0612 0.0795 0.0796 0.1463 0.1905 0.2645 0.3339 0.4815 0.5238 0.5797 0.6464 0.6690 0.6917 0.7031 0.7491 0.8255 0.8870 0.8992 
000000000001001001
011100000000010000
000000000000001000
000000000000100000
100000101000001000
000010000010000100
000000000000001000
000010000000000000
000000010000000000
000000000100000000
000000000100000000
000000000000000000
000100000000010000
000010000000000000
000000000001001001
000001000000000000
000000000000000000
000000000000001000
000000000000000010
000001000000000000

//
segsites: 13
positions: 0.0483 0.1786 0.1973 0.2500 0.2640 0.3899 0.5559 0.6373 0.6554 0.7068 0.9117 0.9685 0.9975 
0000000000100
0000011100000
0010000000100
0000010110000
0000000001000
0001000000000
1100000001000
0000000000101
0000000000100
0000000000000
0000000000100
0001000000000
0000000000101
1100000001000
0000000000110
0001100000000
0000000000100
0001000000000
0000000001000
0000000000100

//
segsites: 16
positions: 0.1305 0.1325 0.2089 0.3918 0.4468 0.4858 0.6346 0.6785 0.6852 0.7867 0.7886 0.8789 0.8933 0.9615 0.9785 0.9982 
0001001000000000
1001001000001000
0001001000010000
0001001000110000
0000000101000000
0000100000000000
0001001000000000
0000000000000000
0001001000000000
0100000000000000
0000000100000000
0100000010000000
0001001000000000
0100000010000000
0001001000000000
0000000000000000
0001001000000000
0100000000000001
1001011000000000
0010000000000110

//
segsites: 20
positions: 0.0216 0.0417 0.0544 0.1813 0.2017 0.2359 0.3175 0.3196 0.3263 0.3829 0.3959 0.4996 0.6018 0.6585 0.6686 0.7965 0.8216 0.8369 0.9121 0.9335 
00000100001000000000
00100000000000000000
00010100000000000000
00001000010000000000
00000100000100000010
00000100000000000000
00000100000000000000
01000110000000100001
00000000010010000000
00000001000000000000
00000100000000000000
00001000010000000000
00000100000000010000
00000001000000000000
01000100000000100001
10000100000001000000
00000001000000000000
00000100000000001100
00000100000000000000
00000100100000000000

//
segsites: 9
positions: 0.0427 0.3170 0.6078 0.7610 0.8491 0.9018 0.9190 0.9285 0.9631 
000000000
000000010
000000010
110000001
000000010
000000010
000000000
000000000
000000010
000000000
000000000
000000000
000101000
000000000
000010000
000000000
000100000
000000000
001000000
000000110

//
segsites: 16
positions: 0.0109 0.0550 0.0921 0.1139 0.2576 0.2809 0.3852 0.5236 0.5579 0.6171 0.7225 0.7526 0.7684 0.7795 0.8200 0.8908 
0000101000000000
0000101000000000
0001000000000000
0000101000000000
0000101000000000
0000010000001110
0000000000000100
0000101000000000
0000101000000000
0000101000000000
0001000010100000
0001000000000001
0001000100010000
0001000000000000
0001000000000000
1001000000000000
0001000000000000
1011000000000000
1001000000000000
0101000001000000

//
segsites: 11
positions: 0.3290 0.3732 0.4393 0.4805 0.5214 0.6171 0.6595 0.6998 0.8136 0.8177 0.9698 
00000100000
00000100000
00000000000
00100110001
00000100000
00000100000
00000100000
00000101000
00000100000
00010000010
10000100000
01000000000
00000100000
00001000000
00000100000
00000000000
00000100000
00000101100
00000100000
00000100000

//
segsites: 14
positions: 0.0223 0.0559 0.0940 0.1882 0.2106 0.2170 0.2217 0.3533 0.4657 0.4690 0.4995 0.5912 0.7064 0.8866 
11000000010010
00000010000000
01000000010010
01000000010000
01000000010000
01000100010000
00000011100001
01000000010000
01000000010010
01001000010000
01000000010000
00000010000100
01000000010000
01000000010000
00000010000000
01000000010010
01000000011000
01000000010000
00110010000000
01000000010000

//
segsites: 18
positions: 0.0425 0.1791 0.2142 0.2614 0.2789 0.2864 0.2936 0.3707 0.4627 0.4878 0.5654 0.6821 0.7104 0.8315 0.8463 0.8523 0.8668 0.9838 
100000010000000111
100100000100000101
010010000000110000
100100000100000101
100000001000000101
101000000000000101
100000100000000101
100000000000000101
100000000000000101
100000001000000101
100000000000000101
100000010000001111
100001000011000101
100000000000000101
100000000000000101
010010000000110000
100000100000000101
100000000000000101
100000000000000101
100000000000000101

//
segsites: 16
positions: 0.0419 0.0464 0.0510 0.1713 0.2932 0.3392 0.4184 0.4370 0.4628 0.5200 0.5220 0.6334 0.6478 0.9474 0.9477 0.9871 
0000000000001000
0000000000000000
0010110000000001
0000000000000000
0000100001000001
0000100000000001
0000100000000001
0000100000100001
0000100000000001
0000100000000001
0101001000000000
0000100100010101
0000000000000000
0000100000000001
0000000000000000
0101001000000000
1000100010000001
0000100000000011
0000100000000001
0000100000000001

//
segsites: 13
positions: 0.0435 0.2230 0.2269 0.3362 0.3880 0.4074 0.4384 0.5181 0.6243 0.6808 0.8657 0.8912 0.9013 
0000000000001
0000000010000
0000000010000
1100000001000
0000000000001
0000000000000
0000000100010
0000000100010
0010000000001
0001000000001
0000100000000
0000000100010
1100011000000
0010000000001
0000000100110
0000000100010
0000000100010
0000000100010
0000000100010
0000000000000

//
segsites: 9
positions: 0.1110 0.1950 0.3038 0.3285 0.5564 0.6734 0.7612 0.8554 0.8603 
100100000
001000000
001000000
001000000
001001001
001010000
001000010
001000000
001000000
001000000
001000000
100100000
011000000
001000000
001000000
011000000
001000100
001000000
001000000
001000000

//
segsites: 13
positions: 0.0601 0.2075 0.3579 0.3638 0.4048 0.4458 0.4737 0.5672 0.5956 0.6996 0.8700 0.9485 0.9698 
0110100000100
0000000000000
0000000000000
0001010101000
0001010001000
0001010000000
0010000010010
0001010000000
0010000010010
0000000000001
0001010000000
1001010000000
0110000000100
0010000000100
0001010000000
0000000000000
0000000000000
0000000000000
0010000010010
0000001000000

//
segsites: 6
positions: 0.1065 0.1400 0.1429 0.2385 0.2840 0.6275 
100000
100000
100000
010000
010000
100100
010010
010000
100001
010000
010000
010000
011000
010000
010000
010000
010000
010000
100000
100000

//
segsites: 8
positions: 0.0576 0.1803 0.3531 0.5224 0.6717 0.6764 0.6848 0.7398 
00000001
00010000
00000010
00010000
00000001
00000000
01000000
00000001
00000000
00010000
00000001
00000000
00000001
00000000
00000000
10100100
01000000
00000000
00001000
00000001

//
segsites: 11
positions: 0.0179 0.1449 0.2452 0.3747 0.3806 0.6189 0.6818 0.7501 0.7910 0.8903 0.9902 
10000001110
00000000011
00000000010
00000000010
00001000010
00000000010
00000000010
00001000010
00000000010
00000000010
00000010010
00000000010
00000000010
00010010010
00001000010
00000010010
00001100010
01010010010
00100000000
00000000010

//
segsites: 15
positions: 0.0147 0.1297 0.3696 0.4101 0.4107 0.4140 0.4854 0.5745 0.6044 0.6115 0.6426 0.7428 0.8293 0.8706 0.9990 
000000000001001
000000010000010
110100000100010
000001000000000
000000000010010
000010100000000
010100000000010
000000000000010
010100000000010
110100000100010
000000000000000
000000100000000
000000000000010
001000001000000
000000000000110
000001000000000
000000000000000
000000000000010
010100000000010
110100000100010

//
segsites: 7
positions: 0.2714 0.5464 0.7014 0.7886 0.8555 0.8717 0.9655 
0000000
0000000
0000000
0101000
0000000
0000100
0000000
0101000
0000000
0010000
0000000
0000000
0000000
0000000
0000000
1000001
0000000
0000010
0000000
0000000

//
segsites: 10
positions: 0.0493 0.2106 0.2187 0.2820 0.3216 0.3810 0.4391 0.4665 0.6031 0.8392 
0000000000
0000000000
0000000000
0000000000
0100000000
0000000000
0100000000
0010000000
0000001000
0000110100
0100000000
0000000000
0000000000
0000000000
0000010101
0000010100
0000000010
0000000000
0001000000
1000000000

//
segsites: 10
positions: 0.0190 0.0525 0.1433 0.4999 0.5788 0.6551 0.7104 0.7604 0.8026 0.8186 
0000000100
0000000001
0000000000
0000000000
0000000000
0100000000
0000000000
1000000000
0000000100
0000000000
0000000000
0000000000
0001001000
1000000000
0010000000
0000100000
0000000100
0010000010
0000000000
0000010000

//
segsites: 14
positions: 0.0526 0.1172 0.1679 0.1731 0.3618 0.4729 0.4958 0.6161 0.6995 0.8080 0.8424 0.8534 0.8851 0.9528 
00001000011001
00001000010001
00001000110001
00000000000010
00001000110001
00001000110001
00000000000010
00000010000010
00000000000010
00000000000010
00000000000110
00110001000010
10000000000010
00000000000010
00000000000010
00001000011001
01100001000010
00000000000010
00000000000010
00001100010001

//
segsites: 9
positions: 0.1859 0.1938 0.2656 0.3734 0.4159 0.6043 0.6408 0.7582 0.7757 
000001000
010000000
000010000
010000000
000010000
000000010
000000100
000000000
000010000
000000001
000010000
001000000
000000100
000010000
000000000
100010000
000100000
001000000
000100000
000010000

//
segsites: 13
positions: 0.0997 0.1289 0.2958 0.3998 0.4474 0.5870 0.7242 0.7461 0.8420 0.8443 0.8882 0.9087 0.9911 
0000000000000
0000001000000
0000010100000
0000000001010
0000000001010
0000000000001
0000000000000
0000000000000
0001000000000
0000001000000
1000100000000
0000000000000
1000100000000
0000001000000
0001000000100
0000000001010
0001000000000
0000000010000
0000000000000
0110000000000

//
segsites: 18
positions: 0.0296 0.0430 0.1466 0.1798 0.1880 0.2500 0.2595 0.4342 0.4688 0.4973 0.5094 0.5467 0.6173 0.8005 0.9062 0.9414 0.9477 0.9920 
000000000000000100
000000000000000110
000000000000000000
000000000010000000
000000001000000000
000000010000100000
000000000000000000
000000000000000110
000000000010000000
001000010000000000
000100000000010100
000000100000000000
010000000000000001
000000000100000100
000011000001001000
000000000000010100
100000000000000000
000000000000000000
001000010000000000
010000000000000001

//
segsites: 12
positions: 0.0264 0.0513 0.0885 0.1394 0.1697 0.2167 0.2194 0.3699 0.5061 0.5800 0.7177 0.9787 
000000100001
010000000000
000000010100
100000101000
000000000100
001000000000
001000000000
000000100001
100000101000
100000101000
000100100000
000000000100
000000000000
100001101000
000000100000
000010100000
000100100010
100000101000
000100100000
100000101000

//
segsites: 9
positions: 0.1303 0.3783 0.5196 0.5870 0.7197 0.7308 0.9432 0.9536 0.9769 
000000000
001000000
100100000
001000000
001000000
000100000
000010000
000100000
000000000
000000100
000100000
000000011
010000000
000000000
000101000
000010000
000000000
001000000
000000000
000100000

//
segsites: 7
positions: 0.1617 0.1966 0.4492 0.5572 0.6274 0.6351 0.9640 
0000000
0100000
0000000
0000000
0000000
0000000
0000000
0000000
0000000
0000000
0100000
0000000
0001110
0100000
0000001
0110000
0000000
0100000
1000000
0000000
