./ms 20 1 -t 20 -G 59.91465 -eG 0.05 0 
34358 37563 23943

//
segsites: 14
positions: 0.1329 0.1491 0.2646 0.2998 0.3558 0.3823 0.4971 0.6329 0.6331 0.6973 0.7250 0.7256 0.7313 0.9302 
00000000001000
00000000000000
01000000000001
00000000000000
01000000000001
10010000000000
00100000000000
00001000000000
00000001000000
00000000000100
00000000000000
00000010000000
00000100110000
00001000000010
00000000000000
00000000000000
00000000000000
00000000000000
00000000000000
00100000000000

//
segsites: 14
positions: 0.0126 0.0247 0.0302 0.0812 0.1658 0.1857 0.2073 0.4004 0.5114 0.5759 0.5881 0.7327 0.7335 0.8345 
00001000000000
00000001111011
00001000000000
00001010000000
00011000000000
00001000000000
00001000000000
00001000000100
00001000000000
00001000000000
00001000000000
00000101110011
00001000000100
01000001110010
00001000000000
00001000000100
01000001110010
10101000000000
00001000000000
01000001110010

//
segsites: 7
positions: 0.2248 0.2436 0.2603 0.3701 0.5258 0.7503 0.7604 
0000000
0000010
0000000
0010000
0000010
1000001
0001000
0000000
0000000
0000000
0000100
0001000
0000000
0000000
0000000
0100010
0000000
0000000
1000001
0000000

//
segsites: 7
positions: 0.3892 0.5098 0.5154 0.6150 0.6209 0.6931 0.7488 
0000000
0010010
0000000
0100000
0000000
0010010
0000101
0100000
0000000
0010010
1000000
0010010
0100000
0000000
0000000
0000000
0010010
0000000
0001000
0000000

//
segsites: 5
positions: 0.2442 0.2500 0.3191 0.3535 0.9051 
00101
00000
00000
01000
00000
00101
00010
00010
11000
01000
00000
00000
00100
00000
01000
00100
00100
00010
00100
00000

//
segsites: 11
positions: 0.0286 0.1457 0.1630 0.3404 0.4221 0.4624 0.4852 0.5150 0.6824 0.8499 0.8541 
00000001010
00000000000
00000000010
00100000000
00000000010
00000000010
00000000010
00100000000
01000110000
00000000010
00100000100
00100000100
00100000100
10000000000
00010110000
00010110001
00000000000
00000000010
00000000010
00001000000

//
segsites: 13
positions: 0.0143 0.0594 0.2277 0.2829 0.2896 0.3376 0.4130 0.4498 0.4600 0.5166 0.5917 0.6947 0.9240 
0000000000000
0000000000000
0000100001000
0000000000000
0000000000101
1000000000000
0000000000001
0000010100010
0000000000001
0000000000000
0000000000000
0000001000000
0000000010000
0000000000000
0000000000000
0000000000000
0000000000000
0000000000000
0010000000000
0101000000000

//
segsites: 12
positions: 0.0096 0.0634 0.1175 0.2491 0.3830 0.3987 0.6603 0.7518 0.7702 0.7872 0.8682 0.9992 
100000000000
000001100100
000000001000
100000000000
000000110000
000000000000
000000100000
000010100000
000000000000
000000000000
000000000010
100000000000
000000000000
000101100000
000000100001
100000000000
011000000000
000101100000
000001100000
000000000000

//
segsites: 13
positions: 0.0820 0.1237 0.2060 0.2808 0.3134 0.4755 0.6180 0.6461 0.8766 0.8843 0.9106 0.9782 0.9836 
0100000000000
0100000000000
0100000000000
0100000000000
1110000000001
0100000000000
0100000001000
0000000110110
0100000000000
0100000000000
0101000000000
0000000000100
0100010000000
0100000000000
0000000110110
0100100000000
0000000000100
0100000000000
0100000000000
0100001000000

//
segsites: 12
positions: 0.0550 0.2865 0.3434 0.3628 0.3929 0.4111 0.4372 0.6633 0.7438 0.9650 0.9719 0.9721 
000110000000
000010000000
000010000000
000010000010
100010000000
000001001000
000010000000
000010010000
000010100000
010010000001
001010000000
000010000000
000010000100
000001001000
010010000001
000010000000
000010000000
000010000000
000010000000
000001001000

//
segsites: 15
positions: 0.0225 0.0525 0.0994 0.2394 0.2902 0.4119 0.4398 0.4743 0.5233 0.5738 0.6266 0.6340 0.6865 0.8044 0.9433 
000001000000000
000001000000001
000110001000000
000001000100000
000001000000000
000110001000000
010000000000000
000001000000000
000110001010000
000110001000000
000001010000100
000100001000000
000001000000000
100001000000000
000001000000000
000000000000000
000001000000000
000001000000000
001001100000000
000001000001010

//
segsites: 22
positions: 0.0704 0.1018 0.1472 0.1627 0.2272 0.2791 0.3815 0.4626 0.4834 0.5641 0.5666 0.6888 0.6902 0.7373 0.7541 0.7776 0.8093 0.8177 0.8894 0.9696 0.9757 0.9777 
0000000001000100000000
0000110100010000000100
0000000001000100000000
0000000001100100000000
0000001001000110000010
0000110100010000000100
0000000001000100000000
0000000011000100001000
0000000001001101000000
0000110100010000000100
0000000001000100110000
0000110100010000000100
0010000001000100000000
0000110100010000000100
0000000001000100000001
0000000001000100000000
1001000001000100000000
0000000001000100000000
0100000001000110000010
0000000001000110000010

//
segsites: 8
positions: 0.0155 0.1008 0.3878 0.4404 0.5502 0.6445 0.7068 0.7498 
00000001
00000000
00000000
00010010
00000001
00000000
00000100
00000100
00000001
00000000
00000000
00000000
00001000
10100000
00000100
00000000
00000000
00000000
00000000
01000000

//
segsites: 8
positions: 0.0852 0.1015 0.1959 0.2463 0.5343 0.6293 0.7801 0.9687 
00100011
00000000
10001000
00100010
01000000
00010000
00000000
00000000
00000000
00000000
00000000
00100010
00000000
00000000
00000000
00100010
00000000
00000000
00000100
00100011

//
segsites: 10
positions: 0.0640 0.1447 0.4044 0.4285 0.4955 0.5507 0.5522 0.5526 0.6781 0.8004 
0100100000
0011000000
0000001000
0000010000
0100100000
0000100000
0100100000
0000000110
0011000000
0011000000
1000000000
1000000000
0000000110
0000000000
0000000110
0000000110
1000000000
0000000001
0100100000
0000000110

//
segsites: 11
positions: 0.0826 0.1039 0.1537 0.1855 0.3377 0.4087 0.4201 0.5383 0.6684 0.6719 0.7333 
01100100000
01100011000
01100100000
01100000000
01100000001
11110000000
01100100010
00000000000
01100000000
01100100000
01100000000
01101000000
01100100000
01100000000
01100000000
01100100000
01100000100
01100001000
00000000000
01100100000

//
segsites: 5
positions: 0.0094 0.1175 0.4185 0.4249 0.9734 
00000
00100
00010
11000
00000
00010
00000
00000
00000
00000
00000
00000
00000
00001
00000
00000
00000
01000
00000
00000

//
segsites: 9
positions: 0.0458 0.0709 0.2958 0.4346 0.4443 0.4858 0.5732 0.7288 0.9954 
100000000
000001000
000000000
001010000
000000000
000000000
000000001
000000000
000000000
001010000
000000000
000000000
001010000
010000110
000000000
000000000
000000000
000000000
000000000
001110000

//
segsites: 12
positions: 0.0656 0.0757 0.1019 0.2415 0.2619 0.2903 0.3357 0.3983 0.4012 0.4836 0.5041 0.5085 
000000000000
000000001000
000000110000
000011000000
000000000000
010000000000
000000010000
000001000001
000000010010
100000000100
001000010010
000000000100
000000000100
000000001000
000011000000
000000000000
000000010010
000100010000
001000010010
000000010000

//
segsites: 12
positions: 0.0266 0.0338 0.1369 0.1841 0.2160 0.2504 0.2613 0.2654 0.5030 0.5578 0.6973 0.7957 
000000000000
000000000000
000000110000
000000000000
000010000001
000000000000
000001100000
000000000000
100000000000
000000000100
000000000010
000000000000
000000000000
100000000000
000000100000
000000000000
001100100000
010000001000
000000000000
000010000000

//
segsites: 13
positions: 0.2730 0.3331 0.3382 0.3788 0.4366 0.5266 0.5455 0.6614 0.7069 0.9132 0.9279 0.9740 0.9792 
0010010000000
0010010000010
0000000100101
1000000000000
1000000000000
0010010000000
0000000000000
1000000000000
0010010000010
1000000000000
1000000000000
0000000000000
0000000000000
0010010000000
1101000000000
0010010000000
0000101001000
1000000000000
0000000000000
1000000010000

//
segsites: 9
positions: 0.0644 0.1946 0.2559 0.2703 0.3063 0.6146 0.6160 0.6715 0.8037 
000000000
000000001
000000000
000000000
000010000
000010010
000000100
000010000
000010000
000000000
000000000
000010000
010010000
000000000
000000000
100010000
000001000
000000000
000010000
001100000

//
segsites: 10
positions: 0.1287 0.2241 0.3152 0.3210 0.5204 0.5986 0.6553 0.6624 0.8026 0.9849 
1100000000
0010010000
0000010000
0000010000
0000010000
0000001010
0000100000
0000000010
0010010000
1100000001
0000010000
0010010000
0000000110
0000000000
0010010000
0010010000
0000010000
0011010000
0000000010
0010010000

//
segsites: 11
positions: 0.1298 0.1503 0.1855 0.2341 0.4013 0.4805 0.5381 0.7228 0.8160 0.8486 0.9692 
00000000000
00000000100
00000000000
00000001000
00000000000
00001010000
00001010000
01000000010
00000000000
00001000000
00001000000
00000000000
00000000000
00100100000
10000000001
00000000000
00000000000
00000000000
00010001000
00000000000

//
segsites: 12
positions: 0.0275 0.0327 0.0760 0.3621 0.4467 0.5331 0.5628 0.5829 0.6644 0.6708 0.7920 0.8591 
100000000100
100000000110
100000000100
100000000000
100000000000
101000000100
101000000100
010000000000
100000000000
010000001000
010000000000
100000000110
100000000100
100100100100
101000000100
100010000100
100000000001
100000010100
100001010100
100000010100

//
segsites: 9
positions: 0.0588 0.0877 0.1719 0.3424 0.6183 0.6380 0.6948 0.9285 0.9839 
000000000
000000100
010100000
000000000
000001000
000000100
000000000
000000100
000000000
000000100
001000100
100000100
000000100
000000100
000000100
000000110
000000101
000010100
000000100
000000000

//
segsites: 10
positions: 0.0747 0.1659 0.1894 0.3163 0.4227 0.5492 0.6326 0.6484 0.6659 0.8875 
0000000000
0000010000
0000010010
0000010010
0000010010
0000010010
0001010010
0000000000
0000000100
0000000000
0000000000
0000001000
0000010000
0010010000
0000000000
0100100001
0000000000
0000010000
1000010010
0000010000

//
segsites: 10
positions: 0.0256 0.2666 0.3958 0.4196 0.4879 0.6012 0.6457 0.6745 0.7167 0.9834 
0010000000
0000000010
0000010000
1000000010
0000000010
0000010000
0000000010
0001000001
0000000010
0000000010
0000000010
0100000000
0000100010
0000000110
0000000000
0000001000
0001000001
0000000010
0010000000
0000000010

//
segsites: 4
positions: 0.0010 0.3959 0.7799 0.9584 
0000
0010
0000
0000
0000
0000
0001
0000
0000
0100
0000
0000
0000
1010
0000
0000
0000
0000
0000
0010

//
segsites: 6
positions: 0.0757 0.4491 0.6847 0.7381 0.7696 0.9773 
000010
001000
000000
000000
000100
000000
000000
000001
000000
000000
000000
100000
000000
000001
100000
000000
010000
000000
000000
000100

//
segsites: 13
positions: 0.0783 0.1133 0.1415 0.2152 0.2202 0.2322 0.2566 0.3062 0.3759 0.4924 0.5421 0.8990 0.9056 
0000100000100
0000010000000
0100010000000
0000010000000
0010000100000
0000101000000
0010000100000
0100010000000
0001010010000
0010000100000
0000010000000
0000100000000
1000010001000
1000010001000
0000100000000
0000010000000
1000010001000
0001010000001
1000010001000
0001010010010

//
segsites: 13
positions: 0.0198 0.0463 0.1021 0.1260 0.1871 0.2248 0.3391 0.3743 0.5664 0.6555 0.7128 0.8979 0.9248 
1010100000001
1110100000001
0001001001010
1010100000001
0000011000010
1000100000001
1010100000001
1000100000001
0001001100110
1000100000001
0000001000010
0000001000010
0000001000010
0000001000010
0000001000010
1010100000001
1010100000001
1010100010001
1010100000001
0000001000010

//
segsites: 11
positions: 0.1859 0.2740 0.3069 0.4382 0.4583 0.5190 0.6341 0.6538 0.7270 0.8830 0.8984 
00000010000
00001000001
01001000001
00000000001
00000000000
00010000000
00010000000
00000000000
00000010000
00000000100
00000010000
00100010000
00010000000
00000000000
10000000010
00000000000
00000000000
00000000000
00010001000
00000100000

//
segsites: 9
positions: 0.0435 0.0664 0.1998 0.4829 0.4887 0.5596 0.6816 0.8202 0.9895 
000000000
000000000
000000000
000000000
000000000
000010000
000000000
000000000
000000000
000000110
000100001
000000000
000000000
000000000
000000000
110000000
000000000
100001000
001000000
000000000

//
segsites: 14
positions: 0.1619 0.2476 0.2486 0.2735 0.3737 0.4398 0.5517 0.5525 0.7029 0.7775 0.8669 0.8801 0.9086 0.9445 
01000000000001
00000000000000
00001000000000
00000000001000
00000000001000
00000000000000
00000000000000
00000000000000
00000100000000
10100000100000
00010000000100
00000010010000
00000001000000
01000000000000
00000000000000
01000000000000
00000000000000
00000000000000
00000010010000
00000000000010

//
segsites: 17
positions: 0.0048 0.0464 0.0551 0.0874 0.1973 0.2280 0.2853 0.3468 0.3480 0.3772 0.3909 0.4193 0.4980 0.5151 0.6353 0.9023 0.9412 
00000000001010010
00110000000000000
00100000000100000
00100000000100000
00100000010000000
00110000000000000
00100000000000100
00100100000100000
00101000110000000
00100000000000000
00000000001000000
00100000000100000
10100000000000001
00100010000001000
00100000000000000
01000000000000000
00100001000000000
00000000000000000
00100000000000000
00100000000000000

//
segsites: 14
positions: 0.0949 0.1242 0.2389 0.2666 0.3476 0.4201 0.4633 0.4875 0.5212 0.5663 0.6300 0.7099 0.9203 0.9764 
10001000000100
00000000100010
00000000000001
10001000000100
00000100001000
00000000000001
10011000010000
00000000000001
11001000000000
00000100001000
00000110000000
00000100000000
10101000000100
00000000000001
10001000000000
00000100000000
00000000000001
00000000000001
00000101000000
10001000000000

//
segsites: 12
positions: 0.1292 0.1379 0.1640 0.1857 0.2144 0.2425 0.3966 0.5139 0.5949 0.8448 0.8862 0.9367 
000000000000
110000000000
010000001000
000000000000
000001000000
001001000000
000011000000
000000000010
000000000000
000000100000
010000000000
000000000001
000000000100
010000000000
010000010000
000000000000
000100000000
000000000000
000000100000
010000000000

//
segsites: 13
positions: 0.0331 0.0949 0.1952 0.2115 0.2168 0.2728 0.2957 0.4107 0.6304 0.6575 0.6614 0.7203 0.7483 
0000000000010
0000000010000
0010000000001
0100000000000
0001000000010
0000000000000
0000000000000
1000110100000
0000001000000
0000000000000
0000000000000
0000000000100
1000000100000
1000000100000
0000000000000
0000000000000
1000000100000
0010000000000
0000000000000
1000000101000

//
segsites: 13
positions: 0.0018 0.0436 0.1037 0.1836 0.2751 0.3906 0.4067 0.5501 0.5527 0.6054 0.7420 0.7759 0.8379 
0000000000000
0000011000001
0000000000001
0000000000000
0000000000000
0000100000001
0000000000001
0000000000101
1000000000001
0000000000000
0000000000000
0100000000000
0001000010010
0000000000001
0000010000001
0000000000000
0000000100001
0010000000000
0000000000000
0000000001000

//
segsites: 12
positions: 0.0392 0.2054 0.2776 0.2970 0.4429 0.6009 0.6325 0.6973 0.7112 0.7208 0.7339 0.9539 
001000000001
001000000000
001000000001
001000000001
001000010000
001000000000
000000000000
001000000000
000001000010
000000000000
001000010000
001110000000
001000000000
011000000000
000000000010
001000101101
001110000000
100000000000
001000000000
001000010000

//
segsites: 12
positions: 0.0983 0.1366 0.1722 0.2452 0.3515 0.4900 0.7423 0.7559 0.7669 0.8363 0.8567 0.8704 
000000000000
011100001000
010100000000
000000000001
010100000000
000000000000
010000010000
010100000000
100000000000
010000000000
000010000000
000000000000
000000000000
000000000000
010100000000
010100100000
010100000000
010001000100
010100000000
000000000010

//
segsites: 12
positions: 0.1190 0.2232 0.2512 0.3129 0.3486 0.5633 0.6879 0.7549 0.7959 0.8896 0.9550 0.9772 
100000100000
000100000000
000000010000
000000001000
000010000000
000000000000
000001000000
000010000000
000001000000
001000000000
011000000000
000100000000
000000000100
000000000000
000000001001
001000000000
000001000000
000000000000
000000000010
000010000000

//
segsites: 6
positions: 0.0141 0.2381 0.3483 0.5469 0.7529 0.9750 
010000
000111
000000
000000
000000
000111
001000
000000
000000
000000
000000
100000
000000
000101
000000
000000
000100
000000
100000
000000

//
segsites: 8
positions: 0.0363 0.2310 0.2670 0.4240 0.6668 0.6914 0.7564 0.7906 
01001000
00000000
00000000
00000000
00001000
01001000
00010101
00001010
00100001
00001010
00000000
00000000
00000000
00000000
00000000
10000000
00000000
00000001
00000000
00000000

//
segsites: 9
positions: 0.0659 0.3752 0.5271 0.5644 0.6149 0.6982 0.7488 0.8850 0.9432 
000100110
000100110
000000000
010000000
000000010
001000000
001000000
000000010
000100010
100000010
000010001
000000000
010000000
010000000
000000000
000100110
000000010
100000010
000001000
000000010

//
segsites: 8
positions: 0.0145 0.0622 0.1512 0.3027 0.3613 0.8083 0.8389 0.8907 
10011000
00000001
10001000
10001000
10001000
00000000
00000100
00000000
10001000
00100001
00100001
11001000
00100001
10011000
00000000
00100001
00000000
10001000
00000010
11001000

//
segsites: 14
positions: 0.0241 0.0983 0.1129 0.1362 0.2124 0.2345 0.2581 0.3462 0.4898 0.5412 0.5663 0.6963 0.7674 0.8227 
00100001000001
00000010000000
00000010000000
00100001000001
00000010000000
00000010000000
01001010000000
00000010100100
00001010001000
00001010000000
00000010000000
00001010000010
10000010000000
00000010100100
00001010000000
00000010000000
00010010000000
00100101010001
00000010100100
00000010000000

//
segsites: 12
positions: 0.0822 0.0969 0.3516 0.5122 0.5558 0.6221 0.6499 0.6729 0.6854 0.8881 0.9401 0.9722 
100000000001
100000000000
100000000001
100000000000
100000000001
000010000000
100000000001
100000000001
100001000001
100100000001
100000000001
010010000000
001010001000
100001000001
100000010001
010010000000
000010000100
100000000010
000010000000
000010100000

//
segsites: 14
positions: 0.0310 0.0406 0.0588 0.0663 0.0982 0.1772 0.2516 0.3499 0.3671 0.4688 0.4768 0.4783 0.6720 0.9553 
00000001000000
00000000110000
00000000110000
00000000110000
01000000110010
00010000110010
00000001000000
01000000110010
00000001001000
00010000110010
10000000000000
00001001000001
00000011000100
00000100110010
00100000110000
00000000110000
00000000110000
00000100110010
00010000110010
00000000110000

//
segsites: 10
positions: 0.0598 0.0838 0.1450 0.2091 0.2745 0.2995 0.3576 0.6835 0.8989 0.9265 
1000000000
1000000000
1000000000
1000000000
1001011000
1000010000
1000000000
1000000000
1000100000
1000000000
1000011000
1000010000
0000000000
0000000000
1000010100
1000000000
1100000000
1000000011
1010000000
0000000000

//
segsites: 12
positions: 0.0695 0.0799 0.1012 0.1319 0.2466 0.4444 0.4565 0.5219 0.6654 0.7442 0.7971 0.8116 
000000010000
000000010000
100101001000
000101000000
000010100000
000010100000
000101000000
000101000000
001000000100
000101000000
000101000000
000101000000
000010100000
100101001000
100101001000
000000010010
000010100001
000101000000
010000010000
000101000000

//
segsites: 9
positions: 0.1582 0.2501 0.2813 0.4410 0.5054 0.5866 0.8562 0.8722 0.9944 
000000001
000000000
000000000
000101000
000000000
000000000
010010000
000000000
000000000
000000000
001000000
000000000
000000000
001000000
010000000
000000001
100000000
001000000
000000010
000000100

//
segsites: 9
positions: 0.0559 0.1016 0.1874 0.2765 0.6489 0.7794 0.8011 0.9063 0.9370 
010000000
000001000
000000000
100000000
100000000
000100000
100000000
010000000
100000000
100000000
100000000
100000000
100000000
100000000
000000011
010000100
100000000
100010000
000001000
101000000

//
segsites: 13
positions: 0.0871 0.3229 0.3312 0.4044 0.4860 0.5703 0.6118 0.8195 0.8572 0.8627 0.9096 0.9288 0.9989 
0000100010000
1000000000000
0000100010000
0100000100000
0000001100000
0101010100000
0000000010000
0000000011000
1000000000000
1000000000000
0010001100000
1000000000000
0000000010101
0000000100010
1000000000000
0000000100010
0000000100000
0000000100000
1000000000000
0000000100010

//
segsites: 14
positions: 0.0184 0.0275 0.0795 0.1273 0.1280 0.1500 0.1835 0.4447 0.5174 0.6894 0.7162 0.8072 0.8165 0.8663 
00000000000000
00000100000100
00000000100000
00000000000000
00100000000000
00000000000000
00000010010000
00000100000100
10010000000000
01000001001010
10010000000000
00100000000000
01000000001010
10011000000001
00000010010000
01000001001010
01000001001010
00000010010000
00000000000000
01000001001010

//
segsites: 14
positions: 0.0222 0.0239 0.1247 0.1530 0.1856 0.2106 0.2878 0.3655 0.4263 0.5994 0.6192 0.6280 0.6666 0.8071 
00000000000001
00000000100000
00010000000000
01100010000100
00000000000010
00000000001001
10000001000000
00001000100000
00000000000000
00100100010100
00000000000001
00100000010100
00000000000000
00000000000000
01100010000100
00100000010100
00000000000010
00000000000000
00000000100000
00000000100000

//
segsites: 18
positions: 0.1811 0.2499 0.2786 0.3405 0.4217 0.4668 0.5019 0.5165 0.5766 0.6833 0.7466 0.7642 0.7750 0.7936 0.8426 0.8529 0.9598 0.9939 
010000001010001000
010000000010100000
010000000010000000
010000000010000000
000000100000000000
010000001010001000
011001000010010000
010010000010000000
000000100000000100
100000100000000000
010000001010001000
010000000010000000
010001000010010000
010000001010001001
011001010010010000
010000000010000010
011001000010010000
010000000010000010
000100100101000000
010001000010010000

//
segsites: 6
positions: 0.0832 0.6130 0.6749 0.8040 0.8200 0.9439 
000000
000100
100100
000010
000100
000100
000100
000001
000000
011000
011000
000000
000001
000000
000000
000000
011000
000000
000000
000100

//
segsites: 17
positions: 0.0300 0.0448 0.0820 0.0954 0.1592 0.3296 0.4370 0.5120 0.5737 0.6311 0.6433 0.6459 0.6471 0.7757 0.7967 0.8460 0.8561 
00000010000000000
00010000000000000
00001000100000000
00000001001001000
10000001000001000
00000010000000000
00000010000000000
00000001000001100
01000010000000010
00000000000000000
00010000000000000
00000001000001000
00000001000001000
00000010000010000
00000001000001000
00000110000100000
00000010000000000
00000000000000000
00100000010000001
00000010000000000

//
segsites: 11
positions: 0.0976 0.1171 0.2278 0.4658 0.7062 0.7405 0.7516 0.9282 0.9700 0.9796 0.9850 
10000000000
00000000000
00100000100
00010000000
00000001001
00000001001
10000000000
00000001001
00000011010
00000001000
00000000000
00000001001
00001000000
00000000000
10000000000
00000001000
00000100000
10000000000
00000000000
01100000100

//
segsites: 10
positions: 0.0916 0.4569 0.5882 0.7391 0.7673 0.7907 0.8613 0.8634 0.8673 0.9954 
0000000000
1100000000
0000010000
0000000000
0000000010
0000000001
0000000010
0000100000
0000000000
0000000000
0000000000
0000000000
0000000000
0000000000
0001000000
0000000010
0000000000
0000000100
0000000010
0010001000

//
segsites: 12
positions: 0.0387 0.0682 0.1893 0.2355 0.3541 0.5228 0.6512 0.7036 0.7478 0.7538 0.7577 0.8649 
000000000000
001001000000
000000000001
010000000000
000000001000
001001000000
100000000000
000000011100
001001100000
100000000010
000000000000
001001000000
000100000000
001001000000
000000000000
001001000000
000000000000
000000001000
000010001000
000000000000

//
segsites: 16
positions: 0.0025 0.0837 0.1316 0.2834 0.3383 0.3975 0.4437 0.5281 0.5657 0.7911 0.8511 0.8890 0.9244 0.9301 0.9835 0.9952 
0000000000000000
0001000000100000
0000000000000000
0000000000000000
0000000000000000
0000000000000000
0000010000000001
0010000000000000
0000000000000000
1000000100001100
0000000100001100
0000101010000000
0000000001010000
1000000100001100
0100000000000010
0000000000000000
0000000000000000
0000101010000000
0100000000000000
0000000000000000

//
segsites: 11
positions: 0.0832 0.1304 0.4467 0.4815 0.5730 0.6753 0.6943 0.7491 0.8501 0.9227 0.9283 
00001000000
10001000000
00100010001
00001000000
00001000000
00100010010
00100010100
10001000000
10001000000
00001000000
10001000000
00001000000
10001000000
00001101000
00001000000
00011000000
00001000000
00100010010
00000010000
01100010000

//
segsites: 5
positions: 0.0444 0.2999 0.3420 0.4957 0.5957 
00000
00000
00000
00001
00000
00000
00000
00000
00000
00100
00000
00000
01000
00000
00000
10000
00010
00000
00000
00000

//
segsites: 5
positions: 0.2336 0.3975 0.4695 0.5823 0.7613 
00000
00000
00000
00000
01000
01000
00000
00100
00000
00001
00000
00000
00010
00000
00000
11000
00000
00000
01000
00000

//
segsites: 11
positions: 0.0808 0.0961 0.1587 0.1683 0.1889 0.2456 0.7291 0.7847 0.8801 0.9641 0.9894 
00000010000
10000000001
10010000001
00000100000
00000010000
00000010000
10000000001
10000001001
10000000001
00000000000
10000000001
00001000000
00100000000
00000010000
10000000001
10000000001
01001000110
00001000010
00000010000
00001000010

//
segsites: 10
positions: 0.0120 0.0736 0.1607 0.2791 0.2875 0.3819 0.4159 0.4980 0.8281 0.9018 
0000000000
0010000000
0010000000
0100000010
0000100000
0000000000
0000000000
0011000000
0000000001
0000000000
0000010100
0000000000
0011000000
0010001000
0000000001
0010000000
0000000000
0000000000
0100000010
1000000000

//
segsites: 11
positions: 0.1765 0.2303 0.2682 0.3873 0.4466 0.4674 0.5173 0.5997 0.6130 0.8714 0.8743 
01010000001
00000000001
00000000100
00000000000
01000000001
00000110000
00000000000
00001000001
01010000001
00000000001
00000000001
00100001000
00000000001
00000000011
10000000001
00000000000
00000000001
01010000001
00000000001
00000100000

//
segsites: 15
positions: 0.0564 0.1406 0.1680 0.1770 0.2250 0.2777 0.3002 0.3259 0.4305 0.4377 0.4541 0.7212 0.7439 0.7538 0.9304 
000000000000000
000000000000000
000001000100000
000000000010000
000000000000000
000000000000000
000000000010000
000001000000000
010000000010010
000000010011000
000000000010000
001000000000000
000000100010000
000000000000000
000000001000000
000001000100000
000000000000101
000100000000000
000011000100000
100000000000000

//
segsites: 11
positions: 0.0573 0.2026 0.2565 0.3157 0.3184 0.4747 0.4978 0.7168 0.8231 0.8497 0.9745 
00100000100
00000010000
01000000000
01000000000
00100000100
01000000000
00000000000
00000000000
00101000100
00000000000
00000000000
00000000000
00000101000
00000000001
00000000000
00000101000
00000000000
10101000100
00000101000
00110000110

//
segsites: 15
positions: 0.0423 0.1364 0.1510 0.1776 0.4109 0.4340 0.4353 0.4656 0.5644 0.5774 0.6240 0.7137 0.7284 0.7961 0.8357 
000000000000100
000100010000010
000100010000010
100100010000010
000000000001100
000100010000011
000100010000011
000000000001100
000000000101100
000100010000011
000000000000100
000100010000011
000010101000000
000010000000000
010101000000010
001000000101100
000100010000010
000010000000000
000100010000010
000100000010010

//
segsites: 9
positions: 0.1135 0.2979 0.3029 0.4814 0.4816 0.4978 0.5619 0.7391 0.9410 
100000000
100000000
100000000
001000000
100000000
100000110
100000000
110000001
100000000
100000000
110001000
110000000
100000000
100010000
000000000
100000010
100010000
100000000
100000000
100100010

//
segsites: 10
positions: 0.0938 0.2260 0.4598 0.5176 0.6245 0.6638 0.6825 0.8833 0.9272 0.9725 
0010010010
0001001000
0001001000
0010010110
0001001000
0001001000
0001001000
0001101000
0001101000
0010010010
0001001000
0110010011
0001001000
0010010010
0001001000
0001001000
1010010010
0001001000
0110010011
0010010010

//
segsites: 16
positions: 0.0108 0.0751 0.2127 0.4490 0.4587 0.5269 0.5724 0.6507 0.6873 0.7260 0.7555 0.7694 0.8243 0.8430 0.8911 0.9443 
0000000010000000
0000010000000000
0100010100000010
0000110000010000
0010000010000000
0000000000101000
0000000000101000
0000000000000001
0000010000000000
0000010000000000
0000011000000000
0000010000000000
0000000010000000
0001010000000000
0000000010000000
1000010001000000
0000000000101000
0000110000000100
1000010000000000
0000000000000000

//
segsites: 11
positions: 0.0224 0.1261 0.2704 0.4425 0.5546 0.5775 0.5786 0.5977 0.7220 0.7358 0.9890 
01000100000
00100010000
10000100000
00110000010
10000100000
10000100000
00000100000
00100000000
00001100100
00100000000
00110000010
10000100000
00000100000
00001100000
00000100000
00100000000
00001100000
00000100000
00000101001
00001100000

//
segsites: 7
positions: 0.0144 0.0821 0.3179 0.4305 0.4505 0.6021 0.6074 
0100100
0100000
0101000
0100000
1000000
0101000
1010000
1000010
1000000
0101000
0100000
1010000
0100000
1000000
1000000
0100000
0100001
0100000
1000000
1000000

//
segsites: 14
positions: 0.0191 0.0826 0.1112 0.1629 0.3446 0.4793 0.5222 0.5224 0.5895 0.6381 0.6921 0.7275 0.7910 0.9361 
00000000000000
10000000000001
00000000000000
00100000000000
00000000000001
00010010000000
00000000100000
00000000000010
00000000000000
00000000001001
00001000000100
00000000100000
00000000000000
00000000000001
00000001000000
10000000000001
00000100000001
00000000010000
01001000000100
00000000000000

//
segsites: 10
positions: 0.0045 0.0289 0.1216 0.1977 0.2227 0.2475 0.5082 0.5621 0.8053 0.9847 
0000000000
0000000000
0010000000
0000000000
0000100000
0000000000
0000011001
0000000000
0000010011
0000000100
0000000000
0001000000
0100000000
0000000000
0000010011
1000000000
0000000000
0000000000
0000000000
0000000000

//
segsites: 12
positions: 0.1399 0.2306 0.3321 0.3333 0.3988 0.4722 0.5233 0.5281 0.6323 0.7326 0.9394 0.9831 
000100000000
000000010000
000000000000
000000000000
010000001000
000000000010
001001000000
000000000000
000100000100
000000000000
100000000000
010000000000
001000100001
010000001000
001000100001
000000000000
001001000000
000010000000
001001000000
000100000100

//
segsites: 8
positions: 0.0498 0.0583 0.2303 0.3541 0.3572 0.6816 0.6867 0.7221 
00001000
00000000
00000000
00000000
00000000
00000010
00001000
00000001
00000010
00000000
00010100
00100000
00000000
00000000
01000000
00000010
00010100
10000000
00001000
00000010

//
segsites: 16
positions: 0.0909 0.2071 0.2480 0.4551 0.4828 0.5499 0.5690 0.6337 0.6953 0.7480 0.7725 0.8253 0.8929 0.9129 0.9258 0.9941 
0010000000000100
0110100000000100
0010001000000100
0010000000000100
1000010000000000
0000010000000000
0010000000000100
0010000000000100
0000010000000000
0000000001010000
0000010000000000
0010000000000101
0010000000000100
0011000000001100
0000000111010000
0000010000100000
0110100000000100
0010000000000100
0110100000000110
0000010000000000

//
segsites: 9
positions: 0.0651 0.1030 0.2700 0.3752 0.5061 0.5129 0.5883 0.7771 0.9054 
000100000
010001010
000001010
001001010
000001110
000001010
000001010
100000000
100000000
000001010
000001010
001001010
000001010
000011010
000001010
000001010
000001011
000001010
000001010
000000000

//
segsites: 13
positions: 0.0029 0.0407 0.1582 0.1857 0.2120 0.2665 0.2699 0.2900 0.4760 0.8133 0.8827 0.9577 0.9972 
0010000000000
0000010000001
0000010000001
0000000001000
0000100000000
1000000001000
0010000000000
0000000001000
0010001000010
0000000110000
0011000000000
0010000000100
0010000000000
0010000000000
0100000000000
0010000000000
0000000000000
0000000000000
0000000110000
0010000000010

//
segsites: 9
positions: 0.0610 0.0741 0.0806 0.2520 0.3220 0.5627 0.6059 0.6177 0.7164 
000010000
001001000
001100000
001000000
001000000
100000000
010000000
001000000
000000000
001100000
000000000
000000000
001000000
000000000
000000000
000000000
000000110
000000000
001100000
001100001

//
segsites: 13
positions: 0.0613 0.0727 0.1117 0.1140 0.1355 0.1506 0.6179 0.6234 0.6550 0.7926 0.8064 0.8327 0.8896 
0001000000000
0001000000000
0000000000000
1001000100000
0001000001000
0000000000000
0001000000010
0001000000000
1001000100000
0000000000000
1001000100000
0001011000101
0010000000000
0001000000000
0001000000000
0100000000000
0001100010000
0000000000000
0000000000000
0000000000000

//
segsites: 15
positions: 0.0657 0.1003 0.2188 0.2662 0.3153 0.3765 0.3842 0.5029 0.5614 0.6049 0.6073 0.6098 0.7154 0.8792 0.9203 
010001000111000
010000000101000
010000100101000
000000011000100
010001000101001
000000010000100
010100000101000
010000000101000
010100000101000
000000010000100
110000000101010
000000010000100
000000010000100
110000000101000
010000000101000
000010010000100
000000010000100
110000000101010
010001000101000
011001000101000

//
segsites: 9
positions: 0.0193 0.0666 0.4115 0.4708 0.5854 0.7046 0.8342 0.8417 0.9060 
010010000
000000000
100000000
000000000
000000000
000100000
000000100
000000000
000000000
000000000
000000001
001000000
000001000
000000000
000000000
000000000
000000010
000000001
000000100
000000000

//
segsites: 9
positions: 0.0721 0.0976 0.1186 0.1220 0.1413 0.2017 0.3752 0.7070 0.8688 
000000000
001001000
000010000
000000010
100100000
010001000
000000001
000000000
000000000
000010000
000000000
000000000
000000010
000001000
000000000
000000010
000000010
000000000
000000010
000000100

//
segsites: 10
positions: 0.0671 0.1828 0.2901 0.5093 0.5462 0.6994 0.7877 0.8012 0.8579 0.8679 
0010000000
0010000000
1000000000
0010010000
0001000000
0000000000
0010010001
0000000000
0010000010
0010001000
0110010000
0000100000
0010000100
0010001000
0010000100
0000000000
0001000000
0010000000
0110010000
0000000000

//
segsites: 8
positions: 0.0487 0.0830 0.1106 0.1677 0.6872 0.7486 0.8254 0.8807 
00000010
10000011
00000100
00000010
00000100
10000011
10000011
00000010
01011000
10000011
00000000
00000000
10000011
00000010
00100010
00000010
00000010
00000010
00100010
00000100

//
segsites: 12
positions: 0.2485 0.4366 0.4609 0.4753 0.5145 0.5270 0.6208 0.6261 0.6820 0.8934 0.9309 0.9653 
000000010000
000000000010
000000001000
000000000000
000000000000
000000000010
000000000000
000001000000
000000001000
000010000010
000000100000
000000000000
000000000010
000000000000
000000001000
101000000000
000000000001
000100000000
000000000000
010100000100

//
segsites: 17
positions: 0.0060 0.0217 0.0872 0.1294 0.1326 0.1801 0.2537 0.3206 0.5070 0.6897 0.7080 0.7969 0.8676 0.8841 0.8930 0.9710 0.9920 
00000100000000000
00000100000000000
00000000001001010
01100110000010000
00000000000001101
00000000000001010
00000100100010000
00000100000100000
00000100000000000
00000000000001101
00100100000010000
00000100000000000
00000101000000000
10000000000000000
00100100000010000
00000000000001010
00000100110010000
00101100000010000
00100100000010000
00010000000000000

//
segsites: 6
positions: 0.1484 0.4004 0.4370 0.4533 0.5792 0.8948 
000000
000000
000000
100000
000100
001000
000000
000000
000000
000000
000001
000000
000010
000000
000000
000000
000000
010000
000000
000000

//
segsites: 9
positions: 0.0431 0.2197 0.2354 0.3691 0.6023 0.6464 0.6497 0.8577 0.9565 
001000001
000000010
110000000
000000000
110001000
001000001
110001000
000000010
000100000
000000010
000010000
000000000
000000010
000000000
110001000
000100000
000000000
000000000
000010100
000010000

//
segsites: 18
positions: 0.0676 0.0721 0.1310 0.1686 0.2224 0.3083 0.3112 0.4053 0.4168 0.4244 0.4308 0.5634 0.6036 0.7566 0.8758 0.8791 0.9412 0.9670 
000000000010001001
000000001010001001
000000000010001001
100010000001010000
000000000110001001
011000100001010000
000000000010001101
000100000110001001
000000001010001001
000000000010001001
000000000010001001
000000000110001001
000000000010001001
000000000010001001
011000100001010000
100000000001010000
011001000001010000
100000000001010000
000000010010001001
000000010010101011

//
segsites: 10
positions: 0.0767 0.1794 0.5127 0.5499 0.6383 0.6474 0.6735 0.7663 0.8316 0.9203 
0010000000
0000000000
0000000000
0000000000
0001001100
0000000000
0001000000
0000000000
0001101000
0000000000
0000010000
0000000001
0000000000
0100000000
0001001100
1000000000
0000000011
0001000000
0001101000
0000000000

//
segsites: 10
positions: 0.0537 0.1026 0.1316 0.1778 0.2002 0.5212 0.8585 0.8834 0.9160 0.9283 
0010001001
0000000010
0010000000
0000000100
0000000000
0000010000
0000000000
0000000000
0000000000
0000000000
0010000000
0000010000
0010000000
0010001000
0100000000
0000000000
0011001001
0000000010
0000110000
1000010000

//
segsites: 16
positions: 0.1174 0.2384 0.2994 0.3051 0.3757 0.5701 0.6341 0.6521 0.6651 0.6967 0.7044 0.7614 0.7738 0.8177 0.9563 0.9752 
0000010000000000
0000011000001000
0000011000001000
0000010000000100
1001000000000010
1001000000000010
0000011000101000
0000011000011000
0000010000000100
1001000000000010
0000010000000000
0000010000000000
0100110011000000
0000010000000100
0000010000000000
0000010100000001
0010010000000000
0000010000000000
0000011000011000
0000010000000100
