./ms 20 1 -t 20 -G 59.91465 -eG 0.05 0 
49540 25899 997

//
segsites: 8
positions: 0.0698 0.2135 0.2508 0.3092 0.4704 0.5537 0.6166 0.7341 
00000010
00100000
00000100
00000000
01000000
10000000
00000000
00000000
00000000
00001000
00000000
00001000
00010001
00000100
00000000
00000000
00000010
00000000
00000100
00000000

//
segsites: 6
positions: 0.0492 0.1928 0.2181 0.6210 0.7120 0.8856 
000000
000100
000000
000000
000000
011010
000000
000000
000000
100000
000000
000000
000000
000000
100000
000001
000100
000000
000000
000000

//
segsites: 15
positions: 0.2612 0.3298 0.3590 0.4704 0.5093 0.5206 0.5311 0.6170 0.7063 0.7075 0.7420 0.8007 0.9260 0.9305 0.9535 
000000000000000
000000000000000
100000000000000
000100100000000
000000000000000
010001001100000
000010000010000
010000001000010
000010000000000
000010000010000
000000000000001
010001001100000
010000001000000
000000000000100
000000000001000
100000000000000
000000000000000
000010000010000
001000010000000
000000000000000

//
segsites: 16
positions: 0.0124 0.0461 0.1853 0.1984 0.3713 0.3903 0.4056 0.4226 0.4819 0.4990 0.6001 0.6445 0.7136 0.7517 0.8183 0.9946 
0000000001100000
0000110010010000
0000000001000000
0000110000010010
1000110000010000
0000001001000000
1000110000010000
0000100000011000
0000001001000000
0000000001000000
1000110000010100
0000000001000000
0000000101100000
0000000001100000
0000100000011000
0000000001000000
0010110000010000
0101110000010000
0100110000010000
0000110000010001

//
segsites: 12
positions: 0.0721 0.2271 0.2617 0.3218 0.3918 0.4690 0.5444 0.5795 0.8953 0.9045 0.9882 0.9964 
000000000000
000000011000
000011001000
000000001000
000000001000
000000000110
000000000010
000000001000
000000000010
000000001000
000000001000
011000000000
000100101000
000000001000
000000001000
000000000000
000000001000
000000000000
100000001000
000000001001

//
segsites: 9
positions: 0.0940 0.2115 0.2574 0.4330 0.4371 0.4889 0.5233 0.5904 0.9385 
000000000
100000010
000000000
000000001
000100000
000000000
100000000
000000001
100000010
000001000
000000001
000000000
000000000
000000000
100000000
000010100
100000000
000000000
000000001
011000000

//
segsites: 6
positions: 0.0003 0.0667 0.6568 0.7370 0.7987 0.9102 
000010
001000
000000
000000
010000
001000
100000
100000
000000
000001
010100
001000
001000
001000
100000
001000
100000
001000
001000
001000

//
segsites: 9
positions: 0.2526 0.3144 0.4357 0.5336 0.5811 0.6628 0.6821 0.6851 0.7521 
000001000
000000010
000001000
000000010
000001000
000010001
000001100
001010001
000010001
000000010
000000000
000010001
000001000
100001000
010000000
000000000
000100000
000000010
000001100
100001000

//
segsites: 16
positions: 0.0284 0.0940 0.0987 0.1136 0.1344 0.2368 0.3192 0.3525 0.3557 0.5892 0.6346 0.6762 0.7251 0.8619 0.9319 0.9440 
0000000001000000
0000000000100000
1000000100000111
0000000000001000
0010100000000000
0000010000010000
0010000000000000
0000000000000000
0000001000000000
0000000000000000
0000000000000000
0000000000000000
0000000000001000
0010000010000000
0010000000000000
0100000000000000
0000000000000000
0000000000000000
0000000000000000
0001000000000110

//
segsites: 18
positions: 0.0106 0.0431 0.1234 0.1580 0.2087 0.2684 0.3175 0.3408 0.3426 0.4478 0.4889 0.5129 0.5466 0.5982 0.7161 0.7369 0.8115 0.9234 
100000001000000000
000001000000010001
001000010000001000
001010000000001000
000100000001000000
100000001000000000
000000000011000000
000100000001000000
000000000001000100
000000000001000000
001000000000001010
010000000000100000
100000001000000000
000000000001000000
100000001100000000
000000000000000000
000000000001000000
000000000001000000
001000000000001000
000000100001000000

//
segsites: 14
positions: 0.0622 0.1077 0.1217 0.2545 0.2920 0.3091 0.4435 0.4503 0.6459 0.6935 0.7656 0.7669 0.8840 0.9957 
00100100011000
00000000000100
00000100001000
00100100011000
00010100000010
00000100101000
00000001000100
00100100001000
00100100011000
00010100000010
00000001000100
00010100000010
00100100011000
00000100000000
00000100000000
01100100001001
00000001000100
10000010000100
10000010000100
00001001000100

//
segsites: 16
positions: 0.0536 0.2145 0.2676 0.3420 0.3448 0.4411 0.4945 0.5455 0.6469 0.6528 0.6594 0.7389 0.7413 0.8259 0.8693 0.9663 
0100110100010000
0001000000000000
0100100100010000
0000100100010100
0000100100011000
0100100100010000
0000100100010000
0001000001100001
0000100100010100
0000100100010000
1010100100010010
0001000000000000
0001000000100001
0001000000000000
0100100100010000
0100100110010000
0100101100010000
0000100100010100
0100100100010000
0100100100010000

//
segsites: 14
positions: 0.0365 0.0395 0.1014 0.2277 0.2294 0.2683 0.4218 0.4336 0.5869 0.6220 0.6626 0.6793 0.9520 0.9701 
00101100000000
10101000000000
01001000000000
00001000000000
00000000000000
00101001000000
00000000010000
10101000000000
00001000000000
01001000000000
01001000000000
00101100000000
00000000000001
00000000010000
10101000000000
00001010000100
00001000000000
00011000000000
00101001000000
00000000101010

//
segsites: 16
positions: 0.0865 0.0869 0.1652 0.3094 0.3231 0.3243 0.3363 0.3776 0.3790 0.4292 0.6167 0.6255 0.6652 0.7286 0.9024 0.9335 
0000000110000010
0000000010000100
0001100001011001
0000000010000000
0000000010000000
0000000010000000
0010000010000000
0010000010000000
0000000010000000
0001110000000001
0000001010000000
0010000010000000
0000000010000000
0000000010000000
0010000010000000
0000000010000000
1100000010100000
0010000010000000
0001110000000001
0000000010000000

//
segsites: 9
positions: 0.0088 0.0616 0.1940 0.2273 0.4728 0.4766 0.8856 0.8961 0.9425 
000000001
000010000
000010000
000001001
000001001
000001001
000000001
000000000
000000001
000001001
010000000
000000001
000001001
000100001
001000000
000000101
100000000
000000010
000000000
000000001

//
segsites: 13
positions: 0.0517 0.0846 0.2113 0.2203 0.2614 0.5017 0.5025 0.5044 0.5408 0.6262 0.6323 0.8173 0.8565 
0000000100010
0000000001000
0100000000001
0000000001000
0000000001000
1000000000000
0000000001000
0010000001000
0001001010000
0000100000000
0000000000000
0001001000000
0001000000000
0100010000000
0100000000000
0000000000000
0100000000000
0000000000100
0000000000000
0000000001000

//
segsites: 10
positions: 0.0472 0.1417 0.1930 0.2715 0.3097 0.3791 0.6494 0.8303 0.8820 0.9454 
0000100000
0000000001
0000000000
0000011000
0000011100
0000011000
0000011000
1001000000
0000011000
0000000000
0000011000
0010011000
0100001000
1001000000
0000011000
0000011000
0000011100
0000011000
0000011010
0000000000

//
segsites: 13
positions: 0.1174 0.1231 0.2586 0.2622 0.2657 0.3094 0.4731 0.5212 0.6944 0.7846 0.8972 0.9197 0.9376 
0000100100000
0000000100000
1010000100000
0100000100000
0001010000010
0000000111000
0000000100000
0000000100000
0000000100001
0000000100000
0000000100000
0000010000010
0000000100000
0000000100000
0000000101000
0000000100100
0000000100000
0000000101000
0000000101000
0000001101000

//
segsites: 11
positions: 0.2205 0.2537 0.3400 0.4047 0.5322 0.5971 0.6695 0.7175 0.7534 0.7968 0.8270 
00000000000
00101010000
00000000010
00010000000
00000000000
00000000000
00000000000
00000000000
00000000000
01000000000
00000000000
00000100101
00000000000
00000000000
00000000000
00000000000
00000000000
10000001000
10000001000
00000000000

//
segsites: 9
positions: 0.1707 0.2153 0.2519 0.4246 0.5511 0.7194 0.7290 0.9398 0.9997 
000000000
110001000
000000000
000000010
001000000
000100100
000000011
000010000
000000000
000000000
010000000
000000000
000000000
000000000
000000000
000000000
000000000
000000000
000000011
000000011

//
segsites: 9
positions: 0.0197 0.3386 0.3716 0.4489 0.6172 0.6211 0.6918 0.7375 0.9196 
011000000
011000001
101000010
011000000
011000000
101100000
011000001
000000000
101000000
101000000
011000000
011000001
101001000
000000000
101001000
011000000
101000000
011000000
011000100
011010000

//
segsites: 10
positions: 0.1553 0.1666 0.2008 0.6867 0.7820 0.8044 0.8759 0.9576 0.9689 0.9815 
0000000000
0010000010
0000000000
0000000000
0100000100
0010000000
0000010000
0000000000
0000000000
0000000000
1000001000
0000000000
0000000000
0000000000
0000000000
0000000000
0000000000
0001000000
0000000000
0000100001

//
segsites: 16
positions: 0.1392 0.1866 0.2352 0.3024 0.3128 0.3214 0.4233 0.6437 0.6497 0.7284 0.7285 0.7763 0.8206 0.8683 0.8762 0.8881 
0100001100000000
1000001000000000
0010000000000000
0000000000000010
0000000000010010
0001000000000000
0000000000000010
0000001000000000
0000000000000100
0000100000100000
0000000000000000
0000000000000010
1000001000000000
0000000000000000
0000010000000000
0000000000001001
0000000000000010
0000000010000000
0000000000000010
0000000001000000

//
segsites: 18
positions: 0.1155 0.1418 0.1879 0.2714 0.3181 0.3310 0.3556 0.4059 0.4091 0.4469 0.4593 0.5113 0.5556 0.6555 0.7447 0.7908 0.9566 0.9901 
000000000000000000
000001000001000000
000000100100100100
000000000000000100
000000000100001100
010000000010000100
000100000100000100
000000010000010110
100000000000000100
000000000100000100
000000000100000100
000011000001000000
000001000001000000
000000001100000100
000000000100000100
000100000100000100
000001000000000001
000001000001000000
001001000000000000
000100000100000100

//
segsites: 11
positions: 0.1173 0.1382 0.1814 0.3253 0.4282 0.4656 0.8156 0.9355 0.9717 0.9791 0.9950 
00000101000
01000000010
00000010000
00000101000
00000001000
00000000000
01000000010
00100000000
00000101000
10100000000
00010000000
00100000000
00001000100
00001000100
00000000000
00100000000
00000001000
00000001001
00100000000
00000000000

//
segsites: 14
positions: 0.1455 0.2197 0.3512 0.4025 0.5318 0.5435 0.5726 0.5940 0.7307 0.8337 0.8514 0.8615 0.8733 0.8934 
00100000000000
00010000000000
00000000000010
00010000100000
00010000000000
00010000000000
00101000000000
00100000000000
00100100000100
01000000001000
00101000000000
00000001010000
00010000000000
01000000001001
00000000000000
00100000000000
00100000000000
10100000000000
00000011010000
00101000000000

//
segsites: 13
positions: 0.0259 0.1211 0.2420 0.2664 0.4521 0.4843 0.4856 0.5336 0.5431 0.5884 0.8219 0.8611 0.9214 
0000001000000
0000101000000
0010001000000
0100000010000
0100000010000
0100000010010
0000001000000
0000001000000
0000001000100
0000001000000
0000001000000
0000000101000
0000001000000
0000011000000
0000001000000
1000001000000
0000000101000
0100000010001
0000101000000
0001001000000

//
segsites: 12
positions: 0.1293 0.3338 0.4284 0.4664 0.5383 0.6002 0.6544 0.7398 0.7995 0.8016 0.9523 0.9669 
001000000000
100000001000
100000011000
001000000100
100010111000
110000001000
000001000000
001000000000
100000011000
001000000000
001000000001
100000111000
001000000000
000100000010
100000001000
100000011000
110000001000
100000001000
000000000000
001000000000

//
segsites: 12
positions: 0.0078 0.0530 0.1091 0.2280 0.3137 0.3387 0.4020 0.5493 0.6185 0.7502 0.8969 0.9374 
001000000001
000111000000
100000100000
000000000000
000000000000
100000100000
001000000001
100000110000
100000100100
100000100000
100000100100
100000100000
000000000000
100000110000
010000001010
001000000001
100000100000
100000110000
010000001010
001000000001

//
segsites: 17
positions: 0.0613 0.0645 0.1171 0.1512 0.2009 0.4716 0.5274 0.5413 0.5512 0.6188 0.6725 0.7224 0.7707 0.9259 0.9372 0.9518 0.9705 
00100000000000000
00000000000001000
00001000000000000
10000000000000000
00100000101000100
00000000000000000
00000000000001000
00010010010010000
00000000000100000
00100001000000100
01000000000000000
00100000000000000
00001000000000001
00000000000001000
00100000000000100
00000000000000010
01000000000000000
00100000000000000
00001100000000000
00000000000000000

//
segsites: 17
positions: 0.0316 0.0702 0.1082 0.1524 0.1963 0.2740 0.3283 0.4482 0.5062 0.5403 0.5525 0.6876 0.8356 0.8375 0.9413 0.9589 0.9731 
00000000001100100
00011010010000000
00000000001100000
00000000001100000
00000000001100000
00000100001100000
00011000010000000
10000000101110000
00000000001100010
00000001001100010
00011010010000000
00011000010000000
00000000001100000
01011000010001001
00000000001100010
00000000001100010
01111000010001001
00011000010000000
01011000010001001
00011000010000000

//
segsites: 10
positions: 0.2062 0.3063 0.5078 0.5519 0.5973 0.6253 0.7806 0.8102 0.8627 0.8984 
0010000000
0000000000
0110000100
0000000010
0011000000
0000000000
0010000000
0010000000
0000000000
0010000000
0000000000
1010001001
1010000001
0010000000
0000000000
0000000000
0010000000
0000000000
0010000000
0010110000

//
segsites: 19
positions: 0.0137 0.0146 0.0261 0.1346 0.2939 0.2965 0.5247 0.5645 0.5925 0.6206 0.6328 0.6614 0.6657 0.7418 0.7721 0.8122 0.9509 0.9529 0.9803 
0000000000000000000
0001010000000000000
0000000000000010000
0000000000011000100
0000000000000100000
0010000000000000000
0000000000000000000
0000000100000000000
0000000000000100000
0000000000000000000
0100000010100000000
0000000000000001000
1000000001000000000
0100001000100000000
0000000000000000000
0000100000000000100
0000000000000001000
0000000000000000010
0000000000000000000
0000000000000000001

//
segsites: 11
positions: 0.0450 0.0752 0.1447 0.2040 0.2135 0.2937 0.3790 0.6462 0.7218 0.8663 0.9309 
00000100000
00000000000
00000000001
00000000000
01000001000
00000000000
00000000000
00010010000
00000000000
00000000000
00100000000
00010010000
00000000000
00100000010
00001000001
00100000100
00010000000
10100000000
00000000000
00010010000

//
segsites: 9
positions: 0.1191 0.1551 0.2622 0.2939 0.3491 0.5161 0.6150 0.7716 0.7853 
000000000
000000011
000000001
000100000
000000000
001000000
010000000
000000000
100000001
000000000
000000000
000000001
000000000
000000000
000010000
000001000
000000000
000000000
000000001
000000100

//
segsites: 14
positions: 0.0640 0.3012 0.3286 0.3581 0.3594 0.3812 0.4705 0.4849 0.4906 0.5058 0.6902 0.7660 0.8572 0.9310 
10010000001000
10010000101000
10010010011000
10010011011000
10010000001000
10010000001100
10010010011000
10010000001000
10010000101000
11010010011000
00101100000000
00001100000001
11010010011010
10010010011000
00001100000000
10010000001000
10010010011000
00101100000000
10010010011000
10010010011000

//
segsites: 7
positions: 0.1082 0.2521 0.3872 0.4889 0.5541 0.6613 0.9564 
0010000
0000010
0010001
0010000
0010000
0010000
0010000
0000000
1010000
0110000
0010000
0010000
0011001
0010100
0010000
0010000
0000000
0010001
0010000
0010001

//
segsites: 21
positions: 0.0345 0.1347 0.1891 0.2529 0.2541 0.2713 0.3071 0.3137 0.3361 0.3923 0.4094 0.4536 0.4606 0.5425 0.5487 0.5821 0.5864 0.7357 0.8431 0.8502 0.8696 
001000000000000000000
000000000011000000001
000000000000000001000
000000000011000000001
000100000000101000000
010000000000000000100
000000000000000011010
000011000100000100000
000000000010000000000
000000000000000001000
010000000000000000100
010000000000000000100
000000000000000001000
000100000000010000000
000000000000000001000
010000000000000000100
000100000000101000000
000100110000010000000
001000001000000000000
100011000100000100000

//
segsites: 11
positions: 0.1230 0.1288 0.1905 0.1977 0.2207 0.2925 0.4796 0.5017 0.9183 0.9937 0.9997 
00001000010
00001000010
00001000010
00001000010
00001001000
00110000000
00001000010
00001000010
00001000000
10000000000
00001000001
00001000100
00001001000
00001000010
00001100000
00001000010
00001010000
01001000010
00001000010
00001000000

//
segsites: 15
positions: 0.0772 0.1396 0.2090 0.2558 0.2629 0.3443 0.3874 0.3894 0.4277 0.4483 0.4598 0.5135 0.6080 0.6160 0.8591 
100000001000000
000000000000000
000000000000000
000000000000000
000000000000000
000000110100000
000000000000000
001000000000000
000000000000000
000100000000000
000000000000001
000000000001000
000000000000000
000001000000000
000010000000000
000000000000100
010000000110000
000000000000000
000000000000010
000000000000000

//
segsites: 10
positions: 0.0846 0.2732 0.3666 0.3682 0.5408 0.6484 0.7144 0.9348 0.9835 0.9846 
0000000000
0000000000
0000001000
0000010000
0000000000
0000100001
0010000000
0000000000
0000100000
0000000000
1000100000
0000000100
0001000000
0000100000
0000000000
0000001000
0010000000
0000000000
0000001010
0100000000

//
segsites: 15
positions: 0.0057 0.0402 0.2832 0.3444 0.4343 0.5716 0.5884 0.5946 0.6940 0.7691 0.7804 0.8253 0.8278 0.8720 0.9971 
000000000010000
000000000010000
000000000010000
000010000010000
000000000010000
000010000010000
000000110000100
000100000110001
000100000110001
000100000110001
100000000010000
000000000010000
000000000011000
000010000010000
000000000010000
000000000010000
000010000010000
001001000000110
000000000000100
010000001000100

//
segsites: 16
positions: 0.0294 0.0670 0.0865 0.0877 0.1370 0.2604 0.3408 0.4328 0.6144 0.6547 0.6823 0.7811 0.7968 0.8263 0.8626 0.8947 
0000001001001001
0000000010010000
0000001001001001
0000100010010000
0000000010010000
0000000010110000
0000000010010000
0000000010010000
0000001001001001
0000000010010100
0000000010010000
0010000010010000
0100000010010000
0000010110010010
0000000010010010
0000000010010000
0000001001001001
1000000010010000
0001000001001001
0001000001001001

//
segsites: 11
positions: 0.0002 0.2160 0.2270 0.4188 0.5399 0.7130 0.8314 0.8332 0.8404 0.8880 0.9928 
00000000100
00000000100
10000000001
10000100000
10000000000
10001000000
00010011010
11001000000
10100000000
10000000000
10001000000
10001000000
00010010010
10000000001
10000000000
10000000000
00010010010
00010010010
10000000000
10000000000

//
segsites: 17
positions: 0.0094 0.0282 0.2690 0.2956 0.3095 0.3227 0.3627 0.5132 0.5162 0.5205 0.6024 0.6752 0.8047 0.8617 0.8917 0.9059 0.9801 
00010000000100001
01010000000000001
00010100000000001
01010000000000001
00010000000100001
00110000010010001
10010000001000001
00010000000100001
00010000000100001
10010000000000101
00010000000001001
00001010100000000
00010000000100001
00010000000100001
00010000000100001
00010000000000001
00010000000100001
00010000000000011
00010001000000011
00010000000100001

//
segsites: 11
positions: 0.0994 0.2878 0.4048 0.4855 0.5736 0.6067 0.6621 0.6711 0.7600 0.7833 0.9417 
00000000000
00010000000
00100101000
00000000000
00000000000
00000000000
00000000100
01000000000
10001000000
00000000000
00000000000
00000000100
00000000000
00000000100
00000000000
00000000001
00000000000
00000000010
00010010000
00000000000

//
segsites: 9
positions: 0.0602 0.0947 0.1383 0.2964 0.4616 0.5207 0.6005 0.6627 0.9369 
000000100
000000100
000000010
000001000
001010101
000000000
000000000
000000000
000010101
000100000
000010101
000000000
000001000
010001000
100001000
000000000
000010101
000001000
000001000
000001000

//
segsites: 9
positions: 0.1014 0.3638 0.3688 0.3856 0.6951 0.7009 0.7332 0.8463 0.8665 
000000000
000000000
000000000
100101000
001000000
000000000
000000001
001000000
000000000
100000000
100101000
000000000
000000000
000000000
001000000
100101000
000000100
000010000
110101000
000000010

//
segsites: 8
positions: 0.1247 0.1889 0.2800 0.2854 0.3156 0.4144 0.5568 0.7388 
00000000
00000000
00000000
00000000
00000000
00001000
00000000
01000001
00000000
00100000
00000000
00000010
00000000
00000000
10000000
00000000
00000000
00010100
00000000
00000000

//
segsites: 10
positions: 0.2609 0.3333 0.3657 0.4222 0.4699 0.6401 0.6531 0.6991 0.7276 0.8205 
0000100000
0000000000
0000000000
1000100000
0000000000
0100000000
0000010000
0000100000
0000000000
0000001000
0100000000
0000000000
0000100001
0000000000
0000100001
0101000000
0010100000
0000000010
0000000000
0000100100

//
segsites: 15
positions: 0.0289 0.2150 0.2402 0.3380 0.3620 0.4158 0.4166 0.4467 0.4494 0.4838 0.4882 0.5201 0.5289 0.7019 0.8382 
000000000000000
000000000000000
000000000001000
000000001001000
000000010010000
000000000001000
000100000100000
000000000000000
001001000001010
000000000000000
000000000000000
100000010010000
000000000000000
000000000001000
100000010010000
010110100100100
000000000001000
000000000000000
000000010010000
000000000001001

//
segsites: 12
positions: 0.0998 0.1312 0.1674 0.1790 0.2294 0.4610 0.4646 0.5118 0.6630 0.8351 0.9675 0.9836 
000000000000
000000001000
000000001000
000000000000
100000000100
000000000010
000011000000
000000000000
100000010000
000000001000
000000001000
000000101000
000000000000
100000000000
010000000000
000100000001
000001000000
101000000000
000000000000
000011000000

//
segsites: 11
positions: 0.1220 0.1270 0.2124 0.2157 0.2298 0.2697 0.3236 0.5368 0.6280 0.6524 0.7876 
00000000000
00000000001
00001000000
00000000010
00000000000
00000000001
00000000010
10000000000
00000000000
00001000000
00000000000
00010000100
00000000000
00000110000
00000000001
01000110000
00000001000
00100000000
00000000000
00000000000

//
segsites: 14
positions: 0.0431 0.0743 0.0915 0.1273 0.1919 0.2231 0.2335 0.4448 0.4758 0.5509 0.5977 0.6609 0.6978 0.9269 
00100000001101
00101000001101
10000000000010
00000000001000
00000001101000
00000000001000
00000000001000
10010000000000
10000000000000
01000000011000
10000000000000
00000000001000
00000000001000
10000000000010
10000000000000
00101000001101
00000000001000
00000110001100
00100000001101
00100000001101

//
segsites: 10
positions: 0.0937 0.2076 0.2606 0.3165 0.3372 0.6040 0.8650 0.9528 0.9682 0.9920 
0001001000
0000000000
0000000000
0000100001
0000000000
0000000000
0000000010
0000000000
0000000000
0100100000
0000010000
0000100000
0000000010
0000100000
0001000000
0000000000
1000000010
0000000010
0000100000
0010000100

//
segsites: 16
positions: 0.1060 0.2067 0.2406 0.2847 0.3223 0.3523 0.3733 0.4029 0.6367 0.7659 0.7803 0.8230 0.8620 0.8701 0.9182 0.9576 
0000000000000010
0010000000100000
0000000000000010
0000000011000010
0001001000001001
0010000000100000
1010000000100000
0001001000001001
0000000000000010
0010010000100000
0000000000000010
0000000011000010
0000000100000010
0000100000000010
0000000000000000
0000000000000010
0100000000000010
0000100000000010
0010000000110100
0000000000000000

//
segsites: 10
positions: 0.1181 0.1216 0.1725 0.1852 0.2078 0.4858 0.8536 0.9156 0.9279 0.9648 
0000000000
1001100000
0001000000
0000000000
1001000000
0001000000
0000000000
1001000000
0000000000
0000000000
0000000001
1001000000
0101010000
0000000000
0000000000
0000000000
0000000000
0000000010
0010000100
0000001000

//
segsites: 13
positions: 0.0647 0.0685 0.1258 0.1389 0.2903 0.3642 0.6049 0.6867 0.8596 0.8715 0.8901 0.9267 0.9928 
0000000000000
0000000000010
0100011000000
0000011010000
0000011000000
0000000001000
0000011010000
0000011000000
1000000000010
0000011000000
0000011000000
0000000000100
0000000000010
0000111000000
0011011000000
0000011000000
0000011000000
0000011100001
0000011000000
0000011000000

//
segsites: 12
positions: 0.2798 0.3452 0.4080 0.4612 0.4880 0.5576 0.5901 0.6173 0.6561 0.6783 0.8443 0.9197 
000000000000
000010000000
000000000000
000000010001
000000000110
000000000000
000000000000
000000000000
111100000000
000001000000
000000100000
000000000000
000000000110
000000000000
000000010001
000000001100
000000000000
000000000000
000000000000
000000000000

//
segsites: 13
positions: 0.0670 0.1185 0.1634 0.1767 0.2151 0.3013 0.3282 0.3765 0.4910 0.5397 0.6546 0.8784 0.9588 
0100000110110
0000101000000
0000001000000
0000000000000
0000000000000
0000000000000
0000000000000
0000000000000
0000000000000
0000000000000
1000000000000
0100000110110
0000000000100
0001001001001
0000010000000
0000000000000
0000000000000
0000000000100
0000000000000
0010000000000

//
segsites: 9
positions: 0.2726 0.3019 0.3668 0.4309 0.4766 0.5000 0.5837 0.7065 0.8304 
000000000
000000000
010010000
001001000
000000000
000000000
000101000
000000100
000000000
000001000
100000000
000000100
000001000
000000010
000001000
000001000
000000000
000000001
100000000
000001000

//
segsites: 17
positions: 0.0482 0.0688 0.0831 0.0999 0.2549 0.3204 0.4353 0.4510 0.5412 0.5946 0.6384 0.6416 0.6550 0.6607 0.6663 0.7476 0.8651 
00100011110000000
00000000000110101
00000000000010101
00100010110000000
00100010110001000
00000000000010101
10100010110000000
00100010110000000
00100010110000000
01000000001010101
00000100000010101
01000000001010101
00000000000110101
00100010110000000
01000000001010111
00000000000110101
01000000001010111
00100011110000000
00100010110000000
10111010110000000

//
segsites: 13
positions: 0.0723 0.1312 0.3142 0.3294 0.3579 0.4058 0.5328 0.5890 0.6687 0.7524 0.8242 0.8370 0.9806 
1110000110000
0000000000011
0010000010000
0000100001000
0000010000101
0000010000101
0000000000001
0001010000001
0000000000001
0000000000001
0000101001000
0010000010000
0000100001000
0000100001000
0000000000001
0000000000001
0000000000001
0000100001000
0000000000001
0000000000001

//
segsites: 11
positions: 0.0565 0.2445 0.2467 0.2919 0.3472 0.4191 0.6646 0.6646 0.7622 0.8997 0.9809 
10100000000
00000000000
00000100000
00000000000
00000000000
00000010000
00000000000
00000000100
00000000010
00000000000
00000001000
00000000000
01010000001
00011000001
00000000000
00000000000
01010000001
00000000000
00000000000
00000000000

//
segsites: 13
positions: 0.0886 0.3523 0.3838 0.4017 0.4231 0.4448 0.4651 0.5882 0.6208 0.7783 0.8335 0.9123 0.9633 
0001010000000
0010000000000
0000000100001
0000000000000
0000010000000
1000000000100
0000100000000
0000000000000
0010000000000
0010000000000
1000000000100
1000000000100
0000011000000
0010000000000
0000010000000
0110000001000
1000000000010
0000000000000
1000000010010
1000000000100

//
segsites: 14
positions: 0.0480 0.0660 0.1067 0.1851 0.2350 0.2700 0.2793 0.3063 0.3317 0.3961 0.5205 0.7405 0.8393 0.9943 
00001000000000
00001000010000
00010000000000
00010000001000
00001000000000
00001000000000
00010000000000
00010000000000
00110000000101
00010000100000
10010000000000
01010000000010
00001000000000
00010000000000
00010010000000
00001000000000
00010100000010
00010001000000
00001000000000
00001000000000

//
segsites: 6
positions: 0.2611 0.3599 0.5655 0.5827 0.7828 0.9247 
000110
000000
000000
000100
000100
000001
000000
000100
000000
000000
000100
000000
000000
110000
000000
000000
001100
000000
000100
000100

//
segsites: 6
positions: 0.0594 0.1202 0.4129 0.5301 0.6551 0.9799 
000001
000100
010000
000000
000000
000000
000000
000000
000000
100000
001010
000000
000000
000001
000000
000001
000000
000000
000000
000000

//
segsites: 12
positions: 0.0216 0.0326 0.3843 0.3870 0.4567 0.4825 0.4930 0.5305 0.5659 0.5880 0.5948 0.7178 
000000000000
001000001000
001000000000
000110000000
000000100010
000000000000
001000000000
000110000000
010000010000
000000000000
001001000001
000110000000
100000100000
001001000001
000000000000
001000001000
000110000100
001001000001
000000100010
000110000000

//
segsites: 5
positions: 0.0483 0.0978 0.1277 0.5455 0.5940 
00000
00000
00001
00010
00000
00000
00000
00000
00100
00000
00000
00000
00000
00000
01000
10000
00000
00000
00000
00000

//
segsites: 13
positions: 0.0112 0.1381 0.1496 0.2256 0.2889 0.2981 0.4116 0.4526 0.6988 0.7235 0.7707 0.8091 0.9497 
0000100000100
1000000000001
0000000000100
1001000000000
0100000000000
1001000000000
1000000001000
0000100000100
0000100000110
0100000000000
1000000000001
0000100000100
0000000000100
0000100000100
1001000010000
1001000100000
0000100000100
0110000000000
1000011000001
0000100000100

//
segsites: 11
positions: 0.0044 0.0465 0.0841 0.2558 0.4176 0.4893 0.5133 0.6894 0.7086 0.8007 0.9557 
00000010000
00000010000
00001000000
00000010000
00001000000
00001000000
00000010001
00001001000
00001000000
00000100010
00000010000
10000000000
00000000000
00001000000
00110000000
00001000100
00000000000
00110000000
01000000000
00000010000

//
segsites: 17
positions: 0.0541 0.0574 0.1755 0.1778 0.2017 0.2033 0.2069 0.2800 0.3705 0.4101 0.4558 0.5334 0.5853 0.6976 0.7016 0.7146 0.9554 
00101000000100000
00010000000100001
00000000000100000
00001010000100000
01010000000100000
00010000000100000
00000000000101000
00001000000110000
00010100010100010
00001000000100000
10000000000100000
01010000000100000
00001000000100000
00000000100000100
00001000000100000
00001000000100000
00000000000100000
00010001010100000
00001000000100000
00000000001100000

//
segsites: 16
positions: 0.0135 0.0406 0.0631 0.0666 0.1575 0.1659 0.3793 0.3937 0.4314 0.5022 0.5262 0.5632 0.6218 0.6641 0.8061 0.8228 
1010000100001000
0001000000000001
0000000000000000
0000000001001100
0000000010000000
0000000000001000
0000010010000000
0000000000010010
0000000000010010
0000000010100000
0001000000000001
0000100010000000
0000000000000000
0000000000000000
0000000010000000
0001000000000001
0100000000001000
0000001000000000
0001000000000001
0000000010100000

//
segsites: 13
positions: 0.0530 0.1733 0.3018 0.3738 0.3839 0.3942 0.4360 0.5306 0.5331 0.6002 0.7044 0.7426 0.8805 
0000000000010
0000000001000
0000000000010
1000000000000
0000100000010
0100000000010
0100000000010
0010010000000
0100000000010
0000000001000
0000000100000
0000000000011
0000000001000
0000001010010
0000000000010
0000000100000
0000100000010
0001010000000
0000001010010
0000000001100

//
segsites: 14
positions: 0.1041 0.1673 0.2254 0.2816 0.3189 0.3442 0.4105 0.5432 0.6564 0.7649 0.8282 0.9764 0.9817 0.9992 
01000100010010
11000000000000
00100000001001
00100000000000
00100000000000
00100010000000
00110000001000
01000100100110
00100000001000
01000000000010
01000000000010
11000000000000
11000000000000
00100010000000
00100000001001
01000100000010
00100000001000
01000100000010
00100011000000
01001100000010

//
segsites: 9
positions: 0.0893 0.2155 0.3138 0.3448 0.3869 0.6963 0.7231 0.7968 0.8563 
000000000
100000010
000010100
001000001
000000000
000000000
010000000
000000000
000000000
000100000
000000000
100000010
000000000
000000000
000000000
000000000
000000000
000010000
000101000
000000000

//
segsites: 13
positions: 0.0575 0.1574 0.2198 0.4216 0.5846 0.6183 0.6813 0.8157 0.8972 0.9102 0.9162 0.9589 0.9851 
1100000000000
1100000001000
1110000001000
1100000001000
1100000001000
1000000000000
1100000001000
1100000001000
1000000000000
1100100001000
1000000000100
1000000000000
1100000000000
1100001000000
1000010000001
0001000110000
1100000000000
1100000001000
1100000000000
1100000000010

//
segsites: 7
positions: 0.0766 0.2234 0.3045 0.3955 0.5776 0.6975 0.7717 
0000000
0000000
0010000
0000000
0000000
1000000
0000001
0000000
0000010
0000000
0000000
0000000
0000000
0000000
0000000
0000000
0000001
0000100
0000000
0101000

//
segsites: 8
positions: 0.0112 0.0351 0.2762 0.3335 0.4101 0.4911 0.5280 0.5302 
00000000
00000001
01000000
00000000
00000000
00000000
00000000
10000000
00000000
00001000
00000000
00000100
00000000
00000010
00000000
00010000
00000000
00000000
00100000
00000000

//
segsites: 15
positions: 0.1899 0.2268 0.2598 0.2728 0.3026 0.3749 0.3758 0.3952 0.4948 0.6529 0.6600 0.7521 0.8462 0.8913 0.9654 
000000000000100
110000010100000
110000010100000
110100010100000
000000001000000
110000010100000
000000000000100
000000000000000
000000000000000
110000010100000
000000000000100
000000001000000
000000000011000
000001001000000
000001001000000
110010010100010
001000000000000
110000010100001
000000000000000
110000110100000

//
segsites: 12
positions: 0.0930 0.1159 0.1572 0.1651 0.1802 0.6027 0.6281 0.7643 0.8026 0.8429 0.9433 0.9547 
001000000000
100000001000
000010000000
000000000000
010000000000
010000000000
000100000000
000000100000
000010000000
010000000000
001000000000
000000000000
000000000000
000000010000
000001000010
000000010000
000000010001
000000000000
000000010000
000000010100

//
segsites: 12
positions: 0.0786 0.1074 0.1124 0.1948 0.4436 0.5447 0.6616 0.7496 0.8068 0.8070 0.8096 0.9847 
000000100010
000000100000
000000000000
000000000000
000000101000
000010000000
110010000000
000000100000
000000100000
000000000000
000000000000
000000100000
000110000000
000000000000
000000000000
001000010101
000010000000
000000100000
000011000000
000010000000

//
segsites: 15
positions: 0.0216 0.0720 0.1437 0.1592 0.2618 0.2865 0.2964 0.3340 0.3541 0.3842 0.4082 0.6831 0.8811 0.8931 0.9288 
001000000000000
000000000000110
000000000000000
000000000000000
000001000000000
000000000000000
000000000000000
000000100001001
000000000000000
000000000100000
000100000001000
000000000000000
010000000000000
000000010001000
000000000000000
000000000010000
000010000000000
000000000000000
000000001010000
100000000010000

//
segsites: 15
positions: 0.0219 0.0228 0.0265 0.1778 0.2698 0.3300 0.3808 0.4242 0.5891 0.5980 0.6015 0.6078 0.6156 0.8976 0.9726 
000000000010000
000001000000101
000000000010000
000101000000101
010000000010000
000101000001101
100101000100101
000101010100101
000101000000101
000000000010000
000101000000101
100111000100101
000001000000111
001101000000101
000101001000101
000101010100101
000101000001101
000000000010000
000001000000101
100101100100101

//
segsites: 21
positions: 0.0424 0.0494 0.0542 0.0983 0.2200 0.2386 0.2553 0.3870 0.4740 0.4886 0.5178 0.5517 0.5793 0.6166 0.6686 0.6713 0.7494 0.7515 0.7991 0.8451 0.9829 
000000000001010010100
000000000001010000100
000000000001010000100
010000000000010000010
000000000001110000100
000010000010010101000
000001010100000000000
000010000010010101001
000000001000000000000
000000000001010000100
000000000000010000000
001000000001010000100
000001010000000000000
000001010000000000000
000000000001010000100
100000000001010000100
000000000001010000100
000100000001011000100
000000000001010000100
000000100001010000100

//
segsites: 10
positions: 0.1308 0.2423 0.2492 0.3991 0.5689 0.6878 0.7644 0.8653 0.9436 0.9970 
0000101000
0000010000
0000010100
0000101000
0000010000
0000010000
0000010000
0000010000
0101101000
0000010000
0000010000
0000101000
0000101000
0000101000
0000010000
0010101000
1000010000
0000010000
0000010001
0000001010

//
segsites: 14
positions: 0.0371 0.3379 0.4679 0.5158 0.6219 0.6284 0.6360 0.6656 0.7368 0.7683 0.8078 0.8500 0.8826 0.9926 
01010010000010
00000000000000
01010000000010
00000100000001
00001000000010
00000001001010
10000000000010
00000000000000
00001000000010
00000000000000
00000000000000
00000001001010
00100000000000
01010000000010
00000001001010
00000000000100
00000000100000
00000000010000
00000000000010
00000100000000

//
segsites: 9
positions: 0.2907 0.3350 0.5208 0.5826 0.6031 0.6706 0.6901 0.7059 0.7142 
000000010
000000000
000000010
000000010
000010010
000000010
000000010
110000001
110100001
000000010
000000010
001000010
000000010
000000010
000000000
000000010
000001010
000000000
000000010
110000101

//
segsites: 15
positions: 0.1495 0.2646 0.2839 0.3049 0.3529 0.3922 0.4558 0.4731 0.5371 0.5507 0.6488 0.8010 0.8033 0.9173 0.9760 
000000000110001
000000010000001
000100000000000
001000000000000
000000010001001
000000000000001
000000000000000
000000000000010
010000000000001
100000000000001
000000001000100
000001000000000
000000000100001
000000000000000
010010000000001
000000100000000
000000000000001
010000000000001
000000001000100
010000000000001

//
segsites: 11
positions: 0.0737 0.0794 0.1399 0.2901 0.3602 0.5760 0.6884 0.7724 0.8912 0.9254 0.9411 
00000000000
00000000000
00000000001
00000000001
00000000010
00000000000
00000000000
00000000000
00000000001
00000100100
00010000000
11001001000
00000010000
00000000010
00000000000
00000000010
00000000010
00000000000
01100000000
01000000000

//
segsites: 11
positions: 0.0300 0.0780 0.0871 0.1535 0.2497 0.2513 0.3542 0.5926 0.6478 0.7581 0.9596 
11000001000
00000100001
00000000100
00000000100
01000000000
00000000100
00100000010
00000100001
00000000100
01001001000
00010000100
00000000100
00100000000
00100000000
01000001000
00100000000
11000001000
01000001000
01000011000
00100000000

//
segsites: 17
positions: 0.0162 0.0491 0.1072 0.2251 0.2892 0.3027 0.3386 0.3953 0.3979 0.4459 0.5036 0.6004 0.6276 0.6559 0.6685 0.8571 0.8777 
00000000000000010
10101001000011001
00000000010000110
10101001000010000
10101001000010001
00000100010000010
00000000000000010
00000000010000010
10101001000010001
00000010000000010
00010000010000010
00000000010000010
01000000101000010
10101001000010000
10101001000010000
00000000000000010
00000000010000010
00000000000000010
00000000010000010
00000000000100010

//
segsites: 17
positions: 0.0435 0.0968 0.1854 0.2207 0.2258 0.2694 0.3155 0.3340 0.4119 0.6524 0.6601 0.7061 0.7388 0.8636 0.9106 0.9313 0.9965 
00100100000110001
00100100000110001
00000010000001000
01000000010100001
00100100000110001
00000000001100001
00000010000001000
10100100000110001
00000000001100001
00000011000001000
10100100000110001
00000000001100001
00000010000001000
00000010000001000
00000010000001000
00010000100100011
00100100000110101
00100100000110001
00001000000100001
01000000010100001

//
segsites: 16
positions: 0.0346 0.2503 0.3326 0.3477 0.4092 0.4705 0.5561 0.6108 0.6867 0.7313 0.7732 0.8559 0.8566 0.8683 0.9098 0.9304 
1000000000000010
0000000010000100
0000000100000100
0100010000000100
0000000000000100
0000001100000100
0000000000000010
0000000000000100
0000000100000100
0000000100000100
0000000100100101
0000000000010100
0000000100001100
0000000000000100
0000000101000100
0010100000000100
0100010000000100
0000000000000100
0000000000010100
0001000000000000

//
segsites: 13
positions: 0.0193 0.0313 0.0750 0.1837 0.2910 0.3110 0.4047 0.4442 0.6816 0.7083 0.7446 0.8277 0.9765 
0001001010000
0000101010000
0000001010000
0000001010010
1100000100000
1000000100000
0000001010000
0000001010011
1000000100000
0000001000100
0000001010000
0000011010000
0001001010000
0000001010010
1000000101000
0000001010000
1000000100000
0000001010000
0000001010000
1010000000000

//
segsites: 8
positions: 0.2363 0.4239 0.4900 0.5351 0.5422 0.6497 0.7156 0.9462 
00000000
00000000
00000100
00000000
00000000
00000000
00000000
10000000
00000000
00000000
00100001
00000010
00000000
00000000
01000000
00000000
00000000
00000000
00001010
00010000

//
segsites: 11
positions: 0.0094 0.2444 0.2598 0.3308 0.6822 0.6917 0.7775 0.7995 0.8497 0.8526 0.9139 
00100100000
00100100000
00100001010
00100000000
00010000100
00000000000
00000000000
00100000000
00000000000
11000000001
01000000000
00001000000
01000000000
00000000000
00000010000
00100000000
01000000000
00000000000
00000000000
00000000000

//
segsites: 4
positions: 0.5140 0.7744 0.9003 0.9010 
0000
0000
0000
0001
0010
0000
1000
0100
1000
0010
0100
0000
0000
0000
0100
0000
0000
0000
0000
0000

//
segsites: 18
positions: 0.0061 0.0875 0.3326 0.3376 0.3516 0.3921 0.4043 0.4354 0.4706 0.4969 0.5309 0.5417 0.5589 0.5915 0.6474 0.8794 0.9936 0.9998 
000000000000010000
000000000000010000
000100000000010000
001000000000010010
000001001000000000
011000000000010000
000100000000010000
000100000001010000
000001001000000000
000000000000010100
100000000000010000
000100000001010000
001000100010010000
000000000000110000
000110010000010000
000000000000010100
001000000000010000
001000000000010001
001000000100011000
000000000000010000
