./ms 20 1 -t 20 -G 59.91465 -eG 0.05 0 
61346 44070 8181

//
segsites: 6
positions: 0.0083 0.1565 0.3563 0.3640 0.3934 0.6015 
000000
001011
001011
001011
000000
000000
100000
000000
000000
001011
001011
000100
010000
000000
000000
000100
000000
000000
010000
000000

//
segsites: 9
positions: 0.0572 0.0849 0.1662 0.1668 0.2308 0.7324 0.8534 0.9552 0.9727 
000000000
010000100
000000000
000000010
100000000
100010001
000000000
100011000
100011000
000000000
000000000
100010001
100000000
100010000
000000000
000000000
000000000
100100000
001000000
100010000

//
segsites: 9
positions: 0.0099 0.0430 0.1464 0.1607 0.1680 0.4038 0.6148 0.6410 0.8177 
000000000
000101000
000001000
000000001
000001000
000101000
000000000
000000000
000000000
000010100
000000000
000000000
000000000
111000000
000001000
111000000
000000010
000000010
000000000
000000000

//
segsites: 7
positions: 0.1263 0.2837 0.3432 0.4406 0.5391 0.5418 0.9892 
0000000
0001000
0000000
0000010
0100001
0000000
0000000
0000000
0000000
0000000
0000000
0000000
0000000
0000000
0000000
0000000
0000000
1010100
1000100
0000000

//
segsites: 8
positions: 0.0342 0.2169 0.2505 0.6048 0.6297 0.6444 0.6587 0.8742 
00000001
00000101
10111000
00000101
00000001
00000001
00000011
00000011
00000001
00000001
00000001
00000000
00000001
00111000
00000001
00000011
00000101
00000011
00000000
01000000

//
segsites: 11
positions: 0.1934 0.3118 0.3500 0.4611 0.5009 0.5429 0.6182 0.6698 0.8103 0.8297 0.9113 
00010000000
00000000000
01000000000
00100000000
00000001000
00000000000
00000000000
00001000000
00001000000
00000000000
00000000000
10000000000
00000010000
00000000110
00000000000
00000000000
00010000001
01000000000
00001100000
00000010000

//
segsites: 7
positions: 0.3413 0.6346 0.7677 0.7748 0.9048 0.9469 0.9526 
0100001
0000000
1000100
0000000
0000001
0000001
0000000
0000000
0000000
0010000
0000000
0000000
0000001
0000000
0001011
0000000
0000000
0000001
0000001
0000001

//
segsites: 12
positions: 0.2440 0.3164 0.3790 0.4485 0.5598 0.5739 0.5951 0.6962 0.7374 0.7803 0.7860 0.9321 
000100000100
001100000100
000100000110
000100000100
100100010100
000100000100
000100000100
000100000100
000010001000
000100000100
000100000100
100100010100
000100010101
000101000100
000100000100
000100100100
000100000100
000100000100
010000000000
000100000100

//
segsites: 11
positions: 0.0837 0.0966 0.2646 0.5621 0.5636 0.6366 0.6456 0.7653 0.9075 0.9304 0.9389 
00000100000
00000000000
00000010000
00000000000
00000000000
00000000001
00000000000
00000001000
01010000000
00001000100
00000000000
10000000000
00000001000
00000010010
00000000000
00000000000
00000000000
00000000000
00110000000
00000000000

//
segsites: 14
positions: 0.0166 0.0764 0.1584 0.4588 0.4771 0.5780 0.6841 0.7025 0.7322 0.7885 0.8289 0.8924 0.9275 0.9889 
00000000000000
00000100000000
00000100000000
00000100000000
00000000000010
00000100000000
10000100000000
00000010101000
00000000010000
00000000000000
00000100000100
00101000000001
00000100000000
00000100000000
00010000000000
00000001000000
01000100000000
00000100000000
00000000000001
00000010100000

//
segsites: 8
positions: 0.0384 0.1644 0.3863 0.5487 0.6119 0.7316 0.8312 0.8948 
00010000
00001000
01000010
00000000
00000000
00110000
00000000
01000010
10000100
00010000
10000100
00110000
00110000
00000001
00000000
00010000
00000000
00000001
10000100
00000001

//
segsites: 13
positions: 0.0185 0.1995 0.2106 0.2451 0.2516 0.5040 0.5191 0.7486 0.7636 0.8166 0.8294 0.8815 0.9961 
0000001001100
0010100000000
0000100000000
0001000000000
0001000000000
0000000001000
0000001001100
0001000000000
0000100000000
0000100000000
0000010010001
0001000000000
0000000000000
0000100000000
1010100000000
0000000101000
0010100000010
0000000001000
0000000000000
0100000000000

//
segsites: 15
positions: 0.1512 0.2164 0.3464 0.4371 0.6062 0.7291 0.7865 0.7898 0.7918 0.7922 0.8440 0.8873 0.9657 0.9898 0.9955 
001000000100000
001000000100000
000000000011000
001000000100000
100000000000000
000100000010010
000000000011000
000000000010000
010000000000000
000000000011000
000000100000000
001000001100000
000000000010000
000011000011001
000010000011100
000000010011000
001000000100000
001000000100000
000000100000000
000010000011000

//
segsites: 9
positions: 0.0222 0.0516 0.0696 0.0749 0.0873 0.3800 0.5755 0.7735 0.8849 
000100001
000110001
000100001
000000000
010100001
000100001
000100011
000110001
000110001
000110001
000110001
000110001
000100001
000100001
000101001
000100001
001100001
000000000
100100101
100100101

//
segsites: 9
positions: 0.0027 0.0417 0.1186 0.1479 0.1957 0.3360 0.6770 0.7166 0.8971 
100000011
000010011
010000011
001000011
000000001
000000011
001000011
000000111
000000011
000000011
000001000
000000011
000001000
001000011
000010011
000001000
001000011
000000011
000100000
000000001

//
segsites: 12
positions: 0.1950 0.2296 0.3072 0.3373 0.4311 0.4543 0.6611 0.8399 0.8593 0.8781 0.9098 0.9154 
010000001001
010001001001
010000001001
000010000100
000100001001
000100001001
000000000010
010000001001
000000000000
100000001001
000000000000
000000110000
000000001001
000000000000
000000000000
000000000000
010000001001
000000000000
010001001001
001000000000

//
segsites: 13
positions: 0.1139 0.1404 0.2563 0.2671 0.2954 0.3170 0.5139 0.5150 0.5394 0.5829 0.7540 0.7684 0.9594 
0000010000000
0001001000000
0001001000000
0000010000000
1001001100000
0001001000100
0001001000000
0001001000000
0000010000000
0001001001000
0000010000000
0011101000001
1001001100000
0000010000000
0000010000000
0000010000000
0001000000000
0000010010010
0100010000000
0001001000000

//
segsites: 11
positions: 0.2320 0.2468 0.3132 0.3564 0.3566 0.4257 0.4626 0.6622 0.6709 0.7326 0.8749 
00000100010
00100000000
00001000000
00000000100
01000000000
10000001000
00000100000
00000000100
00000100000
00000000000
00010000000
00000000001
00000010000
00100000000
00000000000
00000100010
00000100010
00001000000
00000000000
00100000000

//
segsites: 15
positions: 0.0608 0.1132 0.2053 0.2139 0.2222 0.2331 0.3636 0.3687 0.3993 0.4243 0.6850 0.7054 0.7583 0.8509 0.9566 
100011000000010
110001010000010
000000100000000
100011000000010
000000000000100
100011000000010
000000001100000
000000000000000
000000000000000
100011000000010
001000000000000
000000000000000
000000000001000
100011000000010
000000000000000
100101000000010
000000001100001
000000000000000
100001000010010
000000000000000

//
segsites: 10
positions: 0.0975 0.1811 0.1895 0.2195 0.3987 0.4617 0.6204 0.6616 0.6820 0.7899 
0000000000
1000000000
0000000000
0000000000
0100000000
0010000000
0000100001
0000000000
0100000000
0000000010
0010000000
0001011000
1000000000
0000100001
0000000000
0000000000
0000100000
0000000010
0000000000
0100000100

//
segsites: 16
positions: 0.0425 0.0614 0.0656 0.1742 0.1816 0.2363 0.2368 0.5517 0.5589 0.5610 0.6227 0.6305 0.6577 0.7302 0.7943 0.8142 
0000000001010111
0100001010001000
0000000001010111
0000000010001000
0100000010001000
0000000000010110
0000000000010110
1000000001110111
0000100000010110
0000000000010110
0011000000010110
0000000000010110
0000000010001000
0100000010001000
0100000010001000
0100010010001000
0100000010001000
0000000100010110
0000000000010110
0000000000010110

//
segsites: 24
positions: 0.0079 0.0097 0.1046 0.1062 0.2119 0.2119 0.3446 0.3570 0.3805 0.4230 0.4252 0.4982 0.4984 0.5037 0.6106 0.6687 0.7274 0.7358 0.7538 0.8144 0.9072 0.9179 0.9844 0.9916 
000001100000001001000000
000001000010000001000000
011010000000000000010101
000001000000000001000000
011010000000000000010101
011010000000000000010101
000001100000001001000000
000001100000010001100000
011010000000000000010101
011010010000000100010101
100101000000000001000000
000001100000000011000000
000001000000000001000010
000001100000000001000000
000001001001000001000000
011010000000100000010101
011010000000000000010101
000001100100000001000000
011010000000000000010101
011010000000000000011101

//
segsites: 8
positions: 0.0423 0.2184 0.2611 0.4246 0.6452 0.7388 0.8346 0.9039 
01011000
00111000
00010000
00010001
00011100
00011100
00010001
01011000
00010001
10011100
00011010
00000000
01011000
00011000
00010001
00010001
00010001
00011000
00011100
01011000

//
segsites: 12
positions: 0.0610 0.0986 0.1900 0.2208 0.2548 0.4010 0.4631 0.6343 0.6521 0.9569 0.9583 0.9673 
010000000010
000100000010
000010100010
000010101010
000010100010
000010100010
000010100010
011000010010
000010100010
000010100010
000010100010
100000000101
000010100010
000010100010
000010100010
000010100010
000010100010
000011100010
000010100010
010000000010

//
segsites: 12
positions: 0.1365 0.1579 0.2865 0.3374 0.3566 0.5079 0.5401 0.5641 0.5848 0.6587 0.7917 0.8804 
010000000100
010000001100
010000000100
100000000100
010000001100
100000000100
100000000100
010000000100
010000101100
100000000110
010000000100
010000000100
010000001100
010000000100
000000000000
010000010100
100000000101
011001000100
100100000100
000010000000

//
segsites: 12
positions: 0.0812 0.2036 0.2229 0.5754 0.7109 0.7781 0.7820 0.8126 0.8185 0.9368 0.9395 0.9795 
000000000000
000000000000
000010010100
000000100000
000000000000
001000000010
000000000000
000000000000
010001000001
000000000000
000000001000
100000000000
000010000000
000100000000
000000000000
001000000010
000000000000
000000000000
010000000000
000000000000

//
segsites: 12
positions: 0.0266 0.2361 0.2447 0.2490 0.2569 0.3063 0.3667 0.6251 0.7215 0.7917 0.8953 0.9518 
001010000000
001000000000
001000000000
000001000000
001000000000
001000000100
011000000001
001000000000
000000000000
001000000000
001000010000
100000101010
100000101010
000000000000
100100101010
001000000000
001000000000
001000000000
100000101010
001000000000

//
segsites: 10
positions: 0.0029 0.0623 0.1084 0.2575 0.4038 0.5208 0.7083 0.8063 0.8241 0.8291 
0000000000
0000001010
0000000000
0000000000
0000000000
0001000000
0000000000
0000100000
0000001010
0000000000
1100010001
0000000000
1000010001
0000000010
0000000000
0000000000
1000010001
0010000100
0000000000
0000000000

//
segsites: 5
positions: 0.1223 0.2061 0.6832 0.8376 0.9564 
00000
10000
00000
00000
00000
00001
00000
00000
01000
00000
00000
00110
10000
00110
00000
00000
00110
00000
00000
00000

//
segsites: 11
positions: 0.2355 0.2533 0.2994 0.5744 0.5767 0.6840 0.7395 0.7685 0.8530 0.8654 0.8897 
00001010001
10010000000
00000000000
00000010100
11100000010
10000001000
10000001000
00001010000
10010000000
10100000000
10000000000
10000100000
10000000000
10000001000
00000000000
10000000000
00000010000
10100000000
10000000000
00000010000

//
segsites: 6
positions: 0.1029 0.2670 0.4438 0.5643 0.5799 0.6416 
100000
100000
100000
100000
010001
100000
101010
100000
100000
100000
100000
010000
101000
100000
101010
101010
100000
100000
010000
100100

//
segsites: 13
positions: 0.0336 0.2709 0.2854 0.4114 0.4973 0.5158 0.5284 0.8146 0.8275 0.8328 0.8925 0.9107 0.9834 
0000001000000
0000000000010
0000100000010
0000100000010
0000001000000
0000000000010
0000100000010
0000000000010
0000000000110
0000000000010
0000000000010
0000000000010
0000100000010
1010000000010
0000000000001
0000010100001
0100000011010
0000000000010
0001000000010
0000000000010

//
segsites: 12
positions: 0.0043 0.0537 0.1526 0.1673 0.3538 0.5216 0.5431 0.6013 0.8466 0.9272 0.9516 0.9547 
000000000000
100000100000
000000000000
100100000000
000000010010
000000000000
100100000000
100001000001
000000000000
100000100000
000000000100
101000000000
100000000001
100000000000
100010100000
111000000000
100000000000
100000001001
100000000000
101000000000

//
segsites: 14
positions: 0.0257 0.1884 0.2505 0.2629 0.3046 0.3694 0.4044 0.5055 0.6258 0.7217 0.8057 0.8489 0.8986 0.9049 
10000000000001
00100000010000
00000000000100
00001100000000
00000000000100
00100000000000
01000000000000
00100000100000
00000000000000
00000000000100
00010010000110
00000001001110
00000000000000
00000000000000
00000000000001
00000000000000
00000000000000
00000000000000
00100000010000
00000000000000

//
segsites: 9
positions: 0.0417 0.0896 0.1247 0.1666 0.2472 0.2928 0.3072 0.4647 0.7759 
000001000
001000000
000001000
001000000
011000000
000000100
000010000
100000100
000001000
000000100
000001000
000000100
000000100
000000100
000100000
000000001
000001000
000000000
001000010
001000000

//
segsites: 15
positions: 0.1287 0.1775 0.1802 0.2302 0.3673 0.3821 0.4260 0.6021 0.6130 0.6635 0.7198 0.7274 0.7714 0.7732 0.8443 
010100000010000
000000000000000
010100000011000
100000100000000
100000100000000
010100000010000
010100001010000
100000100000000
010100000010000
000010000100001
000100000010100
010100000010000
000101000010000
000100000010000
000100000010100
010100001010000
010100000010000
001000000100001
010100011010010
010100000010000

//
segsites: 13
positions: 0.0507 0.1630 0.1678 0.1763 0.2113 0.4033 0.5426 0.6127 0.6152 0.7779 0.8012 0.8379 0.9859 
1000000010000
0000000010100
0000000010011
0000000010000
1000000010000
0000000010000
0001100001000
0000001010000
0000001010000
0000000010000
0000000010000
0000000110000
0110000010000
1000000010000
1000010010000
0001100001000
0000001010000
1000000010000
0000000010000
0000000010000

//
segsites: 8
positions: 0.0094 0.0684 0.1396 0.5309 0.7010 0.8061 0.8212 0.8608 
00000000
00000000
00000000
11000000
00000000
00000000
00000000
00000011
00000100
10000000
10000000
10000000
00001000
10000000
10010000
00000000
00000000
00000000
00100000
00000000

//
segsites: 11
positions: 0.1940 0.2252 0.2657 0.3667 0.4376 0.4388 0.5628 0.6937 0.7537 0.7692 0.8061 
00001001000
00000000000
00000000000
10000001010
00000001010
00000000000
00000000000
00000000000
00000000000
00100000100
00010100000
00000001000
00000000000
00000000000
00000001001
00000000000
01000011000
00000000000
00000000000
00000000000

//
segsites: 18
positions: 0.0292 0.0785 0.3219 0.3357 0.3367 0.4512 0.4592 0.5117 0.5306 0.5445 0.5480 0.5528 0.7312 0.7512 0.8200 0.8758 0.8786 0.9543 
010000001000000000
011000000000000100
011100000000000100
011000000000000100
010000001000000000
011000000000000100
010000011000000001
011010000010000100
000000000000100000
011001100000000000
000000000000100000
011100000000000100
011000000000000100
011010000000000100
011000000000001000
011000000000000100
011000000000001010
111000000000010100
011010000010000100
011000000101010100

//
segsites: 10
positions: 0.0288 0.1639 0.1784 0.1834 0.2570 0.2874 0.3828 0.4199 0.5452 0.8873 
0001000000
0100101011
0001000000
0001010000
0001000000
1001000000
0001000000
0001000000
0001000000
0001000000
0001000000
0001000100
0001000000
0001000000
0001000000
0010001011
0001000000
0001000000
0001000000
0001000000

//
segsites: 15
positions: 0.0717 0.0759 0.0955 0.1074 0.1282 0.2156 0.3123 0.3358 0.5386 0.5965 0.7592 0.9290 0.9710 0.9794 0.9814 
000001000000100
100010000010000
001100100100000
000000000000000
000000010000000
000100100000000
000100100000001
010100100000000
000000000000000
000001001000010
000100100001000
000100100000000
000000000000000
000100100000000
000000000000000
000100100001000
000001001000010
000100100000000
000001001000010
000100100100000

//
segsites: 11
positions: 0.0252 0.1255 0.1432 0.1436 0.2154 0.3227 0.3590 0.3971 0.4425 0.4792 0.6612 
00100000000
00000000010
00000000000
00000000000
00000000000
00000000000
00000010000
00000010000
00000000000
00000000000
00000000000
00000010000
00000000001
10010000000
00000001000
00000000000
00000000000
10010000000
00001100100
01001100000

//
segsites: 11
positions: 0.0701 0.0701 0.2285 0.3421 0.4700 0.5645 0.6008 0.6704 0.7352 0.8851 0.9552 
00000000010
01010010100
00000000010
00000100010
00000000011
01000010100
01100000100
10001000000
01100000100
01010010100
00000000010
00000000010
10000001000
00000000010
00000000010
00000000010
00000000011
00000000010
00000000010
00000000011

//
segsites: 11
positions: 0.2680 0.2731 0.3387 0.4353 0.4956 0.5123 0.6370 0.7789 0.8304 0.8405 0.8811 
00000101000
01000000000
00000010001
00000000000
00010000000
10000000000
00001000010
00000101000
01000000000
00101000000
00101000000
00000000000
10000000000
00000000000
00000000100
01000000000
00000000000
00000010001
00101000000
00000000000

//
segsites: 8
positions: 0.2365 0.3020 0.3192 0.3669 0.4286 0.5222 0.7343 0.8829 
00010000
10000001
00101000
01000100
00000100
10000001
00000000
00000000
00001000
00000000
00000100
10000001
01000100
01000100
00010010
00010000
10000001
01000100
00000100
10000001

//
segsites: 9
positions: 0.0809 0.0981 0.1044 0.1113 0.1463 0.1625 0.1666 0.8751 0.9454 
010000000
010000000
010010000
011100010
010000000
011000000
010001000
000000001
011100010
010000000
010010000
110000000
000000001
011100010
110000000
010000000
011100010
010000000
110000000
000000100

//
segsites: 12
positions: 0.1667 0.1832 0.3149 0.3579 0.4687 0.4700 0.5074 0.5602 0.6466 0.6969 0.7037 0.7423 
000100000000
000000000000
000000001100
001010000000
000000000000
000000000000
010000000000
100000100000
000000001100
000000000000
000000010000
000100000000
000000000000
000000001100
000000000000
000000000000
000000000010
000001000000
000010000001
000000000000

//
segsites: 15
positions: 0.0427 0.0859 0.1320 0.3027 0.3255 0.4055 0.4082 0.4195 0.5932 0.6871 0.7255 0.7932 0.8167 0.8458 0.9152 
001000000000001
000001000000000
000001000010000
000000000000000
000001000000000
010010000000001
000000000000011
000100000000000
000001000000000
000000000000000
000000001001100
000000010000000
000001000000000
000000000000011
000000000000001
000000000000000
000000000000000
100000000000000
000000000000000
000000101101100

//
segsites: 15
positions: 0.1381 0.1594 0.1702 0.2374 0.3308 0.3794 0.4812 0.5765 0.5770 0.6337 0.6453 0.6909 0.7372 0.8126 0.9712 
110000000000001
000000001000000
000010000001000
000100000000000
000000100000010
001100000000000
000000010100000
110000000000001
000100000000000
000100000000000
000001000000100
000000000000000
000000100000010
000000000000000
000000001000000
000100000010000
000001000000100
000000000000001
000000000000000
000000010100000

//
segsites: 11
positions: 0.1597 0.1735 0.2751 0.4517 0.5991 0.6525 0.6645 0.6901 0.7252 0.8194 0.8815 
00100000000
11000000010
00100000000
00000010000
00001000000
00000000000
00000000010
00000000000
10000000010
00000010000
00000000000
00001001000
10000100010
00000000110
00000000001
00001001000
00000000001
00001000000
00011000000
00000000010

//
segsites: 10
positions: 0.0856 0.2562 0.5051 0.5359 0.6339 0.6441 0.7418 0.8612 0.8833 0.8899 
0000000010
0000000011
0000000000
0000000000
1000000000
1000000000
0000010000
0000000000
0000000000
0000000000
0000000000
0000100110
0010000000
0000000000
0100000000
0001000000
0010000000
0000000000
0000001000
0000000000

//
segsites: 5
positions: 0.0142 0.0384 0.7760 0.7773 0.9482 
01000
00000
00000
00001
10000
00000
00000
01000
00000
00001
00100
00000
00000
00000
00010
00000
00000
00100
00000
01000

//
segsites: 10
positions: 0.0404 0.0422 0.1014 0.1037 0.2402 0.2922 0.3128 0.3557 0.5609 0.8623 
0010100000
0000000000
0101000000
0000000100
0001001010
0000000000
0000000000
0000010000
0000000000
0001000000
0000000000
0000000000
0000000001
0000000000
0000000000
0000000000
1000000000
0000000000
0001001010
0000000000

//
segsites: 13
positions: 0.0137 0.0723 0.0966 0.1697 0.3248 0.3715 0.4020 0.4356 0.4599 0.5524 0.7866 0.7933 0.7995 
0000001010000
0000000010000
0000010000010
0000010000000
0000000010000
0000000010000
0000010000000
1000000000000
0100010000010
0010010100000
0000000000000
0000010000000
0000110000011
0000010000000
0100010000010
0000010000000
0000000010000
0000010000000
0011010100100
0000000011000

//
segsites: 14
positions: 0.0983 0.3380 0.3543 0.4267 0.4782 0.5382 0.5971 0.6254 0.6455 0.6944 0.7920 0.8539 0.8813 0.9965 
00000100000000
00000011000000
00110010000011
00000000001000
00000100000000
00000000000000
00000000000000
00010010000001
00000000000000
00001100000000
00000000010000
00000000000000
10000100100000
00010010000001
00000100000000
00000000000000
00000100000000
00000000001000
00000000000000
01000010000100

//
segsites: 17
positions: 0.0584 0.2109 0.3112 0.3577 0.3871 0.4329 0.4645 0.5221 0.6021 0.6737 0.7164 0.7177 0.7502 0.7769 0.8713 0.8770 0.9669 
11000000100000100
10000000000000000
10000000000000000
10000000010000000
10000000000100000
10001000000000000
10000011010000000
00000000001010000
10000000000000010
00100000000000000
10000100000000000
10000000000000000
10000000010001000
00000000000000000
00000000000000001
11000000000000000
00000000000000000
10010000000000000
10000000000000000
10000000010000000

//
segsites: 17
positions: 0.0186 0.0245 0.0907 0.1658 0.1751 0.1937 0.4149 0.4306 0.4662 0.5076 0.5157 0.5712 0.7227 0.7749 0.7985 0.8355 0.9943 
01001100100001011
00000100000001011
00001100100001011
00000100000001011
10000100000000001
00000100000001011
00010100000001011
00000100000001011
00000101000010001
00001100100001011
00000110000000000
10000100000000001
00000100000001011
00000100000000001
10000100010000101
10000100000000001
00100000000100000
00000100000001011
00000100000000000
10000100001000001

//
segsites: 14
positions: 0.0004 0.0519 0.1049 0.2136 0.2246 0.2434 0.3660 0.3945 0.4066 0.4072 0.4318 0.6778 0.6878 0.9147 
01010100000000
00000000000000
00100000000000
00010100001011
00010100000000
00100000000000
01010100000000
10000000000000
00010100101110
00100000000000
00100001000000
00010100011011
00000000000000
00010100011011
00000000000000
00101010000000
00010100101110
00100000000000
00000000000000
00000000000000

//
segsites: 12
positions: 0.1101 0.1805 0.2366 0.3677 0.3920 0.4046 0.5282 0.5380 0.6077 0.7218 0.7815 0.9520 
000000000000
000000000000
000000000001
000100110010
010000000001
000000100000
001000100010
000000000001
100000000001
000000000000
000000100010
000100100010
000000100000
000000000000
000100100010
000011100110
000000000000
000000101010
000000000000
000000000001

//
segsites: 14
positions: 0.0252 0.0651 0.1895 0.2347 0.3209 0.3290 0.3876 0.4118 0.4197 0.4300 0.6083 0.6926 0.8450 0.8712 
00000000000000
00100000000000
00001000000100
00000000000000
00001000000100
00000000000000
00000000100001
00000000000000
00000001001000
00000000000001
00001000000100
00000010000010
10000000000000
00000000000000
00010100000000
00000000000000
00001000000100
00000000010000
01000010000010
10000000000000

//
segsites: 7
positions: 0.2165 0.4090 0.5118 0.5737 0.5805 0.6023 0.9948 
1000000
0000000
0010000
0000000
0000100
0000100
0100000
1001000
0000100
0000000
0000000
0000000
1001000
0000000
0000000
0000001
0000001
0000000
0000100
0000010

//
segsites: 3
positions: 0.3250 0.5003 0.6302 
100
000
001
000
000
000
001
000
000
000
000
000
000
000
010
000
000
000
000
000

//
segsites: 11
positions: 0.0583 0.1900 0.2528 0.2554 0.5471 0.6241 0.6806 0.6967 0.7283 0.7432 0.8608 
00010100001
00000001000
00000000000
00000010000
00100000000
00000000000
00000010000
00000100010
00000000100
00010100001
00010100001
00001000000
00000100000
00001000000
11000000000
00000000000
00000010000
00000100010
00000000000
00000000000

//
segsites: 7
positions: 0.1371 0.3155 0.3639 0.4747 0.7649 0.7825 0.7922 
0011000
0011000
0000010
0000010
0000010
0111000
0011000
0011000
0011100
0011000
0011000
0011000
0011000
1011001
0011000
0011000
0000010
0011000
0000010
0000010

//
segsites: 16
positions: 0.1349 0.1401 0.1528 0.1844 0.2504 0.3359 0.4175 0.4291 0.4427 0.5404 0.5405 0.6143 0.6887 0.7422 0.8486 0.8995 
0000000010000000
0011000000000000
0010000000000000
1010000000001000
0010000000000000
0000000000000000
0000000001000000
0010000000010000
0010000000000001
0010000000000000
0000010000000110
0010100000000000
0000000000000000
0000000001000000
0000000100000000
0000000000000000
0000000000000000
0010000000100000
0010001000000000
0100000000000000

//
segsites: 17
positions: 0.0950 0.2446 0.4540 0.5005 0.5027 0.5483 0.5526 0.5604 0.6184 0.6645 0.7451 0.7553 0.7923 0.8521 0.8686 0.9804 0.9929 
00000010000010000
00000000000000001
00000000000000000
10000001000101000
00000000000000000
00010000000000000
00000000000000000
00000000000000000
00000000000000000
00000000000000010
01000000000000000
00000000001100000
00000000000000000
00000000000000100
00001000000000000
00000000000000000
00100100000000000
00000000010000000
00000000100000000
00000000000000000

//
segsites: 16
positions: 0.0707 0.0955 0.1287 0.2789 0.5575 0.5969 0.6447 0.6938 0.7326 0.8181 0.8190 0.8514 0.8783 0.8975 0.9047 0.9768 
0000000000000010
0000000000100010
0000000000000010
0000100000000010
0010001000001101
0000000000000010
0010001000000100
0000000000010010
0000000000000010
0011001000000100
1010000100000000
0100000000000010
1010000001000000
0000000000000010
0000000000100010
0000010000000010
0000000000010010
0000000000000010
1010000000000000
0010001010000100

//
segsites: 10
positions: 0.0111 0.0512 0.0737 0.3445 0.4275 0.5550 0.6014 0.7567 0.8050 0.8724 
0000000000
1001000010
0000000000
0000000000
0000010000
0000000000
0000100001
0000000000
0000000001
0110010000
0000000000
1001000000
0000001100
0000000000
0000001000
0000000001
0000000000
1000000000
1000000000
1001000000

//
segsites: 16
positions: 0.0401 0.0651 0.0791 0.1337 0.4948 0.5240 0.5572 0.6122 0.6189 0.6907 0.7068 0.7092 0.7562 0.8390 0.9003 0.9815 
0000000000001000
0011010110000010
0000000000011100
0000000000011100
0011010110000010
0111010110000010
0000000000101000
0000010110000000
0000000000001000
0011010110000010
0000010110000000
0000010110000000
0000000000011100
0000011111000000
0000010110000000
0000010110000000
1000110110000011
0000000000001000
0000010110000000
0000000000011000

//
segsites: 11
positions: 0.0193 0.0549 0.2680 0.3371 0.3774 0.6983 0.7314 0.8623 0.9678 0.9703 0.9894 
00100010000
00000000000
01100000001
00000100000
10011000000
00000001010
00100010000
00100000101
00100010000
00100010000
00000000000
00000000000
00000000000
00000001000
00100010000
00000000000
00000000000
10000000000
00000000000
00000000000

//
segsites: 9
positions: 0.0147 0.0897 0.2272 0.4167 0.5160 0.5461 0.6182 0.6655 0.8385 
100001000
000000001
000000001
001001000
100001000
001001000
001101000
000000001
000000001
100001000
000000010
000001000
100011000
001001000
100001000
000000101
011001000
011001000
001001000
001001000

//
segsites: 8
positions: 0.0011 0.0149 0.1608 0.2272 0.6338 0.6801 0.7589 0.7714 
00000000
00011100
01000000
00000110
00000000
00000100
00000000
00000100
00000000
00100000
10000100
00100000
00000000
00000000
00000000
00000001
00000000
00000000
00000000
00010100

//
segsites: 5
positions: 0.3011 0.4917 0.5727 0.5884 0.8970 
00000
00000
01010
00000
00100
00000
10000
10000
00000
00000
00000
00000
00100
01010
00001
00000
00000
00000
00000
00000

//
segsites: 10
positions: 0.0859 0.1743 0.1745 0.3134 0.3210 0.3359 0.4572 0.6816 0.8248 0.8506 
0000010000
0000000000
0000000000
1000000000
0000000000
0000100001
0000000000
0100000000
1000000000
1000000000
0000100001
1000000000
0000000000
1010000010
0000000000
0000000000
1000000100
1001000000
0000010000
0000001000

//
segsites: 8
positions: 0.0597 0.0905 0.1358 0.1477 0.2725 0.3017 0.7937 0.8727 
00000000
00000000
00000000
00000010
00000000
00000100
00000010
00000000
10010010
00000000
00000010
01000000
00000000
00000000
00000000
00000010
00000000
00100001
00001000
00000000

//
segsites: 8
positions: 0.1521 0.3620 0.3622 0.4907 0.5838 0.6773 0.6776 0.8794 
00000000
00000000
00000001
00000100
00000000
00000000
00000100
00000000
00000000
00001000
00000000
00000000
00000010
00000100
00010000
00000000
01100000
00000000
10000000
00000000

//
segsites: 10
positions: 0.0082 0.1235 0.2161 0.4107 0.6921 0.7364 0.7504 0.8689 0.9663 0.9836 
0000111000
0000111000
0000111000
0000111000
0000110000
0010110010
0000111000
0000111000
0001010000
1000110000
0000111000
0010110010
0100000100
0000110001
0000111000
0001010000
0000111000
0100000000
0000111000
0000110000

//
segsites: 10
positions: 0.0390 0.0987 0.2222 0.4052 0.4617 0.4662 0.5978 0.6314 0.7943 0.8818 
0101000100
0000101000
0000101000
0001000000
0001000100
0001010000
0001000101
0101000100
0101000100
0001000000
0101000100
0000101000
0000101000
0000101000
0001000010
0001000000
1001000000
0010101000
0000101000
0000101000

//
segsites: 17
positions: 0.1040 0.1294 0.1386 0.1814 0.2802 0.4221 0.5690 0.6446 0.7025 0.7319 0.7406 0.7432 0.7573 0.7784 0.7984 0.9171 0.9496 
00000010000000010
11000100000000000
00000010000000010
11000001000000000
00000000000000000
10000000000000000
10000000000000000
00000010000000010
00101010000000011
00010010000000010
00000000010000000
00000010000000010
10000000000010000
00000010000000010
00000010000000010
00000010000000010
10000000000001100
00101010000100011
10000000100000000
10000000001000000

//
segsites: 5
positions: 0.2847 0.4492 0.5846 0.6472 0.7124 
01000
01100
01010
01100
01001
00000
01100
01000
00000
01100
01000
01100
01100
00000
01100
01000
10000
01100
01000
00000

//
segsites: 10
positions: 0.0478 0.4299 0.4385 0.4535 0.4958 0.5056 0.5491 0.6431 0.6701 0.7903 
0001001000
1100001000
0100001000
0001001110
0100001000
0100001000
0100001000
0100001000
0100001001
0011001000
0001001000
0100001000
0000000000
0000000000
0100001000
0000100000
0000100000
0001011000
0001001000
0000000000

//
segsites: 14
positions: 0.0464 0.1885 0.2092 0.2220 0.3342 0.4036 0.4720 0.6291 0.7442 0.8264 0.8266 0.8765 0.9034 0.9515 
00000000100000
00001001000000
00000000100001
00000000011000
00001000000000
00010000000000
00010000000000
10001000000000
00000000100000
00000000100000
00100000000000
00001000000000
01000000000000
00000000000000
01000000000000
00000000001000
10001000000000
00000000000010
00000110000100
00000110000100

//
segsites: 12
positions: 0.0129 0.0694 0.1975 0.3252 0.3953 0.4114 0.5991 0.6824 0.7495 0.8127 0.8465 0.8869 
000000000100
100000000100
000000100100
000000000100
000000000100
000000000100
000000000100
000000001100
000000000100
010000000110
000100010001
000000000100
000000000100
000000000100
000000000100
001001000100
000010000100
000001000100
100000000100
000000000100

//
segsites: 15
positions: 0.0406 0.0793 0.1191 0.2119 0.2473 0.3864 0.4705 0.5448 0.6191 0.8677 0.8923 0.9078 0.9268 0.9783 0.9898 
010010000000000
000000000000000
000000010000100
000000000000000
000000000000000
001000000000000
000000000000000
000000000010000
000000111000100
000000000000000
100000000000000
000000000100000
000101000000000
000000010001100
000000000000010
000000000000000
001000000000000
000000000000001
000000000000000
000000000000000

//
segsites: 18
positions: 0.0663 0.1716 0.2675 0.2832 0.3090 0.3572 0.3876 0.4025 0.4126 0.5329 0.6409 0.6800 0.6962 0.7017 0.7547 0.9135 0.9181 0.9980 
001000000000000001
000000001100010000
000000001101000000
000000100000001000
010001000000000000
000000000000000010
000000000000000000
000000100000001000
000000100000001000
100000000000000000
010001000000000000
000000100000001000
000100000000000000
000010000000000000
001000000000000001
000000000000000000
010001000000000000
010001000000000000
000010000000000100
000000010010100000

//
segsites: 7
positions: 0.0346 0.1508 0.3326 0.4363 0.4489 0.4531 0.5629 
0000000
0000000
0001100
0101100
0000000
0101101
0000000
0000000
0101100
0000000
0000000
0000000
0000000
0000010
0000000
0010010
0001100
0000000
1000000
0000000

//
segsites: 11
positions: 0.1539 0.3279 0.4377 0.4498 0.4934 0.6683 0.8737 0.8992 0.9022 0.9205 0.9513 
00000000010
00000000100
00001001010
00000000010
00100000000
00000000010
00000000000
00000000100
00100010000
10100100001
00000000000
00110000000
00000000010
00000000010
00000000000
00000000100
00000000010
00000000100
01000000010
00000000100

//
segsites: 13
positions: 0.0361 0.1559 0.2129 0.2134 0.2136 0.4806 0.5157 0.6214 0.6462 0.7687 0.7740 0.8435 0.9791 
0000000001000
0001000000100
0000001001000
0000000001000
0100000000100
0000100000100
0000000001000
0010000000100
0000010011000
0000000001000
0000000000100
0000000001000
0000000001000
0000000000100
0100000000100
0100000100100
0000000000110
0000100000101
0001000000100
1000000001000

//
segsites: 14
positions: 0.0438 0.0502 0.0617 0.1009 0.1407 0.2495 0.2715 0.4715 0.4886 0.6658 0.7891 0.8557 0.8771 0.9849 
00100010000100
00000100000101
00010010000100
00100010000100
10000001100010
10000001101000
00000100010101
00100010000100
00000000000101
10000001100000
00010010000100
10000001100000
00001100010101
00000100000101
00100010000100
00000000000101
11000001100000
00000000000101
00010010000100
00000100000101

//
segsites: 14
positions: 0.0549 0.1002 0.1956 0.2192 0.3156 0.3900 0.4326 0.4328 0.5795 0.6313 0.7416 0.8690 0.9178 0.9373 
00000000000100
10000000000100
10000100000100
00000000100110
00100001000001
00001000000110
10000100010100
01010000000100
00000000000100
10000000000100
00000010000100
00000000000001
00000000100110
10000000000100
00000000000100
10000000000100
00000000000100
00000000000001
00000000001100
00000000000100

//
segsites: 11
positions: 0.0170 0.1871 0.2079 0.2196 0.5187 0.5416 0.6271 0.6928 0.8325 0.8756 0.9927 
00001000000
00000000000
00000000000
00000000000
00000000000
00000000000
00000000001
10010000010
10110110000
11010000000
10010010000
00000000100
00000001000
10010000010
00000000000
10010010000
00000000000
10010000010
10010010000
00000000000

//
segsites: 14
positions: 0.0057 0.0473 0.0789 0.1692 0.2456 0.3573 0.4950 0.5268 0.5497 0.6132 0.6428 0.7533 0.7823 0.9158 
00000000000100
00000100000000
00000100000000
00101001000000
00001001000000
00101001010000
00001001000010
00001001000000
00001001000000
00000000000000
01000000000100
00101001010000
00000010100000
00001001000000
00101001000001
00000000000000
10011001000000
00101001001000
00001001000000
00001001000000

//
segsites: 7
positions: 0.0748 0.0883 0.2345 0.5100 0.5483 0.6443 0.8145 
0000000
0000000
0000001
0100000
0100000
0000010
0000000
0000000
0001000
0000100
0010001
0000001
0100000
0000000
0000100
0000000
1000000
0001000
0000000
0000000

//
segsites: 9
positions: 0.0146 0.2068 0.2589 0.2987 0.3893 0.4359 0.7663 0.8002 0.8929 
000000000
000000100
010001000
000000000
000100010
001010000
000000010
010001000
000000000
000000000
000000000
010001000
100000100
000000101
010001000
010001000
000000100
000000000
010001000
000000000

//
segsites: 11
positions: 0.0326 0.1377 0.1487 0.1830 0.3208 0.3468 0.3623 0.4124 0.6750 0.7927 0.8629 
00010000000
10000010000
00000000000
00000000000
00000000000
00000010000
00000000000
00000000000
00000000000
00000001000
01000000100
00000000011
00000000000
00010000000
00100000000
00001100000
00000000000
00000000000
00000000000
00000000000

//
segsites: 19
positions: 0.1186 0.1963 0.4475 0.4585 0.4594 0.4922 0.5797 0.6203 0.6681 0.6901 0.7048 0.7794 0.8000 0.8117 0.8713 0.8753 0.8774 0.9357 0.9885 
0000000111000001000
0000000111000101000
0000010111000000000
0001000000001000000
1000101000000000000
0000000111000000000
0000000111000000010
0000000111000001000
0000000111000001000
0001000000000000101
0000000111000000000
0000000111000000000
0001000000100010000
0000000111000001000
0000100000000000000
0101000000000000001
0001000000000000001
0000000111000000000
0000000111010000000
0010000111000000000

//
segsites: 11
positions: 0.0213 0.2302 0.2420 0.2470 0.3688 0.4430 0.4792 0.5891 0.6804 0.6956 0.7390 
00000000000
00000000000
00000000000
00000000100
00000000001
00100001001
00000000000
00000000000
00000100000
00000000000
00000000000
10000000000
00000000000
00000000010
01000000000
00000010000
00011000001
00000000000
00000000000
00000000100

//
segsites: 9
positions: 0.0185 0.0885 0.1884 0.1931 0.2782 0.5528 0.7761 0.7837 0.8919 
000010000
010000000
000000000
001000000
000000010
010000000
001000000
001000000
000000000
000010000
001000000
000001000
100001000
010000000
001000000
010000000
000000000
000000101
000001000
000100000

//
segsites: 13
positions: 0.0328 0.1455 0.3053 0.3213 0.5863 0.7266 0.7593 0.7784 0.7865 0.8429 0.8507 0.8562 0.9378 
0000001100000
0000000000010
0000000010000
0000000000000
0000000100000
0000000000000
0000000010000
0001000000000
0000000000001
0000000001000
0100000000000
0010000000000
0000000010000
0000000000000
0000010000000
0000100010100
0000000000000
0000000000000
1000000000000
0000000000000
