./ms 20 1 -t 20 -G 59.91465 -eG 0.05 0 
20340 49850 53259

//
segsites: 11
positions: 0.1319 0.2039 0.3052 0.4357 0.6717 0.8163 0.8317 0.9100 0.9372 0.9705 0.9833 
00000000000
00000000000
00000000000
00000000100
00100000000
00000000000
10000100000
00000010000
00000000000
00010000000
00010000000
00000000000
00001000000
00000000000
00000000000
01000000000
00000000000
00000001011
00000000100
00000000000

//
segsites: 9
positions: 0.1142 0.1358 0.1896 0.2528 0.3600 0.7849 0.8099 0.8246 0.9129 
000000000
000010000
100000000
000000010
000000100
000000001
000001000
000000000
000010000
000000000
010000000
000001000
000000000
000000000
000000000
000100000
001000000
000000000
000000010
000000000

//
segsites: 8
positions: 0.2509 0.2663 0.3961 0.5950 0.8538 0.8995 0.9428 0.9722 
00000000
00000000
00000101
00000000
00110000
00000000
00000000
10000000
00000000
00000000
10000000
00000000
10000000
00000010
00000000
00000000
00010000
01000000
00001000
00001000

//
segsites: 11
positions: 0.0602 0.1141 0.1266 0.3857 0.3891 0.5041 0.5562 0.6100 0.6562 0.8628 0.9686 
00000000110
01000000000
00000000000
00010000000
00000010001
00000010001
00001000000
00000000000
00000010001
10000100000
00001000000
00000010001
00000010001
00000000000
00000000100
00000001000
00000010001
00000000100
00100000000
00000000000

//
segsites: 9
positions: 0.0717 0.0755 0.1189 0.1241 0.2239 0.2761 0.2796 0.6466 0.7713 
000000000
000000000
111000100
000000000
001000100
000000000
111000100
001000100
000000000
000010000
000000000
000000001
000000000
000000000
000000000
000100000
001000100
000001010
000000000
000000000

//
segsites: 6
positions: 0.0048 0.1109 0.3045 0.6014 0.6745 0.9572 
000000
000000
000000
000000
000000
000000
100000
000000
000000
010100
010000
000001
010000
010000
000000
000000
000000
010000
001000
000010

//
segsites: 13
positions: 0.1933 0.2274 0.2412 0.3509 0.5491 0.6901 0.7155 0.8130 0.8504 0.8676 0.8980 0.9078 0.9316 
0000001000000
0100000000000
0000000000000
0000000000010
0000000000010
0000000000000
0000000000001
0011000001010
0000010000000
1000000100000
0000010000000
0000000010100
0000100000000
0000000000000
0000000001010
0000000000001
0000000000000
0000000000000
0000000000010
0100000000000

//
segsites: 9
positions: 0.2532 0.3004 0.3197 0.3687 0.4111 0.5570 0.7651 0.7772 0.9547 
100000000
000000000
010001000
000001001
000001000
000001000
000001000
000001000
000000000
000001000
000000000
000000000
000011000
000001000
001101000
000000010
000000100
000001000
000001000
000001000

//
segsites: 7
positions: 0.3300 0.3517 0.6249 0.6502 0.7861 0.8958 0.9607 
0000000
0000000
0000010
1000000
0000100
0000000
0000000
0000000
0001000
0000000
0100000
0000000
0000000
0000001
0000000
0000000
0000000
0000000
0000010
0010010

//
segsites: 7
positions: 0.3125 0.4173 0.4902 0.5768 0.6138 0.6564 0.8357 
0000000
0000000
0001000
0000101
0000000
0000010
1010000
0000000
0000000
0000000
0000000
0000000
0000000
0000000
0000000
0000000
0000000
0100000
0000000
0000010

//
segsites: 13
positions: 0.3374 0.4259 0.4308 0.4683 0.5924 0.6282 0.7187 0.7317 0.8730 0.8749 0.9225 0.9382 0.9476 
0000000110100
0001000010000
0000000010000
0000000010000
0000000010100
1000000010000
0000000010000
0010000000000
0000100010000
0010010000000
0000000010000
0000000010000
0100000010000
0000000010000
0000001010000
0000000010100
0000000010011
0000000010000
0000000011100
0000000010100

//
segsites: 13
positions: 0.0140 0.0300 0.0493 0.0882 0.2658 0.4520 0.5255 0.5716 0.6501 0.7485 0.8613 0.8993 0.9849 
0000100001000
0000000001000
0000000001000
0000000001100
1001000000001
0111000100001
0000001001000
0000000001000
0001000000001
0001010000001
0001000000001
0000000001000
0000000001000
0001000000011
0000000011000
0000000001000
0000000001000
0000000001000
0001000000001
0000000001000

//
segsites: 12
positions: 0.0135 0.0157 0.1635 0.1640 0.1652 0.2400 0.5338 0.5368 0.5471 0.6089 0.6894 0.8287 
000000100000
000000000000
000001000100
000010000000
000000000000
000000000000
110100000000
010000000000
010000001010
001000000100
000000000000
000010000000
000000000000
000000010000
001000000100
010000000000
010000000000
000000000100
000010000000
000000000001

//
segsites: 9
positions: 0.0392 0.1755 0.1787 0.2661 0.2749 0.4347 0.5048 0.8164 0.8600 
001010000
001010000
010000000
010000000
010000000
001010000
001010000
010000000
010100000
001010000
010001110
010000000
001010000
010000000
010000000
010000000
010000000
001010001
010000000
110000000

//
segsites: 12
positions: 0.0421 0.1990 0.2293 0.2509 0.4566 0.4622 0.5317 0.6604 0.7034 0.7716 0.8434 0.9937 
100000000000
010000000000
000000000000
000001100000
001000000000
000000000000
000100000000
000000000100
000000001000
000000000000
000000000000
000000000010
000000000001
000000000000
000000000000
000000000000
000000000000
000000000000
000000001000
000010010000

//
segsites: 13
positions: 0.2074 0.2465 0.2784 0.2944 0.3912 0.4766 0.5021 0.5571 0.5706 0.6885 0.8384 0.8398 0.8674 
1000000000000
0001000101000
0101000001000
0001000101000
0010000000001
1000000000000
0001000001000
0000000010110
1000000000000
0001010001000
1000000000000
0001001001000
0010000000001
0001000101000
0001000101000
0000000000000
0001000101000
1000000000000
0001000101000
0001100101000

//
segsites: 12
positions: 0.0110 0.0285 0.1207 0.2548 0.3155 0.4129 0.4348 0.5474 0.5824 0.6906 0.6938 0.9991 
010110000000
000000110000
000100000000
000100000000
010110000000
000001110111
000001110100
100100000000
000100001000
000001110110
000001110100
001100000000
010110000000
001100000000
000100000000
000100000000
000001110110
000100000000
000100000000
000100000000

//
segsites: 10
positions: 0.1160 0.1274 0.1631 0.3896 0.4777 0.7358 0.7625 0.8082 0.9190 0.9503 
0001000000
1010010000
0000000000
1010010000
0000000011
0000000000
0001000000
0000000110
0000000000
0000000011
0000000000
0000000011
0000000000
0100001000
0001000000
0000000000
0000000110
0000000110
0000000000
0000100000

//
segsites: 18
positions: 0.1434 0.1756 0.1852 0.3032 0.4309 0.4488 0.4493 0.4665 0.5949 0.5978 0.6086 0.6781 0.6811 0.7435 0.7879 0.8075 0.8574 0.9181 
001000100000000000
001000000001000001
001010000000000000
011000000000000010
001000000000000000
001000010100000000
001000000100000000
100000000000100000
001010000000000000
001000000000000000
001010001000000000
001010000000000000
001000000000000100
001000000000000000
001000000100000000
001000000000000000
011000000000000000
001100000001010000
001001000000001000
001000000011000000

//
segsites: 13
positions: 0.1922 0.2375 0.2609 0.3471 0.3940 0.4060 0.5026 0.5339 0.6174 0.6595 0.7244 0.7702 0.8049 
0000000000000
0001010000100
0000000000000
1100000010011
0000000000000
0000000101000
0000000000000
0000000000000
1100000010011
0000000000000
0000000000000
0010000000000
0000000000000
0000000000000
0000000000000
0000000000000
0000000000000
0000000000000
0000100000000
0000001000000

//
segsites: 7
positions: 0.0406 0.1271 0.2051 0.3150 0.3822 0.4863 0.9879 
1000000
0000000
0000010
0000000
1000000
0000000
0000000
1010000
0000000
0000000
0100000
0000000
0000000
0000000
0000000
0000000
1000000
1000000
0000101
1001000

//
segsites: 14
positions: 0.0941 0.1279 0.1906 0.2639 0.3605 0.3916 0.7143 0.7392 0.7603 0.7715 0.7738 0.8468 0.9094 0.9292 
01000000000000
00100001000000
01001100001100
00000001000000
00000000000000
01000000000000
00000000000000
00000001000000
00000000000000
00000010000000
01000000000000
00000010000000
00000000000000
00000010000000
01000000000000
00000000100010
10000000000011
00000000000000
00000000000000
00010000010000

//
segsites: 11
positions: 0.0140 0.1243 0.1481 0.2016 0.3620 0.4221 0.4978 0.6363 0.6623 0.7671 0.7883 
01100100000
11000000000
01000100000
00000000100
00001000100
00000000100
00000000100
00000000100
01000000000
01010000000
00000000100
00000001100
00000000100
01000100010
01000000001
00000000100
01000000000
00000000100
00000000100
00000010100

//
segsites: 14
positions: 0.0501 0.1548 0.1750 0.2612 0.2783 0.4334 0.6491 0.7037 0.7082 0.8130 0.8220 0.8269 0.8357 0.8991 
01000000000000
10001000010010
00101000000101
00010000000000
10001000010010
00101000000000
00101001001000
00101000000000
00101000000000
00000010000000
00001000000000
00000100100000
00101000000000
00101000000000
00101000000000
00000000000000
00000000000000
00000000000000
00101000000000
10001000010010

//
segsites: 9
positions: 0.0665 0.0784 0.3658 0.4415 0.4575 0.4671 0.9768 0.9781 0.9864 
000101001
000000100
000101001
000000100
000010000
000000100
000010000
001100001
000000010
000010000
000000100
000101001
100010000
010000000
000000010
010000000
000010000
000010000
010000000
000010000

//
segsites: 10
positions: 0.0381 0.2513 0.2778 0.3516 0.3870 0.5543 0.7298 0.7568 0.8655 0.8692 
0110000100
0000000001
0000010000
0110000000
0000000000
0000000000
1000000001
0110000000
0000000001
0000000001
0000010000
0100001000
0110000000
0000000011
0001100000
0110000000
0110000000
0000000000
0000000000
0100001000

//
segsites: 11
positions: 0.0141 0.2035 0.2251 0.3021 0.3437 0.4043 0.5704 0.6556 0.7879 0.8461 0.8737 
00000100000
10001000000
10001001000
00000000000
10001000000
10001000011
10001000000
10001000010
10001010000
10101000000
10001000010
00000000000
10001000000
10001000000
00010000100
11101000000
10001001000
00000000000
00000000000
10001000000

//
segsites: 10
positions: 0.0809 0.2455 0.3461 0.4307 0.5135 0.5881 0.6286 0.6611 0.7358 0.7418 
0000001000
0100100000
0001001000
0000001100
0001001000
1100000010
1100000010
0000001000
0001001000
0000011001
0100000000
0001001000
0100000000
0000001000
0110000010
0100000000
0100000000
0000001000
0000001000
0100000000

//
segsites: 10
positions: 0.1976 0.2931 0.3473 0.3787 0.4057 0.5041 0.7024 0.7756 0.7971 0.8239 
0001000001
0000000000
0001000001
0100000000
0000000000
0100000000
1001000001
0001000001
0100000000
0001000001
0000000000
0001000001
0100000000
0000000000
0001010101
0110101000
0000000000
0001000011
0001000001
0001000001

//
segsites: 11
positions: 0.0702 0.4967 0.5123 0.5952 0.6193 0.6232 0.6376 0.7109 0.7286 0.8957 0.9807 
00000000000
00000000000
00000000000
00100000000
00100000000
00000000000
00001000000
00000100010
00011000000
00001000000
00000000000
00001001000
00000100000
10000100000
00000100110
00000110000
01000100000
00100000001
00000000000
00100000001

//
segsites: 9
positions: 0.0346 0.0407 0.2309 0.2345 0.2803 0.3644 0.4685 0.5753 0.9202 
000001000
000001000
100100000
000100000
001100011
000001000
001100001
010100000
000100000
000100000
000110000
000100000
000100100
000100000
000110000
000110000
000100000
000100000
000100000
000100000

//
segsites: 8
positions: 0.0547 0.0557 0.4635 0.7678 0.8916 0.8958 0.9092 0.9704 
00000000
00000000
10000000
00000000
01101000
00000000
00000001
10000000
00010000
00000000
00000011
00000000
00100000
00000000
00101000
00000000
00000000
10000000
00000000
00000101

//
segsites: 17
positions: 0.0866 0.0877 0.1176 0.2715 0.2891 0.3030 0.3190 0.3199 0.3682 0.5578 0.6125 0.6203 0.6912 0.8458 0.8656 0.9200 0.9315 
01100000010001000
00011000100000001
01100000010001000
10010000000000000
10010010000000000
01100001010001000
10010010000000000
01100001010001110
01100000010101000
10010010000000000
10010010000000000
10010010000000000
10010010000000000
00011000100000001
00010000100000000
00010000100010000
01100000010101000
01100001010001010
00010100100000000
01100001011001000

//
segsites: 10
positions: 0.0137 0.1339 0.1885 0.6334 0.7179 0.8100 0.9153 0.9360 0.9378 0.9551 
0010010100
1001100000
0000010000
0000000000
1001100000
0000000000
0100000000
1001100000
1001100000
0000000000
1001100000
0000000010
0000010001
1001100000
0000010000
0000010000
0000010000
1001100000
0000000000
1001101000

//
segsites: 14
positions: 0.0588 0.0815 0.3176 0.3284 0.4708 0.5135 0.5850 0.6506 0.6653 0.7411 0.7541 0.9252 0.9301 0.9612 
10000010000000
00100100001000
00000000000000
00001000000000
00000010000000
00010000000010
01001000000000
00000000101000
00000000000001
00000001000101
00001000000000
00000000000101
00000000001000
00000000000000
00000000001000
00001000000000
00000010000000
00001000000000
00000000010000
00000000000000

//
segsites: 15
positions: 0.0483 0.0565 0.0988 0.1723 0.2332 0.2775 0.3372 0.3587 0.3893 0.5610 0.6994 0.7218 0.8308 0.8499 0.8628 
100000100000010
100000000000010
100000000000010
011000000000001
100000000010000
011000000000001
100000100000010
100001000010100
011000000000001
011000010000001
011110000000001
100000001001000
100000000000010
100000000000010
011000010000001
100000000000010
100000100000010
100000100000010
100000000000010
011000000100001

//
segsites: 6
positions: 0.1024 0.1542 0.1555 0.3035 0.8880 0.9343 
000000
001000
000000
001000
000000
000000
100000
000010
000000
010010
000000
000000
000000
100000
000000
000001
000000
000100
000000
000000

//
segsites: 10
positions: 0.0733 0.3016 0.3210 0.5142 0.5177 0.5994 0.7430 0.7656 0.8838 0.9222 
0101100000
0101000000
0000001000
0000000000
0101100000
0101100000
0101100000
0000000000
0000000001
0000000000
0000010000
0000000100
1101100000
0000000000
0111100010
0101000000
0000000000
0101100000
0101100000
0000000000

//
segsites: 13
positions: 0.0000 0.0344 0.0613 0.0777 0.2739 0.3289 0.5280 0.6533 0.6869 0.7435 0.7780 0.9839 0.9984 
0100111001001
0010111000001
0000000000000
1000111000001
0000111000001
0000000000000
0000000000010
0000111000001
0000000000000
0000111010001
0000000000000
0000111000101
0000000000000
0000000000000
0000000000000
0000000100000
0000111000001
0001000000000
0000111001001
0000000000000

//
segsites: 11
positions: 0.2134 0.2394 0.2415 0.2794 0.3840 0.3998 0.4045 0.5402 0.6612 0.7477 0.8213 
00000000000
00000001001
00000000000
00001000010
00000000001
00100000001
00010000001
00000100000
00000000000
00000000000
00000000000
11000000000
00000000001
00000000000
00000000000
00000010000
00000000000
00000000000
00000000101
00000000001

//
segsites: 9
positions: 0.0431 0.1363 0.2047 0.3235 0.3950 0.4797 0.7138 0.7572 0.7990 
000000000
000000000
010000000
000010110
000000000
000000000
000000001
000010110
000000000
000000000
010000000
000000000
001000000
010000000
000000000
100000000
001100000
000001000
000010110
000010110

//
segsites: 14
positions: 0.1202 0.1320 0.1579 0.1584 0.2440 0.2495 0.6568 0.7612 0.8059 0.8091 0.8563 0.8777 0.9807 0.9972 
01010100000000
00010100000000
00010100000000
00000001001100
00000001111110
00000001001100
00010100000000
01010100000000
00010100000000
01010110000000
00000001101101
00000001001100
00010100000000
00010100000000
01010100000000
00100001001100
00000001101100
00010100000000
10001001001100
00000001101100

//
segsites: 9
positions: 0.0601 0.2132 0.3750 0.7207 0.7703 0.8137 0.8234 0.9382 0.9850 
000000000
010000000
000000000
000101101
000010000
000010000
000010000
000100101
000100101
100000010
100000010
000010000
000000000
100000010
000010000
001010000
000000000
000100101
000000000
000000010

//
segsites: 5
positions: 0.4132 0.5927 0.6792 0.9468 0.9503 
00001
00000
10000
00000
00000
00000
00000
00000
00000
00000
00000
00000
00001
00000
00010
00000
01100
00001
00000
00000

//
segsites: 10
positions: 0.2145 0.2684 0.4034 0.4423 0.6814 0.7663 0.8289 0.9314 0.9570 0.9686 
0000000010
0000000010
0000000010
1000000000
0000010000
0101001001
0000000100
0000000000
0001000001
0000000010
0000000000
0000000010
0001100001
0000000100
0000000000
0010000010
0000000000
0000000000
0101001001
0000000000

//
segsites: 7
positions: 0.3378 0.4101 0.4363 0.5683 0.6935 0.8410 0.9447 
0100000
0000000
0100000
0000000
0000000
0000001
0000100
1000000
0010000
0100000
0000000
0100000
0000110
0000000
0001000
0000000
0000000
0000000
0000000
0100000

//
segsites: 8
positions: 0.0160 0.1953 0.2534 0.4127 0.4778 0.6213 0.7629 0.9443 
00000000
00000000
00000000
00000000
00000000
00001000
00000000
00001000
00001000
00100000
00000100
00000000
00001000
10001000
00000000
00000000
00000001
00000000
01010001
00001010

//
segsites: 12
positions: 0.0336 0.1191 0.1718 0.2123 0.2619 0.2970 0.3083 0.4029 0.4558 0.5532 0.6950 0.9938 
000000000001
000000000000
000000110000
000000001000
010001000000
000100000000
000000000001
000000110000
000000000000
000000000000
000100000000
000000000000
000100000000
000100000100
001000000000
000010000011
000000110000
000000110000
110001000000
000000000000

//
segsites: 13
positions: 0.0454 0.0669 0.1712 0.1792 0.2780 0.2918 0.3382 0.4982 0.5037 0.5329 0.6200 0.7025 0.8025 
0000100000000
0000100000000
0000100100000
0001100000000
0000000000011
0000100000100
0000100000000
0000100000000
0000100001000
0000100000000
0000100000000
0010000000010
0000000000011
0000100100000
0000000000011
0000100000000
1000100000000
0001100000000
0100001000011
0000110010000

//
segsites: 12
positions: 0.0941 0.1314 0.1514 0.2398 0.4214 0.4766 0.6295 0.6902 0.7221 0.8080 0.9680 0.9978 
000000000000
101000000000
000100100100
100000000000
000110100100
000100100100
000000101000
000000000000
000000101000
100000000000
000001000000
000000000000
100000000000
000000100000
010100100100
000000000000
000000000011
000100110100
000100110100
000000101000

//
segsites: 12
positions: 0.0049 0.0514 0.0666 0.2836 0.4058 0.4127 0.4466 0.5223 0.6323 0.6601 0.8272 0.8811 
001000000100
100000100010
000000000000
000000000000
000000000000
000011000000
000011000000
000100000000
100000010011
000000000000
000000000000
000000000000
000000000000
000000000000
000000001000
100000000011
000000000000
010000000000
000001000000
000000000000

//
segsites: 9
positions: 0.0985 0.1533 0.1604 0.2439 0.3695 0.4281 0.4471 0.6440 0.8039 
000000010
000101010
000001010
000101010
000101010
000001110
000001010
000101010
010000010
000000010
000001010
000000001
000101010
000011010
001001010
000001010
000001010
100101010
000001010
000000010

//
segsites: 11
positions: 0.0636 0.1293 0.1659 0.2027 0.2159 0.4742 0.5055 0.5944 0.6855 0.9021 0.9773 
00100000000
00010000000
10000101001
00000000000
00000000000
00001000000
00000000000
00000000100
10000101001
10000101000
00000000000
00000010000
00100000000
00000010000
01000000000
01000000000
00000000000
00000000000
00000000000
00000000010

//
segsites: 13
positions: 0.0599 0.3419 0.4049 0.4944 0.5063 0.5950 0.6085 0.6561 0.6946 0.7770 0.8437 0.8999 0.9576 
0000000000000
0000000000000
0000000000010
0000000000000
0000000000000
0000000000000
0001000000000
0000000000010
0000001100001
0010000000000
0000000000000
0000010000000
0000100010000
0000000000010
0000000001100
0000000000000
0000000000000
0000000000100
1100000000000
0000000000010

//
segsites: 5
positions: 0.1505 0.2565 0.3430 0.3779 0.4153 
10010
00000
00000
00000
00000
00000
00001
00000
00001
00000
00001
00000
00000
10010
10010
00000
00000
00000
00000
01100

//
segsites: 8
positions: 0.1296 0.1584 0.2340 0.3315 0.4505 0.5101 0.5524 0.7209 
00000001
00001100
00000000
00010000
00000000
00000000
00010000
00000001
00000001
00000000
01000000
00000000
00001110
00100000
00010000
10001100
00000001
00000000
00000000
00000000

//
segsites: 8
positions: 0.0360 0.2319 0.2357 0.2993 0.4505 0.7976 0.8538 0.9810 
00001000
00000000
01000011
00000000
01000000
00000000
00000000
01000100
00000000
01000000
01010000
11000000
01000000
01000000
00000000
00100000
00000000
00000000
01000000
00000000

//
segsites: 9
positions: 0.0300 0.3371 0.3457 0.5234 0.5918 0.6944 0.7305 0.9418 0.9491 
000000000
000000010
000000000
000010000
000000000
000000000
000000000
001010000
000000000
000000000
000000010
000000100
000100000
110000000
000000101
000000000
000001000
000000000
000000100
000000000

//
segsites: 10
positions: 0.0238 0.0721 0.0972 0.1456 0.1727 0.2565 0.3241 0.4408 0.4815 0.7004 
0000000010
0000000000
0001000000
0100000000
0000000010
0010000000
0000000000
0000001000
0000000000
0000000001
0000000000
0000000010
0000000000
0000100100
1000000100
0000010000
0000010000
0000000000
1000000100
0000000000

//
segsites: 16
positions: 0.0316 0.0407 0.2310 0.2778 0.2928 0.3014 0.4667 0.5911 0.5988 0.6419 0.6434 0.7251 0.8778 0.8993 0.9738 0.9826 
0010000110000100
0010000110000100
0000000100001101
0000000101010100
0000000100010100
0000000100000110
0000000100010100
0000000100001100
0010000110000100
0101000000100000
0001000000100000
0001100000100000
0000000100010100
0000000100000110
0000000100010100
0010010100000100
0000000100010100
1000000100000100
0000000100010100
0000001100010100

//
segsites: 9
positions: 0.1278 0.5426 0.5549 0.5900 0.7136 0.8518 0.9197 0.9502 0.9648 
000001000
001010000
010000000
001010000
100001000
001000000
000001001
000001000
000000010
000001000
000001000
001000000
000001000
000001000
000000100
000001000
000001000
001000000
000000000
001100000

//
segsites: 8
positions: 0.1453 0.2689 0.2935 0.5090 0.6445 0.7184 0.7718 0.8092 
01000000
01001000
00000000
01000100
01000100
11000100
01000000
00000011
00000011
01000100
00000000
01100000
01000000
01000100
11000100
01000000
01000100
00000000
01000000
01110000

//
segsites: 3
positions: 0.3135 0.4904 0.8341 
000
000
000
000
000
000
000
000
000
000
011
000
000
000
000
100
000
000
000
000

//
segsites: 14
positions: 0.0371 0.0659 0.1261 0.3372 0.3682 0.3774 0.4950 0.5401 0.5889 0.6085 0.6635 0.8195 0.8538 0.8714 
00000100100001
01000100100000
10000000010000
00000101100000
10000000010000
10000010010000
00010100100100
00011100100000
00010100100000
00010100100000
10000000010000
01000100100000
00010100100000
10000000010000
00010100100100
10000000010000
10000000010000
01000100100000
00010100101010
00110100100000

//
segsites: 10
positions: 0.0549 0.0664 0.2071 0.2720 0.2803 0.3530 0.4600 0.4838 0.7011 0.7380 
0010000000
0010000000
0001000000
0101000000
0001000000
0010000000
0000000011
0001000000
0000001000
1001000100
0010000000
0001000000
0001000000
0001000000
0001000000
0000000000
0001000000
1001000000
0000001000
0001110000

//
segsites: 9
positions: 0.1497 0.1906 0.3079 0.4075 0.4594 0.6863 0.7806 0.8069 0.8581 
000000000
000000000
000000010
000000000
010001000
000001000
000001000
001000000
000000000
000000000
000001000
000000001
000011000
100000000
000000000
000000000
000001000
000100000
000000000
000001100

//
segsites: 11
positions: 0.0104 0.2251 0.4044 0.5217 0.5641 0.6062 0.6811 0.7766 0.8340 0.9623 0.9691 
00000000001
10000000000
00010010001
00000000001
00000000000
00000000001
10000000010
10000000000
10001000000
10001000000
10001000000
00000000000
10001100100
10001000000
00000000001
10000000000
01100001000
00000000001
00000000001
00000000001

//
segsites: 16
positions: 0.0783 0.1052 0.1704 0.1760 0.2413 0.3601 0.4195 0.4358 0.4939 0.6452 0.6828 0.8176 0.8253 0.9251 0.9548 0.9810 
0000101010000000
0000101000000000
0000101000100000
0000101000000000
0000101000000000
0101000000010010
0000101000000000
0101000000000110
0101000000001010
0101000000000010
0000101101000000
0101000000000010
0000101000000001
0101010000010010
0000101100000000
0000101000000000
0000101000000000
0000101000000000
0000101010000000
1010101000000000

//
segsites: 14
positions: 0.0119 0.0375 0.1699 0.3002 0.4392 0.4651 0.5909 0.6609 0.7324 0.7465 0.7512 0.8139 0.9855 0.9886 
00000000000000
01000001001000
10110000000000
00001000000001
00010000000000
00000000000100
00000000000000
01000001001000
10110000000000
00000000000000
00000000000000
00000000000000
00000010000000
00000000010000
00000000100000
00000000010010
00000000000100
00000100000000
00000000100000
00000000100000

//
segsites: 12
positions: 0.0649 0.1780 0.2797 0.3385 0.4115 0.4954 0.5239 0.6059 0.6323 0.7343 0.7877 0.8825 
010000000001
000010001010
011101000000
010000000101
000010001000
010000000101
010000000001
000010001010
010000000001
000010001000
010000000101
010000000101
010000000001
010000000001
000010101010
010000000001
000010001010
111000000000
000010001010
010000010001

//
segsites: 11
positions: 0.0775 0.1538 0.2031 0.2785 0.5371 0.5587 0.7438 0.7645 0.8131 0.8311 0.8363 
00010100000
00000001100
01000010000
00000000010
00001000010
01000010000
00000000000
01000000000
00000000010
01100000000
00000000000
01000000000
01000000001
01000000001
10000000010
00000000010
00000000010
00000001100
01000000000
01000000000

//
segsites: 10
positions: 0.1088 0.1338 0.1372 0.2481 0.4072 0.6552 0.6770 0.7109 0.7802 0.9602 
0000011000
0000000010
0000000010
0000000010
0000000110
0000011000
0000000010
0000000010
0000010000
0000000010
0000000010
0000011000
0000010000
0001000010
0000010000
1100010000
0000010000
0010100010
0000011000
0000010001

//
segsites: 17
positions: 0.0042 0.1191 0.1251 0.2608 0.4070 0.4460 0.4684 0.4813 0.5877 0.6006 0.7326 0.7449 0.7964 0.8627 0.9574 0.9604 0.9965 
00010001000010000
00010001000110000
10101000000000000
00010001010010000
01010001000011001
00010001010010000
00010001000010010
00010001001010000
00010001010010000
00101000100000000
00010101010010000
00010001010010000
00101000000000000
00101000000000100
10101010000000000
00010001000010000
00010001000010000
00101000000000000
00010001000110000
00010001010010000

//
segsites: 11
positions: 0.0827 0.1220 0.1635 0.3378 0.3968 0.7216 0.7285 0.8399 0.8462 0.8990 0.9620 
00000000100
00000010010
00000100010
00100000011
00100000010
00100000010
00000000000
01000001000
00000000010
00001001000
00000001000
00100000011
01000001000
00010000100
00000001000
10000100010
00100000011
00000001000
00000000000
00100000010

//
segsites: 10
positions: 0.0724 0.1305 0.2592 0.2680 0.3326 0.4758 0.4801 0.5339 0.8615 0.8787 
0000000000
0001100000
0110000010
0000000000
0001000000
1000000000
0001110000
0001001000
0001001000
0001001000
0000000000
0001001000
0000000101
0001001000
0000000000
0000000000
0001001000
0000000000
0001100000
0000000000

//
segsites: 11
positions: 0.0851 0.1433 0.3076 0.3981 0.4962 0.5606 0.5607 0.6152 0.7949 0.8362 0.9390 
00000000000
00000000001
00000000000
00100100100
00100100100
00000000000
00000001000
00000001000
00000010000
00010000000
00000001000
00000000010
00000000000
00001000000
00000000000
11100100100
00000000000
00000000000
00000000000
00000000000

//
segsites: 11
positions: 0.1885 0.2435 0.4516 0.5697 0.6006 0.6303 0.6378 0.6807 0.7048 0.7195 0.9569 
00000000101
00010000011
00000010101
00110000001
00010000001
00001000101
00000000000
00010000001
00010000001
00010000001
10001000101
00000000000
00010000001
00000000000
00000010101
10001000101
01000001000
00000000000
00001100101
00000000101

//
segsites: 8
positions: 0.0756 0.0919 0.1270 0.3752 0.5441 0.7239 0.7316 0.9717 
01000000
00000000
00010010
00100000
00000100
00000001
10000000
10000000
00000100
00000000
00000100
00000000
00000010
00001000
00000000
00000010
00000000
00000000
00000000
00000000

//
segsites: 7
positions: 0.3244 0.3870 0.4894 0.6704 0.6787 0.9027 0.9903 
0010010
1000100
0000000
0001001
1100000
0000000
0000000
0000000
1000000
1000000
0000000
0000000
0000000
1000100
0000000
1000000
1000000
0000000
1000100
0001000

//
segsites: 5
positions: 0.1767 0.2380 0.2798 0.5381 0.7709 
01000
10001
00000
00010
00000
00000
00000
00100
00000
00000
00000
00000
00100
00000
00000
10001
00000
00000
00000
00100

//
segsites: 17
positions: 0.0698 0.1465 0.2521 0.3197 0.3772 0.4280 0.4369 0.5317 0.5961 0.6191 0.6199 0.6206 0.6909 0.7238 0.8580 0.9429 0.9496 
11011110000000000
00001110000010000
00000000000000000
00001110000100001
00001110001001000
00001110000000100
00000000000000000
00001111000000000
00001010000000000
00001110000000000
00001010000000000
00101110000000000
00001010000000000
00001110001001000
00001110100010000
00000000010000000
00000000000000000
00001110000000010
00000000000000000
00000000000000000

//
segsites: 12
positions: 0.1020 0.1196 0.3135 0.5054 0.5943 0.6388 0.6593 0.8814 0.9191 0.9198 0.9403 0.9824 
000000000100
000000000000
001000000000
000000000010
000000110000
000010000000
000000001000
000000000000
100000000000
000000000000
000000000000
000100000000
001000000001
000000000000
001000000000
001000000000
100000000000
001001000000
100000000000
011000000000

//
segsites: 16
positions: 0.0212 0.1974 0.3143 0.4357 0.4470 0.4662 0.5272 0.5579 0.5990 0.6689 0.7469 0.7777 0.8929 0.9034 0.9260 0.9333 
0001000000000000
0001000000000000
0001000010000100
0000000000100001
1011000000000010
0000010100000000
0001000000000000
0100000000100000
0001000000000000
0000000000110000
0000000000100001
0001000000000000
0000000000101000
0000000001101000
0000000000100000
0001000000000000
0001101000000000
0001000000000000
0001000000000000
0000000000101000

//
segsites: 5
positions: 0.2543 0.3285 0.4869 0.5468 0.8514 
00000
01000
00000
00000
00000
00000
00010
10000
00000
00000
00000
00000
00000
00100
00000
00010
00000
00000
00001
00000

//
segsites: 13
positions: 0.0604 0.0791 0.1618 0.1872 0.1959 0.4036 0.4379 0.4480 0.4713 0.6587 0.7605 0.8256 0.8496 
0000001010000
0000100010000
0010000100000
0000001010000
0000000100000
0000000100000
0100000100000
0000100010100
0000000100000
0000100010000
1000000000000
0000100010000
0000000100000
0000001010000
0000100010100
0001001011000
0000001010001
0000010100010
0000100010000
0000001010000

//
segsites: 12
positions: 0.0189 0.0932 0.1450 0.1725 0.2302 0.5049 0.5927 0.6327 0.7562 0.8721 0.8899 0.9661 
001010100000
001000100000
001001100000
100000010010
011000100000
001000100000
001000100000
100000000011
001001100000
001000100000
100000000011
001100101000
001000100000
100000010010
100000000010
001000100000
001000100000
100000000010
100000000011
001000100100

//
segsites: 19
positions: 0.0031 0.0704 0.0815 0.1600 0.2986 0.3219 0.4212 0.4600 0.5348 0.5884 0.5931 0.6268 0.6815 0.6854 0.7436 0.7662 0.9075 0.9273 0.9420 
0001000000000000000
0000000000000000000
0100010001000000000
0000000000001000000
0000010001000000000
0000000000000010000
0000010101000100000
0000010011000000010
0001000000000000000
1000000000000000000
0000000000000000000
0000010101000000000
0000000000000000000
0000010011000000010
0000000000000000000
0010000000000000100
0000010001000000000
0010000000000000100
0000000000000000000
0000101000110001001

//
segsites: 9
positions: 0.2406 0.3118 0.3262 0.4134 0.5786 0.5953 0.6664 0.8093 0.8691 
100001000
010000000
000010000
000000000
000010000
000010000
000000000
000010000
000000000
000000000
000000000
000010000
001010010
000000000
000000100
000100000
000010001
000010000
000010000
000000000

//
segsites: 7
positions: 0.0699 0.4181 0.5509 0.7832 0.7908 0.8525 0.8776 
0000000
0000000
0011000
0000000
0010000
0011000
0010000
0000000
0000000
1010000
0000000
0010000
0010000
0000100
0000000
0010000
0000001
0000010
0010000
0100000

//
segsites: 8
positions: 0.1214 0.1614 0.3883 0.4764 0.5078 0.5198 0.6798 0.9857 
10010000
10000001
10000000
10000000
10000100
10000001
01000010
00000010
00100000
01000010
00000010
10000001
00000010
10000001
00100000
10000100
00001000
01000010
00000010
10000001

//
segsites: 9
positions: 0.0294 0.3252 0.3903 0.4539 0.4703 0.5808 0.7346 0.7591 0.8296 
000000001
000000001
000000000
000001010
010000000
000000001
000100100
000000000
000000000
000000000
000000000
000000000
000000000
000000000
000000000
000000000
001000100
000000000
100010000
001000100

//
segsites: 16
positions: 0.0550 0.1159 0.2226 0.2404 0.3023 0.3039 0.3328 0.3349 0.3726 0.4225 0.4334 0.4816 0.7081 0.7159 0.8180 0.8876 
0000010100010001
0000010101010011
0000010101010001
0001010100010001
0000011101010011
0000010101010001
0100000010101100
0000010101010001
0100000010101100
1000000010001100
0000011101010011
0001010100010001
0010010101010001
0000010100010001
0000010100010001
0000010101010001
0000010100010001
0000110100010001
0000010100010001
0100000010101100

//
segsites: 10
positions: 0.0382 0.1288 0.2363 0.2560 0.3328 0.3909 0.4355 0.5710 0.8230 0.9742 
0001000000
0000010010
0000000000
0000010010
0000000000
0010000000
0000010000
1100100000
0001000000
0000010100
1100100000
0000000000
0000000001
0000010000
0000000000
0000001000
0000000000
0000000000
0000000000
0000000000

//
segsites: 17
positions: 0.0042 0.0466 0.1653 0.2906 0.4093 0.4120 0.5330 0.5529 0.5535 0.5887 0.5906 0.6138 0.7180 0.8260 0.8260 0.8355 0.9747 
00000001001000100
11000000000000000
10010000010000000
00000001001000100
00001001001010100
00000001001000100
10100100100001000
00000001001000100
11000000000100000
10000000000000000
00000001001000100
00000001001000100
00000011001000100
00000001001000100
00000001001000100
00000001001000101
10000000000000000
10000000000000000
00000001001000101
00000001001000110

//
segsites: 14
positions: 0.1753 0.2105 0.2551 0.5959 0.6588 0.6965 0.7300 0.7497 0.7539 0.7642 0.8205 0.8223 0.8915 0.9346 
00000000000000
00000000000000
00000000000100
00000010000000
10000000010010
00000000000000
01001000001001
00000000000000
00000100000000
00000000000000
00000000000000
00000000100000
00010000000000
00000010000000
00000000000000
00000000000000
00000000000000
00100001000000
00000000000000
00000000000000

//
segsites: 7
positions: 0.0284 0.5398 0.5586 0.5862 0.6583 0.6775 0.7222 
0000000
0100000
0000000
0000010
1000000
0000000
0000000
0000000
0000000
0000100
0000000
0000000
0000000
0000001
0000000
0000000
0010000
0001000
0000000
0000000

//
segsites: 16
positions: 0.0030 0.0378 0.0468 0.0981 0.2106 0.3035 0.3075 0.3238 0.3253 0.4017 0.5280 0.6783 0.7355 0.8108 0.9876 0.9994 
0000010100001000
0000010100001000
0000000000010000
0000000010001010
0000100001010001
1000000000001010
0000000000001000
0010000000010000
0010000000010000
0001001000110100
0100010100001000
0000000100001000
0000010100001000
1000000000001010
0000000000010000
1000000000001010
1000000000001010
0000000000001000
1000000000001010
0000000000001010

//
segsites: 15
positions: 0.0396 0.0455 0.1449 0.1574 0.2100 0.2862 0.3926 0.3998 0.4248 0.4312 0.5250 0.5971 0.7332 0.8372 0.9125 
000101001101100
001010100000000
000101001101100
000000110000000
000000100000000
100000000000010
000000100000000
001010100000000
000101001101100
000000100010000
010000000000000
001010100000000
001010100000000
010000000000000
000101001101100
000000100000000
000101001101100
000000100000000
010000000000001
000000100000000

//
segsites: 20
positions: 0.0111 0.0197 0.0391 0.0684 0.1601 0.1830 0.2982 0.3582 0.4280 0.5631 0.6076 0.6113 0.6118 0.7436 0.7704 0.8302 0.8942 0.8953 0.9363 0.9648 
00010000000010001000
00000010101000000010
00000000101100000000
00000101000010001000
00100000000010101000
00000000000010001001
00000000000010001000
00000000000010001001
00000000000011001001
00000001000010011000
00001010101000000010
01000000010010001001
00000000000010001000
00000000101100000000
01000000000010001001
00000000000010001000
00000000101100000000
10000000101000000100
00000000000010001000
10000000101000000100

//
segsites: 16
positions: 0.0336 0.1121 0.1597 0.2204 0.2324 0.2827 0.2898 0.3653 0.4701 0.4731 0.4969 0.7213 0.7810 0.7973 0.8297 0.9409 
0000001000000000
0000000011000000
0000001000000110
0000000101010000
0000000001010000
0000000001010000
0000101000000000
0000010001000000
0010000001101000
0000001000000100
0000001000000000
0000001000000100
0010000001000000
0000000001000000
0100000001000000
0000001000000101
1000001000000100
0101000001000000
1000001000000100
0000001000000100
