./ms 20 1 -t 20 -G 59.91465 -eG 0.05 0 
32883 28929 3173

//
segsites: 10
positions: 0.0432 0.0610 0.1844 0.3579 0.3927 0.4025 0.4057 0.4233 0.6854 0.9785 
0000000100
1000010000
0000000100
0000000100
0000000100
1000000000
0000001010
0000001000
0000001000
0000000100
0000000100
1000000000
0001000000
0100000100
0000000100
0010000101
1000100000
0000000100
0000000100
0000000100

//
segsites: 8
positions: 0.0278 0.0994 0.2034 0.3590 0.4572 0.4671 0.6266 0.7263 
00000000
00010000
10000000
00000000
10000100
01100000
00000000
00000000
00001001
00000000
00000000
00000000
00001001
00001001
00000000
00001011
00000000
00000000
00000000
00000000

//
segsites: 20
positions: 0.0177 0.0364 0.0830 0.0953 0.1530 0.2642 0.2730 0.3176 0.3426 0.3912 0.4188 0.4284 0.4989 0.5002 0.5997 0.6357 0.6905 0.7497 0.7695 0.9805 
00000110001000010000
00000000000010010000
00110000000000000000
00000000000010010000
00010000000000000000
00000110000001010000
00000000000100000001
01001000000000000000
00010001000000000000
00010000000000000000
00010000000000000000
00010000100000100000
01000000000000001110
10010000000000000000
00010000010000000000
00000000000000010000
00000000000100000001
00000000000010010000
00010000000000000000
00000000000100000001

//
segsites: 11
positions: 0.0015 0.1380 0.2227 0.2343 0.2987 0.3278 0.4886 0.5629 0.7319 0.8489 0.9045 
00000000000
00100010000
00100010000
01100000000
00000000000
00100001000
00111000000
00100000000
00100000010
00100000010
00101000000
00100010000
00000000001
00100000100
00100000000
00100110000
00000000000
10000000000
00100000000
00100000000

//
segsites: 13
positions: 0.0980 0.1743 0.2055 0.3644 0.4279 0.5063 0.5659 0.6081 0.7144 0.7186 0.8022 0.8556 0.9455 
0100000010110
0010110000000
0000000010100
0000000000000
0001000101000
1001000000000
0000000000000
0010100000000
1001000000000
0000000000000
0010101000000
0010110000000
0010110000000
0001000000000
0001000000000
0000000010000
0010100000000
0000000010101
0000000000000
1001000000000

//
segsites: 10
positions: 0.2248 0.2382 0.3954 0.5378 0.6140 0.6687 0.8237 0.8540 0.8624 0.9485 
0001010001
0001010001
0101010001
0000000000
0000010011
0000000000
0000010101
0000010001
0001011001
0011010001
0000010001
0000010001
1000100000
0000010001
0000000000
0000000000
0000010001
0000010001
0000010001
0000000000

//
segsites: 12
positions: 0.0132 0.0241 0.0755 0.1153 0.3729 0.4996 0.6070 0.6190 0.6491 0.6633 0.8540 0.8979 
000000000000
011100110100
011100110000
000000000000
011100110000
011100110000
011100110000
000000000000
000010000000
000000000000
011100110000
100000000000
011100110000
000001000000
011100110000
000000000000
011100110011
000010000000
000000000000
000000001000

//
segsites: 14
positions: 0.0252 0.1001 0.3259 0.3425 0.4467 0.5204 0.5869 0.7140 0.7305 0.7509 0.7725 0.7776 0.9212 0.9968 
00000000001000
00000000000000
00000001100000
00010000000000
00010000000001
00000000000000
10000000000000
00000000001000
01100000000000
00000000000000
00000000000010
00000000000000
00001010000000
00000000000000
00000000000000
00000000000000
00010000000000
00000101010100
00000000000000
00000000000000

//
segsites: 15
positions: 0.0424 0.1379 0.2297 0.2383 0.2987 0.3329 0.4125 0.4969 0.5818 0.6398 0.7433 0.7719 0.7774 0.8414 0.8476 
010100010001010
110100010000010
010100111010010
010100010100010
010100010000010
010100010000110
001010000000000
010100010100010
010100110010010
010100010001010
010100110000010
001010000000000
010101010100010
110100010000010
010100010000010
010100010000010
001010000000000
010100010000010
010100110000011
010100010000010

//
segsites: 11
positions: 0.0854 0.1107 0.1984 0.2715 0.3396 0.3681 0.4283 0.5368 0.7240 0.7596 0.9641 
00101000001
00101000001
00110000001
00101001001
00101000001
00000000000
00000010000
10101001101
00100000001
10101001101
00101101011
01101000001
00101000001
00000010000
00100000001
00101001001
00101000001
00101000001
00100000001
00101000001

//
segsites: 13
positions: 0.0043 0.0537 0.0836 0.1375 0.1725 0.3790 0.4315 0.6029 0.6168 0.6411 0.8571 0.9327 0.9384 
0000100100100
0100000000000
0000000000000
0001000100100
0000000000001
0000000100100
0000000000000
0000001000000
0000000000010
0000000100100
1000000100100
0000000000000
0000000001000
0000000000000
0000000000000
0010000100100
0000000000001
0000000000000
0000010000000
0000000010000

//
segsites: 12
positions: 0.1047 0.1431 0.1571 0.2650 0.3383 0.4988 0.5429 0.6084 0.6791 0.8492 0.8917 0.9627 
000000000001
000000000000
000000000000
000000010000
000001000000
000000000100
000010000000
000000000010
000010000000
000000000010
000000000000
000000100000
000000000000
000000000000
101000000000
000100000000
001000001000
000100000000
010000010000
001000001000

//
segsites: 20
positions: 0.0118 0.0314 0.0363 0.1076 0.1417 0.1596 0.2553 0.2636 0.2903 0.3969 0.4234 0.4303 0.4832 0.6204 0.6900 0.7044 0.7080 0.7741 0.8338 0.9042 
00000001000000000010
00000100000000000000
00010010000000000001
00000000000000001000
00000000000000000010
00000100000011000000
00001000000100000000
00001000000000000000
00000000000000000010
01001000000000000000
00010010000000000001
00000000000000000100
00000000000000000010
10000000001000010000
00100000010000000000
00000000000000000000
00000000100000000000
00000000000000000000
00001000000000000000
00100000000000100000

//
segsites: 10
positions: 0.0336 0.1120 0.1978 0.2075 0.2597 0.3041 0.5665 0.7135 0.7909 0.8073 
0000000010
0000001101
1000000000
1000000000
1100000000
1011000000
0000000001
1000000000
0000000010
1000000000
1001000000
1001100000
1000000000
1011000000
0000000010
0000000001
1000010000
1000000000
1011000000
0000000000

//
segsites: 6
positions: 0.0271 0.1553 0.3341 0.3838 0.4125 0.6681 
001100
000000
000000
010000
000000
000000
001100
000010
000010
100100
000000
000000
000001
000000
000000
001100
000000
000000
000001
000000

//
segsites: 7
positions: 0.1638 0.1913 0.2446 0.6121 0.7263 0.8128 0.8948 
0101100
0101000
0100000
0000010
0000010
0101100
0101100
0100000
0100000
0000010
0101000
0101000
0000011
0000010
0101100
0100000
1010010
0100000
0000010
0101100

//
segsites: 10
positions: 0.0401 0.0799 0.2827 0.3107 0.3896 0.4299 0.4644 0.5056 0.5129 0.9377 
0000000100
0010010000
0010010000
0010010000
0010010010
1010010000
0011010000
0100100000
0010010000
0010010001
0010010000
0010010000
0000000000
0010010000
0010010010
0010011001
0010010001
0010010001
0010010000
0000000000

//
segsites: 6
positions: 0.0846 0.0955 0.0958 0.1191 0.2640 0.8364 
010000
010000
010000
010000
010001
100000
010000
010100
010000
010000
010000
010000
010000
010000
010000
010000
010000
011000
010010
010000

//
segsites: 7
positions: 0.0571 0.1968 0.2250 0.2830 0.2971 0.3493 0.4006 
0001000
0000000
0001101
0001000
0001010
0101000
1001000
0001101
0011000
0001000
0001000
0000000
0001000
0001000
0000000
0000000
0101000
0000000
0000000
0001000

//
segsites: 13
positions: 0.0571 0.0657 0.0748 0.0814 0.3093 0.5509 0.6541 0.7112 0.7257 0.7257 0.9591 0.9717 0.9908 
0000000000001
1000001000000
0100010000000
0000000000000
0000000000000
0100010000000
0100010000000
0000000000000
0000000000001
0101010000000
0000000000000
0100000000000
0100000000000
0100000001000
0010100000000
0000000010010
0000000000000
0100000000000
0100010000000
0000000100100

//
segsites: 6
positions: 0.0625 0.1828 0.2391 0.5867 0.6456 0.9532 
100000
000000
001000
000100
000000
001000
000000
000000
001000
000000
000000
000000
001000
000000
000010
000000
000000
010001
000001
000000

//
segsites: 12
positions: 0.0885 0.1328 0.1911 0.3093 0.3717 0.4986 0.5727 0.5951 0.7093 0.8552 0.8560 0.9465 
000110000010
001100000010
100000000100
001100000010
110000000000
000000000000
000000000001
000000100001
000110000010
000000000001
100000000000
100000000000
000000011001
000100000010
000000000001
000001000001
000000100001
000000000001
001100000010
000000000000

//
segsites: 10
positions: 0.0869 0.1798 0.2455 0.2804 0.3119 0.4564 0.6454 0.7057 0.8073 0.9962 
0101000000
0101000000
0000000010
0000000000
0000100000
1000000000
0000010000
0000000000
0001000000
0000000000
0010000100
0000010000
0000000000
0000000000
0000000000
1000001001
0000000000
1000001001
1000000000
0000000010

//
segsites: 7
positions: 0.3924 0.4679 0.6456 0.6953 0.8178 0.9101 0.9980 
0010000
0010000
0000100
0100000
0011000
0010000
0010000
0000000
0010000
1000000
0100000
0010000
0000010
0000000
0010000
0000011
0010000
0010000
0010000
0010000

//
segsites: 15
positions: 0.0682 0.2025 0.2093 0.4367 0.4535 0.6087 0.6279 0.6411 0.6514 0.6848 0.7123 0.7720 0.8011 0.8101 0.8698 
000010000000000
000010000000000
000010100000000
000010000000000
000010000000000
000010100000000
000010000001010
000010000001010
000010000000011
000010001000000
100010000000000
000010100000000
000010000000100
011001000110000
001000000110000
000010001000000
000010000000000
000110010000000
000010000000000
000010100000000

//
segsites: 14
positions: 0.0094 0.0546 0.0593 0.1100 0.2334 0.2498 0.2912 0.3452 0.4931 0.5593 0.6952 0.7077 0.8409 0.9056 
00100000001000
00100000101000
10010000010000
00000000000000
00000000000000
00100000001000
00000000000100
00000000000000
01001000000000
00100001001001
00100000001000
00000000000010
00100000101000
00000000000000
00100000001000
00000000000000
00100001001000
00000000000000
00000000000000
00000110000000

//
segsites: 15
positions: 0.1689 0.1692 0.1844 0.1855 0.1898 0.2381 0.2679 0.3614 0.4123 0.5416 0.5988 0.6649 0.7591 0.9306 0.9349 
000010000100010
000010000000010
011010000000010
000010000000010
000010001000010
000100000000001
000011000100010
000010000001010
000100100000100
000010001000010
000010000001010
000100000000000
010010000000010
000010000000010
000010000000010
100010000000010
000010011000010
000010000010010
000010001000010
000100000000001

//
segsites: 5
positions: 0.1419 0.1612 0.3282 0.5850 0.7241 
00001
00000
01000
00000
00000
01000
00100
01000
00001
00000
00000
00000
10010
00000
00000
00010
00000
00010
00010
00100

//
segsites: 15
positions: 0.0858 0.1179 0.1223 0.2458 0.2678 0.3203 0.3433 0.4666 0.4959 0.6093 0.8113 0.9022 0.9203 0.9366 0.9910 
000000011000001
000000011000001
000001011100011
000000011000001
000011011000011
000000011000001
000000011000001
000000011000001
000000000001100
000000011000001
000000111000001
000000011000001
000000011000011
000000011000001
000000000010001
100000011000001
000000011000001
010000011000001
001000011000001
000100011000001

//
segsites: 9
positions: 0.0015 0.0424 0.1104 0.1862 0.2535 0.3726 0.4902 0.7711 0.9555 
000000000
000000000
000000000
010000000
110000000
110000001
000000000
010000000
000010100
000000000
000000000
000000000
000100010
001000000
000001000
000000000
000000000
000000000
000000000
000000000

//
segsites: 12
positions: 0.2483 0.2620 0.3542 0.4239 0.5671 0.6692 0.8269 0.8398 0.8797 0.9350 0.9365 0.9716 
000110000000
000000001000
000000000000
000000000000
000000000000
010000000100
000000010000
000000100100
001000000100
000001000000
000000000000
000000010000
010000000100
000000000100
000001000000
010000000100
100000000001
010000000100
000000000010
000000000000

//
segsites: 14
positions: 0.0610 0.0625 0.1836 0.3102 0.3130 0.4594 0.6176 0.6438 0.6710 0.7586 0.9233 0.9319 0.9380 0.9684 
00000000000000
00001000000001
00000000001000
01010010010000
00010000010010
00001000000001
10000000000000
00000000000000
00000000000000
00000100000000
00010000010000
00001000000001
00001000000100
00000000000000
10000000000000
00000000000000
00100000000000
00000000000000
00000000000000
00001001100001

//
segsites: 17
positions: 0.0089 0.1515 0.4498 0.5374 0.5578 0.5781 0.5897 0.6899 0.6979 0.7471 0.7536 0.7984 0.8665 0.8731 0.9183 0.9706 0.9834 
00000000000000000
00000000001000000
00100000100000100
00000000000001010
00000000000000000
00000000000001000
01000010001000000
00000101000000001
01000010001000000
00000000001000000
00000000000000000
00010000010000000
00000101000010001
00000000000001000
00000010001000000
00001001000000001
00000000000001010
00000010001000000
00000000000100100
10000000000000000

//
segsites: 12
positions: 0.1556 0.2743 0.3013 0.5000 0.5370 0.5865 0.5926 0.6106 0.6291 0.6960 0.7453 0.9996 
010000000000
000001000000
000010000000
000010000000
000000000010
000000000000
000100010000
000000001000
000000000000
000000000001
000100010000
000000000000
000000100001
000100000000
001000000100
100000000000
001000000100
000000000000
000000000000
000000100001

//
segsites: 6
positions: 0.0546 0.1845 0.3026 0.3797 0.6064 0.9393 
000000
000000
000000
000000
000000
010000
100000
000000
000010
000000
000000
000000
000000
000000
000000
000000
000000
000100
000000
001001

//
segsites: 14
positions: 0.0399 0.0787 0.1407 0.1984 0.2789 0.3088 0.3417 0.4678 0.6159 0.6994 0.8557 0.8770 0.8777 0.9558 
00000010100011
00000000000010
00000000000100
00100000000000
00000010100011
00000010100011
00000000000010
01000000000000
00000010100011
00000000100011
00000000100011
00010000010010
00100000000000
10000100000100
00001001000000
00000000000100
00000000100011
00000000001010
00000000000000
00000000000010

//
segsites: 7
positions: 0.0275 0.0821 0.4701 0.5553 0.8120 0.8151 0.9783 
0000000
0000000
1000000
0001000
0000000
0000000
0000000
0100100
0000000
0000000
0000010
0000000
0000000
0000000
0100100
0000000
0000000
0000000
0010000
0000001

//
segsites: 12
positions: 0.0125 0.0239 0.1036 0.1642 0.5477 0.6229 0.6400 0.8165 0.8246 0.8252 0.8947 0.9025 
000000000000
000001010000
010000000000
000010000010
000100000100
000000000000
000100000100
000000000000
000100000100
000000000000
000000000000
000001010001
100000100000
001000000000
000100000100
000000000000
000000000000
000100000100
000001010000
000000001000

//
segsites: 10
positions: 0.0094 0.1209 0.1866 0.3860 0.4613 0.4941 0.8180 0.8995 0.8998 0.9072 
0001000001
0001000000
0000011100
0001000000
0001100000
0101000000
0001000000
0000011000
0000011000
0001000000
0001000000
0000011000
0000011100
0000011100
0001000000
0011000000
1001000000
0001000000
1001000000
0001000010

//
segsites: 9
positions: 0.1106 0.1223 0.1437 0.2969 0.3480 0.3533 0.5640 0.8005 0.9411 
100000100
000010000
000000000
000000010
000010000
100001000
100000000
000000001
000000000
000000010
000000001
000000010
001000000
000000010
000010000
010000000
000010000
100001000
100100000
100000000

//
segsites: 15
positions: 0.0234 0.1086 0.1990 0.3838 0.4728 0.5130 0.5366 0.5763 0.6443 0.7530 0.7575 0.7808 0.8710 0.8834 0.9184 
000000100000000
000000000000000
000000010000011
000000001000000
000010000000000
010000000010000
000000000000000
000000000000000
000000100001000
001000100000000
100000000000100
000000100000000
010000000010000
000101000000000
000000000000000
000000000010000
000000000000000
000000000000000
000000000100000
000000000000000

//
segsites: 12
positions: 0.0597 0.1126 0.1382 0.1953 0.2575 0.4113 0.4523 0.4576 0.4623 0.6240 0.7095 0.9276 
000010100000
000100100000
000001000101
000001010001
000000100000
000000100000
000000101000
000000100000
000000100000
100000100000
000000100000
001001000001
001001000011
001001000001
000000100000
000001010001
000000100000
010000100000
000000100000
000001000101

//
segsites: 7
positions: 0.1323 0.3719 0.4558 0.4867 0.6312 0.8006 0.9537 
0000000
0000000
0000101
1000000
0001101
0000010
0000000
0000000
0000000
0010101
0001101
0000101
0000101
0000101
0100000
0000000
0000101
0000101
0001101
0000101

//
segsites: 9
positions: 0.1007 0.1484 0.4078 0.4218 0.4926 0.5157 0.6432 0.7063 0.8396 
000000001
000001000
000001000
000000001
000001000
011100000
000000001
000001000
000000001
000000001
000000001
000001000
000001000
000000000
000000001
100001100
000010010
000001000
000000000
000001000

//
segsites: 13
positions: 0.0024 0.0939 0.1848 0.2463 0.2656 0.2713 0.3768 0.5303 0.5355 0.7334 0.7535 0.8699 0.9735 
0000000000001
1000000110000
0000000000000
0000000000000
0000000000010
0010000000000
0000001000100
0000000000010
0000000100000
0000000100000
0000100000010
0001000000000
0000000000000
0100000000000
0000000000000
0000000000010
0000000000010
0000010000010
0000000001000
0000000000000

//
segsites: 10
positions: 0.1094 0.1201 0.1549 0.1961 0.2754 0.3806 0.4393 0.6711 0.8509 0.9356 
0000000000
0000000000
0000000000
0000010100
0000000000
0000100000
0000000010
1000000000
0101001001
0000000000
0000000000
0000000000
0000000000
1000000000
0000000000
0101001001
0010000000
0000000000
0000000000
0000000000

//
segsites: 6
positions: 0.0914 0.2607 0.3995 0.4353 0.5394 0.9609 
000000
000000
000101
000000
000000
000000
000000
000000
000010
011000
100000
000000
000000
000000
011000
000000
000000
000000
000000
000000

//
segsites: 15
positions: 0.0135 0.0209 0.1187 0.1602 0.3387 0.4289 0.4318 0.4684 0.5552 0.5773 0.6089 0.7009 0.9043 0.9055 0.9814 
110000011100000
000000000000000
010000001000000
010000001011010
010000001000000
010000001000000
010000101000000
011000001000000
010000011000000
010000011000000
010001001000000
010000001000000
110000011100000
010000011000000
000010000000000
010000001000001
010000001000000
010000001000000
010000001000100
000100000000000

//
segsites: 7
positions: 0.0626 0.4857 0.6819 0.7327 0.8522 0.9816 0.9864 
0000001
0000000
0000001
0000001
0000010
1101000
0000001
0000001
0000001
0000000
0000000
0000000
0000000
0000000
0000101
0000000
0010001
0000000
0000000
0000001

//
segsites: 9
positions: 0.1487 0.1836 0.2176 0.2562 0.5276 0.5882 0.7722 0.8370 0.8850 
000010000
000000001
000000000
000010000
010001010
010000000
000000000
000010000
000010000
000100000
000000000
001000000
110000000
000000100
000000100
000010000
000000000
000000000
000000000
000000100

//
segsites: 16
positions: 0.0257 0.0402 0.0836 0.2943 0.3158 0.3268 0.3604 0.4557 0.5673 0.6297 0.6855 0.7806 0.8826 0.8827 0.8903 0.9917 
0000000000000000
0000100000000000
1000000000001000
0100001011010010
0100000100110000
0100000100110000
0000000000000000
0000000000000000
0100000100110000
0101000100110100
0100010010010010
0010000000000000
0100000000010001
0000000000000000
0000000000001000
0000000000001000
0000000000001000
0100000100110000
0100000100110000
0100000100110000

//
segsites: 14
positions: 0.0059 0.0916 0.3442 0.3515 0.4270 0.5713 0.5901 0.6039 0.6252 0.6398 0.8039 0.9481 0.9507 0.9553 
00001000010000
00000000000100
00000000000100
00000010010000
00000000000101
00000000000100
00000000000100
00000000000100
00001100010000
00000000010000
00001001110000
00100000000010
00000010010000
00001000010000
00100000000000
00000000001101
00000010010000
00010000000000
00001000010000
11000000000101

//
segsites: 14
positions: 0.0150 0.1452 0.1734 0.2091 0.2134 0.3387 0.3674 0.4180 0.4616 0.4715 0.7974 0.8029 0.8290 0.9806 
00000010010001
00000010110000
00010000000100
00010000000100
00010000000110
10000110110000
00010000000100
00011000001100
00000010110000
00010001000110
00010000000100
00010000000100
00000010010001
00010000000100
01010000000100
00010000000100
00110000000100
00010000000110
00010000000100
00010000000100

//
segsites: 14
positions: 0.0511 0.1365 0.1972 0.2176 0.2995 0.4881 0.4891 0.5005 0.5636 0.5887 0.6988 0.7907 0.9463 0.9623 
00000001000000
00000010011000
00000001000000
00000001000000
00010010010011
00000010110000
10001001000000
00000010010000
00000010011000
01100010010000
00010010010011
00000001000000
00000010010000
10001001000000
00000010010100
10001001000000
00000010010000
00000010010000
00000110010000
00000010010001

//
segsites: 11
positions: 0.0096 0.0192 0.2192 0.2594 0.2896 0.3205 0.6088 0.7349 0.8018 0.8522 0.8532 
00000100001
11001000100
01001000100
11001000100
01011000100
00000100001
11001000100
01001010100
01001000100
00000101001
11001000100
00000100001
11001000100
00000100001
01001000100
01001000100
00100100011
01001000100
01001000100
01001000100

//
segsites: 14
positions: 0.1803 0.2437 0.2570 0.2861 0.4163 0.4326 0.4603 0.5227 0.6715 0.7094 0.8011 0.8376 0.8740 0.9996 
00000100000000
00010100000000
00000111000001
00000000100000
00010100000000
00001100001000
00000100010000
01010100000010
00000100000000
00010100000000
00000110000000
10110100000000
00000000100000
00110100000000
00000110000000
00000100000000
00010100000000
00000110000000
00110100000100
00010100000000

//
segsites: 11
positions: 0.0203 0.0858 0.1188 0.1659 0.2736 0.2816 0.4595 0.5480 0.6929 0.8184 0.8920 
10010000000
00100000000
01100000000
01100000000
00000101000
00000001000
00000000000
00010000100
00010000010
00010000011
00011010000
00010000000
00010000010
00010000000
00000000000
00000001000
00000001000
00100000000
00000000000
00000000000

//
segsites: 16
positions: 0.0300 0.0420 0.0763 0.1266 0.1722 0.3913 0.4219 0.4653 0.5975 0.6494 0.7011 0.7311 0.7383 0.8912 0.8997 0.9713 
0000000000000000
0000000000000000
0011000000000000
0000001000000000
0000000000000000
0000100000000000
0000000110000000
0100001000000000
0000000000000000
0000000000000000
0000100000000000
0000000001001110
0000000000000000
0000000000000000
1000000000000001
0000000000100000
1000000000000001
0000010000010000
0000000000000000
1000000000000001

//
segsites: 14
positions: 0.0482 0.0887 0.1534 0.2031 0.3185 0.3293 0.3649 0.4692 0.5421 0.5491 0.5997 0.6336 0.7030 0.7258 
00000000101000
00000000000000
00000000001000
00001000000000
00000000000001
00000001000000
00000000000000
00000000001000
10000000000000
00001000000000
00000000000010
00001000000000
00010000000100
00010000000100
01000000000000
00000110000000
00100000000000
00000000010001
00000000000010
00000000000000

//
segsites: 11
positions: 0.1579 0.2884 0.2956 0.2984 0.3575 0.3590 0.3705 0.6286 0.6894 0.8446 0.9179 
00110001001
01000000000
00000000000
10110000000
00000000000
00000000000
00110000000
10110000000
00001000000
00110001001
00000010010
10110000000
00000000000
01000000000
00000000100
00000000000
00000000000
00000000000
10110000000
00000100000

//
segsites: 9
positions: 0.1029 0.1462 0.1994 0.2672 0.2885 0.3168 0.5290 0.6217 0.9447 
100010000
000000000
000100101
000000000
000000000
000000000
000000000
000000101
001010000
000000000
010000000
000000000
000000000
000000000
000010000
000001000
000000000
000000000
000000010
000000000

//
segsites: 13
positions: 0.0227 0.1603 0.1998 0.2804 0.4700 0.5954 0.6739 0.7164 0.7331 0.7505 0.7842 0.7854 0.9616 
0000100000000
0000000110000
0000000110000
1010000000000
0001000001100
1010000000000
0000010000001
1010000000000
1010000000000
0000000110000
1010001000000
0000000000000
1010000000000
0000000110000
0000100000010
0000000110000
0000000110000
0100010000000
1010000000000
1010000000000

//
segsites: 10
positions: 0.1250 0.1603 0.4289 0.6207 0.6964 0.7048 0.8399 0.8754 0.9262 0.9883 
0001000100
0000010000
0100000001
0000000000
0010000000
0000010000
0100000001
0000110010
0000001000
0000000000
0000000000
0000010000
1000010000
0000000000
0100000001
0000000000
0000010000
0000010000
0000000000
0000010000

//
segsites: 11
positions: 0.0826 0.0900 0.2498 0.2662 0.2883 0.2950 0.3661 0.4063 0.4130 0.4333 0.9925 
00100000000
00000000100
00001010001
00000000000
10000000000
00000000000
00000001100
00000000000
00000000000
00001000000
00000000000
00010000000
01000000010
00000100000
10000000000
00000000000
01000000000
00000000100
00001000001
00000000000

//
segsites: 10
positions: 0.0947 0.1392 0.4360 0.4582 0.4667 0.6193 0.6930 0.7931 0.8035 0.9074 
0000100100
1000000100
0000000110
0000100100
0000000100
0000010100
1000000100
0000100100
0000000110
0000000000
0000000100
1000001100
0001000000
1000000100
0000100100
0000100100
0000000100
0010000000
0000000001
0100000100

//
segsites: 7
positions: 0.0600 0.1079 0.3280 0.5002 0.5723 0.7241 0.8799 
0010000
0000000
0000100
0000101
0000000
0000101
0000000
0000000
0000000
0000000
0000000
0000000
0000000
0000010
1000100
0000100
0000000
0100000
0000000
0001000

//
segsites: 11
positions: 0.1689 0.2580 0.3816 0.4154 0.6896 0.7302 0.7431 0.7867 0.8295 0.9371 0.9838 
00000001010
00001010000
00000010000
00000100000
10000000110
00000010000
00000000000
01000000000
00100100000
00000000000
00000010000
00001010001
00100100000
00000000010
00000000000
00010000010
00010000010
00000000000
00000001010
00000010000

//
segsites: 8
positions: 0.3525 0.4801 0.5089 0.5351 0.5535 0.6558 0.6771 0.7580 
00000101
00000010
10001101
00000101
00010010
00000001
00000001
01000101
00000001
00000101
00000001
00000001
00000001
00000001
00000001
00000001
00000001
00100001
00000001
00000001

//
segsites: 4
positions: 0.1093 0.5746 0.6916 0.8142 
0000
0010
0000
0000
0001
0100
0000
0000
0001
0000
0000
0000
1000
0000
0001
0001
0000
0000
0000
0010

//
segsites: 14
positions: 0.0137 0.0839 0.2077 0.3061 0.3067 0.3102 0.3145 0.3307 0.4096 0.4112 0.5624 0.6336 0.6416 0.8534 
01000000000100
00011100000001
00000000000100
00000000000000
00000000000100
00000000000100
00000000000100
00000100000000
00011100011000
00011110000000
01000000000110
00000000000100
00000000000100
00000000000100
00000001000100
00100000000000
10000000000100
00000000100100
00011100000000
00000000000000

//
segsites: 13
positions: 0.0645 0.1308 0.1627 0.2946 0.3548 0.3807 0.3941 0.4260 0.5120 0.5252 0.6087 0.7635 0.8836 
0100000100000
0000000100000
0000000100000
0000010100000
0000010100100
0000100000011
0000000100000
0000000100000
0001000100000
0001000101000
0000000100000
0000010100000
0000000100000
0000010100100
0010000000000
0000000100000
1000000110000
0000000100000
0000001100000
0000000100000

//
segsites: 9
positions: 0.1049 0.1535 0.5067 0.6598 0.6821 0.7949 0.8123 0.9296 0.9629 
010000000
100000010
010000000
010000000
010011000
010000000
100000010
010000000
010000101
010000000
010000000
010000000
010000001
010100000
010000001
010011000
011000000
010000000
010000001
010000001

//
segsites: 9
positions: 0.0098 0.0584 0.1278 0.1779 0.2725 0.3173 0.3626 0.8379 0.8577 
100100010
000100010
000000000
000000000
000011000
000001000
000100010
010000000
000100010
000000001
000000000
000100010
000000001
000000100
000100010
001000000
000000000
000000100
100100010
000100010

//
segsites: 16
positions: 0.0410 0.1799 0.2297 0.2520 0.2700 0.3446 0.4898 0.5763 0.5887 0.6435 0.7079 0.7415 0.8469 0.9379 0.9570 0.9729 
1010010001100000
0001000100001010
0001000100000000
1010111001000000
0001000110010000
0101000100000000
0001000110010000
0001000100000000
0001000100000000
0001000100000000
1010010001000000
0001000100000000
0001000100000000
0001000100000000
0001000100000000
0001000100000000
0001000100000100
0001000100000010
0001000100010000
0001000100000001

//
segsites: 13
positions: 0.1363 0.2051 0.2169 0.3298 0.3999 0.4332 0.4729 0.6290 0.6636 0.7370 0.8578 0.8675 0.9022 
0000100000001
1000100000000
0011100001010
0000100000000
0000001000000
0000100000000
0000100000001
0011100001010
0000000000000
0000000000000
0000110000100
0000000000000
0100110000000
0100110000000
1000100000000
0000100000000
0000100000000
0000100110000
0000100000000
0000100000000

//
segsites: 10
positions: 0.1569 0.1727 0.4473 0.5763 0.5940 0.6125 0.8611 0.8815 0.9111 0.9358 
1000000000
1000100000
1000000000
1000110000
1000000000
0101001010
1000000000
1000100000
1000000100
1000100000
1000100000
1000100000
1000100000
1010000000
1000000000
1000000000
1000110000
1000000000
1000100000
1000100001

//
segsites: 12
positions: 0.0534 0.1426 0.2313 0.3848 0.4522 0.6853 0.7290 0.7679 0.8802 0.9462 0.9681 0.9944 
010000010000
000000000001
000110100100
000000000000
000000000000
000110000100
100110000100
000110000100
001110000110
000110000100
000110000100
000111000100
000110000100
000000000000
010000010000
000000000000
000110000100
000110000100
000000001000
000110000100

//
segsites: 10
positions: 0.0436 0.0577 0.1130 0.3193 0.3665 0.4202 0.5530 0.6938 0.7985 0.8889 
0110000010
0001000100
1000000000
0001000100
0110000010
0000100000
0110000010
0110000010
0000000001
0110000010
0110000010
1000010000
0110000010
0000000001
0110000010
0110000010
0110000010
1000000000
0000000001
0100001010

//
segsites: 16
positions: 0.0409 0.0594 0.0800 0.0910 0.1862 0.2042 0.5565 0.6147 0.6391 0.6400 0.7216 0.7253 0.7623 0.8916 0.9031 0.9482 
0010011000000000
0010010000000000
1001000000010110
0000000000000000
0100100101000000
0010010000000001
0000000000000000
0000000000000000
1001000000001110
0010000000000000
0000000000000000
1001000000000110
1001000000000110
1001000000110110
0000000000000000
0000000000000000
1001000000000110
0000000000000000
0000000010000000
0000000000000000

//
segsites: 15
positions: 0.0110 0.1752 0.4593 0.5249 0.5634 0.6144 0.7505 0.8034 0.8421 0.8447 0.9074 0.9107 0.9682 0.9794 0.9983 
000100000000000
001000000010000
001000000010000
001000100100000
000100000000000
001001010100000
000100000000000
000100000000000
001000000010000
001000000010000
001000000010001
100100000000100
001000000010000
001000010100000
000100000000000
001000000010010
011000000100000
100110000001100
000100000000000
000100001000000

//
segsites: 11
positions: 0.0345 0.0425 0.3677 0.3780 0.3837 0.5077 0.5781 0.8123 0.9162 0.9176 0.9349 
00000000000
00000000000
00000010000
00000000000
00000100000
10000010000
00001000000
00000000000
00000000000
00110000001
00000001010
00000000100
00000100000
00010000001
00001000000
00001000000
01000000000
00000000000
00000100000
00000000100

//
segsites: 10
positions: 0.1337 0.4353 0.4653 0.7087 0.7170 0.7796 0.7862 0.8113 0.8625 0.8846 
0000010000
0000000101
0000001101
1000000000
0010010000
0000000000
0000000010
0000000000
0001000000
1000000000
0100010000
0000010000
0000000000
0000010000
0000010000
1000000000
0000100000
0100010000
0100010000
0000010000

//
segsites: 20
positions: 0.0182 0.0490 0.0834 0.0863 0.1624 0.2210 0.2592 0.4167 0.4938 0.5633 0.5731 0.5964 0.6337 0.6743 0.6992 0.7661 0.8582 0.9032 0.9362 0.9622 
11100000000000000000
11000000100000100100
11000010000000000100
11000001011000000001
11000000000000010100
00000000000000000000
11000000000000000110
11000001011000000001
11001000001000000000
11000000100000100100
11000000001000000000
11000000000000000110
11000000000001000000
00000000000000000000
11000000001000000000
11000000000010000100
11000010000000001100
11010000001000000000
11000100000100000000
11000000001000000000

//
segsites: 8
positions: 0.2230 0.2385 0.2940 0.4754 0.4954 0.6046 0.7820 0.9594 
00000000
00000000
00000000
00000000
00000000
10000001
00000000
00000010
00000000
00000000
00101100
00000000
00000000
00010000
00000000
01000000
00000000
00000000
00000000
00000000

//
segsites: 15
positions: 0.0243 0.0464 0.0941 0.2417 0.3048 0.3125 0.3788 0.4987 0.5947 0.6856 0.7584 0.8787 0.8847 0.9487 0.9650 
000100000000101
000100000000100
000000000000000
000000000000000
000100000100000
001000000000000
000100000000101
000100110100000
000001000001000
000000000000000
010000001000000
000000000000000
000100000000100
000000000010010
000010000000000
000100000000100
000000000000000
000000000000000
000000000000000
100000000000000

//
segsites: 6
positions: 0.2879 0.3504 0.3985 0.4481 0.5609 0.6400 
100100
100010
100100
100000
100000
101100
010000
100010
100000
100001
100000
101100
100010
100010
100010
100000
100000
100010
100010
000000

//
segsites: 16
positions: 0.0921 0.1622 0.2477 0.2558 0.2798 0.3006 0.3233 0.3946 0.5387 0.5502 0.5602 0.8118 0.8258 0.8622 0.9423 0.9924 
0000010000100000
0000010000000000
1000100110000110
1000100101000110
0000010000000000
1010101110000110
1100100100010110
1000100100000110
1000100100000111
0001010000100000
1000100100000111
1000100100000111
0000000000000000
1100100100010110
1000100101001110
1000100100000110
1000100100000110
1100100100010110
0000000000000000
0000010000000000

//
segsites: 9
positions: 0.0818 0.1535 0.1758 0.2376 0.2841 0.2865 0.3460 0.6398 0.6816 
001000000
001000001
000000000
000000000
000000000
001000000
000000000
101100000
001000000
001000000
001000000
010010000
001000000
001000000
000000100
001001000
001000000
001000000
000000000
000000010

//
segsites: 15
positions: 0.0024 0.0127 0.0957 0.1081 0.1950 0.2154 0.2222 0.2307 0.3404 0.3798 0.6035 0.6067 0.7284 0.7534 0.8121 
000001000100010
000000010000010
000000000000010
000000000000010
000000000000010
000100001001001
000000000000010
000100001001000
000100101001100
000000010000010
000100001001001
100010000000010
000100001001000
000000000000010
000000000000010
011100001001000
000100001001001
000000000000010
000000000000010
000000000010010

//
segsites: 8
positions: 0.1983 0.2382 0.3022 0.5395 0.7799 0.8322 0.8393 0.9838 
00000000
01000000
00100010
10000010
00000000
00000000
00010010
01000000
00000000
00000010
00000010
00000111
00010010
00000000
00000010
00000000
00001000
00000000
00000000
00100010

//
segsites: 12
positions: 0.0645 0.0900 0.0942 0.0993 0.1475 0.1891 0.2176 0.3406 0.4768 0.8497 0.9599 0.9937 
100000010000
001000000100
000000000110
000000000110
001000000100
000000010001
000000000100
000000000100
000000000100
000001000100
000000000110
000000000100
000000010000
001000000100
001010000100
000000100100
001100000100
000000011000
001000000100
010000010000

//
segsites: 10
positions: 0.0705 0.2531 0.3892 0.4509 0.5663 0.7254 0.8440 0.9205 0.9513 0.9641 
0010000000
0000000000
0000000000
0010010000
0010000000
0100000000
0000000000
0010000000
0011000000
0100000000
0010000100
0010000000
1000000000
0010000000
0010000000
0000100000
0010000001
0010000010
0000001000
0010000000

//
segsites: 14
positions: 0.0122 0.0256 0.0321 0.0843 0.1624 0.2416 0.2604 0.2614 0.3101 0.6071 0.6750 0.6990 0.7104 0.9056 
00101010000000
00100010001010
00101010000001
00100010001010
00101010000000
00100010000100
00101010000001
00100010001010
11010101010000
00101010000000
00101010000000
00101010000000
00101010000000
00101010000000
00100010000100
00100010000000
00101010000000
00100010100000
00101010000000
00101010000000

//
segsites: 9
positions: 0.0803 0.2246 0.2716 0.3045 0.5202 0.5425 0.5488 0.9641 0.9754 
000010000
000110000
001010000
000010000
000010001
000010000
000011000
000010000
000000000
000010000
000010000
000010000
000010010
000010000
010000100
100010000
000010000
000010001
000010001
000010001

//
segsites: 12
positions: 0.2395 0.2895 0.3694 0.3734 0.4814 0.5016 0.5626 0.7287 0.7522 0.9139 0.9515 0.9544 
000011010000
000000010010
010010010000
000000010010
010010010000
000000010010
001010010000
100000010010
000010111000
000000010110
000000010110
000000010010
010010010000
000000000000
000010010000
000000010011
000100010010
000010010000
000000000000
001010010000

//
segsites: 8
positions: 0.1403 0.3037 0.3676 0.3931 0.4901 0.4952 0.8852 0.9885 
00000000
10110011
10100001
10100001
10100000
10100000
10100001
10100000
10100001
10100000
10100000
11100011
10100100
10110011
10100000
10100000
10101011
10100000
10100000
00000000

//
segsites: 14
positions: 0.0407 0.1066 0.2525 0.3716 0.4586 0.5154 0.5737 0.6116 0.7551 0.9279 0.9390 0.9428 0.9684 0.9916 
00000000001000
00010000101100
00000000001000
00000001001000
10000000000001
00010000101100
00000000001000
00000100001000
00000000001000
10000000000001
11100000000001
00000001001000
00000000001000
00000010001000
00000000001000
00010000101100
00010000101100
00000000001000
00000000011000
00001000001010

//
segsites: 10
positions: 0.4128 0.5270 0.6424 0.7706 0.8156 0.8630 0.8873 0.9018 0.9164 0.9372 
0000000000
0000000000
0000000000
0000000000
0011100000
0000000000
0000010000
0000000000
0100000000
0000000010
1000000100
0000000001
0000000000
0000000000
0000010000
0000000000
0000000000
0011100000
0011100000
0000001000

//
segsites: 18
positions: 0.0240 0.0545 0.0881 0.0911 0.1647 0.2257 0.2581 0.3275 0.3480 0.3503 0.4352 0.4703 0.5048 0.5655 0.7396 0.7656 0.8715 0.8892 
000100000000000000
000000000000000000
000000000100001000
000000000010000001
000000000000000000
000000000001000000
000000000000100000
010000000000010110
001000000000000000
000000000000000000
001001001000000000
000000100000000000
001010000000000000
000000010000000000
000000000000000000
001000000000000000
010000000000010000
100000000000000000
000000000010000000
000000000000000000

//
segsites: 10
positions: 0.0699 0.0762 0.1062 0.1744 0.2673 0.2963 0.3876 0.8320 0.8918 0.9050 
0000000011
0000000000
0000000000
0000000000
0000000000
0000000000
0001000000
0000000011
0000010100
1010000000
0100000000
0000000000
0100000000
0000000000
0000001000
0000000000
0000100000
0000000011
0000000000
0000000000
