1.236842 8 -1.521714 4 3 1 0 0 0 0 0 0 0 13 0.1538462 7
1.663158 8 -0.8845261 4 2 0 0 0 2 0 0 0 0 11 0.1818182 8
3.294737 13 -0.3658452 5 2 2 0 1 1 0 0 0 0 4 1 10
2.068421 7 0.1588621 3 1 0 0 0 0 0 0 0 3 8 0.875 6
2.257895 9 -0.3781215 4 2 0 0 0 0 2 0 0 0 7 1 8
1.726316 13 -1.918467 10 1 1 0 0 0 0 0 0 0 11 0.09090909 10
2.384211 17 -1.879419 11 5 0 1 0 0 0 0 0 0 3 0.6666667 15
4.010526 16 -0.4115594 7 2 2 0 0 0 3 0 0 0 6 0.3333333 13
2.605263 12 -0.8247936 5 4 0 1 0 0 0 1 0 0 7 0.4285714 10
1.1 11 -2.288374 11 0 0 0 0 0 0 0 0 0 12 0.08333333 9
0.9789474 8 -1.907174 6 2 0 0 0 0 0 0 0 0 13 0.07692308 8
2.5 15 -1.508246 12 0 1 0 0 0 0 1 0 1 6 0.5 12
1.026316 7 -1.577679 5 1 0 0 0 0 0 0 0 0 13 0.07692308 8
2.389474 11 -0.8133922 4 5 0 0 0 0 0 0 0 0 6 0.5 10
2.5 13 -1.152576 7 2 1 1 0 0 1 0 0 0 8 0.25 10
1.621053 6 -0.1322156 3 0 1 0 0 0 0 0 0 2 8 0.75 6
2.3 9 -0.3210434 3 1 1 0 0 0 1 0 0 1 9 0.4444444 7
1.894737 9 -0.8704204 6 0 1 0 0 0 0 0 0 0 6 0.8333333 9
2.731579 14 -1.126719 7 2 2 2 0 1 0 0 0 0 4 0.75 10
1.9 10 -1.139752 6 1 1 0 0 0 0 0 0 0 7 0.5714286 9
2.915789 14 -0.9558363 8 1 2 1 0 0 0 0 0 2 4 0.75 12
2.278947 12 -1.171104 5 3 1 2 0 0 0 0 0 0 8 0.375 8
4.026316 16 -0.3985469 7 3 0 0 2 0 2 2 0 0 6 0.5 12
1.963158 9 -0.7776685 4 1 2 0 1 1 0 0 0 0 6 0.8333333 8
2.673684 14 -1.180425 8 3 0 0 0 1 0 0 0 1 5 0.6 12
2.584211 10 -0.2909074 4 2 0 0 0 1 0 0 0 0 8 0.5 8
2.742105 12 -0.6795665 6 0 1 3 0 0 0 0 0 1 5 0.6 10
2.805263 15 -1.241811 7 4 0 2 0 0 0 0 0 0 6 0.5 11
1.805263 10 -1.257285 8 0 0 0 0 0 1 0 0 1 6 0.6666667 11
2.910526 11 -0.2173791 4 0 2 0 3 0 0 0 0 0 4 1 9
4.026316 11 1.058932 3 1 0 0 0 0 0 4 0 0 7 0.8571429 6
1.673684 11 -1.632158 8 0 1 1 0 0 0 0 0 0 8 0.375 10
0.9052632 5 -1.094419 3 0 1 1 0 0 0 0 0 0 13 0.2307692 6
2.110526 10 -0.8785691 4 2 2 0 0 0 0 0 0 1 8 0.375 9
1.652632 9 -1.19862 4 2 2 1 0 0 0 0 0 0 12 0.25 7
1.268421 8 -1.474515 6 1 0 0 0 0 1 0 0 0 9 0.4444444 9
1.057895 8 -1.789176 6 1 1 0 0 0 0 0 0 0 9 0.3333333 9
1.642105 9 -1.212889 3 5 0 0 1 0 0 0 0 0 11 0.2727273 7
5.189474 22 -0.6250542 13 1 0 2 1 0 0 0 0 5 5 0.4 15
2.368421 11 -0.8374735 6 1 0 0 4 0 0 0 0 0 9 0.3333333 8
1.026316 7 -1.577679 5 1 0 1 0 0 0 0 0 0 12 0.3333333 6
2.9 13 -0.7566056 7 1 1 1 1 0 0 2 0 0 5 0.6 12
0.9894737 9 -2.0976 8 1 0 0 0 0 0 0 0 0 13 0.07692308 8
2.831579 14 -1.033954 7 3 1 0 2 0 0 1 0 0 5 0.6 11
3.042105 14 -0.8386595 8 1 2 0 0 0 0 1 0 0 4 1 11
1.8 12 -1.679399 9 1 1 0 0 1 0 0 0 0 7 0.7142857 9
2.947368 15 -1.11778 5 3 5 0 0 0 0 0 0 0 8 0.25 9
3.531579 14 -0.3845994 7 0 1 2 1 0 0 0 0 2 9 0.2222222 11
3.984211 15 -0.2128193 5 2 2 2 0 2 0 2 0 0 3 1 12
1.468421 12 -2.031296 9 3 0 0 0 0 0 0 0 0 11 0.1818182 9
1.589474 9 -1.284237 5 2 1 0 0 1 0 0 0 0 8 0.375 9
3.068421 15 -1.012125 9 2 0 1 0 1 0 1 0 0 4 0.75 12
3.847368 18 -0.9093095 10 3 1 0 0 0 1 1 1 0 3 0.6666667 16
1.405263 9 -1.533954 5 3 0 0 0 0 0 0 0 0 10 0.2 9
4.026316 20 -1.085915 9 3 2 2 0 0 0 0 0 0 3 1 14
2.842105 13 -0.8139172 3 4 5 0 0 1 0 0 0 0 6 0.3333333 10
3.157895 15 -0.9340319 9 1 2 0 0 0 0 2 1 0 6 0.5 11
2.968421 16 -1.270388 12 0 0 0 0 2 0 0 0 0 8 0.75 8
3.189474 14 -0.7019532 6 2 2 0 1 0 0 0 0 0 7 0.4285714 10
1.084211 7 -1.481204 5 1 0 0 1 0 0 0 0 0 8 0.625 8
4.515789 19 -0.5929826 6 6 2 0 2 1 0 1 0 0 5 0.8 11
3.163158 19 -1.548152 11 1 1 3 1 0 0 0 0 0 5 0.6 11
1.673684 9 -1.170081 5 2 1 0 0 0 0 0 0 1 5 1 10
0.6894737 6 -1.887638 5 1 0 0 0 0 0 0 0 0 14 0.07142857 7
3.131579 9 0.8062498 1 2 0 0 0 1 0 0 0 0 12 0.4166667 4
1.694737 12 -1.791113 9 1 1 1 0 0 0 0 0 0 7 0.2857143 12
2.436842 13 -1.215098 9 1 0 1 0 0 0 2 0 0 5 0.8 10
1.721053 8 -0.7979944 2 2 2 1 0 0 0 0 0 0 6 0.5 7
3.815789 15 -0.359818 7 1 1 1 2 0 1 0 0 2 4 0.75 10
1.815789 10 -1.244225 6 2 0 0 1 1 0 0 0 0 5 0.8 9
2.857895 15 -1.195873 9 2 2 0 0 0 0 0 1 0 5 0.6 11
1.578947 14 -2.195957 12 2 0 0 0 0 0 0 0 0 10 0.2 9
0.9052632 4 -0.5705612 1 0 3 0 0 0 0 0 0 0 14 0.2142857 4
2.389474 13 -1.261989 8 1 2 1 0 0 0 0 0 1 3 1 11
2.763158 14 -1.097425 6 2 4 0 0 1 0 0 0 0 7 0.7142857 9
0.7789474 6 -1.719038 4 2 0 0 0 0 0 0 0 0 13 0.1538462 7
0.9947368 7 -1.630301 6 0 0 0 1 0 0 0 0 0 10 0.4 8
2.484211 17 -1.801357 10 5 2 0 0 0 0 0 0 0 8 0.25 11
0.9684211 8 -1.922907 7 0 1 0 0 0 0 0 0 0 13 0.1538462 7
2.321053 11 -0.8916565 5 3 1 0 0 0 1 1 0 0 4 0.75 11
2.847368 15 -1.205061 9 1 2 1 0 0 0 0 0 0 3 1 13
2.131579 11 -1.108389 7 2 0 0 0 0 0 0 0 2 8 0.75 8
1.457895 12 -2.042467 10 1 1 0 0 0 0 0 0 0 10 0.3 9
3.957895 18 -0.8273525 11 0 3 0 0 0 0 2 2 0 5 0.4 14
0.7894737 7 -1.972347 6 1 0 0 0 0 0 0 0 0 14 0.07142857 7
2.352632 10 -0.5782087 6 0 1 0 0 0 0 0 0 1 9 0.3333333 8
0.9368421 7 -1.726776 6 0 0 1 0 0 0 0 0 0 13 0.1538462 7
5.110526 18 0.02734214 6 3 1 2 1 0 0 0 2 0 4 0.75 12
1.005263 6 -1.292579 5 0 0 0 0 0 0 1 0 0 9 0.7777778 6
1.815789 14 -1.976251 11 2 0 1 0 0 0 0 0 0 8 0.25 11
2.063158 11 -1.186653 6 2 1 1 0 0 1 0 0 0 6 0.5 9
3.247368 13 -0.4127365 2 4 1 4 0 0 0 0 0 0 9 0.4444444 7
1.894737 13 -1.751742 8 4 0 1 0 0 0 0 0 0 6 0.3333333 12
1.426316 11 -1.915113 9 1 0 1 0 0 0 0 0 0 9 0.2222222 10
2.168421 14 -1.649132 10 1 2 0 0 1 0 0 0 0 6 0.3333333 13
1.489474 8 -1.144121 4 2 1 0 0 1 0 0 0 0 6 1 8
2.178947 13 -1.470395 8 2 1 1 1 0 0 0 0 0 6 0.3333333 13
1.573684 9 -1.305641 5 0 4 0 0 0 0 0 0 0 10 0.3 7
1.910526 11 -1.361243 8 0 1 1 0 0 0 1 0 0 5 0.6 11
1.536842 6 -0.2908978 2 0 1 2 1 0 0 0 0 0 11 0.3636364 5
