1.757895 14 -2.029957 10 4 0 0 0 0 0 0 0 0 8 0.25 11
3.3 14 -0.5994236 6 1 2 0 4 0 0 0 0 0 9 0.3333333 8
1.136842 7 -1.3935 3 3 1 0 0 0 0 0 0 0 11 0.1818182 7
1.457895 7 -0.8585054 4 0 1 0 2 0 0 0 0 0 9 0.5555556 6
1.336842 5 -0.1574178 1 1 1 1 0 1 0 0 0 0 7 0.5714286 6
2.394737 11 -0.8073718 5 1 3 0 1 0 0 1 0 0 7 0.4285714 10
1.468421 13 -2.173763 12 0 1 0 0 0 0 0 0 0 10 0.2 10
2.168421 12 -1.288403 8 1 0 2 0 0 0 1 0 0 5 0.8 12
2.042105 13 -1.605858 8 3 0 1 0 0 0 0 0 0 10 0.2 9
1.884211 12 -1.590029 7 2 2 0 0 0 0 0 0 0 8 0.375 10
2.705263 15 -1.329091 11 0 0 1 2 0 0 0 0 0 7 0.4285714 12
4.6 22 -0.9892613 13 0 2 0 5 0 0 0 0 0 5 1 12
1.136842 8 -1.671178 6 0 2 0 0 0 0 0 0 0 10 0.3 7
1.478947 8 -1.159854 5 1 0 0 2 0 0 0 0 0 11 0.2727273 7
2.626316 10 -0.2386708 3 0 3 1 3 0 0 0 0 0 5 0.8 9
1.747368 11 -1.547873 7 1 0 0 0 0 1 0 0 0 6 0.8333333 10
0.6789474 5 -1.585774 3 2 0 0 0 0 0 0 0 0 14 0.1428571 6
1.373684 9 -1.576762 7 0 0 2 0 0 0 0 0 0 12 0.25 7
2.447368 12 -0.9923634 5 3 2 1 0 0 0 1 0 0 3 0.6666667 12
1.615789 12 -1.874898 9 2 0 1 0 0 0 0 0 0 9 0.2222222 11
2.478947 13 -1.173417 9 1 0 0 0 2 0 1 0 0 6 0.6666667 8
1.305263 9 -1.669514 8 0 0 0 0 0 0 1 0 0 8 0.625 9
2.2 10 -0.7675664 5 2 0 1 0 0 1 0 0 0 6 0.8333333 10
1.515789 11 -1.812768 8 2 0 1 0 0 0 0 0 0 10 0.2 9
2.342105 12 -1.104077 6 1 3 0 0 0 0 0 0 0 3 1 11
1.278947 9 -1.705188 8 0 0 0 0 0 0 0 0 0 8 0.625 9
1.763158 10 -1.309521 8 0 0 0 0 1 0 0 0 0 6 0.6666667 9
1.778947 10 -1.289932 5 4 0 0 0 0 0 0 0 0 8 0.25 10
0.5684211 4 -1.435439 3 0 1 0 0 0 0 0 0 0 15 0.1333333 5
0.8684211 6 -1.550438 3 3 0 0 0 0 0 0 0 0 11 0.1818182 7
3.073684 13 -0.5846711 4 2 3 3 0 0 0 0 0 0 4 1 10
3.9 13 0.2333207 6 1 0 0 0 0 0 1 2 0 6 1 8
1.831579 11 -1.451548 7 1 1 2 0 0 0 0 0 0 6 0.5 11
0.9894737 9 -2.0976 8 1 0 0 0 0 0 0 0 0 14 0.07142857 7
1.836842 14 -1.956721 10 3 1 0 0 0 0 0 0 0 7 0.2857143 11
2.442105 17 -1.834225 12 3 0 1 0 0 0 0 0 0 4 0.75 14
3.1 14 -0.7849535 8 1 1 0 0 2 2 0 0 0 6 0.3333333 11
1.8 12 -1.679399 9 1 1 0 0 1 0 0 0 0 5 0.6 13
2.068421 13 -1.579808 9 2 0 0 2 0 0 0 0 0 7 0.4285714 12
1.810526 13 -1.835104 11 1 0 0 0 0 0 0 1 0 7 0.4285714 12
2.168421 12 -1.288403 6 3 1 1 0 0 0 0 0 0 5 0.6 10
2.026316 12 -1.439216 10 0 0 0 0 0 0 1 0 0 6 0.8333333 11
1.884211 12 -1.590029 7 2 3 0 0 0 0 0 0 0 3 1 12
1.184211 6 -0.9553796 2 2 1 1 0 0 0 0 0 0 12 0.1666667 7
1.442105 8 -1.21492 4 2 1 0 1 0 0 0 0 0 11 0.1818182 8
2.078947 9 -0.6207036 3 2 2 1 0 0 0 0 0 1 4 0.75 9
2.352632 8 0.1459884 2 2 0 1 1 0 0 0 2 0 5 0.8 8
2.705263 14 -1.151131 7 0 5 0 1 0 0 0 0 0 7 0.4285714 10
2.563158 12 -0.8694789 7 2 0 0 0 0 1 0 0 1 6 0.3333333 11
3.105263 14 -0.7800711 7 2 1 0 1 0 1 0 0 0 6 0.5 10
1.552632 10 -1.570704 7 1 0 0 1 0 0 0 0 0 8 0.375 10
3.089474 12 -0.310913 5 0 2 3 0 0 0 0 0 0 8 0.375 8
1.247368 9 -1.747997 6 2 1 0 0 0 0 0 0 0 9 0.3333333 9
1.563158 9 -1.319911 6 1 1 0 0 0 0 0 0 0 10 0.2 9
2.794737 13 -0.8608084 6 3 1 0 1 1 0 0 1 0 6 0.5 11
3.463158 14 -0.4480702 3 3 4 1 3 0 0 0 0 0 4 1 9
2.831579 14 -1.033954 6 3 2 1 2 0 0 0 0 0 4 0.75 11
3.831579 18 -0.9210177 9 1 1 3 2 0 0 0 0 0 3 1 13
1.368421 6 -0.6082622 2 1 2 0 0 1 0 0 0 0 8 0.625 6
2.878947 17 -1.493214 13 1 0 0 0 2 0 1 0 0 5 0.6 12
2.131579 11 -1.108389 6 2 0 2 0 0 1 0 0 0 4 1 10
1.236842 10 -1.962479 9 0 0 1 0 0 0 0 0 0 9 0.4444444 9
2.210526 12 -1.243718 8 1 0 1 0 2 0 0 0 0 5 1 11
2.552632 16 -1.613052 8 5 3 0 0 0 0 0 0 0 9 0.2222222 10
2.463158 11 -0.7291075 6 1 0 0 2 1 0 0 0 0 7 0.7142857 9
0.5 5 -1.974287 5 0 0 0 0 0 0 0 0 0 15 0.06666667 6
0.7368421 5 -1.460079 4 0 0 1 0 0 0 0 0 0 13 0.2307692 6
2.610526 11 -0.5605381 6 0 1 1 1 0 0 2 0 0 6 0.8333333 10
1.7 10 -1.387876 5 4 0 0 0 1 0 0 0 0 7 0.4285714 9
1.973684 11 -1.288999 7 1 1 1 0 0 0 0 0 0 6 0.5 11
2.247368 15 -1.728744 12 0 1 1 0 1 0 0 0 0 5 0.6 13
2.284211 11 -0.9337988 5 1 3 0 2 0 0 0 0 0 7 0.4285714 9
3.836842 15 -0.3414432 7 1 1 2 0 1 0 0 1 0 4 1 11
1.415789 9 -1.519684 5 1 2 0 0 0 0 0 0 0 10 0.2 10
3.294737 10 0.5905853 2 3 0 0 0 0 0 3 0 0 10 0.4 6
2.773684 16 -1.430876 10 2 2 1 0 0 0 0 0 0 4 0.75 13
2.436842 11 -0.7592092 5 2 0 2 0 1 0 0 0 0 4 1 9
1.8 7 -0.2884288 3 1 1 0 0 0 0 0 1 0 6 1 7
2.1 14 -1.712603 9 4 0 0 0 1 0 0 0 0 5 0.4 13
1.426316 10 -1.727414 7 1 2 0 0 0 0 0 0 0 11 0.1818182 9
2.357895 12 -1.08732 4 4 3 0 1 0 0 0 0 0 5 0.6 11
1.384211 8 -1.301452 4 2 1 1 0 0 0 0 0 0 7 0.5714286 8
3.268421 16 -1.023149 9 2 2 0 0 1 0 0 0 0 6 0.6666667 11
1.552632 9 -1.33418 5 2 0 0 0 0 0 0 0 0 10 0.2 9
2.336842 13 -1.314091 6 5 1 0 0 0 0 0 1 0 5 0.4 12
1.557895 9 -1.327046 7 0 0 1 0 0 0 0 1 0 7 0.5714286 9
2.042105 13 -1.605858 10 0 2 0 0 0 0 0 0 0 6 0.8333333 9
3.978947 15 -0.217413 6 2 1 1 0 0 2 0 0 0 5 0.6 12
1.078947 9 -1.976309 7 2 0 0 0 0 0 0 0 0 10 0.2 9
1.452632 9 -1.469741 6 1 1 0 1 0 0 0 0 0 7 0.7142857 9
2 10 -1.01569 4 4 0 1 0 0 0 0 0 0 4 0.75 11
1.989474 8 -0.3968017 3 1 1 0 2 0 0 0 0 0 7 0.7142857 6
1.694737 12 -1.791113 9 1 1 1 0 0 0 0 0 0 6 0.5 11
3.484211 17 -1.020728 9 3 1 0 2 0 1 0 0 0 4 0.75 13
0.6 6 -2.056237 6 0 0 0 0 0 0 0 0 0 14 0.07142857 7
2.215789 9 -0.4351996 1 3 2 3 0 0 0 0 0 0 5 0.8 8
4.452632 18 -0.4604973 6 3 4 0 0 2 0 0 0 0 6 0.3333333 11
1.847368 10 -1.205048 5 3 0 1 0 1 0 0 0 0 8 0.25 10
1.926316 10 -1.107104 5 2 1 1 0 1 0 0 0 0 6 0.5 11
3.189474 16 -1.088212 8 1 3 1 2 0 0 0 0 0 5 0.8 9
