1.805263 13 -1.840315 9 3 0 1 0 0 0 0 0 0 8 0.25 11
2.610526 12 -0.819208 5 1 2 0 0 0 1 0 0 1 7 0.4285714 10
3.815789 19 -1.087292 9 5 0 2 0 0 0 0 0 0 6 0.5 12
3.426316 14 -0.4822468 8 0 1 0 0 1 2 0 0 0 5 0.8 11
1.857895 13 -1.788213 10 2 0 0 0 0 1 0 0 0 7 0.4285714 12
2.421053 11 -0.7772702 6 1 0 2 0 0 1 0 0 0 8 0.5 10
2.821053 11 -0.3197248 5 2 0 0 1 0 0 1 2 0 5 0.8 9
2.689474 16 -1.500276 9 5 0 1 0 0 0 1 0 0 4 0.75 12
4.110526 18 -0.7141738 8 4 2 0 0 0 1 2 0 1 3 1 11
4.289474 16 -0.181671 4 0 5 2 1 0 0 0 2 0 4 0.75 9
2.668421 12 -0.7577657 5 2 1 1 1 0 0 0 0 0 4 0.75 11
1.563158 8 -1.03399 3 1 3 0 0 0 0 0 0 0 11 0.2727273 6
2.831579 15 -1.218842 6 5 0 0 0 0 1 0 0 0 3 1 13
4.526316 21 -0.898052 8 5 3 0 2 0 0 0 0 0 4 0.5 13
2.263158 17 -1.973916 13 3 0 0 1 0 0 0 0 0 4 0.5 13
2.068421 18 -2.228427 14 3 0 0 0 0 0 0 0 0 7 0.2857143 13
1.936842 10 -1.094045 5 2 2 0 0 0 0 0 1 0 5 0.6 9
1.215789 8 -1.553181 5 2 0 1 0 0 0 0 0 0 7 0.5714286 9
1.405263 10 -1.753532 8 0 1 1 0 0 0 0 0 0 7 0.5714286 9
4.126316 16 -0.316134 7 1 2 0 3 0 0 3 0 0 3 1 12
3.194737 14 -0.6970709 5 3 4 0 0 0 0 0 0 2 4 0.75 11
1.426316 10 -1.727414 7 1 2 0 0 0 0 0 0 0 10 0.3 9
1.547368 11 -1.776646 6 5 0 0 0 0 0 0 0 0 9 0.2222222 10
2.042105 13 -1.605858 8 3 0 2 0 0 0 0 0 0 6 0.6666667 11
0.5 5 -1.974287 5 0 0 0 0 0 0 0 0 0 15 0.06666667 6
1.057895 5 -0.7630408 2 2 0 0 0 0 1 0 0 0 10 0.6 5
1.105263 7 -1.446123 5 0 1 1 0 0 0 0 0 0 11 0.3636364 7
3.536842 15 -0.6032847 5 3 3 1 0 2 0 0 0 0 5 0.6 10
0.9789474 8 -1.907174 6 2 0 0 0 0 0 0 0 0 11 0.1818182 8
1.157895 8 -1.639712 4 4 0 0 0 0 0 0 0 0 10 0.2 8
2.926316 12 -0.4840684 6 0 1 1 1 1 0 0 0 0 5 0.8 9
2.478947 17 -1.805465 12 3 1 0 0 1 0 0 0 0 5 0.4 15
2.973684 13 -0.6836637 6 1 1 1 4 0 0 0 0 0 7 0.4285714 10
1.9 10 -1.139752 5 1 2 1 0 0 0 0 0 0 8 0.375 9
1.394737 8 -1.285719 4 1 3 0 0 0 0 0 0 0 9 0.3333333 7
1.757895 9 -1.055924 4 3 1 0 0 0 0 0 1 0 7 0.5714286 10
1.910526 11 -1.361243 6 2 2 0 0 0 0 0 0 0 5 0.6 11
1.863158 9 -0.913229 5 2 0 0 0 0 1 0 0 0 5 1 10
1.731579 13 -1.913256 11 1 0 0 0 0 0 0 0 0 9 0.3333333 9
1.789474 11 -1.49971 7 3 0 0 0 0 0 0 1 0 6 1 9
2.105263 13 -1.543337 10 1 0 0 0 0 0 0 0 0 9 0.2222222 11
1.563158 10 -1.557645 6 3 0 0 0 0 0 0 0 0 7 0.5714286 10
1.468421 12 -2.031296 9 3 0 0 0 0 0 0 0 0 11 0.09090909 10
2.563158 18 -1.861572 13 1 4 0 0 0 0 0 0 0 4 0.5 15
4.168421 15 -0.05203937 8 0 0 1 0 0 0 0 0 0 10 0.2 9
2.421053 12 -1.020292 6 2 1 1 1 0 0 0 0 0 4 0.75 11
2.078947 11 -1.168592 8 0 0 0 1 2 0 0 0 0 7 0.7142857 10
1.942105 12 -1.528587 6 5 0 0 1 0 0 0 0 0 5 0.8 11
2.052632 7 0.1325508 3 1 0 0 0 0 0 0 2 0 8 0.875 6
2.926316 10 0.133515 3 1 2 0 1 0 1 0 1 0 8 0.625 8
0.7684211 6 -1.738873 5 0 1 0 0 0 0 0 0 0 13 0.2307692 6
2.694737 16 -1.495939 10 3 0 1 2 0 0 0 0 0 4 0.5 14
1.042105 7 -1.551368 6 0 0 0 0 1 0 0 0 0 11 0.3636364 7
2.694737 13 -0.9598011 7 2 1 1 0 0 0 2 0 0 6 0.5 11
4.7 15 0.4119254 4 1 2 0 1 4 0 0 0 1 8 0.375 9
4.094737 19 -0.8903115 13 1 0 0 0 0 0 1 1 3 5 0.8 12
1.563158 10 -1.557645 6 3 0 0 1 0 0 0 0 0 9 0.3333333 9
2.347368 9 -0.2568305 2 4 0 0 0 2 0 0 0 0 7 0.5714286 8
2.447368 11 -0.7471685 2 6 1 1 0 0 0 1 0 0 5 0.8 9
2.584211 16 -1.587027 5 10 0 0 0 0 0 0 0 0 6 0.3333333 13
3.736842 15 -0.4287237 5 4 1 0 0 1 0 0 0 0 7 0.4285714 11
0.8 8 -2.174636 8 0 0 0 0 0 0 0 0 0 13 0.07692308 8
1.178947 10 -2.034304 8 2 0 0 0 0 0 0 0 0 14 0.1428571 6
2.842105 14 -1.024189 6 4 2 0 0 1 0 0 0 0 3 1 13
1.968421 12 -1.500658 8 1 2 0 0 1 0 0 0 0 6 0.5 12
2.831579 12 -0.5846103 4 4 1 0 0 2 0 0 1 0 4 1 11
2.736842 14 -1.121837 9 1 1 1 0 0 0 0 1 0 10 0.2 10
2.884211 14 -0.9851305 9 0 2 0 0 1 1 0 0 1 5 0.6 11
1.842105 10 -1.211577 4 3 2 1 0 0 0 0 0 0 5 0.6 10
3.473684 19 -1.328872 10 6 0 1 0 0 1 0 1 0 4 0.5 15
1.857895 10 -1.191989 5 3 0 0 2 0 0 0 0 0 5 1 10
2.163158 14 -1.654015 11 1 0 0 1 0 1 0 0 0 5 1 12
2.278947 12 -1.171104 5 3 2 2 0 0 0 0 0 0 4 0.75 11
1.563158 11 -1.758585 9 0 1 0 1 0 0 0 0 0 8 0.375 9
3.542105 22 -1.642883 16 2 1 0 2 0 0 1 0 0 2 1 16
2.157895 11 -1.078287 5 2 1 2 0 0 0 0 0 0 8 0.375 9
2.921053 12 -0.4896541 1 6 0 3 0 0 0 0 0 0 8 0.375 7
1.494737 10 -1.642529 8 1 0 0 0 0 0 1 0 0 8 0.5 9
1.826316 13 -1.819474 8 4 1 0 0 0 0 0 0 0 8 0.25 11
2.210526 15 -1.7609 7 2 0 1 1 0 0 0 0 0 10 0.2 9
1.273684 8 -1.466649 5 2 0 0 1 0 0 0 0 0 10 0.5 7
1.589474 10 -1.524997 8 0 0 0 1 0 0 0 0 0 9 0.5555556 8
3.210526 15 -0.8880948 5 4 1 3 0 0 0 0 0 0 6 0.5 11
2.094737 16 -1.990416 13 1 1 0 0 0 0 0 0 0 6 0.3333333 14
2.452632 12 -0.9867777 3 6 2 0 0 0 0 0 0 0 4 0.75 10
1.715789 12 -1.76877 8 2 2 0 0 0 0 0 0 0 8 0.25 10
1.936842 15 -1.999773 11 2 1 0 0 0 0 0 0 0 6 0.3333333 12
3.273684 13 -0.3866858 6 0 0 4 0 0 0 0 0 0 13 0.1538462 7
2.978947 17 -1.415151 11 2 1 0 1 1 0 0 0 0 3 1 14
1.084211 7 -1.481204 5 1 0 0 1 0 0 0 0 0 9 0.4444444 8
1.684211 11 -1.620117 8 2 0 0 0 0 0 0 0 0 6 0.6666667 10
2.157895 8 -0.1450729 4 0 1 0 0 0 1 1 0 0 8 0.875 5
1.347368 10 -1.825358 7 2 1 0 0 0 0 0 0 0 10 0.3 9
0.8789474 7 -1.82325 5 2 0 0 0 0 0 0 0 0 12 0.1666667 8
2.089474 10 -0.9046874 3 2 2 1 0 0 0 0 0 0 8 0.375 7
3.031579 15 -1.044281 6 6 0 1 0 0 2 0 0 0 5 0.8 11
1.436842 10 -1.714355 6 3 1 0 0 0 0 0 0 0 13 0.1538462 7
1.768421 10 -1.302992 6 2 1 0 0 0 0 0 1 0 6 0.6666667 10
2.615789 13 -1.037953 7 3 0 1 0 0 0 2 0 0 6 0.5 11
1.878947 10 -1.16587 5 2 1 1 1 0 0 0 0 0 4 0.75 11
