1.652632 9 -1.19862 5 2 1 0 0 0 0 1 0 0 9 0.3333333 8
3.647368 16 -0.7108482 7 1 4 2 0 0 0 1 0 0 3 0.6666667 13
3.152632 15 -0.9386256 7 3 2 1 0 0 0 0 0 0 5 0.6 11
1.468421 12 -2.031296 9 3 0 0 0 0 0 0 0 0 11 0.09090909 10
1.278947 11 -2.083683 9 2 0 0 0 0 0 0 0 0 10 0.2 9
1.384211 6 -0.5785093 4 0 0 0 0 0 1 1 0 0 6 1 7
1.236842 8 -1.521714 4 3 1 0 0 0 0 0 0 0 9 0.3333333 8
1.463158 9 -1.455471 5 3 0 0 1 0 0 0 0 0 7 0.7142857 8
2.515789 9 -0.02851792 4 1 0 0 1 0 1 0 0 2 9 0.5555556 7
1.510526 10 -1.622941 8 0 1 0 0 1 0 0 0 0 7 0.8571429 7
4.294737 19 -0.7490803 7 3 3 4 1 0 1 0 0 0 4 0.75 12
1.347368 10 -1.825358 7 2 1 0 0 0 0 0 0 0 9 0.2222222 10
1.905263 13 -1.741322 7 3 0 0 0 0 0 0 0 0 11 0.1818182 8
1.768421 10 -1.302992 6 2 0 0 2 0 0 0 0 0 10 0.2 9
1.394737 8 -1.285719 3 4 0 1 0 0 0 0 0 0 7 0.5714286 8
2.294737 13 -1.355772 9 0 2 1 0 0 0 0 1 0 7 0.4285714 10
1.715789 13 -1.928887 10 2 0 1 0 0 0 0 0 0 5 0.6 12
0.9 9 -2.218891 9 0 0 0 0 0 0 0 0 0 13 0.07692308 8
0.5 5 -1.974287 5 0 0 0 0 0 0 0 0 0 17 0.05882353 4
1.468421 12 -2.031296 9 3 0 0 0 0 0 0 0 0 10 0.2 9
3.094737 16 -1.166288 8 2 4 1 0 0 0 1 0 0 4 0.75 10
1.968421 10 -1.054868 5 1 1 1 0 0 0 0 0 0 9 0.4444444 8
3.805263 23 -1.588289 13 2 4 2 0 0 0 0 0 0 6 0.5 12
1.478947 13 -2.163343 11 2 0 0 0 0 0 0 0 0 8 0.25 11
2.584211 11 -0.5906398 5 3 0 0 0 0 0 2 0 0 6 0.6666667 9
3.047368 11 -0.06085045 3 2 0 0 2 0 0 0 0 0 12 0.25 6
0.3 3 -1.72331 3 0 0 0 0 0 0 0 0 0 17 0.05882353 4
1.636842 12 -1.852555 8 3 1 0 0 0 0 0 0 0 8 0.375 9
1.536842 9 -1.355585 6 1 1 0 0 0 1 0 0 0 6 0.8333333 9
2.594737 12 -0.8359649 7 0 1 0 2 1 0 0 0 0 5 0.8 9
2.021053 12 -1.444802 6 2 1 0 1 0 0 0 0 0 6 0.8333333 9
2.131579 7 0.264107 3 0 1 0 0 0 0 0 3 0 9 0.4444444 6
1.989474 8 -0.3968017 4 0 1 1 0 0 1 0 0 0 4 1 9
4.010526 13 0.3427337 3 2 1 0 2 2 0 1 0 0 7 0.7142857 9
1.305263 6 -0.7272739 3 1 0 1 0 0 1 0 0 0 9 0.6666667 7
0.6684211 5 -1.608628 4 0 1 0 0 0 0 0 0 0 14 0.1428571 6
0.8684211 6 -1.550438 3 3 0 0 0 0 0 0 0 0 14 0.1428571 5
2.157895 10 -0.819803 5 2 1 0 0 0 0 1 0 0 7 0.7142857 7
2.9 11 -0.2294198 5 1 0 0 0 3 0 0 0 0 11 0.2727273 8
0.8473684 5 -1.220115 2 2 1 0 0 0 0 0 0 0 12 0.25 6
2.363158 13 -1.28804 8 2 0 0 3 0 0 0 0 0 6 0.3333333 12
4.205263 13 0.5355088 5 1 0 0 0 2 0 0 0 5 5 0.8 9
1.084211 5 -0.7059066 2 2 0 0 0 0 0 1 0 0 8 0.75 6
1.694737 7 -0.463837 3 0 1 1 2 0 0 0 0 0 5 1 7
1.378947 7 -0.9900615 4 1 1 0 0 0 0 0 0 0 7 0.7142857 7
2.194737 16 -1.908003 11 4 0 1 0 0 0 0 0 0 4 0.5 15
2.647368 15 -1.379622 12 0 0 0 1 0 0 0 0 2 6 0.8333333 10
1.763158 10 -1.309521 8 0 0 0 0 1 0 0 1 0 8 0.375 10
2.763158 15 -1.27856 8 3 1 1 2 0 0 0 0 0 4 1 12
2.536842 14 -1.307367 10 1 0 1 0 0 0 2 0 0 7 0.2857143 11
1.657895 9 -1.191485 6 0 1 0 2 0 0 0 0 0 9 0.5555556 8
3.3 15 -0.8100017 8 1 1 1 3 0 0 0 1 0 4 0.75 12
1.952632 11 -1.31308 8 1 0 0 0 1 0 0 0 0 6 0.6666667 11
1.521053 8 -1.096922 4 1 2 0 0 0 0 0 0 0 6 0.6666667 9
1.357895 11 -1.993378 9 1 1 0 0 0 0 0 0 0 10 0.3 9
2.994737 9 0.6207459 2 1 1 0 0 3 0 2 0 0 6 1 8
1.884211 13 -1.762162 9 2 1 1 0 0 0 0 0 0 7 0.5714286 10
3.294737 15 -0.8145954 4 6 0 1 2 0 0 0 0 0 5 0.6 10
1.494737 8 -1.136255 4 3 0 0 0 0 0 0 0 1 8 0.5 8
2.715789 15 -1.319904 9 0 3 2 0 0 0 0 0 0 6 0.6666667 9
1.278947 11 -2.083683 9 2 0 0 0 0 0 0 0 0 11 0.1818182 8
1.926316 14 -1.873721 9 4 1 0 0 0 0 0 0 0 5 0.6 13
1.631579 9 -1.227159 5 1 1 1 0 0 0 0 0 0 8 0.375 9
1.363158 8 -1.332918 4 3 0 0 0 0 0 0 0 0 10 0.3 7
2.326316 11 -0.8856362 4 1 3 0 1 0 0 0 0 0 6 0.6666667 8
2.489474 13 -1.162996 8 2 1 0 0 0 0 0 2 0 5 0.6 10
1.615789 11 -1.698381 7 2 2 0 0 0 0 0 0 0 8 0.25 11
0.5947368 3 -0.7923812 2 0 0 0 1 0 0 0 0 0 14 0.2857143 4
3.236842 14 -0.658012 6 3 1 1 0 0 2 1 0 0 3 1 12
2.115789 11 -1.12645 7 1 1 0 0 0 2 0 0 0 8 0.5 9
3.852632 15 -0.327662 7 0 1 1 0 0 2 0 0 2 6 0.6666667 9
4.536842 13 0.8637476 4 1 0 0 1 1 0 1 2 0 6 0.8333333 7
1.026316 7 -1.577679 5 1 0 1 0 0 0 0 0 0 9 0.4444444 8
2.357895 15 -1.632276 10 3 0 0 2 0 0 0 0 0 5 0.6 11
2.610526 12 -0.819208 7 2 0 0 0 0 0 1 1 0 6 0.6666667 9
2.389474 11 -0.8133922 6 0 1 1 2 0 0 0 0 0 6 0.6666667 10
1.826316 14 -1.966486 13 0 0 0 0 0 0 0 0 1 6 0.6666667 12
1.505263 9 -1.398393 4 3 2 0 0 0 0 0 0 0 10 0.3 7
2.9 17 -1.47678 8 4 5 0 0 0 0 0 0 0 6 0.3333333 11
0.9789474 8 -1.907174 6 2 0 0 0 0 0 0 0 0 12 0.1666667 8
3.563158 20 -1.398098 11 1 6 0 1 0 0 0 0 0 3 1 14
0.8947368 6 -1.50085 5 0 0 0 1 0 0 0 0 0 14 0.2142857 5
1.863158 13 -1.783003 10 1 0 2 0 0 0 0 0 0 7 0.4285714 11
1.821053 8 -0.6485304 3 2 1 0 1 0 1 0 0 0 5 0.6 8
1.405263 9 -1.533954 6 0 2 0 0 0 0 0 0 0 12 0.25 6
2.489474 18 -1.91621 12 2 1 0 0 1 0 0 0 0 4 0.5 15
2.342105 15 -1.646057 9 3 2 1 0 0 0 0 0 0 3 0.6666667 15
3.073684 14 -0.8093653 9 1 0 0 0 0 2 1 1 0 5 0.6 13
2.315789 17 -1.932831 11 3 1 0 0 0 0 0 0 0 10 0.1 11
3.873684 16 -0.5243349 6 3 0 0 2 0 0 2 0 1 8 0.625 9
1.036842 7 -1.560138 5 0 2 0 0 0 0 0 0 0 10 0.3 7
2.3 12 -1.148762 4 4 2 1 0 0 0 0 0 0 6 0.3333333 12
2.136842 11 -1.102368 5 3 0 2 1 0 0 0 0 0 7 0.2857143 10
1.921053 10 -1.113634 5 2 1 0 0 0 0 1 0 0 5 0.8 10
3.989474 13 0.3218931 2 3 1 2 1 1 1 0 0 0 5 0.8 10
1.784211 11 -1.505731 6 2 3 0 0 0 0 0 0 0 6 0.5 11
1.610526 8 -0.9631913 3 2 2 0 0 0 0 0 0 0 6 0.6666667 8
2.8 15 -1.246404 9 1 2 1 1 1 0 0 0 0 4 0.75 12
1.947368 11 -1.3191 7 1 2 0 0 0 0 0 1 0 5 0.6 9
2.615789 14 -1.234131 8 0 3 2 0 0 0 0 0 0 3 1 11
