1.873684 10 -1.1724 4 5 0 0 0 0 0 0 0 1 4 1 11
1.3 13 -2.340488 13 0 0 0 0 0 0 0 0 0 12 0.08333333 9
0.9789474 8 -1.907174 6 1 0 0 0 0 0 0 0 0 13 0.1538462 7
2.010526 15 -1.935461 13 1 0 0 0 0 0 0 1 0 7 0.8571429 9
1.136842 9 -1.897827 8 0 0 1 0 0 0 0 0 0 13 0.1538462 7
2.031579 12 -1.43363 7 1 3 1 0 0 0 0 0 0 8 0.375 10
2.605263 14 -1.243896 9 2 0 0 0 3 0 0 0 0 5 1 10
2.826316 17 -1.5343 12 1 1 0 1 0 0 0 0 0 7 0.2857143 11
1.657895 11 -1.650219 8 2 0 0 0 0 1 0 0 0 6 1 9
4.310526 20 -0.8943486 9 4 1 2 2 1 1 0 0 0 4 0.75 13
2.010526 9 -0.7134556 4 2 0 0 2 1 0 0 0 0 8 0.625 7
2.305263 12 -1.143176 6 1 4 0 0 1 0 0 0 0 4 0.75 11
4.168421 20 -0.990132 14 0 1 0 0 0 1 4 0 0 3 1 15
1.847368 10 -1.205048 7 1 0 0 0 0 1 0 0 0 5 0.8 10
0.8894737 8 -2.040905 7 1 0 0 0 0 0 0 0 0 11 0.1818182 9
0.8578947 6 -1.570273 4 1 1 0 0 0 0 0 0 0 13 0.2307692 5
1.736842 9 -1.084463 5 1 1 1 0 1 0 0 0 0 5 0.8 8
3.6 21 -1.495261 11 5 4 0 0 0 1 0 0 0 4 0.75 13
2.147368 8 -0.160806 3 1 1 0 0 2 0 0 0 0 6 1 7
4.715789 22 -0.9177207 9 6 2 0 0 0 2 0 0 0 4 0.75 12
2.289474 12 -1.159933 5 2 3 1 0 0 0 0 0 0 10 0.2 10
1.084211 7 -1.481204 5 1 0 0 1 0 0 0 0 0 13 0.07692308 8
1.773684 13 -1.871575 10 2 0 0 1 0 0 0 0 0 8 0.25 12
1.694737 8 -0.837327 5 1 0 0 0 0 1 0 0 1 9 0.2222222 9
0.9684211 7 -1.674153 4 3 0 0 0 0 0 0 0 0 11 0.1818182 8
2.963158 17 -1.427477 11 3 0 0 0 0 0 0 1 0 4 0.5 12
1.773684 10 -1.296462 3 6 0 1 0 0 0 0 0 0 9 0.2222222 8
2.389474 14 -1.444073 10 2 0 0 0 0 0 1 0 0 10 0.2 9
2.531579 11 -0.6508431 6 1 0 1 1 0 0 2 0 0 6 0.6666667 11
2.752632 16 -1.448226 11 2 1 0 0 0 0 0 0 1 6 0.5 13
0.8368421 6 -1.609944 5 0 0 1 0 0 0 0 0 0 13 0.2307692 6
2.3 10 -0.6435044 4 2 1 1 1 0 0 0 0 0 4 0.75 11
1.031579 6 -1.242991 4 1 0 0 0 0 0 0 0 0 10 0.4 7
2.7 10 -0.1472567 3 2 0 2 0 0 0 2 0 0 5 1 8
1.842105 12 -1.634714 8 2 1 0 1 0 0 0 0 0 6 0.5 12
1.578947 9 -1.298506 6 1 1 0 0 0 0 0 1 0 8 0.625 8
3.084211 14 -0.7996006 4 0 3 0 0 0 0 0 0 0 16 0.0625 5
1.415789 5 0.01398496 1 1 0 1 2 0 0 0 0 0 9 0.4444444 5
3 12 -0.4058692 6 1 0 0 0 0 0 0 0 0 10 0.3 9
1.8 9 -0.9988462 6 1 0 0 0 0 0 2 0 0 8 0.75 7
2.910526 15 -1.149936 7 4 0 3 0 1 0 0 0 0 4 0.75 12
2.284211 11 -0.9337988 5 4 0 0 0 0 0 1 1 0 5 0.8 10
2.278947 8 0.03585711 4 0 0 0 1 0 0 0 2 0 8 0.5 7
2.236842 18 -2.10354 12 3 1 0 0 0 0 0 0 0 11 0.1818182 9
2.847368 10 0.03557141 4 2 0 0 0 0 0 1 3 0 7 0.4285714 9
2.231579 15 -1.742525 11 1 1 2 0 0 0 0 0 0 4 0.5 15
3.889474 20 -1.178151 12 2 2 1 0 0 3 0 0 0 3 0.6666667 16
2.384211 15 -1.609307 8 3 0 1 0 0 0 0 0 0 7 0.2857143 12
2.889474 17 -1.484997 9 2 4 0 0 0 0 0 0 0 5 0.4 13
1.752632 10 -1.32258 6 2 1 0 0 0 0 1 0 0 5 0.8 10
2.463158 17 -1.817791 11 4 1 1 0 0 0 0 0 0 6 0.3333333 14
2.052632 12 -1.411288 6 2 4 0 0 0 0 0 0 0 7 0.4285714 10
2.747368 14 -1.112072 6 6 0 0 0 0 0 1 0 0 5 0.4 12
2 9 -0.7277251 4 1 0 0 2 0 0 0 1 0 6 0.8333333 7
2.210526 12 -1.243718 6 0 4 0 0 0 0 0 0 0 11 0.2727273 8
1.631579 5 0.4824858 0 2 1 0 0 0 1 1 0 0 6 0.8333333 6
1.452632 9 -1.469741 6 1 1 0 1 0 0 0 0 0 5 0.8 10
1.352632 8 -1.348651 5 1 1 0 1 0 0 0 0 0 9 0.4444444 8
1.868421 10 -1.17893 4 4 1 0 0 0 0 0 0 0 8 0.25 9
1.773684 11 -1.517771 6 3 1 1 0 0 0 0 0 0 10 0.2 9
1.305263 9 -1.669514 7 0 1 1 0 0 0 0 0 0 10 0.4 7
2.210526 13 -1.439134 7 3 1 2 0 0 0 0 0 0 5 0.6 12
1.868421 9 -0.9060943 4 1 1 3 0 0 0 0 0 0 7 0.4285714 9
3.268421 16 -1.023149 8 4 0 0 3 0 0 0 0 1 4 0.5 14
2.005263 14 -1.800486 9 3 2 0 0 0 0 0 0 0 8 0.25 11
2.478947 16 -1.673777 9 2 1 1 1 0 0 0 0 0 4 1 13
1.273684 5 -0.29454 2 1 0 0 0 2 0 0 0 0 7 0.8571429 6
1.742105 9 -1.077329 7 0 0 0 0 0 0 0 1 0 8 0.75 8
1.405263 10 -1.753532 8 0 1 1 0 0 0 0 0 0 8 0.5 10
2.578947 15 -1.43934 7 5 2 0 1 0 0 0 0 0 4 0.5 12
2.289474 11 -0.9277785 5 1 3 0 0 0 0 0 0 1 6 0.8333333 9
1.457895 12 -2.042467 10 1 1 0 0 0 0 0 0 0 10 0.2 10
1.157895 8 -1.639712 4 4 0 0 0 0 0 0 0 0 9 0.2222222 9
2.847368 18 -1.650825 10 6 1 0 0 1 0 0 0 0 3 0.6666667 13
2.642105 13 -1.011902 5 5 0 2 0 0 0 0 1 0 5 0.6 11
3.047368 16 -1.205325 9 4 0 1 0 0 0 0 0 2 6 0.3333333 13
3.073684 20 -1.728018 13 4 2 0 0 0 0 0 0 0 4 0.75 14
1.331579 9 -1.63384 7 1 0 0 0 1 0 0 0 0 9 0.5555556 8
3.036842 16 -1.214 11 1 1 0 0 0 2 0 0 0 7 0.5714286 10
1.484211 11 -1.84889 9 1 0 0 0 0 0 0 0 0 11 0.1818182 9
2.521053 14 -1.322014 10 0 0 1 1 0 0 0 0 0 8 0.375 10
2.963158 18 -1.564966 5 10 0 0 0 0 0 0 0 0 8 0.25 9
2.626316 16 -1.552327 11 3 0 0 0 0 0 0 0 0 7 0.5714286 10
2.763158 13 -0.8920693 6 4 0 0 1 0 0 2 0 0 7 0.2857143 10
1.257895 9 -1.733727 5 3 0 0 0 0 0 0 0 0 12 0.1666667 7
3.084211 13 -0.5742508 5 2 3 0 0 1 2 0 0 0 5 0.8 11
1.357895 6 -0.6280975 4 0 0 0 0 0 1 0 0 0 11 0.4545455 6
1.4 8 -1.277852 5 1 1 0 0 1 0 0 0 0 6 1 7
1.663158 11 -1.644198 7 1 0 2 0 0 0 0 0 0 9 0.3333333 9
3.105263 15 -0.979969 8 2 2 0 0 2 0 0 0 0 3 1 12
0.8789474 7 -1.82325 5 2 0 0 0 0 0 0 0 0 14 0.1428571 6
1.505263 10 -1.62947 7 0 3 0 0 0 0 0 0 0 9 0.3333333 10
1.347368 10 -1.825358 7 2 1 0 0 0 0 0 0 0 8 0.375 10
3.352632 14 -0.5505999 6 3 1 0 0 0 3 0 0 0 8 0.375 10
1.636842 9 -1.220024 4 4 0 0 0 0 1 0 0 0 6 0.3333333 10
2.152632 13 -1.496445 7 2 4 0 0 0 0 0 0 0 5 0.6 10
2.847368 18 -1.650825 10 6 1 0 0 1 0 0 0 0 3 0.6666667 14
2.778947 12 -0.6404669 5 2 2 0 0 2 0 0 0 0 5 0.4 12
1.568421 9 -1.312776 6 1 0 1 0 1 0 0 0 0 5 0.8 9
0.9947368 7 -1.630301 6 0 0 0 1 0 0 0 0 0 12 0.3333333 6
