0.6894737 6 -1.887638 5 1 0 0 0 0 0 0 0 0 14 0.07142857 7
1.710526 10 -1.374817 6 2 0 1 1 0 0 0 0 0 9 0.4444444 8
1.9 13 -1.746532 10 1 1 0 0 1 0 0 0 0 5 0.8 11
2.957895 13 -0.6992941 4 5 1 1 0 0 1 0 0 1 4 0.75 11
2.663158 11 -0.5003348 5 2 1 0 0 0 0 1 0 0 8 0.625 8
2.642105 18 -1.803031 12 3 2 1 0 0 0 0 0 0 3 0.6666667 15
4.5 23 -1.176209 16 2 0 0 0 0 2 0 1 0 4 0.75 15
1.531579 7 -0.7357196 5 0 0 0 0 0 0 1 0 1 7 0.8571429 8
4.7 18 -0.2770696 8 0 3 2 0 0 2 1 0 0 3 0.6666667 14
3.305263 16 -0.9927868 8 4 1 0 0 0 2 0 1 0 5 0.6 12
1.073684 6 -1.16365 3 2 0 0 1 0 0 0 0 0 9 0.4444444 7
1.973684 11 -1.288999 7 1 1 1 0 0 1 0 0 0 5 0.8 10
2.257895 12 -1.193447 8 1 1 0 0 0 1 0 1 0 6 0.5 11
2.257895 15 -1.719556 12 0 1 0 2 0 0 0 0 0 7 0.7142857 10
0.7263158 4 -1.030027 2 1 0 1 0 0 0 0 0 0 12 0.3333333 5
0.9315789 5 -1.037285 3 1 0 0 0 1 0 0 0 0 11 0.3636364 6
3.831579 16 -0.559035 6 2 2 2 0 1 0 0 0 1 6 0.5 11
2.678947 13 -0.9754315 8 1 0 1 1 0 1 0 0 0 6 0.6666667 9
2.915789 17 -1.464454 11 0 3 1 0 0 0 0 0 0 6 0.5 12
0.7578947 5 -1.414371 3 1 1 0 0 0 0 0 0 0 15 0.06666667 6
1.536842 11 -1.788686 7 3 1 0 0 0 0 0 0 0 9 0.2222222 10
1.394737 8 -1.285719 3 4 0 1 0 0 0 0 0 0 10 0.2 8
1.394737 8 -1.285719 3 4 0 1 0 0 0 0 0 0 10 0.2 8
2.615789 11 -0.5545178 4 2 3 0 0 0 0 1 0 1 6 1 8
1.773684 9 -1.03452 6 1 0 0 0 0 1 1 0 0 7 0.5714286 8
0.6842105 3 -0.5097778 1 1 0 0 1 0 0 0 0 0 12 0.4166667 4
1.873684 12 -1.6012 7 3 1 1 0 0 0 0 0 0 10 0.4 8
2.926316 19 -1.715399 14 3 0 0 0 0 2 0 0 0 6 0.3333333 13
2.326316 18 -2.037194 13 4 1 0 0 0 0 0 0 0 7 0.2857143 12
1.810526 7 -0.270888 3 1 1 0 0 0 0 0 0 2 6 1 7
1.4 8 -1.277852 5 1 1 0 0 1 0 0 0 0 11 0.1818182 9
1.836842 10 -1.218107 6 2 0 1 0 0 0 0 0 0 5 0.8 10
2.863158 17 -1.50554 11 3 0 2 0 0 0 0 0 0 6 0.5 12
2.084211 10 -0.911217 5 1 1 1 2 0 0 0 0 0 4 1 10
3.389474 16 -0.9233865 10 1 0 0 1 3 1 0 0 0 5 0.8 10
1.652632 10 -1.446642 6 2 0 2 0 0 0 0 0 0 10 0.2 9
1.252632 7 -1.200551 4 1 1 0 1 0 0 0 0 0 8 0.625 7
1.726316 10 -1.355228 7 1 0 0 1 1 0 0 0 0 5 0.8 11
2.452632 16 -1.695465 10 2 4 0 0 0 0 0 0 0 5 0.6 12
1.115789 7 -1.428582 4 2 0 1 0 0 0 0 0 0 9 0.3333333 8
1.873684 10 -1.1724 6 1 1 1 0 0 0 0 0 0 8 0.375 9
2.368421 13 -1.28283 6 3 2 0 1 0 0 0 0 0 3 1 11
2.036842 16 -2.038129 12 3 1 0 0 0 0 0 0 0 9 0.3333333 10
1.847368 15 -2.077866 12 2 1 0 0 0 0 0 0 0 8 0.25 11
1.736842 12 -1.746427 6 6 0 0 0 0 0 0 0 0 11 0.1818182 9
0.9052632 4 -0.5705612 1 0 3 0 0 0 0 0 0 0 13 0.2307692 4
1.878947 11 -1.397365 6 3 1 0 0 1 0 0 0 0 5 0.6 11
2.726316 14 -1.131601 4 6 1 1 1 0 0 0 0 0 4 0.75 11
1.989474 10 -1.028749 3 4 2 0 1 0 0 0 0 0 7 0.2857143 9
0.7894737 7 -1.972347 5 1 0 0 0 0 0 0 0 0 12 0.1666667 8
2.142105 12 -1.316332 7 2 2 0 0 0 0 0 0 1 5 0.8 10
2.773684 12 -0.6460525 6 1 2 0 1 0 0 0 0 2 6 0.5 11
2.715789 14 -1.141366 7 3 1 1 0 0 0 0 0 0 5 0.6 11
1.321053 6 -0.697521 2 1 2 0 1 0 0 0 0 0 6 0.8333333 7
1.526316 6 -0.3107331 3 0 1 0 0 0 2 0 0 0 12 0.25 6
2.257895 12 -1.193447 5 4 0 0 1 0 0 0 0 0 7 0.4285714 10
1.736842 12 -1.746427 6 5 0 0 0 0 0 0 0 0 9 0.2222222 9
1.684211 11 -1.620117 7 2 1 1 0 0 0 0 0 0 6 0.6666667 11
1.852632 10 -1.198518 7 1 0 0 0 1 0 0 0 0 6 0.6666667 8
2.947368 16 -1.287738 10 3 0 1 0 0 0 0 1 0 6 0.5 11
1.736842 13 -1.908046 9 3 1 0 0 0 0 0 0 0 8 0.375 9
1.536842 11 -1.788686 7 3 1 0 0 0 0 0 0 0 5 0.6 11
2.352632 10 -0.5782087 2 4 2 1 0 0 0 0 1 0 5 0.6 9
1.442105 7 -0.8848166 4 0 2 0 0 0 0 0 0 0 7 0.5714286 8
2.405263 17 -1.862985 10 3 1 0 0 0 0 0 0 0 8 0.25 12
3.047368 12 -0.3555982 2 1 7 1 0 1 0 0 0 0 8 0.375 8
1.626316 11 -1.686341 6 4 0 0 0 0 0 0 0 0 6 0.5 11
1.621053 8 -0.9474583 4 2 0 1 0 0 0 0 0 0 8 0.75 6
1.784211 8 -0.7035961 4 1 0 2 0 0 0 0 1 0 5 0.8 9
2.484211 13 -1.168207 8 1 2 0 0 0 1 0 0 0 7 0.4285714 10
1.884211 8 -0.5541321 3 1 1 1 2 0 0 0 0 0 8 0.5 8
1.768421 15 -2.146772 12 3 0 0 0 0 0 0 0 0 9 0.1111111 12
2.978947 18 -1.553258 10 6 0 1 0 0 0 0 0 0 4 0.75 14
1.447368 6 -0.4594977 3 1 0 0 0 0 2 0 0 0 12 0.3333333 6
3.257895 15 -0.8467514 5 6 1 0 1 0 0 0 0 0 7 0.4285714 9
3.321053 14 -0.5798941 8 0 1 2 0 0 0 0 0 3 5 0.4 13
2.089474 15 -1.866555 12 0 0 0 2 0 0 0 0 0 8 0.625 9
3.315789 17 -1.152203 12 1 0 0 1 0 0 2 0 0 5 1 12
1.636842 7 -0.5603115 1 4 0 1 0 1 0 0 0 0 7 0.5714286 7
2.694737 12 -0.7298374 7 0 1 1 0 1 0 1 0 0 5 0.6 12
1.742105 7 -0.3849033 1 4 0 0 0 1 0 0 0 0 6 0.8333333 7
2.421053 9 -0.1569437 4 1 1 0 0 0 0 0 3 0 6 1 8
2.231579 15 -1.742525 10 0 1 0 1 0 0 0 0 0 8 0.375 10
2.4 17 -1.867094 12 4 0 0 0 1 0 0 0 0 4 1 11
2.457895 11 -0.7351278 4 2 1 1 0 2 0 0 0 0 5 0.8 9
1.652632 11 -1.656239 8 1 1 0 1 0 0 0 0 0 8 0.375 11
2.805263 12 -0.6125386 8 0 0 0 0 1 0 0 2 0 8 0.625 9
1.826316 11 -1.457568 7 2 1 0 0 0 1 0 0 0 5 0.8 11
1.026316 6 -1.252909 3 1 2 0 0 0 0 0 0 0 12 0.25 6
2.731579 13 -0.9233301 7 3 0 0 0 0 1 0 0 0 5 0.8 10
1.215789 8 -1.553181 5 2 0 1 0 0 0 0 0 0 9 0.3333333 9
5 22 -0.7421208 9 6 1 2 0 0 0 1 0 0 3 1 11
1.710526 11 -1.590015 7 3 0 0 0 1 0 0 0 0 7 0.5714286 10
1.568421 13 -2.074771 10 2 0 0 0 0 0 0 0 0 9 0.2222222 11
0.9368421 6 -1.421509 4 0 2 0 0 0 0 0 0 0 11 0.2727273 6
0.5 5 -1.974287 5 0 0 0 0 0 0 0 0 0 15 0.06666667 6
1.994737 13 -1.65275 7 4 1 0 0 0 0 0 0 0 8 0.375 9
1.136842 8 -1.671178 6 0 1 0 0 0 0 0 0 0 13 0.07692308 8
1.531579 9 -1.362719 6 0 2 0 1 0 0 0 0 0 5 0.8 9
2.563158 11 -0.6147211 4 3 1 0 0 2 0 0 0 0 6 0.5 9
