2.168421 10 -0.8067438 6 1 0 1 0 0 0 0 1 0 6 0.6666667 9
2.036842 16 -2.038129 12 3 1 0 0 0 0 0 0 0 8 0.25 11
1.215789 8 -1.553181 5 2 0 1 0 0 0 0 0 0 8 0.375 9
3.578947 17 -0.946774 9 3 0 2 1 0 0 0 0 0 6 0.5 11
1.057895 8 -1.789176 5 1 1 0 0 0 0 0 0 0 12 0.1666667 7
1.121053 7 -1.419812 6 0 0 0 0 0 0 0 1 0 9 0.6666667 7
1.578947 10 -1.538056 7 0 0 0 0 1 0 0 0 0 7 0.5714286 9
3.057895 13 -0.6003015 5 1 3 0 0 0 0 0 0 0 5 0.6 11
0.6894737 6 -1.887638 5 1 0 0 0 0 0 0 0 0 15 0.1333333 5
2.073684 13 -1.574597 6 2 0 1 0 0 0 0 0 0 12 0.3333333 5
1.873684 14 -1.922545 11 2 0 0 0 0 0 0 0 0 9 0.3333333 10
6.905263 21 0.635689 8 0 0 3 0 0 2 2 4 0 6 0.8333333 10
1.236842 8 -1.521714 4 3 1 0 0 0 0 0 0 0 12 0.1666667 7
0.6789474 5 -1.585774 3 2 0 0 0 0 0 0 0 0 15 0.1333333 5
2.184211 13 -1.465185 10 0 1 0 1 0 0 0 0 0 7 0.2857143 13
0.7684211 5 -1.391518 2 3 0 0 0 0 0 0 0 0 14 0.1428571 5
2.105263 11 -1.13849 6 2 1 1 0 0 0 0 0 0 4 1 10
1.989474 11 -1.270938 8 1 0 0 0 0 1 0 1 0 6 1 9
1.594737 10 -1.518468 5 4 0 1 0 0 0 0 0 0 12 0.1666667 8
2.573684 19 -1.964412 14 3 0 0 0 0 0 0 0 0 4 0.5 14
1.526316 11 -1.800727 8 1 2 0 0 0 0 0 0 0 9 0.2222222 10
5.968421 21 0.03169363 8 1 1 1 1 3 0 0 0 0 6 0.6666667 10
1.852632 12 -1.623543 8 2 0 2 0 0 0 0 0 0 5 0.8 11
1.957895 12 -1.51183 9 0 2 0 0 0 0 0 1 0 6 0.5 11
1.942105 12 -1.528587 9 0 2 0 0 0 0 1 0 0 5 0.6 11
2.363158 11 -0.8434938 4 2 3 1 0 1 0 0 0 0 8 0.375 8
1.942105 11 -1.325121 6 3 1 0 0 0 0 1 0 0 5 0.4 11
2.6 9 0.08563835 4 0 0 0 1 2 1 0 0 0 6 1 8
2.005263 15 -1.940055 11 3 0 1 0 0 0 0 0 0 7 0.2857143 12
2.531579 10 -0.3562031 3 2 2 0 1 1 0 0 0 0 7 0.4285714 9
1.078947 7 -1.489975 6 0 0 0 0 0 1 0 0 0 10 0.4 8
1.289474 12 -2.221208 11 1 0 0 0 0 0 0 0 0 10 0.1 11
1.952632 12 -1.517415 7 2 2 1 0 0 0 0 0 0 6 0.5 10
1.831579 10 -1.224637 6 1 2 0 0 0 0 1 0 0 7 0.5714286 10
1.294737 8 -1.435183 5 1 1 1 0 0 0 0 0 0 11 0.2727273 8
0.5 5 -1.974287 5 0 0 0 0 0 0 0 0 0 15 0.06666667 6
1.678947 8 -0.8609265 4 0 1 3 0 0 0 0 0 0 9 0.4444444 7
2.184211 8 -0.1057403 3 0 2 1 0 0 0 2 0 0 4 1 7
3.521053 16 -0.8149486 7 1 3 3 0 0 1 0 0 0 5 0.8 11
1.915789 10 -1.120163 7 1 0 0 0 0 0 1 1 0 5 1 11
1.905263 15 -2.027335 14 0 0 0 0 0 0 0 0 0 8 0.375 11
0.6894737 6 -1.887638 5 1 0 0 0 0 0 0 0 0 13 0.1538462 7
2.384211 14 -1.448955 10 0 1 0 0 1 0 0 0 0 8 0.375 10
2.752632 16 -1.448226 10 3 0 0 2 0 0 0 0 0 9 0.2222222 10
0.9736842 4 -0.3948829 1 0 2 1 0 0 0 0 0 0 12 0.25 5
1.747368 9 -1.070194 5 1 2 0 0 0 0 0 1 0 8 0.375 8
1.931579 10 -1.100575 5 3 0 1 0 0 0 0 0 1 7 0.2857143 10
4.115789 16 -0.3248091 8 1 1 1 0 0 2 0 1 0 5 0.6 11
2.394737 16 -1.743177 8 7 1 0 0 0 0 0 0 0 9 0.2222222 10
2.910526 15 -1.149936 8 2 1 0 0 2 1 0 0 0 4 0.75 13
3.278947 14 -0.618953 9 0 0 0 0 1 0 0 0 2 7 0.7142857 9
3.742105 19 -1.139324 9 6 1 0 0 0 1 0 0 0 3 1 14
3.994737 19 -0.9609271 11 2 0 2 0 2 2 0 0 0 6 0.6666667 11
2.773684 18 -1.705463 8 7 1 0 0 0 0 0 0 0 6 0.3333333 12
1.878947 11 -1.397365 6 4 0 0 0 0 0 0 0 0 9 0.2222222 9
2.210526 13 -1.439134 7 3 1 2 0 0 0 0 0 0 5 0.6 11
1.657895 9 -1.191485 5 2 0 1 0 1 0 0 0 0 11 0.3636364 7
1.089474 10 -2.145307 9 1 0 0 0 0 0 0 0 0 12 0.08333333 9
2.631579 18 -1.810837 11 5 0 0 1 0 0 0 0 0 5 1 10
2.005263 14 -1.800486 9 3 2 0 0 0 0 0 0 0 6 0.3333333 11
1.521053 8 -1.096922 6 0 0 0 0 1 1 0 0 0 6 0.8333333 7
2.6 19 -1.945829 13 4 0 0 0 1 0 0 0 0 4 1 11
3.036842 12 -0.3667696 4 4 0 0 0 0 3 0 0 0 6 0.8333333 9
2.547368 12 -0.8862359 7 0 2 0 2 0 0 0 0 0 5 0.6 11
2.331579 15 -1.655244 12 0 0 1 0 0 0 0 0 1 4 0.5 14
0.7789474 4 -0.8948903 3 0 0 0 0 0 1 0 0 0 10 0.7 5
1.468421 10 -1.675177 8 1 0 0 0 0 1 0 0 0 6 1 10
1.594737 11 -1.722463 9 1 0 0 0 0 0 0 0 0 6 0.6666667 11
2.4 12 -1.042634 6 4 0 0 0 0 0 0 0 0 6 0.5 10
1.657895 13 -1.986198 9 4 0 0 0 0 0 0 0 0 8 0.25 10
2.042105 12 -1.422459 6 3 1 1 0 0 0 0 0 0 7 0.2857143 11
1.326316 10 -1.851476 8 1 0 1 0 0 0 0 0 0 9 0.4444444 8
2.473684 12 -0.9644351 8 0 1 0 1 0 0 1 0 0 8 0.375 10
1.752632 10 -1.32258 5 2 2 1 0 0 0 0 0 0 6 0.5 9
2.157895 13 -1.491235 8 2 2 0 0 1 0 0 0 0 7 0.8571429 9
3.257895 16 -1.031824 8 3 1 2 0 1 0 0 0 0 3 1 13
2.178947 9 -0.485143 3 3 0 0 2 0 0 0 1 0 6 0.5 9
3.242105 12 -0.1489288 3 4 1 0 0 2 0 1 0 1 5 0.6 9
3.347368 12 -0.03721566 5 0 0 0 5 0 0 0 0 0 10 0.5 6
2.678947 10 -0.173375 3 1 2 1 1 1 1 0 0 0 4 1 9
1.336842 10 -1.838417 8 0 2 0 0 0 0 0 0 0 7 0.4285714 10
2.410526 12 -1.031463 5 4 1 0 0 1 0 0 0 0 5 0.6 10
2.994737 11 -0.1210538 3 2 1 1 3 0 0 0 0 1 4 1 9
1.478947 13 -2.163343 10 2 0 0 0 0 0 0 0 0 10 0.2 10
3.952632 18 -0.8312552 8 2 4 1 1 1 0 0 0 1 3 1 11
1.726316 8 -0.7901278 4 2 0 0 0 1 0 1 0 0 5 0.8 9
2.626316 13 -1.027533 5 5 0 2 0 0 0 0 0 0 6 0.3333333 10
2.484211 13 -1.168207 7 3 1 0 0 0 0 0 0 0 8 0.25 12
1.536842 9 -1.355585 6 1 1 0 0 0 1 0 0 0 8 0.375 10
3.847368 15 -0.3322557 7 2 1 0 0 0 1 3 0 0 5 0.6 9
1.189474 11 -2.186028 10 1 0 0 0 0 0 0 0 0 14 0.1428571 6
2.268421 11 -0.9518598 4 5 0 0 0 1 1 0 0 0 6 0.5 10
3.889474 9 1.833656 1 1 0 0 0 1 0 0 0 6 7 0.8571429 5
1.705263 11 -1.596036 6 3 2 0 0 0 0 0 0 0 11 0.1818182 9
2.784211 15 -1.260185 8 2 2 2 1 0 0 0 0 0 3 1 14
2.063158 14 -1.74678 11 1 1 0 0 0 0 0 0 0 8 0.25 11
1.847368 11 -1.433487 8 0 1 1 0 1 0 0 0 0 5 0.8 11
0.7894737 7 -1.972347 6 1 0 0 0 0 0 0 0 0 13 0.07692308 8
1.457895 11 -1.878991 7 4 0 0 0 0 0 0 0 0 9 0.2222222 10
1.663158 11 -1.644198 7 3 0 0 1 0 0 0 0 0 9 0.2222222 10
