1.415789 10 -1.740473 7 2 0 1 0 0 0 0 0 0 10 0.4 7
1.215789 7 -1.261944 3 2 2 0 0 0 0 0 0 0 11 0.1818182 7
2.068421 12 -1.394531 6 2 1 0 0 1 0 0 0 0 6 0.5 10
1.347368 10 -1.825358 7 2 1 0 0 0 0 0 0 0 9 0.3333333 9
1.889474 9 -0.8775552 5 1 0 2 0 0 0 0 0 1 5 1 8
3.015789 14 -0.8630713 7 1 0 3 0 0 0 0 0 0 12 0.25 7
2.331579 11 -0.8796158 5 2 1 0 2 0 0 0 0 0 6 0.8333333 8
1.952632 12 -1.517415 7 2 1 1 0 0 0 0 0 0 6 0.6666667 11
2.347368 8 0.1381219 3 0 0 1 3 0 0 0 0 1 9 0.4444444 7
0.9789474 8 -1.907174 6 2 0 0 0 0 0 0 0 0 13 0.07692308 8
1.268421 10 -1.923301 7 3 0 0 0 0 0 0 0 0 8 0.25 10
1.078947 4 -0.1246087 1 1 1 0 0 0 0 0 0 0 10 0.4 5
2.747368 17 -1.595928 12 2 1 0 1 0 0 0 0 0 5 0.6 13
2.521053 13 -1.131736 8 0 1 3 0 0 0 0 0 0 6 0.5 12
1.831579 10 -1.224637 5 1 1 1 0 0 0 0 0 0 8 0.5 9
3.784211 17 -0.7865398 8 2 4 0 0 0 0 0 0 2 5 0.4 13
3.926316 15 -0.2633501 6 3 0 2 0 0 0 0 2 0 5 0.6 11
2.731579 13 -0.9233301 8 1 0 1 1 0 0 2 0 0 4 0.75 12
2.873684 13 -0.7826563 6 3 1 0 1 0 0 0 1 0 3 0.6666667 13
2.278947 13 -1.371402 7 3 0 3 0 0 0 0 0 0 7 0.2857143 11
3.989474 23 -1.479026 16 1 2 0 1 0 0 0 0 0 2 1 17
1.352632 6 -0.6380151 1 2 2 1 0 0 0 0 0 0 7 0.5714286 7
3.315789 19 -1.44037 13 3 0 0 1 0 0 0 0 2 4 0.75 14
1.7 11 -1.602056 8 1 1 0 0 1 0 0 0 0 6 0.5 11
1.626316 13 -2.017459 11 1 0 1 0 0 0 0 0 0 9 0.3333333 10
2.278947 13 -1.371402 7 2 3 0 1 0 0 0 0 0 8 0.25 11
2.152632 13 -1.496445 7 2 2 0 0 0 0 0 0 0 6 0.3333333 12
2.057895 12 -1.405702 7 2 2 0 0 1 0 0 0 0 3 1 12
1.142105 8 -1.663312 7 0 0 0 0 1 0 0 0 0 9 0.4444444 9
2.047368 8 -0.3102699 4 0 1 0 1 0 1 1 0 0 6 0.6666667 8
3.678947 11 0.6615896 3 0 1 1 0 0 1 0 0 1 7 0.4285714 8
1.126316 8 -1.686911 6 1 0 1 0 0 0 0 0 0 12 0.1666667 7
1.078947 9 -1.976309 7 1 0 0 0 0 0 0 0 0 12 0.1666667 8
2.626316 13 -1.027533 7 2 2 0 0 0 0 1 0 0 4 1 11
3.505263 22 -1.665646 12 6 0 0 2 0 0 0 0 0 7 0.2857143 12
2.236842 15 -1.737931 10 4 0 0 0 0 1 0 0 0 7 0.5714286 10
1.089474 10 -2.145307 9 1 0 0 0 0 0 0 0 0 12 0.08333333 9
1.805263 14 -1.986016 12 0 1 1 0 0 0 0 0 0 10 0.2 10
1.852632 10 -1.198518 7 0 1 0 0 2 0 0 0 0 10 0.5 7
1.794737 7 -0.2971992 2 2 1 0 0 1 0 1 0 0 6 0.8333333 8
2.084211 12 -1.377774 3 8 1 0 0 0 0 0 0 0 8 0.25 9
2.126316 11 -1.114409 5 3 1 0 2 0 0 0 0 0 7 0.5714286 9
2.605263 14 -1.243896 9 2 0 0 0 2 0 0 0 0 8 0.375 9
2.1 8 -0.2316047 3 1 1 1 0 0 1 0 0 1 5 1 9
2.221053 14 -1.600309 8 4 1 0 1 0 0 0 0 0 3 1 13
1.957895 11 -1.30706 6 2 2 0 0 1 0 0 0 0 6 0.5 10
2.652632 12 -0.7745227 4 4 2 0 0 0 1 0 0 0 3 1 11
2.573684 7 1.000821 0 2 0 1 1 0 2 1 0 0 7 0.7142857 6
1.863158 11 -1.415426 6 4 0 0 0 0 0 1 0 0 6 0.5 10
2.878947 11 -0.2535011 5 1 0 2 0 0 0 2 0 0 4 1 10
2.294737 13 -1.355772 9 0 1 1 2 0 0 0 0 0 5 0.6 10
3.010526 19 -1.655933 11 3 0 0 0 0 0 0 2 0 7 0.4285714 11
1.784211 12 -1.696156 8 2 1 1 0 0 0 0 0 0 9 0.2222222 10
3.073684 12 -0.3276699 3 3 0 5 0 0 0 0 1 0 4 0.75 11
2.805263 11 -0.3377858 4 0 2 2 0 0 0 0 0 0 6 0.5 9
1.505263 10 -1.62947 6 2 0 1 0 0 0 0 0 0 9 0.3333333 9
1.673684 10 -1.420524 6 0 4 0 0 0 0 0 0 0 7 0.4285714 9
1.957895 9 -0.7848032 5 1 0 0 2 0 1 0 0 0 7 0.5714286 8
3.621053 15 -0.5297853 5 2 1 4 2 0 0 0 0 0 3 1 11
2.968421 15 -1.099405 8 2 2 1 1 0 0 0 0 0 4 0.5 12
2.963158 14 -0.911895 8 2 0 0 1 2 0 1 0 0 5 0.8 11
1.415789 7 -0.9286686 4 0 2 0 0 0 1 0 0 0 8 0.625 7
1.868421 8 -0.5777317 4 1 1 0 0 0 0 1 0 0 8 0.375 8
4.410526 19 -0.6673149 11 2 0 0 0 1 3 0 0 2 6 0.5 12
4.926316 21 -0.6401663 9 1 2 3 1 2 0 0 0 0 5 0.8 12
2.226316 13 -1.423503 8 3 0 1 0 0 0 0 0 0 5 0.8 11
2.331579 11 -0.8796158 7 1 0 0 0 1 1 0 1 0 5 0.8 9
1.815789 13 -1.829894 9 2 2 0 0 0 0 0 0 0 10 0.3 9
1.921053 13 -1.725691 10 1 0 1 0 0 0 0 0 0 5 1 10
1.447368 10 -1.701296 5 4 0 0 0 0 0 0 0 0 12 0.1666667 7
2.352632 11 -0.8555345 6 1 1 0 2 0 0 1 0 0 6 0.6666667 10
1.494737 10 -1.642529 8 1 0 0 0 0 0 0 0 0 7 0.7142857 9
2.068421 12 -1.394531 8 0 2 1 1 0 0 0 0 0 6 0.6666667 10
1.936842 15 -1.999773 11 3 1 0 0 0 0 0 0 0 7 0.2857143 13
2.768421 9 0.3139509 2 1 1 2 0 0 3 0 0 0 4 1 7
1.273684 8 -1.466649 6 0 0 2 0 0 0 0 0 0 10 0.4 8
1.305263 9 -1.669514 8 0 0 0 0 0 0 1 0 0 9 0.6666667 7
1.005263 6 -1.292579 5 0 0 0 0 0 0 1 0 0 10 0.6 6
1.157895 8 -1.639712 4 4 0 0 0 0 0 0 0 0 11 0.1818182 8
1.694737 14 -2.088545 13 0 0 0 1 0 0 0 0 0 7 0.5714286 11
2.436842 10 -0.4737355 3 4 0 1 0 0 0 0 1 0 6 0.5 9
2.621053 16 -1.556664 8 5 2 1 0 0 0 0 0 0 6 0.3333333 12
3.978947 14 0.03040168 6 0 2 0 1 2 0 0 2 0 6 0.6666667 10
2.947368 15 -1.11778 6 4 1 1 0 0 0 0 0 1 5 0.6 11
4.389474 17 -0.3140543 7 2 2 1 1 0 1 0 3 0 4 0.5 14
3.563158 14 -0.3553053 6 3 0 0 0 0 4 0 0 0 5 0.8 11
3.8 17 -0.7742141 8 4 1 0 0 1 0 2 1 0 5 0.4 13
4.778947 19 -0.4071521 7 1 0 7 0 0 0 0 1 0 5 0.8 11
2.247368 11 -0.9759412 4 5 0 0 1 0 0 1 0 0 5 0.8 9
1.621053 8 -0.9474583 4 2 0 0 0 0 0 1 0 0 7 0.5714286 8
1.805263 12 -1.673814 7 3 2 0 0 0 0 0 0 0 10 0.2 10
4.668421 19 -0.4852009 4 6 4 0 2 0 1 0 0 0 3 1 11
2.178947 11 -1.054206 4 3 2 2 0 0 0 0 0 0 4 0.5 12
1.147368 8 -1.655445 5 2 1 0 0 0 0 0 0 0 11 0.2727273 8
2.721053 14 -1.136484 9 1 0 1 2 0 0 1 0 0 4 1 12
1.789474 9 -1.013116 4 2 0 2 0 0 0 0 0 0 6 0.6666667 8
3.389474 15 -0.7319086 8 3 0 0 0 0 0 2 0 0 6 0.8333333 9
2.252632 11 -0.9699208 5 3 0 0 1 0 0 0 0 0 8 0.625 7
3.084211 19 -1.603901 9 6 0 0 0 0 1 0 0 0 6 0.5 11
2.947368 15 -1.11778 8 3 2 0 0 0 0 0 2 0 3 1 13
