1.673684 8 -0.8687931 4 1 1 1 0 0 1 0 0 0 7 0.4285714 9
1.268421 10 -1.923301 7 3 0 0 0 0 0 0 0 0 9 0.2222222 10
3.968421 20 -1.124938 12 4 0 0 0 0 1 2 0 0 5 0.8 12
1.852632 12 -1.623543 7 4 0 0 1 0 0 0 0 0 8 0.375 10
1.147368 8 -1.655445 5 1 1 0 0 0 0 0 0 0 12 0.1666667 7
2.747368 17 -1.595928 11 0 2 3 0 0 0 0 0 0 7 0.4285714 11
2.510526 13 -1.142156 3 9 0 0 0 0 0 1 0 0 5 0.8 9
2.942105 15 -1.122374 8 3 0 2 0 0 0 1 0 0 4 0.5 13
1.373684 9 -1.576762 6 2 0 0 0 0 0 0 0 0 11 0.2727273 7
3.789474 16 -0.5937352 5 3 3 1 4 0 0 0 0 0 5 0.8 9
1.378947 8 -1.309318 6 0 0 1 0 1 0 0 0 0 10 0.3 8
4.421053 19 -0.6598816 11 1 0 0 0 3 0 0 0 0 8 0.375 11
1.526316 11 -1.800727 10 0 0 0 0 0 0 0 0 1 7 0.8571429 9
2.089474 10 -0.9046874 3 2 4 1 0 0 0 0 0 0 12 0.25 6
1.357895 11 -1.993378 9 1 1 0 0 0 0 0 0 0 10 0.2 10
2.657895 13 -0.996272 7 2 2 0 0 0 0 0 1 0 6 0.5 11
3.810526 24 -1.685001 17 2 0 2 2 0 0 0 0 0 5 0.4 14
2.678947 10 -0.173375 5 1 0 0 0 1 0 1 2 0 7 0.5714286 9
3.436842 14 -0.472482 8 1 0 0 0 2 0 0 3 0 4 0.75 13
0.9578947 6 -1.381838 2 4 0 0 0 0 0 0 0 0 10 0.2 7
2.510526 17 -1.780814 12 2 2 0 1 0 0 0 0 0 3 1 15
1.421053 7 -0.9198982 3 1 2 0 1 0 0 0 0 0 5 1 8
2.815789 13 -0.8399679 6 3 1 1 0 0 0 0 1 0 5 0.6 10
1.915789 12 -1.556515 9 0 2 0 0 0 1 0 0 0 7 0.4285714 11
2.731579 15 -1.306122 7 4 1 1 0 0 1 0 0 0 5 0.6 11
0.8894737 8 -2.040905 7 1 0 0 0 0 0 0 0 0 12 0.1666667 8
1.810526 7 -0.270888 2 1 2 0 0 0 0 0 0 0 11 0.2727273 6
3.121053 14 -0.765424 5 4 1 2 1 0 0 0 0 1 4 0.75 12
2.752632 16 -1.448226 10 3 0 0 3 0 0 0 0 0 4 1 13
2.621053 16 -1.556664 9 0 2 0 0 2 0 0 0 0 6 0.5 12
1.421053 9 -1.512549 6 2 0 0 0 1 0 0 0 0 9 0.4444444 9
2.763158 15 -1.27856 7 3 1 0 0 0 0 1 1 0 6 0.5 11
1.905263 10 -1.133223 4 4 1 0 0 0 1 0 0 0 5 1 9
1.326316 9 -1.640975 6 1 2 0 0 0 0 0 0 0 11 0.2727273 7
4.131579 19 -0.8642952 9 1 1 2 2 0 0 0 0 0 7 0.2857143 11
1.784211 8 -0.7035961 3 2 1 0 1 1 0 0 0 0 9 0.2222222 9
2.305263 17 -1.941048 12 3 1 0 0 0 0 0 0 0 10 0.2 10
1.168421 9 -1.855018 6 3 0 0 0 0 0 0 0 0 14 0.07142857 7
1.773684 10 -1.296462 7 1 0 0 0 2 0 0 0 0 8 0.625 8
2.057895 8 -0.2945369 2 1 3 1 0 0 0 0 0 1 10 0.3 7
1.289474 7 -1.139158 5 0 1 0 0 0 0 0 0 0 9 0.5555556 6
2.678947 16 -1.508951 11 3 0 0 0 0 0 2 0 0 7 0.5714286 9
1.210526 4 0.2132342 1 1 0 0 0 0 1 0 0 0 7 0.7142857 5
2.615789 16 -1.561002 11 1 3 0 0 0 0 0 0 0 8 0.375 10
1.636842 9 -1.220024 4 4 0 0 0 0 1 0 0 0 8 0.25 9
1.557895 12 -1.93634 5 4 0 0 0 0 0 0 0 0 9 0.2222222 9
2.757895 19 -1.834331 14 2 2 0 0 1 0 0 0 0 6 0.3333333 12
1.963158 11 -1.301039 7 2 0 0 0 2 0 0 0 0 6 0.8333333 9
1.357895 11 -1.993378 9 1 1 0 0 0 0 0 0 0 9 0.2222222 11
2.426316 13 -1.225518 7 2 0 4 0 0 0 0 0 0 5 0.8 10
1.363158 7 -1.016373 4 1 1 0 0 0 0 1 0 0 6 1 7
1.378947 12 -2.126252 10 2 0 0 0 0 0 0 0 0 10 0.1 11
1.636842 13 -2.007039 11 0 2 0 0 0 0 0 0 0 6 0.5 13
3.626316 17 -0.9097969 10 2 0 0 0 4 1 0 0 0 5 0.8 9
2.605263 12 -0.8247936 5 2 3 0 0 1 1 0 0 0 4 0.75 11
3.5 18 -1.166889 11 2 0 0 2 1 0 0 0 0 6 0.5 11
1.873684 9 -0.8989595 4 1 3 0 0 0 1 0 0 0 7 0.5714286 7
1.952632 12 -1.517415 8 2 1 0 0 0 0 0 0 0 6 0.5 11
3.042105 15 -1.035094 10 0 1 1 1 0 0 0 2 0 5 0.8 10
1.931579 10 -1.100575 5 3 0 1 0 0 0 0 0 1 6 0.3333333 10
1.105263 7 -1.446123 6 0 0 0 0 0 0 1 0 0 12 0.3333333 6
2.926316 16 -1.305088 7 7 0 0 1 0 0 1 0 0 3 0.6666667 13
1.463158 9 -1.455471 5 3 0 0 1 0 0 0 0 0 11 0.1818182 8
3.552632 17 -0.9673169 9 2 2 1 0 1 0 0 0 0 3 1 14
2.984211 18 -1.549355 13 0 0 3 0 0 0 0 0 0 7 0.2857143 13
1.331579 6 -0.6776857 3 1 0 1 0 0 0 1 0 0 8 0.5 7
4.326316 16 -0.1513083 4 4 0 2 3 0 0 0 0 0 6 0.5 11
1.215789 8 -1.553181 5 2 0 1 0 0 0 0 0 0 9 0.3333333 8
2.731579 10 -0.1080792 3 2 2 0 0 0 0 2 0 0 8 0.625 7
1.857895 15 -2.068678 11 4 0 0 0 0 0 0 0 0 6 0.3333333 14
1.226316 8 -1.537448 5 1 2 0 0 0 0 0 0 0 13 0.1538462 7
2.247368 8 -0.01134203 4 0 1 0 0 0 0 0 0 3 7 0.8571429 7
2.605263 12 -0.8247936 8 0 0 0 0 3 0 0 0 0 7 0.7142857 8
2.457895 14 -1.380602 10 1 1 0 0 0 1 0 1 0 6 0.8333333 8
1.531579 11 -1.794707 9 1 0 0 0 1 0 0 0 0 8 0.25 11
2.247368 12 -1.204618 6 2 1 0 1 0 0 1 0 0 5 0.8 12
1.847368 10 -1.205048 7 1 0 0 0 0 1 0 0 0 7 0.8571429 9
2.642105 16 -1.539314 9 4 0 0 0 1 0 0 0 0 6 0.5 12
1.326316 9 -1.640975 8 0 0 0 0 0 0 0 0 1 10 0.5 7
1.421053 9 -1.512549 6 2 0 0 0 1 0 0 0 0 9 0.4444444 7
0.3894737 3 -1.440706 2 1 0 0 0 0 0 0 0 0 16 0.125 4
3.142105 17 -1.287785 11 2 0 1 0 1 0 0 0 0 4 0.5 14
2.421053 11 -0.7772702 4 3 2 0 1 0 0 0 1 0 6 0.5 10
3.468421 14 -0.4431878 5 4 0 0 0 4 0 0 0 0 9 0.2222222 10
1.442105 8 -1.21492 4 2 1 0 1 0 0 0 0 0 7 0.4285714 8
2.421053 14 -1.414779 9 2 1 0 1 0 1 0 0 0 4 0.75 13
3.057895 14 -0.8240124 7 2 2 0 1 0 0 0 1 1 7 0.4285714 10
4.521053 22 -1.038039 11 4 0 1 1 0 0 0 0 0 4 0.75 13
2.831579 17 -1.530191 11 2 2 1 0 0 1 0 0 0 3 0.6666667 14
2.784211 15 -1.260185 9 2 1 1 1 0 0 1 0 0 5 0.4 14
1.768421 16 -2.259342 15 0 1 0 0 0 0 0 0 0 10 0.2 10
2.963158 16 -1.274726 8 2 4 0 0 0 0 0 1 0 6 0.3333333 14
0.6 6 -2.056237 6 0 0 0 0 0 0 0 0 0 16 0.0625 5
1.8 10 -1.263814 5 3 0 0 1 0 0 0 0 0 9 0.2222222 9
2.294737 12 -1.154348 7 3 0 0 0 0 0 1 0 0 7 0.4285714 11
2.378947 13 -1.272409 6 2 2 0 0 0 0 0 0 0 7 0.4285714 11
2.989474 11 -0.1270741 6 0 0 0 1 0 1 3 0 0 8 0.625 7
2.005263 11 -1.252877 7 1 0 2 0 1 0 0 0 0 6 0.5 11
2.115789 11 -1.12645 7 1 1 0 0 0 2 0 0 0 7 0.5714286 9
1.236842 9 -1.762266 7 0 2 0 0 0 0 0 0 0 12 0.25 7
