1.415789 9 -1.519684 5 2 2 0 0 0 0 0 0 0 9 0.3333333 9
1.289474 12 -2.221208 11 1 0 0 0 0 0 0 0 0 11 0.09090909 10
1.778947 11 -1.511751 8 0 2 0 0 1 0 0 0 0 5 0.8 10
3.263158 17 -1.193288 10 2 2 1 0 0 0 0 0 0 3 1 14
0.7894737 7 -1.972347 6 1 0 0 0 0 0 0 0 0 14 0.1428571 6
0.7 7 -2.121444 7 0 0 0 0 0 0 0 0 0 14 0.07142857 7
2.226316 12 -1.226961 8 1 1 0 0 1 0 0 0 1 6 0.6666667 10
1.005263 6 -1.292579 4 0 1 1 0 0 0 0 0 0 10 0.4 6
4.168421 16 -0.2814339 8 0 0 3 0 1 2 0 0 0 5 0.8 11
3.742105 15 -0.42413 3 8 0 0 0 2 0 0 2 0 5 1 9
2.842105 11 -0.2956435 3 4 1 0 0 0 0 0 0 0 6 0.5 10
2.510526 15 -1.499058 6 7 0 0 0 0 0 0 0 0 9 0.2222222 11
1.452632 6 -0.44958 4 0 0 0 0 0 0 0 0 2 8 1 6
2.442105 10 -0.4672059 6 0 0 0 2 0 0 0 0 2 9 0.4444444 8
2.236842 14 -1.585662 10 2 0 1 0 0 0 0 1 0 6 0.3333333 12
1.973684 9 -0.7633989 3 4 0 0 1 0 0 0 1 0 5 0.8 8
1.621053 11 -1.692361 8 2 0 0 0 0 0 0 0 0 9 0.3333333 9
3.963158 21 -1.261128 13 3 1 1 0 1 0 0 1 1 5 0.8 13
1.910526 8 -0.5147995 3 3 0 0 0 0 0 0 2 0 8 0.625 7
2 9 -0.7277251 6 0 0 0 0 1 2 0 0 0 11 0.4545455 6
1.978947 13 -1.66838 10 1 1 0 0 0 0 0 1 0 4 0.75 13
2.136842 12 -1.321917 7 2 1 0 2 0 0 0 0 0 3 1 12
1.836842 14 -1.956721 9 3 1 0 0 0 0 0 0 0 6 0.3333333 11
2.878947 13 -0.7774462 7 2 1 0 0 0 0 2 0 0 5 1 10
2.526316 8 0.4055837 2 1 0 1 1 2 0 0 0 0 5 0.8 7
2.784211 17 -1.567168 10 5 0 0 1 1 0 0 0 0 6 0.3333333 14
2.842105 15 -1.209655 7 5 0 2 0 0 0 0 0 0 5 0.6 11
5.552632 19 0.1391897 7 1 1 1 1 3 0 2 0 0 5 0.6 12
2.242105 8 -0.01920855 3 2 0 0 0 0 0 0 0 0 8 0.625 7
2.052632 11 -1.198694 7 0 2 1 0 0 1 0 0 0 5 0.8 9
1.463158 8 -1.183454 4 1 2 1 0 0 0 0 0 0 11 0.2727273 7
2.694737 14 -1.160896 5 6 1 0 0 0 0 0 0 0 8 0.25 9
0.5578947 3 -0.9087472 1 1 1 0 0 0 0 0 0 0 14 0.2142857 4
1.363158 8 -1.332918 4 3 0 0 1 0 0 0 0 0 7 0.7142857 8
1.394737 9 -1.548223 7 1 0 0 0 0 0 1 0 0 7 0.8571429 9
1.563158 9 -1.319911 5 1 2 0 0 0 0 0 0 0 9 0.3333333 9
1.568421 6 -0.231392 3 0 1 0 0 0 1 0 1 0 8 0.375 7
1.368421 6 -0.6082622 2 2 1 0 0 0 0 0 1 0 8 0.75 6
1.226316 9 -1.776536 7 1 0 1 0 0 0 0 0 0 9 0.3333333 9
1.621053 11 -1.692361 8 2 0 0 0 1 0 0 0 0 9 0.6666667 7
0.9263158 6 -1.441344 4 1 0 1 0 0 0 0 0 0 12 0.3333333 5
1.136842 8 -1.671178 6 0 1 0 0 0 0 0 0 0 14 0.1428571 6
2.684211 13 -0.9702213 8 2 0 0 0 0 1 1 0 0 5 0.8 12
2.452632 12 -0.9867777 6 1 2 1 0 0 0 0 1 0 6 0.5 12
2.047368 12 -1.416874 9 1 0 0 0 0 1 0 0 0 5 0.8 10
4.805263 15 0.5037997 4 4 0 0 0 0 0 0 3 0 5 1 9
3.173684 17 -1.263134 8 4 1 4 0 0 0 0 0 0 3 1 12
2.621053 9 0.1141774 1 3 1 1 0 0 0 2 0 0 5 0.6 8
1.384211 8 -1.301452 5 2 0 0 0 0 0 1 0 0 7 0.7142857 8
2.221053 13 -1.428714 7 2 3 1 0 0 0 0 0 0 6 0.5 10
3.478947 16 -0.8496487 6 3 4 0 0 1 0 0 0 1 4 0.75 12
2.215789 11 -1.012063 4 4 1 0 1 0 0 0 0 0 6 0.6666667 9
2.021053 10 -0.9895719 3 2 5 0 0 0 0 0 0 0 7 0.4285714 8
2.168421 9 -0.4994125 4 1 1 0 0 0 0 0 2 0 7 0.4285714 9
2.768421 15 -1.273966 9 3 1 0 0 0 0 1 0 1 6 0.3333333 12
2.6 10 -0.2713186 4 0 3 0 1 0 1 0 1 0 5 0.6 10
2.121053 11 -1.120429 5 2 1 0 1 0 1 0 0 0 6 0.5 10
1.378947 12 -2.126252 10 2 0 0 0 0 0 0 0 0 9 0.2222222 10
4.010526 20 -1.096558 12 2 1 0 1 2 0 0 0 0 5 0.4 14
0.7 7 -2.121444 6 0 0 0 0 0 0 0 0 0 14 0.07142857 7
3.794737 11 0.7940369 4 0 0 0 0 0 6 0 1 0 8 0.75 7
0.9789474 6 -1.342167 5 0 0 0 0 0 0 0 0 0 11 0.3636364 7
1.973684 13 -1.67359 9 3 0 0 0 0 0 1 0 0 4 0.75 12
2.957895 9 0.5708025 1 3 0 0 0 3 0 0 0 0 7 0.4285714 7
1.752632 11 -1.541853 7 2 0 2 0 0 0 0 0 0 9 0.4444444 9
2.210526 12 -1.243718 8 1 0 1 0 2 0 0 0 0 6 0.6666667 10
3.436842 12 0.05774055 4 1 0 0 4 0 1 0 0 0 5 1 8
1.257895 10 -1.93636 7 1 1 0 0 0 0 0 0 0 12 0.25 6
1.226316 8 -1.537448 5 1 2 0 0 0 0 0 0 0 11 0.2727273 8
2.389474 12 -1.053806 4 5 2 0 0 0 0 1 0 0 7 0.4285714 10
2.484211 13 -1.168207 8 1 2 0 0 0 2 0 0 0 5 0.8 10
2.236842 13 -1.413083 8 2 1 0 2 0 0 0 0 0 3 1 13
2.926316 14 -0.9460716 7 3 1 0 0 2 0 1 0 0 7 0.2857143 12
1.336842 8 -1.372251 2 6 0 0 0 0 0 0 0 0 12 0.1666667 7
3.636842 17 -0.9015798 10 0 4 0 0 0 0 0 0 0 5 0.6 14
1.821053 11 -1.463588 7 1 2 0 1 0 0 0 0 0 6 0.3333333 12
1.136842 9 -1.897827 8 0 0 0 0 0 0 0 0 0 12 0.1666667 8
1.910526 8 -0.5147995 3 1 1 2 0 0 1 0 0 0 5 0.8 9
1.857895 11 -1.421446 8 0 1 0 2 0 0 0 0 0 5 1 9
2.394737 13 -1.256779 8 1 0 3 1 0 0 0 0 0 7 0.5714286 9
0.6894737 6 -1.887638 5 1 0 0 0 0 0 0 0 0 14 0.07142857 7
2.363158 15 -1.627682 7 7 0 0 0 0 0 0 0 0 7 0.2857143 12
1.442105 8 -1.21492 5 0 1 2 0 0 0 0 0 0 9 0.4444444 7
2.152632 13 -1.496445 7 2 3 0 0 0 0 0 0 0 9 0.2222222 11
2.573684 16 -1.595702 12 1 1 0 1 0 0 0 1 0 5 0.4 14
1.326316 5 -0.1802715 2 0 1 1 0 0 0 0 0 0 10 0.4 6
2.342105 11 -0.8675752 4 4 0 0 3 0 0 0 0 0 5 0.6 10
1.605263 9 -1.262833 6 1 0 1 0 0 1 0 0 0 8 0.375 10
1.226316 9 -1.776536 7 1 0 1 0 0 0 0 0 0 10 0.2 9
1.6 10 -1.511938 7 1 0 0 0 0 0 0 0 0 7 0.8571429 9
1.673684 9 -1.170081 5 2 1 0 0 0 0 0 0 1 5 1 9
1.557895 13 -2.085191 11 1 1 0 0 0 0 0 0 0 11 0.09090909 10
3.310526 19 -1.444087 11 4 0 3 0 1 0 0 0 0 7 0.2857143 12
1.947368 11 -1.3191 7 1 1 0 0 0 0 0 0 0 10 0.3 9
1.626316 11 -1.686341 6 4 1 0 0 0 0 0 0 0 8 0.25 10
2.121053 11 -1.120429 7 1 0 0 2 1 0 0 0 0 4 0.75 11
1.305263 7 -1.112847 2 3 2 0 0 0 0 0 0 0 7 0.4285714 8
0.4 4 -1.867878 4 0 0 0 0 0 0 0 0 0 16 0.0625 5
2.463158 14 -1.37572 7 5 0 1 0 0 1 0 0 0 4 0.75 11
1.405263 8 -1.269986 5 2 0 0 0 0 0 0 0 1 7 0.7142857 9
