1.278947 11 -2.083683 9 2 0 0 0 0 0 0 0 0 10 0.2 9
1.168421 9 -1.855018 6 3 0 0 0 0 0 0 0 0 8 0.25 10
1.147368 8 -1.655445 5 2 1 0 0 0 0 0 0 0 10 0.3 8
2.042105 11 -1.210734 7 1 1 0 0 2 0 0 0 0 6 0.6666667 10
1.668421 9 -1.177215 5 2 0 0 2 0 0 0 0 0 11 0.2727273 7
0.8947368 6 -1.50085 5 0 0 0 1 0 0 0 0 0 11 0.3636364 7
1.952632 13 -1.694431 8 4 0 0 1 0 0 0 0 0 5 0.6 11
1.278947 9 -1.705188 8 0 0 0 0 0 0 0 0 0 9 0.4444444 9
0.8684211 7 -1.840791 6 0 1 0 0 0 0 0 0 0 12 0.1666667 8
0.7894737 7 -1.972347 6 1 0 0 0 0 0 0 0 0 14 0.1428571 6
1.773684 13 -1.871575 10 1 0 0 1 0 0 0 0 0 7 0.4285714 12
2.436842 13 -1.215098 10 0 0 0 0 0 2 0 0 0 9 0.3333333 10
1.989474 12 -1.478316 8 1 1 1 1 0 0 0 0 0 5 0.6 11
2.036842 9 -0.6777817 6 0 0 0 0 0 2 0 0 0 10 0.6 6
1.289474 12 -2.221208 11 1 0 0 0 0 0 0 0 0 9 0.2222222 11
2.994737 13 -0.6628231 7 2 0 0 1 0 1 0 0 0 6 0.8333333 10
3.410526 12 0.02981226 3 1 3 0 2 2 0 0 0 0 7 0.4285714 9
2.115789 10 -0.8720396 3 3 3 0 0 1 0 0 0 0 7 0.4285714 7
2.463158 18 -1.935724 13 1 2 1 0 0 0 0 0 0 4 0.75 14
1.747368 13 -1.897626 8 5 0 0 0 0 0 0 0 0 13 0.1538462 7
1.042105 7 -1.551368 6 0 0 0 0 1 0 0 0 0 11 0.3636364 7
2.121053 14 -1.693074 10 1 2 0 1 0 0 0 0 0 6 0.6666667 9
2.078947 11 -1.168592 8 0 1 0 0 0 0 1 0 0 9 0.2222222 11
2.705263 14 -1.151131 9 0 3 0 0 0 0 0 1 0 7 0.4285714 10
2.415789 9 -0.1640785 2 1 2 3 0 0 1 0 0 0 6 0.6666667 7
2.221053 10 -0.7414481 5 2 0 0 1 1 0 1 0 0 5 0.8 9
2.131579 11 -1.108389 6 2 1 0 0 0 0 0 0 0 6 0.6666667 10
2.336842 10 -0.5977974 5 1 1 1 0 0 0 0 1 0 5 1 8
2.147368 10 -0.8328621 7 0 0 0 1 0 0 0 0 2 7 0.7142857 7
2.094737 11 -1.150531 6 2 0 2 0 1 0 0 0 0 6 0.3333333 12
1.584211 9 -1.291372 4 2 2 0 0 0 0 0 0 0 9 0.3333333 8
1.394737 8 -1.285719 4 1 3 0 0 0 0 0 0 0 10 0.3 9
5.336842 17 0.4254882 4 4 0 1 1 1 1 4 0 0 6 0.3333333 12
2.557895 10 -0.3235552 6 0 0 0 0 1 0 3 0 0 7 0.5714286 8
2.357895 14 -1.473367 9 1 2 1 1 0 0 0 0 0 4 0.75 13
3.857895 15 -0.3230683 7 2 0 1 0 0 3 0 0 1 6 0.6666667 9
0.8684211 6 -1.550438 3 3 0 0 0 0 0 0 0 0 12 0.1666667 7
2.257895 10 -0.695741 7 0 0 0 0 0 0 1 0 2 6 1 9
3.073684 13 -0.5846711 8 1 0 0 0 0 0 0 4 0 8 0.375 11
1.478947 11 -1.85491 10 0 0 0 0 0 1 0 0 0 9 0.3333333 10
1.868421 9 -0.9060943 4 1 1 3 0 0 0 0 0 0 8 0.5 8
3.978947 14 0.03040168 7 0 0 2 0 0 0 0 3 0 7 0.4285714 9
2.357895 9 -0.2425609 3 0 1 4 0 1 0 0 0 0 5 1 8
0.6684211 5 -1.608628 4 0 1 0 0 0 0 0 0 0 14 0.2142857 5
2.084211 10 -0.911217 4 3 0 2 0 1 0 0 0 0 6 0.8333333 9
1.084211 7 -1.481204 5 1 0 0 1 0 0 0 0 0 9 0.5555556 8
1.231579 8 -1.529581 6 1 0 0 0 1 0 0 0 0 10 0.4 8
2.257895 12 -1.193447 6 2 1 3 0 0 0 0 0 0 5 0.8 10
2.305263 13 -1.345351 8 2 0 1 1 0 0 0 0 0 7 0.4285714 10
2.805263 12 -0.6125386 6 1 1 1 0 2 0 0 0 1 4 0.75 11
1.884211 12 -1.590029 7 2 3 0 0 0 0 0 0 0 10 0.2 10
1.536842 9 -1.355585 6 0 0 0 0 1 0 0 0 0 6 0.8333333 9
1.963158 11 -1.301039 4 4 3 0 0 0 0 0 0 0 7 0.2857143 10
1.626316 13 -2.017459 11 1 0 1 0 0 0 0 0 0 8 0.5 10
1.005263 5 -0.8773093 2 0 3 0 0 0 0 0 0 0 13 0.2307692 4
1.542105 8 -1.065456 4 0 3 1 0 0 0 0 0 0 8 0.5 8
1.221053 8 -1.545314 7 0 0 0 0 0 0 0 1 0 9 0.5555556 8
1.247368 9 -1.747997 6 2 1 0 0 0 0 0 0 0 10 0.2 9
1.515789 10 -1.616411 6 2 2 0 0 0 0 0 0 0 7 0.4285714 10
3.263158 16 -1.027487 7 2 3 1 0 0 0 1 0 0 6 0.5 12
1.757895 9 -1.055924 6 1 0 0 0 1 0 0 0 1 8 0.375 10
1.831579 8 -0.6327974 2 4 0 0 0 0 1 0 0 0 5 1 8
0.3 3 -1.72331 3 0 0 0 0 0 0 0 0 0 18 0.05555556 3
3.578947 14 -0.3406582 7 1 1 0 0 0 2 1 0 0 6 0.5 10
1.821053 10 -1.237696 6 2 0 1 0 0 0 0 0 0 8 0.5 9
1.278947 9 -1.705188 8 0 0 0 0 0 1 0 0 0 8 0.5 10
2.221053 11 -1.006043 8 0 0 0 1 0 0 1 1 0 7 0.5714286 8
3.578947 16 -0.7672359 8 3 0 0 0 3 0 0 0 0 7 0.2857143 12
2.363158 14 -1.468485 5 7 2 0 0 0 0 0 0 0 5 0.6 11
3.378947 12 -0.0037017 5 1 0 1 1 0 2 0 0 0 6 0.6666667 8
2.221053 11 -1.006043 5 4 0 0 0 1 0 0 1 0 4 1 10
2.089474 10 -0.9046874 7 0 0 1 0 0 0 0 0 2 7 0.5714286 8
3.931579 17 -0.6714999 9 2 0 0 0 3 0 0 0 0 5 0.6 12
2.647368 11 -0.5183958 4 3 1 0 0 2 0 0 0 1 3 1 12
1.936842 10 -1.094045 7 0 1 0 0 1 0 0 0 1 7 0.8571429 8
1.773684 11 -1.517771 7 0 4 0 0 0 0 0 0 0 9 0.3333333 9
2.594737 11 -0.5785991 5 2 0 1 0 0 1 1 0 0 5 0.8 10
1.226316 8 -1.537448 5 1 2 0 0 0 0 0 0 0 8 0.375 9
1.363158 7 -1.016373 4 1 1 0 0 0 0 1 0 0 9 0.4444444 7
0.8473684 5 -1.220115 2 2 1 0 0 0 0 0 0 0 13 0.2307692 5
3.073684 17 -1.341197 11 3 0 0 0 0 0 0 0 0 5 0.6 13
1.710526 12 -1.774356 10 0 1 0 0 1 0 0 0 0 5 0.6 12
2.684211 16 -1.504614 12 1 1 0 0 0 0 1 0 0 8 0.25 11
0.5894737 5 -1.78003 4 1 0 0 0 0 0 0 0 0 14 0.1428571 6
2.857895 13 -0.7982868 8 1 0 0 0 2 1 0 0 0 4 1 10
3.063158 12 -0.3388413 5 2 1 0 0 0 2 0 0 0 7 0.4285714 9
3.194737 19 -1.525852 11 6 0 0 0 0 2 0 0 0 5 0.4 12
1.321053 9 -1.64811 8 0 0 0 0 0 0 0 1 0 7 1 8
1.210526 7 -1.270715 5 1 0 0 0 0 0 0 1 0 7 0.8571429 8
2.247368 8 -0.01134203 2 2 1 0 1 0 1 0 0 1 5 0.8 8
1.326316 9 -1.640975 6 1 2 0 0 0 0 0 0 0 11 0.2727273 7
4.347368 16 -0.1339583 3 2 3 3 0 0 0 1 0 0 5 0.8 9
1.742105 10 -1.335639 4 5 0 0 1 0 0 0 0 0 8 0.25 9
3.394737 17 -1.090574 11 2 0 0 0 0 1 0 0 0 8 0.375 10
1.489474 14 -2.278958 13 1 0 0 0 0 0 0 0 0 11 0.1818182 9
0.7 7 -2.121444 7 0 0 0 0 0 0 0 0 0 13 0.07692308 8
3.578947 16 -0.7672359 9 1 0 1 2 1 1 0 0 0 5 0.6 11
4.331579 15 0.09036567 5 0 1 2 6 0 0 0 0 0 5 1 8
4.515789 20 -0.7559949 8 6 1 0 1 0 2 0 0 0 4 0.75 13
3.268421 16 -1.023149 9 3 1 0 0 0 1 0 0 2 3 0.6666667 15
