-700777995
-1939790606
960101328
303442784
2110822405
2076511945
-1942190304
1440895487
1659212114
-132273836
-1328173894
-1496431599
-1665222598
1885883791
1313770726
2120322424
1796678949
529045451
896110575
257221562
2103195688
312131036
1239704065
1641994180
-189597648
-961476773
-650810011
-1330669101
-1898297172
-312493869
1992064773
958798025
1017371197
-655270962
-1146423703
-838924746
-382578674
877886052
-1656650135
1877535413
-1863704860
-1710936988
-1253248448
-297521661
-1661994390
-1447883071
795384284
-199787429
-957720654
-1973132376
1860445510
-304804256
1013931578
-1969990259
-1552245094
1051156752
-221579322
603791586
548921267
1211439974
-560554255
1855200349
1692890707
603031351
-378047146
-556174942
567445950
2070264451
1805089548
-1592499240
394032512
-1803764933
-1702839161
927902659
-403893838
-1179287669
191067695
-1250631405
826586707
1012366207
-1503532416
1730320685
-1973459205
-154267970
-1899723708
-1683411565
996288519
-1942262468
271651435
1464698744
1821092981
1501159613
-2092625572
-1448370938
-2135160719
-1443684625
-1950613148
-1130598499
69
