392279369
1435524474
-722642794
-1641604486
-1656309534
-1108203678
487880342
-1357560712
1381077070
1347820676
-1493955977
-989917714
-946086510
1049480094
-36239466
1205349531
-628261008
-823168741
984197139
-1189947547
1668780628
-1537220573
2015974007
1146887962
334547912
-1029647156
1980538558
1012879910
1529190833
1489666681
-1858731440
664958626
-1162767079
1794306223
-454192742
117095236
846689244
-1233074421
2117342615
49846189
73339088
-1016654401
360153223
1026053655
-1171276343
-36899326
267627714
1439861064
-1172278727
505080564
1065276890
301292498
-604840474
356574384
337073717
-715340379
-2052730989
98409286
-1331545686
-271180861
-1408058066
1801011349
600943802
1722884509
1413785597
908664095
-1279476599
1235589231
-257919881
-1420693893
-920705807
-623616131
341008211
565948545
-1020929669
1622513679
1070723262
-1884171721
-1308811608
-1169312016
-618718133
549166867
-1529583747
1674828944
-1211276227
669878578
1953019864
309713335
1480273074
-1370347201
128540386
1053093928
1575203438
621098940
-321697343
1052829446
-751719112
1351223815
13
