0 7 : 000000000001010100010011000000001001100101000001000000001100100
0 1 : 000000000001010100010111000000001001100101100101000000001100100
0 1 : 000000000001010101010011000000001001100101000001000000001100101
0 1 : 000000000001010110010011010000001001000011010000010000011100100
0 1 : 000000000001010110010011010000001001001011010000010000011100100
0 1 : 000000000001010110010011010000001001001011010000010000111100100
0 1 : 000000000001011100010111000000001001100101100101000000001100100
0 1 : 010100011100000000101000100000100100000000001010001101000010010
0 3 : 010100011100100000001000100000100100000000001010001100000011010
0 1 : 010100011100100000001000101000100110000000001010001100000010010
0 1 : 010100111100100000001000100000100100000000001010001100000010010
0 1 : 101011000011000100010011000111010001010001000000100010001100100
