-89201870
1676366640
-2045709743
1033473977
-704403309
-1021950331
-526113320
376846173
-2121845061
517487742
-1022855578
1462139599
814946919
-1188533575
-2100401756
1395310004
-1868076090
1072538810
-1713132717
-1023088617
1527272191
1242434438
910432638
670018783
1571056539
249708648
921786362
-2028352043
1463857916
1527557240
341197934
1872339476
2018165550
-1032441824
-969687154
888346785
2048598381
-846952368
350930529
157020794
226742621
338183172
-605058625
-648282537
1768913912
-244130893
384624074
570287224
470710228
1390537915
-1187005136
-333783325
-676741556
770403992
-1310034513
-400036621
545510249
-1275253875
993955023
-1643205976
916805714
-209281456
-1884950872
1445617961
-1823540799
-172604922
10559626
1472793661
1612798111
339322111
-528211023
-104077296
1533920585
1516215385
-271759826
-791759713
1100824084
333700135
2056393313
-1342692369
-1907665227
-603474564
1480757259
-858918550
1377196449
1806166855
-1980785928
1074405981
-397552786
936264980
1982863123
-692574291
574596228
-278467308
-467282436
192755099
-2018230680
-1131919914
55
