2.830219 1.153584 0.3536663 -8.268888 -10.14704 -10.28059
5.009355 2.297098 0.3383186 -7.684172 -10.0089 -10.24111
6.801299 3.560835 0.1248528 -7.537833 -9.822521 -10.36237
8.480481 4.605984 -0.5701183 -7.655022 -9.910973 -10.48102
10.07065 5.786391 -1.437715 -7.89613 -9.846113 -10.56896
11.52546 7.011914 -2.177943 -8.21968 -9.737564 -10.60986
13.10547 8.030663 -2.829673 -8.607695 -9.833674 -10.82996
14.85839 9.160706 -3.766377 -9.096275 -9.93241 -10.87313
16.66679 10.59975 -4.795965 -9.676383 -10.06804 -11.04131
18.08361 11.44083 -5.716 -10.15895 -10.37719 -11.42581
20.34869 13.6295 -6.420805 -10.90987 -10.97876 -11.70029
23.39528 17.45293 -8.036317 -11.89652 -12.06293 -12.20472
28.11443 22.97434 -8.55914 -13.54867 -14.15564 -12.23595
28.93666 35.12332 -8.812979 -13.98279 -19.08792 -12.28856
30.6225 25.69288 -9.421574 -14.75156 -15.00913 -12.47984
47.08986 24.46655 -12.17971 -20.379 -14.3193 -13.62734
42.64172 27.04551 -18.85781 -18.92494 -15.11594 -16.97041
69.74223 29.35512 -39.05565 -28.4485 -15.76173 -27.65342
102.861 33.49938 -78.99507 -39.9675 -17.24464 -48.82124
50.72289 30.14687 -42.33853 -23.04708 -15.92696 -28.96724
48.00245 28.60701 -36.12824 -24.69396 -15.17279 -25.87642
42.05911 24.95054 -46.46725 -20.10896 -13.47621 -31.347
59.3735 23.31062 -39.0083 -25.40306 -12.76016 -27.19712
82.08981 23.20577 -55.37287 -32.99422 -12.71155 -36.0067
85.81566 26.97689 -57.08571 -34.2948 -13.92129 -37.02768
88.00108 32.43831 -45.563 -35.43171 -15.80411 -30.93019
89.88243 39.7103 -46.23067 -36.51213 -18.33648 -31.42914
106.4024 57.24576 -65.29996 -42.55964 -24.38789 -42.03874
137.1811 64.2477 -79.5558 -53.3748 -26.87341 -49.81871
102.1722 49.87683 -66.24958 -41.6095 -22.06257 -42.25968
109.0938 48.3058 -58.24274 -44.41335 -21.87895 -37.90528
111.8675 48.4491 -60.32895 -45.48036 -21.79094 -39.1194
133.0474 52.30369 -37.16467 -52.76144 -22.80932 -25.19562
