1.415109 0.5767921 0.1768332 -9.634444 -10.57352 -10.64029
2.613191 1.150228 0.2306616 -8.984353 -10.38531 -10.50723
3.660218 1.752879 0.2042094 -8.622723 -10.24462 -10.47102
4.624271 2.3235 0.04934388 -8.429183 -10.17789 -10.47302
5.532001 2.900649 -0.1984993 -8.340341 -10.12259 -10.48901
6.388209 3.487972 -0.481277 -8.323104 -10.06759 -10.50627
7.227866 4.055809 -0.7748265 -8.358677 -10.03835 -10.54673
8.075702 4.623019 -1.107221 -8.440633 -10.02658 -10.583
8.93481 5.220693 -1.476095 -8.564208 -10.03072 -10.62883
9.766519 5.78616 -1.861541 -8.709185 -10.06222 -10.70128
10.64837 6.439771 -2.24148 -8.892575 -10.1386 -10.78453
11.6289 7.286937 -2.687237 -9.123647 -10.28662 -10.89378
12.80644 8.407466 -3.106658 -9.43972 -10.56298 -10.98965
13.88178 10.18852 -3.48708 -9.742592 -11.13131 -11.07624
14.92808 11.15755 -3.857986 -10.05565 -11.37368 -11.16397
16.81995 11.94043 -4.347498 -10.66291 -11.54695 -11.30887
18.25449 12.7796 -5.153627 -11.12191 -11.74523 -11.6234
20.96437 13.65199 -6.937944 -12.03384 -11.95662 -12.46709
25.05921 14.64436 -10.5408 -13.43052 -12.22102 -14.28479
26.28129 15.38258 -12.05498 -13.88845 -12.39749 -14.98396
27.26861 15.98369 -13.14922 -14.37961 -12.52364 -15.47907
27.91168 16.37355 -14.59783 -14.62871 -12.56506 -16.16898
29.22259 16.6626 -15.61493 -15.07764 -12.57319 -16.62849
31.33728 16.92432 -17.20525 -15.79431 -12.57872 -17.40361
33.4326 17.31096 -18.73911 -16.50586 -12.63036 -18.15839
35.45365 17.87123 -19.73259 -17.20682 -12.74791 -18.63142
37.39754 18.6512 -20.67895 -17.8963 -12.9475 -19.08848
39.77701 19.98205 -22.2176 -18.74676 -13.342 -19.87987
43.02382 21.45757 -24.12888 -19.90102 -13.79304 -20.87783
44.93183 22.37432 -25.48761 -20.6013 -14.0598 -21.56757
46.93689 23.18468 -26.51121 -21.34542 -14.30415 -22.07812
48.90449 23.95027 -27.53599 -22.07679 -14.53102 -22.59452
51.37928 24.78419 -27.81918 -22.97928 -14.7745 -22.67102
