1.579098 0.5581805 0.1867063 -9.1234 -10.43085 -10.50449
2.74778 1.141787 0.2567789 -8.198076 -10.19593 -10.35386
3.668937 1.747871 0.2234295 -7.645616 -9.966014 -10.30787
4.418815 2.293702 0.1083288 -7.307736 -9.815543 -10.31146
5.060628 2.814425 -0.1067519 -7.093275 -9.67518 -10.31557
5.626016 3.332716 -0.3678889 -6.974975 -9.487127 -10.3023
6.140517 3.816187 -0.6383054 -6.904768 -9.30897 -10.27371
6.616288 4.248901 -0.9052265 -6.873449 -9.159784 -10.24086
7.062426 4.644646 -1.198935 -6.871816 -8.989824 -10.18407
7.483203 5.002867 -1.48551 -6.899133 -8.868171 -10.13782
7.883717 5.33934 -1.759696 -6.942998 -8.766665 -10.10164
8.266414 5.662469 -2.042712 -6.995316 -8.651006 -10.04764
8.631515 5.969482 -2.324389 -7.053611 -8.525689 -9.979041
8.980809 6.257095 -2.566185 -7.129507 -8.43022 -9.924012
9.316441 6.529387 -2.790786 -7.220712 -8.359306 -9.884287
9.641695 6.785146 -3.019268 -7.315954 -8.303961 -9.839343
9.95465 7.027496 -3.258806 -7.409697 -8.251709 -9.771499
10.26016 7.256764 -3.496719 -7.512504 -8.205221 -9.695576
10.56053 7.476824 -3.728295 -7.623632 -8.156983 -9.606934
10.85885 7.691806 -3.947495 -7.745876 -8.122775 -9.523657
11.15846 7.897296 -4.144943 -7.882364 -8.095542 -9.477145
11.44655 8.089068 -4.329632 -8.006353 -8.068505 -9.447241
11.72326 8.264792 -4.506525 -8.113596 -8.039052 -9.415649
11.99376 8.43696 -4.679366 -8.214011 -8.021753 -9.386112
12.25858 8.608436 -4.84542 -8.313058 -8.00587 -9.362984
12.52179 8.781534 -5.006896 -8.416273 -7.989617 -9.349961
12.78682 8.95567 -5.165305 -8.52773 -7.978202 -9.341604
13.05153 9.127808 -5.320866 -8.643912 -7.96859 -9.335581
13.31469 9.297793 -5.473636 -8.761859 -7.964297 -9.325131
13.57479 9.465681 -5.618527 -8.87996 -7.966185 -9.30646
13.83284 9.634005 -5.755529 -8.999274 -7.977657 -9.28462
14.08972 9.803611 -5.8893 -9.120122 -7.996771 -9.262903
14.34189 9.969486 -6.020464 -9.237434 -8.010454 -9.236309
