1.472797 -0.1467385 0.07770961
1.597161 0.8981585 0.2185581
1.390871 0.5074987 0.2623341
1.633942 0.6893451 -0.4327617
1.369229 0.3191144 0.4389555
1.534484 0.9346523 -0.231689
1.303413 0.6256151 -0.4662005
1.321834 0.3540071 0.5431797
1.258129 0.6127708 0.3394259
1.392288 0.5978793 -0.01975291
1.392288 0.5978793 -0.01975291
1.392288 0.5978793 -0.01975291
1.609308 0.6946681 -0.05705242
1.609308 0.6946681 -0.05705242
1.609308 0.6946681 -0.05705242
1.775995 0.8109552 -0.1473844
1.775995 0.8109552 -0.1473844
1.775995 0.8109552 -0.1473844
1.884702 0.9255488 -0.2088824
1.884702 0.9255488 -0.2088824
1.884702 0.9255488 -0.2088824
2.104761 1.349408 -0.7237168
2.104761 1.349408 -0.7237168
2.104761 1.349408 -0.7237168
2.018729 1.853648 -0.7862185
2.018729 1.853648 -0.7862185
1.669943 1.568687 -0.3156116
1.762865 1.233586 0.03487987
1.762865 1.233586 0.03487987
1.762865 1.233586 0.03487987
1.959214 1.548171 -0.2071414
2.168037 1.241568 -0.9247918
1.93014 1.427338 -0.8004681
1.97803 1.503114 -0.8601032
1.97803 1.503114 -0.8601032
1.97803 1.503114 -0.8601032
2.047352 1.642234 -0.9013132
2.047352 1.642234 -0.9013132
2.047352 1.642234 -0.9013132
2.129423 1.812665 -0.989381
2.129423 1.812665 -0.989381
2.129423 1.812665 -0.989381
2.211019 1.945738 -1.023703
2.211019 1.945738 -1.023703
2.211019 1.945738 -1.023703
2.181626 2.077551 -1.039405
2.181626 2.077551 -1.039405
2.168408 2.167 -0.6105736
1.977102 2.218524 -0.5946543
2.328882 2.200401 -1.209196
2.328882 2.200401 -1.209196
2.159805 1.591263 -1.137427
2.159805 1.591263 -1.137427
2.159805 1.591263 -1.137427
1.98606 1.563494 -0.5675699
2.362206 1.782452 -1.301308
2.362206 1.782452 -1.301308
2.567485 2.528864 -1.158152
2.521332 2.65788 -1.313601
2.203642 1.842735 -1.517249
2.344458 1.897739 -1.693418
2.344458 1.897739 -1.693418
2.344458 1.897739 -1.693418
2.483055 1.205507 -1.722125
2.483055 1.205507 -1.722125
2.40358 1.211865 -1.736722
2.25711 2.126879 -1.144667
2.25711 2.126879 -1.144667
2.230167 1.69758 -1.543681
1.974121 1.661258 -1.103088
2.448703 2.105452 -1.902461
2.076733 1.886312 -1.030035
2.284149 1.842107 -0.9530374
2.284149 1.842107 -0.9530374
2.228885 2.092936 -1.053312
2.386786 2.136093 -1.20045
2.386786 2.136093 -1.20045
2.590221 2.115761 -1.513211
2.582862 2.194001 -1.525729
2.582862 2.194001 -1.525729
2.582862 2.194001 -1.525729
2.559633 2.285288 -1.459491
2.559633 2.285288 -1.459491
2.559633 2.285288 -1.459491
2.63129 2.216658 -1.708206
2.63129 2.216658 -1.708206
2.63129 2.216658 -1.708206
2.661319 2.385797 -1.757999
2.661319 2.385797 -1.757999
2.661319 2.385797 -1.757999
2.717033 2.426789 -1.782255
2.717033 2.426789 -1.782255
2.717033 2.426789 -1.782255
2.609196 2.296381 -1.766188
2.609196 2.296381 -1.766188
2.609196 2.296381 -1.766188
2.617589 2.24233 -1.745187
2.617589 2.24233 -1.745187
2.617589 2.24233 -1.745187
