1.141283 0.3703528 -0.230521
1.437544 0.3466466 -0.4032248
1.437544 0.3466466 -0.4032248
1.263248 0.4291878 0.04793053
1.263248 0.4291878 0.04793053
1.263248 0.4291878 0.04793053
1.670668 0.5276891 0.0512092
1.670668 0.5276891 0.0512092
1.670668 0.5276891 0.0512092
1.922318 0.6615241 0.02986605
1.567171 0.4733006 -0.1878016
1.337296 0.5424728 -0.4125623
1.7468 1.027743 -0.4835713
1.7468 1.027743 -0.4835713
1.7468 1.027743 -0.4835713
1.729743 1.452567 0.1982392
1.729743 1.452567 0.1982392
1.899675 0.8006786 -0.3577241
2.000271 0.8933103 -0.4110799
1.451129 0.3198112 0.5407449
1.451129 0.3198112 0.5407449
1.783572 0.4167711 -0.4465865
1.746282 0.8258935 -0.69329
1.746282 0.8258935 -0.69329
1.852448 0.9270147 -0.7805599
1.885778 1.027211 -0.5006603
1.885778 1.027211 -0.5006603
1.968552 1.16278 -0.5672037
1.826079 1.190266 -0.6947084
1.826079 1.190266 -0.6947084
1.880285 1.253488 -0.7534609
1.558877 0.9922097 -0.2729897
2.225363 1.230507 -0.9666774
2.290281 1.3567 -1.014767
2.509327 1.923115 -1.50149
1.371362 0.9381639 -0.8462468
1.506979 0.8636637 -0.01117368
1.506979 0.8636637 -0.01117368
1.506979 0.8636637 -0.01117368
1.658299 1.099311 -0.1132335
1.663414 1.541639 -0.1169942
1.663414 1.541639 -0.1169942
1.94637 1.550359 -1.003447
2.199696 2.132911 -0.8869928
2.199696 2.132911 -0.8869928
1.939561 1.759597 -0.7593106
2.109582 2.050663 -1.111309
2.109582 2.050663 -1.111309
1.80305 1.769897 -0.7386524
1.80305 1.769897 -0.7386524
1.887519 1.519913 -0.8055982
1.821016 1.599389 -0.9274265
2.636224 2.427416 -1.628517
2.233551 2.086447 -0.8527696
2.434795 2.131748 -1.074776
2.434795 2.131748 -1.074776
2.194487 1.426812 -1.097463
2.358601 1.522777 -1.391882
2.358601 1.522777 -1.391882
2.31075 1.902667 -1.25917
2.179032 1.544747 -0.9886521
2.492083 1.788146 -1.125083
2.492083 1.788146 -1.125083
2.2113 1.771057 -0.8125264
2.882162 2.537771 -2.010327
2.882162 2.537771 -2.010327
2.32631 1.371069 -2.223642
2.287442 1.632845 -1.552494
2.287442 1.632845 -1.552494
2.518756 1.63294 -1.615363
2.331687 1.866938 -1.080273
2.258393 1.577019 -1.570375
2.640642 1.988551 -1.742211
2.640642 1.988551 -1.742211
2.393051 1.958511 -1.263572
2.41152 2.016278 -1.378712
2.41152 2.016278 -1.378712
2.41152 2.016278 -1.378712
2.395754 2.101612 -1.387359
2.395754 2.101612 -1.387359
2.395754 2.101612 -1.387359
2.375987 2.194227 -1.309237
2.450264 1.854918 -1.636984
2.450264 1.854918 -1.636984
2.487698 1.982264 -1.633591
2.487698 1.982264 -1.633591
2.487698 1.982264 -1.633591
2.326551 2.056931 -1.551195
2.507262 2.125634 -1.429965
2.507262 2.125634 -1.429965
2.3862 2.178341 -1.481378
2.3862 2.178341 -1.481378
2.3862 2.178341 -1.481378
2.586938 2.268532 -1.902995
2.394755 2.522858 -1.777178
2.394755 2.522858 -1.777178
2.398607 2.494465 -1.760056
2.469482 2.717729 -1.833754
2.792825 2.419434 -1.716363
