-0.04118804 -0.0409349 -0.2328828
0.01013985 -1.051662 0.3460407
0.01013985 -1.051662 0.3460407
0.6688 -1.530281 1.130082
0.6688 -1.530281 1.130082
0.6688 -1.530281 1.130082
1.952243 -0.04227858 0.5465038
1.952243 -0.04227858 0.5465038
1.952243 -0.04227858 0.5465038
1.952243 -0.04227858 0.5465038
1.860434 -0.1981548 0.1571548
1.860434 -0.1981548 0.1571548
0.7123757 0.1955201 0.4805346
0.7123757 0.1955201 0.4805346
0.7123757 0.1955201 0.4805346
0.7123757 0.1955201 0.4805346
0.7123757 0.1955201 0.4805346
0.7123757 0.1955201 0.4805346
0.7123757 0.1955201 0.4805346
0.7838155 0.1667881 0.637337
0.7838155 0.1667881 0.637337
0.7838155 0.1667881 0.637337
0.7838155 0.1667881 0.637337
0.7838155 0.1667881 0.637337
0.7838155 0.1667881 0.637337
0.9354781 0.07900678 0.9430575
0.9354781 0.07900678 0.9430575
0.9354781 0.07900678 0.9430575
0.9354781 0.07900678 0.9430575
0.9354781 0.07900678 0.9430575
0.9354781 0.07900678 0.9430575
0.9354781 0.07900678 0.9430575
0.9354781 0.07900678 0.9430575
0.9354781 0.07900678 0.9430575
0.9354781 0.07900678 0.9430575
1.314441 -0.2768256 0.597284
1.314441 -0.2768256 0.597284
1.133941 -0.09290964 0.1811342
1.133941 -0.09290964 0.1811342
1.133941 -0.09290964 0.1811342
1.133941 -0.09290964 0.1811342
1.133941 -0.09290964 0.1811342
1.133941 -0.09290964 0.1811342
1.133941 -0.09290964 0.1811342
1.133941 -0.09290964 0.1811342
1.133941 -0.09290964 0.1811342
1.133941 -0.09290964 0.1811342
1.133941 -0.09290964 0.1811342
1.133941 -0.09290964 0.1811342
1.133941 -0.09290964 0.1811342
1.133941 -0.09290964 0.1811342
1.133941 -0.09290964 0.1811342
1.133941 -0.09290964 0.1811342
1.133941 -0.09290964 0.1811342
1.133941 -0.09290964 0.1811342
1.133941 -0.09290964 0.1811342
1.133941 -0.09290964 0.1811342
1.133941 -0.09290964 0.1811342
1.133941 -0.09290964 0.1811342
1.133941 -0.09290964 0.1811342
1.258164 -0.04937724 0.2062415
1.258164 -0.04937724 0.2062415
1.258164 -0.04937724 0.2062415
1.258164 -0.04937724 0.2062415
1.258164 -0.04937724 0.2062415
1.258164 -0.04937724 0.2062415
1.258164 -0.04937724 0.2062415
1.258164 -0.04937724 0.2062415
1.258164 -0.04937724 0.2062415
1.258164 -0.04937724 0.2062415
1.258164 -0.04937724 0.2062415
1.258164 -0.04937724 0.2062415
1.258164 -0.04937724 0.2062415
1.258164 -0.04937724 0.2062415
1.258164 -0.04937724 0.2062415
1.258164 -0.04937724 0.2062415
1.258164 -0.04937724 0.2062415
1.258164 -0.04937724 0.2062415
1.258164 -0.04937724 0.2062415
1.258164 -0.04937724 0.2062415
1.258164 -0.04937724 0.2062415
1.258164 -0.04937724 0.2062415
1.258164 -0.04937724 0.2062415
1.258164 -0.04937724 0.2062415
1.258164 -0.04937724 0.2062415
1.258164 -0.04937724 0.2062415
1.258164 -0.04937724 0.2062415
1.258164 -0.04937724 0.2062415
1.258164 -0.04937724 0.2062415
1.258164 -0.04937724 0.2062415
1.258164 -0.04937724 0.2062415
1.258164 -0.04937724 0.2062415
1.258164 -0.04937724 0.2062415
1.258164 -0.04937724 0.2062415
1.258164 -0.04937724 0.2062415
1.258164 -0.04937724 0.2062415
1.258164 -0.04937724 0.2062415
1.258164 -0.04937724 0.2062415
1.258164 -0.04937724 0.2062415
1.258164 -0.04937724 0.2062415
1.258164 -0.04937724 0.2062415
1.258164 -0.04937724 0.2062415
1.258164 -0.04937724 0.2062415
1.258164 -0.04937724 0.2062415
1.258164 -0.04937724 0.2062415
1.258164 -0.04937724 0.2062415
1.258164 -0.04937724 0.2062415
1.258164 -0.04937724 0.2062415
1.258164 -0.04937724 0.2062415
1.258164 -0.04937724 0.2062415
1.258164 -0.04937724 0.2062415
1.258164 -0.04937724 0.2062415
1.258164 -0.04937724 0.2062415
1.258164 -0.04937724 0.2062415
1.258164 -0.04937724 0.2062415
1.258164 -0.04937724 0.2062415
1.239551 0.2808595 0.4169889
1.239551 0.2808595 0.4169889
1.239551 0.2808595 0.4169889
1.420499 0.4058047 -0.4023224
1.907955 0.5244998 -0.388608
1.295179 1.447318 -0.6902743
1.295179 1.447318 -0.6902743
1.295179 1.447318 -0.6902743
1.295179 1.447318 -0.6902743
1.295179 1.447318 -0.6902743
1.295179 1.447318 -0.6902743
1.295179 1.447318 -0.6902743
1.295179 1.447318 -0.6902743
1.295179 1.447318 -0.6902743
1.295179 1.447318 -0.6902743
1.295179 1.447318 -0.6902743
1.295179 1.447318 -0.6902743
1.295179 1.447318 -0.6902743
1.405638 1.198708 0.01129946
1.405638 1.198708 0.01129946
1.405638 1.198708 0.01129946
1.405638 1.198708 0.01129946
1.405638 1.198708 0.01129946
1.405638 1.198708 0.01129946
1.405638 1.198708 0.01129946
1.405638 1.198708 0.01129946
1.405638 1.198708 0.01129946
1.405638 1.198708 0.01129946
1.405638 1.198708 0.01129946
1.405638 1.198708 0.01129946
1.405638 1.198708 0.01129946
1.405638 1.198708 0.01129946
1.405638 1.198708 0.01129946
1.405638 1.198708 0.01129946
1.405638 1.198708 0.01129946
1.405638 1.198708 0.01129946
1.405638 1.198708 0.01129946
1.405638 1.198708 0.01129946
1.405638 1.198708 0.01129946
1.405638 1.198708 0.01129946
1.405638 1.198708 0.01129946
1.405638 1.198708 0.01129946
1.405638 1.198708 0.01129946
1.405638 1.198708 0.01129946
1.405638 1.198708 0.01129946
1.405638 1.198708 0.01129946
1.405638 1.198708 0.01129946
1.405638 1.198708 0.01129946
1.405638 1.198708 0.01129946
1.405638 1.198708 0.01129946
1.405638 1.198708 0.01129946
0.8662017 0.7028079 0.2478008
0.8662017 0.7028079 0.2478008
0.8662017 0.7028079 0.2478008
0.8662017 0.7028079 0.2478008
0.8662017 0.7028079 0.2478008
0.8662017 0.7028079 0.2478008
0.8662017 0.7028079 0.2478008
0.8662017 0.7028079 0.2478008
0.9328755 0.1150022 -0.04795998
0.9328755 0.1150022 -0.04795998
0.9328755 0.1150022 -0.04795998
0.9328755 0.1150022 -0.04795998
0.9328755 0.1150022 -0.04795998
1.207214 0.2246906 -0.07715199
1.207214 0.2246906 -0.07715199
1.207214 0.2246906 -0.07715199
1.207214 0.2246906 -0.07715199
1.207214 0.2246906 -0.07715199
1.207214 0.2246906 -0.07715199
1.207214 0.2246906 -0.07715199
1.207214 0.2246906 -0.07715199
1.207214 0.2246906 -0.07715199
1.207214 0.2246906 -0.07715199
1.207214 0.2246906 -0.07715199
1.207214 0.2246906 -0.07715199
1.207214 0.2246906 -0.07715199
1.207214 0.2246906 -0.07715199
1.207214 0.2246906 -0.07715199
1.207214 0.2246906 -0.07715199
1.207214 0.2246906 -0.07715199
1.207214 0.2246906 -0.07715199
1.207214 0.2246906 -0.07715199
1.207214 0.2246906 -0.07715199
1.207214 0.2246906 -0.07715199
1.207214 0.2246906 -0.07715199
1.207214 0.2246906 -0.07715199
1.207214 0.2246906 -0.07715199
1.207214 0.2246906 -0.07715199
1.207214 0.2246906 -0.07715199
1.207214 0.2246906 -0.07715199
1.207214 0.2246906 -0.07715199
1.207214 0.2246906 -0.07715199
1.207214 0.2246906 -0.07715199
1.207214 0.2246906 -0.07715199
1.207214 0.2246906 -0.07715199
1.207214 0.2246906 -0.07715199
1.207214 0.2246906 -0.07715199
1.207214 0.2246906 -0.07715199
1.207214 0.2246906 -0.07715199
1.207214 0.2246906 -0.07715199
1.207214 0.2246906 -0.07715199
1.207214 0.2246906 -0.07715199
1.207214 0.2246906 -0.07715199
1.207214 0.2246906 -0.07715199
1.207214 0.2246906 -0.07715199
1.207214 0.2246906 -0.07715199
1.207214 0.2246906 -0.07715199
1.207214 0.2246906 -0.07715199
1.207214 0.2246906 -0.07715199
1.207214 0.2246906 -0.07715199
1.207214 0.2246906 -0.07715199
1.207214 0.2246906 -0.07715199
1.207214 0.2246906 -0.07715199
1.207214 0.2246906 -0.07715199
1.207214 0.2246906 -0.07715199
1.207214 0.2246906 -0.07715199
1.207214 0.2246906 -0.07715199
1.207214 0.2246906 -0.07715199
1.207214 0.2246906 -0.07715199
1.207214 0.2246906 -0.07715199
1.207214 0.2246906 -0.07715199
1.207214 0.2246906 -0.07715199
1.207214 0.2246906 -0.07715199
1.433088 0.3332892 -0.1121047
1.433088 0.3332892 -0.1121047
1.433088 0.3332892 -0.1121047
1.433088 0.3332892 -0.1121047
1.433088 0.3332892 -0.1121047
1.715707 1.183769 -0.2217089
1.715707 1.183769 -0.2217089
1.715707 1.183769 -0.2217089
1.715707 1.183769 -0.2217089
1.715707 1.183769 -0.2217089
1.715707 1.183769 -0.2217089
1.715707 1.183769 -0.2217089
1.715707 1.183769 -0.2217089
1.715707 1.183769 -0.2217089
1.715707 1.183769 -0.2217089
1.715707 1.183769 -0.2217089
1.715707 1.183769 -0.2217089
1.715707 1.183769 -0.2217089
1.715707 1.183769 -0.2217089
1.715707 1.183769 -0.2217089
1.715707 1.183769 -0.2217089
1.715707 1.183769 -0.2217089
1.715707 1.183769 -0.2217089
1.715707 1.183769 -0.2217089
1.715707 1.183769 -0.2217089
1.715707 1.183769 -0.2217089
1.715707 1.183769 -0.2217089
1.715707 1.183769 -0.2217089
1.715707 1.183769 -0.2217089
1.715707 1.183769 -0.2217089
1.715707 1.183769 -0.2217089
1.715707 1.183769 -0.2217089
1.715707 1.183769 -0.2217089
1.715707 1.183769 -0.2217089
1.715707 1.183769 -0.2217089
1.715707 1.183769 -0.2217089
1.715707 1.183769 -0.2217089
1.715707 1.183769 -0.2217089
1.715707 1.183769 -0.2217089
1.715707 1.183769 -0.2217089
1.715707 1.183769 -0.2217089
1.715707 1.183769 -0.2217089
1.715707 1.183769 -0.2217089
1.715707 1.183769 -0.2217089
1.715707 1.183769 -0.2217089
1.715707 1.183769 -0.2217089
1.715707 1.183769 -0.2217089
1.715707 1.183769 -0.2217089
1.715707 1.183769 -0.2217089
1.715707 1.183769 -0.2217089
1.715707 1.183769 -0.2217089
1.715707 1.183769 -0.2217089
1.715707 1.183769 -0.2217089
1.715707 1.183769 -0.2217089
1.715707 1.183769 -0.2217089
1.715707 1.183769 -0.2217089
1.715707 1.183769 -0.2217089
1.004288 0.9247612 -0.2089672
0.9934923 0.929522 0.09232391
0.9934923 0.929522 0.09232391
1.16456 1.03593 0.006956216
1.16456 1.03593 0.006956216
1.16456 1.03593 0.006956216
1.16456 1.03593 0.006956216
1.16456 1.03593 0.006956216
1.16456 1.03593 0.006956216
1.16456 1.03593 0.006956216
1.16456 1.03593 0.006956216
1.16456 1.03593 0.006956216
1.16456 1.03593 0.006956216
1.16456 1.03593 0.006956216
1.16456 1.03593 0.006956216
1.16456 1.03593 0.006956216
1.128132 1.182941 0.3794586
1.128132 1.182941 0.3794586
1.128132 1.182941 0.3794586
1.128132 1.182941 0.3794586
1.128132 1.182941 0.3794586
1.128132 1.182941 0.3794586
1.128132 1.182941 0.3794586
1.128132 1.182941 0.3794586
1.128132 1.182941 0.3794586
1.128132 1.182941 0.3794586
1.128132 1.182941 0.3794586
1.128132 1.182941 0.3794586
1.128132 1.182941 0.3794586
1.128132 1.182941 0.3794586
1.128132 1.182941 0.3794586
1.128132 1.182941 0.3794586
1.128132 1.182941 0.3794586
1.128132 1.182941 0.3794586
1.128132 1.182941 0.3794586
1.128132 1.182941 0.3794586
1.128132 1.182941 0.3794586
1.128132 1.182941 0.3794586
1.128132 1.182941 0.3794586
1.128132 1.182941 0.3794586
1.128132 1.182941 0.3794586
1.128132 1.182941 0.3794586
1.971095 1.277634 -0.3920333
1.815699 1.4077 -1.369181
1.815699 1.4077 -1.369181
1.815699 1.4077 -1.369181
1.815699 1.4077 -1.369181
1.815699 1.4077 -1.369181
1.815699 1.4077 -1.369181
1.556242 1.150095 -1.14743
1.556242 1.150095 -1.14743
1.556242 1.150095 -1.14743
1.600953 1.378305 -0.9006404
1.600953 1.378305 -0.9006404
1.600953 1.378305 -0.9006404
1.600953 1.378305 -0.9006404
1.600953 1.378305 -0.9006404
1.600953 1.378305 -0.9006404
1.600953 1.378305 -0.9006404
1.600953 1.378305 -0.9006404
1.600953 1.378305 -0.9006404
1.600953 1.378305 -0.9006404
1.600953 1.378305 -0.9006404
1.725395 1.484993 -0.9536949
1.725395 1.484993 -0.9536949
1.725395 1.484993 -0.9536949
1.725395 1.484993 -0.9536949
1.725395 1.484993 -0.9536949
1.725395 1.484993 -0.9536949
1.725395 1.484993 -0.9536949
1.725395 1.484993 -0.9536949
1.725395 1.484993 -0.9536949
1.725395 1.484993 -0.9536949
1.725395 1.484993 -0.9536949
1.725395 1.484993 -0.9536949
1.725395 1.484993 -0.9536949
1.725395 1.484993 -0.9536949
1.725395 1.484993 -0.9536949
1.725395 1.484993 -0.9536949
1.725395 1.484993 -0.9536949
1.725395 1.484993 -0.9536949
1.725395 1.484993 -0.9536949
1.725395 1.484993 -0.9536949
1.725395 1.484993 -0.9536949
1.725395 1.484993 -0.9536949
1.725395 1.484993 -0.9536949
1.725395 1.484993 -0.9536949
1.725395 1.484993 -0.9536949
1.725395 1.484993 -0.9536949
1.725395 1.484993 -0.9536949
1.725395 1.484993 -0.9536949
1.725395 1.484993 -0.9536949
1.725395 1.484993 -0.9536949
1.725395 1.484993 -0.9536949
1.725395 1.484993 -0.9536949
1.725395 1.484993 -0.9536949
1.725395 1.484993 -0.9536949
1.725395 1.484993 -0.9536949
1.725395 1.484993 -0.9536949
1.725395 1.484993 -0.9536949
1.725395 1.484993 -0.9536949
1.725395 1.484993 -0.9536949
1.725395 1.484993 -0.9536949
1.725395 1.484993 -0.9536949
1.725395 1.484993 -0.9536949
1.725395 1.484993 -0.9536949
1.725395 1.484993 -0.9536949
1.725395 1.484993 -0.9536949
1.725395 1.484993 -0.9536949
1.725395 1.484993 -0.9536949
1.725395 1.484993 -0.9536949
1.490501 0.9476558 -1.049577
1.490501 0.9476558 -1.049577
1.490501 0.9476558 -1.049577
1.490501 0.9476558 -1.049577
1.490501 0.9476558 -1.049577
1.490501 0.9476558 -1.049577
1.490501 0.9476558 -1.049577
1.490501 0.9476558 -1.049577
1.490501 0.9476558 -1.049577
1.185145 0.352361 -0.1942067
1.185145 0.352361 -0.1942067
1.185145 0.352361 -0.1942067
1.300132 0.4461912 -0.2233496
1.300132 0.4461912 -0.2233496
1.300132 0.4461912 -0.2233496
1.300132 0.4461912 -0.2233496
1.300132 0.4461912 -0.2233496
1.300132 0.4461912 -0.2233496
1.300132 0.4461912 -0.2233496
1.300132 0.4461912 -0.2233496
1.300132 0.4461912 -0.2233496
1.300132 0.4461912 -0.2233496
1.300132 0.4461912 -0.2233496
1.300132 0.4461912 -0.2233496
1.300132 0.4461912 -0.2233496
1.300132 0.4461912 -0.2233496
1.300132 0.4461912 -0.2233496
1.300132 0.4461912 -0.2233496
1.300132 0.4461912 -0.2233496
1.300132 0.4461912 -0.2233496
1.300132 0.4461912 -0.2233496
1.300132 0.4461912 -0.2233496
1.300132 0.4461912 -0.2233496
1.300132 0.4461912 -0.2233496
1.300132 0.4461912 -0.2233496
1.300132 0.4461912 -0.2233496
1.300132 0.4461912 -0.2233496
1.300132 0.4461912 -0.2233496
1.300132 0.4461912 -0.2233496
1.300132 0.4461912 -0.2233496
1.300132 0.4461912 -0.2233496
1.300132 0.4461912 -0.2233496
1.300132 0.4461912 -0.2233496
1.300132 0.4461912 -0.2233496
1.300132 0.4461912 -0.2233496
1.300132 0.4461912 -0.2233496
1.300132 0.4461912 -0.2233496
1.300132 0.4461912 -0.2233496
1.300132 0.4461912 -0.2233496
1.300132 0.4461912 -0.2233496
1.300132 0.4461912 -0.2233496
1.300132 0.4461912 -0.2233496
1.300132 0.4461912 -0.2233496
1.300132 0.4461912 -0.2233496
1.300132 0.4461912 -0.2233496
1.300132 0.4461912 -0.2233496
1.300132 0.4461912 -0.2233496
1.300132 0.4461912 -0.2233496
1.300132 0.4461912 -0.2233496
1.300132 0.4461912 -0.2233496
1.300132 0.4461912 -0.2233496
1.300132 0.4461912 -0.2233496
1.300132 0.4461912 -0.2233496
1.300132 0.4461912 -0.2233496
1.300132 0.4461912 -0.2233496
1.300132 0.4461912 -0.2233496
1.300132 0.4461912 -0.2233496
1.300132 0.4461912 -0.2233496
1.300132 0.4461912 -0.2233496
1.300132 0.4461912 -0.2233496
1.300132 0.4461912 -0.2233496
1.300132 0.4461912 -0.2233496
1.423162 0.5426768 -0.301693
1.423162 0.5426768 -0.301693
1.423162 0.5426768 -0.301693
1.423162 0.5426768 -0.301693
1.423162 0.5426768 -0.301693
1.423162 0.5426768 -0.301693
1.423162 0.5426768 -0.301693
1.423162 0.5426768 -0.301693
1.423162 0.5426768 -0.301693
1.423162 0.5426768 -0.301693
1.423162 0.5426768 -0.301693
1.423162 0.5426768 -0.301693
1.423162 0.5426768 -0.301693
1.423162 0.5426768 -0.301693
1.423162 0.5426768 -0.301693
1.423162 0.5426768 -0.301693
1.423162 0.5426768 -0.301693
1.423162 0.5426768 -0.301693
1.423162 0.5426768 -0.301693
1.423162 0.5426768 -0.301693
1.423162 0.5426768 -0.301693
1.423162 0.5426768 -0.301693
1.423162 0.5426768 -0.301693
1.423162 0.5426768 -0.301693
1.423162 0.5426768 -0.301693
1.423162 0.5426768 -0.301693
1.423162 0.5426768 -0.301693
1.423162 0.5426768 -0.301693
1.423162 0.5426768 -0.301693
1.423162 0.5426768 -0.301693
1.423162 0.5426768 -0.301693
1.423162 0.5426768 -0.301693
1.423162 0.5426768 -0.301693
1.423162 0.5426768 -0.301693
1.423162 0.5426768 -0.301693
1.423162 0.5426768 -0.301693
1.423162 0.5426768 -0.301693
1.423162 0.5426768 -0.301693
1.423162 0.5426768 -0.301693
1.423162 0.5426768 -0.301693
1.423162 0.5426768 -0.301693
1.423162 0.5426768 -0.301693
1.423162 0.5426768 -0.301693
1.423162 0.5426768 -0.301693
1.423162 0.5426768 -0.301693
1.423162 0.5426768 -0.301693
1.423162 0.5426768 -0.301693
1.423162 0.5426768 -0.301693
1.423162 0.5426768 -0.301693
1.423162 0.5426768 -0.301693
1.423162 0.5426768 -0.301693
1.423162 0.5426768 -0.301693
1.423162 0.5426768 -0.301693
1.423162 0.5426768 -0.301693
1.423162 0.5426768 -0.301693
1.423162 0.5426768 -0.301693
1.423162 0.5426768 -0.301693
1.423162 0.5426768 -0.301693
1.423162 0.5426768 -0.301693
1.423162 0.5426768 -0.301693
1.525616 0.6667699 -0.3817996
1.525616 0.6667699 -0.3817996
1.525616 0.6667699 -0.3817996
1.525616 0.6667699 -0.3817996
1.525616 0.6667699 -0.3817996
1.525616 0.6667699 -0.3817996
1.525616 0.6667699 -0.3817996
1.525616 0.6667699 -0.3817996
1.525616 0.6667699 -0.3817996
1.525616 0.6667699 -0.3817996
1.525616 0.6667699 -0.3817996
1.525616 0.6667699 -0.3817996
1.525616 0.6667699 -0.3817996
1.525616 0.6667699 -0.3817996
1.770033 0.9171303 -0.8995904
1.770033 0.9171303 -0.8995904
1.770033 0.9171303 -0.8995904
1.770033 0.9171303 -0.8995904
1.770033 0.9171303 -0.8995904
1.770033 0.9171303 -0.8995904
1.770033 0.9171303 -0.8995904
1.770033 0.9171303 -0.8995904
1.770033 0.9171303 -0.8995904
1.770033 0.9171303 -0.8995904
1.770033 0.9171303 -0.8995904
1.770033 0.9171303 -0.8995904
1.770033 0.9171303 -0.8995904
1.770033 0.9171303 -0.8995904
1.770033 0.9171303 -0.8995904
1.770033 0.9171303 -0.8995904
1.770033 0.9171303 -0.8995904
1.770033 0.9171303 -0.8995904
1.770033 0.9171303 -0.8995904
1.770033 0.9171303 -0.8995904
1.770033 0.9171303 -0.8995904
1.770033 0.9171303 -0.8995904
1.770033 0.9171303 -0.8995904
1.770033 0.9171303 -0.8995904
1.770033 0.9171303 -0.8995904
1.770033 0.9171303 -0.8995904
1.770033 0.9171303 -0.8995904
1.770033 0.9171303 -0.8995904
1.770033 0.9171303 -0.8995904
1.770033 0.9171303 -0.8995904
1.788596 1.348626 -0.6147329
1.788596 1.348626 -0.6147329
1.788596 1.348626 -0.6147329
1.788596 1.348626 -0.6147329
1.788596 1.348626 -0.6147329
1.788596 1.348626 -0.6147329
1.788596 1.348626 -0.6147329
1.788596 1.348626 -0.6147329
1.788596 1.348626 -0.6147329
1.788596 1.348626 -0.6147329
1.788596 1.348626 -0.6147329
1.863576 1.025043 -0.8792029
1.863576 1.025043 -0.8792029
1.863576 1.025043 -0.8792029
1.863576 1.025043 -0.8792029
1.863576 1.025043 -0.8792029
1.934356 1.129296 -0.9539696
1.934356 1.129296 -0.9539696
1.934356 1.129296 -0.9539696
1.934356 1.129296 -0.9539696
1.934356 1.129296 -0.9539696
1.934356 1.129296 -0.9539696
1.934356 1.129296 -0.9539696
1.934356 1.129296 -0.9539696
1.934356 1.129296 -0.9539696
1.934356 1.129296 -0.9539696
1.934356 1.129296 -0.9539696
1.934356 1.129296 -0.9539696
1.934356 1.129296 -0.9539696
1.934356 1.129296 -0.9539696
1.934356 1.129296 -0.9539696
1.934356 1.129296 -0.9539696
1.934356 1.129296 -0.9539696
1.934356 1.129296 -0.9539696
1.934356 1.129296 -0.9539696
1.934356 1.129296 -0.9539696
1.934356 1.129296 -0.9539696
1.934356 1.129296 -0.9539696
1.934356 1.129296 -0.9539696
1.934356 1.129296 -0.9539696
1.934356 1.129296 -0.9539696
1.934356 1.129296 -0.9539696
1.934356 1.129296 -0.9539696
1.934356 1.129296 -0.9539696
1.934356 1.129296 -0.9539696
1.934356 1.129296 -0.9539696
1.612036 0.8979926 -0.874816
1.612036 0.8979926 -0.874816
1.612036 0.8979926 -0.874816
1.612036 0.8979926 -0.874816
1.612036 0.8979926 -0.874816
1.612036 0.8979926 -0.874816
1.612036 0.8979926 -0.874816
1.612036 0.8979926 -0.874816
1.612036 0.8979926 -0.874816
1.612036 0.8979926 -0.874816
1.612036 0.8979926 -0.874816
1.612036 0.8979926 -0.874816
1.612036 0.8979926 -0.874816
1.612036 0.8979926 -0.874816
1.612036 0.8979926 -0.874816
1.612036 0.8979926 -0.874816
1.612036 0.8979926 -0.874816
1.612036 0.8979926 -0.874816
1.612036 0.8979926 -0.874816
1.612036 0.8979926 -0.874816
1.612036 0.8979926 -0.874816
1.612036 0.8979926 -0.874816
1.612036 0.8979926 -0.874816
1.612036 0.8979926 -0.874816
1.612036 0.8979926 -0.874816
1.612036 0.8979926 -0.874816
1.612036 0.8979926 -0.874816
1.612036 0.8979926 -0.874816
1.612036 0.8979926 -0.874816
1.612036 0.8979926 -0.874816
1.672439 0.9889121 -0.9159634
1.672439 0.9889121 -0.9159634
1.672439 0.9889121 -0.9159634
1.672439 0.9889121 -0.9159634
1.672439 0.9889121 -0.9159634
1.672439 0.9889121 -0.9159634
1.672439 0.9889121 -0.9159634
1.672439 0.9889121 -0.9159634
1.672439 0.9889121 -0.9159634
1.672439 0.9889121 -0.9159634
1.672439 0.9889121 -0.9159634
1.672439 0.9889121 -0.9159634
1.672439 0.9889121 -0.9159634
1.672439 0.9889121 -0.9159634
1.672439 0.9889121 -0.9159634
1.672439 0.9889121 -0.9159634
1.672439 0.9889121 -0.9159634
1.672439 0.9889121 -0.9159634
1.672439 0.9889121 -0.9159634
1.672439 0.9889121 -0.9159634
1.98357 1.42258 -1.282258
1.98357 1.42258 -1.282258
1.98357 1.42258 -1.282258
1.98357 1.42258 -1.282258
1.98357 1.42258 -1.282258
1.98357 1.42258 -1.282258
1.98357 1.42258 -1.282258
1.98357 1.42258 -1.282258
1.98357 1.42258 -1.282258
1.98357 1.42258 -1.282258
1.98357 1.42258 -1.282258
1.98357 1.42258 -1.282258
2.138193 1.522497 -0.9749833
2.138193 1.522497 -0.9749833
2.138193 1.522497 -0.9749833
2.138193 1.522497 -0.9749833
2.138193 1.522497 -0.9749833
2.138193 1.522497 -0.9749833
2.040841 1.765592 -0.5691387
2.040841 1.765592 -0.5691387
2.040841 1.765592 -0.5691387
2.040841 1.765592 -0.5691387
2.040841 1.765592 -0.5691387
2.040841 1.765592 -0.5691387
2.040841 1.765592 -0.5691387
2.040841 1.765592 -0.5691387
2.040841 1.765592 -0.5691387
2.040841 1.765592 -0.5691387
2.040841 1.765592 -0.5691387
2.040841 1.765592 -0.5691387
2.040841 1.765592 -0.5691387
2.040841 1.765592 -0.5691387
2.040841 1.765592 -0.5691387
2.040841 1.765592 -0.5691387
2.040841 1.765592 -0.5691387
2.040841 1.765592 -0.5691387
2.040841 1.765592 -0.5691387
2.040841 1.765592 -0.5691387
2.040841 1.765592 -0.5691387
2.040841 1.765592 -0.5691387
2.115454 1.896947 -0.6089186
2.115454 1.896947 -0.6089186
2.115454 1.896947 -0.6089186
2.115454 1.896947 -0.6089186
2.115454 1.896947 -0.6089186
2.115454 1.896947 -0.6089186
2.115454 1.896947 -0.6089186
2.115454 1.896947 -0.6089186
2.115454 1.896947 -0.6089186
2.115454 1.896947 -0.6089186
2.115454 1.896947 -0.6089186
2.115454 1.896947 -0.6089186
2.115454 1.896947 -0.6089186
2.115454 1.896947 -0.6089186
2.115454 1.896947 -0.6089186
2.115454 1.896947 -0.6089186
2.04688 2.161327 -1.50208
2.04688 2.161327 -1.50208
1.733387 1.040949 -0.2248282
1.733387 1.040949 -0.2248282
1.733387 1.040949 -0.2248282
1.733387 1.040949 -0.2248282
1.733387 1.040949 -0.2248282
1.733387 1.040949 -0.2248282
1.733387 1.040949 -0.2248282
1.733387 1.040949 -0.2248282
1.733387 1.040949 -0.2248282
1.733387 1.040949 -0.2248282
1.733387 1.040949 -0.2248282
1.733387 1.040949 -0.2248282
1.733387 1.040949 -0.2248282
1.853253 2.18674 -0.7987571
1.853253 2.18674 -0.7987571
1.690095 0.9917055 -0.3983278
1.690095 0.9917055 -0.3983278
1.690095 0.9917055 -0.3983278
1.690095 0.9917055 -0.3983278
1.690095 0.9917055 -0.3983278
1.690095 0.9917055 -0.3983278
1.690095 0.9917055 -0.3983278
1.690095 0.9917055 -0.3983278
1.690095 0.9917055 -0.3983278
1.690095 0.9917055 -0.3983278
1.690095 0.9917055 -0.3983278
1.690095 0.9917055 -0.3983278
1.690095 0.9917055 -0.3983278
1.690095 0.9917055 -0.3983278
1.690095 0.9917055 -0.3983278
1.690095 0.9917055 -0.3983278
1.690095 0.9917055 -0.3983278
1.690095 0.9917055 -0.3983278
1.690095 0.9917055 -0.3983278
1.690095 0.9917055 -0.3983278
1.690095 0.9917055 -0.3983278
1.690095 0.9917055 -0.3983278
1.690095 0.9917055 -0.3983278
1.690095 0.9917055 -0.3983278
1.690095 0.9917055 -0.3983278
1.690095 0.9917055 -0.3983278
1.690095 0.9917055 -0.3983278
1.797505 1.205598 -0.5083843
1.797505 1.205598 -0.5083843
1.797505 1.205598 -0.5083843
1.797505 1.205598 -0.5083843
1.797505 1.205598 -0.5083843
1.797505 1.205598 -0.5083843
1.797505 1.205598 -0.5083843
1.797505 1.205598 -0.5083843
1.797505 1.205598 -0.5083843
1.797505 1.205598 -0.5083843
1.797505 1.205598 -0.5083843
1.797505 1.205598 -0.5083843
1.797505 1.205598 -0.5083843
1.797505 1.205598 -0.5083843
1.797505 1.205598 -0.5083843
1.797505 1.205598 -0.5083843
1.797505 1.205598 -0.5083843
1.797505 1.205598 -0.5083843
1.797505 1.205598 -0.5083843
1.870275 1.676711 -0.7064695
1.870275 1.676711 -0.7064695
1.870275 1.676711 -0.7064695
1.870275 1.676711 -0.7064695
1.870275 1.676711 -0.7064695
1.870275 1.676711 -0.7064695
1.870275 1.676711 -0.7064695
1.870275 1.676711 -0.7064695
1.870275 1.676711 -0.7064695
1.870275 1.676711 -0.7064695
1.870275 1.676711 -0.7064695
1.870275 1.676711 -0.7064695
1.870275 1.676711 -0.7064695
1.870275 1.676711 -0.7064695
1.870275 1.676711 -0.7064695
1.870275 1.676711 -0.7064695
1.870275 1.676711 -0.7064695
1.870275 1.676711 -0.7064695
1.870275 1.676711 -0.7064695
1.870275 1.676711 -0.7064695
1.870275 1.676711 -0.7064695
1.870275 1.676711 -0.7064695
1.870275 1.676711 -0.7064695
1.870275 1.676711 -0.7064695
1.870275 1.676711 -0.7064695
1.870275 1.676711 -0.7064695
1.870275 1.676711 -0.7064695
1.870275 1.676711 -0.7064695
1.870275 1.676711 -0.7064695
1.870275 1.676711 -0.7064695
1.870275 1.676711 -0.7064695
1.870275 1.676711 -0.7064695
1.870275 1.676711 -0.7064695
1.870275 1.676711 -0.7064695
1.870275 1.676711 -0.7064695
1.870275 1.676711 -0.7064695
1.870275 1.676711 -0.7064695
1.870275 1.676711 -0.7064695
1.870275 1.676711 -0.7064695
1.870275 1.676711 -0.7064695
1.870275 1.676711 -0.7064695
1.979833 1.827803 -0.749522
1.979833 1.827803 -0.749522
1.979833 1.827803 -0.749522
1.979833 1.827803 -0.749522
1.979833 1.827803 -0.749522
1.979833 1.827803 -0.749522
1.979833 1.827803 -0.749522
1.979833 1.827803 -0.749522
1.896125 1.691412 -0.9133472
1.896125 1.691412 -0.9133472
1.896125 1.691412 -0.9133472
1.896125 1.691412 -0.9133472
1.896125 1.691412 -0.9133472
1.896125 1.691412 -0.9133472
1.896125 1.691412 -0.9133472
1.896125 1.691412 -0.9133472
1.896125 1.691412 -0.9133472
1.896125 1.691412 -0.9133472
1.896125 1.691412 -0.9133472
1.896125 1.691412 -0.9133472
1.896125 1.691412 -0.9133472
1.896125 1.691412 -0.9133472
1.896125 1.691412 -0.9133472
1.896125 1.691412 -0.9133472
1.896125 1.691412 -0.9133472
1.896125 1.691412 -0.9133472
1.896125 1.691412 -0.9133472
1.896125 1.691412 -0.9133472
1.896125 1.691412 -0.9133472
1.896125 1.691412 -0.9133472
1.896125 1.691412 -0.9133472
1.896125 1.691412 -0.9133472
1.896125 1.691412 -0.9133472
1.896125 1.691412 -0.9133472
1.896125 1.691412 -0.9133472
1.896125 1.691412 -0.9133472
1.896125 1.691412 -0.9133472
1.896125 1.691412 -0.9133472
1.896125 1.691412 -0.9133472
1.896125 1.691412 -0.9133472
1.896125 1.691412 -0.9133472
1.896125 1.691412 -0.9133472
1.896125 1.691412 -0.9133472
1.896125 1.691412 -0.9133472
1.896125 1.691412 -0.9133472
1.896125 1.691412 -0.9133472
1.896125 1.691412 -0.9133472
1.896125 1.691412 -0.9133472
1.896125 1.691412 -0.9133472
1.896125 1.691412 -0.9133472
1.896125 1.691412 -0.9133472
1.896125 1.691412 -0.9133472
1.896125 1.691412 -0.9133472
1.896125 1.691412 -0.9133472
1.896125 1.691412 -0.9133472
1.896125 1.691412 -0.9133472
1.896125 1.691412 -0.9133472
1.896125 1.691412 -0.9133472
1.896125 1.691412 -0.9133472
1.896125 1.691412 -0.9133472
1.883297 1.858396 -0.9328486
1.883297 1.858396 -0.9328486
1.883297 1.858396 -0.9328486
1.883297 1.858396 -0.9328486
1.883297 1.858396 -0.9328486
1.883297 1.858396 -0.9328486
1.883297 1.858396 -0.9328486
1.883297 1.858396 -0.9328486
1.883297 1.858396 -0.9328486
1.938757 1.92368 -0.8099824
1.938757 1.92368 -0.8099824
1.938757 1.92368 -0.8099824
1.938757 1.92368 -0.8099824
1.938757 1.92368 -0.8099824
1.938757 1.92368 -0.8099824
1.938757 1.92368 -0.8099824
1.938757 1.92368 -0.8099824
1.938757 1.92368 -0.8099824
1.938757 1.92368 -0.8099824
1.938757 1.92368 -0.8099824
1.938757 1.92368 -0.8099824
1.938757 1.92368 -0.8099824
1.938757 1.92368 -0.8099824
1.938757 1.92368 -0.8099824
1.938757 1.92368 -0.8099824
1.938757 1.92368 -0.8099824
1.938757 1.92368 -0.8099824
1.938757 1.92368 -0.8099824
1.938757 1.92368 -0.8099824
1.938757 1.92368 -0.8099824
1.938757 1.92368 -0.8099824
1.938757 1.92368 -0.8099824
1.938757 1.92368 -0.8099824
1.938757 1.92368 -0.8099824
1.938757 1.92368 -0.8099824
1.938757 1.92368 -0.8099824
1.938757 1.92368 -0.8099824
1.938757 1.92368 -0.8099824
1.938757 1.92368 -0.8099824
1.938757 1.92368 -0.8099824
1.938757 1.92368 -0.8099824
1.938757 1.92368 -0.8099824
1.938757 1.92368 -0.8099824
1.938757 1.92368 -0.8099824
1.938757 1.92368 -0.8099824
1.938757 1.92368 -0.8099824
1.938757 1.92368 -0.8099824
1.938757 1.92368 -0.8099824
1.938757 1.92368 -0.8099824
1.938757 1.92368 -0.8099824
1.938757 1.92368 -0.8099824
1.938757 1.92368 -0.8099824
1.938757 1.92368 -0.8099824
1.938757 1.92368 -0.8099824
1.938757 1.92368 -0.8099824
1.938757 1.92368 -0.8099824
1.938757 1.92368 -0.8099824
1.938757 1.92368 -0.8099824
1.938757 1.92368 -0.8099824
1.938757 1.92368 -0.8099824
1.973878 1.800305 -0.8530875
1.973878 1.800305 -0.8530875
1.973878 1.800305 -0.8530875
1.973878 1.800305 -0.8530875
1.973878 1.800305 -0.8530875
1.973878 1.800305 -0.8530875
1.973878 1.800305 -0.8530875
1.973878 1.800305 -0.8530875
1.973878 1.800305 -0.8530875
1.973878 1.800305 -0.8530875
1.973878 1.800305 -0.8530875
1.973878 1.800305 -0.8530875
1.973878 1.800305 -0.8530875
1.973878 1.800305 -0.8530875
1.973878 1.800305 -0.8530875
1.973878 1.800305 -0.8530875
1.973878 1.800305 -0.8530875
1.973878 1.800305 -0.8530875
1.973878 1.800305 -0.8530875
1.973878 1.800305 -0.8530875
1.973878 1.800305 -0.8530875
1.973878 1.800305 -0.8530875
1.973878 1.800305 -0.8530875
1.973878 1.800305 -0.8530875
1.973878 1.800305 -0.8530875
1.973878 1.800305 -0.8530875
1.973878 1.800305 -0.8530875
1.973878 1.800305 -0.8530875
1.973878 1.800305 -0.8530875
1.973878 1.800305 -0.8530875
1.973878 1.800305 -0.8530875
1.973878 1.800305 -0.8530875
1.973878 1.800305 -0.8530875
1.973878 1.800305 -0.8530875
1.973878 1.800305 -0.8530875
1.973878 1.800305 -0.8530875
1.973878 1.800305 -0.8530875
1.973878 1.800305 -0.8530875
1.973878 1.800305 -0.8530875
1.973878 1.800305 -0.8530875
1.973878 1.800305 -0.8530875
1.973878 1.800305 -0.8530875
1.973878 1.800305 -0.8530875
1.973878 1.800305 -0.8530875
1.973878 1.800305 -0.8530875
1.973878 1.800305 -0.8530875
1.973878 1.800305 -0.8530875
1.973878 1.800305 -0.8530875
1.973878 1.800305 -0.8530875
1.973878 1.800305 -0.8530875
1.973878 1.800305 -0.8530875
1.973878 1.800305 -0.8530875
1.973878 1.800305 -0.8530875
1.973878 1.800305 -0.8530875
1.973878 1.800305 -0.8530875
1.973878 1.800305 -0.8530875
1.973878 1.800305 -0.8530875
1.973878 1.800305 -0.8530875
1.973878 1.800305 -0.8530875
1.973878 1.800305 -0.8530875
2.228313 1.814157 -0.9801188
2.228313 1.814157 -0.9801188
2.228313 1.814157 -0.9801188
2.228313 1.814157 -0.9801188
2.228313 1.814157 -0.9801188
2.228313 1.814157 -0.9801188
2.228313 1.814157 -0.9801188
2.228313 1.814157 -0.9801188
2.228313 1.814157 -0.9801188
2.228313 1.814157 -0.9801188
2.228313 1.814157 -0.9801188
2.228313 1.814157 -0.9801188
2.228313 1.814157 -0.9801188
2.228313 1.814157 -0.9801188
2.228313 1.814157 -0.9801188
2.228313 1.814157 -0.9801188
1.87991 1.914273 -1.183692
1.87991 1.914273 -1.183692
1.87991 1.914273 -1.183692
1.87991 1.914273 -1.183692
1.87991 1.914273 -1.183692
1.87991 1.914273 -1.183692
1.87991 1.914273 -1.183692
1.87991 1.914273 -1.183692
1.87991 1.914273 -1.183692
1.87991 1.914273 -1.183692
1.87991 1.914273 -1.183692
1.87991 1.914273 -1.183692
1.87991 1.914273 -1.183692
1.87991 1.914273 -1.183692
1.87991 1.914273 -1.183692
1.87991 1.914273 -1.183692
1.87991 1.914273 -1.183692
1.87991 1.914273 -1.183692
1.87991 1.914273 -1.183692
1.87991 1.914273 -1.183692
1.87991 1.914273 -1.183692
1.87991 1.914273 -1.183692
1.87991 1.914273 -1.183692
1.87991 1.914273 -1.183692
1.87991 1.914273 -1.183692
1.87991 1.914273 -1.183692
1.87991 1.914273 -1.183692
1.87991 1.914273 -1.183692
1.87991 1.914273 -1.183692
1.87991 1.914273 -1.183692
1.87991 1.914273 -1.183692
1.87991 1.914273 -1.183692
1.87991 1.914273 -1.183692
1.87991 1.914273 -1.183692
1.87991 1.914273 -1.183692
1.87991 1.914273 -1.183692
1.87991 1.914273 -1.183692
1.87991 1.914273 -1.183692
1.87991 1.914273 -1.183692
1.87991 1.914273 -1.183692
1.87991 1.914273 -1.183692
1.87991 1.914273 -1.183692
1.87991 1.914273 -1.183692
1.87991 1.914273 -1.183692
1.795258 1.991803 -1.365798
1.795258 1.991803 -1.365798
1.795258 1.991803 -1.365798
1.795258 1.991803 -1.365798
1.795258 1.991803 -1.365798
1.795258 1.991803 -1.365798
2.053715 1.373058 -1.906403
2.053715 1.373058 -1.906403
2.053715 1.373058 -1.906403
2.053715 1.373058 -1.906403
2.053715 1.373058 -1.906403
2.053715 1.373058 -1.906403
2.053715 1.373058 -1.906403
2.053715 1.373058 -1.906403
2.053715 1.373058 -1.906403
2.053715 1.373058 -1.906403
2.053715 1.373058 -1.906403
2.053715 1.373058 -1.906403
2.053715 1.373058 -1.906403
2.053715 1.373058 -1.906403
2.48029 1.760715 -2.063706
2.48029 1.760715 -2.063706
2.48029 1.760715 -2.063706
2.48029 1.760715 -2.063706
2.172149 2.142773 -1.315786
2.172149 2.142773 -1.315786
2.172149 2.142773 -1.315786
2.172149 2.142773 -1.315786
2.172149 2.142773 -1.315786
2.172149 2.142773 -1.315786
2.172149 2.142773 -1.315786
2.172149 2.142773 -1.315786
2.172149 2.142773 -1.315786
2.172149 2.142773 -1.315786
2.172149 2.142773 -1.315786
2.172149 2.142773 -1.315786
2.172149 2.142773 -1.315786
2.172149 2.142773 -1.315786
2.172149 2.142773 -1.315786
2.172149 2.142773 -1.315786
2.172149 2.142773 -1.315786
2.172149 2.142773 -1.315786
2.172149 2.142773 -1.315786
2.172149 2.142773 -1.315786
2.172149 2.142773 -1.315786
2.172149 2.142773 -1.315786
2.180861 2.12272 -1.679828
2.180861 2.12272 -1.679828
2.180861 2.12272 -1.679828
2.180861 2.12272 -1.679828
2.180861 2.12272 -1.679828
2.180861 2.12272 -1.679828
2.180861 2.12272 -1.679828
2.180861 2.12272 -1.679828
2.180861 2.12272 -1.679828
2.180861 2.12272 -1.679828
2.180861 2.12272 -1.679828
2.180861 2.12272 -1.679828
2.180861 2.12272 -1.679828
2.180861 2.12272 -1.679828
2.408715 2.188467 -1.845818
2.408715 2.188467 -1.845818
2.408715 2.188467 -1.845818
2.408715 2.188467 -1.845818
2.408715 2.188467 -1.845818
2.408715 2.188467 -1.845818
2.408715 2.188467 -1.845818
2.246716 2.184519 -1.651115
2.246716 2.184519 -1.651115
2.246716 2.184519 -1.651115
2.246716 2.184519 -1.651115
2.246716 2.184519 -1.651115
2.246716 2.184519 -1.651115
2.246716 2.184519 -1.651115
2.246716 2.184519 -1.651115
2.246716 2.184519 -1.651115
2.246716 2.184519 -1.651115
2.246716 2.184519 -1.651115
2.246716 2.184519 -1.651115
2.246716 2.184519 -1.651115
2.246716 2.184519 -1.651115
2.246716 2.184519 -1.651115
2.246716 2.184519 -1.651115
2.246716 2.184519 -1.651115
2.246716 2.184519 -1.651115
2.246716 2.184519 -1.651115
2.246716 2.184519 -1.651115
2.246716 2.184519 -1.651115
2.246716 2.184519 -1.651115
2.246716 2.184519 -1.651115
2.246716 2.184519 -1.651115
2.246716 2.184519 -1.651115
2.246716 2.184519 -1.651115
2.246716 2.184519 -1.651115
2.246716 2.184519 -1.651115
2.246716 2.184519 -1.651115
2.246716 2.184519 -1.651115
2.30901 2.282399 -1.04022
2.30901 2.282399 -1.04022
1.952014 1.964802 -0.8701111
1.952014 1.964802 -0.8701111
1.952014 1.964802 -0.8701111
1.952014 1.964802 -0.8701111
1.952014 1.964802 -0.8701111
1.952014 1.964802 -0.8701111
1.952014 1.964802 -0.8701111
1.952014 1.964802 -0.8701111
1.952014 1.964802 -0.8701111
1.952014 1.964802 -0.8701111
1.952014 1.964802 -0.8701111
1.952014 1.964802 -0.8701111
1.952014 1.964802 -0.8701111
1.952014 1.964802 -0.8701111
1.952014 1.964802 -0.8701111
1.952014 1.964802 -0.8701111
1.952014 1.964802 -0.8701111
1.952014 1.964802 -0.8701111
1.952014 1.964802 -0.8701111
1.952014 1.964802 -0.8701111
1.952014 1.964802 -0.8701111
2.156375 2.010702 -1.207015
2.156375 2.010702 -1.207015
2.156375 2.010702 -1.207015
2.156375 2.010702 -1.207015
2.156375 2.010702 -1.207015
2.156375 2.010702 -1.207015
2.156375 2.010702 -1.207015
2.156375 2.010702 -1.207015
2.156375 2.010702 -1.207015
2.156375 2.010702 -1.207015
2.156375 2.010702 -1.207015
2.156375 2.010702 -1.207015
2.156375 2.010702 -1.207015
2.156375 2.010702 -1.207015
2.156375 2.010702 -1.207015
2.156375 2.010702 -1.207015
2.156375 2.010702 -1.207015
2.156375 2.010702 -1.207015
2.156375 2.010702 -1.207015
2.156375 2.010702 -1.207015
2.156375 2.010702 -1.207015
2.156375 2.010702 -1.207015
2.156375 2.010702 -1.207015
2.156375 2.010702 -1.207015
2.156375 2.010702 -1.207015
2.156375 2.010702 -1.207015
2.156375 2.010702 -1.207015
2.156375 2.010702 -1.207015
2.156375 2.010702 -1.207015
2.156375 2.010702 -1.207015
2.156375 2.010702 -1.207015
2.156375 2.010702 -1.207015
2.156375 2.010702 -1.207015
2.156375 2.010702 -1.207015
2.156375 2.010702 -1.207015
2.156375 2.010702 -1.207015
2.156375 2.010702 -1.207015
2.156375 2.010702 -1.207015
2.156375 2.010702 -1.207015
2.156375 2.010702 -1.207015
2.156375 2.010702 -1.207015
2.156375 2.010702 -1.207015
2.156375 2.010702 -1.207015
2.156375 2.010702 -1.207015
2.156375 2.010702 -1.207015
2.156375 2.010702 -1.207015
2.156375 2.010702 -1.207015
2.156375 2.010702 -1.207015
2.156375 2.010702 -1.207015
2.156375 2.010702 -1.207015
2.156375 2.010702 -1.207015
2.156375 2.010702 -1.207015
2.156375 2.010702 -1.207015
2.156375 2.010702 -1.207015
2.156375 2.010702 -1.207015
2.156375 2.010702 -1.207015
2.156375 2.010702 -1.207015
2.156375 2.010702 -1.207015
2.156375 2.010702 -1.207015
2.156375 2.010702 -1.207015
2.12906 1.945858 -1.438193
2.12906 1.945858 -1.438193
2.676089 2.390485 -1.561567
2.676089 2.390485 -1.561567
2.676089 2.390485 -1.561567
2.676089 2.390485 -1.561567
2.676089 2.390485 -1.561567
2.676089 2.390485 -1.561567
2.676089 2.390485 -1.561567
2.676089 2.390485 -1.561567
2.676089 2.390485 -1.561567
2.676089 2.390485 -1.561567
2.676089 2.390485 -1.561567
2.54485 2.328435 -1.944535
2.54485 2.328435 -1.944535
2.54485 2.328435 -1.944535
2.54485 2.328435 -1.944535
2.54485 2.328435 -1.944535
2.54485 2.328435 -1.944535
2.54485 2.328435 -1.944535
2.54485 2.328435 -1.944535
2.54485 2.328435 -1.944535
2.54485 2.328435 -1.944535
2.54485 2.328435 -1.944535
2.54485 2.328435 -1.944535
2.54485 2.328435 -1.944535
2.54485 2.328435 -1.944535
2.54485 2.328435 -1.944535
2.54485 2.328435 -1.944535
2.54485 2.328435 -1.944535
2.54485 2.328435 -1.944535
2.54485 2.328435 -1.944535
2.54485 2.328435 -1.944535
2.54485 2.328435 -1.944535
2.54485 2.328435 -1.944535
2.54485 2.328435 -1.944535
2.54485 2.328435 -1.944535
2.54485 2.328435 -1.944535
2.33781 2.306957 -1.498304
2.33781 2.306957 -1.498304
2.33781 2.306957 -1.498304
2.33781 2.306957 -1.498304
2.33781 2.306957 -1.498304
2.33781 2.306957 -1.498304
2.33781 2.306957 -1.498304
2.33781 2.306957 -1.498304
2.33781 2.306957 -1.498304
2.33781 2.306957 -1.498304
2.33781 2.306957 -1.498304
2.33781 2.306957 -1.498304
2.33781 2.306957 -1.498304
2.33781 2.306957 -1.498304
2.33781 2.306957 -1.498304
2.33781 2.306957 -1.498304
2.33781 2.306957 -1.498304
2.33781 2.306957 -1.498304
2.33781 2.306957 -1.498304
2.33781 2.306957 -1.498304
2.33781 2.306957 -1.498304
2.33781 2.306957 -1.498304
2.284771 2.316126 -1.450137
2.284771 2.316126 -1.450137
2.284771 2.316126 -1.450137
2.284771 2.316126 -1.450137
2.284771 2.316126 -1.450137
2.284771 2.316126 -1.450137
2.284771 2.316126 -1.450137
2.284771 2.316126 -1.450137
2.284771 2.316126 -1.450137
2.284771 2.316126 -1.450137
2.284771 2.316126 -1.450137
2.284771 2.316126 -1.450137
2.284771 2.316126 -1.450137
2.284771 2.316126 -1.450137
2.284771 2.316126 -1.450137
2.284771 2.316126 -1.450137
2.284771 2.316126 -1.450137
2.284771 2.316126 -1.450137
2.284771 2.316126 -1.450137
2.284771 2.316126 -1.450137
2.284771 2.316126 -1.450137
2.284771 2.316126 -1.450137
2.284771 2.316126 -1.450137
2.284771 2.316126 -1.450137
2.284771 2.316126 -1.450137
2.284771 2.316126 -1.450137
2.284771 2.316126 -1.450137
2.284771 2.316126 -1.450137
2.284771 2.316126 -1.450137
2.284771 2.316126 -1.450137
2.284771 2.316126 -1.450137
2.284771 2.316126 -1.450137
2.284771 2.316126 -1.450137
2.284771 2.316126 -1.450137
2.284771 2.316126 -1.450137
2.284771 2.316126 -1.450137
2.284771 2.316126 -1.450137
2.284771 2.316126 -1.450137
2.284771 2.316126 -1.450137
2.284771 2.316126 -1.450137
2.284771 2.316126 -1.450137
2.284771 2.316126 -1.450137
2.284771 2.316126 -1.450137
2.284771 2.316126 -1.450137
2.284771 2.316126 -1.450137
2.284771 2.316126 -1.450137
2.284619 1.821824 -1.596993
2.284619 1.821824 -1.596993
2.284619 1.821824 -1.596993
2.284619 1.821824 -1.596993
2.284619 1.821824 -1.596993
2.284619 1.821824 -1.596993
2.284619 1.821824 -1.596993
2.284619 1.821824 -1.596993
2.284619 1.821824 -1.596993
2.284619 1.821824 -1.596993
2.284619 1.821824 -1.596993
2.284619 1.821824 -1.596993
2.284619 1.821824 -1.596993
2.284619 1.821824 -1.596993
2.300606 1.762282 -1.66374
2.300606 1.762282 -1.66374
2.300606 1.762282 -1.66374
2.300606 1.762282 -1.66374
2.300606 1.762282 -1.66374
2.300606 1.762282 -1.66374
2.300606 1.762282 -1.66374
2.300606 1.762282 -1.66374
2.300606 1.762282 -1.66374
2.300606 1.762282 -1.66374
2.300606 1.762282 -1.66374
2.300606 1.762282 -1.66374
2.300606 1.762282 -1.66374
2.300606 1.762282 -1.66374
2.300606 1.762282 -1.66374
2.300606 1.762282 -1.66374
2.300606 1.762282 -1.66374
2.300606 1.762282 -1.66374
2.300606 1.762282 -1.66374
2.300606 1.762282 -1.66374
2.300606 1.762282 -1.66374
2.300606 1.762282 -1.66374
2.300606 1.762282 -1.66374
2.300606 1.762282 -1.66374
2.300606 1.762282 -1.66374
2.300606 1.762282 -1.66374
2.300606 1.762282 -1.66374
2.300606 1.762282 -1.66374
2.300606 1.762282 -1.66374
2.300606 1.762282 -1.66374
2.300606 1.762282 -1.66374
2.300606 1.762282 -1.66374
2.300606 1.762282 -1.66374
2.300606 1.762282 -1.66374
2.300606 1.762282 -1.66374
2.234434 1.79177 -1.486832
2.234434 1.79177 -1.486832
2.234434 1.79177 -1.486832
2.234434 1.79177 -1.486832
2.234434 1.79177 -1.486832
2.234434 1.79177 -1.486832
2.234434 1.79177 -1.486832
2.234434 1.79177 -1.486832
2.234434 1.79177 -1.486832
2.234434 1.79177 -1.486832
2.234434 1.79177 -1.486832
2.234434 1.79177 -1.486832
2.234434 1.79177 -1.486832
2.234434 1.79177 -1.486832
2.234434 1.79177 -1.486832
2.234434 1.79177 -1.486832
2.234434 1.79177 -1.486832
2.234434 1.79177 -1.486832
2.234434 1.79177 -1.486832
2.234434 1.79177 -1.486832
2.234434 1.79177 -1.486832
2.234434 1.79177 -1.486832
2.234434 1.79177 -1.486832
2.234434 1.79177 -1.486832
2.234434 1.79177 -1.486832
1.936963 1.302578 -1.240613
1.936963 1.302578 -1.240613
1.936963 1.302578 -1.240613
1.936963 1.302578 -1.240613
1.936963 1.302578 -1.240613
1.936963 1.302578 -1.240613
1.936963 1.302578 -1.240613
1.936963 1.302578 -1.240613
1.936963 1.302578 -1.240613
1.936963 1.302578 -1.240613
1.936963 1.302578 -1.240613
2.574277 2.549422 -1.602356
2.574277 2.549422 -1.602356
2.574277 2.549422 -1.602356
2.574277 2.549422 -1.602356
2.574277 2.549422 -1.602356
2.574277 2.549422 -1.602356
2.574277 2.549422 -1.602356
2.574277 2.549422 -1.602356
2.574277 2.549422 -1.602356
2.574277 2.549422 -1.602356
2.574277 2.549422 -1.602356
2.574277 2.549422 -1.602356
2.574277 2.549422 -1.602356
2.574277 2.549422 -1.602356
2.574277 2.549422 -1.602356
2.574277 2.549422 -1.602356
2.574277 2.549422 -1.602356
2.574277 2.549422 -1.602356
2.574277 2.549422 -1.602356
2.574277 2.549422 -1.602356
2.574277 2.549422 -1.602356
2.574277 2.549422 -1.602356
2.574277 2.549422 -1.602356
2.574277 2.549422 -1.602356
2.574277 2.549422 -1.602356
2.574277 2.549422 -1.602356
2.574277 2.549422 -1.602356
2.574277 2.549422 -1.602356
2.574277 2.549422 -1.602356
2.574277 2.549422 -1.602356
2.574277 2.549422 -1.602356
2.574277 2.549422 -1.602356
2.574277 2.549422 -1.602356
2.574277 2.549422 -1.602356
2.574277 2.549422 -1.602356
2.574277 2.549422 -1.602356
2.574277 2.549422 -1.602356
2.574277 2.549422 -1.602356
2.574277 2.549422 -1.602356
2.574277 2.549422 -1.602356
2.574277 2.549422 -1.602356
2.503828 2.619539 -1.446777
2.503828 2.619539 -1.446777
2.503828 2.619539 -1.446777
2.503828 2.619539 -1.446777
2.503828 2.619539 -1.446777
2.503828 2.619539 -1.446777
2.503828 2.619539 -1.446777
2.503828 2.619539 -1.446777
2.621487 2.645973 -1.541751
2.621487 2.645973 -1.541751
2.621487 2.645973 -1.541751
2.621487 2.645973 -1.541751
2.621487 2.645973 -1.541751
2.621487 2.645973 -1.541751
2.621487 2.645973 -1.541751
2.621487 2.645973 -1.541751
2.621487 2.645973 -1.541751
2.621487 2.645973 -1.541751
2.621487 2.645973 -1.541751
2.621487 2.645973 -1.541751
2.621487 2.645973 -1.541751
2.621487 2.645973 -1.541751
2.621487 2.645973 -1.541751
2.621487 2.645973 -1.541751
2.621487 2.645973 -1.541751
2.621487 2.645973 -1.541751
2.621487 2.645973 -1.541751
2.621487 2.645973 -1.541751
2.621487 2.645973 -1.541751
2.621487 2.645973 -1.541751
2.345401 2.777657 -1.722862
2.357817 1.871438 -1.774505
2.357817 1.871438 -1.774505
2.357817 1.871438 -1.774505
2.357817 1.871438 -1.774505
2.357817 1.871438 -1.774505
2.357817 1.871438 -1.774505
2.357817 1.871438 -1.774505
2.357817 1.871438 -1.774505
2.357817 1.871438 -1.774505
2.357817 1.871438 -1.774505
2.357817 1.871438 -1.774505
2.357817 1.871438 -1.774505
2.357817 1.871438 -1.774505
2.357817 1.871438 -1.774505
2.357817 1.871438 -1.774505
2.357817 1.871438 -1.774505
2.357817 1.871438 -1.774505
2.357817 1.871438 -1.774505
2.357817 1.871438 -1.774505
2.357817 1.871438 -1.774505
2.357817 1.871438 -1.774505
2.357817 1.871438 -1.774505
2.357817 1.871438 -1.774505
2.357817 1.871438 -1.774505
2.357817 1.871438 -1.774505
2.357817 1.871438 -1.774505
2.357817 1.871438 -1.774505
2.357817 1.871438 -1.774505
2.357817 1.871438 -1.774505
2.357817 1.871438 -1.774505
2.357817 1.871438 -1.774505
2.357817 1.871438 -1.774505
2.357817 1.871438 -1.774505
2.357817 1.871438 -1.774505
2.357817 1.871438 -1.774505
2.357817 1.871438 -1.774505
2.357817 1.871438 -1.774505
2.358301 1.959888 -1.778715
2.358301 1.959888 -1.778715
2.358301 1.959888 -1.778715
2.358301 1.959888 -1.778715
2.358301 1.959888 -1.778715
2.358301 1.959888 -1.778715
2.358301 1.959888 -1.778715
2.358301 1.959888 -1.778715
2.358301 1.959888 -1.778715
2.358301 1.959888 -1.778715
2.358301 1.959888 -1.778715
2.358301 1.959888 -1.778715
2.358301 1.959888 -1.778715
2.358301 1.959888 -1.778715
2.358301 1.959888 -1.778715
2.358301 1.959888 -1.778715
2.358301 1.959888 -1.778715
2.358301 1.959888 -1.778715
2.358301 1.959888 -1.778715
2.358301 1.959888 -1.778715
2.358301 1.959888 -1.778715
2.358301 1.959888 -1.778715
2.358301 1.959888 -1.778715
2.358301 1.959888 -1.778715
2.358301 1.959888 -1.778715
2.358301 1.959888 -1.778715
2.358301 1.959888 -1.778715
2.358301 1.959888 -1.778715
2.358301 1.959888 -1.778715
2.358301 1.959888 -1.778715
2.358301 1.959888 -1.778715
2.358301 1.959888 -1.778715
2.358301 1.959888 -1.778715
2.358301 1.959888 -1.778715
2.358301 1.959888 -1.778715
2.358301 1.959888 -1.778715
2.358301 1.959888 -1.778715
2.358301 1.959888 -1.778715
2.358301 1.959888 -1.778715
2.358301 1.959888 -1.778715
2.358301 1.959888 -1.778715
2.358301 1.959888 -1.778715
2.358301 1.959888 -1.778715
2.358301 1.959888 -1.778715
2.358301 1.959888 -1.778715
2.358301 1.959888 -1.778715
2.358301 1.959888 -1.778715
2.358301 1.959888 -1.778715
2.358301 1.959888 -1.778715
2.358301 1.959888 -1.778715
2.358301 1.959888 -1.778715
2.358301 1.959888 -1.778715
2.358301 1.959888 -1.778715
2.358301 1.959888 -1.778715
2.358301 1.959888 -1.778715
2.358301 1.959888 -1.778715
2.358301 1.959888 -1.778715
2.358301 1.959888 -1.778715
2.358301 1.959888 -1.778715
2.358301 1.959888 -1.778715
2.348521 2.070666 -1.730254
2.348521 2.070666 -1.730254
2.348521 2.070666 -1.730254
2.348521 2.070666 -1.730254
2.348521 2.070666 -1.730254
2.348521 2.070666 -1.730254
2.348521 2.070666 -1.730254
2.348521 2.070666 -1.730254
2.348521 2.070666 -1.730254
2.348521 2.070666 -1.730254
2.348521 2.070666 -1.730254
2.348521 2.070666 -1.730254
2.348521 2.070666 -1.730254
2.348521 2.070666 -1.730254
2.348521 2.070666 -1.730254
2.348521 2.070666 -1.730254
2.348521 2.070666 -1.730254
2.348521 2.070666 -1.730254
2.348521 2.070666 -1.730254
2.348521 2.070666 -1.730254
2.348521 2.070666 -1.730254
2.348521 2.070666 -1.730254
2.348521 2.070666 -1.730254
2.348521 2.070666 -1.730254
2.348521 2.070666 -1.730254
2.348521 2.070666 -1.730254
2.348521 2.070666 -1.730254
2.348521 2.070666 -1.730254
2.348521 2.070666 -1.730254
2.348521 2.070666 -1.730254
2.348521 2.070666 -1.730254
2.348521 2.070666 -1.730254
2.348521 2.070666 -1.730254
2.348521 2.070666 -1.730254
2.348521 2.070666 -1.730254
2.348521 2.070666 -1.730254
2.348521 2.070666 -1.730254
2.348521 2.070666 -1.730254
2.348521 2.070666 -1.730254
2.348521 2.070666 -1.730254
2.348521 2.070666 -1.730254
2.348521 2.070666 -1.730254
2.348521 2.070666 -1.730254
2.348521 2.070666 -1.730254
2.348521 2.070666 -1.730254
2.348521 2.070666 -1.730254
2.348521 2.070666 -1.730254
2.348521 2.070666 -1.730254
2.348521 2.070666 -1.730254
2.348521 2.070666 -1.730254
2.348521 2.070666 -1.730254
2.348521 2.070666 -1.730254
2.348521 2.070666 -1.730254
2.348521 2.070666 -1.730254
2.348521 2.070666 -1.730254
2.348521 2.070666 -1.730254
2.348521 2.070666 -1.730254
2.348521 2.070666 -1.730254
2.348521 2.070666 -1.730254
2.348521 2.070666 -1.730254
2.341528 2.188628 -1.721966
2.341528 2.188628 -1.721966
2.341528 2.188628 -1.721966
2.341528 2.188628 -1.721966
2.341528 2.188628 -1.721966
2.341528 2.188628 -1.721966
2.341528 2.188628 -1.721966
2.341528 2.188628 -1.721966
2.341528 2.188628 -1.721966
2.341528 2.188628 -1.721966
2.341528 2.188628 -1.721966
2.341528 2.188628 -1.721966
2.341528 2.188628 -1.721966
2.341528 2.188628 -1.721966
2.341528 2.188628 -1.721966
2.341528 2.188628 -1.721966
2.341528 2.188628 -1.721966
2.341528 2.188628 -1.721966
2.341528 2.188628 -1.721966
2.341528 2.188628 -1.721966
2.341528 2.188628 -1.721966
2.341528 2.188628 -1.721966
2.341528 2.188628 -1.721966
2.341528 2.188628 -1.721966
2.341528 2.188628 -1.721966
2.341528 2.188628 -1.721966
2.341528 2.188628 -1.721966
2.341528 2.188628 -1.721966
2.341528 2.188628 -1.721966
2.341528 2.188628 -1.721966
2.341528 2.188628 -1.721966
2.341528 2.188628 -1.721966
2.341528 2.188628 -1.721966
2.341528 2.188628 -1.721966
2.341528 2.188628 -1.721966
2.341528 2.188628 -1.721966
2.341528 2.188628 -1.721966
2.341528 2.188628 -1.721966
2.341528 2.188628 -1.721966
2.525084 2.115501 -1.696053
2.525084 2.115501 -1.696053
2.525084 2.115501 -1.696053
2.525084 2.115501 -1.696053
2.525084 2.115501 -1.696053
2.525084 2.115501 -1.696053
2.525084 2.115501 -1.696053
2.525084 2.115501 -1.696053
2.525084 2.115501 -1.696053
2.525084 2.115501 -1.696053
2.525084 2.115501 -1.696053
2.525084 2.115501 -1.696053
2.525084 2.115501 -1.696053
2.525084 2.115501 -1.696053
2.525084 2.115501 -1.696053
2.525084 2.115501 -1.696053
2.456222 2.384896 -1.948332
2.456222 2.384896 -1.948332
2.456222 2.384896 -1.948332
2.456222 2.384896 -1.948332
2.456222 2.384896 -1.948332
2.50688 2.534826 -1.963927
2.50688 2.534826 -1.963927
2.50688 2.534826 -1.963927
2.50688 2.534826 -1.963927
2.50688 2.534826 -1.963927
2.50688 2.534826 -1.963927
2.50688 2.534826 -1.963927
2.50688 2.534826 -1.963927
2.50688 2.534826 -1.963927
2.50688 2.534826 -1.963927
2.50688 2.534826 -1.963927
2.50688 2.534826 -1.963927
2.50688 2.534826 -1.963927
2.50688 2.534826 -1.963927
2.50688 2.534826 -1.963927
2.50688 2.534826 -1.963927
2.50688 2.534826 -1.963927
2.50688 2.534826 -1.963927
2.50688 2.534826 -1.963927
2.50688 2.534826 -1.963927
2.50688 2.534826 -1.963927
2.50688 2.534826 -1.963927
2.50688 2.534826 -1.963927
2.50688 2.534826 -1.963927
2.50688 2.534826 -1.963927
2.50688 2.534826 -1.963927
2.50688 2.534826 -1.963927
2.50688 2.534826 -1.963927
2.50688 2.534826 -1.963927
2.50688 2.534826 -1.963927
2.50688 2.534826 -1.963927
2.50688 2.534826 -1.963927
2.50688 2.534826 -1.963927
2.50688 2.534826 -1.963927
2.50688 2.534826 -1.963927
2.50688 2.534826 -1.963927
2.50688 2.534826 -1.963927
2.50688 2.534826 -1.963927
2.50688 2.534826 -1.963927
2.50688 2.534826 -1.963927
2.50688 2.534826 -1.963927
2.50688 2.534826 -1.963927
2.50688 2.534826 -1.963927
2.50688 2.534826 -1.963927
2.50688 2.534826 -1.963927
2.50688 2.534826 -1.963927
2.50688 2.534826 -1.963927
2.50688 2.534826 -1.963927
2.50688 2.534826 -1.963927
2.50688 2.534826 -1.963927
2.50688 2.534826 -1.963927
2.50688 2.534826 -1.963927
2.50688 2.534826 -1.963927
2.50688 2.534826 -1.963927
2.50688 2.534826 -1.963927
2.50688 2.534826 -1.963927
2.50688 2.534826 -1.963927
2.50688 2.534826 -1.963927
2.50688 2.534826 -1.963927
2.50688 2.534826 -1.963927
2.580313 2.568221 -1.97248
2.580313 2.568221 -1.97248
2.580313 2.568221 -1.97248
2.580313 2.568221 -1.97248
2.580313 2.568221 -1.97248
2.580313 2.568221 -1.97248
2.580313 2.568221 -1.97248
2.580313 2.568221 -1.97248
2.580313 2.568221 -1.97248
2.580313 2.568221 -1.97248
2.580313 2.568221 -1.97248
2.580313 2.568221 -1.97248
2.580313 2.568221 -1.97248
2.580313 2.568221 -1.97248
2.580313 2.568221 -1.97248
2.580313 2.568221 -1.97248
2.580313 2.568221 -1.97248
2.580313 2.568221 -1.97248
2.580313 2.568221 -1.97248
2.580313 2.568221 -1.97248
2.580313 2.568221 -1.97248
2.580313 2.568221 -1.97248
2.580313 2.568221 -1.97248
2.580313 2.568221 -1.97248
2.580313 2.568221 -1.97248
2.580313 2.568221 -1.97248
2.580313 2.568221 -1.97248
2.580313 2.568221 -1.97248
2.580313 2.568221 -1.97248
2.580313 2.568221 -1.97248
2.580313 2.568221 -1.97248
2.580313 2.568221 -1.97248
2.580313 2.568221 -1.97248
2.580313 2.568221 -1.97248
2.580313 2.568221 -1.97248
2.580313 2.568221 -1.97248
2.580313 2.568221 -1.97248
2.580313 2.568221 -1.97248
2.580313 2.568221 -1.97248
2.580313 2.568221 -1.97248
2.580313 2.568221 -1.97248
2.580313 2.568221 -1.97248
2.580313 2.568221 -1.97248
2.580313 2.568221 -1.97248
2.580313 2.568221 -1.97248
2.580313 2.568221 -1.97248
2.580313 2.568221 -1.97248
2.580313 2.568221 -1.97248
2.580313 2.568221 -1.97248
2.580313 2.568221 -1.97248
2.580313 2.568221 -1.97248
2.580313 2.568221 -1.97248
2.580313 2.568221 -1.97248
2.580313 2.568221 -1.97248
2.580313 2.568221 -1.97248
2.580313 2.568221 -1.97248
2.580313 2.568221 -1.97248
2.580313 2.568221 -1.97248
2.580313 2.568221 -1.97248
2.580313 2.568221 -1.97248
2.455806 2.451535 -1.973248
2.455806 2.451535 -1.973248
2.455806 2.451535 -1.973248
2.455806 2.451535 -1.973248
2.455806 2.451535 -1.973248
2.455806 2.451535 -1.973248
2.455806 2.451535 -1.973248
2.455806 2.451535 -1.973248
2.455806 2.451535 -1.973248
2.455806 2.451535 -1.973248
2.455806 2.451535 -1.973248
2.455806 2.451535 -1.973248
2.455806 2.451535 -1.973248
2.455806 2.451535 -1.973248
2.455806 2.451535 -1.973248
2.455806 2.451535 -1.973248
2.455806 2.451535 -1.973248
2.455806 2.451535 -1.973248
2.455806 2.451535 -1.973248
2.455806 2.451535 -1.973248
2.455806 2.451535 -1.973248
2.455806 2.451535 -1.973248
2.455806 2.451535 -1.973248
2.455806 2.451535 -1.973248
2.514174 2.468535 -1.591545
2.514174 2.468535 -1.591545
2.514174 2.468535 -1.591545
2.514174 2.468535 -1.591545
2.514174 2.468535 -1.591545
2.514174 2.468535 -1.591545
2.514174 2.468535 -1.591545
2.514174 2.468535 -1.591545
2.514174 2.468535 -1.591545
2.514174 2.468535 -1.591545
2.514174 2.468535 -1.591545
2.514174 2.468535 -1.591545
2.514174 2.468535 -1.591545
2.514174 2.468535 -1.591545
2.514174 2.468535 -1.591545
2.514174 2.468535 -1.591545
2.514174 2.468535 -1.591545
2.514174 2.468535 -1.591545
2.514174 2.468535 -1.591545
2.514174 2.468535 -1.591545
2.514174 2.468535 -1.591545
2.514174 2.468535 -1.591545
2.514174 2.468535 -1.591545
2.514174 2.468535 -1.591545
2.514174 2.468535 -1.591545
2.514174 2.468535 -1.591545
2.514174 2.468535 -1.591545
2.514174 2.468535 -1.591545
2.514174 2.468535 -1.591545
2.514174 2.468535 -1.591545
2.514174 2.468535 -1.591545
2.514174 2.468535 -1.591545
2.514174 2.468535 -1.591545
2.514174 2.468535 -1.591545
2.514174 2.468535 -1.591545
2.514174 2.468535 -1.591545
2.522534 2.414023 -1.561884
2.522534 2.414023 -1.561884
2.522534 2.414023 -1.561884
2.522534 2.414023 -1.561884
2.522534 2.414023 -1.561884
2.522534 2.414023 -1.561884
2.522534 2.414023 -1.561884
2.506088 2.343224 -1.9359
2.506088 2.343224 -1.9359
2.506088 2.343224 -1.9359
2.506088 2.343224 -1.9359
2.506088 2.343224 -1.9359
2.506088 2.343224 -1.9359
2.506088 2.343224 -1.9359
2.506088 2.343224 -1.9359
2.506088 2.343224 -1.9359
2.506088 2.343224 -1.9359
2.506088 2.343224 -1.9359
2.506088 2.343224 -1.9359
2.506088 2.343224 -1.9359
2.506088 2.343224 -1.9359
2.506088 2.343224 -1.9359
2.506088 2.343224 -1.9359
2.506088 2.343224 -1.9359
2.506088 2.343224 -1.9359
2.506088 2.343224 -1.9359
2.506088 2.343224 -1.9359
2.506088 2.343224 -1.9359
2.506088 2.343224 -1.9359
2.506088 2.343224 -1.9359
2.506088 2.343224 -1.9359
2.506088 2.343224 -1.9359
2.506088 2.343224 -1.9359
2.506088 2.343224 -1.9359
2.506088 2.343224 -1.9359
2.506088 2.343224 -1.9359
2.506088 2.343224 -1.9359
2.506088 2.343224 -1.9359
2.506088 2.343224 -1.9359
2.506088 2.343224 -1.9359
2.506088 2.343224 -1.9359
2.506088 2.343224 -1.9359
2.506088 2.343224 -1.9359
2.506088 2.343224 -1.9359
2.506088 2.343224 -1.9359
2.506088 2.343224 -1.9359
2.506088 2.343224 -1.9359
2.506088 2.343224 -1.9359
2.506088 2.343224 -1.9359
2.506088 2.343224 -1.9359
2.506088 2.343224 -1.9359
2.506088 2.343224 -1.9359
2.506088 2.343224 -1.9359
2.506088 2.343224 -1.9359
2.506088 2.343224 -1.9359
2.506088 2.343224 -1.9359
2.506088 2.343224 -1.9359
2.506088 2.343224 -1.9359
2.506088 2.343224 -1.9359
2.506088 2.343224 -1.9359
