1.472797 -0.1467385 0.07770961
1.472797 -0.1467385 0.07770961
1.472797 -0.1467385 0.07770961
1.472797 -0.1467385 0.07770961
1.472797 -0.1467385 0.07770961
1.472797 -0.1467385 0.07770961
1.472797 -0.1467385 0.07770961
1.472797 -0.1467385 0.07770961
1.472797 -0.1467385 0.07770961
1.472797 -0.1467385 0.07770961
1.472797 -0.1467385 0.07770961
1.472797 -0.1467385 0.07770961
1.472797 -0.1467385 0.07770961
1.472797 -0.1467385 0.07770961
1.472797 -0.1467385 0.07770961
1.472797 -0.1467385 0.07770961
1.472797 -0.1467385 0.07770961
1.472797 -0.1467385 0.07770961
1.472797 -0.1467385 0.07770961
1.472797 -0.1467385 0.07770961
1.472797 -0.1467385 0.07770961
1.410698 0.2134991 0.6869791
1.410698 0.2134991 0.6869791
1.775102 0.6651892 -0.268021
1.775102 0.6651892 -0.268021
1.597161 0.8981585 0.2185581
1.597161 0.8981585 0.2185581
1.597161 0.8981585 0.2185581
1.597161 0.8981585 0.2185581
1.597161 0.8981585 0.2185581
1.597161 0.8981585 0.2185581
1.597161 0.8981585 0.2185581
1.597161 0.8981585 0.2185581
1.597161 0.8981585 0.2185581
1.597161 0.8981585 0.2185581
1.597161 0.8981585 0.2185581
1.597161 0.8981585 0.2185581
1.597161 0.8981585 0.2185581
1.597161 0.8981585 0.2185581
1.597161 0.8981585 0.2185581
1.597161 0.8981585 0.2185581
1.597161 0.8981585 0.2185581
1.390871 0.5074987 0.2623341
1.390871 0.5074987 0.2623341
1.390871 0.5074987 0.2623341
1.390871 0.5074987 0.2623341
1.390871 0.5074987 0.2623341
1.390871 0.5074987 0.2623341
1.390871 0.5074987 0.2623341
1.390871 0.5074987 0.2623341
1.390871 0.5074987 0.2623341
1.390871 0.5074987 0.2623341
1.390871 0.5074987 0.2623341
1.390871 0.5074987 0.2623341
1.390871 0.5074987 0.2623341
1.390871 0.5074987 0.2623341
1.390871 0.5074987 0.2623341
1.390871 0.5074987 0.2623341
1.390871 0.5074987 0.2623341
1.390871 0.5074987 0.2623341
1.567332 0.5593244 0.3007187
1.567332 0.5593244 0.3007187
1.633942 0.6893451 -0.4327617
1.633942 0.6893451 -0.4327617
1.633942 0.6893451 -0.4327617
1.633942 0.6893451 -0.4327617
1.633942 0.6893451 -0.4327617
1.633942 0.6893451 -0.4327617
1.633942 0.6893451 -0.4327617
1.633942 0.6893451 -0.4327617
1.633942 0.6893451 -0.4327617
1.633942 0.6893451 -0.4327617
1.633942 0.6893451 -0.4327617
1.633942 0.6893451 -0.4327617
1.633942 0.6893451 -0.4327617
1.633942 0.6893451 -0.4327617
1.633942 0.6893451 -0.4327617
1.633942 0.6893451 -0.4327617
1.633942 0.6893451 -0.4327617
1.633942 0.6893451 -0.4327617
1.633942 0.6893451 -0.4327617
1.633942 0.6893451 -0.4327617
1.633942 0.6893451 -0.4327617
1.633942 0.6893451 -0.4327617
1.633942 0.6893451 -0.4327617
1.633942 0.6893451 -0.4327617
1.633942 0.6893451 -0.4327617
1.633942 0.6893451 -0.4327617
1.633942 0.6893451 -0.4327617
1.633942 0.6893451 -0.4327617
1.633942 0.6893451 -0.4327617
1.633942 0.6893451 -0.4327617
1.633942 0.6893451 -0.4327617
1.369229 0.3191144 0.4389555
1.369229 0.3191144 0.4389555
1.369229 0.3191144 0.4389555
1.369229 0.3191144 0.4389555
1.369229 0.3191144 0.4389555
1.369229 0.3191144 0.4389555
1.369229 0.3191144 0.4389555
1.369229 0.3191144 0.4389555
1.369229 0.3191144 0.4389555
1.369229 0.3191144 0.4389555
1.369229 0.3191144 0.4389555
1.369229 0.3191144 0.4389555
1.369229 0.3191144 0.4389555
1.369229 0.3191144 0.4389555
1.369229 0.3191144 0.4389555
1.369229 0.3191144 0.4389555
1.369229 0.3191144 0.4389555
1.369229 0.3191144 0.4389555
1.369229 0.3191144 0.4389555
1.534484 0.9346523 -0.231689
1.534484 0.9346523 -0.231689
1.534484 0.9346523 -0.231689
1.534484 0.9346523 -0.231689
1.534484 0.9346523 -0.231689
1.534484 0.9346523 -0.231689
1.534484 0.9346523 -0.231689
1.534484 0.9346523 -0.231689
2.010131 1.05034 -0.2135507
2.010131 1.05034 -0.2135507
2.010131 1.05034 -0.2135507
2.010131 1.05034 -0.2135507
2.010131 1.05034 -0.2135507
1.341043 0.3172613 -0.804417
1.341043 0.3172613 -0.804417
1.341043 0.3172613 -0.804417
1.341043 0.3172613 -0.804417
1.341043 0.3172613 -0.804417
1.341043 0.3172613 -0.804417
1.341043 0.3172613 -0.804417
1.341043 0.3172613 -0.804417
1.303413 0.6256151 -0.4662005
1.303413 0.6256151 -0.4662005
1.303413 0.6256151 -0.4662005
1.303413 0.6256151 -0.4662005
1.303413 0.6256151 -0.4662005
1.303413 0.6256151 -0.4662005
1.303413 0.6256151 -0.4662005
1.303413 0.6256151 -0.4662005
1.303413 0.6256151 -0.4662005
1.303413 0.6256151 -0.4662005
1.303413 0.6256151 -0.4662005
1.303413 0.6256151 -0.4662005
1.303413 0.6256151 -0.4662005
1.303413 0.6256151 -0.4662005
1.321834 0.3540071 0.5431797
1.321834 0.3540071 0.5431797
1.321834 0.3540071 0.5431797
1.321834 0.3540071 0.5431797
1.321834 0.3540071 0.5431797
1.321834 0.3540071 0.5431797
1.321834 0.3540071 0.5431797
1.321834 0.3540071 0.5431797
1.321834 0.3540071 0.5431797
1.321834 0.3540071 0.5431797
1.321834 0.3540071 0.5431797
1.321834 0.3540071 0.5431797
1.321834 0.3540071 0.5431797
1.321834 0.3540071 0.5431797
1.321834 0.3540071 0.5431797
1.321834 0.3540071 0.5431797
1.321834 0.3540071 0.5431797
1.321834 0.3540071 0.5431797
1.321834 0.3540071 0.5431797
1.321834 0.3540071 0.5431797
1.321834 0.3540071 0.5431797
1.321834 0.3540071 0.5431797
1.321834 0.3540071 0.5431797
1.321834 0.3540071 0.5431797
1.321834 0.3540071 0.5431797
1.258129 0.6127708 0.3394259
1.258129 0.6127708 0.3394259
1.258129 0.6127708 0.3394259
1.258129 0.6127708 0.3394259
1.258129 0.6127708 0.3394259
1.258129 0.6127708 0.3394259
1.258129 0.6127708 0.3394259
1.258129 0.6127708 0.3394259
1.525764 0.7396515 0.309007
1.525764 0.7396515 0.309007
1.525764 0.7396515 0.309007
1.525764 0.7396515 0.309007
1.525764 0.7396515 0.309007
1.525764 0.7396515 0.309007
1.392288 0.5978793 -0.01975291
1.392288 0.5978793 -0.01975291
1.392288 0.5978793 -0.01975291
1.392288 0.5978793 -0.01975291
1.392288 0.5978793 -0.01975291
1.392288 0.5978793 -0.01975291
1.392288 0.5978793 -0.01975291
1.392288 0.5978793 -0.01975291
1.392288 0.5978793 -0.01975291
1.392288 0.5978793 -0.01975291
1.392288 0.5978793 -0.01975291
1.392288 0.5978793 -0.01975291
1.392288 0.5978793 -0.01975291
1.392288 0.5978793 -0.01975291
1.392288 0.5978793 -0.01975291
1.392288 0.5978793 -0.01975291
1.392288 0.5978793 -0.01975291
1.392288 0.5978793 -0.01975291
1.392288 0.5978793 -0.01975291
1.392288 0.5978793 -0.01975291
1.392288 0.5978793 -0.01975291
1.392288 0.5978793 -0.01975291
1.392288 0.5978793 -0.01975291
1.392288 0.5978793 -0.01975291
1.392288 0.5978793 -0.01975291
1.392288 0.5978793 -0.01975291
1.392288 0.5978793 -0.01975291
1.392288 0.5978793 -0.01975291
1.392288 0.5978793 -0.01975291
1.392288 0.5978793 -0.01975291
1.392288 0.5978793 -0.01975291
1.392288 0.5978793 -0.01975291
1.392288 0.5978793 -0.01975291
1.392288 0.5978793 -0.01975291
1.392288 0.5978793 -0.01975291
1.392288 0.5978793 -0.01975291
1.392288 0.5978793 -0.01975291
1.392288 0.5978793 -0.01975291
1.392288 0.5978793 -0.01975291
1.392288 0.5978793 -0.01975291
1.392288 0.5978793 -0.01975291
1.392288 0.5978793 -0.01975291
1.392288 0.5978793 -0.01975291
1.392288 0.5978793 -0.01975291
1.392288 0.5978793 -0.01975291
1.392288 0.5978793 -0.01975291
1.392288 0.5978793 -0.01975291
1.392288 0.5978793 -0.01975291
1.392288 0.5978793 -0.01975291
1.392288 0.5978793 -0.01975291
1.392288 0.5978793 -0.01975291
1.392288 0.5978793 -0.01975291
1.392288 0.5978793 -0.01975291
1.392288 0.5978793 -0.01975291
1.609308 0.6946681 -0.05705242
1.609308 0.6946681 -0.05705242
1.609308 0.6946681 -0.05705242
1.609308 0.6946681 -0.05705242
1.609308 0.6946681 -0.05705242
1.609308 0.6946681 -0.05705242
1.609308 0.6946681 -0.05705242
1.609308 0.6946681 -0.05705242
1.609308 0.6946681 -0.05705242
1.609308 0.6946681 -0.05705242
1.609308 0.6946681 -0.05705242
1.609308 0.6946681 -0.05705242
1.609308 0.6946681 -0.05705242
1.609308 0.6946681 -0.05705242
1.609308 0.6946681 -0.05705242
1.609308 0.6946681 -0.05705242
1.609308 0.6946681 -0.05705242
1.609308 0.6946681 -0.05705242
1.609308 0.6946681 -0.05705242
1.609308 0.6946681 -0.05705242
1.609308 0.6946681 -0.05705242
1.609308 0.6946681 -0.05705242
1.609308 0.6946681 -0.05705242
1.609308 0.6946681 -0.05705242
1.609308 0.6946681 -0.05705242
1.609308 0.6946681 -0.05705242
1.609308 0.6946681 -0.05705242
1.609308 0.6946681 -0.05705242
1.609308 0.6946681 -0.05705242
1.609308 0.6946681 -0.05705242
1.609308 0.6946681 -0.05705242
1.609308 0.6946681 -0.05705242
1.609308 0.6946681 -0.05705242
1.609308 0.6946681 -0.05705242
1.609308 0.6946681 -0.05705242
1.609308 0.6946681 -0.05705242
1.609308 0.6946681 -0.05705242
1.609308 0.6946681 -0.05705242
1.609308 0.6946681 -0.05705242
1.609308 0.6946681 -0.05705242
1.609308 0.6946681 -0.05705242
1.609308 0.6946681 -0.05705242
1.609308 0.6946681 -0.05705242
1.609308 0.6946681 -0.05705242
1.609308 0.6946681 -0.05705242
1.609308 0.6946681 -0.05705242
1.609308 0.6946681 -0.05705242
1.609308 0.6946681 -0.05705242
1.609308 0.6946681 -0.05705242
1.609308 0.6946681 -0.05705242
1.609308 0.6946681 -0.05705242
1.609308 0.6946681 -0.05705242
1.609308 0.6946681 -0.05705242
1.609308 0.6946681 -0.05705242
1.609308 0.6946681 -0.05705242
1.609308 0.6946681 -0.05705242
1.609308 0.6946681 -0.05705242
1.609308 0.6946681 -0.05705242
1.609308 0.6946681 -0.05705242
1.609308 0.6946681 -0.05705242
1.775995 0.8109552 -0.1473844
1.775995 0.8109552 -0.1473844
1.775995 0.8109552 -0.1473844
1.775995 0.8109552 -0.1473844
1.775995 0.8109552 -0.1473844
1.775995 0.8109552 -0.1473844
1.775995 0.8109552 -0.1473844
1.775995 0.8109552 -0.1473844
1.775995 0.8109552 -0.1473844
1.775995 0.8109552 -0.1473844
1.775995 0.8109552 -0.1473844
1.775995 0.8109552 -0.1473844
1.775995 0.8109552 -0.1473844
1.775995 0.8109552 -0.1473844
1.775995 0.8109552 -0.1473844
1.775995 0.8109552 -0.1473844
1.775995 0.8109552 -0.1473844
1.775995 0.8109552 -0.1473844
1.775995 0.8109552 -0.1473844
1.775995 0.8109552 -0.1473844
1.775995 0.8109552 -0.1473844
1.775995 0.8109552 -0.1473844
1.775995 0.8109552 -0.1473844
1.775995 0.8109552 -0.1473844
1.775995 0.8109552 -0.1473844
1.775995 0.8109552 -0.1473844
1.775995 0.8109552 -0.1473844
1.775995 0.8109552 -0.1473844
1.775995 0.8109552 -0.1473844
1.775995 0.8109552 -0.1473844
1.775995 0.8109552 -0.1473844
1.775995 0.8109552 -0.1473844
1.775995 0.8109552 -0.1473844
1.775995 0.8109552 -0.1473844
1.775995 0.8109552 -0.1473844
1.775995 0.8109552 -0.1473844
1.775995 0.8109552 -0.1473844
1.775995 0.8109552 -0.1473844
1.775995 0.8109552 -0.1473844
1.775995 0.8109552 -0.1473844
1.775995 0.8109552 -0.1473844
1.775995 0.8109552 -0.1473844
1.775995 0.8109552 -0.1473844
1.775995 0.8109552 -0.1473844
1.775995 0.8109552 -0.1473844
1.775995 0.8109552 -0.1473844
1.775995 0.8109552 -0.1473844
1.775995 0.8109552 -0.1473844
1.775995 0.8109552 -0.1473844
1.775995 0.8109552 -0.1473844
1.775995 0.8109552 -0.1473844
1.775995 0.8109552 -0.1473844
1.775995 0.8109552 -0.1473844
1.775995 0.8109552 -0.1473844
1.775995 0.8109552 -0.1473844
1.775995 0.8109552 -0.1473844
1.775995 0.8109552 -0.1473844
1.775995 0.8109552 -0.1473844
1.775995 0.8109552 -0.1473844
1.775995 0.8109552 -0.1473844
1.884702 0.9255488 -0.2088824
1.884702 0.9255488 -0.2088824
1.884702 0.9255488 -0.2088824
1.884702 0.9255488 -0.2088824
1.884702 0.9255488 -0.2088824
1.884702 0.9255488 -0.2088824
1.884702 0.9255488 -0.2088824
1.884702 0.9255488 -0.2088824
1.884702 0.9255488 -0.2088824
1.884702 0.9255488 -0.2088824
1.884702 0.9255488 -0.2088824
1.884702 0.9255488 -0.2088824
1.884702 0.9255488 -0.2088824
1.884702 0.9255488 -0.2088824
1.884702 0.9255488 -0.2088824
1.884702 0.9255488 -0.2088824
1.884702 0.9255488 -0.2088824
1.884702 0.9255488 -0.2088824
1.884702 0.9255488 -0.2088824
1.884702 0.9255488 -0.2088824
1.884702 0.9255488 -0.2088824
1.884702 0.9255488 -0.2088824
1.884702 0.9255488 -0.2088824
1.884702 0.9255488 -0.2088824
1.884702 0.9255488 -0.2088824
1.884702 0.9255488 -0.2088824
1.884702 0.9255488 -0.2088824
1.884702 0.9255488 -0.2088824
1.884702 0.9255488 -0.2088824
1.884702 0.9255488 -0.2088824
1.884702 0.9255488 -0.2088824
1.884702 0.9255488 -0.2088824
1.884702 0.9255488 -0.2088824
1.884702 0.9255488 -0.2088824
1.884702 0.9255488 -0.2088824
1.884702 0.9255488 -0.2088824
1.884702 0.9255488 -0.2088824
1.884702 0.9255488 -0.2088824
1.884702 0.9255488 -0.2088824
1.884702 0.9255488 -0.2088824
1.884702 0.9255488 -0.2088824
1.884702 0.9255488 -0.2088824
1.884702 0.9255488 -0.2088824
1.884702 0.9255488 -0.2088824
1.884702 0.9255488 -0.2088824
1.884702 0.9255488 -0.2088824
1.884702 0.9255488 -0.2088824
1.884702 0.9255488 -0.2088824
1.884702 0.9255488 -0.2088824
1.884702 0.9255488 -0.2088824
1.884702 0.9255488 -0.2088824
1.884702 0.9255488 -0.2088824
1.884702 0.9255488 -0.2088824
1.884702 0.9255488 -0.2088824
1.884702 0.9255488 -0.2088824
1.884702 0.9255488 -0.2088824
1.884702 0.9255488 -0.2088824
1.884702 0.9255488 -0.2088824
1.884702 0.9255488 -0.2088824
1.884702 0.9255488 -0.2088824
1.978992 1.027332 -0.2558504
1.978992 1.027332 -0.2558504
1.978992 1.027332 -0.2558504
1.978992 1.027332 -0.2558504
1.978992 1.027332 -0.2558504
1.978992 1.027332 -0.2558504
1.978992 1.027332 -0.2558504
1.978992 1.027332 -0.2558504
2.104761 1.349408 -0.7237168
2.104761 1.349408 -0.7237168
2.104761 1.349408 -0.7237168
2.104761 1.349408 -0.7237168
2.104761 1.349408 -0.7237168
2.104761 1.349408 -0.7237168
2.104761 1.349408 -0.7237168
2.104761 1.349408 -0.7237168
2.104761 1.349408 -0.7237168
2.104761 1.349408 -0.7237168
2.104761 1.349408 -0.7237168
2.104761 1.349408 -0.7237168
2.104761 1.349408 -0.7237168
2.104761 1.349408 -0.7237168
2.104761 1.349408 -0.7237168
2.104761 1.349408 -0.7237168
2.104761 1.349408 -0.7237168
2.104761 1.349408 -0.7237168
2.104761 1.349408 -0.7237168
2.104761 1.349408 -0.7237168
2.104761 1.349408 -0.7237168
2.104761 1.349408 -0.7237168
2.104761 1.349408 -0.7237168
2.104761 1.349408 -0.7237168
2.104761 1.349408 -0.7237168
2.104761 1.349408 -0.7237168
2.104761 1.349408 -0.7237168
2.104761 1.349408 -0.7237168
2.104761 1.349408 -0.7237168
2.104761 1.349408 -0.7237168
2.104761 1.349408 -0.7237168
2.104761 1.349408 -0.7237168
2.104761 1.349408 -0.7237168
2.104761 1.349408 -0.7237168
2.104761 1.349408 -0.7237168
2.104761 1.349408 -0.7237168
2.104761 1.349408 -0.7237168
2.104761 1.349408 -0.7237168
2.104761 1.349408 -0.7237168
2.104761 1.349408 -0.7237168
2.104761 1.349408 -0.7237168
2.104761 1.349408 -0.7237168
2.104761 1.349408 -0.7237168
2.104761 1.349408 -0.7237168
2.104761 1.349408 -0.7237168
2.104761 1.349408 -0.7237168
2.104761 1.349408 -0.7237168
2.104761 1.349408 -0.7237168
2.104761 1.349408 -0.7237168
2.104761 1.349408 -0.7237168
2.104761 1.349408 -0.7237168
2.104761 1.349408 -0.7237168
2.190054 1.425966 -0.7999769
2.190054 1.425966 -0.7999769
2.190054 1.425966 -0.7999769
2.190054 1.425966 -0.7999769
2.190054 1.425966 -0.7999769
2.190054 1.425966 -0.7999769
2.190054 1.425966 -0.7999769
2.190054 1.425966 -0.7999769
2.015139 1.577111 -0.4057575
2.018729 1.853648 -0.7862185
2.018729 1.853648 -0.7862185
2.018729 1.853648 -0.7862185
2.018729 1.853648 -0.7862185
2.018729 1.853648 -0.7862185
2.018729 1.853648 -0.7862185
2.018729 1.853648 -0.7862185
2.018729 1.853648 -0.7862185
2.018729 1.853648 -0.7862185
2.018729 1.853648 -0.7862185
2.018729 1.853648 -0.7862185
2.018729 1.853648 -0.7862185
2.018729 1.853648 -0.7862185
2.018729 1.853648 -0.7862185
2.018729 1.853648 -0.7862185
2.018729 1.853648 -0.7862185
2.018729 1.853648 -0.7862185
2.018729 1.853648 -0.7862185
2.018729 1.853648 -0.7862185
2.018729 1.853648 -0.7862185
2.018729 1.853648 -0.7862185
2.018729 1.853648 -0.7862185
2.018729 1.853648 -0.7862185
2.018729 1.853648 -0.7862185
2.018729 1.853648 -0.7862185
2.018729 1.853648 -0.7862185
2.018729 1.853648 -0.7862185
2.018729 1.853648 -0.7862185
2.018729 1.853648 -0.7862185
2.018729 1.853648 -0.7862185
2.018729 1.853648 -0.7862185
2.018729 1.853648 -0.7862185
2.018729 1.853648 -0.7862185
2.018729 1.853648 -0.7862185
2.018729 1.853648 -0.7862185
2.018729 1.853648 -0.7862185
2.018729 1.853648 -0.7862185
2.018729 1.853648 -0.7862185
2.018729 1.853648 -0.7862185
2.018729 1.853648 -0.7862185
2.018729 1.853648 -0.7862185
2.018729 1.853648 -0.7862185
2.018729 1.853648 -0.7862185
2.018729 1.853648 -0.7862185
2.018729 1.853648 -0.7862185
2.018729 1.853648 -0.7862185
2.018729 1.853648 -0.7862185
1.669943 1.568687 -0.3156116
1.669943 1.568687 -0.3156116
1.669943 1.568687 -0.3156116
1.669943 1.568687 -0.3156116
1.741913 1.665696 -0.3821262
1.741913 1.665696 -0.3821262
1.741913 1.665696 -0.3821262
1.741913 1.665696 -0.3821262
1.741913 1.665696 -0.3821262
1.741913 1.665696 -0.3821262
1.741913 1.665696 -0.3821262
1.741913 1.665696 -0.3821262
1.741913 1.665696 -0.3821262
1.741913 1.665696 -0.3821262
1.741913 1.665696 -0.3821262
1.741913 1.665696 -0.3821262
1.741913 1.665696 -0.3821262
1.881335 1.848917 -1.058103
1.881335 1.848917 -1.058103
2.285538 1.841791 -0.6307122
1.762865 1.233586 0.03487987
1.762865 1.233586 0.03487987
1.762865 1.233586 0.03487987
1.762865 1.233586 0.03487987
1.762865 1.233586 0.03487987
1.762865 1.233586 0.03487987
1.762865 1.233586 0.03487987
1.762865 1.233586 0.03487987
1.762865 1.233586 0.03487987
1.762865 1.233586 0.03487987
1.762865 1.233586 0.03487987
1.762865 1.233586 0.03487987
1.762865 1.233586 0.03487987
1.762865 1.233586 0.03487987
1.762865 1.233586 0.03487987
1.762865 1.233586 0.03487987
1.762865 1.233586 0.03487987
1.762865 1.233586 0.03487987
1.762865 1.233586 0.03487987
1.762865 1.233586 0.03487987
1.762865 1.233586 0.03487987
1.762865 1.233586 0.03487987
1.762865 1.233586 0.03487987
1.762865 1.233586 0.03487987
1.762865 1.233586 0.03487987
1.762865 1.233586 0.03487987
1.762865 1.233586 0.03487987
1.762865 1.233586 0.03487987
1.762865 1.233586 0.03487987
1.762865 1.233586 0.03487987
1.762865 1.233586 0.03487987
1.762865 1.233586 0.03487987
1.762865 1.233586 0.03487987
1.762865 1.233586 0.03487987
1.762865 1.233586 0.03487987
1.762865 1.233586 0.03487987
1.762865 1.233586 0.03487987
1.762865 1.233586 0.03487987
1.762865 1.233586 0.03487987
1.762865 1.233586 0.03487987
1.762865 1.233586 0.03487987
1.762865 1.233586 0.03487987
1.762865 1.233586 0.03487987
1.762865 1.233586 0.03487987
1.821784 1.309561 -0.04333027
1.821784 1.309561 -0.04333027
1.821784 1.309561 -0.04333027
1.821784 1.309561 -0.04333027
1.821784 1.309561 -0.04333027
1.821784 1.309561 -0.04333027
1.821784 1.309561 -0.04333027
1.821784 1.309561 -0.04333027
1.821784 1.309561 -0.04333027
1.821784 1.309561 -0.04333027
1.821784 1.309561 -0.04333027
1.821784 1.309561 -0.04333027
1.959214 1.548171 -0.2071414
1.959214 1.548171 -0.2071414
1.959214 1.548171 -0.2071414
1.959214 1.548171 -0.2071414
1.959214 1.548171 -0.2071414
1.959214 1.548171 -0.2071414
1.959214 1.548171 -0.2071414
1.959214 1.548171 -0.2071414
1.959214 1.548171 -0.2071414
1.959214 1.548171 -0.2071414
1.959214 1.548171 -0.2071414
1.959214 1.548171 -0.2071414
1.959214 1.548171 -0.2071414
1.959214 1.548171 -0.2071414
1.959214 1.548171 -0.2071414
1.959214 1.548171 -0.2071414
1.959214 1.548171 -0.2071414
1.959214 1.548171 -0.2071414
1.959214 1.548171 -0.2071414
1.959214 1.548171 -0.2071414
2.168037 1.241568 -0.9247918
2.168037 1.241568 -0.9247918
2.168037 1.241568 -0.9247918
2.168037 1.241568 -0.9247918
2.168037 1.241568 -0.9247918
2.168037 1.241568 -0.9247918
2.168037 1.241568 -0.9247918
2.168037 1.241568 -0.9247918
2.168037 1.241568 -0.9247918
2.168037 1.241568 -0.9247918
2.168037 1.241568 -0.9247918
2.168037 1.241568 -0.9247918
2.168037 1.241568 -0.9247918
2.168037 1.241568 -0.9247918
2.168037 1.241568 -0.9247918
2.168037 1.241568 -0.9247918
2.168037 1.241568 -0.9247918
2.168037 1.241568 -0.9247918
2.168037 1.241568 -0.9247918
2.168037 1.241568 -0.9247918
1.93014 1.427338 -0.8004681
1.93014 1.427338 -0.8004681
1.93014 1.427338 -0.8004681
1.93014 1.427338 -0.8004681
1.93014 1.427338 -0.8004681
1.93014 1.427338 -0.8004681
1.93014 1.427338 -0.8004681
1.93014 1.427338 -0.8004681
1.97803 1.503114 -0.8601032
1.97803 1.503114 -0.8601032
1.97803 1.503114 -0.8601032
1.97803 1.503114 -0.8601032
1.97803 1.503114 -0.8601032
1.97803 1.503114 -0.8601032
1.97803 1.503114 -0.8601032
1.97803 1.503114 -0.8601032
1.97803 1.503114 -0.8601032
1.97803 1.503114 -0.8601032
1.97803 1.503114 -0.8601032
1.97803 1.503114 -0.8601032
1.97803 1.503114 -0.8601032
1.97803 1.503114 -0.8601032
1.97803 1.503114 -0.8601032
1.97803 1.503114 -0.8601032
1.97803 1.503114 -0.8601032
1.97803 1.503114 -0.8601032
1.97803 1.503114 -0.8601032
1.97803 1.503114 -0.8601032
1.97803 1.503114 -0.8601032
1.97803 1.503114 -0.8601032
1.97803 1.503114 -0.8601032
1.97803 1.503114 -0.8601032
1.97803 1.503114 -0.8601032
1.97803 1.503114 -0.8601032
1.97803 1.503114 -0.8601032
1.97803 1.503114 -0.8601032
1.97803 1.503114 -0.8601032
1.97803 1.503114 -0.8601032
1.97803 1.503114 -0.8601032
1.97803 1.503114 -0.8601032
1.97803 1.503114 -0.8601032
1.97803 1.503114 -0.8601032
1.97803 1.503114 -0.8601032
1.97803 1.503114 -0.8601032
1.97803 1.503114 -0.8601032
1.97803 1.503114 -0.8601032
1.97803 1.503114 -0.8601032
1.97803 1.503114 -0.8601032
1.97803 1.503114 -0.8601032
1.97803 1.503114 -0.8601032
1.97803 1.503114 -0.8601032
1.97803 1.503114 -0.8601032
1.97803 1.503114 -0.8601032
1.97803 1.503114 -0.8601032
1.97803 1.503114 -0.8601032
1.97803 1.503114 -0.8601032
1.97803 1.503114 -0.8601032
1.97803 1.503114 -0.8601032
1.97803 1.503114 -0.8601032
1.97803 1.503114 -0.8601032
1.97803 1.503114 -0.8601032
1.97803 1.503114 -0.8601032
1.97803 1.503114 -0.8601032
1.97803 1.503114 -0.8601032
1.97803 1.503114 -0.8601032
1.97803 1.503114 -0.8601032
1.97803 1.503114 -0.8601032
1.97803 1.503114 -0.8601032
2.047352 1.642234 -0.9013132
2.047352 1.642234 -0.9013132
2.047352 1.642234 -0.9013132
2.047352 1.642234 -0.9013132
2.047352 1.642234 -0.9013132
2.047352 1.642234 -0.9013132
2.047352 1.642234 -0.9013132
2.047352 1.642234 -0.9013132
2.047352 1.642234 -0.9013132
2.047352 1.642234 -0.9013132
2.047352 1.642234 -0.9013132
2.047352 1.642234 -0.9013132
2.047352 1.642234 -0.9013132
2.047352 1.642234 -0.9013132
2.047352 1.642234 -0.9013132
2.047352 1.642234 -0.9013132
2.047352 1.642234 -0.9013132
2.047352 1.642234 -0.9013132
2.047352 1.642234 -0.9013132
2.047352 1.642234 -0.9013132
2.047352 1.642234 -0.9013132
2.047352 1.642234 -0.9013132
2.047352 1.642234 -0.9013132
2.047352 1.642234 -0.9013132
2.047352 1.642234 -0.9013132
2.047352 1.642234 -0.9013132
2.047352 1.642234 -0.9013132
2.047352 1.642234 -0.9013132
2.047352 1.642234 -0.9013132
2.047352 1.642234 -0.9013132
2.047352 1.642234 -0.9013132
2.047352 1.642234 -0.9013132
2.047352 1.642234 -0.9013132
2.047352 1.642234 -0.9013132
2.047352 1.642234 -0.9013132
2.047352 1.642234 -0.9013132
2.047352 1.642234 -0.9013132
2.047352 1.642234 -0.9013132
2.047352 1.642234 -0.9013132
2.047352 1.642234 -0.9013132
2.047352 1.642234 -0.9013132
2.047352 1.642234 -0.9013132
2.047352 1.642234 -0.9013132
2.047352 1.642234 -0.9013132
2.047352 1.642234 -0.9013132
2.047352 1.642234 -0.9013132
2.047352 1.642234 -0.9013132
2.047352 1.642234 -0.9013132
2.047352 1.642234 -0.9013132
2.047352 1.642234 -0.9013132
2.047352 1.642234 -0.9013132
2.047352 1.642234 -0.9013132
2.047352 1.642234 -0.9013132
2.047352 1.642234 -0.9013132
2.047352 1.642234 -0.9013132
2.047352 1.642234 -0.9013132
2.047352 1.642234 -0.9013132
2.047352 1.642234 -0.9013132
2.047352 1.642234 -0.9013132
2.047352 1.642234 -0.9013132
2.129423 1.812665 -0.989381
2.129423 1.812665 -0.989381
2.129423 1.812665 -0.989381
2.129423 1.812665 -0.989381
2.129423 1.812665 -0.989381
2.129423 1.812665 -0.989381
2.129423 1.812665 -0.989381
2.129423 1.812665 -0.989381
2.129423 1.812665 -0.989381
2.129423 1.812665 -0.989381
2.129423 1.812665 -0.989381
2.129423 1.812665 -0.989381
2.129423 1.812665 -0.989381
2.129423 1.812665 -0.989381
2.129423 1.812665 -0.989381
2.129423 1.812665 -0.989381
2.129423 1.812665 -0.989381
2.129423 1.812665 -0.989381
2.129423 1.812665 -0.989381
2.129423 1.812665 -0.989381
2.129423 1.812665 -0.989381
2.129423 1.812665 -0.989381
2.129423 1.812665 -0.989381
2.129423 1.812665 -0.989381
2.129423 1.812665 -0.989381
2.129423 1.812665 -0.989381
2.129423 1.812665 -0.989381
2.129423 1.812665 -0.989381
2.129423 1.812665 -0.989381
2.129423 1.812665 -0.989381
2.129423 1.812665 -0.989381
2.129423 1.812665 -0.989381
2.129423 1.812665 -0.989381
2.129423 1.812665 -0.989381
2.129423 1.812665 -0.989381
2.129423 1.812665 -0.989381
2.129423 1.812665 -0.989381
2.129423 1.812665 -0.989381
2.129423 1.812665 -0.989381
2.129423 1.812665 -0.989381
2.129423 1.812665 -0.989381
2.129423 1.812665 -0.989381
2.129423 1.812665 -0.989381
2.129423 1.812665 -0.989381
2.129423 1.812665 -0.989381
2.129423 1.812665 -0.989381
2.129423 1.812665 -0.989381
2.129423 1.812665 -0.989381
2.129423 1.812665 -0.989381
2.129423 1.812665 -0.989381
2.129423 1.812665 -0.989381
2.129423 1.812665 -0.989381
2.129423 1.812665 -0.989381
2.129423 1.812665 -0.989381
2.129423 1.812665 -0.989381
2.129423 1.812665 -0.989381
2.129423 1.812665 -0.989381
2.129423 1.812665 -0.989381
2.129423 1.812665 -0.989381
2.129423 1.812665 -0.989381
2.211019 1.945738 -1.023703
2.211019 1.945738 -1.023703
2.211019 1.945738 -1.023703
2.211019 1.945738 -1.023703
2.211019 1.945738 -1.023703
2.211019 1.945738 -1.023703
2.211019 1.945738 -1.023703
2.211019 1.945738 -1.023703
2.211019 1.945738 -1.023703
2.211019 1.945738 -1.023703
2.211019 1.945738 -1.023703
2.211019 1.945738 -1.023703
2.211019 1.945738 -1.023703
2.211019 1.945738 -1.023703
2.211019 1.945738 -1.023703
2.211019 1.945738 -1.023703
2.211019 1.945738 -1.023703
2.211019 1.945738 -1.023703
2.211019 1.945738 -1.023703
2.211019 1.945738 -1.023703
2.211019 1.945738 -1.023703
2.211019 1.945738 -1.023703
2.211019 1.945738 -1.023703
2.211019 1.945738 -1.023703
2.211019 1.945738 -1.023703
2.211019 1.945738 -1.023703
2.211019 1.945738 -1.023703
2.211019 1.945738 -1.023703
2.211019 1.945738 -1.023703
2.211019 1.945738 -1.023703
2.211019 1.945738 -1.023703
2.211019 1.945738 -1.023703
2.211019 1.945738 -1.023703
2.211019 1.945738 -1.023703
2.211019 1.945738 -1.023703
2.211019 1.945738 -1.023703
2.211019 1.945738 -1.023703
2.211019 1.945738 -1.023703
2.211019 1.945738 -1.023703
2.211019 1.945738 -1.023703
2.211019 1.945738 -1.023703
2.211019 1.945738 -1.023703
2.211019 1.945738 -1.023703
2.211019 1.945738 -1.023703
2.211019 1.945738 -1.023703
2.211019 1.945738 -1.023703
2.211019 1.945738 -1.023703
2.211019 1.945738 -1.023703
2.211019 1.945738 -1.023703
2.211019 1.945738 -1.023703
2.211019 1.945738 -1.023703
2.211019 1.945738 -1.023703
2.211019 1.945738 -1.023703
2.211019 1.945738 -1.023703
2.211019 1.945738 -1.023703
2.211019 1.945738 -1.023703
2.211019 1.945738 -1.023703
2.211019 1.945738 -1.023703
2.211019 1.945738 -1.023703
2.211019 1.945738 -1.023703
2.181626 2.077551 -1.039405
2.181626 2.077551 -1.039405
2.181626 2.077551 -1.039405
2.181626 2.077551 -1.039405
2.181626 2.077551 -1.039405
2.181626 2.077551 -1.039405
2.181626 2.077551 -1.039405
2.181626 2.077551 -1.039405
2.181626 2.077551 -1.039405
2.181626 2.077551 -1.039405
2.181626 2.077551 -1.039405
2.181626 2.077551 -1.039405
2.181626 2.077551 -1.039405
2.181626 2.077551 -1.039405
2.181626 2.077551 -1.039405
2.181626 2.077551 -1.039405
2.181626 2.077551 -1.039405
2.181626 2.077551 -1.039405
2.181626 2.077551 -1.039405
2.181626 2.077551 -1.039405
2.181626 2.077551 -1.039405
2.181626 2.077551 -1.039405
2.181626 2.077551 -1.039405
2.181626 2.077551 -1.039405
2.181626 2.077551 -1.039405
2.181626 2.077551 -1.039405
2.181626 2.077551 -1.039405
2.181626 2.077551 -1.039405
2.181626 2.077551 -1.039405
2.181626 2.077551 -1.039405
2.181626 2.077551 -1.039405
2.181626 2.077551 -1.039405
2.181626 2.077551 -1.039405
2.181626 2.077551 -1.039405
2.181626 2.077551 -1.039405
2.181626 2.077551 -1.039405
2.181626 2.077551 -1.039405
2.181626 2.077551 -1.039405
2.181626 2.077551 -1.039405
2.181626 2.077551 -1.039405
2.181626 2.077551 -1.039405
2.181626 2.077551 -1.039405
2.181626 2.077551 -1.039405
2.181626 2.077551 -1.039405
2.181626 2.077551 -1.039405
2.181626 2.077551 -1.039405
2.181626 2.077551 -1.039405
2.181626 2.077551 -1.039405
2.181626 2.077551 -1.039405
2.181626 2.077551 -1.039405
2.181626 2.077551 -1.039405
2.168408 2.167 -0.6105736
2.168408 2.167 -0.6105736
2.168408 2.167 -0.6105736
2.168408 2.167 -0.6105736
2.168408 2.167 -0.6105736
2.168408 2.167 -0.6105736
2.168408 2.167 -0.6105736
2.168408 2.167 -0.6105736
2.168408 2.167 -0.6105736
2.18645 2.072127 -0.6505376
2.18645 2.072127 -0.6505376
2.18645 2.072127 -0.6505376
2.18645 2.072127 -0.6505376
2.18645 2.072127 -0.6505376
2.162201 2.557054 -0.6229558
2.162201 2.557054 -0.6229558
2.162201 2.557054 -0.6229558
2.162201 2.557054 -0.6229558
2.162201 2.557054 -0.6229558
2.162201 2.557054 -0.6229558
2.162201 2.557054 -0.6229558
2.162201 2.557054 -0.6229558
2.162201 2.557054 -0.6229558
2.162201 2.557054 -0.6229558
1.977102 2.218524 -0.5946543
1.977102 2.218524 -0.5946543
1.977102 2.218524 -0.5946543
1.977102 2.218524 -0.5946543
1.977102 2.218524 -0.5946543
1.977102 2.218524 -0.5946543
1.977102 2.218524 -0.5946543
1.977102 2.218524 -0.5946543
1.977102 2.218524 -0.5946543
1.977102 2.218524 -0.5946543
1.977102 2.218524 -0.5946543
1.977102 2.218524 -0.5946543
1.977102 2.218524 -0.5946543
1.977102 2.218524 -0.5946543
1.977102 2.218524 -0.5946543
1.977102 2.218524 -0.5946543
1.977102 2.218524 -0.5946543
1.977102 2.218524 -0.5946543
1.977102 2.218524 -0.5946543
1.977102 2.218524 -0.5946543
2.328882 2.200401 -1.209196
2.328882 2.200401 -1.209196
2.328882 2.200401 -1.209196
2.328882 2.200401 -1.209196
2.328882 2.200401 -1.209196
2.328882 2.200401 -1.209196
2.328882 2.200401 -1.209196
2.328882 2.200401 -1.209196
2.328882 2.200401 -1.209196
2.328882 2.200401 -1.209196
2.328882 2.200401 -1.209196
2.328882 2.200401 -1.209196
2.328882 2.200401 -1.209196
2.328882 2.200401 -1.209196
2.328882 2.200401 -1.209196
2.328882 2.200401 -1.209196
2.328882 2.200401 -1.209196
2.328882 2.200401 -1.209196
2.328882 2.200401 -1.209196
2.328882 2.200401 -1.209196
2.328882 2.200401 -1.209196
2.328882 2.200401 -1.209196
2.328882 2.200401 -1.209196
2.328882 2.200401 -1.209196
2.328882 2.200401 -1.209196
2.520184 2.216385 -1.316453
2.520184 2.216385 -1.316453
2.520184 2.216385 -1.316453
2.520184 2.216385 -1.316453
2.520184 2.216385 -1.316453
2.520184 2.216385 -1.316453
2.159805 1.591263 -1.137427
2.159805 1.591263 -1.137427
2.159805 1.591263 -1.137427
2.159805 1.591263 -1.137427
2.159805 1.591263 -1.137427
2.159805 1.591263 -1.137427
2.159805 1.591263 -1.137427
2.159805 1.591263 -1.137427
2.159805 1.591263 -1.137427
2.159805 1.591263 -1.137427
2.159805 1.591263 -1.137427
2.159805 1.591263 -1.137427
2.159805 1.591263 -1.137427
2.159805 1.591263 -1.137427
2.159805 1.591263 -1.137427
2.159805 1.591263 -1.137427
2.159805 1.591263 -1.137427
2.159805 1.591263 -1.137427
2.159805 1.591263 -1.137427
2.159805 1.591263 -1.137427
2.159805 1.591263 -1.137427
2.159805 1.591263 -1.137427
2.159805 1.591263 -1.137427
2.159805 1.591263 -1.137427
2.159805 1.591263 -1.137427
2.159805 1.591263 -1.137427
2.159805 1.591263 -1.137427
2.159805 1.591263 -1.137427
2.159805 1.591263 -1.137427
2.159805 1.591263 -1.137427
2.159805 1.591263 -1.137427
2.159805 1.591263 -1.137427
2.159805 1.591263 -1.137427
2.159805 1.591263 -1.137427
2.159805 1.591263 -1.137427
2.159805 1.591263 -1.137427
2.159805 1.591263 -1.137427
2.159805 1.591263 -1.137427
2.159805 1.591263 -1.137427
2.159805 1.591263 -1.137427
2.159805 1.591263 -1.137427
2.159805 1.591263 -1.137427
2.159805 1.591263 -1.137427
2.159805 1.591263 -1.137427
2.159805 1.591263 -1.137427
2.159805 1.591263 -1.137427
2.159805 1.591263 -1.137427
2.159805 1.591263 -1.137427
2.159805 1.591263 -1.137427
2.159805 1.591263 -1.137427
2.159805 1.591263 -1.137427
2.159805 1.591263 -1.137427
2.159805 1.591263 -1.137427
2.159805 1.591263 -1.137427
2.060525 1.67322 -1.326345
2.060525 1.67322 -1.326345
2.060525 1.67322 -1.326345
2.060525 1.67322 -1.326345
2.060525 1.67322 -1.326345
2.060525 1.67322 -1.326345
2.060525 1.67322 -1.326345
2.060525 1.67322 -1.326345
2.060525 1.67322 -1.326345
1.98606 1.563494 -0.5675699
1.98606 1.563494 -0.5675699
1.98606 1.563494 -0.5675699
1.98606 1.563494 -0.5675699
1.98606 1.563494 -0.5675699
1.98606 1.563494 -0.5675699
1.98606 1.563494 -0.5675699
1.98606 1.563494 -0.5675699
1.98606 1.563494 -0.5675699
1.98606 1.563494 -0.5675699
1.98606 1.563494 -0.5675699
1.98606 1.563494 -0.5675699
1.98606 1.563494 -0.5675699
1.98606 1.563494 -0.5675699
1.98606 1.563494 -0.5675699
1.98606 1.563494 -0.5675699
1.98606 1.563494 -0.5675699
2.362206 1.782452 -1.301308
2.362206 1.782452 -1.301308
2.362206 1.782452 -1.301308
2.362206 1.782452 -1.301308
2.362206 1.782452 -1.301308
2.362206 1.782452 -1.301308
2.362206 1.782452 -1.301308
2.362206 1.782452 -1.301308
2.362206 1.782452 -1.301308
2.362206 1.782452 -1.301308
2.362206 1.782452 -1.301308
2.362206 1.782452 -1.301308
2.362206 1.782452 -1.301308
2.362206 1.782452 -1.301308
2.362206 1.782452 -1.301308
2.362206 1.782452 -1.301308
2.362206 1.782452 -1.301308
2.362206 1.782452 -1.301308
2.362206 1.782452 -1.301308
2.362206 1.782452 -1.301308
2.362206 1.782452 -1.301308
2.362206 1.782452 -1.301308
2.362206 1.782452 -1.301308
2.362206 1.782452 -1.301308
2.362206 1.782452 -1.301308
2.362206 1.782452 -1.301308
2.362206 1.782452 -1.301308
2.362206 1.782452 -1.301308
2.362206 1.782452 -1.301308
2.362206 1.782452 -1.301308
2.362206 1.782452 -1.301308
2.362206 1.782452 -1.301308
2.362206 1.782452 -1.301308
2.362206 1.782452 -1.301308
2.552829 1.859694 -1.553513
2.552829 1.859694 -1.553513
2.552829 1.859694 -1.553513
2.552829 1.859694 -1.553513
2.552829 1.859694 -1.553513
2.552829 1.859694 -1.553513
2.552829 1.859694 -1.553513
2.552829 1.859694 -1.553513
2.552829 1.859694 -1.553513
2.552829 1.859694 -1.553513
2.552829 1.859694 -1.553513
2.552829 1.859694 -1.553513
2.552829 1.859694 -1.553513
2.552829 1.859694 -1.553513
2.552829 1.859694 -1.553513
2.552829 1.859694 -1.553513
2.567485 2.528864 -1.158152
2.567485 2.528864 -1.158152
2.567485 2.528864 -1.158152
2.567485 2.528864 -1.158152
2.567485 2.528864 -1.158152
2.567485 2.528864 -1.158152
2.567485 2.528864 -1.158152
2.567485 2.528864 -1.158152
2.567485 2.528864 -1.158152
2.567485 2.528864 -1.158152
2.567485 2.528864 -1.158152
2.567485 2.528864 -1.158152
2.567485 2.528864 -1.158152
2.567485 2.528864 -1.158152
2.567485 2.528864 -1.158152
2.567485 2.528864 -1.158152
2.567485 2.528864 -1.158152
2.567485 2.528864 -1.158152
2.567485 2.528864 -1.158152
2.567485 2.528864 -1.158152
2.567485 2.528864 -1.158152
2.567485 2.528864 -1.158152
2.567485 2.528864 -1.158152
2.521332 2.65788 -1.313601
2.521332 2.65788 -1.313601
2.521332 2.65788 -1.313601
2.521332 2.65788 -1.313601
2.203642 1.842735 -1.517249
2.203642 1.842735 -1.517249
2.203642 1.842735 -1.517249
2.203642 1.842735 -1.517249
2.203642 1.842735 -1.517249
2.203642 1.842735 -1.517249
2.203642 1.842735 -1.517249
2.203642 1.842735 -1.517249
2.203642 1.842735 -1.517249
2.203642 1.842735 -1.517249
2.203642 1.842735 -1.517249
2.203642 1.842735 -1.517249
2.203642 1.842735 -1.517249
2.203642 1.842735 -1.517249
2.203642 1.842735 -1.517249
2.203642 1.842735 -1.517249
2.203642 1.842735 -1.517249
2.344458 1.897739 -1.693418
2.344458 1.897739 -1.693418
2.344458 1.897739 -1.693418
2.344458 1.897739 -1.693418
2.344458 1.897739 -1.693418
2.344458 1.897739 -1.693418
2.344458 1.897739 -1.693418
2.344458 1.897739 -1.693418
2.344458 1.897739 -1.693418
2.344458 1.897739 -1.693418
2.344458 1.897739 -1.693418
2.344458 1.897739 -1.693418
2.344458 1.897739 -1.693418
2.344458 1.897739 -1.693418
2.344458 1.897739 -1.693418
2.344458 1.897739 -1.693418
2.344458 1.897739 -1.693418
2.344458 1.897739 -1.693418
2.344458 1.897739 -1.693418
2.344458 1.897739 -1.693418
2.344458 1.897739 -1.693418
2.344458 1.897739 -1.693418
2.344458 1.897739 -1.693418
2.344458 1.897739 -1.693418
2.344458 1.897739 -1.693418
2.344458 1.897739 -1.693418
2.344458 1.897739 -1.693418
2.344458 1.897739 -1.693418
2.344458 1.897739 -1.693418
2.344458 1.897739 -1.693418
2.344458 1.897739 -1.693418
2.344458 1.897739 -1.693418
2.344458 1.897739 -1.693418
2.344458 1.897739 -1.693418
2.344458 1.897739 -1.693418
2.344458 1.897739 -1.693418
2.344458 1.897739 -1.693418
2.344458 1.897739 -1.693418
2.344458 1.897739 -1.693418
2.344458 1.897739 -1.693418
2.344458 1.897739 -1.693418
2.344458 1.897739 -1.693418
2.344458 1.897739 -1.693418
2.344458 1.897739 -1.693418
2.344458 1.897739 -1.693418
2.344458 1.897739 -1.693418
2.344458 1.897739 -1.693418
2.344458 1.897739 -1.693418
2.344458 1.897739 -1.693418
2.344458 1.897739 -1.693418
2.344458 1.897739 -1.693418
2.344458 1.897739 -1.693418
2.344458 1.897739 -1.693418
2.344458 1.897739 -1.693418
2.344458 1.897739 -1.693418
2.344458 1.897739 -1.693418
2.344458 1.897739 -1.693418
2.344458 1.897739 -1.693418
2.344458 1.897739 -1.693418
2.344458 1.897739 -1.693418
1.779762 1.842085 -1.546945
1.779762 1.842085 -1.546945
1.779762 1.842085 -1.546945
1.779762 1.842085 -1.546945
1.779762 1.842085 -1.546945
1.779762 1.842085 -1.546945
2.483055 1.205507 -1.722125
2.483055 1.205507 -1.722125
2.483055 1.205507 -1.722125
2.483055 1.205507 -1.722125
2.483055 1.205507 -1.722125
2.483055 1.205507 -1.722125
2.483055 1.205507 -1.722125
2.483055 1.205507 -1.722125
2.483055 1.205507 -1.722125
2.483055 1.205507 -1.722125
2.483055 1.205507 -1.722125
2.483055 1.205507 -1.722125
2.483055 1.205507 -1.722125
2.483055 1.205507 -1.722125
2.483055 1.205507 -1.722125
2.483055 1.205507 -1.722125
2.483055 1.205507 -1.722125
2.483055 1.205507 -1.722125
2.483055 1.205507 -1.722125
2.483055 1.205507 -1.722125
2.483055 1.205507 -1.722125
2.483055 1.205507 -1.722125
2.483055 1.205507 -1.722125
2.483055 1.205507 -1.722125
2.483055 1.205507 -1.722125
2.483055 1.205507 -1.722125
2.483055 1.205507 -1.722125
2.483055 1.205507 -1.722125
2.483055 1.205507 -1.722125
2.483055 1.205507 -1.722125
2.483055 1.205507 -1.722125
2.483055 1.205507 -1.722125
2.483055 1.205507 -1.722125
2.483055 1.205507 -1.722125
2.483055 1.205507 -1.722125
2.483055 1.205507 -1.722125
2.483055 1.205507 -1.722125
2.483055 1.205507 -1.722125
2.483055 1.205507 -1.722125
2.483055 1.205507 -1.722125
2.483055 1.205507 -1.722125
2.483055 1.205507 -1.722125
2.483055 1.205507 -1.722125
2.40358 1.211865 -1.736722
2.40358 1.211865 -1.736722
2.40358 1.211865 -1.736722
2.40358 1.211865 -1.736722
2.40358 1.211865 -1.736722
2.40358 1.211865 -1.736722
2.40358 1.211865 -1.736722
2.40358 1.211865 -1.736722
2.40358 1.211865 -1.736722
2.40358 1.211865 -1.736722
2.40358 1.211865 -1.736722
2.545781 1.199212 -1.706106
2.545781 1.199212 -1.706106
2.545781 1.199212 -1.706106
2.545781 1.199212 -1.706106
2.545781 1.199212 -1.706106
2.545781 1.199212 -1.706106
2.545781 1.199212 -1.706106
2.545781 1.199212 -1.706106
2.545781 1.199212 -1.706106
2.25711 2.126879 -1.144667
2.25711 2.126879 -1.144667
2.25711 2.126879 -1.144667
2.25711 2.126879 -1.144667
2.25711 2.126879 -1.144667
2.25711 2.126879 -1.144667
2.25711 2.126879 -1.144667
2.25711 2.126879 -1.144667
2.25711 2.126879 -1.144667
2.25711 2.126879 -1.144667
2.25711 2.126879 -1.144667
2.25711 2.126879 -1.144667
2.25711 2.126879 -1.144667
2.25711 2.126879 -1.144667
2.25711 2.126879 -1.144667
2.25711 2.126879 -1.144667
2.25711 2.126879 -1.144667
2.25711 2.126879 -1.144667
2.25711 2.126879 -1.144667
2.25711 2.126879 -1.144667
2.25711 2.126879 -1.144667
2.25711 2.126879 -1.144667
2.25711 2.126879 -1.144667
2.25711 2.126879 -1.144667
2.25711 2.126879 -1.144667
2.25711 2.126879 -1.144667
2.25711 2.126879 -1.144667
2.25711 2.126879 -1.144667
2.25711 2.126879 -1.144667
2.25711 2.126879 -1.144667
2.25711 2.126879 -1.144667
2.25711 2.126879 -1.144667
2.25711 2.126879 -1.144667
2.230167 1.69758 -1.543681
2.230167 1.69758 -1.543681
2.230167 1.69758 -1.543681
2.230167 1.69758 -1.543681
2.230167 1.69758 -1.543681
2.230167 1.69758 -1.543681
2.230167 1.69758 -1.543681
2.230167 1.69758 -1.543681
2.230167 1.69758 -1.543681
2.230167 1.69758 -1.543681
2.230167 1.69758 -1.543681
2.230167 1.69758 -1.543681
2.230167 1.69758 -1.543681
2.230167 1.69758 -1.543681
2.230167 1.69758 -1.543681
2.230167 1.69758 -1.543681
2.230167 1.69758 -1.543681
2.230167 1.69758 -1.543681
2.256431 1.645622 -1.612964
2.037272 1.961423 -1.134178
2.037272 1.961423 -1.134178
2.037272 1.961423 -1.134178
2.037272 1.961423 -1.134178
2.037272 1.961423 -1.134178
2.210481 2.123642 -1.437282
2.210481 2.123642 -1.437282
2.210481 2.123642 -1.437282
2.210481 2.123642 -1.437282
2.210481 2.123642 -1.437282
1.974121 1.661258 -1.103088
1.974121 1.661258 -1.103088
1.974121 1.661258 -1.103088
1.974121 1.661258 -1.103088
1.974121 1.661258 -1.103088
1.974121 1.661258 -1.103088
1.974121 1.661258 -1.103088
1.974121 1.661258 -1.103088
1.974121 1.661258 -1.103088
1.974121 1.661258 -1.103088
1.974121 1.661258 -1.103088
1.974121 1.661258 -1.103088
1.974121 1.661258 -1.103088
2.273278 1.663736 -2.134215
2.273278 1.663736 -2.134215
2.273278 1.663736 -2.134215
2.273278 1.663736 -2.134215
2.273278 1.663736 -2.134215
2.273278 1.663736 -2.134215
2.273278 1.663736 -2.134215
2.448703 2.105452 -1.902461
2.448703 2.105452 -1.902461
2.448703 2.105452 -1.902461
2.448703 2.105452 -1.902461
2.448703 2.105452 -1.902461
2.448703 2.105452 -1.902461
2.448703 2.105452 -1.902461
2.448703 2.105452 -1.902461
2.448703 2.105452 -1.902461
2.448703 2.105452 -1.902461
2.448703 2.105452 -1.902461
2.448703 2.105452 -1.902461
2.448703 2.105452 -1.902461
2.448703 2.105452 -1.902461
2.448703 2.105452 -1.902461
2.448703 2.105452 -1.902461
2.448703 2.105452 -1.902461
2.448703 2.105452 -1.902461
2.448703 2.105452 -1.902461
2.448703 2.105452 -1.902461
2.448703 2.105452 -1.902461
2.448703 2.105452 -1.902461
2.448703 2.105452 -1.902461
2.448703 2.105452 -1.902461
2.076733 1.886312 -1.030035
2.076733 1.886312 -1.030035
2.076733 1.886312 -1.030035
2.076733 1.886312 -1.030035
2.076733 1.886312 -1.030035
2.284149 1.842107 -0.9530374
2.284149 1.842107 -0.9530374
2.284149 1.842107 -0.9530374
2.284149 1.842107 -0.9530374
2.284149 1.842107 -0.9530374
2.284149 1.842107 -0.9530374
2.284149 1.842107 -0.9530374
2.284149 1.842107 -0.9530374
2.284149 1.842107 -0.9530374
2.284149 1.842107 -0.9530374
2.284149 1.842107 -0.9530374
2.284149 1.842107 -0.9530374
2.284149 1.842107 -0.9530374
2.284149 1.842107 -0.9530374
2.284149 1.842107 -0.9530374
2.284149 1.842107 -0.9530374
2.284149 1.842107 -0.9530374
2.284149 1.842107 -0.9530374
2.284149 1.842107 -0.9530374
2.284149 1.842107 -0.9530374
2.284149 1.842107 -0.9530374
2.284149 1.842107 -0.9530374
2.284149 1.842107 -0.9530374
2.284149 1.842107 -0.9530374
2.284149 1.842107 -0.9530374
2.284149 1.842107 -0.9530374
2.284149 1.842107 -0.9530374
2.284149 1.842107 -0.9530374
2.284149 1.842107 -0.9530374
2.284149 1.842107 -0.9530374
2.284149 1.842107 -0.9530374
2.284149 1.842107 -0.9530374
2.284149 1.842107 -0.9530374
2.284149 1.842107 -0.9530374
2.284149 1.842107 -0.9530374
2.284149 1.842107 -0.9530374
2.284149 1.842107 -0.9530374
2.284149 1.842107 -0.9530374
2.284149 1.842107 -0.9530374
2.284149 1.842107 -0.9530374
2.284149 1.842107 -0.9530374
2.284149 1.842107 -0.9530374
2.284149 1.842107 -0.9530374
2.284149 1.842107 -0.9530374
2.284149 1.842107 -0.9530374
2.244358 1.716255 -1.116992
2.244358 1.716255 -1.116992
2.244358 1.716255 -1.116992
2.244358 1.716255 -1.116992
2.244358 1.716255 -1.116992
2.244358 1.716255 -1.116992
2.244358 1.716255 -1.116992
2.228885 2.092936 -1.053312
2.228885 2.092936 -1.053312
2.228885 2.092936 -1.053312
2.228885 2.092936 -1.053312
2.228885 2.092936 -1.053312
2.228885 2.092936 -1.053312
2.228885 2.092936 -1.053312
2.228885 2.092936 -1.053312
2.386786 2.136093 -1.20045
2.386786 2.136093 -1.20045
2.386786 2.136093 -1.20045
2.386786 2.136093 -1.20045
2.386786 2.136093 -1.20045
2.386786 2.136093 -1.20045
2.386786 2.136093 -1.20045
2.386786 2.136093 -1.20045
2.386786 2.136093 -1.20045
2.386786 2.136093 -1.20045
2.386786 2.136093 -1.20045
2.386786 2.136093 -1.20045
2.386786 2.136093 -1.20045
2.386786 2.136093 -1.20045
2.386786 2.136093 -1.20045
2.386786 2.136093 -1.20045
2.386786 2.136093 -1.20045
2.386786 2.136093 -1.20045
2.386786 2.136093 -1.20045
2.386786 2.136093 -1.20045
2.386786 2.136093 -1.20045
2.386786 2.136093 -1.20045
2.386786 2.136093 -1.20045
2.386786 2.136093 -1.20045
2.386786 2.136093 -1.20045
2.386786 2.136093 -1.20045
2.386786 2.136093 -1.20045
2.386786 2.136093 -1.20045
2.386786 2.136093 -1.20045
2.386786 2.136093 -1.20045
2.386786 2.136093 -1.20045
2.386786 2.136093 -1.20045
2.386786 2.136093 -1.20045
2.386786 2.136093 -1.20045
2.386786 2.136093 -1.20045
2.386786 2.136093 -1.20045
2.386786 2.136093 -1.20045
2.386786 2.136093 -1.20045
2.386786 2.136093 -1.20045
2.386786 2.136093 -1.20045
2.386786 2.136093 -1.20045
2.386786 2.136093 -1.20045
2.386786 2.136093 -1.20045
2.386786 2.136093 -1.20045
2.386786 2.136093 -1.20045
2.386786 2.136093 -1.20045
2.386786 2.136093 -1.20045
2.386786 2.136093 -1.20045
2.386786 2.136093 -1.20045
2.386786 2.136093 -1.20045
2.386786 2.136093 -1.20045
2.386786 2.136093 -1.20045
2.386786 2.136093 -1.20045
2.386786 2.136093 -1.20045
2.386786 2.136093 -1.20045
2.386786 2.136093 -1.20045
2.386786 2.136093 -1.20045
2.386786 2.136093 -1.20045
2.590221 2.115761 -1.513211
2.590221 2.115761 -1.513211
2.582862 2.194001 -1.525729
2.582862 2.194001 -1.525729
2.582862 2.194001 -1.525729
2.582862 2.194001 -1.525729
2.582862 2.194001 -1.525729
2.582862 2.194001 -1.525729
2.582862 2.194001 -1.525729
2.582862 2.194001 -1.525729
2.582862 2.194001 -1.525729
2.582862 2.194001 -1.525729
2.582862 2.194001 -1.525729
2.582862 2.194001 -1.525729
2.582862 2.194001 -1.525729
2.582862 2.194001 -1.525729
2.582862 2.194001 -1.525729
2.582862 2.194001 -1.525729
2.582862 2.194001 -1.525729
2.582862 2.194001 -1.525729
2.582862 2.194001 -1.525729
2.582862 2.194001 -1.525729
2.582862 2.194001 -1.525729
2.582862 2.194001 -1.525729
2.582862 2.194001 -1.525729
2.582862 2.194001 -1.525729
2.582862 2.194001 -1.525729
2.582862 2.194001 -1.525729
2.582862 2.194001 -1.525729
2.582862 2.194001 -1.525729
2.582862 2.194001 -1.525729
2.582862 2.194001 -1.525729
2.582862 2.194001 -1.525729
2.582862 2.194001 -1.525729
2.582862 2.194001 -1.525729
2.582862 2.194001 -1.525729
2.582862 2.194001 -1.525729
2.582862 2.194001 -1.525729
2.582862 2.194001 -1.525729
2.582862 2.194001 -1.525729
2.582862 2.194001 -1.525729
2.582862 2.194001 -1.525729
2.582862 2.194001 -1.525729
2.582862 2.194001 -1.525729
2.582862 2.194001 -1.525729
2.582862 2.194001 -1.525729
2.582862 2.194001 -1.525729
2.582862 2.194001 -1.525729
2.582862 2.194001 -1.525729
2.582862 2.194001 -1.525729
2.582862 2.194001 -1.525729
2.582862 2.194001 -1.525729
2.582862 2.194001 -1.525729
2.582862 2.194001 -1.525729
2.582862 2.194001 -1.525729
2.582862 2.194001 -1.525729
2.582862 2.194001 -1.525729
2.582862 2.194001 -1.525729
2.582862 2.194001 -1.525729
2.582862 2.194001 -1.525729
2.582862 2.194001 -1.525729
2.582862 2.194001 -1.525729
2.559633 2.285288 -1.459491
2.559633 2.285288 -1.459491
2.559633 2.285288 -1.459491
2.559633 2.285288 -1.459491
2.559633 2.285288 -1.459491
2.559633 2.285288 -1.459491
2.559633 2.285288 -1.459491
2.559633 2.285288 -1.459491
2.559633 2.285288 -1.459491
2.559633 2.285288 -1.459491
2.559633 2.285288 -1.459491
2.559633 2.285288 -1.459491
2.559633 2.285288 -1.459491
2.559633 2.285288 -1.459491
2.559633 2.285288 -1.459491
2.559633 2.285288 -1.459491
2.559633 2.285288 -1.459491
2.559633 2.285288 -1.459491
2.559633 2.285288 -1.459491
2.559633 2.285288 -1.459491
2.559633 2.285288 -1.459491
2.559633 2.285288 -1.459491
2.559633 2.285288 -1.459491
2.559633 2.285288 -1.459491
2.559633 2.285288 -1.459491
2.559633 2.285288 -1.459491
2.559633 2.285288 -1.459491
2.559633 2.285288 -1.459491
2.559633 2.285288 -1.459491
2.559633 2.285288 -1.459491
2.559633 2.285288 -1.459491
2.559633 2.285288 -1.459491
2.559633 2.285288 -1.459491
2.559633 2.285288 -1.459491
2.559633 2.285288 -1.459491
2.559633 2.285288 -1.459491
2.559633 2.285288 -1.459491
2.559633 2.285288 -1.459491
2.559633 2.285288 -1.459491
2.559633 2.285288 -1.459491
2.559633 2.285288 -1.459491
2.559633 2.285288 -1.459491
2.559633 2.285288 -1.459491
2.559633 2.285288 -1.459491
2.559633 2.285288 -1.459491
2.559633 2.285288 -1.459491
2.559633 2.285288 -1.459491
2.559633 2.285288 -1.459491
2.559633 2.285288 -1.459491
2.559633 2.285288 -1.459491
2.559633 2.285288 -1.459491
2.559633 2.285288 -1.459491
2.559633 2.285288 -1.459491
2.559633 2.285288 -1.459491
2.559633 2.285288 -1.459491
2.559633 2.285288 -1.459491
2.559633 2.285288 -1.459491
2.559633 2.285288 -1.459491
2.559633 2.285288 -1.459491
2.559633 2.285288 -1.459491
2.534017 2.384616 -1.455829
2.534017 2.384616 -1.455829
2.63129 2.216658 -1.708206
2.63129 2.216658 -1.708206
2.63129 2.216658 -1.708206
2.63129 2.216658 -1.708206
2.63129 2.216658 -1.708206
2.63129 2.216658 -1.708206
2.63129 2.216658 -1.708206
2.63129 2.216658 -1.708206
2.63129 2.216658 -1.708206
2.63129 2.216658 -1.708206
2.63129 2.216658 -1.708206
2.63129 2.216658 -1.708206
2.63129 2.216658 -1.708206
2.63129 2.216658 -1.708206
2.63129 2.216658 -1.708206
2.63129 2.216658 -1.708206
2.63129 2.216658 -1.708206
2.63129 2.216658 -1.708206
2.63129 2.216658 -1.708206
2.63129 2.216658 -1.708206
2.63129 2.216658 -1.708206
2.63129 2.216658 -1.708206
2.63129 2.216658 -1.708206
2.63129 2.216658 -1.708206
2.63129 2.216658 -1.708206
2.63129 2.216658 -1.708206
2.63129 2.216658 -1.708206
2.63129 2.216658 -1.708206
2.63129 2.216658 -1.708206
2.63129 2.216658 -1.708206
2.63129 2.216658 -1.708206
2.63129 2.216658 -1.708206
2.63129 2.216658 -1.708206
2.63129 2.216658 -1.708206
2.63129 2.216658 -1.708206
2.63129 2.216658 -1.708206
2.63129 2.216658 -1.708206
2.63129 2.216658 -1.708206
2.63129 2.216658 -1.708206
2.63129 2.216658 -1.708206
2.63129 2.216658 -1.708206
2.63129 2.216658 -1.708206
2.63129 2.216658 -1.708206
2.63129 2.216658 -1.708206
2.63129 2.216658 -1.708206
2.63129 2.216658 -1.708206
2.63129 2.216658 -1.708206
2.63129 2.216658 -1.708206
2.63129 2.216658 -1.708206
2.63129 2.216658 -1.708206
2.63129 2.216658 -1.708206
2.63129 2.216658 -1.708206
2.63129 2.216658 -1.708206
2.63129 2.216658 -1.708206
2.63129 2.216658 -1.708206
2.63129 2.216658 -1.708206
2.63129 2.216658 -1.708206
2.63129 2.216658 -1.708206
2.661319 2.385797 -1.757999
2.661319 2.385797 -1.757999
2.661319 2.385797 -1.757999
2.661319 2.385797 -1.757999
2.661319 2.385797 -1.757999
2.661319 2.385797 -1.757999
2.661319 2.385797 -1.757999
2.661319 2.385797 -1.757999
2.661319 2.385797 -1.757999
2.661319 2.385797 -1.757999
2.661319 2.385797 -1.757999
2.661319 2.385797 -1.757999
2.661319 2.385797 -1.757999
2.661319 2.385797 -1.757999
2.661319 2.385797 -1.757999
2.661319 2.385797 -1.757999
2.661319 2.385797 -1.757999
2.661319 2.385797 -1.757999
2.661319 2.385797 -1.757999
2.661319 2.385797 -1.757999
2.661319 2.385797 -1.757999
2.661319 2.385797 -1.757999
2.661319 2.385797 -1.757999
2.661319 2.385797 -1.757999
2.661319 2.385797 -1.757999
2.661319 2.385797 -1.757999
2.661319 2.385797 -1.757999
2.661319 2.385797 -1.757999
2.661319 2.385797 -1.757999
2.661319 2.385797 -1.757999
2.661319 2.385797 -1.757999
2.661319 2.385797 -1.757999
2.661319 2.385797 -1.757999
2.661319 2.385797 -1.757999
2.661319 2.385797 -1.757999
2.661319 2.385797 -1.757999
2.661319 2.385797 -1.757999
2.661319 2.385797 -1.757999
2.661319 2.385797 -1.757999
2.661319 2.385797 -1.757999
2.661319 2.385797 -1.757999
2.661319 2.385797 -1.757999
2.661319 2.385797 -1.757999
2.661319 2.385797 -1.757999
2.661319 2.385797 -1.757999
2.661319 2.385797 -1.757999
2.661319 2.385797 -1.757999
2.661319 2.385797 -1.757999
2.661319 2.385797 -1.757999
2.661319 2.385797 -1.757999
2.661319 2.385797 -1.757999
2.661319 2.385797 -1.757999
2.661319 2.385797 -1.757999
2.661319 2.385797 -1.757999
2.661319 2.385797 -1.757999
2.661319 2.385797 -1.757999
2.661319 2.385797 -1.757999
2.661319 2.385797 -1.757999
2.661319 2.385797 -1.757999
2.661319 2.385797 -1.757999
2.717033 2.426789 -1.782255
2.717033 2.426789 -1.782255
2.717033 2.426789 -1.782255
2.717033 2.426789 -1.782255
2.717033 2.426789 -1.782255
2.717033 2.426789 -1.782255
2.717033 2.426789 -1.782255
2.717033 2.426789 -1.782255
2.717033 2.426789 -1.782255
2.717033 2.426789 -1.782255
2.717033 2.426789 -1.782255
2.717033 2.426789 -1.782255
2.717033 2.426789 -1.782255
2.717033 2.426789 -1.782255
2.717033 2.426789 -1.782255
2.717033 2.426789 -1.782255
2.717033 2.426789 -1.782255
2.717033 2.426789 -1.782255
2.717033 2.426789 -1.782255
2.717033 2.426789 -1.782255
2.717033 2.426789 -1.782255
2.717033 2.426789 -1.782255
2.717033 2.426789 -1.782255
2.717033 2.426789 -1.782255
2.717033 2.426789 -1.782255
2.717033 2.426789 -1.782255
2.717033 2.426789 -1.782255
2.717033 2.426789 -1.782255
2.717033 2.426789 -1.782255
2.717033 2.426789 -1.782255
2.717033 2.426789 -1.782255
2.717033 2.426789 -1.782255
2.717033 2.426789 -1.782255
2.717033 2.426789 -1.782255
2.717033 2.426789 -1.782255
2.717033 2.426789 -1.782255
2.717033 2.426789 -1.782255
2.717033 2.426789 -1.782255
2.717033 2.426789 -1.782255
2.717033 2.426789 -1.782255
2.717033 2.426789 -1.782255
2.717033 2.426789 -1.782255
2.717033 2.426789 -1.782255
2.717033 2.426789 -1.782255
2.717033 2.426789 -1.782255
2.717033 2.426789 -1.782255
2.717033 2.426789 -1.782255
2.717033 2.426789 -1.782255
2.717033 2.426789 -1.782255
2.717033 2.426789 -1.782255
2.717033 2.426789 -1.782255
2.717033 2.426789 -1.782255
2.717033 2.426789 -1.782255
2.717033 2.426789 -1.782255
2.717033 2.426789 -1.782255
2.717033 2.426789 -1.782255
2.717033 2.426789 -1.782255
2.717033 2.426789 -1.782255
2.717033 2.426789 -1.782255
2.717033 2.426789 -1.782255
2.609196 2.296381 -1.766188
2.609196 2.296381 -1.766188
2.609196 2.296381 -1.766188
2.609196 2.296381 -1.766188
2.609196 2.296381 -1.766188
2.609196 2.296381 -1.766188
2.609196 2.296381 -1.766188
2.609196 2.296381 -1.766188
2.609196 2.296381 -1.766188
2.609196 2.296381 -1.766188
2.609196 2.296381 -1.766188
2.609196 2.296381 -1.766188
2.609196 2.296381 -1.766188
2.609196 2.296381 -1.766188
2.609196 2.296381 -1.766188
2.609196 2.296381 -1.766188
2.609196 2.296381 -1.766188
2.609196 2.296381 -1.766188
2.609196 2.296381 -1.766188
2.609196 2.296381 -1.766188
2.609196 2.296381 -1.766188
2.609196 2.296381 -1.766188
2.609196 2.296381 -1.766188
2.609196 2.296381 -1.766188
2.609196 2.296381 -1.766188
2.609196 2.296381 -1.766188
2.609196 2.296381 -1.766188
2.609196 2.296381 -1.766188
2.609196 2.296381 -1.766188
2.609196 2.296381 -1.766188
2.609196 2.296381 -1.766188
2.609196 2.296381 -1.766188
2.609196 2.296381 -1.766188
2.609196 2.296381 -1.766188
2.609196 2.296381 -1.766188
2.609196 2.296381 -1.766188
2.609196 2.296381 -1.766188
2.609196 2.296381 -1.766188
2.609196 2.296381 -1.766188
2.609196 2.296381 -1.766188
2.609196 2.296381 -1.766188
2.609196 2.296381 -1.766188
2.609196 2.296381 -1.766188
2.609196 2.296381 -1.766188
2.609196 2.296381 -1.766188
2.609196 2.296381 -1.766188
2.609196 2.296381 -1.766188
2.609196 2.296381 -1.766188
2.609196 2.296381 -1.766188
2.609196 2.296381 -1.766188
2.609196 2.296381 -1.766188
2.609196 2.296381 -1.766188
2.609196 2.296381 -1.766188
2.609196 2.296381 -1.766188
2.609196 2.296381 -1.766188
2.609196 2.296381 -1.766188
2.609196 2.296381 -1.766188
2.609196 2.296381 -1.766188
2.609196 2.296381 -1.766188
2.609196 2.296381 -1.766188
2.617589 2.24233 -1.745187
2.617589 2.24233 -1.745187
2.617589 2.24233 -1.745187
2.617589 2.24233 -1.745187
2.617589 2.24233 -1.745187
2.617589 2.24233 -1.745187
2.617589 2.24233 -1.745187
2.617589 2.24233 -1.745187
2.617589 2.24233 -1.745187
2.617589 2.24233 -1.745187
2.617589 2.24233 -1.745187
2.617589 2.24233 -1.745187
2.617589 2.24233 -1.745187
2.617589 2.24233 -1.745187
2.617589 2.24233 -1.745187
2.617589 2.24233 -1.745187
2.617589 2.24233 -1.745187
2.617589 2.24233 -1.745187
2.617589 2.24233 -1.745187
2.617589 2.24233 -1.745187
2.617589 2.24233 -1.745187
2.617589 2.24233 -1.745187
2.617589 2.24233 -1.745187
2.617589 2.24233 -1.745187
2.617589 2.24233 -1.745187
2.617589 2.24233 -1.745187
2.617589 2.24233 -1.745187
2.617589 2.24233 -1.745187
2.617589 2.24233 -1.745187
2.617589 2.24233 -1.745187
2.617589 2.24233 -1.745187
2.617589 2.24233 -1.745187
2.617589 2.24233 -1.745187
2.617589 2.24233 -1.745187
2.617589 2.24233 -1.745187
2.617589 2.24233 -1.745187
2.617589 2.24233 -1.745187
2.617589 2.24233 -1.745187
2.617589 2.24233 -1.745187
2.617589 2.24233 -1.745187
2.617589 2.24233 -1.745187
2.617589 2.24233 -1.745187
2.617589 2.24233 -1.745187
2.617589 2.24233 -1.745187
2.617589 2.24233 -1.745187
2.617589 2.24233 -1.745187
2.617589 2.24233 -1.745187
2.617589 2.24233 -1.745187
2.617589 2.24233 -1.745187
2.617589 2.24233 -1.745187
2.617589 2.24233 -1.745187
2.617589 2.24233 -1.745187
2.617589 2.24233 -1.745187
2.617589 2.24233 -1.745187
2.617589 2.24233 -1.745187
2.617589 2.24233 -1.745187
2.617589 2.24233 -1.745187
2.617589 2.24233 -1.745187
2.617589 2.24233 -1.745187
2.617589 2.24233 -1.745187
