1.003176 0.7066791 0.8926225
1.285993 0.5640434 0.6552335
1.285993 0.5640434 0.6552335
1.217674 0.496831 0.3795804
1.594383 1.107592 -0.05933002
1.183773 0.4875575 0.3696696
1.663164 0.6672179 0.4777982
1.019807 0.6676526 0.1374918
1.45053 0.4254119 0.08942369
1.764932 0.4939596 -0.2875133
1.764932 0.4939596 -0.2875133
1.764932 0.4939596 -0.2875133
2.032522 0.9227717 -0.1997731
1.354096 0.85552 -0.6451972
1.354096 0.85552 -0.6451972
1.523963 0.9492678 -0.6992674
1.523963 0.9492678 -0.6992674
1.523963 0.9492678 -0.6992674
1.626379 0.9747558 -0.2232656
1.626379 0.9747558 -0.2232656
1.626379 0.9747558 -0.2232656
1.730539 1.093734 -0.2765461
1.730539 1.093734 -0.2765461
1.682803 1.764894 -0.2009093
1.782203 1.845806 -0.2549007
1.632186 1.339331 -0.06266446
1.632186 1.339331 -0.06266446
1.474385 0.9641902 -0.4146684
1.474385 0.9641902 -0.4146684
1.577056 1.507226 -0.1508777
1.578503 1.466472 -0.5277592
1.837045 1.882998 -0.269976
1.837045 1.882998 -0.269976
1.89466 1.913518 -0.3390454
1.89466 1.913518 -0.3390454
2.030495 1.762608 -0.6666341
2.104823 1.857041 -0.7141975
2.104823 1.857041 -0.7141975
2.104823 1.857041 -0.7141975
2.190693 1.996055 -0.8231442
2.190693 1.996055 -0.8231442
2.190693 1.996055 -0.8231442
1.674717 1.519417 -1.071061
2.072287 1.87044 -0.5373623
2.232278 1.473455 -1.341443
2.218309 1.674858 -1.352847
2.218309 1.674858 -1.352847
2.218309 1.674858 -1.352847
2.132698 1.917436 -1.030619
2.132698 1.917436 -1.030619
2.132698 1.917436 -1.030619
2.354834 1.928708 -1.143241
2.354834 1.928708 -1.143241
2.354834 1.928708 -1.143241
2.297815 1.992954 -1.329148
2.297815 1.992954 -1.329148
2.297815 1.992954 -1.329148
2.298752 1.712994 -1.097962
2.298752 1.712994 -1.097962
2.298752 1.712994 -1.097962
2.444433 1.778352 -1.380348
2.444433 1.778352 -1.380348
2.360183 1.76241 -1.702538
1.92247 1.71092 -1.572317
2.205776 2.520244 -1.421433
2.242053 1.754663 -1.201247
1.987124 1.756442 -1.123369
2.132811 1.521896 -1.415679
2.132811 1.521896 -1.415679
2.189109 1.325064 -1.777582
2.189109 1.325064 -1.777582
2.139321 1.22508 -1.424187
2.325213 2.0766 -1.296681
2.286597 1.811152 -1.583963
2.286597 1.811152 -1.583963
2.44265 1.835314 -1.66562
2.44265 1.835314 -1.66562
2.44265 1.835314 -1.66562
2.458855 1.939686 -1.667335
2.458855 1.939686 -1.667335
2.393457 2.083593 -1.532786
2.377944 2.188575 -1.462075
2.377944 2.188575 -1.462075
2.377944 2.188575 -1.462075
2.359046 2.292016 -1.45891
2.359046 2.292016 -1.45891
2.359046 2.292016 -1.45891
2.407642 2.451293 -1.543097
2.407642 2.451293 -1.543097
2.407642 2.451293 -1.543097
2.490137 2.485699 -1.587655
2.490137 2.485699 -1.587655
2.490137 2.485699 -1.587655
2.367901 2.360757 -1.557749
2.367901 2.360757 -1.557749
2.367901 2.360757 -1.557749
2.374668 2.304126 -1.52617
2.374668 2.304126 -1.52617
2.374668 2.304126 -1.52617
