-0.1224436 -0.2021333 0.1516102
1.399523 -1.494034 0.3525368
1.539263 -0.7696501 -0.1488711
1.539263 -0.7696501 -0.1488711
1.539263 -0.7696501 -0.1488711
1.539263 -0.7696501 -0.1488711
1.539263 -0.7696501 -0.1488711
1.539263 -0.7696501 -0.1488711
1.539263 -0.7696501 -0.1488711
1.331873 0.6980366 -1.62463
1.331873 0.6980366 -1.62463
1.331873 0.6980366 -1.62463
1.331873 0.6980366 -1.62463
1.331873 0.6980366 -1.62463
1.331873 0.6980366 -1.62463
1.331873 0.6980366 -1.62463
1.331873 0.6980366 -1.62463
1.331873 0.6980366 -1.62463
1.331873 0.6980366 -1.62463
1.331873 0.6980366 -1.62463
1.331873 0.6980366 -1.62463
1.331873 0.6980366 -1.62463
2.023096 1.082826 -1.259693
2.023096 1.082826 -1.259693
2.023096 1.082826 -1.259693
2.023096 1.082826 -1.259693
2.023096 1.082826 -1.259693
2.023096 1.082826 -1.259693
2.023096 1.082826 -1.259693
2.023096 1.082826 -1.259693
1.541811 0.8371651 -1.366957
1.5657 1.293392 -0.2825861
1.5657 1.293392 -0.2825861
1.5657 1.293392 -0.2825861
1.5657 1.293392 -0.2825861
1.5657 1.293392 -0.2825861
1.623696 0.7961013 -0.9512855
1.623696 0.7961013 -0.9512855
1.623696 0.7961013 -0.9512855
1.623696 0.7961013 -0.9512855
1.623696 0.7961013 -0.9512855
1.623696 0.7961013 -0.9512855
1.623696 0.7961013 -0.9512855
1.623696 0.7961013 -0.9512855
1.623696 0.7961013 -0.9512855
1.623696 0.7961013 -0.9512855
1.623696 0.7961013 -0.9512855
1.623696 0.7961013 -0.9512855
1.623696 0.7961013 -0.9512855
1.623696 0.7961013 -0.9512855
1.623696 0.7961013 -0.9512855
1.623696 0.7961013 -0.9512855
1.623696 0.7961013 -0.9512855
1.623696 0.7961013 -0.9512855
1.623696 0.7961013 -0.9512855
1.623696 0.7961013 -0.9512855
1.623696 0.7961013 -0.9512855
1.623696 0.7961013 -0.9512855
1.623696 0.7961013 -0.9512855
1.623696 0.7961013 -0.9512855
1.666422 -0.5507147 0.3379855
1.969095 0.9064386 0.1204349
1.969095 0.9064386 0.1204349
1.969095 0.9064386 0.1204349
1.969095 0.9064386 0.1204349
1.969095 0.9064386 0.1204349
1.969095 0.9064386 0.1204349
1.969095 0.9064386 0.1204349
1.969095 0.9064386 0.1204349
1.969095 0.9064386 0.1204349
1.969095 0.9064386 0.1204349
1.969095 0.9064386 0.1204349
1.969095 0.9064386 0.1204349
1.969095 0.9064386 0.1204349
1.969095 0.9064386 0.1204349
1.969095 0.9064386 0.1204349
1.969095 0.9064386 0.1204349
1.969095 0.9064386 0.1204349
1.969095 0.9064386 0.1204349
1.969095 0.9064386 0.1204349
1.969095 0.9064386 0.1204349
1.391763 1.00036 -0.1225098
1.391763 1.00036 -0.1225098
1.391763 1.00036 -0.1225098
1.391763 1.00036 -0.1225098
1.391763 1.00036 -0.1225098
1.391763 1.00036 -0.1225098
1.391763 1.00036 -0.1225098
1.391763 1.00036 -0.1225098
1.391763 1.00036 -0.1225098
1.391763 1.00036 -0.1225098
1.391763 1.00036 -0.1225098
1.391763 1.00036 -0.1225098
1.391763 1.00036 -0.1225098
1.391763 1.00036 -0.1225098
1.391763 1.00036 -0.1225098
1.391763 1.00036 -0.1225098
1.391763 1.00036 -0.1225098
1.391763 1.00036 -0.1225098
1.391763 1.00036 -0.1225098
1.391763 1.00036 -0.1225098
1.391763 1.00036 -0.1225098
1.391763 1.00036 -0.1225098
1.391763 1.00036 -0.1225098
1.391763 1.00036 -0.1225098
1.391763 1.00036 -0.1225098
1.391763 1.00036 -0.1225098
1.391763 1.00036 -0.1225098
1.391763 1.00036 -0.1225098
1.391763 1.00036 -0.1225098
1.391763 1.00036 -0.1225098
1.391763 1.00036 -0.1225098
1.391763 1.00036 -0.1225098
1.391763 1.00036 -0.1225098
1.391763 1.00036 -0.1225098
1.391763 1.00036 -0.1225098
1.391763 1.00036 -0.1225098
1.391763 1.00036 -0.1225098
1.391763 1.00036 -0.1225098
1.391763 1.00036 -0.1225098
1.709429 1.100491 -0.1219657
1.709429 1.100491 -0.1219657
1.709429 1.100491 -0.1219657
1.709429 1.100491 -0.1219657
1.709429 1.100491 -0.1219657
1.709429 1.100491 -0.1219657
1.709429 1.100491 -0.1219657
1.709429 1.100491 -0.1219657
1.709429 1.100491 -0.1219657
1.709429 1.100491 -0.1219657
1.709429 1.100491 -0.1219657
1.709429 1.100491 -0.1219657
1.494156 1.355658 -0.2326273
1.494156 1.355658 -0.2326273
1.494156 1.355658 -0.2326273
1.494156 1.355658 -0.2326273
1.494156 1.355658 -0.2326273
1.494156 1.355658 -0.2326273
1.494156 1.355658 -0.2326273
1.494156 1.355658 -0.2326273
1.494156 1.355658 -0.2326273
1.494156 1.355658 -0.2326273
1.494156 1.355658 -0.2326273
1.494156 1.355658 -0.2326273
1.494156 1.355658 -0.2326273
1.494156 1.355658 -0.2326273
1.494156 1.355658 -0.2326273
1.494156 1.355658 -0.2326273
1.494156 1.355658 -0.2326273
1.513455 0.9158505 0.2273968
1.513455 0.9158505 0.2273968
1.513455 0.9158505 0.2273968
1.513455 0.9158505 0.2273968
1.513455 0.9158505 0.2273968
1.513455 0.9158505 0.2273968
1.345266 0.2513879 -0.2641037
1.345266 0.2513879 -0.2641037
1.345266 0.2513879 -0.2641037
1.345266 0.2513879 -0.2641037
1.345266 0.2513879 -0.2641037
1.345266 0.2513879 -0.2641037
1.345266 0.2513879 -0.2641037
1.345266 0.2513879 -0.2641037
1.345266 0.2513879 -0.2641037
1.345266 0.2513879 -0.2641037
1.345266 0.2513879 -0.2641037
1.345266 0.2513879 -0.2641037
1.545684 0.3516925 -0.07026871
1.545684 0.3516925 -0.07026871
1.545684 0.3516925 -0.07026871
1.545684 0.3516925 -0.07026871
1.545684 0.3516925 -0.07026871
1.545684 0.3516925 -0.07026871
1.545684 0.3516925 -0.07026871
1.545684 0.3516925 -0.07026871
1.545684 0.3516925 -0.07026871
1.545684 0.3516925 -0.07026871
1.545684 0.3516925 -0.07026871
1.545684 0.3516925 -0.07026871
1.545684 0.3516925 -0.07026871
1.785133 0.4725089 -0.08546312
1.785133 0.4725089 -0.08546312
1.785133 0.4725089 -0.08546312
1.785133 0.4725089 -0.08546312
1.47895 0.6057858 -0.6860951
1.47895 0.6057858 -0.6860951
1.554465 0.6138808 -0.5371276
1.554465 0.6138808 -0.5371276
1.554465 0.6138808 -0.5371276
1.554465 0.6138808 -0.5371276
1.554465 0.6138808 -0.5371276
1.554465 0.6138808 -0.5371276
1.554465 0.6138808 -0.5371276
1.554465 0.6138808 -0.5371276
1.554465 0.6138808 -0.5371276
1.554465 0.6138808 -0.5371276
1.554465 0.6138808 -0.5371276
1.554465 0.6138808 -0.5371276
1.554465 0.6138808 -0.5371276
1.554465 0.6138808 -0.5371276
1.554465 0.6138808 -0.5371276
1.554465 0.6138808 -0.5371276
1.554465 0.6138808 -0.5371276
1.554465 0.6138808 -0.5371276
1.554465 0.6138808 -0.5371276
1.554465 0.6138808 -0.5371276
1.554465 0.6138808 -0.5371276
1.554465 0.6138808 -0.5371276
1.554465 0.6138808 -0.5371276
1.554465 0.6138808 -0.5371276
1.554465 0.6138808 -0.5371276
1.554465 0.6138808 -0.5371276
1.554465 0.6138808 -0.5371276
1.554465 0.6138808 -0.5371276
1.554465 0.6138808 -0.5371276
1.554465 0.6138808 -0.5371276
1.554465 0.6138808 -0.5371276
1.554465 0.6138808 -0.5371276
1.554465 0.6138808 -0.5371276
1.554465 0.6138808 -0.5371276
1.554465 0.6138808 -0.5371276
1.554465 0.6138808 -0.5371276
1.554465 0.6138808 -0.5371276
1.554465 0.6138808 -0.5371276
1.554465 0.6138808 -0.5371276
1.554465 0.6138808 -0.5371276
1.554465 0.6138808 -0.5371276
1.554465 0.6138808 -0.5371276
1.554465 0.6138808 -0.5371276
1.554465 0.6138808 -0.5371276
1.554465 0.6138808 -0.5371276
1.554465 0.6138808 -0.5371276
1.554465 0.6138808 -0.5371276
1.554465 0.6138808 -0.5371276
1.554465 0.6138808 -0.5371276
1.434973 0.7151847 -0.0450597
1.434973 0.7151847 -0.0450597
1.434973 0.7151847 -0.0450597
1.434973 0.7151847 -0.0450597
1.434973 0.7151847 -0.0450597
1.621777 0.8095605 -0.09657565
1.621777 0.8095605 -0.09657565
1.621777 0.8095605 -0.09657565
1.621777 0.8095605 -0.09657565
1.621777 0.8095605 -0.09657565
1.621777 0.8095605 -0.09657565
1.621777 0.8095605 -0.09657565
1.621777 0.8095605 -0.09657565
1.621777 0.8095605 -0.09657565
1.621777 0.8095605 -0.09657565
1.621777 0.8095605 -0.09657565
1.621777 0.8095605 -0.09657565
1.621777 0.8095605 -0.09657565
1.621777 0.8095605 -0.09657565
1.621777 0.8095605 -0.09657565
1.621777 0.8095605 -0.09657565
1.621777 0.8095605 -0.09657565
1.621777 0.8095605 -0.09657565
1.621777 0.8095605 -0.09657565
1.621777 0.8095605 -0.09657565
1.621777 0.8095605 -0.09657565
1.621777 0.8095605 -0.09657565
1.621777 0.8095605 -0.09657565
1.621777 0.8095605 -0.09657565
1.621777 0.8095605 -0.09657565
1.621777 0.8095605 -0.09657565
1.621777 0.8095605 -0.09657565
1.621777 0.8095605 -0.09657565
1.621777 0.8095605 -0.09657565
1.621777 0.8095605 -0.09657565
1.496019 0.8599391 -0.7911299
1.496019 0.8599391 -0.7911299
1.496019 0.8599391 -0.7911299
1.496019 0.8599391 -0.7911299
1.496019 0.8599391 -0.7911299
1.496019 0.8599391 -0.7911299
1.496019 0.8599391 -0.7911299
1.496019 0.8599391 -0.7911299
1.496019 0.8599391 -0.7911299
1.496019 0.8599391 -0.7911299
1.646048 0.8230046 -0.4583586
1.646048 0.8230046 -0.4583586
1.646048 0.8230046 -0.4583586
1.646048 0.8230046 -0.4583586
1.646048 0.8230046 -0.4583586
1.646048 0.8230046 -0.4583586
1.646048 0.8230046 -0.4583586
1.646048 0.8230046 -0.4583586
1.646048 0.8230046 -0.4583586
1.646048 0.8230046 -0.4583586
1.646048 0.8230046 -0.4583586
1.646048 0.8230046 -0.4583586
1.646048 0.8230046 -0.4583586
1.646048 0.8230046 -0.4583586
1.646048 0.8230046 -0.4583586
1.646048 0.8230046 -0.4583586
1.646048 0.8230046 -0.4583586
1.646048 0.8230046 -0.4583586
1.646048 0.8230046 -0.4583586
1.646048 0.8230046 -0.4583586
1.794219 0.9380255 -0.5292411
1.794219 0.9380255 -0.5292411
1.794219 0.9380255 -0.5292411
1.794219 0.9380255 -0.5292411
1.794219 0.9380255 -0.5292411
1.794219 0.9380255 -0.5292411
1.794219 0.9380255 -0.5292411
1.794219 0.9380255 -0.5292411
1.794219 0.9380255 -0.5292411
1.794219 0.9380255 -0.5292411
1.794219 0.9380255 -0.5292411
1.794219 0.9380255 -0.5292411
1.794219 0.9380255 -0.5292411
1.794219 0.9380255 -0.5292411
1.794219 0.9380255 -0.5292411
1.794219 0.9380255 -0.5292411
1.794219 0.9380255 -0.5292411
1.794219 0.9380255 -0.5292411
1.794219 0.9380255 -0.5292411
1.794219 0.9380255 -0.5292411
1.794219 0.9380255 -0.5292411
1.794219 0.9380255 -0.5292411
1.794219 0.9380255 -0.5292411
1.794219 0.9380255 -0.5292411
1.794219 0.9380255 -0.5292411
1.794219 0.9380255 -0.5292411
1.794219 0.9380255 -0.5292411
1.794219 0.9380255 -0.5292411
1.794219 0.9380255 -0.5292411
1.794219 0.9380255 -0.5292411
1.794219 0.9380255 -0.5292411
1.794219 0.9380255 -0.5292411
1.794219 0.9380255 -0.5292411
1.794219 0.9380255 -0.5292411
1.794219 0.9380255 -0.5292411
1.794219 0.9380255 -0.5292411
1.794219 0.9380255 -0.5292411
1.794219 0.9380255 -0.5292411
1.794219 0.9380255 -0.5292411
1.794219 0.9380255 -0.5292411
1.794219 0.9380255 -0.5292411
1.794219 0.9380255 -0.5292411
1.794219 0.9380255 -0.5292411
1.794219 0.9380255 -0.5292411
1.794219 0.9380255 -0.5292411
1.794219 0.9380255 -0.5292411
1.794219 0.9380255 -0.5292411
1.794219 0.9380255 -0.5292411
1.794219 0.9380255 -0.5292411
1.794219 0.9380255 -0.5292411
1.794219 0.9380255 -0.5292411
1.794219 0.9380255 -0.5292411
1.794219 0.9380255 -0.5292411
1.794219 0.9380255 -0.5292411
1.794219 0.9380255 -0.5292411
1.794219 0.9380255 -0.5292411
1.794219 0.9380255 -0.5292411
1.794219 0.9380255 -0.5292411
1.794219 0.9380255 -0.5292411
1.794219 0.9380255 -0.5292411
1.89936 1.06307 -0.5833662
1.89936 1.06307 -0.5833662
1.89936 1.06307 -0.5833662
1.89936 1.06307 -0.5833662
1.89936 1.06307 -0.5833662
1.89936 1.06307 -0.5833662
1.89936 1.06307 -0.5833662
1.89936 1.06307 -0.5833662
1.89936 1.06307 -0.5833662
1.89936 1.06307 -0.5833662
1.89936 1.06307 -0.5833662
1.89936 1.06307 -0.5833662
1.89936 1.06307 -0.5833662
1.89936 1.06307 -0.5833662
1.89936 1.06307 -0.5833662
1.89936 1.06307 -0.5833662
1.89936 1.06307 -0.5833662
1.89936 1.06307 -0.5833662
1.89936 1.06307 -0.5833662
1.89936 1.06307 -0.5833662
1.89936 1.06307 -0.5833662
1.89936 1.06307 -0.5833662
1.89936 1.06307 -0.5833662
1.89936 1.06307 -0.5833662
1.89936 1.06307 -0.5833662
1.89936 1.06307 -0.5833662
1.89936 1.06307 -0.5833662
1.89936 1.06307 -0.5833662
1.89936 1.06307 -0.5833662
1.89936 1.06307 -0.5833662
1.89936 1.06307 -0.5833662
1.89936 1.06307 -0.5833662
1.89936 1.06307 -0.5833662
1.89936 1.06307 -0.5833662
1.89936 1.06307 -0.5833662
1.89936 1.06307 -0.5833662
1.89936 1.06307 -0.5833662
1.89936 1.06307 -0.5833662
1.89936 1.06307 -0.5833662
1.89936 1.06307 -0.5833662
1.89936 1.06307 -0.5833662
1.89936 1.06307 -0.5833662
1.89936 1.06307 -0.5833662
1.89936 1.06307 -0.5833662
1.89936 1.06307 -0.5833662
1.89936 1.06307 -0.5833662
1.89936 1.06307 -0.5833662
1.89936 1.06307 -0.5833662
1.89936 1.06307 -0.5833662
1.89936 1.06307 -0.5833662
1.89936 1.06307 -0.5833662
1.89936 1.06307 -0.5833662
1.89936 1.06307 -0.5833662
1.89936 1.06307 -0.5833662
1.89936 1.06307 -0.5833662
1.89936 1.06307 -0.5833662
1.89936 1.06307 -0.5833662
1.89936 1.06307 -0.5833662
1.89936 1.06307 -0.5833662
1.89936 1.06307 -0.5833662
1.99769 1.148583 -0.6187339
1.99769 1.148583 -0.6187339
1.99769 1.148583 -0.6187339
1.99769 1.148583 -0.6187339
1.825412 1.1222 -0.890565
1.825412 1.1222 -0.890565
1.825412 1.1222 -0.890565
1.825412 1.1222 -0.890565
1.825412 1.1222 -0.890565
1.825412 1.1222 -0.890565
1.825412 1.1222 -0.890565
1.825412 1.1222 -0.890565
1.825412 1.1222 -0.890565
1.825412 1.1222 -0.890565
1.825412 1.1222 -0.890565
1.825412 1.1222 -0.890565
1.825412 1.1222 -0.890565
1.825412 1.1222 -0.890565
1.825412 1.1222 -0.890565
1.825412 1.1222 -0.890565
1.825412 1.1222 -0.890565
1.825412 1.1222 -0.890565
1.825412 1.1222 -0.890565
1.699079 1.407505 -0.2643107
1.699079 1.407505 -0.2643107
1.699079 1.407505 -0.2643107
1.593106 0.8618937 -0.4008331
1.593106 0.8618937 -0.4008331
1.593106 0.8618937 -0.4008331
1.593106 0.8618937 -0.4008331
1.593106 0.8618937 -0.4008331
1.593106 0.8618937 -0.4008331
1.593106 0.8618937 -0.4008331
1.593106 0.8618937 -0.4008331
1.593106 0.8618937 -0.4008331
1.593106 0.8618937 -0.4008331
1.593106 0.8618937 -0.4008331
1.593106 0.8618937 -0.4008331
1.593106 0.8618937 -0.4008331
1.593106 0.8618937 -0.4008331
1.593106 0.8618937 -0.4008331
1.593106 0.8618937 -0.4008331
1.593106 0.8618937 -0.4008331
1.593106 0.8618937 -0.4008331
1.593106 0.8618937 -0.4008331
1.593106 0.8618937 -0.4008331
1.593106 0.8618937 -0.4008331
1.593106 0.8618937 -0.4008331
1.593106 0.8618937 -0.4008331
1.593106 0.8618937 -0.4008331
1.593106 0.8618937 -0.4008331
1.97809 1.843573 -0.9534959
1.97809 1.843573 -0.9534959
1.97809 1.843573 -0.9534959
1.97809 1.843573 -0.9534959
1.97809 1.843573 -0.9534959
1.97809 1.843573 -0.9534959
1.97809 1.843573 -0.9534959
1.97809 1.843573 -0.9534959
1.97809 1.843573 -0.9534959
2.071667 1.93559 -1.019534
2.071667 1.93559 -1.019534
2.071667 1.93559 -1.019534
2.071667 1.93559 -1.019534
2.071667 1.93559 -1.019534
2.071667 1.93559 -1.019534
2.071667 1.93559 -1.019534
2.071667 1.93559 -1.019534
2.071667 1.93559 -1.019534
2.071667 1.93559 -1.019534
2.071667 1.93559 -1.019534
2.071667 1.93559 -1.019534
2.071667 1.93559 -1.019534
2.071667 1.93559 -1.019534
2.071667 1.93559 -1.019534
2.071667 1.93559 -1.019534
2.071667 1.93559 -1.019534
2.071667 1.93559 -1.019534
2.071667 1.93559 -1.019534
2.071667 1.93559 -1.019534
2.071667 1.93559 -1.019534
2.071667 1.93559 -1.019534
2.071667 1.93559 -1.019534
2.071667 1.93559 -1.019534
2.071667 1.93559 -1.019534
2.071667 1.93559 -1.019534
2.071667 1.93559 -1.019534
2.071667 1.93559 -1.019534
2.071667 1.93559 -1.019534
2.071667 1.93559 -1.019534
2.071667 1.93559 -1.019534
2.071667 1.93559 -1.019534
2.071667 1.93559 -1.019534
2.071667 1.93559 -1.019534
2.071667 1.93559 -1.019534
1.899836 1.330267 -1.018268
1.899836 1.330267 -1.018268
1.899836 1.330267 -1.018268
1.899836 1.330267 -1.018268
1.899836 1.330267 -1.018268
1.899836 1.330267 -1.018268
1.899836 1.330267 -1.018268
1.899836 1.330267 -1.018268
1.899836 1.330267 -1.018268
1.899836 1.330267 -1.018268
1.899836 1.330267 -1.018268
1.667974 1.29076 -0.5437211
1.667974 1.29076 -0.5437211
1.667974 1.29076 -0.5437211
1.667974 1.29076 -0.5437211
1.667974 1.29076 -0.5437211
1.667974 1.29076 -0.5437211
1.667974 1.29076 -0.5437211
1.667974 1.29076 -0.5437211
1.667974 1.29076 -0.5437211
1.667974 1.29076 -0.5437211
1.667974 1.29076 -0.5437211
1.667974 1.29076 -0.5437211
1.667974 1.29076 -0.5437211
1.667974 1.29076 -0.5437211
1.749228 1.399176 -0.590298
1.749228 1.399176 -0.590298
1.749228 1.399176 -0.590298
1.749228 1.399176 -0.590298
1.749228 1.399176 -0.590298
1.749228 1.399176 -0.590298
1.749228 1.399176 -0.590298
1.749228 1.399176 -0.590298
1.749228 1.399176 -0.590298
1.749228 1.399176 -0.590298
1.749228 1.399176 -0.590298
1.749228 1.399176 -0.590298
1.749228 1.399176 -0.590298
1.749228 1.399176 -0.590298
1.749228 1.399176 -0.590298
1.749228 1.399176 -0.590298
1.749228 1.399176 -0.590298
1.749228 1.399176 -0.590298
1.749228 1.399176 -0.590298
1.749228 1.399176 -0.590298
1.749228 1.399176 -0.590298
1.749228 1.399176 -0.590298
1.749228 1.399176 -0.590298
1.749228 1.399176 -0.590298
1.749228 1.399176 -0.590298
1.749228 1.399176 -0.590298
1.749228 1.399176 -0.590298
1.749228 1.399176 -0.590298
1.749228 1.399176 -0.590298
1.749228 1.399176 -0.590298
1.749228 1.399176 -0.590298
1.749228 1.399176 -0.590298
1.749228 1.399176 -0.590298
1.749228 1.399176 -0.590298
1.749228 1.399176 -0.590298
1.749228 1.399176 -0.590298
1.749228 1.399176 -0.590298
1.749228 1.399176 -0.590298
1.749228 1.399176 -0.590298
1.749228 1.399176 -0.590298
1.749228 1.399176 -0.590298
1.749228 1.399176 -0.590298
1.749228 1.399176 -0.590298
1.749228 1.399176 -0.590298
1.749228 1.399176 -0.590298
1.749228 1.399176 -0.590298
1.749228 1.399176 -0.590298
1.749228 1.399176 -0.590298
1.749228 1.399176 -0.590298
1.749228 1.399176 -0.590298
1.749228 1.399176 -0.590298
1.749228 1.399176 -0.590298
1.749228 1.399176 -0.590298
1.749228 1.399176 -0.590298
1.749228 1.399176 -0.590298
1.749228 1.399176 -0.590298
1.749228 1.399176 -0.590298
1.749228 1.399176 -0.590298
1.749228 1.399176 -0.590298
1.749228 1.399176 -0.590298
1.737764 1.220848 -0.4380763
1.737764 1.220848 -0.4380763
1.737764 1.220848 -0.4380763
1.737764 1.220848 -0.4380763
1.737764 1.220848 -0.4380763
1.737764 1.220848 -0.4380763
1.737764 1.220848 -0.4380763
1.737764 1.220848 -0.4380763
1.737764 1.220848 -0.4380763
1.737764 1.220848 -0.4380763
1.737764 1.220848 -0.4380763
1.737764 1.220848 -0.4380763
1.737764 1.220848 -0.4380763
1.853183 1.852107 -0.3638441
1.853183 1.852107 -0.3638441
1.853183 1.852107 -0.3638441
1.853183 1.852107 -0.3638441
1.853183 1.852107 -0.3638441
1.853183 1.852107 -0.3638441
1.853183 1.852107 -0.3638441
1.853183 1.852107 -0.3638441
1.853183 1.852107 -0.3638441
1.853183 1.852107 -0.3638441
1.853183 1.852107 -0.3638441
1.853183 1.852107 -0.3638441
2.089686 1.483398 -0.5580048
2.089686 1.483398 -0.5580048
2.089686 1.483398 -0.5580048
2.089686 1.483398 -0.5580048
2.089686 1.483398 -0.5580048
2.089686 1.483398 -0.5580048
2.089686 1.483398 -0.5580048
2.089686 1.483398 -0.5580048
2.089686 1.483398 -0.5580048
2.089686 1.483398 -0.5580048
2.089686 1.483398 -0.5580048
2.089686 1.483398 -0.5580048
2.089686 1.483398 -0.5580048
2.089686 1.483398 -0.5580048
2.089686 1.483398 -0.5580048
2.089686 1.483398 -0.5580048
2.089686 1.483398 -0.5580048
2.089686 1.483398 -0.5580048
2.089686 1.483398 -0.5580048
2.089686 1.483398 -0.5580048
1.634261 1.562598 -0.6574641
1.634261 1.562598 -0.6574641
1.634261 1.562598 -0.6574641
1.634261 1.562598 -0.6574641
1.634261 1.562598 -0.6574641
1.634261 1.562598 -0.6574641
1.634261 1.562598 -0.6574641
1.634261 1.562598 -0.6574641
1.634261 1.562598 -0.6574641
1.634261 1.562598 -0.6574641
1.634261 1.562598 -0.6574641
1.634261 1.562598 -0.6574641
1.634261 1.562598 -0.6574641
1.634261 1.562598 -0.6574641
1.634261 1.562598 -0.6574641
1.722885 1.67709 -0.6969827
1.722885 1.67709 -0.6969827
1.722885 1.67709 -0.6969827
1.722885 1.67709 -0.6969827
1.722885 1.67709 -0.6969827
1.722885 1.67709 -0.6969827
1.722885 1.67709 -0.6969827
1.722885 1.67709 -0.6969827
1.722885 1.67709 -0.6969827
1.722885 1.67709 -0.6969827
1.722885 1.67709 -0.6969827
1.722885 1.67709 -0.6969827
1.722885 1.67709 -0.6969827
1.722885 1.67709 -0.6969827
1.722885 1.67709 -0.6969827
1.722885 1.67709 -0.6969827
1.722885 1.67709 -0.6969827
1.722885 1.67709 -0.6969827
1.722885 1.67709 -0.6969827
1.722885 1.67709 -0.6969827
1.722885 1.67709 -0.6969827
1.722885 1.67709 -0.6969827
1.722885 1.67709 -0.6969827
1.722885 1.67709 -0.6969827
1.722885 1.67709 -0.6969827
1.722885 1.67709 -0.6969827
1.722885 1.67709 -0.6969827
1.722885 1.67709 -0.6969827
1.722885 1.67709 -0.6969827
1.722885 1.67709 -0.6969827
1.722885 1.67709 -0.6969827
1.722885 1.67709 -0.6969827
1.722885 1.67709 -0.6969827
1.722885 1.67709 -0.6969827
1.722885 1.67709 -0.6969827
1.722885 1.67709 -0.6969827
1.722885 1.67709 -0.6969827
1.722885 1.67709 -0.6969827
1.722885 1.67709 -0.6969827
1.722885 1.67709 -0.6969827
1.722885 1.67709 -0.6969827
1.722885 1.67709 -0.6969827
1.722885 1.67709 -0.6969827
1.722885 1.67709 -0.6969827
1.722885 1.67709 -0.6969827
1.722885 1.67709 -0.6969827
1.722885 1.67709 -0.6969827
1.722885 1.67709 -0.6969827
1.722885 1.67709 -0.6969827
1.722885 1.67709 -0.6969827
1.722885 1.67709 -0.6969827
1.722885 1.67709 -0.6969827
1.722885 1.67709 -0.6969827
1.722885 1.67709 -0.6969827
1.722885 1.67709 -0.6969827
1.722885 1.67709 -0.6969827
1.722885 1.67709 -0.6969827
1.722885 1.67709 -0.6969827
1.722885 1.67709 -0.6969827
1.722885 1.67709 -0.6969827
1.832748 1.850366 -0.7789311
1.832748 1.850366 -0.7789311
1.832748 1.850366 -0.7789311
1.832748 1.850366 -0.7789311
1.832748 1.850366 -0.7789311
1.832748 1.850366 -0.7789311
1.832748 1.850366 -0.7789311
1.832748 1.850366 -0.7789311
1.832748 1.850366 -0.7789311
1.832748 1.850366 -0.7789311
1.832748 1.850366 -0.7789311
1.832748 1.850366 -0.7789311
1.832748 1.850366 -0.7789311
1.832748 1.850366 -0.7789311
1.832748 1.850366 -0.7789311
1.832748 1.850366 -0.7789311
1.832748 1.850366 -0.7789311
1.832748 1.850366 -0.7789311
1.832748 1.850366 -0.7789311
1.832748 1.850366 -0.7789311
1.832748 1.850366 -0.7789311
1.832748 1.850366 -0.7789311
1.832748 1.850366 -0.7789311
1.832748 1.850366 -0.7789311
1.832748 1.850366 -0.7789311
1.832748 1.850366 -0.7789311
1.832748 1.850366 -0.7789311
1.832748 1.850366 -0.7789311
1.832748 1.850366 -0.7789311
1.832748 1.850366 -0.7789311
1.832748 1.850366 -0.7789311
1.832748 1.850366 -0.7789311
1.832748 1.850366 -0.7789311
1.832748 1.850366 -0.7789311
1.832748 1.850366 -0.7789311
1.832748 1.850366 -0.7789311
1.832748 1.850366 -0.7789311
1.832748 1.850366 -0.7789311
1.832748 1.850366 -0.7789311
1.832748 1.850366 -0.7789311
1.832748 1.850366 -0.7789311
1.832748 1.850366 -0.7789311
1.832748 1.850366 -0.7789311
1.832748 1.850366 -0.7789311
1.832748 1.850366 -0.7789311
1.832748 1.850366 -0.7789311
1.832748 1.850366 -0.7789311
1.832748 1.850366 -0.7789311
1.832748 1.850366 -0.7789311
1.832748 1.850366 -0.7789311
1.853291 1.771012 -0.4142717
1.853291 1.771012 -0.4142717
1.853291 1.771012 -0.4142717
1.853291 1.771012 -0.4142717
1.853291 1.771012 -0.4142717
1.853291 1.771012 -0.4142717
1.853291 1.771012 -0.4142717
1.853291 1.771012 -0.4142717
1.853291 1.771012 -0.4142717
1.853291 1.771012 -0.4142717
1.971064 1.912403 -0.4398259
1.971064 1.912403 -0.4398259
1.971064 1.912403 -0.4398259
1.971064 1.912403 -0.4398259
1.971064 1.912403 -0.4398259
1.971064 1.912403 -0.4398259
1.971064 1.912403 -0.4398259
1.971064 1.912403 -0.4398259
1.971064 1.912403 -0.4398259
1.971064 1.912403 -0.4398259
1.971064 1.912403 -0.4398259
1.971064 1.912403 -0.4398259
1.971064 1.912403 -0.4398259
1.971064 1.912403 -0.4398259
1.971064 1.912403 -0.4398259
1.971064 1.912403 -0.4398259
1.971064 1.912403 -0.4398259
1.971064 1.912403 -0.4398259
1.971064 1.912403 -0.4398259
2.092071 2.089663 -1.237915
2.092071 2.089663 -1.237915
2.092071 2.089663 -1.237915
2.092071 2.089663 -1.237915
2.092071 2.089663 -1.237915
2.092071 2.089663 -1.237915
2.092071 2.089663 -1.237915
2.092071 2.089663 -1.237915
2.092071 2.089663 -1.237915
2.092071 2.089663 -1.237915
2.092071 2.089663 -1.237915
2.092071 2.089663 -1.237915
1.943417 1.897322 -1.116248
1.943417 1.897322 -1.116248
1.943417 1.897322 -1.116248
1.943417 1.897322 -1.116248
1.943417 1.897322 -1.116248
1.943417 1.897322 -1.116248
1.943417 1.897322 -1.116248
1.943417 1.897322 -1.116248
1.943417 1.897322 -1.116248
1.943417 1.897322 -1.116248
1.943417 1.897322 -1.116248
1.943417 1.897322 -1.116248
1.943417 1.897322 -1.116248
1.943417 1.897322 -1.116248
1.943417 1.897322 -1.116248
1.943417 1.897322 -1.116248
1.943417 1.897322 -1.116248
1.943417 1.897322 -1.116248
1.943417 1.897322 -1.116248
1.943417 1.897322 -1.116248
1.943417 1.897322 -1.116248
1.943417 1.897322 -1.116248
1.943417 1.897322 -1.116248
1.943417 1.897322 -1.116248
1.943417 1.897322 -1.116248
1.943417 1.897322 -1.116248
1.943417 1.897322 -1.116248
1.943417 1.897322 -1.116248
1.943417 1.897322 -1.116248
1.94146 2.069844 -1.106159
1.94146 2.069844 -1.106159
1.94146 2.069844 -1.106159
1.94146 2.069844 -1.106159
1.94146 2.069844 -1.106159
1.94146 2.069844 -1.106159
1.94146 2.069844 -1.106159
1.94146 2.069844 -1.106159
1.94146 2.069844 -1.106159
1.814775 2.078504 -0.4896414
1.814775 2.078504 -0.4896414
1.814775 2.078504 -0.4896414
1.814775 2.078504 -0.4896414
1.814775 2.078504 -0.4896414
1.814775 2.078504 -0.4896414
1.814775 2.078504 -0.4896414
1.814775 2.078504 -0.4896414
1.814775 2.078504 -0.4896414
1.814775 2.078504 -0.4896414
1.814775 2.078504 -0.4896414
1.814775 2.078504 -0.4896414
1.814775 2.078504 -0.4896414
1.814775 2.078504 -0.4896414
1.814775 2.078504 -0.4896414
1.814775 2.078504 -0.4896414
1.814775 2.078504 -0.4896414
1.814775 2.078504 -0.4896414
1.814775 2.078504 -0.4896414
1.814775 2.078504 -0.4896414
1.814775 2.078504 -0.4896414
1.814775 2.078504 -0.4896414
1.814775 2.078504 -0.4896414
1.814775 2.078504 -0.4896414
1.814775 2.078504 -0.4896414
1.814775 2.078504 -0.4896414
1.814775 2.078504 -0.4896414
1.814775 2.078504 -0.4896414
1.814775 2.078504 -0.4896414
1.814775 2.078504 -0.4896414
1.814775 2.078504 -0.4896414
1.814775 2.078504 -0.4896414
1.814775 2.078504 -0.4896414
1.814775 2.078504 -0.4896414
1.814775 2.078504 -0.4896414
1.814775 2.078504 -0.4896414
1.814775 2.078504 -0.4896414
2.109072 1.89308 -0.8086701
2.109072 1.89308 -0.8086701
2.109072 1.89308 -0.8086701
2.109072 1.89308 -0.8086701
2.109072 1.89308 -0.8086701
2.109072 1.89308 -0.8086701
2.109072 1.89308 -0.8086701
2.109072 1.89308 -0.8086701
2.109072 1.89308 -0.8086701
2.109072 1.89308 -0.8086701
2.109072 1.89308 -0.8086701
2.109072 1.89308 -0.8086701
2.109072 1.89308 -0.8086701
2.109072 1.89308 -0.8086701
2.117308 1.767706 -0.8543735
2.117308 1.767706 -0.8543735
2.117308 1.767706 -0.8543735
2.117308 1.767706 -0.8543735
2.117308 1.767706 -0.8543735
2.117308 1.767706 -0.8543735
2.117308 1.767706 -0.8543735
2.117308 1.767706 -0.8543735
2.117308 1.767706 -0.8543735
2.117308 1.767706 -0.8543735
2.117308 1.767706 -0.8543735
2.117308 1.767706 -0.8543735
2.117308 1.767706 -0.8543735
2.117308 1.767706 -0.8543735
2.117308 1.767706 -0.8543735
2.117308 1.767706 -0.8543735
2.117308 1.767706 -0.8543735
2.117308 1.767706 -0.8543735
2.117308 1.767706 -0.8543735
2.117308 1.767706 -0.8543735
2.117308 1.767706 -0.8543735
2.117308 1.767706 -0.8543735
2.117308 1.767706 -0.8543735
2.117308 1.767706 -0.8543735
2.117308 1.767706 -0.8543735
2.277114 2.148183 -1.523288
2.277114 2.148183 -1.523288
2.277114 2.148183 -1.523288
2.277114 2.148183 -1.523288
2.277114 2.148183 -1.523288
2.277114 2.148183 -1.523288
2.277114 2.148183 -1.523288
2.277114 2.148183 -1.523288
2.277114 2.148183 -1.523288
2.277114 2.148183 -1.523288
2.277114 2.148183 -1.523288
2.277114 2.148183 -1.523288
2.277114 2.148183 -1.523288
2.277114 2.148183 -1.523288
2.277114 2.148183 -1.523288
2.277114 2.148183 -1.523288
2.277114 2.148183 -1.523288
2.277114 2.148183 -1.523288
2.277114 2.148183 -1.523288
2.277114 2.148183 -1.523288
2.277114 2.148183 -1.523288
2.277114 2.148183 -1.523288
2.277114 2.148183 -1.523288
2.277114 2.148183 -1.523288
2.277114 2.148183 -1.523288
2.277114 2.148183 -1.523288
2.277114 2.148183 -1.523288
2.277114 2.148183 -1.523288
2.277114 2.148183 -1.523288
2.277114 2.148183 -1.523288
2.277114 2.148183 -1.523288
2.277114 2.148183 -1.523288
2.277114 2.148183 -1.523288
2.277114 2.148183 -1.523288
2.277114 2.148183 -1.523288
2.480121 2.148732 -1.579362
2.480121 2.148732 -1.579362
2.480121 2.148732 -1.579362
2.480121 2.148732 -1.579362
2.480121 2.148732 -1.579362
2.480121 2.148732 -1.579362
2.480121 2.148732 -1.579362
2.480121 2.148732 -1.579362
2.480121 2.148732 -1.579362
2.480121 2.148732 -1.579362
2.288478 2.045991 -1.656904
2.288478 2.045991 -1.656904
2.288478 2.045991 -1.656904
2.288478 2.045991 -1.656904
2.288478 2.045991 -1.656904
2.288478 2.045991 -1.656904
2.288478 2.045991 -1.656904
2.288478 2.045991 -1.656904
2.288478 2.045991 -1.656904
2.288478 2.045991 -1.656904
2.288478 2.045991 -1.656904
2.288478 2.045991 -1.656904
2.288478 2.045991 -1.656904
2.288478 2.045991 -1.656904
2.288478 2.045991 -1.656904
2.288478 2.045991 -1.656904
2.288478 2.045991 -1.656904
2.288478 2.045991 -1.656904
2.288478 2.045991 -1.656904
2.288478 2.045991 -1.656904
2.288478 2.045991 -1.656904
2.288478 2.045991 -1.656904
2.288478 2.045991 -1.656904
2.288478 2.045991 -1.656904
2.288478 2.045991 -1.656904
2.288478 2.045991 -1.656904
2.288478 2.045991 -1.656904
2.288478 2.045991 -1.656904
2.288478 2.045991 -1.656904
2.288478 2.045991 -1.656904
2.288478 2.045991 -1.656904
2.288478 2.045991 -1.656904
2.288478 2.045991 -1.656904
2.288478 2.045991 -1.656904
2.288478 2.045991 -1.656904
2.288478 2.045991 -1.656904
2.288478 2.045991 -1.656904
2.288478 2.045991 -1.656904
2.288478 2.045991 -1.656904
2.288478 2.045991 -1.656904
2.288478 2.045991 -1.656904
2.288478 2.045991 -1.656904
2.288478 2.045991 -1.656904
2.288478 2.045991 -1.656904
2.288478 2.045991 -1.656904
2.288478 2.045991 -1.656904
2.288478 2.045991 -1.656904
2.288478 2.045991 -1.656904
2.288478 2.045991 -1.656904
2.288478 2.045991 -1.656904
2.230164 2.107679 -1.6902
2.230164 2.107679 -1.6902
2.230164 2.107679 -1.6902
2.230164 2.107679 -1.6902
2.230164 2.107679 -1.6902
2.230164 2.107679 -1.6902
2.230164 2.107679 -1.6902
2.230164 2.107679 -1.6902
2.230164 2.107679 -1.6902
2.230164 2.107679 -1.6902
2.230164 2.107679 -1.6902
2.230164 2.107679 -1.6902
2.230164 2.107679 -1.6902
2.230164 2.107679 -1.6902
2.230164 2.107679 -1.6902
2.230164 2.107679 -1.6902
2.230164 2.107679 -1.6902
2.230164 2.107679 -1.6902
2.230164 2.107679 -1.6902
2.230164 2.107679 -1.6902
2.230164 2.107679 -1.6902
2.230164 2.107679 -1.6902
2.230164 2.107679 -1.6902
2.230164 2.107679 -1.6902
2.230164 2.107679 -1.6902
2.230164 2.107679 -1.6902
2.230164 2.107679 -1.6902
2.230164 2.107679 -1.6902
2.230164 2.107679 -1.6902
2.230164 2.107679 -1.6902
2.230164 2.107679 -1.6902
2.230164 2.107679 -1.6902
2.230164 2.107679 -1.6902
2.230164 2.107679 -1.6902
2.230164 2.107679 -1.6902
2.230164 2.107679 -1.6902
2.230164 2.107679 -1.6902
2.230164 2.107679 -1.6902
2.230164 2.107679 -1.6902
2.230164 2.107679 -1.6902
2.230164 2.107679 -1.6902
2.230164 2.107679 -1.6902
2.230164 2.107679 -1.6902
2.230164 2.107679 -1.6902
2.230164 2.107679 -1.6902
2.230164 2.107679 -1.6902
2.230164 2.107679 -1.6902
2.230164 2.107679 -1.6902
2.230164 2.107679 -1.6902
2.230164 2.107679 -1.6902
2.230164 2.107679 -1.6902
2.230164 2.107679 -1.6902
2.230164 2.107679 -1.6902
2.230164 2.107679 -1.6902
2.230164 2.107679 -1.6902
2.230164 2.107679 -1.6902
2.230164 2.107679 -1.6902
2.230164 2.107679 -1.6902
2.230164 2.107679 -1.6902
2.230164 2.107679 -1.6902
2.433166 2.164722 -1.710295
2.433166 2.164722 -1.710295
2.433166 2.164722 -1.710295
2.433166 2.164722 -1.710295
2.433166 2.164722 -1.710295
2.433166 2.164722 -1.710295
2.433166 2.164722 -1.710295
2.433166 2.164722 -1.710295
2.433166 2.164722 -1.710295
2.433166 2.164722 -1.710295
2.433166 2.164722 -1.710295
2.433166 2.164722 -1.710295
2.433166 2.164722 -1.710295
2.433166 2.164722 -1.710295
2.433166 2.164722 -1.710295
2.433166 2.164722 -1.710295
2.433166 2.164722 -1.710295
2.433166 2.164722 -1.710295
2.433166 2.164722 -1.710295
2.433166 2.164722 -1.710295
2.433166 2.164722 -1.710295
2.433166 2.164722 -1.710295
2.433166 2.164722 -1.710295
2.433166 2.164722 -1.710295
2.433166 2.164722 -1.710295
2.433166 2.164722 -1.710295
2.433166 2.164722 -1.710295
2.433166 2.164722 -1.710295
2.433166 2.164722 -1.710295
2.433166 2.164722 -1.710295
2.433166 2.164722 -1.710295
2.433166 2.164722 -1.710295
2.433166 2.164722 -1.710295
2.433166 2.164722 -1.710295
2.433166 2.164722 -1.710295
2.433166 2.164722 -1.710295
2.433166 2.164722 -1.710295
2.433166 2.164722 -1.710295
2.433166 2.164722 -1.710295
2.433166 2.164722 -1.710295
2.433166 2.164722 -1.710295
2.433166 2.164722 -1.710295
2.433166 2.164722 -1.710295
2.433166 2.164722 -1.710295
2.433166 2.164722 -1.710295
2.433166 2.164722 -1.710295
2.433166 2.164722 -1.710295
2.433166 2.164722 -1.710295
2.433166 2.164722 -1.710295
2.433166 2.164722 -1.710295
2.433166 2.164722 -1.710295
2.433166 2.164722 -1.710295
2.433166 2.164722 -1.710295
2.433166 2.164722 -1.710295
2.433166 2.164722 -1.710295
2.433166 2.164722 -1.710295
2.433166 2.164722 -1.710295
2.433166 2.164722 -1.710295
2.09876 2.062741 -1.34437
2.09876 2.062741 -1.34437
2.276349 2.124041 -1.357562
2.276349 2.124041 -1.357562
2.276349 2.124041 -1.357562
2.276349 2.124041 -1.357562
2.276349 2.124041 -1.357562
2.276349 2.124041 -1.357562
2.276349 2.124041 -1.357562
2.276349 2.124041 -1.357562
2.276349 2.124041 -1.357562
2.276349 2.124041 -1.357562
2.276349 2.124041 -1.357562
2.276349 2.124041 -1.357562
2.276349 2.124041 -1.357562
2.276349 2.124041 -1.357562
2.276349 2.124041 -1.357562
2.276349 2.124041 -1.357562
2.276349 2.124041 -1.357562
2.276349 2.124041 -1.357562
2.276349 2.124041 -1.357562
2.276349 2.124041 -1.357562
2.276349 2.124041 -1.357562
2.276349 2.124041 -1.357562
2.276349 2.124041 -1.357562
2.276349 2.124041 -1.357562
2.276349 2.124041 -1.357562
2.276349 2.124041 -1.357562
2.276349 2.124041 -1.357562
2.276349 2.124041 -1.357562
2.276349 2.124041 -1.357562
2.276349 2.124041 -1.357562
2.276349 2.124041 -1.357562
2.276349 2.124041 -1.357562
2.276349 2.124041 -1.357562
2.276349 2.124041 -1.357562
2.276349 2.124041 -1.357562
2.276349 2.124041 -1.357562
2.276349 2.124041 -1.357562
2.276349 2.124041 -1.357562
2.276349 2.124041 -1.357562
2.276349 2.124041 -1.357562
2.276349 2.124041 -1.357562
2.276349 2.124041 -1.357562
2.276349 2.124041 -1.357562
2.276349 2.124041 -1.357562
2.276349 2.124041 -1.357562
2.276349 2.124041 -1.357562
2.276349 2.124041 -1.357562
2.276349 2.124041 -1.357562
2.276349 2.124041 -1.357562
2.276349 2.124041 -1.357562
2.276349 2.124041 -1.357562
2.276349 2.124041 -1.357562
2.276349 2.124041 -1.357562
2.276349 2.124041 -1.357562
2.276349 2.124041 -1.357562
2.276349 2.124041 -1.357562
2.276349 2.124041 -1.357562
2.276349 2.124041 -1.357562
2.276349 2.124041 -1.357562
2.276349 2.124041 -1.357562
1.813392 2.074379 -1.365899
1.813392 2.074379 -1.365899
1.813392 2.074379 -1.365899
1.813392 2.074379 -1.365899
2.454743 1.859377 -0.4642798
2.454743 1.859377 -0.4642798
2.454743 1.859377 -0.4642798
2.621273 2.42812 -1.469527
2.621273 2.42812 -1.469527
2.621273 2.42812 -1.469527
2.621273 2.42812 -1.469527
2.354478 2.408976 -1.63768
2.354478 2.408976 -1.63768
2.354478 2.408976 -1.63768
2.354478 2.408976 -1.63768
2.354478 2.408976 -1.63768
2.354478 2.408976 -1.63768
2.354478 2.408976 -1.63768
2.354478 2.408976 -1.63768
2.354478 2.408976 -1.63768
2.354478 2.408976 -1.63768
2.354478 2.408976 -1.63768
2.167531 2.042433 -1.391008
2.167531 2.042433 -1.391008
2.167531 2.042433 -1.391008
2.167531 2.042433 -1.391008
2.167531 2.042433 -1.391008
2.167531 2.042433 -1.391008
2.167531 2.042433 -1.391008
2.167531 2.042433 -1.391008
2.167531 2.042433 -1.391008
2.167531 2.042433 -1.391008
2.167531 2.042433 -1.391008
2.167531 2.042433 -1.391008
2.167531 2.042433 -1.391008
2.167531 2.042433 -1.391008
2.167531 2.042433 -1.391008
2.167531 2.042433 -1.391008
2.167531 2.042433 -1.391008
2.167531 2.042433 -1.391008
2.167531 2.042433 -1.391008
2.167531 2.042433 -1.391008
2.167531 2.042433 -1.391008
2.167531 2.042433 -1.391008
2.167531 2.042433 -1.391008
2.167531 2.042433 -1.391008
2.167531 2.042433 -1.391008
2.167531 2.042433 -1.391008
2.167531 2.042433 -1.391008
2.167531 2.042433 -1.391008
2.167531 2.042433 -1.391008
2.167531 2.042433 -1.391008
2.167531 2.042433 -1.391008
2.167531 2.042433 -1.391008
2.167531 2.042433 -1.391008
2.167531 2.042433 -1.391008
2.167531 2.042433 -1.391008
2.167531 2.042433 -1.391008
2.167531 2.042433 -1.391008
2.167531 2.042433 -1.391008
2.040734 1.584375 -1.45049
2.040734 1.584375 -1.45049
2.040734 1.584375 -1.45049
2.040734 1.584375 -1.45049
2.040734 1.584375 -1.45049
2.040734 1.584375 -1.45049
2.040734 1.584375 -1.45049
2.040734 1.584375 -1.45049
2.040734 1.584375 -1.45049
2.040734 1.584375 -1.45049
2.040734 1.584375 -1.45049
2.040734 1.584375 -1.45049
2.040734 1.584375 -1.45049
2.482301 2.35923 -1.610422
2.482301 2.35923 -1.610422
2.482301 2.35923 -1.610422
2.482301 2.35923 -1.610422
2.482301 2.35923 -1.610422
2.482301 2.35923 -1.610422
2.482301 2.35923 -1.610422
2.482301 2.35923 -1.610422
2.482301 2.35923 -1.610422
2.482301 2.35923 -1.610422
2.482301 2.35923 -1.610422
2.482301 2.35923 -1.610422
2.482301 2.35923 -1.610422
2.482301 2.35923 -1.610422
2.482301 2.35923 -1.610422
2.482301 2.35923 -1.610422
2.482301 2.35923 -1.610422
2.482301 2.35923 -1.610422
2.482301 2.35923 -1.610422
2.482301 2.35923 -1.610422
2.482301 2.35923 -1.610422
2.482301 2.35923 -1.610422
2.482301 2.35923 -1.610422
2.482301 2.35923 -1.610422
2.482301 2.35923 -1.610422
2.482301 2.35923 -1.610422
2.482301 2.35923 -1.610422
2.482301 2.35923 -1.610422
2.482301 2.35923 -1.610422
2.482301 2.35923 -1.610422
2.482301 2.35923 -1.610422
2.482301 2.35923 -1.610422
2.482301 2.35923 -1.610422
2.482301 2.35923 -1.610422
2.482301 2.35923 -1.610422
2.482301 2.35923 -1.610422
2.369323 2.587086 -1.265537
2.369323 2.587086 -1.265537
2.369323 2.587086 -1.265537
2.369323 2.587086 -1.265537
2.369323 2.587086 -1.265537
2.369323 2.587086 -1.265537
2.369323 2.587086 -1.265537
2.369323 2.587086 -1.265537
2.369323 2.587086 -1.265537
2.369323 2.587086 -1.265537
2.369323 2.587086 -1.265537
2.557512 2.577579 -1.276391
2.557512 2.577579 -1.276391
2.557512 2.577579 -1.276391
2.557512 2.577579 -1.276391
2.557512 2.577579 -1.276391
2.557512 2.577579 -1.276391
2.557512 2.577579 -1.276391
2.557512 2.577579 -1.276391
2.557512 2.577579 -1.276391
2.557512 2.577579 -1.276391
2.284798 2.736925 -1.028781
2.284798 2.736925 -1.028781
2.284798 2.736925 -1.028781
2.284798 2.736925 -1.028781
2.284798 2.736925 -1.028781
2.284798 2.736925 -1.028781
1.803194 1.929973 -0.6889912
1.803194 1.929973 -0.6889912
2.222486 1.725756 -1.460958
2.222486 1.725756 -1.460958
2.222486 1.725756 -1.460958
2.222486 1.725756 -1.460958
2.222486 1.725756 -1.460958
2.222486 1.725756 -1.460958
2.222486 1.725756 -1.460958
2.222486 1.725756 -1.460958
2.222486 1.725756 -1.460958
2.222486 1.725756 -1.460958
2.222486 1.725756 -1.460958
2.222486 1.725756 -1.460958
2.222486 1.725756 -1.460958
2.222486 1.725756 -1.460958
2.222486 1.725756 -1.460958
2.222486 1.725756 -1.460958
2.222486 1.725756 -1.460958
2.222486 1.725756 -1.460958
2.222486 1.725756 -1.460958
2.222486 1.725756 -1.460958
2.222486 1.725756 -1.460958
2.222486 1.725756 -1.460958
2.222486 1.725756 -1.460958
2.222486 1.725756 -1.460958
2.222486 1.725756 -1.460958
2.222486 1.725756 -1.460958
2.222486 1.725756 -1.460958
2.222486 1.725756 -1.460958
2.222486 1.725756 -1.460958
2.222486 1.725756 -1.460958
2.222486 1.725756 -1.460958
2.222486 1.725756 -1.460958
2.222486 1.725756 -1.460958
2.222486 1.725756 -1.460958
2.222486 1.725756 -1.460958
2.222486 1.725756 -1.460958
2.222486 1.725756 -1.460958
2.222486 1.725756 -1.460958
2.222486 1.725756 -1.460958
2.222486 1.725756 -1.460958
2.222486 1.725756 -1.460958
2.222486 1.725756 -1.460958
2.451765 1.688148 -1.463893
2.451765 1.688148 -1.463893
2.451765 1.688148 -1.463893
2.451765 1.688148 -1.463893
2.451765 1.688148 -1.463893
2.451765 1.688148 -1.463893
2.451765 1.688148 -1.463893
2.451765 1.688148 -1.463893
2.451765 1.688148 -1.463893
2.451765 1.688148 -1.463893
2.451765 1.688148 -1.463893
2.451765 1.688148 -1.463893
2.451765 1.688148 -1.463893
2.451765 1.688148 -1.463893
2.451765 1.688148 -1.463893
2.451765 1.688148 -1.463893
2.451765 1.688148 -1.463893
2.451765 1.688148 -1.463893
2.451765 1.688148 -1.463893
2.451765 1.688148 -1.463893
2.451765 1.688148 -1.463893
2.451765 1.688148 -1.463893
2.451765 1.688148 -1.463893
2.451765 1.688148 -1.463893
2.451765 1.688148 -1.463893
2.451765 1.688148 -1.463893
2.451765 1.688148 -1.463893
2.451765 1.688148 -1.463893
2.451765 1.688148 -1.463893
2.451765 1.688148 -1.463893
2.451765 1.688148 -1.463893
2.451765 1.688148 -1.463893
2.451765 1.688148 -1.463893
2.451765 1.688148 -1.463893
2.451765 1.688148 -1.463893
2.451765 1.688148 -1.463893
2.451765 1.688148 -1.463893
2.451765 1.688148 -1.463893
2.451765 1.688148 -1.463893
2.451765 1.688148 -1.463893
2.451765 1.688148 -1.463893
2.451765 1.688148 -1.463893
2.451765 1.688148 -1.463893
2.386321 2.234785 -1.762297
2.386321 2.234785 -1.762297
2.386321 2.234785 -1.762297
2.386321 2.234785 -1.762297
2.386321 2.234785 -1.762297
2.386321 2.234785 -1.762297
2.386321 2.234785 -1.762297
2.386321 2.234785 -1.762297
2.386321 2.234785 -1.762297
2.386321 2.234785 -1.762297
2.386321 2.234785 -1.762297
2.386321 2.234785 -1.762297
2.386321 2.234785 -1.762297
2.386321 2.234785 -1.762297
2.386321 2.234785 -1.762297
2.386321 2.234785 -1.762297
2.386321 2.234785 -1.762297
2.53018 2.230126 -1.768845
2.53018 2.230126 -1.768845
2.53018 2.230126 -1.768845
2.53018 2.230126 -1.768845
2.53018 2.230126 -1.768845
2.53018 2.230126 -1.768845
2.53018 2.230126 -1.768845
2.53018 2.230126 -1.768845
2.53018 2.230126 -1.768845
2.53018 2.230126 -1.768845
2.298115 2.007801 -1.635665
2.298115 2.007801 -1.635665
2.298115 2.007801 -1.635665
2.298115 2.007801 -1.635665
2.298115 2.007801 -1.635665
2.298115 2.007801 -1.635665
2.298115 2.007801 -1.635665
2.298115 2.007801 -1.635665
2.298115 2.007801 -1.635665
2.298115 2.007801 -1.635665
2.298115 2.007801 -1.635665
2.298115 2.007801 -1.635665
2.298115 2.007801 -1.635665
2.298115 2.007801 -1.635665
2.298115 2.007801 -1.635665
2.298115 2.007801 -1.635665
2.298115 2.007801 -1.635665
2.298115 2.007801 -1.635665
2.298115 2.007801 -1.635665
2.298115 2.007801 -1.635665
2.298115 2.007801 -1.635665
2.298115 2.007801 -1.635665
2.298115 2.007801 -1.635665
2.298115 2.007801 -1.635665
2.298115 2.007801 -1.635665
2.298115 2.007801 -1.635665
2.298115 2.007801 -1.635665
2.298115 2.007801 -1.635665
2.313091 2.122938 -1.399498
2.313091 2.122938 -1.399498
2.313091 2.122938 -1.399498
2.313091 2.122938 -1.399498
2.313091 2.122938 -1.399498
2.313091 2.122938 -1.399498
2.313091 2.122938 -1.399498
2.313091 2.122938 -1.399498
2.313091 2.122938 -1.399498
2.313091 2.122938 -1.399498
2.313091 2.122938 -1.399498
2.313091 2.122938 -1.399498
2.313091 2.122938 -1.399498
2.313091 2.122938 -1.399498
2.313091 2.122938 -1.399498
2.313091 2.122938 -1.399498
2.313091 2.122938 -1.399498
2.313091 2.122938 -1.399498
2.313091 2.122938 -1.399498
2.313091 2.122938 -1.399498
2.313091 2.122938 -1.399498
2.313091 2.122938 -1.399498
2.332147 2.172718 -1.399305
2.332147 2.172718 -1.399305
2.332147 2.172718 -1.399305
2.332147 2.172718 -1.399305
2.332147 2.172718 -1.399305
2.332147 2.172718 -1.399305
2.332147 2.172718 -1.399305
2.332147 2.172718 -1.399305
2.332147 2.172718 -1.399305
2.332147 2.172718 -1.399305
2.332147 2.172718 -1.399305
2.332147 2.172718 -1.399305
2.332147 2.172718 -1.399305
2.332147 2.172718 -1.399305
2.332147 2.172718 -1.399305
2.332147 2.172718 -1.399305
2.332147 2.172718 -1.399305
2.332147 2.172718 -1.399305
2.332147 2.172718 -1.399305
2.332147 2.172718 -1.399305
2.332147 2.172718 -1.399305
2.332147 2.172718 -1.399305
2.332147 2.172718 -1.399305
2.332147 2.172718 -1.399305
2.332147 2.172718 -1.399305
2.332147 2.172718 -1.399305
2.332147 2.172718 -1.399305
2.332147 2.172718 -1.399305
2.332147 2.172718 -1.399305
2.332147 2.172718 -1.399305
2.332147 2.172718 -1.399305
2.332147 2.172718 -1.399305
2.332147 2.172718 -1.399305
2.332147 2.172718 -1.399305
2.332147 2.172718 -1.399305
2.332147 2.172718 -1.399305
2.332147 2.172718 -1.399305
2.332147 2.172718 -1.399305
2.332147 2.172718 -1.399305
2.332147 2.172718 -1.399305
2.332147 2.172718 -1.399305
2.332147 2.172718 -1.399305
2.332147 2.172718 -1.399305
2.332147 2.172718 -1.399305
2.332147 2.172718 -1.399305
2.332147 2.172718 -1.399305
2.332147 2.172718 -1.399305
2.332147 2.172718 -1.399305
2.332147 2.172718 -1.399305
2.332147 2.172718 -1.399305
2.332147 2.172718 -1.399305
2.332147 2.172718 -1.399305
2.332147 2.172718 -1.399305
2.332147 2.172718 -1.399305
2.332147 2.172718 -1.399305
2.332147 2.172718 -1.399305
2.332147 2.172718 -1.399305
2.332147 2.172718 -1.399305
2.332147 2.172718 -1.399305
2.332147 2.172718 -1.399305
2.318108 2.20846 -1.400293
2.318108 2.20846 -1.400293
2.318108 2.20846 -1.400293
2.318108 2.20846 -1.400293
2.318108 2.20846 -1.400293
2.318108 2.20846 -1.400293
2.318108 2.20846 -1.400293
2.318108 2.20846 -1.400293
2.318108 2.20846 -1.400293
2.318108 2.20846 -1.400293
2.318108 2.20846 -1.400293
2.318108 2.20846 -1.400293
2.318108 2.20846 -1.400293
2.318108 2.20846 -1.400293
2.318108 2.20846 -1.400293
2.318108 2.20846 -1.400293
2.318108 2.20846 -1.400293
2.318108 2.20846 -1.400293
2.318108 2.20846 -1.400293
2.318108 2.20846 -1.400293
2.318108 2.20846 -1.400293
2.318108 2.20846 -1.400293
2.318108 2.20846 -1.400293
2.318108 2.20846 -1.400293
2.318108 2.20846 -1.400293
2.318108 2.20846 -1.400293
2.318108 2.20846 -1.400293
2.318108 2.20846 -1.400293
2.318108 2.20846 -1.400293
2.318108 2.20846 -1.400293
2.318108 2.20846 -1.400293
2.318108 2.20846 -1.400293
2.318108 2.20846 -1.400293
2.318108 2.20846 -1.400293
2.318108 2.20846 -1.400293
2.318108 2.20846 -1.400293
2.318108 2.20846 -1.400293
2.318108 2.20846 -1.400293
2.318108 2.20846 -1.400293
2.318108 2.20846 -1.400293
2.318108 2.20846 -1.400293
2.318108 2.20846 -1.400293
2.318108 2.20846 -1.400293
2.318108 2.20846 -1.400293
2.318108 2.20846 -1.400293
2.318108 2.20846 -1.400293
2.318108 2.20846 -1.400293
2.318108 2.20846 -1.400293
2.318108 2.20846 -1.400293
2.318108 2.20846 -1.400293
2.318108 2.20846 -1.400293
2.318108 2.20846 -1.400293
2.318108 2.20846 -1.400293
2.458854 2.422135 -1.555371
2.458854 2.422135 -1.555371
2.458854 2.422135 -1.555371
2.458854 2.422135 -1.555371
2.458854 2.422135 -1.555371
2.458854 2.422135 -1.555371
2.458854 2.422135 -1.555371
2.439077 2.445493 -1.559075
2.439077 2.445493 -1.559075
2.439077 2.445493 -1.559075
2.439077 2.445493 -1.559075
2.439077 2.445493 -1.559075
2.439077 2.445493 -1.559075
2.439077 2.445493 -1.559075
2.439077 2.445493 -1.559075
2.439077 2.445493 -1.559075
2.439077 2.445493 -1.559075
2.439077 2.445493 -1.559075
2.439077 2.445493 -1.559075
2.439077 2.445493 -1.559075
2.439077 2.445493 -1.559075
2.439077 2.445493 -1.559075
2.439077 2.445493 -1.559075
2.439077 2.445493 -1.559075
2.439077 2.445493 -1.559075
2.439077 2.445493 -1.559075
2.439077 2.445493 -1.559075
2.439077 2.445493 -1.559075
2.439077 2.445493 -1.559075
2.439077 2.445493 -1.559075
2.439077 2.445493 -1.559075
2.439077 2.445493 -1.559075
2.439077 2.445493 -1.559075
2.439077 2.445493 -1.559075
2.439077 2.445493 -1.559075
2.439077 2.445493 -1.559075
2.439077 2.445493 -1.559075
2.439077 2.445493 -1.559075
2.439077 2.445493 -1.559075
2.439077 2.445493 -1.559075
2.439077 2.445493 -1.559075
2.439077 2.445493 -1.559075
2.439077 2.445493 -1.559075
2.439077 2.445493 -1.559075
2.439077 2.445493 -1.559075
2.439077 2.445493 -1.559075
2.439077 2.445493 -1.559075
2.439077 2.445493 -1.559075
2.439077 2.445493 -1.559075
2.439077 2.445493 -1.559075
2.439077 2.445493 -1.559075
2.439077 2.445493 -1.559075
2.439077 2.445493 -1.559075
2.439077 2.445493 -1.559075
2.439077 2.445493 -1.559075
2.439077 2.445493 -1.559075
2.439077 2.445493 -1.559075
2.439077 2.445493 -1.559075
2.439077 2.445493 -1.559075
2.439077 2.445493 -1.559075
2.439077 2.445493 -1.559075
2.439077 2.445493 -1.559075
2.439077 2.445493 -1.559075
2.439077 2.445493 -1.559075
2.439077 2.445493 -1.559075
2.439077 2.445493 -1.559075
2.439077 2.445493 -1.559075
2.479474 2.459003 -1.564345
2.479474 2.459003 -1.564345
2.479474 2.459003 -1.564345
2.479474 2.459003 -1.564345
2.479474 2.459003 -1.564345
2.479474 2.459003 -1.564345
2.479474 2.459003 -1.564345
2.479474 2.459003 -1.564345
2.479474 2.459003 -1.564345
2.479474 2.459003 -1.564345
2.479474 2.459003 -1.564345
2.479474 2.459003 -1.564345
2.479474 2.459003 -1.564345
2.479474 2.459003 -1.564345
2.479474 2.459003 -1.564345
2.479474 2.459003 -1.564345
2.479474 2.459003 -1.564345
2.479474 2.459003 -1.564345
2.479474 2.459003 -1.564345
2.479474 2.459003 -1.564345
2.479474 2.459003 -1.564345
2.479474 2.459003 -1.564345
2.479474 2.459003 -1.564345
2.479474 2.459003 -1.564345
2.479474 2.459003 -1.564345
2.479474 2.459003 -1.564345
2.479474 2.459003 -1.564345
2.479474 2.459003 -1.564345
2.479474 2.459003 -1.564345
2.479474 2.459003 -1.564345
2.479474 2.459003 -1.564345
2.479474 2.459003 -1.564345
2.479474 2.459003 -1.564345
2.479474 2.459003 -1.564345
2.479474 2.459003 -1.564345
2.479474 2.459003 -1.564345
2.479474 2.459003 -1.564345
2.479474 2.459003 -1.564345
2.479474 2.459003 -1.564345
2.479474 2.459003 -1.564345
2.479474 2.459003 -1.564345
2.479474 2.459003 -1.564345
2.479474 2.459003 -1.564345
2.479474 2.459003 -1.564345
2.479474 2.459003 -1.564345
2.479474 2.459003 -1.564345
2.479474 2.459003 -1.564345
2.479474 2.459003 -1.564345
2.479474 2.459003 -1.564345
2.479474 2.459003 -1.564345
2.479474 2.459003 -1.564345
2.479474 2.459003 -1.564345
2.479474 2.459003 -1.564345
2.479474 2.459003 -1.564345
2.354832 1.965078 -1.563456
2.354832 1.965078 -1.563456
2.354832 1.965078 -1.563456
2.354832 1.965078 -1.563456
2.354832 1.965078 -1.563456
2.354832 1.965078 -1.563456
2.44085 1.983135 -1.576203
2.44085 1.983135 -1.576203
2.44085 1.983135 -1.576203
2.44085 1.983135 -1.576203
2.44085 1.983135 -1.576203
2.44085 1.983135 -1.576203
2.44085 1.983135 -1.576203
2.44085 1.983135 -1.576203
2.44085 1.983135 -1.576203
2.44085 1.983135 -1.576203
2.44085 1.983135 -1.576203
2.44085 1.983135 -1.576203
2.44085 1.983135 -1.576203
2.44085 1.983135 -1.576203
2.44085 1.983135 -1.576203
2.44085 1.983135 -1.576203
2.44085 1.983135 -1.576203
2.44085 1.983135 -1.576203
2.44085 1.983135 -1.576203
2.44085 1.983135 -1.576203
2.44085 1.983135 -1.576203
2.715024 2.640165 -1.674052
2.715024 2.640165 -1.674052
2.715024 2.640165 -1.674052
2.715024 2.640165 -1.674052
2.715024 2.640165 -1.674052
2.626495 2.165439 -1.439641
2.626495 2.165439 -1.439641
2.626495 2.165439 -1.439641
2.626495 2.165439 -1.439641
2.626495 2.165439 -1.439641
2.626495 2.165439 -1.439641
2.626495 2.165439 -1.439641
2.626495 2.165439 -1.439641
2.626495 2.165439 -1.439641
2.626495 2.165439 -1.439641
2.626495 2.165439 -1.439641
2.626495 2.165439 -1.439641
2.626495 2.165439 -1.439641
2.626495 2.165439 -1.439641
2.626495 2.165439 -1.439641
2.626495 2.165439 -1.439641
2.626495 2.165439 -1.439641
2.626495 2.165439 -1.439641
2.626495 2.165439 -1.439641
2.626495 2.165439 -1.439641
2.626495 2.165439 -1.439641
2.626495 2.165439 -1.439641
2.626495 2.165439 -1.439641
2.626495 2.165439 -1.439641
2.626495 2.165439 -1.439641
2.626495 2.165439 -1.439641
2.626495 2.165439 -1.439641
2.626495 2.165439 -1.439641
2.626495 2.165439 -1.439641
2.626495 2.165439 -1.439641
2.626495 2.165439 -1.439641
2.626495 2.165439 -1.439641
2.626495 2.165439 -1.439641
2.626495 2.165439 -1.439641
2.519372 2.166828 -1.452696
2.519372 2.166828 -1.452696
2.519372 2.166828 -1.452696
2.519372 2.166828 -1.452696
2.519372 2.166828 -1.452696
2.519372 2.166828 -1.452696
2.519372 2.166828 -1.452696
2.519372 2.166828 -1.452696
2.519372 2.166828 -1.452696
2.519372 2.166828 -1.452696
2.519372 2.166828 -1.452696
2.519372 2.166828 -1.452696
2.519372 2.166828 -1.452696
2.519372 2.166828 -1.452696
2.519372 2.166828 -1.452696
2.519372 2.166828 -1.452696
2.519372 2.166828 -1.452696
2.519372 2.166828 -1.452696
2.519372 2.166828 -1.452696
2.519372 2.166828 -1.452696
2.519372 2.166828 -1.452696
2.519372 2.166828 -1.452696
2.519372 2.166828 -1.452696
2.519372 2.166828 -1.452696
2.519372 2.166828 -1.452696
2.519372 2.166828 -1.452696
2.519372 2.166828 -1.452696
2.519372 2.166828 -1.452696
2.519372 2.166828 -1.452696
2.519372 2.166828 -1.452696
2.519372 2.166828 -1.452696
2.519372 2.166828 -1.452696
2.519372 2.166828 -1.452696
2.519372 2.166828 -1.452696
2.519372 2.166828 -1.452696
2.519372 2.166828 -1.452696
2.519372 2.166828 -1.452696
2.519372 2.166828 -1.452696
2.519372 2.166828 -1.452696
2.519372 2.166828 -1.452696
2.519372 2.166828 -1.452696
2.519372 2.166828 -1.452696
2.519372 2.166828 -1.452696
2.519372 2.166828 -1.452696
2.519372 2.166828 -1.452696
2.519372 2.166828 -1.452696
2.519372 2.166828 -1.452696
2.519372 2.166828 -1.452696
2.519372 2.166828 -1.452696
2.519372 2.166828 -1.452696
2.519372 2.166828 -1.452696
2.519372 2.166828 -1.452696
2.519372 2.166828 -1.452696
2.519372 2.166828 -1.452696
2.519372 2.166828 -1.452696
2.519372 2.166828 -1.452696
2.519372 2.166828 -1.452696
2.519372 2.166828 -1.452696
2.519372 2.166828 -1.452696
2.519372 2.166828 -1.452696
2.517506 2.140825 -1.460122
2.517506 2.140825 -1.460122
2.517506 2.140825 -1.460122
2.517506 2.140825 -1.460122
2.517506 2.140825 -1.460122
2.517506 2.140825 -1.460122
2.517506 2.140825 -1.460122
2.517506 2.140825 -1.460122
2.517506 2.140825 -1.460122
2.517506 2.140825 -1.460122
2.517506 2.140825 -1.460122
2.517506 2.140825 -1.460122
2.517506 2.140825 -1.460122
2.517506 2.140825 -1.460122
2.517506 2.140825 -1.460122
2.517506 2.140825 -1.460122
2.517506 2.140825 -1.460122
2.517506 2.140825 -1.460122
2.517506 2.140825 -1.460122
2.517506 2.140825 -1.460122
2.517506 2.140825 -1.460122
2.517506 2.140825 -1.460122
2.517506 2.140825 -1.460122
2.517506 2.140825 -1.460122
2.517506 2.140825 -1.460122
2.517506 2.140825 -1.460122
2.517506 2.140825 -1.460122
2.517506 2.140825 -1.460122
2.517506 2.140825 -1.460122
2.517506 2.140825 -1.460122
2.517506 2.140825 -1.460122
2.517506 2.140825 -1.460122
2.517506 2.140825 -1.460122
2.517506 2.140825 -1.460122
2.517506 2.140825 -1.460122
2.517506 2.140825 -1.460122
2.517506 2.140825 -1.460122
2.517506 2.140825 -1.460122
2.517506 2.140825 -1.460122
2.517506 2.140825 -1.460122
2.517506 2.140825 -1.460122
2.517506 2.140825 -1.460122
2.517506 2.140825 -1.460122
2.517506 2.140825 -1.460122
2.517506 2.140825 -1.460122
2.517506 2.140825 -1.460122
2.517506 2.140825 -1.460122
2.517506 2.140825 -1.460122
2.517506 2.140825 -1.460122
2.517506 2.140825 -1.460122
2.517506 2.140825 -1.460122
2.517506 2.140825 -1.460122
2.517506 2.140825 -1.460122
2.41075 2.452098 -1.780802
2.41075 2.452098 -1.780802
2.41075 2.452098 -1.780802
2.41075 2.452098 -1.780802
2.41075 2.452098 -1.780802
2.41075 2.452098 -1.780802
2.41075 2.452098 -1.780802
2.414221 2.468445 -1.789393
2.414221 2.468445 -1.789393
2.414221 2.468445 -1.789393
2.414221 2.468445 -1.789393
2.414221 2.468445 -1.789393
2.414221 2.468445 -1.789393
2.414221 2.468445 -1.789393
2.414221 2.468445 -1.789393
2.414221 2.468445 -1.789393
2.414221 2.468445 -1.789393
2.414221 2.468445 -1.789393
2.414221 2.468445 -1.789393
2.414221 2.468445 -1.789393
2.414221 2.468445 -1.789393
2.414221 2.468445 -1.789393
2.414221 2.468445 -1.789393
2.414221 2.468445 -1.789393
2.414221 2.468445 -1.789393
2.414221 2.468445 -1.789393
2.414221 2.468445 -1.789393
2.414221 2.468445 -1.789393
2.414221 2.468445 -1.789393
2.414221 2.468445 -1.789393
2.414221 2.468445 -1.789393
2.414221 2.468445 -1.789393
2.414221 2.468445 -1.789393
2.414221 2.468445 -1.789393
2.414221 2.468445 -1.789393
2.414221 2.468445 -1.789393
2.414221 2.468445 -1.789393
2.414221 2.468445 -1.789393
2.414221 2.468445 -1.789393
2.44971 1.918853 -1.312615
2.44971 1.918853 -1.312615
2.44971 1.918853 -1.312615
2.44971 1.918853 -1.312615
2.44971 1.918853 -1.312615
2.44971 1.918853 -1.312615
2.44971 1.918853 -1.312615
2.532952 1.94399 -1.691615
2.532952 1.94399 -1.691615
2.532952 1.94399 -1.691615
2.532952 1.94399 -1.691615
2.532952 1.94399 -1.691615
2.359841 2.527443 -0.982823
2.359841 2.527443 -0.982823
2.359841 2.527443 -0.982823
2.359841 2.527443 -0.982823
2.359841 2.527443 -0.982823
2.359841 2.527443 -0.982823
2.359841 2.527443 -0.982823
2.359841 2.527443 -0.982823
2.244162 2.118435 -1.076848
2.244162 2.118435 -1.076848
2.244162 2.118435 -1.076848
2.244162 2.118435 -1.076848
2.244162 2.118435 -1.076848
2.244162 2.118435 -1.076848
2.244162 2.118435 -1.076848
2.244162 2.118435 -1.076848
