0.007509203 -0.08277474 -0.3537574
0.1910071 -1.13072 0.05487935
0.1910071 -1.13072 0.05487935
0.7957121 -1.038103 1.952133
1.779243 -0.6631956 1.448392
1.779243 -0.6631956 1.448392
1.779243 -0.6631956 1.448392
1.779243 -0.6631956 1.448392
1.779243 -0.6631956 1.448392
1.779243 -0.6631956 1.448392
1.779243 -0.6631956 1.448392
1.779243 -0.6631956 1.448392
1.779243 -0.6631956 1.448392
1.779243 -0.6631956 1.448392
1.779243 -0.6631956 1.448392
1.779243 -0.6631956 1.448392
1.779243 -0.6631956 1.448392
1.779243 -0.6631956 1.448392
1.779243 -0.6631956 1.448392
1.779243 -0.6631956 1.448392
1.779243 -0.6631956 1.448392
1.690647 0.958686 1.251873
1.690647 0.958686 1.251873
1.121855 0.6159707 0.9451775
1.121855 0.6159707 0.9451775
1.121855 0.6159707 0.9451775
1.121855 0.6159707 0.9451775
1.121855 0.6159707 0.9451775
1.121855 0.6159707 0.9451775
1.121855 0.6159707 0.9451775
1.121855 0.6159707 0.9451775
1.121855 0.6159707 0.9451775
1.121855 0.6159707 0.9451775
1.121855 0.6159707 0.9451775
1.121855 0.6159707 0.9451775
1.121855 0.6159707 0.9451775
1.121855 0.6159707 0.9451775
1.121855 0.6159707 0.9451775
1.121855 0.6159707 0.9451775
1.121855 0.6159707 0.9451775
1.121855 0.6159707 0.9451775
1.121855 0.6159707 0.9451775
1.572205 0.508942 0.9049104
1.572205 0.508942 0.9049104
1.572205 0.508942 0.9049104
1.572205 0.508942 0.9049104
1.572205 0.508942 0.9049104
1.572205 0.508942 0.9049104
1.572205 0.508942 0.9049104
1.572205 0.508942 0.9049104
1.572205 0.508942 0.9049104
1.572205 0.508942 0.9049104
1.572205 0.508942 0.9049104
1.110847 -0.4375836 0.2898536
1.110847 -0.4375836 0.2898536
1.110847 -0.4375836 0.2898536
1.110847 -0.4375836 0.2898536
1.110847 -0.4375836 0.2898536
1.110847 -0.4375836 0.2898536
1.110847 -0.4375836 0.2898536
1.502184 -0.3545289 0.3277319
1.502184 -0.3545289 0.3277319
1.502184 -0.3545289 0.3277319
1.502184 -0.3545289 0.3277319
1.475474 0.5241777 0.2665838
1.475474 0.5241777 0.2665838
1.475474 0.5241777 0.2665838
1.475474 0.5241777 0.2665838
1.475474 0.5241777 0.2665838
1.475474 0.5241777 0.2665838
1.475474 0.5241777 0.2665838
1.475474 0.5241777 0.2665838
1.475474 0.5241777 0.2665838
1.475474 0.5241777 0.2665838
1.167933 0.6480508 -0.1827006
1.167933 0.6480508 -0.1827006
1.167933 0.6480508 -0.1827006
1.167933 0.6480508 -0.1827006
1.167933 0.6480508 -0.1827006
1.167933 0.6480508 -0.1827006
1.167933 0.6480508 -0.1827006
1.167933 0.6480508 -0.1827006
1.167933 0.6480508 -0.1827006
1.167933 0.6480508 -0.1827006
1.167933 0.6480508 -0.1827006
1.167933 0.6480508 -0.1827006
1.167933 0.6480508 -0.1827006
1.167933 0.6480508 -0.1827006
1.167933 0.6480508 -0.1827006
1.167933 0.6480508 -0.1827006
1.167933 0.6480508 -0.1827006
1.167933 0.6480508 -0.1827006
1.167933 0.6480508 -0.1827006
1.167933 0.6480508 -0.1827006
1.167933 0.6480508 -0.1827006
1.167933 0.6480508 -0.1827006
1.167933 0.6480508 -0.1827006
1.167933 0.6480508 -0.1827006
1.167933 0.6480508 -0.1827006
1.167933 0.6480508 -0.1827006
1.167933 0.6480508 -0.1827006
1.167933 0.6480508 -0.1827006
1.167933 0.6480508 -0.1827006
1.167933 0.6480508 -0.1827006
1.167933 0.6480508 -0.1827006
1.167933 0.6480508 -0.1827006
1.167933 0.6480508 -0.1827006
1.167933 0.6480508 -0.1827006
1.167933 0.6480508 -0.1827006
1.167933 0.6480508 -0.1827006
1.167933 0.6480508 -0.1827006
1.167933 0.6480508 -0.1827006
1.167933 0.6480508 -0.1827006
1.167933 0.6480508 -0.1827006
1.167933 0.6480508 -0.1827006
1.167933 0.6480508 -0.1827006
1.167933 0.6480508 -0.1827006
1.167933 0.6480508 -0.1827006
1.167933 0.6480508 -0.1827006
1.167933 0.6480508 -0.1827006
1.518668 0.7536419 -0.2026697
1.518668 0.7536419 -0.2026697
1.518668 0.7536419 -0.2026697
1.518668 0.7536419 -0.2026697
1.518668 0.7536419 -0.2026697
1.518668 0.7536419 -0.2026697
1.518668 0.7536419 -0.2026697
1.518668 0.7536419 -0.2026697
1.518668 0.7536419 -0.2026697
1.604759 0.7409969 0.2548926
1.604759 0.7409969 0.2548926
1.604759 0.7409969 0.2548926
1.604759 0.7409969 0.2548926
1.604759 0.7409969 0.2548926
1.604759 0.7409969 0.2548926
1.604759 0.7409969 0.2548926
1.604759 0.7409969 0.2548926
1.604759 0.7409969 0.2548926
1.604759 0.7409969 0.2548926
1.604759 0.7409969 0.2548926
1.604759 0.7409969 0.2548926
1.604759 0.7409969 0.2548926
1.604759 0.7409969 0.2548926
1.604759 0.7409969 0.2548926
1.604759 0.7409969 0.2548926
1.604759 0.7409969 0.2548926
1.604759 0.7409969 0.2548926
1.604759 0.7409969 0.2548926
1.604759 0.7409969 0.2548926
1.604759 0.7409969 0.2548926
1.604759 0.7409969 0.2548926
1.604759 0.7409969 0.2548926
1.604759 0.7409969 0.2548926
1.604759 0.7409969 0.2548926
1.604759 0.7409969 0.2548926
1.604759 0.7409969 0.2548926
1.604759 0.7409969 0.2548926
1.604759 0.7409969 0.2548926
1.604759 0.7409969 0.2548926
1.604759 0.7409969 0.2548926
1.604759 0.7409969 0.2548926
1.604759 0.7409969 0.2548926
1.604759 0.7409969 0.2548926
1.604759 0.7409969 0.2548926
1.604759 0.7409969 0.2548926
1.604759 0.7409969 0.2548926
1.604759 0.7409969 0.2548926
1.604759 0.7409969 0.2548926
1.604759 0.7409969 0.2548926
1.604759 0.7409969 0.2548926
1.604759 0.7409969 0.2548926
1.604759 0.7409969 0.2548926
1.604759 0.7409969 0.2548926
1.604759 0.7409969 0.2548926
1.604759 0.7409969 0.2548926
1.604759 0.7409969 0.2548926
1.604759 0.7409969 0.2548926
1.604759 0.7409969 0.2548926
1.604759 0.7409969 0.2548926
1.604759 0.7409969 0.2548926
1.853473 0.8717509 0.2317352
1.853473 0.8717509 0.2317352
1.853473 0.8717509 0.2317352
1.514534 1.389459 -0.1358112
1.514534 1.389459 -0.1358112
1.514534 1.389459 -0.1358112
1.514534 1.389459 -0.1358112
1.514534 1.389459 -0.1358112
1.514534 1.389459 -0.1358112
1.514534 1.389459 -0.1358112
1.514534 1.389459 -0.1358112
1.514534 1.389459 -0.1358112
1.514534 1.389459 -0.1358112
1.514534 1.389459 -0.1358112
1.821237 1.017486 -0.4978904
1.821237 1.017486 -0.4978904
1.821237 1.017486 -0.4978904
1.821237 1.017486 -0.4978904
1.821237 1.017486 -0.4978904
1.821237 1.017486 -0.4978904
1.821237 1.017486 -0.4978904
1.821237 1.017486 -0.4978904
1.821237 1.017486 -0.4978904
1.821237 1.017486 -0.4978904
1.821237 1.017486 -0.4978904
1.821237 1.017486 -0.4978904
1.821237 1.017486 -0.4978904
1.821237 1.017486 -0.4978904
1.821237 1.017486 -0.4978904
1.821237 1.017486 -0.4978904
1.821237 1.017486 -0.4978904
1.821237 1.017486 -0.4978904
1.821237 1.017486 -0.4978904
1.821237 1.017486 -0.4978904
1.821237 1.017486 -0.4978904
1.821237 1.017486 -0.4978904
1.821237 1.017486 -0.4978904
1.821237 1.017486 -0.4978904
1.821237 1.017486 -0.4978904
1.821237 1.017486 -0.4978904
1.821237 1.017486 -0.4978904
1.821237 1.017486 -0.4978904
1.821237 1.017486 -0.4978904
1.821237 1.017486 -0.4978904
1.821237 1.017486 -0.4978904
1.821237 1.017486 -0.4978904
1.821237 1.017486 -0.4978904
1.821237 1.017486 -0.4978904
1.821237 1.017486 -0.4978904
1.821237 1.017486 -0.4978904
1.821237 1.017486 -0.4978904
1.569075 0.497784 -0.3966129
1.569075 0.497784 -0.3966129
1.569075 0.497784 -0.3966129
1.569075 0.497784 -0.3966129
1.569075 0.497784 -0.3966129
1.569075 0.497784 -0.3966129
1.569075 0.497784 -0.3966129
1.569075 0.497784 -0.3966129
1.625558 0.5462247 0.06618139
1.810611 0.6391352 0.0186749
1.810611 0.6391352 0.0186749
1.810611 0.6391352 0.0186749
1.810611 0.6391352 0.0186749
1.810611 0.6391352 0.0186749
1.810611 0.6391352 0.0186749
1.810611 0.6391352 0.0186749
1.810611 0.6391352 0.0186749
1.810611 0.6391352 0.0186749
1.810611 0.6391352 0.0186749
1.810611 0.6391352 0.0186749
1.810611 0.6391352 0.0186749
1.810611 0.6391352 0.0186749
1.810611 0.6391352 0.0186749
1.810611 0.6391352 0.0186749
1.810611 0.6391352 0.0186749
1.810611 0.6391352 0.0186749
1.810611 0.6391352 0.0186749
1.810611 0.6391352 0.0186749
1.810611 0.6391352 0.0186749
1.280384 0.4926546 -0.01806686
1.280384 0.4926546 -0.01806686
1.280384 0.4926546 -0.01806686
1.905198 0.8927126 -0.08270409
1.905198 0.8927126 -0.08270409
1.905198 0.8927126 -0.08270409
1.905198 0.8927126 -0.08270409
1.905198 0.8927126 -0.08270409
1.905198 0.8927126 -0.08270409
1.905198 0.8927126 -0.08270409
1.580564 0.7899755 0.3916179
1.580564 0.7899755 0.3916179
1.855961 1.149814 0.2756379
1.855961 1.149814 0.2756379
1.855961 1.149814 0.2756379
1.665331 1.611387 -0.310882
1.665331 1.611387 -0.310882
1.665331 1.611387 -0.310882
1.665331 1.611387 -0.310882
1.665331 1.611387 -0.310882
1.665331 1.611387 -0.310882
1.665331 1.611387 -0.310882
1.665331 1.611387 -0.310882
1.665331 1.611387 -0.310882
1.665331 1.611387 -0.310882
1.665331 1.611387 -0.310882
1.665331 1.611387 -0.310882
1.665331 1.611387 -0.310882
1.665331 1.611387 -0.310882
1.665331 1.611387 -0.310882
1.665331 1.611387 -0.310882
1.665331 1.611387 -0.310882
1.665331 1.611387 -0.310882
1.665331 1.611387 -0.310882
1.665331 1.611387 -0.310882
1.665331 1.611387 -0.310882
1.665331 1.611387 -0.310882
1.665331 1.611387 -0.310882
1.665331 1.611387 -0.310882
1.665331 1.611387 -0.310882
1.813461 1.718379 -0.3946454
1.813461 1.718379 -0.3946454
1.813461 1.718379 -0.3946454
1.813461 1.718379 -0.3946454
1.813461 1.718379 -0.3946454
1.813461 1.718379 -0.3946454
1.813461 1.718379 -0.3946454
1.813461 1.718379 -0.3946454
1.813461 1.718379 -0.3946454
1.813461 1.718379 -0.3946454
1.813461 1.718379 -0.3946454
1.813461 1.718379 -0.3946454
1.813461 1.718379 -0.3946454
1.813461 1.718379 -0.3946454
1.813461 1.718379 -0.3946454
1.813461 1.718379 -0.3946454
1.813461 1.718379 -0.3946454
1.813461 1.718379 -0.3946454
1.813461 1.718379 -0.3946454
1.813461 1.718379 -0.3946454
1.864728 1.448243 -0.24165
1.864728 1.448243 -0.24165
1.864728 1.448243 -0.24165
1.864728 1.448243 -0.24165
1.864728 1.448243 -0.24165
1.864728 1.448243 -0.24165
1.864728 1.448243 -0.24165
1.864728 1.448243 -0.24165
1.864728 1.448243 -0.24165
1.864728 1.448243 -0.24165
1.864728 1.448243 -0.24165
1.864728 1.448243 -0.24165
1.864728 1.448243 -0.24165
1.864728 1.448243 -0.24165
1.864728 1.448243 -0.24165
1.864728 1.448243 -0.24165
1.864728 1.448243 -0.24165
1.864728 1.448243 -0.24165
1.864728 1.448243 -0.24165
1.864728 1.448243 -0.24165
1.864728 1.448243 -0.24165
1.864728 1.448243 -0.24165
1.864728 1.448243 -0.24165
1.864728 1.448243 -0.24165
1.864728 1.448243 -0.24165
1.864728 1.448243 -0.24165
1.864728 1.448243 -0.24165
1.864728 1.448243 -0.24165
1.864728 1.448243 -0.24165
1.864728 1.448243 -0.24165
1.864728 1.448243 -0.24165
1.864728 1.448243 -0.24165
1.864728 1.448243 -0.24165
1.885975 0.8524029 -0.6288265
1.885975 0.8524029 -0.6288265
1.885975 0.8524029 -0.6288265
1.885975 0.8524029 -0.6288265
1.885975 0.8524029 -0.6288265
1.885975 0.8524029 -0.6288265
1.885975 0.8524029 -0.6288265
1.987399 0.9678832 -0.6868604
1.987399 0.9678832 -0.6868604
1.987399 0.9678832 -0.6868604
1.987399 0.9678832 -0.6868604
1.987399 0.9678832 -0.6868604
1.987399 0.9678832 -0.6868604
1.987399 0.9678832 -0.6868604
1.987399 0.9678832 -0.6868604
1.987399 0.9678832 -0.6868604
1.753445 1.645432 -0.4924267
1.753445 1.645432 -0.4924267
1.753445 1.645432 -0.4924267
1.753445 1.645432 -0.4924267
1.753445 1.645432 -0.4924267
1.753445 1.645432 -0.4924267
1.753445 1.645432 -0.4924267
1.753445 1.645432 -0.4924267
1.753445 1.645432 -0.4924267
1.417397 0.9204919 -0.09625011
1.417397 0.9204919 -0.09625011
1.417397 0.9204919 -0.09625011
1.417397 0.9204919 -0.09625011
1.417397 0.9204919 -0.09625011
1.417397 0.9204919 -0.09625011
1.417397 0.9204919 -0.09625011
1.417397 0.9204919 -0.09625011
1.417397 0.9204919 -0.09625011
1.417397 0.9204919 -0.09625011
1.417397 0.9204919 -0.09625011
1.417397 0.9204919 -0.09625011
1.417397 0.9204919 -0.09625011
1.417397 0.9204919 -0.09625011
1.417397 0.9204919 -0.09625011
1.417397 0.9204919 -0.09625011
1.417397 0.9204919 -0.09625011
1.510941 1.277704 -0.4526735
1.510941 1.277704 -0.4526735
1.510941 1.277704 -0.4526735
1.510941 1.277704 -0.4526735
1.510941 1.277704 -0.4526735
1.510941 1.277704 -0.4526735
1.510941 1.277704 -0.4526735
1.510941 1.277704 -0.4526735
1.510941 1.277704 -0.4526735
1.510941 1.277704 -0.4526735
1.510941 1.277704 -0.4526735
1.510941 1.277704 -0.4526735
1.510941 1.277704 -0.4526735
1.510941 1.277704 -0.4526735
1.510941 1.277704 -0.4526735
1.510941 1.277704 -0.4526735
1.510941 1.277704 -0.4526735
1.510941 1.277704 -0.4526735
1.510941 1.277704 -0.4526735
1.510941 1.277704 -0.4526735
1.510941 1.277704 -0.4526735
1.510941 1.277704 -0.4526735
1.510941 1.277704 -0.4526735
1.510941 1.277704 -0.4526735
1.510941 1.277704 -0.4526735
1.624641 1.36156 -0.4985879
1.624641 1.36156 -0.4985879
1.624641 1.36156 -0.4985879
1.624641 1.36156 -0.4985879
1.624641 1.36156 -0.4985879
1.624641 1.36156 -0.4985879
1.624641 1.36156 -0.4985879
1.624641 1.36156 -0.4985879
1.624641 1.36156 -0.4985879
1.624641 1.36156 -0.4985879
1.624641 1.36156 -0.4985879
1.624641 1.36156 -0.4985879
1.624641 1.36156 -0.4985879
1.624641 1.36156 -0.4985879
1.624641 1.36156 -0.4985879
1.624641 1.36156 -0.4985879
1.624641 1.36156 -0.4985879
1.624641 1.36156 -0.4985879
1.624641 1.36156 -0.4985879
1.624641 1.36156 -0.4985879
1.624641 1.36156 -0.4985879
1.624641 1.36156 -0.4985879
1.908822 1.112514 -0.2912314
1.908822 1.112514 -0.2912314
1.908822 1.112514 -0.2912314
1.908822 1.112514 -0.2912314
1.908822 1.112514 -0.2912314
1.908822 1.112514 -0.2912314
1.908822 1.112514 -0.2912314
1.908822 1.112514 -0.2912314
1.908822 1.112514 -0.2912314
1.908822 1.112514 -0.2912314
1.908822 1.112514 -0.2912314
1.908822 1.112514 -0.2912314
1.908822 1.112514 -0.2912314
1.908822 1.112514 -0.2912314
1.908822 1.112514 -0.2912314
1.908822 1.112514 -0.2912314
1.908822 1.112514 -0.2912314
1.908822 1.112514 -0.2912314
1.908822 1.112514 -0.2912314
1.908822 1.112514 -0.2912314
1.908822 1.112514 -0.2912314
1.908822 1.112514 -0.2912314
1.908822 1.112514 -0.2912314
1.908822 1.112514 -0.2912314
1.908822 1.112514 -0.2912314
1.908822 1.112514 -0.2912314
1.908822 1.112514 -0.2912314
1.908822 1.112514 -0.2912314
1.908822 1.112514 -0.2912314
1.908822 1.112514 -0.2912314
1.908822 1.112514 -0.2912314
1.908822 1.112514 -0.2912314
1.908822 1.112514 -0.2912314
1.908822 1.112514 -0.2912314
1.908822 1.112514 -0.2912314
1.908822 1.112514 -0.2912314
1.908822 1.112514 -0.2912314
1.908822 1.112514 -0.2912314
2.00858 1.208167 -0.370123
2.00858 1.208167 -0.370123
2.00858 1.208167 -0.370123
1.739773 0.6385428 -0.6388779
1.739773 0.6385428 -0.6388779
1.739773 0.6385428 -0.6388779
1.739773 0.6385428 -0.6388779
1.739773 0.6385428 -0.6388779
1.739773 0.6385428 -0.6388779
1.739773 0.6385428 -0.6388779
1.739773 0.6385428 -0.6388779
1.739773 0.6385428 -0.6388779
1.739773 0.6385428 -0.6388779
1.739773 0.6385428 -0.6388779
1.739773 0.6385428 -0.6388779
1.739773 0.6385428 -0.6388779
1.739773 0.6385428 -0.6388779
1.739773 0.6385428 -0.6388779
1.739773 0.6385428 -0.6388779
1.739773 0.6385428 -0.6388779
1.739773 0.6385428 -0.6388779
1.739773 0.6385428 -0.6388779
1.739773 0.6385428 -0.6388779
1.739773 0.6385428 -0.6388779
1.739773 0.6385428 -0.6388779
1.739773 0.6385428 -0.6388779
1.739773 0.6385428 -0.6388779
1.739773 0.6385428 -0.6388779
1.739773 0.6385428 -0.6388779
1.739773 0.6385428 -0.6388779
1.739773 0.6385428 -0.6388779
1.739773 0.6385428 -0.6388779
1.739773 0.6385428 -0.6388779
1.739773 0.6385428 -0.6388779
1.739773 0.6385428 -0.6388779
1.739773 0.6385428 -0.6388779
1.739773 0.6385428 -0.6388779
1.739773 0.6385428 -0.6388779
1.739773 0.6385428 -0.6388779
1.739773 0.6385428 -0.6388779
1.739773 0.6385428 -0.6388779
1.739773 0.6385428 -0.6388779
1.739773 0.6385428 -0.6388779
1.739773 0.6385428 -0.6388779
1.739773 0.6385428 -0.6388779
1.739773 0.6385428 -0.6388779
1.739773 0.6385428 -0.6388779
1.739773 0.6385428 -0.6388779
1.739773 0.6385428 -0.6388779
1.739773 0.6385428 -0.6388779
1.739773 0.6385428 -0.6388779
1.739773 0.6385428 -0.6388779
1.739773 0.6385428 -0.6388779
1.739773 0.6385428 -0.6388779
1.739773 0.6385428 -0.6388779
1.739773 0.6385428 -0.6388779
1.739773 0.6385428 -0.6388779
1.739773 0.6385428 -0.6388779
1.739773 0.6385428 -0.6388779
1.739773 0.6385428 -0.6388779
1.821429 0.7668954 -0.69992
1.821429 0.7668954 -0.69992
1.821429 0.7668954 -0.69992
1.821429 0.7668954 -0.69992
1.821429 0.7668954 -0.69992
1.821429 0.7668954 -0.69992
1.821429 0.7668954 -0.69992
1.821429 0.7668954 -0.69992
1.821429 0.7668954 -0.69992
1.821429 0.7668954 -0.69992
1.821429 0.7668954 -0.69992
1.821429 0.7668954 -0.69992
1.821429 0.7668954 -0.69992
1.821429 0.7668954 -0.69992
1.821429 0.7668954 -0.69992
1.821429 0.7668954 -0.69992
1.821429 0.7668954 -0.69992
1.821429 0.7668954 -0.69992
1.821429 0.7668954 -0.69992
1.821429 0.7668954 -0.69992
1.821429 0.7668954 -0.69992
1.998607 1.402459 -0.5281763
1.998607 1.402459 -0.5281763
1.998607 1.402459 -0.5281763
1.998607 1.402459 -0.5281763
1.998607 1.402459 -0.5281763
1.998607 1.402459 -0.5281763
1.998607 1.402459 -0.5281763
1.998607 1.402459 -0.5281763
1.998607 1.402459 -0.5281763
1.998607 1.402459 -0.5281763
1.998607 1.402459 -0.5281763
1.998607 1.402459 -0.5281763
1.998607 1.402459 -0.5281763
1.998607 1.402459 -0.5281763
1.998607 1.402459 -0.5281763
1.998607 1.402459 -0.5281763
1.998607 1.402459 -0.5281763
1.998607 1.402459 -0.5281763
1.998607 1.402459 -0.5281763
1.998607 1.402459 -0.5281763
1.998607 1.402459 -0.5281763
1.998607 1.402459 -0.5281763
1.998607 1.402459 -0.5281763
1.998607 1.402459 -0.5281763
1.998607 1.402459 -0.5281763
1.998607 1.402459 -0.5281763
1.998607 1.402459 -0.5281763
1.998607 1.402459 -0.5281763
1.998607 1.402459 -0.5281763
1.998607 1.402459 -0.5281763
1.998607 1.402459 -0.5281763
1.998607 1.402459 -0.5281763
1.998607 1.402459 -0.5281763
1.998607 1.402459 -0.5281763
1.998607 1.402459 -0.5281763
1.998607 1.402459 -0.5281763
1.998607 1.402459 -0.5281763
1.998607 1.402459 -0.5281763
1.998607 1.402459 -0.5281763
2.050901 1.454128 -0.6063221
2.050901 1.454128 -0.6063221
2.050901 1.454128 -0.6063221
2.050901 1.454128 -0.6063221
2.050901 1.454128 -0.6063221
2.050901 1.454128 -0.6063221
2.050901 1.454128 -0.6063221
2.050901 1.454128 -0.6063221
2.050901 1.454128 -0.6063221
2.050901 1.454128 -0.6063221
2.050901 1.454128 -0.6063221
2.050901 1.454128 -0.6063221
2.050901 1.454128 -0.6063221
2.050901 1.454128 -0.6063221
2.050901 1.454128 -0.6063221
2.050901 1.454128 -0.6063221
2.050901 1.454128 -0.6063221
2.050901 1.454128 -0.6063221
2.050901 1.454128 -0.6063221
2.050901 1.454128 -0.6063221
2.050901 1.454128 -0.6063221
2.050901 1.454128 -0.6063221
2.050901 1.454128 -0.6063221
2.050901 1.454128 -0.6063221
2.050901 1.454128 -0.6063221
2.050901 1.454128 -0.6063221
2.050901 1.454128 -0.6063221
2.050901 1.454128 -0.6063221
2.050901 1.454128 -0.6063221
2.050901 1.454128 -0.6063221
2.050901 1.454128 -0.6063221
2.050901 1.454128 -0.6063221
2.050901 1.454128 -0.6063221
2.050901 1.454128 -0.6063221
2.050901 1.454128 -0.6063221
2.050901 1.454128 -0.6063221
2.050901 1.454128 -0.6063221
2.050901 1.454128 -0.6063221
2.050901 1.454128 -0.6063221
2.050901 1.454128 -0.6063221
2.050901 1.454128 -0.6063221
2.050901 1.454128 -0.6063221
2.050901 1.454128 -0.6063221
2.050901 1.454128 -0.6063221
2.050901 1.454128 -0.6063221
2.050901 1.454128 -0.6063221
2.050901 1.454128 -0.6063221
2.050901 1.454128 -0.6063221
2.050901 1.454128 -0.6063221
2.050901 1.454128 -0.6063221
2.050901 1.454128 -0.6063221
2.050901 1.454128 -0.6063221
2.050901 1.454128 -0.6063221
2.050901 1.454128 -0.6063221
2.050901 1.454128 -0.6063221
2.050901 1.454128 -0.6063221
2.050901 1.454128 -0.6063221
2.050901 1.454128 -0.6063221
2.050901 1.454128 -0.6063221
2.050901 1.454128 -0.6063221
2.120783 1.574205 -0.6651987
2.120783 1.574205 -0.6651987
2.120783 1.574205 -0.6651987
2.120783 1.574205 -0.6651987
2.120783 1.574205 -0.6651987
2.120783 1.574205 -0.6651987
2.120783 1.574205 -0.6651987
2.120783 1.574205 -0.6651987
2.120783 1.574205 -0.6651987
2.120783 1.574205 -0.6651987
2.120783 1.574205 -0.6651987
2.120783 1.574205 -0.6651987
2.120783 1.574205 -0.6651987
2.120783 1.574205 -0.6651987
2.120783 1.574205 -0.6651987
2.120783 1.574205 -0.6651987
2.120783 1.574205 -0.6651987
2.120783 1.574205 -0.6651987
2.120783 1.574205 -0.6651987
2.120783 1.574205 -0.6651987
2.120783 1.574205 -0.6651987
2.120783 1.574205 -0.6651987
2.120783 1.574205 -0.6651987
2.120783 1.574205 -0.6651987
2.120783 1.574205 -0.6651987
2.120783 1.574205 -0.6651987
2.120783 1.574205 -0.6651987
2.120783 1.574205 -0.6651987
2.120783 1.574205 -0.6651987
2.120783 1.574205 -0.6651987
2.120783 1.574205 -0.6651987
2.120783 1.574205 -0.6651987
2.120783 1.574205 -0.6651987
2.120783 1.574205 -0.6651987
2.120783 1.574205 -0.6651987
2.120783 1.574205 -0.6651987
2.120783 1.574205 -0.6651987
2.120783 1.574205 -0.6651987
2.120783 1.574205 -0.6651987
2.120783 1.574205 -0.6651987
2.120783 1.574205 -0.6651987
2.120783 1.574205 -0.6651987
2.120783 1.574205 -0.6651987
2.120783 1.574205 -0.6651987
2.120783 1.574205 -0.6651987
2.120783 1.574205 -0.6651987
2.120783 1.574205 -0.6651987
2.120783 1.574205 -0.6651987
2.120783 1.574205 -0.6651987
2.120783 1.574205 -0.6651987
2.120783 1.574205 -0.6651987
2.120783 1.574205 -0.6651987
2.120783 1.574205 -0.6651987
2.120783 1.574205 -0.6651987
2.120783 1.574205 -0.6651987
2.120783 1.574205 -0.6651987
2.120783 1.574205 -0.6651987
2.120783 1.574205 -0.6651987
2.120783 1.574205 -0.6651987
2.120783 1.574205 -0.6651987
2.210662 1.757666 -0.7545333
2.210662 1.757666 -0.7545333
2.210662 1.757666 -0.7545333
2.210662 1.757666 -0.7545333
2.210662 1.757666 -0.7545333
2.210662 1.757666 -0.7545333
2.210662 1.757666 -0.7545333
2.210662 1.757666 -0.7545333
2.210662 1.757666 -0.7545333
2.210662 1.757666 -0.7545333
2.210662 1.757666 -0.7545333
2.210662 1.757666 -0.7545333
2.210662 1.757666 -0.7545333
2.210662 1.757666 -0.7545333
2.210662 1.757666 -0.7545333
2.210662 1.757666 -0.7545333
2.210662 1.757666 -0.7545333
2.210662 1.757666 -0.7545333
2.210662 1.757666 -0.7545333
1.926906 1.159396 -1.269122
1.926906 1.159396 -1.269122
1.926906 1.159396 -1.269122
1.926906 1.159396 -1.269122
1.926906 1.159396 -1.269122
2.318118 1.713986 -0.8329994
1.996259 1.937319 -0.6419376
1.996259 1.937319 -0.6419376
1.996259 1.937319 -0.6419376
1.996259 1.937319 -0.6419376
1.996259 1.937319 -0.6419376
1.996259 1.937319 -0.6419376
1.996259 1.937319 -0.6419376
1.996259 1.937319 -0.6419376
1.996259 1.937319 -0.6419376
1.996259 1.937319 -0.6419376
1.996259 1.937319 -0.6419376
1.996259 1.937319 -0.6419376
1.996259 1.937319 -0.6419376
1.996259 1.937319 -0.6419376
1.768702 1.441653 -0.7815281
1.768702 1.441653 -0.7815281
1.768702 1.441653 -0.7815281
1.768702 1.441653 -0.7815281
1.768702 1.441653 -0.7815281
1.768702 1.441653 -0.7815281
1.768702 1.441653 -0.7815281
1.768702 1.441653 -0.7815281
1.768702 1.441653 -0.7815281
1.768702 1.441653 -0.7815281
1.768702 1.441653 -0.7815281
1.768702 1.441653 -0.7815281
1.768702 1.441653 -0.7815281
1.768702 1.441653 -0.7815281
1.768702 1.441653 -0.7815281
1.768702 1.441653 -0.7815281
1.768702 1.441653 -0.7815281
1.768702 1.441653 -0.7815281
1.768702 1.441653 -0.7815281
1.768702 1.441653 -0.7815281
1.768702 1.441653 -0.7815281
1.889212 1.616561 -0.829612
1.889212 1.616561 -0.829612
1.889212 1.616561 -0.829612
1.889212 1.616561 -0.829612
1.889212 1.616561 -0.829612
1.889212 1.616561 -0.829612
1.889212 1.616561 -0.829612
1.889212 1.616561 -0.829612
1.889212 1.616561 -0.829612
1.889212 1.616561 -0.829612
1.889212 1.616561 -0.829612
1.889212 1.616561 -0.829612
1.889212 1.616561 -0.829612
1.889212 1.616561 -0.829612
1.889212 1.616561 -0.829612
1.889212 1.616561 -0.829612
1.889212 1.616561 -0.829612
1.889212 1.616561 -0.829612
1.889212 1.616561 -0.829612
1.889212 1.616561 -0.829612
1.889212 1.616561 -0.829612
1.889212 1.616561 -0.829612
1.889212 1.616561 -0.829612
1.889212 1.616561 -0.829612
1.889212 1.616561 -0.829612
1.889212 1.616561 -0.829612
1.889212 1.616561 -0.829612
1.889212 1.616561 -0.829612
1.889212 1.616561 -0.829612
1.889212 1.616561 -0.829612
1.889212 1.616561 -0.829612
1.889212 1.616561 -0.829612
1.889212 1.616561 -0.829612
1.889212 1.616561 -0.829612
1.889212 1.616561 -0.829612
1.889212 1.616561 -0.829612
1.889212 1.616561 -0.829612
1.889212 1.616561 -0.829612
1.889212 1.616561 -0.829612
2.067577 1.537201 -0.5893824
2.067577 1.537201 -0.5893824
2.067577 1.537201 -0.5893824
2.067577 1.537201 -0.5893824
2.067577 1.537201 -0.5893824
2.067577 1.537201 -0.5893824
2.067577 1.537201 -0.5893824
2.067577 1.537201 -0.5893824
2.067577 1.537201 -0.5893824
2.067577 1.537201 -0.5893824
2.067577 1.537201 -0.5893824
2.067577 1.537201 -0.5893824
2.067577 1.537201 -0.5893824
2.067577 1.537201 -0.5893824
2.067577 1.537201 -0.5893824
2.067577 1.537201 -0.5893824
2.067577 1.537201 -0.5893824
2.067577 1.537201 -0.5893824
2.067577 1.537201 -0.5893824
2.067577 1.537201 -0.5893824
2.067577 1.537201 -0.5893824
2.063499 1.769056 -0.5836261
2.063499 1.769056 -0.5836261
2.063499 1.769056 -0.5836261
2.063499 1.769056 -0.5836261
2.063499 1.769056 -0.5836261
2.063499 1.769056 -0.5836261
2.063499 1.769056 -0.5836261
2.063499 1.769056 -0.5836261
2.063499 1.769056 -0.5836261
2.063499 1.769056 -0.5836261
2.063499 1.769056 -0.5836261
2.063499 1.769056 -0.5836261
2.063499 1.769056 -0.5836261
2.063499 1.769056 -0.5836261
2.063499 1.769056 -0.5836261
2.063499 1.769056 -0.5836261
2.063499 1.769056 -0.5836261
2.063499 1.769056 -0.5836261
2.063499 1.769056 -0.5836261
2.063499 1.769056 -0.5836261
2.063499 1.769056 -0.5836261
2.063499 1.769056 -0.5836261
2.063499 1.769056 -0.5836261
2.063499 1.769056 -0.5836261
2.063499 1.769056 -0.5836261
2.063499 1.769056 -0.5836261
2.063499 1.769056 -0.5836261
2.063499 1.769056 -0.5836261
2.063499 1.769056 -0.5836261
2.063499 1.769056 -0.5836261
2.063499 1.769056 -0.5836261
2.063499 1.769056 -0.5836261
2.063499 1.769056 -0.5836261
2.063499 1.769056 -0.5836261
2.063499 1.769056 -0.5836261
2.063499 1.769056 -0.5836261
2.063499 1.769056 -0.5836261
2.063499 1.769056 -0.5836261
2.063499 1.769056 -0.5836261
2.063499 1.769056 -0.5836261
2.063499 1.769056 -0.5836261
2.063499 1.769056 -0.5836261
2.063499 1.769056 -0.5836261
2.063499 1.769056 -0.5836261
2.063499 1.769056 -0.5836261
2.063499 1.769056 -0.5836261
2.063499 1.769056 -0.5836261
2.063499 1.769056 -0.5836261
2.063499 1.769056 -0.5836261
2.063499 1.769056 -0.5836261
2.063499 1.769056 -0.5836261
2.063499 1.769056 -0.5836261
2.063499 1.769056 -0.5836261
2.063499 1.769056 -0.5836261
2.063499 1.769056 -0.5836261
2.063499 1.769056 -0.5836261
2.063499 1.769056 -0.5836261
2.063499 1.769056 -0.5836261
2.063499 1.769056 -0.5836261
2.063499 1.769056 -0.5836261
2.071429 1.63459 -0.6701744
2.071429 1.63459 -0.6701744
2.071429 1.63459 -0.6701744
2.071429 1.63459 -0.6701744
2.071429 1.63459 -0.6701744
2.071429 1.63459 -0.6701744
2.071429 1.63459 -0.6701744
2.071429 1.63459 -0.6701744
2.071429 1.63459 -0.6701744
2.071429 1.63459 -0.6701744
2.071429 1.63459 -0.6701744
2.071429 1.63459 -0.6701744
2.071429 1.63459 -0.6701744
2.071429 1.63459 -0.6701744
2.071429 1.63459 -0.6701744
2.071429 1.63459 -0.6701744
2.071429 1.63459 -0.6701744
2.071429 1.63459 -0.6701744
2.071429 1.63459 -0.6701744
2.071429 1.63459 -0.6701744
2.071429 1.63459 -0.6701744
2.071429 1.63459 -0.6701744
2.071429 1.63459 -0.6701744
2.071429 1.63459 -0.6701744
2.071429 1.63459 -0.6701744
2.071429 1.63459 -0.6701744
2.071429 1.63459 -0.6701744
2.071429 1.63459 -0.6701744
2.081925 1.66607 -1.071839
2.081925 1.66607 -1.071839
2.081925 1.66607 -1.071839
2.081925 1.66607 -1.071839
2.081925 1.66607 -1.071839
2.081925 1.66607 -1.071839
2.081925 1.66607 -1.071839
2.081925 1.66607 -1.071839
2.081925 1.66607 -1.071839
2.081925 1.66607 -1.071839
2.081925 1.66607 -1.071839
2.081925 1.66607 -1.071839
2.081925 1.66607 -1.071839
2.081925 1.66607 -1.071839
2.081925 1.66607 -1.071839
2.081925 1.66607 -1.071839
2.081925 1.66607 -1.071839
2.081925 1.66607 -1.071839
2.081925 1.66607 -1.071839
2.081925 1.66607 -1.071839
2.081925 1.66607 -1.071839
2.081925 1.66607 -1.071839
2.081925 1.66607 -1.071839
2.081925 1.66607 -1.071839
2.081925 1.66607 -1.071839
2.081925 1.66607 -1.071839
2.081925 1.66607 -1.071839
2.081925 1.66607 -1.071839
2.081925 1.66607 -1.071839
2.081925 1.66607 -1.071839
2.081925 1.66607 -1.071839
2.081925 1.66607 -1.071839
2.312026 1.660055 -1.125755
2.312026 1.660055 -1.125755
2.312026 1.660055 -1.125755
2.312026 1.660055 -1.125755
2.312026 1.660055 -1.125755
2.312026 1.660055 -1.125755
2.312026 1.660055 -1.125755
2.312026 1.660055 -1.125755
2.312026 1.660055 -1.125755
2.312026 1.660055 -1.125755
2.312026 1.660055 -1.125755
2.312026 1.660055 -1.125755
2.312026 1.660055 -1.125755
2.312026 1.660055 -1.125755
2.312026 1.660055 -1.125755
2.312026 1.660055 -1.125755
2.312026 1.660055 -1.125755
2.312026 1.660055 -1.125755
2.312026 1.660055 -1.125755
2.312026 1.660055 -1.125755
2.312026 1.660055 -1.125755
2.312026 1.660055 -1.125755
2.312026 1.660055 -1.125755
2.312026 1.660055 -1.125755
2.312026 1.660055 -1.125755
2.312026 1.660055 -1.125755
2.312026 1.660055 -1.125755
2.312026 1.660055 -1.125755
2.312026 1.660055 -1.125755
2.312026 1.660055 -1.125755
2.312026 1.660055 -1.125755
2.312026 1.660055 -1.125755
2.312026 1.660055 -1.125755
2.312026 1.660055 -1.125755
2.312026 1.660055 -1.125755
2.312026 1.660055 -1.125755
2.312026 1.660055 -1.125755
2.312026 1.660055 -1.125755
2.312026 1.660055 -1.125755
2.312026 1.660055 -1.125755
2.312026 1.660055 -1.125755
2.312026 1.660055 -1.125755
2.312026 1.660055 -1.125755
2.312026 1.660055 -1.125755
2.312026 1.660055 -1.125755
2.312026 1.660055 -1.125755
2.312026 1.660055 -1.125755
2.312026 1.660055 -1.125755
2.312026 1.660055 -1.125755
2.312026 1.660055 -1.125755
2.312026 1.660055 -1.125755
2.312026 1.660055 -1.125755
2.312026 1.660055 -1.125755
2.312026 1.660055 -1.125755
2.312026 1.660055 -1.125755
2.312026 1.660055 -1.125755
2.312026 1.660055 -1.125755
2.312026 1.660055 -1.125755
2.312026 1.660055 -1.125755
2.312026 1.660055 -1.125755
2.256297 1.739875 -1.22897
2.256297 1.739875 -1.22897
2.256297 1.739875 -1.22897
2.256297 1.739875 -1.22897
2.256297 1.739875 -1.22897
2.256297 1.739875 -1.22897
2.256297 1.739875 -1.22897
2.256297 1.739875 -1.22897
2.256297 1.739875 -1.22897
2.256297 1.739875 -1.22897
2.256297 1.739875 -1.22897
2.256297 1.739875 -1.22897
2.256297 1.739875 -1.22897
2.256297 1.739875 -1.22897
2.256297 1.739875 -1.22897
2.256297 1.739875 -1.22897
2.352146 2.118725 -1.100766
2.352146 2.118725 -1.100766
2.352146 2.118725 -1.100766
2.352146 2.118725 -1.100766
2.352146 2.118725 -1.100766
2.352146 2.118725 -1.100766
2.352146 2.118725 -1.100766
2.352146 2.118725 -1.100766
2.352146 2.118725 -1.100766
2.352146 2.118725 -1.100766
2.352146 2.118725 -1.100766
2.352146 2.118725 -1.100766
2.352146 2.118725 -1.100766
2.352146 2.118725 -1.100766
2.352146 2.118725 -1.100766
2.352146 2.118725 -1.100766
2.352146 2.118725 -1.100766
2.352146 2.118725 -1.100766
2.352146 2.118725 -1.100766
2.352146 2.118725 -1.100766
2.352146 2.118725 -1.100766
2.352146 2.118725 -1.100766
2.352146 2.118725 -1.100766
2.352146 2.118725 -1.100766
2.352146 2.118725 -1.100766
2.352146 2.118725 -1.100766
2.352146 2.118725 -1.100766
2.352146 2.118725 -1.100766
2.352146 2.118725 -1.100766
2.352146 2.118725 -1.100766
2.352146 2.118725 -1.100766
2.352146 2.118725 -1.100766
2.352146 2.118725 -1.100766
2.352146 2.118725 -1.100766
2.352146 2.118725 -1.100766
2.352146 2.118725 -1.100766
2.352146 2.118725 -1.100766
2.352146 2.118725 -1.100766
2.352146 2.118725 -1.100766
2.352146 2.118725 -1.100766
2.352146 2.118725 -1.100766
2.352146 2.118725 -1.100766
2.352146 2.118725 -1.100766
2.352146 2.118725 -1.100766
2.531994 2.180614 -1.285754
2.531994 2.180614 -1.285754
2.531994 2.180614 -1.285754
2.531994 2.180614 -1.285754
2.531994 2.180614 -1.285754
2.531994 2.180614 -1.285754
2.531994 2.180614 -1.285754
2.531994 2.180614 -1.285754
2.531994 2.180614 -1.285754
2.531994 2.180614 -1.285754
2.531994 2.180614 -1.285754
2.609838 2.290753 -1.925057
2.609838 2.290753 -1.925057
2.609838 2.290753 -1.925057
2.609838 2.290753 -1.925057
2.609838 2.290753 -1.925057
2.609838 2.290753 -1.925057
2.609838 2.290753 -1.925057
2.609838 2.290753 -1.925057
2.609838 2.290753 -1.925057
2.609838 2.290753 -1.925057
2.609838 2.290753 -1.925057
2.609838 2.290753 -1.925057
2.609838 2.290753 -1.925057
2.609838 2.290753 -1.925057
2.609838 2.290753 -1.925057
2.609838 2.290753 -1.925057
2.609838 2.290753 -1.925057
2.609838 2.290753 -1.925057
2.609838 2.290753 -1.925057
2.609838 2.290753 -1.925057
2.609838 2.290753 -1.925057
2.609838 2.290753 -1.925057
2.609838 2.290753 -1.925057
2.609838 2.290753 -1.925057
2.609838 2.290753 -1.925057
2.609838 2.290753 -1.925057
2.609838 2.290753 -1.925057
2.609838 2.290753 -1.925057
2.609838 2.290753 -1.925057
2.609838 2.290753 -1.925057
2.609838 2.290753 -1.925057
2.609838 2.290753 -1.925057
2.609838 2.290753 -1.925057
2.609838 2.290753 -1.925057
2.609838 2.290753 -1.925057
2.609838 2.290753 -1.925057
2.609838 2.290753 -1.925057
2.609838 2.290753 -1.925057
2.609838 2.290753 -1.925057
2.609838 2.290753 -1.925057
2.609838 2.290753 -1.925057
2.609838 2.290753 -1.925057
2.609838 2.290753 -1.925057
2.609838 2.290753 -1.925057
2.609838 2.290753 -1.925057
2.609838 2.290753 -1.925057
2.609838 2.290753 -1.925057
2.609838 2.290753 -1.925057
2.609838 2.290753 -1.925057
2.706028 2.344634 -2.035145
2.706028 2.344634 -2.035145
2.706028 2.344634 -2.035145
2.706028 2.344634 -2.035145
2.706028 2.344634 -2.035145
2.706028 2.344634 -2.035145
2.706028 2.344634 -2.035145
2.706028 2.344634 -2.035145
2.706028 2.344634 -2.035145
2.706028 2.344634 -2.035145
2.706028 2.344634 -2.035145
2.706028 2.344634 -2.035145
2.706028 2.344634 -2.035145
2.706028 2.344634 -2.035145
2.706028 2.344634 -2.035145
2.706028 2.344634 -2.035145
2.706028 2.344634 -2.035145
2.706028 2.344634 -2.035145
2.706028 2.344634 -2.035145
2.706028 2.344634 -2.035145
2.706028 2.344634 -2.035145
2.706028 2.344634 -2.035145
2.706028 2.344634 -2.035145
2.706028 2.344634 -2.035145
2.706028 2.344634 -2.035145
2.706028 2.344634 -2.035145
2.706028 2.344634 -2.035145
2.706028 2.344634 -2.035145
2.706028 2.344634 -2.035145
2.706028 2.344634 -2.035145
2.706028 2.344634 -2.035145
2.706028 2.344634 -2.035145
2.706028 2.344634 -2.035145
2.284374 2.233909 -1.150296
2.284374 2.233909 -1.150296
2.284374 2.233909 -1.150296
2.284374 2.233909 -1.150296
2.284374 2.233909 -1.150296
2.284374 2.233909 -1.150296
2.284374 2.233909 -1.150296
2.284374 2.233909 -1.150296
2.284374 2.233909 -1.150296
2.284374 2.233909 -1.150296
2.284374 2.233909 -1.150296
2.284374 2.233909 -1.150296
2.284374 2.233909 -1.150296
2.284374 2.233909 -1.150296
2.284374 2.233909 -1.150296
2.284374 2.233909 -1.150296
2.284374 2.233909 -1.150296
2.284374 2.233909 -1.150296
2.284374 2.233909 -1.150296
2.284374 2.233909 -1.150296
2.284374 2.233909 -1.150296
2.284374 2.233909 -1.150296
2.284374 2.233909 -1.150296
2.284374 2.233909 -1.150296
2.284374 2.233909 -1.150296
2.284374 2.233909 -1.150296
2.284374 2.233909 -1.150296
1.823881 2.192163 -1.406275
1.823881 2.192163 -1.406275
1.823881 2.192163 -1.406275
1.823881 2.192163 -1.406275
1.823881 2.192163 -1.406275
1.823881 2.192163 -1.406275
1.823881 2.192163 -1.406275
1.823881 2.192163 -1.406275
1.823881 2.192163 -1.406275
1.823881 2.192163 -1.406275
2.527606 2.491699 -1.986674
2.527606 2.491699 -1.986674
2.527606 2.491699 -1.986674
2.527606 2.491699 -1.986674
2.527606 2.491699 -1.986674
2.527606 2.491699 -1.986674
2.527606 2.491699 -1.986674
2.527606 2.491699 -1.986674
2.527606 2.491699 -1.986674
2.527606 2.491699 -1.986674
2.527606 2.491699 -1.986674
2.527606 2.491699 -1.986674
2.527606 2.491699 -1.986674
2.527606 2.491699 -1.986674
2.527606 2.491699 -1.986674
2.527606 2.491699 -1.986674
2.527606 2.491699 -1.986674
2.527606 2.491699 -1.986674
2.527606 2.491699 -1.986674
2.527606 2.491699 -1.986674
2.527606 2.491699 -1.986674
2.527606 2.491699 -1.986674
2.527606 2.491699 -1.986674
2.527606 2.491699 -1.986674
2.527606 2.491699 -1.986674
2.527606 2.491699 -1.986674
2.527606 2.491699 -1.986674
2.527606 2.491699 -1.986674
2.527606 2.491699 -1.986674
2.527606 2.491699 -1.986674
2.527606 2.491699 -1.986674
2.527606 2.491699 -1.986674
2.527606 2.491699 -1.986674
2.527606 2.491699 -1.986674
2.527606 2.491699 -1.986674
2.527606 2.491699 -1.986674
2.527606 2.491699 -1.986674
2.527606 2.491699 -1.986674
2.527606 2.491699 -1.986674
2.527606 2.491699 -1.986674
2.527606 2.491699 -1.986674
2.527606 2.491699 -1.986674
2.527606 2.491699 -1.986674
2.527606 2.491699 -1.986674
2.527606 2.491699 -1.986674
2.527606 2.491699 -1.986674
2.527606 2.491699 -1.986674
2.527606 2.491699 -1.986674
2.527606 2.491699 -1.986674
2.527606 2.491699 -1.986674
2.252365 2.487201 -1.90908
2.252365 2.487201 -1.90908
2.252365 2.487201 -1.90908
2.252365 2.487201 -1.90908
2.252365 2.487201 -1.90908
2.252365 2.487201 -1.90908
2.252365 2.487201 -1.90908
2.252365 2.487201 -1.90908
2.252365 2.487201 -1.90908
2.252365 2.487201 -1.90908
2.252365 2.487201 -1.90908
2.298314 1.929745 -1.27572
2.298314 1.929745 -1.27572
2.298314 1.929745 -1.27572
2.298314 1.929745 -1.27572
2.298314 1.929745 -1.27572
2.298314 1.929745 -1.27572
2.298314 1.929745 -1.27572
2.298314 1.929745 -1.27572
2.298314 1.929745 -1.27572
2.298314 1.929745 -1.27572
2.298314 1.929745 -1.27572
2.298314 1.929745 -1.27572
2.298314 1.929745 -1.27572
2.298314 1.929745 -1.27572
2.298314 1.929745 -1.27572
2.298314 1.929745 -1.27572
2.298314 1.929745 -1.27572
2.298314 1.929745 -1.27572
2.298314 1.929745 -1.27572
2.298314 1.929745 -1.27572
2.298314 1.929745 -1.27572
2.298314 1.929745 -1.27572
2.298314 1.929745 -1.27572
2.298314 1.929745 -1.27572
2.298314 1.929745 -1.27572
2.298314 1.929745 -1.27572
2.298314 1.929745 -1.27572
2.298314 1.929745 -1.27572
2.298314 1.929745 -1.27572
2.429751 1.927453 -1.82453
2.429751 1.927453 -1.82453
2.429751 1.927453 -1.82453
2.429751 1.927453 -1.82453
2.429751 1.927453 -1.82453
2.429751 1.927453 -1.82453
2.429751 1.927453 -1.82453
2.429751 1.927453 -1.82453
2.429751 1.927453 -1.82453
2.429751 1.927453 -1.82453
2.429751 1.927453 -1.82453
2.429751 1.927453 -1.82453
2.541861 2.461397 -1.801576
2.541861 2.461397 -1.801576
2.541861 2.461397 -1.801576
2.541861 2.461397 -1.801576
2.541861 2.461397 -1.801576
2.541861 2.461397 -1.801576
2.541861 2.461397 -1.801576
2.541861 2.461397 -1.801576
2.743965 2.449235 -1.791778
2.743965 2.449235 -1.791778
2.743965 2.449235 -1.791778
2.743965 2.449235 -1.791778
2.743965 2.449235 -1.791778
2.743965 2.449235 -1.791778
2.743965 2.449235 -1.791778
2.743965 2.449235 -1.791778
2.743965 2.449235 -1.791778
2.561228 1.891849 -1.402565
2.561228 1.891849 -1.402565
2.561228 1.891849 -1.402565
2.561228 1.891849 -1.402565
2.561228 1.891849 -1.402565
2.561228 1.891849 -1.402565
2.561228 1.891849 -1.402565
2.561228 1.891849 -1.402565
2.561228 1.891849 -1.402565
2.561228 1.891849 -1.402565
2.561228 1.891849 -1.402565
2.561228 1.891849 -1.402565
2.185519 2.346625 -1.742771
2.185519 2.346625 -1.742771
2.185519 2.346625 -1.742771
2.185519 2.346625 -1.742771
2.185519 2.346625 -1.742771
2.185519 2.346625 -1.742771
2.185519 2.346625 -1.742771
2.185519 2.346625 -1.742771
2.185519 2.346625 -1.742771
2.185519 2.346625 -1.742771
2.185519 2.346625 -1.742771
2.185519 2.346625 -1.742771
2.185519 2.346625 -1.742771
2.185519 2.346625 -1.742771
2.185519 2.346625 -1.742771
2.185519 2.346625 -1.742771
2.185519 2.346625 -1.742771
2.185519 2.346625 -1.742771
2.185519 2.346625 -1.742771
2.185519 2.346625 -1.742771
2.185519 2.346625 -1.742771
2.185519 2.346625 -1.742771
2.185519 2.346625 -1.742771
2.185519 2.346625 -1.742771
2.185519 2.346625 -1.742771
2.185519 2.346625 -1.742771
2.185519 2.346625 -1.742771
2.185519 2.346625 -1.742771
2.185519 2.346625 -1.742771
2.185519 2.346625 -1.742771
2.185519 2.346625 -1.742771
2.185519 2.346625 -1.742771
2.185519 2.346625 -1.742771
2.185519 2.346625 -1.742771
2.185519 2.346625 -1.742771
2.185519 2.346625 -1.742771
2.185519 2.346625 -1.742771
2.185519 2.346625 -1.742771
2.185519 2.346625 -1.742771
2.421984 2.344617 -1.787023
2.421984 2.344617 -1.787023
2.421984 2.344617 -1.787023
2.421984 2.344617 -1.787023
2.421984 2.344617 -1.787023
2.421984 2.344617 -1.787023
2.421984 2.344617 -1.787023
2.421984 2.344617 -1.787023
2.421984 2.344617 -1.787023
2.421984 2.344617 -1.787023
2.421984 2.344617 -1.787023
2.421984 2.344617 -1.787023
2.421984 2.344617 -1.787023
2.421984 2.344617 -1.787023
2.180845 1.918241 -1.651539
2.180845 1.918241 -1.651539
2.180845 1.918241 -1.651539
2.180845 1.918241 -1.651539
2.180845 1.918241 -1.651539
2.180845 1.918241 -1.651539
2.180845 1.918241 -1.651539
2.180845 1.918241 -1.651539
2.180845 1.918241 -1.651539
2.180845 1.918241 -1.651539
2.180845 1.918241 -1.651539
2.180845 1.918241 -1.651539
2.180845 1.918241 -1.651539
2.180845 1.918241 -1.651539
2.180845 1.918241 -1.651539
2.180845 1.918241 -1.651539
2.180845 1.918241 -1.651539
2.180845 1.918241 -1.651539
2.180845 1.918241 -1.651539
2.180845 1.918241 -1.651539
2.180845 1.918241 -1.651539
2.180845 1.918241 -1.651539
2.180845 1.918241 -1.651539
2.180845 1.918241 -1.651539
2.180845 1.918241 -1.651539
2.180845 1.918241 -1.651539
2.180845 1.918241 -1.651539
2.180845 1.918241 -1.651539
2.180845 1.918241 -1.651539
2.180845 1.918241 -1.651539
2.180845 1.918241 -1.651539
2.180845 1.918241 -1.651539
2.180845 1.918241 -1.651539
2.180845 1.918241 -1.651539
2.180845 1.918241 -1.651539
2.180845 1.918241 -1.651539
2.180845 1.918241 -1.651539
2.180845 1.918241 -1.651539
2.180845 1.918241 -1.651539
2.180845 1.918241 -1.651539
2.180845 1.918241 -1.651539
2.180845 1.918241 -1.651539
2.180845 1.918241 -1.651539
2.180845 1.918241 -1.651539
2.180845 1.918241 -1.651539
2.180845 1.918241 -1.651539
2.352271 1.918309 -1.61956
2.352271 1.918309 -1.61956
2.352271 1.918309 -1.61956
2.352271 1.918309 -1.61956
2.352271 1.918309 -1.61956
2.352271 1.918309 -1.61956
2.352271 1.918309 -1.61956
2.352271 1.918309 -1.61956
2.352271 1.918309 -1.61956
2.352271 1.918309 -1.61956
2.352271 1.918309 -1.61956
2.352271 1.918309 -1.61956
2.352271 1.918309 -1.61956
2.352271 1.918309 -1.61956
2.352271 1.918309 -1.61956
2.352271 1.918309 -1.61956
2.352271 1.918309 -1.61956
2.352271 1.918309 -1.61956
2.352271 1.918309 -1.61956
2.352271 1.918309 -1.61956
2.352271 1.918309 -1.61956
2.352271 1.918309 -1.61956
2.352271 1.918309 -1.61956
2.352271 1.918309 -1.61956
2.352271 1.918309 -1.61956
2.352271 1.918309 -1.61956
2.352271 1.918309 -1.61956
2.352271 1.918309 -1.61956
2.352271 1.918309 -1.61956
2.352271 1.918309 -1.61956
2.352271 1.918309 -1.61956
2.352271 1.918309 -1.61956
2.352271 1.918309 -1.61956
2.352271 1.918309 -1.61956
2.352271 1.918309 -1.61956
2.352271 1.918309 -1.61956
2.352271 1.918309 -1.61956
2.352271 1.918309 -1.61956
2.352271 1.918309 -1.61956
2.352271 1.918309 -1.61956
2.352271 1.918309 -1.61956
2.352271 1.918309 -1.61956
2.352271 1.918309 -1.61956
2.352271 1.918309 -1.61956
2.352271 1.918309 -1.61956
2.352271 1.918309 -1.61956
2.352271 1.918309 -1.61956
2.352271 1.918309 -1.61956
2.352271 1.918309 -1.61956
2.352271 1.918309 -1.61956
2.352271 1.918309 -1.61956
2.352271 1.918309 -1.61956
2.352271 1.918309 -1.61956
2.352271 1.918309 -1.61956
2.352271 1.918309 -1.61956
2.352271 1.918309 -1.61956
2.352271 1.918309 -1.61956
2.352271 1.918309 -1.61956
2.352271 1.918309 -1.61956
2.352271 1.918309 -1.61956
2.372258 1.978745 -1.689815
2.372258 1.978745 -1.689815
2.372258 1.978745 -1.689815
2.372258 1.978745 -1.689815
2.372258 1.978745 -1.689815
2.372258 1.978745 -1.689815
2.372258 1.978745 -1.689815
2.372258 1.978745 -1.689815
2.372258 1.978745 -1.689815
2.372258 1.978745 -1.689815
2.372258 1.978745 -1.689815
2.372258 1.978745 -1.689815
2.372258 1.978745 -1.689815
2.372258 1.978745 -1.689815
2.372258 1.978745 -1.689815
2.372258 1.978745 -1.689815
2.372258 1.978745 -1.689815
2.372258 1.978745 -1.689815
2.372258 1.978745 -1.689815
2.372258 1.978745 -1.689815
2.372258 1.978745 -1.689815
2.372258 1.978745 -1.689815
2.372258 1.978745 -1.689815
2.372258 1.978745 -1.689815
2.372258 1.978745 -1.689815
2.372258 1.978745 -1.689815
2.372258 1.978745 -1.689815
2.372258 1.978745 -1.689815
2.372258 1.978745 -1.689815
2.372258 1.978745 -1.689815
2.372258 1.978745 -1.689815
2.372258 1.978745 -1.689815
2.372258 1.978745 -1.689815
2.372258 1.978745 -1.689815
2.372258 1.978745 -1.689815
2.372258 1.978745 -1.689815
2.372258 1.978745 -1.689815
2.372258 1.978745 -1.689815
2.372258 1.978745 -1.689815
2.372258 1.978745 -1.689815
2.372258 1.978745 -1.689815
2.372258 1.978745 -1.689815
2.372258 1.978745 -1.689815
2.372258 1.978745 -1.689815
2.372258 1.978745 -1.689815
2.372258 1.978745 -1.689815
2.372258 1.978745 -1.689815
2.372258 1.978745 -1.689815
2.372258 1.978745 -1.689815
2.372258 1.978745 -1.689815
2.372258 1.978745 -1.689815
2.372258 1.978745 -1.689815
2.372258 1.978745 -1.689815
2.372258 1.978745 -1.689815
2.372258 1.978745 -1.689815
2.372258 1.978745 -1.689815
2.372258 1.978745 -1.689815
2.372258 1.978745 -1.689815
2.372258 1.978745 -1.689815
2.372258 1.978745 -1.689815
2.357053 2.071698 -1.691994
2.357053 2.071698 -1.691994
2.357053 2.071698 -1.691994
2.357053 2.071698 -1.691994
2.357053 2.071698 -1.691994
2.357053 2.071698 -1.691994
2.357053 2.071698 -1.691994
2.357053 2.071698 -1.691994
2.357053 2.071698 -1.691994
2.357053 2.071698 -1.691994
2.357053 2.071698 -1.691994
2.357053 2.071698 -1.691994
2.357053 2.071698 -1.691994
2.357053 2.071698 -1.691994
2.357053 2.071698 -1.691994
2.357053 2.071698 -1.691994
2.357053 2.071698 -1.691994
2.357053 2.071698 -1.691994
2.357053 2.071698 -1.691994
2.357053 2.071698 -1.691994
2.357053 2.071698 -1.691994
2.357053 2.071698 -1.691994
2.357053 2.071698 -1.691994
2.357053 2.071698 -1.691994
2.357053 2.071698 -1.691994
2.357053 2.071698 -1.691994
2.357053 2.071698 -1.691994
2.357053 2.071698 -1.691994
2.357053 2.071698 -1.691994
2.357053 2.071698 -1.691994
2.357053 2.071698 -1.691994
2.357053 2.071698 -1.691994
2.357053 2.071698 -1.691994
2.357053 2.071698 -1.691994
2.357053 2.071698 -1.691994
2.357053 2.071698 -1.691994
2.357053 2.071698 -1.691994
2.357053 2.071698 -1.691994
2.357053 2.071698 -1.691994
2.357053 2.071698 -1.691994
2.357053 2.071698 -1.691994
2.357053 2.071698 -1.691994
2.357053 2.071698 -1.691994
2.357053 2.071698 -1.691994
2.357053 2.071698 -1.691994
2.357053 2.071698 -1.691994
2.357053 2.071698 -1.691994
2.357053 2.071698 -1.691994
2.357053 2.071698 -1.691994
2.357053 2.071698 -1.691994
2.357053 2.071698 -1.691994
2.357053 2.071698 -1.691994
2.357053 2.071698 -1.691994
2.357053 2.071698 -1.691994
2.357053 2.071698 -1.691994
2.357053 2.071698 -1.691994
2.357053 2.071698 -1.691994
2.357053 2.071698 -1.691994
2.357053 2.071698 -1.691994
2.357053 2.071698 -1.691994
2.337811 2.169876 -1.640386
2.337811 2.169876 -1.640386
2.337811 2.169876 -1.640386
2.337811 2.169876 -1.640386
2.337811 2.169876 -1.640386
2.337811 2.169876 -1.640386
2.337811 2.169876 -1.640386
2.337811 2.169876 -1.640386
2.337811 2.169876 -1.640386
2.337811 2.169876 -1.640386
2.337811 2.169876 -1.640386
2.337811 2.169876 -1.640386
2.337811 2.169876 -1.640386
2.337811 2.169876 -1.640386
2.337811 2.169876 -1.640386
2.337811 2.169876 -1.640386
2.337811 2.169876 -1.640386
2.337811 2.169876 -1.640386
2.337811 2.169876 -1.640386
2.337811 2.169876 -1.640386
2.337811 2.169876 -1.640386
2.337811 2.169876 -1.640386
2.337811 2.169876 -1.640386
2.337811 2.169876 -1.640386
2.337811 2.169876 -1.640386
2.337811 2.169876 -1.640386
2.337811 2.169876 -1.640386
2.337811 2.169876 -1.640386
2.337811 2.169876 -1.640386
2.337811 2.169876 -1.640386
2.337811 2.169876 -1.640386
2.337811 2.169876 -1.640386
2.337811 2.169876 -1.640386
2.337811 2.169876 -1.640386
2.337811 2.169876 -1.640386
2.337811 2.169876 -1.640386
2.337811 2.169876 -1.640386
2.337811 2.169876 -1.640386
2.337811 2.169876 -1.640386
2.337811 2.169876 -1.640386
2.337811 2.169876 -1.640386
2.337811 2.169876 -1.640386
2.337811 2.169876 -1.640386
2.337811 2.169876 -1.640386
2.337811 2.169876 -1.640386
2.337811 2.169876 -1.640386
2.337811 2.169876 -1.640386
2.337811 2.169876 -1.640386
2.337811 2.169876 -1.640386
2.337811 2.169876 -1.640386
2.337811 2.169876 -1.640386
2.337811 2.169876 -1.640386
2.337811 2.169876 -1.640386
2.337811 2.169876 -1.640386
2.337811 2.169876 -1.640386
2.337811 2.169876 -1.640386
2.337811 2.169876 -1.640386
2.337811 2.169876 -1.640386
2.337811 2.169876 -1.640386
2.337811 2.169876 -1.640386
2.384896 2.266177 -1.6397
2.384896 2.266177 -1.6397
2.384896 2.266177 -1.6397
2.384896 2.266177 -1.6397
2.384896 2.266177 -1.6397
2.384896 2.266177 -1.6397
2.64521 2.523094 -1.796917
2.64521 2.523094 -1.796917
2.64521 2.523094 -1.796917
2.64521 2.523094 -1.796917
2.64521 2.523094 -1.796917
2.64521 2.523094 -1.796917
2.64521 2.523094 -1.796917
2.64521 2.523094 -1.796917
2.64521 2.523094 -1.796917
2.64521 2.523094 -1.796917
2.64521 2.523094 -1.796917
2.64521 2.523094 -1.796917
2.64521 2.523094 -1.796917
2.64521 2.523094 -1.796917
2.64521 2.523094 -1.796917
2.64521 2.523094 -1.796917
2.64521 2.523094 -1.796917
2.64521 2.523094 -1.796917
2.64521 2.523094 -1.796917
2.64521 2.523094 -1.796917
2.64521 2.523094 -1.796917
2.64521 2.523094 -1.796917
2.64521 2.523094 -1.796917
2.64521 2.523094 -1.796917
2.64521 2.523094 -1.796917
2.64521 2.523094 -1.796917
2.64521 2.523094 -1.796917
2.64521 2.523094 -1.796917
2.64521 2.523094 -1.796917
2.64521 2.523094 -1.796917
2.64521 2.523094 -1.796917
2.64521 2.523094 -1.796917
2.64521 2.523094 -1.796917
2.64521 2.523094 -1.796917
2.423334 2.50261 -1.188857
2.423334 2.50261 -1.188857
2.423334 2.50261 -1.188857
2.423334 2.50261 -1.188857
2.423334 2.50261 -1.188857
2.423334 2.50261 -1.188857
2.423334 2.50261 -1.188857
2.423334 2.50261 -1.188857
2.423334 2.50261 -1.188857
2.423334 2.50261 -1.188857
2.423334 2.50261 -1.188857
2.423334 2.50261 -1.188857
2.423334 2.50261 -1.188857
2.423334 2.50261 -1.188857
2.423334 2.50261 -1.188857
2.423334 2.50261 -1.188857
2.423334 2.50261 -1.188857
2.423334 2.50261 -1.188857
2.423334 2.50261 -1.188857
2.423334 2.50261 -1.188857
2.501458 2.627649 -1.316325
2.501458 2.627649 -1.316325
2.501458 2.627649 -1.316325
2.501458 2.627649 -1.316325
2.501458 2.627649 -1.316325
2.501458 2.627649 -1.316325
2.501458 2.627649 -1.316325
2.501458 2.627649 -1.316325
2.501458 2.627649 -1.316325
2.501458 2.627649 -1.316325
2.501458 2.627649 -1.316325
2.501458 2.627649 -1.316325
2.501458 2.627649 -1.316325
2.501458 2.627649 -1.316325
2.501458 2.627649 -1.316325
2.501458 2.627649 -1.316325
2.501458 2.627649 -1.316325
2.501458 2.627649 -1.316325
2.501458 2.627649 -1.316325
2.501458 2.627649 -1.316325
2.501458 2.627649 -1.316325
2.501458 2.627649 -1.316325
2.501458 2.627649 -1.316325
2.501458 2.627649 -1.316325
2.501458 2.627649 -1.316325
2.501458 2.627649 -1.316325
2.501458 2.627649 -1.316325
2.501458 2.627649 -1.316325
2.501458 2.627649 -1.316325
2.501458 2.627649 -1.316325
2.501458 2.627649 -1.316325
2.501458 2.627649 -1.316325
2.501458 2.627649 -1.316325
2.501458 2.627649 -1.316325
2.501458 2.627649 -1.316325
2.501458 2.627649 -1.316325
2.304266 2.271826 -1.16996
2.304266 2.271826 -1.16996
2.304266 2.271826 -1.16996
2.304266 2.271826 -1.16996
2.304266 2.271826 -1.16996
2.304266 2.271826 -1.16996
2.304266 2.271826 -1.16996
2.304266 2.271826 -1.16996
2.304266 2.271826 -1.16996
2.304266 2.271826 -1.16996
2.304266 2.271826 -1.16996
2.304266 2.271826 -1.16996
2.304266 2.271826 -1.16996
2.304266 2.271826 -1.16996
2.304266 2.271826 -1.16996
2.304266 2.271826 -1.16996
2.304266 2.271826 -1.16996
2.304266 2.271826 -1.16996
2.304266 2.271826 -1.16996
2.304266 2.271826 -1.16996
2.304266 2.271826 -1.16996
2.304266 2.271826 -1.16996
2.304266 2.271826 -1.16996
2.304266 2.271826 -1.16996
2.154886 2.302196 -1.243891
2.154886 2.302196 -1.243891
2.154886 2.302196 -1.243891
2.154886 2.302196 -1.243891
2.154886 2.302196 -1.243891
2.154886 2.302196 -1.243891
2.154886 2.302196 -1.243891
2.154886 2.302196 -1.243891
2.154886 2.302196 -1.243891
2.154886 2.302196 -1.243891
2.154886 2.302196 -1.243891
2.154886 2.302196 -1.243891
2.154886 2.302196 -1.243891
2.154886 2.302196 -1.243891
2.154886 2.302196 -1.243891
2.154886 2.302196 -1.243891
2.154886 2.302196 -1.243891
2.154886 2.302196 -1.243891
2.154886 2.302196 -1.243891
2.154886 2.302196 -1.243891
2.154886 2.302196 -1.243891
2.154886 2.302196 -1.243891
2.154886 2.302196 -1.243891
2.154886 2.302196 -1.243891
2.154886 2.302196 -1.243891
2.154886 2.302196 -1.243891
2.154886 2.302196 -1.243891
2.154886 2.302196 -1.243891
2.154886 2.302196 -1.243891
2.154886 2.302196 -1.243891
2.154886 2.302196 -1.243891
2.154886 2.302196 -1.243891
2.154886 2.302196 -1.243891
2.154886 2.302196 -1.243891
2.154886 2.302196 -1.243891
2.154886 2.302196 -1.243891
2.154886 2.302196 -1.243891
2.154886 2.302196 -1.243891
2.154886 2.302196 -1.243891
2.154886 2.302196 -1.243891
2.154886 2.302196 -1.243891
2.154886 2.302196 -1.243891
2.154886 2.302196 -1.243891
2.154886 2.302196 -1.243891
2.154886 2.302196 -1.243891
2.154886 2.302196 -1.243891
2.154886 2.302196 -1.243891
2.154886 2.302196 -1.243891
2.154886 2.302196 -1.243891
2.154886 2.302196 -1.243891
2.154886 2.302196 -1.243891
2.154886 2.302196 -1.243891
2.154886 2.302196 -1.243891
2.154886 2.302196 -1.243891
2.154886 2.302196 -1.243891
2.154886 2.302196 -1.243891
2.154886 2.302196 -1.243891
2.154886 2.302196 -1.243891
2.154886 2.302196 -1.243891
2.154886 2.302196 -1.243891
2.166657 2.140285 -1.18061
2.166657 2.140285 -1.18061
2.166657 2.140285 -1.18061
2.17581 2.169962 -1.33178
2.17581 2.169962 -1.33178
2.17581 2.169962 -1.33178
2.17581 2.169962 -1.33178
2.17581 2.169962 -1.33178
2.17581 2.169962 -1.33178
2.17581 2.169962 -1.33178
2.17581 2.169962 -1.33178
2.17581 2.169962 -1.33178
2.17581 2.169962 -1.33178
2.17581 2.169962 -1.33178
2.17581 2.169962 -1.33178
2.17581 2.169962 -1.33178
2.17581 2.169962 -1.33178
2.17581 2.169962 -1.33178
2.17581 2.169962 -1.33178
2.17581 2.169962 -1.33178
2.17581 2.169962 -1.33178
2.17581 2.169962 -1.33178
2.17581 2.169962 -1.33178
2.17581 2.169962 -1.33178
2.17581 2.169962 -1.33178
2.17581 2.169962 -1.33178
2.17581 2.169962 -1.33178
2.17581 2.169962 -1.33178
2.17581 2.169962 -1.33178
2.17581 2.169962 -1.33178
2.17581 2.169962 -1.33178
2.17581 2.169962 -1.33178
2.17581 2.169962 -1.33178
2.553444 2.875054 -1.729225
2.553444 2.875054 -1.729225
2.599757 2.847286 -1.609618
2.599757 2.847286 -1.609618
2.599757 2.847286 -1.609618
2.599757 2.847286 -1.609618
2.599757 2.847286 -1.609618
2.599757 2.847286 -1.609618
2.599757 2.847286 -1.609618
2.599757 2.847286 -1.609618
2.599757 2.847286 -1.609618
2.599757 2.847286 -1.609618
2.599757 2.847286 -1.609618
2.599757 2.847286 -1.609618
2.599757 2.847286 -1.609618
2.599757 2.847286 -1.609618
2.599757 2.847286 -1.609618
2.599757 2.847286 -1.609618
2.599757 2.847286 -1.609618
2.599757 2.847286 -1.609618
2.599757 2.847286 -1.609618
2.599757 2.847286 -1.609618
2.599757 2.847286 -1.609618
2.599757 2.847286 -1.609618
2.599757 2.847286 -1.609618
2.599757 2.847286 -1.609618
2.599757 2.847286 -1.609618
2.602258 2.847179 -1.582567
2.602258 2.847179 -1.582567
2.602258 2.847179 -1.582567
2.602258 2.847179 -1.582567
2.602258 2.847179 -1.582567
2.602258 2.847179 -1.582567
2.602258 2.847179 -1.582567
2.602258 2.847179 -1.582567
2.602258 2.847179 -1.582567
2.602258 2.847179 -1.582567
2.602258 2.847179 -1.582567
2.602258 2.847179 -1.582567
2.602258 2.847179 -1.582567
2.602258 2.847179 -1.582567
2.602258 2.847179 -1.582567
2.602258 2.847179 -1.582567
2.602258 2.847179 -1.582567
2.602258 2.847179 -1.582567
2.602258 2.847179 -1.582567
2.602258 2.847179 -1.582567
2.602258 2.847179 -1.582567
2.602258 2.847179 -1.582567
2.602258 2.847179 -1.582567
2.404702 2.644147 -1.636604
2.404702 2.644147 -1.636604
2.404702 2.644147 -1.636604
2.404702 2.644147 -1.636604
2.404702 2.644147 -1.636604
2.404702 2.644147 -1.636604
2.404702 2.644147 -1.636604
2.404702 2.644147 -1.636604
2.404702 2.644147 -1.636604
2.404702 2.644147 -1.636604
2.404702 2.644147 -1.636604
2.404702 2.644147 -1.636604
2.404702 2.644147 -1.636604
2.404702 2.644147 -1.636604
2.404702 2.644147 -1.636604
2.404702 2.644147 -1.636604
2.404702 2.644147 -1.636604
2.404702 2.644147 -1.636604
2.404702 2.644147 -1.636604
2.404702 2.644147 -1.636604
2.404702 2.644147 -1.636604
2.404702 2.644147 -1.636604
2.404702 2.644147 -1.636604
2.404702 2.644147 -1.636604
2.404702 2.644147 -1.636604
2.404702 2.644147 -1.636604
2.404702 2.644147 -1.636604
2.404702 2.644147 -1.636604
2.404702 2.644147 -1.636604
2.404702 2.644147 -1.636604
2.635747 2.683128 -1.605843
2.635747 2.683128 -1.605843
2.635747 2.683128 -1.605843
2.635747 2.683128 -1.605843
2.635747 2.683128 -1.605843
2.635747 2.683128 -1.605843
2.635747 2.683128 -1.605843
