1.645159 0.8349502 0.7636378
1.645159 0.8349502 0.7636378
1.438084 0.363647 -0.8001877
1.678771 0.424843 -0.7642294
1.619346 0.4562926 -0.46849
1.456399 -0.02753046 -0.3373844
1.835188 0.532211 0.02256652
1.693497 1.032935 -0.4079396
1.801647 0.7886874 -0.3318077
1.802986 1.122694 -0.7290006
1.847315 1.132381 -0.1353914
1.847315 1.132381 -0.1353914
2.053793 1.218767 -0.1647624
1.982535 1.421513 -0.07570453
1.479058 0.2672119 -0.3368446
1.63625 0.3707512 -0.4177398
1.63625 0.3707512 -0.4177398
1.910894 1.472067 -0.5237989
2.008771 1.577168 -0.5817648
2.008771 1.577168 -0.5817648
2.008771 1.577168 -0.5817648
1.947885 1.547195 -0.1500084
1.947885 1.547195 -0.1500084
1.947885 1.547195 -0.1500084
2.027759 1.61406 -0.2303942
2.027759 1.61406 -0.2303942
1.943802 0.8353959 -0.4025156
1.995294 0.9281302 -0.4786675
1.611896 0.9031462 -0.4339125
1.906528 1.904231 -0.2794458
2.29051 1.863958 -0.488894
1.931187 1.594536 -0.008199003
1.905223 1.420506 -0.7573152
1.931933 1.487214 -0.8190745
2.179434 2.183042 -0.6658322
2.278742 1.576802 -0.93281
2.301474 1.662201 -0.9862578
2.301474 1.662201 -0.9862578
2.026695 1.919517 -0.3949955
2.050673 2.004603 -0.4960457
2.050673 2.004603 -0.4960457
2.050673 2.004603 -0.4960457
2.047032 2.043773 -0.5320065
2.168962 1.209503 -0.6427897
2.168962 1.209503 -0.6427897
2.141665 1.209085 -0.6694224
2.607936 1.890014 -1.195364
2.606185 2.036096 -1.400064
2.592706 1.989379 -1.547716
2.062219 2.363142 -0.3782014
2.068245 0.9227978 -0.8629379
2.57273 2.130384 -1.16945
2.57273 2.130384 -1.16945
2.585561 1.792871 -1.562162
2.550148 1.823927 -1.702851
2.590469 1.975411 -1.431608
2.590469 1.975411 -1.431608
2.575956 2.022916 -1.650731
1.910499 1.494652 -0.6534145
2.564746 1.36611 -1.994924
2.538459 2.469985 -1.924453
1.843641 1.451949 -1.413824
2.238687 1.436259 -0.8011908
2.210478 2.889719 -1.205092
1.676343 1.08107 -1.494067
2.023656 1.242379 -1.611986
2.091255 1.247171 -1.056263
2.386293 1.989785 -1.454716
2.386293 1.989785 -1.454716
2.454121 2.027612 -1.5333
2.454121 2.027612 -1.5333
2.454121 2.027612 -1.5333
2.470416 2.011447 -1.497451
2.470416 2.011447 -1.497451
2.470416 2.011447 -1.497451
2.475782 2.041872 -1.580615
2.475782 2.041872 -1.580615
2.475782 2.041872 -1.580615
2.457867 2.11032 -1.587987
2.457867 2.11032 -1.587987
2.457867 2.11032 -1.587987
2.436934 2.192453 -1.526846
2.436934 2.192453 -1.526846
2.577088 2.348261 -1.517143
2.556662 2.432606 -1.512049
2.556662 2.432606 -1.512049
2.556662 2.432606 -1.512049
2.433761 2.431736 -1.348351
2.428755 2.414453 -1.677038
2.428755 2.414453 -1.677038
2.425805 2.441095 -1.709744
2.45018 2.311825 -1.683249
2.45018 2.311825 -1.683249
2.435899 2.164175 -1.660395
2.435899 2.164175 -1.660395
2.435899 2.164175 -1.660395
2.436858 2.110872 -1.634357
2.436858 2.110872 -1.634357
2.514692 2.369181 -1.616289
