1.047335 0.530578 0.2331006
1.047335 0.530578 0.2331006
1.047335 0.530578 0.2331006
1.133119 0.5714004 0.2534573
1.390363 1.042691 0.5156127
1.646857 1.121312 -0.3399861
1.684374 0.672104 0.0445696
1.296453 0.2914796 -0.2179712
1.310899 0.4133578 -0.2773439
1.728722 0.8593133 0.2361006
1.667041 1.044097 -0.1346295
1.442983 0.8435627 -0.1381899
1.574028 0.7641503 -0.6038648
1.574028 0.7641503 -0.6038648
1.574028 0.7641503 -0.6038648
1.451732 0.9506767 -0.08293668
1.451732 0.9506767 -0.08293668
1.395067 0.001284877 0.04933547
1.528499 0.1147463 -0.01350111
1.521999 0.5314095 0.2441208
1.521999 0.5314095 0.2441208
1.627745 0.6486459 0.1985543
1.865996 0.8502827 -1.309371
1.865996 0.8502827 -1.309371
1.976291 0.9519145 -1.389472
1.670381 1.381029 -0.8046121
1.693496 0.6318893 -0.1905749
1.776017 0.743122 -0.2555901
1.776017 0.743122 -0.2555901
1.776017 0.743122 -0.2555901
1.841397 0.8514464 -0.3376117
1.779857 1.032223 -0.03476669
1.643968 1.470025 -0.1796534
1.70252 1.547672 -0.2462674
1.70252 1.547672 -0.2462674
1.70252 1.547672 -0.2462674
1.791678 1.67199 -0.30428
1.791678 1.67199 -0.30428
1.791678 1.67199 -0.30428
1.92572 1.639255 -0.9479401
1.92572 1.639255 -0.9479401
1.92572 1.639255 -0.9479401
2.031827 1.790523 -0.9847305
2.031827 1.790523 -0.9847305
2.031827 1.790523 -0.9847305
2.014148 1.943916 -0.9970268
2.391342 2.098662 -0.9778403
2.391342 2.098662 -0.9778403
2.40439 1.993335 -1.018657
2.200441 1.538544 -0.6978949
2.200441 1.538544 -0.6978949
1.963906 1.343482 -1.258522
2.089577 1.871784 -1.117907
2.089577 1.871784 -1.117907
1.961652 1.960097 -0.4276146
1.961652 1.960097 -0.4276146
2.127462 1.668729 -1.330421
2.351931 1.745544 -1.580601
2.351931 1.745544 -1.580601
2.329698 2.209286 -1.001806
2.470986 2.252156 -1.309327
2.470986 2.252156 -1.309327
2.470986 2.252156 -1.309327
2.327683 1.823328 -1.630639
2.327683 1.823328 -1.630639
2.327683 1.823328 -1.630639
2.09992 1.820833 -1.584645
2.09992 1.820833 -1.584645
2.09992 1.820833 -1.584645
2.283437 1.769845 -1.651767
2.283437 1.769845 -1.651767
2.283437 1.769845 -1.651767
2.564376 2.251279 -1.386451
2.486934 2.23167 -1.643282
2.143983 1.583189 -1.565655
2.31529 1.62752 -1.645313
2.31529 1.62752 -1.645313
2.31529 1.62752 -1.645313
2.327663 1.738773 -1.650342
2.327663 1.738773 -1.650342
2.327663 1.738773 -1.650342
2.31886 1.870652 -1.589679
2.31886 1.870652 -1.589679
2.31886 1.870652 -1.589679
2.305649 2.007689 -1.583259
2.305649 2.007689 -1.583259
2.305649 2.007689 -1.583259
2.359051 2.212937 -1.649099
2.359051 2.212937 -1.649099
2.359051 2.212937 -1.649099
2.448198 2.267242 -1.68393
2.448198 2.267242 -1.68393
2.448198 2.267242 -1.68393
2.315101 2.128476 -1.661038
2.315101 2.128476 -1.661038
2.56767 2.232021 -1.759295
2.579791 2.185958 -1.739593
2.579791 2.185958 -1.739593
2.579791 2.185958 -1.739593
