-0.6813421 -0.2319943 -0.3780954
0.4210811 -0.5981054 -0.1131951
0.4210811 -0.5981054 -0.1131951
0.7650178 0.1779665 -0.7517395
1.73901 0.747742 -0.626668
1.73901 0.747742 -0.626668
1.73901 0.747742 -0.626668
1.73901 0.747742 -0.626668
1.73901 0.747742 -0.626668
1.73901 0.747742 -0.626668
1.73901 0.747742 -0.626668
1.73901 0.747742 -0.626668
1.73901 0.747742 -0.626668
1.73901 0.747742 -0.626668
1.73901 0.747742 -0.626668
1.73901 0.747742 -0.626668
1.73901 0.747742 -0.626668
1.73901 0.747742 -0.626668
1.73901 0.747742 -0.626668
1.73901 0.747742 -0.626668
1.73901 0.747742 -0.626668
1.73901 0.747742 -0.626668
1.73901 0.747742 -0.626668
1.73901 0.747742 -0.626668
1.73901 0.747742 -0.626668
0.8857059 0.2098683 -0.4184966
0.8857059 0.2098683 -0.4184966
0.8857059 0.2098683 -0.4184966
0.8857059 0.2098683 -0.4184966
0.8857059 0.2098683 -0.4184966
0.8857059 0.2098683 -0.4184966
0.8857059 0.2098683 -0.4184966
0.8857059 0.2098683 -0.4184966
0.8857059 0.2098683 -0.4184966
0.8857059 0.2098683 -0.4184966
0.8857059 0.2098683 -0.4184966
0.8857059 0.2098683 -0.4184966
0.8857059 0.2098683 -0.4184966
0.8857059 0.2098683 -0.4184966
0.8857059 0.2098683 -0.4184966
0.8857059 0.2098683 -0.4184966
0.8857059 0.2098683 -0.4184966
0.8857059 0.2098683 -0.4184966
0.8857059 0.2098683 -0.4184966
0.8857059 0.2098683 -0.4184966
0.8857059 0.2098683 -0.4184966
0.8857059 0.2098683 -0.4184966
0.8857059 0.2098683 -0.4184966
0.8857059 0.2098683 -0.4184966
1.4746 0.9777415 -0.63746
1.4746 0.9777415 -0.63746
1.4746 0.9777415 -0.63746
1.4746 0.9777415 -0.63746
1.4746 0.9777415 -0.63746
1.4746 0.9777415 -0.63746
1.4746 0.9777415 -0.63746
1.381576 1.249596 0.07836562
1.381576 1.249596 0.07836562
1.381576 1.249596 0.07836562
1.381576 1.249596 0.07836562
1.533967 1.153229 0.5215285
1.533967 1.153229 0.5215285
1.533967 1.153229 0.5215285
0.9905265 0.2275193 -0.8612762
0.9905265 0.2275193 -0.8612762
0.9905265 0.2275193 -0.8612762
0.9905265 0.2275193 -0.8612762
0.9905265 0.2275193 -0.8612762
0.9905265 0.2275193 -0.8612762
0.9905265 0.2275193 -0.8612762
0.9905265 0.2275193 -0.8612762
0.9905265 0.2275193 -0.8612762
1.440089 0.6175089 0.5698698
1.440089 0.6175089 0.5698698
1.440089 0.6175089 0.5698698
1.440089 0.6175089 0.5698698
1.440089 0.6175089 0.5698698
1.171678 0.686399 -0.02873129
1.171678 0.686399 -0.02873129
1.171678 0.686399 -0.02873129
1.171678 0.686399 -0.02873129
1.171678 0.686399 -0.02873129
1.171678 0.686399 -0.02873129
1.171678 0.686399 -0.02873129
1.171678 0.686399 -0.02873129
1.171678 0.686399 -0.02873129
1.171678 0.686399 -0.02873129
1.171678 0.686399 -0.02873129
1.171678 0.686399 -0.02873129
1.171678 0.686399 -0.02873129
1.171678 0.686399 -0.02873129
1.171678 0.686399 -0.02873129
1.171678 0.686399 -0.02873129
1.171678 0.686399 -0.02873129
1.171678 0.686399 -0.02873129
1.171678 0.686399 -0.02873129
1.171678 0.686399 -0.02873129
1.359363 0.5588866 -0.3997098
1.359363 0.5588866 -0.3997098
1.359363 0.5588866 -0.3997098
1.359363 0.5588866 -0.3997098
1.359363 0.5588866 -0.3997098
1.359363 0.5588866 -0.3997098
1.359363 0.5588866 -0.3997098
1.359363 0.5588866 -0.3997098
1.359363 0.5588866 -0.3997098
1.359363 0.5588866 -0.3997098
1.359363 0.5588866 -0.3997098
1.359363 0.5588866 -0.3997098
1.359363 0.5588866 -0.3997098
1.359363 0.5588866 -0.3997098
1.359363 0.5588866 -0.3997098
1.359363 0.5588866 -0.3997098
1.359363 0.5588866 -0.3997098
1.359363 0.5588866 -0.3997098
1.359363 0.5588866 -0.3997098
1.359363 0.5588866 -0.3997098
1.359363 0.5588866 -0.3997098
1.359363 0.5588866 -0.3997098
1.359363 0.5588866 -0.3997098
1.752387 0.6533866 -0.3959998
1.752387 0.6533866 -0.3959998
1.752387 0.6533866 -0.3959998
1.752387 0.6533866 -0.3959998
1.752387 0.6533866 -0.3959998
1.752387 0.6533866 -0.3959998
1.752387 0.6533866 -0.3959998
1.752387 0.6533866 -0.3959998
1.752387 0.6533866 -0.3959998
1.752387 0.6533866 -0.3959998
1.752387 0.6533866 -0.3959998
1.752387 0.6533866 -0.3959998
1.752387 0.6533866 -0.3959998
1.752387 0.6533866 -0.3959998
1.752387 0.6533866 -0.3959998
1.752387 0.6533866 -0.3959998
1.752387 0.6533866 -0.3959998
1.752387 0.6533866 -0.3959998
1.752387 0.6533866 -0.3959998
1.752387 0.6533866 -0.3959998
1.752387 0.6533866 -0.3959998
1.752387 0.6533866 -0.3959998
1.752387 0.6533866 -0.3959998
1.752387 0.6533866 -0.3959998
1.752387 0.6533866 -0.3959998
1.752387 0.6533866 -0.3959998
1.752387 0.6533866 -0.3959998
1.752387 0.6533866 -0.3959998
1.752387 0.6533866 -0.3959998
1.752387 0.6533866 -0.3959998
1.752387 0.6533866 -0.3959998
1.752387 0.6533866 -0.3959998
1.752387 0.6533866 -0.3959998
1.752387 0.6533866 -0.3959998
1.752387 0.6533866 -0.3959998
1.752387 0.6533866 -0.3959998
1.752387 0.6533866 -0.3959998
1.145441 0.548822 -0.1135673
1.145441 0.548822 -0.1135673
1.145441 0.548822 -0.1135673
1.145441 0.548822 -0.1135673
1.145441 0.548822 -0.1135673
1.145441 0.548822 -0.1135673
1.145441 0.548822 -0.1135673
1.145441 0.548822 -0.1135673
1.145441 0.548822 -0.1135673
1.145441 0.548822 -0.1135673
1.145441 0.548822 -0.1135673
1.145441 0.548822 -0.1135673
1.145441 0.548822 -0.1135673
1.145441 0.548822 -0.1135673
1.145441 0.548822 -0.1135673
1.145441 0.548822 -0.1135673
1.145441 0.548822 -0.1135673
1.145441 0.548822 -0.1135673
1.145441 0.548822 -0.1135673
1.145441 0.548822 -0.1135673
1.145441 0.548822 -0.1135673
1.145441 0.548822 -0.1135673
1.145441 0.548822 -0.1135673
1.39075 0.6795004 -0.1280645
1.39075 0.6795004 -0.1280645
1.39075 0.6795004 -0.1280645
1.39075 0.6795004 -0.1280645
1.39075 0.6795004 -0.1280645
1.39075 0.6795004 -0.1280645
1.39075 0.6795004 -0.1280645
1.39075 0.6795004 -0.1280645
1.39075 0.6795004 -0.1280645
1.39075 0.6795004 -0.1280645
1.39075 0.6795004 -0.1280645
1.39075 0.6795004 -0.1280645
1.39075 0.6795004 -0.1280645
1.39075 0.6795004 -0.1280645
1.39075 0.6795004 -0.1280645
1.39075 0.6795004 -0.1280645
1.39075 0.6795004 -0.1280645
1.39075 0.6795004 -0.1280645
1.39075 0.6795004 -0.1280645
1.39075 0.6795004 -0.1280645
1.39075 0.6795004 -0.1280645
1.39075 0.6795004 -0.1280645
1.39075 0.6795004 -0.1280645
1.39075 0.6795004 -0.1280645
1.39075 0.6795004 -0.1280645
1.39075 0.6795004 -0.1280645
1.39075 0.6795004 -0.1280645
1.39075 0.6795004 -0.1280645
1.39075 0.6795004 -0.1280645
1.39075 0.6795004 -0.1280645
1.605854 0.857906 -0.2625918
1.605854 0.857906 -0.2625918
1.605854 0.857906 -0.2625918
1.605854 0.857906 -0.2625918
1.605854 0.857906 -0.2625918
1.605854 0.857906 -0.2625918
1.605854 0.857906 -0.2625918
1.605854 0.857906 -0.2625918
1.605854 0.857906 -0.2625918
1.605854 0.857906 -0.2625918
1.605854 0.857906 -0.2625918
1.605854 0.857906 -0.2625918
1.605854 0.857906 -0.2625918
1.605854 0.857906 -0.2625918
1.605854 0.857906 -0.2625918
1.605854 0.857906 -0.2625918
1.605854 0.857906 -0.2625918
1.605854 0.857906 -0.2625918
1.605854 0.857906 -0.2625918
1.605854 0.857906 -0.2625918
1.605854 0.857906 -0.2625918
1.605854 0.857906 -0.2625918
1.605854 0.857906 -0.2625918
1.605854 0.857906 -0.2625918
1.605854 0.857906 -0.2625918
1.605854 0.857906 -0.2625918
1.605854 0.857906 -0.2625918
1.605854 0.857906 -0.2625918
1.605854 0.857906 -0.2625918
1.605854 0.857906 -0.2625918
1.801875 0.9517646 -0.2956189
1.801875 0.9517646 -0.2956189
1.801875 0.9517646 -0.2956189
1.801875 0.9517646 -0.2956189
1.801875 0.9517646 -0.2956189
1.801875 0.9517646 -0.2956189
1.801875 0.9517646 -0.2956189
1.801875 0.9517646 -0.2956189
1.801875 0.9517646 -0.2956189
1.801875 0.9517646 -0.2956189
1.801875 0.9517646 -0.2956189
1.31858 0.4015604 -0.2125947
1.31858 0.4015604 -0.2125947
1.31858 0.4015604 -0.2125947
1.31858 0.4015604 -0.2125947
1.31858 0.4015604 -0.2125947
1.31858 0.4015604 -0.2125947
1.31858 0.4015604 -0.2125947
1.31858 0.4015604 -0.2125947
1.31858 0.4015604 -0.2125947
1.31858 0.4015604 -0.2125947
1.31858 0.4015604 -0.2125947
1.31858 0.4015604 -0.2125947
1.31858 0.4015604 -0.2125947
1.31858 0.4015604 -0.2125947
1.31858 0.4015604 -0.2125947
1.31858 0.4015604 -0.2125947
1.31858 0.4015604 -0.2125947
1.31858 0.4015604 -0.2125947
1.31858 0.4015604 -0.2125947
1.31858 0.4015604 -0.2125947
1.31858 0.4015604 -0.2125947
1.31858 0.4015604 -0.2125947
1.31858 0.4015604 -0.2125947
1.31858 0.4015604 -0.2125947
1.31858 0.4015604 -0.2125947
1.31858 0.4015604 -0.2125947
1.31858 0.4015604 -0.2125947
1.31858 0.4015604 -0.2125947
1.31858 0.4015604 -0.2125947
1.31858 0.4015604 -0.2125947
1.31858 0.4015604 -0.2125947
1.31858 0.4015604 -0.2125947
1.31858 0.4015604 -0.2125947
1.31858 0.4015604 -0.2125947
1.31858 0.4015604 -0.2125947
1.31858 0.4015604 -0.2125947
1.31858 0.4015604 -0.2125947
1.31858 0.4015604 -0.2125947
1.31858 0.4015604 -0.2125947
1.31858 0.4015604 -0.2125947
1.31858 0.4015604 -0.2125947
1.31858 0.4015604 -0.2125947
1.31858 0.4015604 -0.2125947
1.31858 0.4015604 -0.2125947
1.31858 0.4015604 -0.2125947
1.31858 0.4015604 -0.2125947
1.31858 0.4015604 -0.2125947
1.282231 0.7299669 -0.1666435
1.282231 0.7299669 -0.1666435
1.448248 0.8508311 -0.2533594
1.448248 0.8508311 -0.2533594
1.688707 1.119382 -0.6548402
1.688707 1.119382 -0.6548402
1.688707 1.119382 -0.6548402
1.688707 1.119382 -0.6548402
1.688707 1.119382 -0.6548402
1.688707 1.119382 -0.6548402
1.688707 1.119382 -0.6548402
1.688707 1.119382 -0.6548402
1.688707 1.119382 -0.6548402
1.688707 1.119382 -0.6548402
1.688707 1.119382 -0.6548402
1.688707 1.119382 -0.6548402
1.688707 1.119382 -0.6548402
1.688707 1.119382 -0.6548402
1.688707 1.119382 -0.6548402
1.688707 1.119382 -0.6548402
1.688707 1.119382 -0.6548402
1.688707 1.119382 -0.6548402
1.688707 1.119382 -0.6548402
1.688707 1.119382 -0.6548402
1.688707 1.119382 -0.6548402
1.688707 1.119382 -0.6548402
1.688707 1.119382 -0.6548402
1.688707 1.119382 -0.6548402
1.688707 1.119382 -0.6548402
1.688707 1.119382 -0.6548402
1.688707 1.119382 -0.6548402
1.688707 1.119382 -0.6548402
1.688707 1.119382 -0.6548402
1.688707 1.119382 -0.6548402
1.688707 1.119382 -0.6548402
1.688707 1.119382 -0.6548402
1.688707 1.119382 -0.6548402
1.688707 1.119382 -0.6548402
1.688707 1.119382 -0.6548402
1.688707 1.119382 -0.6548402
1.688707 1.119382 -0.6548402
1.688707 1.119382 -0.6548402
1.688707 1.119382 -0.6548402
1.688707 1.119382 -0.6548402
1.688707 1.119382 -0.6548402
1.688707 1.119382 -0.6548402
1.688707 1.119382 -0.6548402
1.688707 1.119382 -0.6548402
1.688707 1.119382 -0.6548402
1.688707 1.119382 -0.6548402
1.688707 1.119382 -0.6548402
1.688707 1.119382 -0.6548402
1.688707 1.119382 -0.6548402
1.688707 1.119382 -0.6548402
1.688707 1.119382 -0.6548402
1.688707 1.119382 -0.6548402
1.688707 1.119382 -0.6548402
1.688707 1.119382 -0.6548402
1.876292 1.319776 -0.6795016
1.876292 1.319776 -0.6795016
1.876292 1.319776 -0.6795016
1.876292 1.319776 -0.6795016
1.98181 1.435787 -0.7204227
1.98181 1.435787 -0.7204227
1.98181 1.435787 -0.7204227
1.98181 1.435787 -0.7204227
1.98181 1.435787 -0.7204227
1.898154 1.180949 -0.6316309
1.898154 1.180949 -0.6316309
1.898154 1.180949 -0.6316309
1.898154 1.180949 -0.6316309
1.898154 1.180949 -0.6316309
1.898154 1.180949 -0.6316309
1.898154 1.180949 -0.6316309
1.898154 1.180949 -0.6316309
1.898154 1.180949 -0.6316309
1.898154 1.180949 -0.6316309
1.898154 1.180949 -0.6316309
1.898154 1.180949 -0.6316309
1.898154 1.180949 -0.6316309
1.898154 1.180949 -0.6316309
1.898154 1.180949 -0.6316309
1.898154 1.180949 -0.6316309
1.898154 1.180949 -0.6316309
1.898154 1.180949 -0.6316309
1.898154 1.180949 -0.6316309
1.898154 1.180949 -0.6316309
1.898154 1.180949 -0.6316309
1.898154 1.180949 -0.6316309
1.898154 1.180949 -0.6316309
1.898154 1.180949 -0.6316309
1.898154 1.180949 -0.6316309
1.898154 1.180949 -0.6316309
1.898154 1.180949 -0.6316309
1.898154 1.180949 -0.6316309
1.898154 1.180949 -0.6316309
1.898154 1.180949 -0.6316309
1.898154 1.180949 -0.6316309
1.898154 1.180949 -0.6316309
1.898154 1.180949 -0.6316309
1.898154 1.180949 -0.6316309
1.898154 1.180949 -0.6316309
1.898154 1.180949 -0.6316309
1.898154 1.180949 -0.6316309
1.898154 1.180949 -0.6316309
1.898154 1.180949 -0.6316309
1.898154 1.180949 -0.6316309
1.898154 1.180949 -0.6316309
1.898154 1.180949 -0.6316309
1.898154 1.180949 -0.6316309
1.898154 1.180949 -0.6316309
1.898154 1.180949 -0.6316309
1.898154 1.180949 -0.6316309
1.898154 1.180949 -0.6316309
1.898154 1.180949 -0.6316309
1.898154 1.180949 -0.6316309
1.898154 1.180949 -0.6316309
1.898154 1.180949 -0.6316309
1.898154 1.180949 -0.6316309
1.898154 1.180949 -0.6316309
1.898154 1.180949 -0.6316309
1.898154 1.180949 -0.6316309
2.004198 1.270313 -0.6609278
2.004198 1.270313 -0.6609278
2.004198 1.270313 -0.6609278
2.004198 1.270313 -0.6609278
2.004198 1.270313 -0.6609278
2.004198 1.270313 -0.6609278
2.004198 1.270313 -0.6609278
2.004198 1.270313 -0.6609278
2.004198 1.270313 -0.6609278
2.004198 1.270313 -0.6609278
2.004198 1.270313 -0.6609278
2.004198 1.270313 -0.6609278
1.864334 1.859356 -0.3211544
1.864334 1.859356 -0.3211544
1.864334 1.859356 -0.3211544
1.864334 1.859356 -0.3211544
1.864334 1.859356 -0.3211544
1.864334 1.859356 -0.3211544
1.864334 1.859356 -0.3211544
1.864334 1.859356 -0.3211544
1.864334 1.859356 -0.3211544
1.864334 1.859356 -0.3211544
1.864334 1.859356 -0.3211544
1.864334 1.859356 -0.3211544
1.864334 1.859356 -0.3211544
1.864334 1.859356 -0.3211544
1.864334 1.859356 -0.3211544
1.864334 1.859356 -0.3211544
1.864334 1.859356 -0.3211544
1.864334 1.859356 -0.3211544
1.864334 1.859356 -0.3211544
1.864334 1.859356 -0.3211544
1.864334 1.859356 -0.3211544
1.864334 1.859356 -0.3211544
1.864334 1.859356 -0.3211544
1.864334 1.859356 -0.3211544
1.864334 1.859356 -0.3211544
1.864334 1.859356 -0.3211544
1.864334 1.859356 -0.3211544
1.864334 1.859356 -0.3211544
1.864334 1.859356 -0.3211544
1.864334 1.859356 -0.3211544
1.864334 1.859356 -0.3211544
1.864334 1.859356 -0.3211544
1.864334 1.859356 -0.3211544
1.864334 1.859356 -0.3211544
1.864334 1.859356 -0.3211544
1.864334 1.859356 -0.3211544
1.864334 1.859356 -0.3211544
1.864334 1.859356 -0.3211544
1.864334 1.859356 -0.3211544
1.864334 1.859356 -0.3211544
1.864334 1.859356 -0.3211544
1.864334 1.859356 -0.3211544
1.864334 1.859356 -0.3211544
1.864334 1.859356 -0.3211544
1.864334 1.859356 -0.3211544
1.864334 1.859356 -0.3211544
1.864334 1.859356 -0.3211544
1.864334 1.859356 -0.3211544
1.961665 1.933324 -0.3933956
1.961665 1.933324 -0.3933956
1.961665 1.933324 -0.3933956
1.961665 1.933324 -0.3933956
1.961665 1.933324 -0.3933956
1.961665 1.933324 -0.3933956
1.961665 1.933324 -0.3933956
1.652552 1.821343 -0.4341085
1.652552 1.821343 -0.4341085
1.652552 1.821343 -0.4341085
1.652552 1.821343 -0.4341085
1.652552 1.821343 -0.4341085
1.652552 1.821343 -0.4341085
1.652552 1.821343 -0.4341085
1.652552 1.821343 -0.4341085
1.652552 1.821343 -0.4341085
1.652552 1.821343 -0.4341085
1.652552 1.821343 -0.4341085
1.652552 1.821343 -0.4341085
1.652552 1.821343 -0.4341085
1.652552 1.821343 -0.4341085
1.652552 1.821343 -0.4341085
1.652552 1.821343 -0.4341085
1.652552 1.821343 -0.4341085
1.652552 1.821343 -0.4341085
1.652552 1.821343 -0.4341085
1.652552 1.821343 -0.4341085
1.652552 1.821343 -0.4341085
1.652552 1.821343 -0.4341085
1.746894 1.979725 -0.4666739
1.746894 1.979725 -0.4666739
1.746894 1.979725 -0.4666739
1.746894 1.979725 -0.4666739
1.746894 1.979725 -0.4666739
1.746894 1.979725 -0.4666739
1.746894 1.979725 -0.4666739
1.746894 1.979725 -0.4666739
1.719123 1.690643 0.2229945
1.719123 1.690643 0.2229945
1.719123 1.690643 0.2229945
1.719123 1.690643 0.2229945
1.719123 1.690643 0.2229945
1.719123 1.690643 0.2229945
1.719123 1.690643 0.2229945
1.719123 1.690643 0.2229945
1.719123 1.690643 0.2229945
1.719123 1.690643 0.2229945
1.719123 1.690643 0.2229945
1.719123 1.690643 0.2229945
1.719123 1.690643 0.2229945
1.719123 1.690643 0.2229945
1.772665 0.9151544 -0.6196995
1.772665 0.9151544 -0.6196995
1.772665 0.9151544 -0.6196995
1.772665 0.9151544 -0.6196995
1.772665 0.9151544 -0.6196995
1.772665 0.9151544 -0.6196995
1.772665 0.9151544 -0.6196995
1.772665 0.9151544 -0.6196995
1.772665 0.9151544 -0.6196995
1.85712 1.030601 -0.6840851
1.85712 1.030601 -0.6840851
1.85712 1.030601 -0.6840851
1.85712 1.030601 -0.6840851
1.85712 1.030601 -0.6840851
1.85712 1.030601 -0.6840851
1.85712 1.030601 -0.6840851
1.85712 1.030601 -0.6840851
1.85712 1.030601 -0.6840851
1.85712 1.030601 -0.6840851
1.85712 1.030601 -0.6840851
1.85712 1.030601 -0.6840851
1.85712 1.030601 -0.6840851
1.85712 1.030601 -0.6840851
1.85712 1.030601 -0.6840851
1.85712 1.030601 -0.6840851
1.85712 1.030601 -0.6840851
1.85712 1.030601 -0.6840851
1.85712 1.030601 -0.6840851
1.85712 1.030601 -0.6840851
1.85712 1.030601 -0.6840851
1.85712 1.030601 -0.6840851
1.85712 1.030601 -0.6840851
1.85712 1.030601 -0.6840851
1.85712 1.030601 -0.6840851
1.85712 1.030601 -0.6840851
1.85712 1.030601 -0.6840851
1.85712 1.030601 -0.6840851
1.85712 1.030601 -0.6840851
1.85712 1.030601 -0.6840851
1.85712 1.030601 -0.6840851
1.85712 1.030601 -0.6840851
1.85712 1.030601 -0.6840851
1.85712 1.030601 -0.6840851
1.85712 1.030601 -0.6840851
1.85712 1.030601 -0.6840851
1.85712 1.030601 -0.6840851
1.85712 1.030601 -0.6840851
1.85712 1.030601 -0.6840851
1.85712 1.030601 -0.6840851
1.85712 1.030601 -0.6840851
1.85712 1.030601 -0.6840851
1.85712 1.030601 -0.6840851
1.85712 1.030601 -0.6840851
1.85712 1.030601 -0.6840851
1.85712 1.030601 -0.6840851
1.85712 1.030601 -0.6840851
1.85712 1.030601 -0.6840851
1.85712 1.030601 -0.6840851
1.85712 1.030601 -0.6840851
1.85712 1.030601 -0.6840851
1.85712 1.030601 -0.6840851
1.85712 1.030601 -0.6840851
1.85712 1.030601 -0.6840851
1.85712 1.030601 -0.6840851
1.85712 1.030601 -0.6840851
1.85712 1.030601 -0.6840851
1.85712 1.030601 -0.6840851
1.85712 1.030601 -0.6840851
1.85712 1.030601 -0.6840851
1.912609 1.080627 -0.7488882
1.912609 1.080627 -0.7488882
1.912609 1.080627 -0.7488882
1.912609 1.080627 -0.7488882
1.912609 1.080627 -0.7488882
1.912609 1.080627 -0.7488882
1.912609 1.080627 -0.7488882
1.912609 1.080627 -0.7488882
1.912609 1.080627 -0.7488882
1.912609 1.080627 -0.7488882
1.912609 1.080627 -0.7488882
1.912609 1.080627 -0.7488882
1.912609 1.080627 -0.7488882
1.912609 1.080627 -0.7488882
1.912609 1.080627 -0.7488882
1.912609 1.080627 -0.7488882
1.912609 1.080627 -0.7488882
1.912609 1.080627 -0.7488882
1.912609 1.080627 -0.7488882
1.912609 1.080627 -0.7488882
1.912609 1.080627 -0.7488882
1.912609 1.080627 -0.7488882
1.912609 1.080627 -0.7488882
1.912609 1.080627 -0.7488882
1.912609 1.080627 -0.7488882
1.912609 1.080627 -0.7488882
1.912609 1.080627 -0.7488882
1.912609 1.080627 -0.7488882
1.912609 1.080627 -0.7488882
1.912609 1.080627 -0.7488882
1.912609 1.080627 -0.7488882
1.912609 1.080627 -0.7488882
1.912609 1.080627 -0.7488882
1.912609 1.080627 -0.7488882
1.912609 1.080627 -0.7488882
1.912609 1.080627 -0.7488882
1.912609 1.080627 -0.7488882
1.912609 1.080627 -0.7488882
1.912609 1.080627 -0.7488882
1.912609 1.080627 -0.7488882
1.912609 1.080627 -0.7488882
1.912609 1.080627 -0.7488882
1.912609 1.080627 -0.7488882
1.912609 1.080627 -0.7488882
1.912609 1.080627 -0.7488882
1.912609 1.080627 -0.7488882
1.912609 1.080627 -0.7488882
1.912609 1.080627 -0.7488882
1.912609 1.080627 -0.7488882
1.912609 1.080627 -0.7488882
1.912609 1.080627 -0.7488882
1.912609 1.080627 -0.7488882
1.912609 1.080627 -0.7488882
1.912609 1.080627 -0.7488882
1.912609 1.080627 -0.7488882
1.912609 1.080627 -0.7488882
1.912609 1.080627 -0.7488882
1.912609 1.080627 -0.7488882
1.912609 1.080627 -0.7488882
1.912609 1.080627 -0.7488882
1.989137 1.213733 -0.7907216
1.989137 1.213733 -0.7907216
1.989137 1.213733 -0.7907216
1.989137 1.213733 -0.7907216
1.989137 1.213733 -0.7907216
1.989137 1.213733 -0.7907216
1.989137 1.213733 -0.7907216
1.989137 1.213733 -0.7907216
1.989137 1.213733 -0.7907216
1.989137 1.213733 -0.7907216
1.989137 1.213733 -0.7907216
1.989137 1.213733 -0.7907216
1.989137 1.213733 -0.7907216
1.989137 1.213733 -0.7907216
1.989137 1.213733 -0.7907216
1.989137 1.213733 -0.7907216
1.989137 1.213733 -0.7907216
1.989137 1.213733 -0.7907216
1.989137 1.213733 -0.7907216
1.989137 1.213733 -0.7907216
1.989137 1.213733 -0.7907216
1.989137 1.213733 -0.7907216
1.989137 1.213733 -0.7907216
1.989137 1.213733 -0.7907216
2.290855 2.061601 -1.267848
2.290855 2.061601 -1.267848
2.290855 2.061601 -1.267848
2.290855 2.061601 -1.267848
2.290855 2.061601 -1.267848
2.290855 2.061601 -1.267848
2.290855 2.061601 -1.267848
2.290855 2.061601 -1.267848
2.290855 2.061601 -1.267848
2.290855 2.061601 -1.267848
2.290855 2.061601 -1.267848
2.290855 2.061601 -1.267848
2.290855 2.061601 -1.267848
2.290855 2.061601 -1.267848
2.290855 2.061601 -1.267848
2.290855 2.061601 -1.267848
2.290855 2.061601 -1.267848
2.290855 2.061601 -1.267848
2.290855 2.061601 -1.267848
2.290855 2.061601 -1.267848
2.290855 2.061601 -1.267848
2.290855 2.061601 -1.267848
2.290855 2.061601 -1.267848
2.290855 2.061601 -1.267848
2.290855 2.061601 -1.267848
2.290855 2.061601 -1.267848
2.290855 2.061601 -1.267848
2.290855 2.061601 -1.267848
2.290855 2.061601 -1.267848
2.290855 2.061601 -1.267848
2.290855 2.061601 -1.267848
2.290855 2.061601 -1.267848
2.290855 2.061601 -1.267848
2.290855 2.061601 -1.267848
2.290855 2.061601 -1.267848
2.290855 2.061601 -1.267848
2.372929 2.218301 -1.322171
2.372929 2.218301 -1.322171
2.372929 2.218301 -1.322171
2.372929 2.218301 -1.322171
2.372929 2.218301 -1.322171
2.372929 2.218301 -1.322171
2.372929 2.218301 -1.322171
2.372929 2.218301 -1.322171
2.372929 2.218301 -1.322171
2.372929 2.218301 -1.322171
2.372929 2.218301 -1.322171
2.372929 2.218301 -1.322171
2.372929 2.218301 -1.322171
2.372929 2.218301 -1.322171
2.372929 2.218301 -1.322171
2.372929 2.218301 -1.322171
2.372929 2.218301 -1.322171
2.372929 2.218301 -1.322171
2.372929 2.218301 -1.322171
2.372929 2.218301 -1.322171
2.372929 2.218301 -1.322171
2.372929 2.218301 -1.322171
2.372929 2.218301 -1.322171
2.372929 2.218301 -1.322171
2.372929 2.218301 -1.322171
2.372929 2.218301 -1.322171
2.372929 2.218301 -1.322171
2.372929 2.218301 -1.322171
2.372929 2.218301 -1.322171
2.372929 2.218301 -1.322171
2.372929 2.218301 -1.322171
2.372929 2.218301 -1.322171
2.372929 2.218301 -1.322171
2.372929 2.218301 -1.322171
2.372929 2.218301 -1.322171
2.372929 2.218301 -1.322171
2.372929 2.218301 -1.322171
2.042324 2.075941 -0.1366735
2.042324 2.075941 -0.1366735
2.042324 2.075941 -0.1366735
1.828892 1.745331 -0.3043718
1.828892 1.745331 -0.3043718
1.828892 1.745331 -0.3043718
1.828892 1.745331 -0.3043718
1.828892 1.745331 -0.3043718
1.828892 1.745331 -0.3043718
1.828892 1.745331 -0.3043718
1.828892 1.745331 -0.3043718
1.828892 1.745331 -0.3043718
1.828892 1.745331 -0.3043718
1.828892 1.745331 -0.3043718
1.828892 1.745331 -0.3043718
1.820469 1.591015 -0.09590511
1.820469 1.591015 -0.09590511
1.820469 1.591015 -0.09590511
1.820469 1.591015 -0.09590511
1.820469 1.591015 -0.09590511
1.820469 1.591015 -0.09590511
1.820469 1.591015 -0.09590511
1.820469 1.591015 -0.09590511
1.648548 1.463142 0.0002128347
1.648548 1.463142 0.0002128347
1.648548 1.463142 0.0002128347
1.648548 1.463142 0.0002128347
1.648548 1.463142 0.0002128347
1.648548 1.463142 0.0002128347
1.648548 1.463142 0.0002128347
1.648548 1.463142 0.0002128347
1.648548 1.463142 0.0002128347
1.648548 1.463142 0.0002128347
1.648548 1.463142 0.0002128347
1.648548 1.463142 0.0002128347
1.648548 1.463142 0.0002128347
1.648548 1.463142 0.0002128347
1.648548 1.463142 0.0002128347
1.648548 1.463142 0.0002128347
1.648548 1.463142 0.0002128347
1.648548 1.463142 0.0002128347
1.648548 1.463142 0.0002128347
1.941178 1.291345 -0.3983308
1.669366 1.315937 -0.4151167
1.669366 1.315937 -0.4151167
1.669366 1.315937 -0.4151167
1.669366 1.315937 -0.4151167
1.669366 1.315937 -0.4151167
1.669366 1.315937 -0.4151167
1.669366 1.315937 -0.4151167
1.669366 1.315937 -0.4151167
1.669366 1.315937 -0.4151167
1.669366 1.315937 -0.4151167
1.669366 1.315937 -0.4151167
1.669366 1.315937 -0.4151167
1.953633 1.699208 -0.9497843
1.953633 1.699208 -0.9497843
1.953633 1.699208 -0.9497843
1.953633 1.699208 -0.9497843
1.953633 1.699208 -0.9497843
1.953633 1.699208 -0.9497843
1.953633 1.699208 -0.9497843
1.953633 1.699208 -0.9497843
1.953633 1.699208 -0.9497843
1.953633 1.699208 -0.9497843
1.953633 1.699208 -0.9497843
1.953633 1.699208 -0.9497843
1.953633 1.699208 -0.9497843
1.953633 1.699208 -0.9497843
1.953633 1.699208 -0.9497843
1.953633 1.699208 -0.9497843
1.953633 1.699208 -0.9497843
1.953633 1.699208 -0.9497843
1.953633 1.699208 -0.9497843
1.953633 1.699208 -0.9497843
1.953633 1.699208 -0.9497843
1.953633 1.699208 -0.9497843
1.953633 1.699208 -0.9497843
1.953633 1.699208 -0.9497843
1.953633 1.699208 -0.9497843
1.953633 1.699208 -0.9497843
1.953633 1.699208 -0.9497843
1.953633 1.699208 -0.9497843
1.955338 1.912286 -0.9642195
1.955338 1.912286 -0.9642195
1.955338 1.912286 -0.9642195
1.955338 1.912286 -0.9642195
1.955338 1.912286 -0.9642195
1.955338 1.912286 -0.9642195
1.955338 1.912286 -0.9642195
1.955338 1.912286 -0.9642195
1.955338 1.912286 -0.9642195
1.955338 1.912286 -0.9642195
1.955338 1.912286 -0.9642195
1.955338 1.912286 -0.9642195
1.955338 1.912286 -0.9642195
1.955338 1.912286 -0.9642195
1.955338 1.912286 -0.9642195
1.955338 1.912286 -0.9642195
1.955338 1.912286 -0.9642195
1.955338 1.912286 -0.9642195
1.955338 1.912286 -0.9642195
1.955338 1.912286 -0.9642195
1.955338 1.912286 -0.9642195
1.955338 1.912286 -0.9642195
1.955338 1.912286 -0.9642195
1.955338 1.912286 -0.9642195
1.955338 1.912286 -0.9642195
1.955338 1.912286 -0.9642195
1.955338 1.912286 -0.9642195
1.955338 1.912286 -0.9642195
1.955338 1.912286 -0.9642195
1.955338 1.912286 -0.9642195
1.955338 1.912286 -0.9642195
2.017674 2.159669 -1.187646
2.017674 2.159669 -1.187646
2.017674 2.159669 -1.187646
2.017674 2.159669 -1.187646
2.017674 2.159669 -1.187646
2.017674 2.159669 -1.187646
2.017674 2.159669 -1.187646
2.017674 2.159669 -1.187646
2.017674 2.159669 -1.187646
2.017674 2.159669 -1.187646
2.017674 2.159669 -1.187646
2.017674 2.159669 -1.187646
2.017674 2.159669 -1.187646
2.017674 2.159669 -1.187646
2.017674 2.159669 -1.187646
2.017674 2.159669 -1.187646
2.017674 2.159669 -1.187646
2.017674 2.159669 -1.187646
2.017674 2.159669 -1.187646
2.017674 2.159669 -1.187646
2.017674 2.159669 -1.187646
2.017674 2.159669 -1.187646
2.017674 2.159669 -1.187646
2.017674 2.159669 -1.187646
2.017674 2.159669 -1.187646
2.069625 1.881814 -0.8976179
2.069625 1.881814 -0.8976179
2.069625 1.881814 -0.8976179
2.069625 1.881814 -0.8976179
2.076917 1.758517 -0.9462017
2.076917 1.758517 -0.9462017
2.076917 1.758517 -0.9462017
2.076917 1.758517 -0.9462017
2.076917 1.758517 -0.9462017
2.076917 1.758517 -0.9462017
2.076917 1.758517 -0.9462017
2.076917 1.758517 -0.9462017
2.076917 1.758517 -0.9462017
2.076917 1.758517 -0.9462017
2.076917 1.758517 -0.9462017
2.076917 1.758517 -0.9462017
2.076917 1.758517 -0.9462017
2.076917 1.758517 -0.9462017
2.076917 1.758517 -0.9462017
2.076917 1.758517 -0.9462017
2.076917 1.758517 -0.9462017
2.076917 1.758517 -0.9462017
2.076917 1.758517 -0.9462017
2.076917 1.758517 -0.9462017
2.076917 1.758517 -0.9462017
2.076917 1.758517 -0.9462017
2.076917 1.758517 -0.9462017
2.076917 1.758517 -0.9462017
2.076917 1.758517 -0.9462017
2.076917 1.758517 -0.9462017
2.076917 1.758517 -0.9462017
2.076917 1.758517 -0.9462017
2.076917 1.758517 -0.9462017
2.076917 1.758517 -0.9462017
2.076917 1.758517 -0.9462017
2.076917 1.758517 -0.9462017
2.076917 1.758517 -0.9462017
2.076917 1.758517 -0.9462017
2.076917 1.758517 -0.9462017
2.076917 1.758517 -0.9462017
2.076917 1.758517 -0.9462017
2.076917 1.758517 -0.9462017
2.076917 1.758517 -0.9462017
2.076917 1.758517 -0.9462017
2.076917 1.758517 -0.9462017
2.076917 1.758517 -0.9462017
2.076917 1.758517 -0.9462017
2.076917 1.758517 -0.9462017
2.076917 1.758517 -0.9462017
2.076917 1.758517 -0.9462017
2.076917 1.758517 -0.9462017
2.076917 1.758517 -0.9462017
2.076917 1.758517 -0.9462017
2.076917 1.758517 -0.9462017
2.076917 1.758517 -0.9462017
2.076917 1.758517 -0.9462017
2.076917 1.758517 -0.9462017
2.076917 1.758517 -0.9462017
2.076917 1.758517 -0.9462017
2.076917 1.758517 -0.9462017
2.076917 1.758517 -0.9462017
2.076917 1.758517 -0.9462017
2.076917 1.758517 -0.9462017
2.076917 1.758517 -0.9462017
2.307869 1.752681 -0.975283
2.307869 1.752681 -0.975283
2.307869 1.752681 -0.975283
2.307869 1.752681 -0.975283
2.307869 1.752681 -0.975283
2.307869 1.752681 -0.975283
2.307869 1.752681 -0.975283
2.307869 1.752681 -0.975283
2.307869 1.752681 -0.975283
2.307869 1.752681 -0.975283
2.307869 1.752681 -0.975283
2.307869 1.752681 -0.975283
2.307869 1.752681 -0.975283
2.307869 1.752681 -0.975283
2.307869 1.752681 -0.975283
2.307869 1.752681 -0.975283
2.307869 1.752681 -0.975283
2.307869 1.752681 -0.975283
2.307869 1.752681 -0.975283
2.307869 1.752681 -0.975283
2.307869 1.752681 -0.975283
2.307869 1.752681 -0.975283
2.307869 1.752681 -0.975283
2.307869 1.752681 -0.975283
2.307869 1.752681 -0.975283
2.307869 1.752681 -0.975283
2.307869 1.752681 -0.975283
2.307869 1.752681 -0.975283
2.307869 1.752681 -0.975283
2.307869 1.752681 -0.975283
2.307869 1.752681 -0.975283
2.307869 1.752681 -0.975283
2.307869 1.752681 -0.975283
2.307869 1.752681 -0.975283
2.307869 1.752681 -0.975283
2.307869 1.752681 -0.975283
2.307869 1.752681 -0.975283
2.307869 1.752681 -0.975283
2.307869 1.752681 -0.975283
2.307869 1.752681 -0.975283
2.307869 1.752681 -0.975283
2.307869 1.752681 -0.975283
2.307869 1.752681 -0.975283
2.307869 1.752681 -0.975283
2.307869 1.752681 -0.975283
2.409953 2.226897 -0.9931779
2.409953 2.226897 -0.9931779
2.409953 2.226897 -0.9931779
2.409953 2.226897 -0.9931779
2.409953 2.226897 -0.9931779
2.409953 2.226897 -0.9931779
2.409953 2.226897 -0.9931779
2.409953 2.226897 -0.9931779
2.409953 2.226897 -0.9931779
2.409953 2.226897 -0.9931779
2.409953 2.226897 -0.9931779
2.409953 2.226897 -0.9931779
2.409953 2.226897 -0.9931779
2.409953 2.226897 -0.9931779
2.409953 2.226897 -0.9931779
2.357566 2.288499 -1.080732
2.357566 2.288499 -1.080732
2.357566 2.288499 -1.080732
2.357566 2.288499 -1.080732
2.357566 2.288499 -1.080732
2.357566 2.288499 -1.080732
2.357566 2.288499 -1.080732
2.357566 2.288499 -1.080732
2.357566 2.288499 -1.080732
2.357566 2.288499 -1.080732
2.357566 2.288499 -1.080732
2.357566 2.288499 -1.080732
2.357566 2.288499 -1.080732
2.357566 2.288499 -1.080732
2.357566 2.288499 -1.080732
2.357566 2.288499 -1.080732
2.357566 2.288499 -1.080732
2.357566 2.288499 -1.080732
2.357566 2.288499 -1.080732
2.357566 2.288499 -1.080732
2.357566 2.288499 -1.080732
2.357566 2.288499 -1.080732
2.357566 2.288499 -1.080732
2.357566 2.288499 -1.080732
2.357566 2.288499 -1.080732
2.357566 2.288499 -1.080732
2.357566 2.288499 -1.080732
2.357566 2.288499 -1.080732
2.357566 2.288499 -1.080732
2.357566 2.288499 -1.080732
2.357566 2.288499 -1.080732
2.357566 2.288499 -1.080732
2.357566 2.288499 -1.080732
2.357566 2.288499 -1.080732
2.357566 2.288499 -1.080732
2.357566 2.288499 -1.080732
2.357566 2.288499 -1.080732
2.357566 2.288499 -1.080732
2.357566 2.288499 -1.080732
2.357566 2.288499 -1.080732
2.357566 2.288499 -1.080732
2.357566 2.288499 -1.080732
2.357566 2.288499 -1.080732
2.357566 2.288499 -1.080732
2.357566 2.288499 -1.080732
2.357566 2.288499 -1.080732
2.357566 2.288499 -1.080732
2.357566 2.288499 -1.080732
2.357566 2.288499 -1.080732
2.357566 2.288499 -1.080732
2.357566 2.288499 -1.080732
2.357566 2.288499 -1.080732
2.357566 2.288499 -1.080732
2.357566 2.288499 -1.080732
2.357566 2.288499 -1.080732
2.178954 2.323432 -0.4292346
2.178954 2.323432 -0.4292346
2.178954 2.323432 -0.4292346
2.266157 2.397366 -0.9652147
2.266157 2.397366 -0.9652147
2.46105 2.44345 -1.153348
2.46105 2.44345 -1.153348
2.46105 2.44345 -1.153348
2.46105 2.44345 -1.153348
2.46105 2.44345 -1.153348
2.46105 2.44345 -1.153348
2.46105 2.44345 -1.153348
2.46105 2.44345 -1.153348
2.46105 2.44345 -1.153348
2.46105 2.44345 -1.153348
2.46105 2.44345 -1.153348
2.46105 2.44345 -1.153348
2.46105 2.44345 -1.153348
2.46105 2.44345 -1.153348
2.46105 2.44345 -1.153348
2.46105 2.44345 -1.153348
2.46105 2.44345 -1.153348
2.46105 2.44345 -1.153348
2.46105 2.44345 -1.153348
2.46105 2.44345 -1.153348
2.46105 2.44345 -1.153348
2.46105 2.44345 -1.153348
2.191463 1.797165 -1.431368
2.191463 1.797165 -1.431368
2.191463 1.797165 -1.431368
2.191463 1.797165 -1.431368
2.191463 1.797165 -1.431368
2.191463 1.797165 -1.431368
2.191463 1.797165 -1.431368
2.191463 1.797165 -1.431368
2.191463 1.797165 -1.431368
2.191463 1.797165 -1.431368
2.191463 1.797165 -1.431368
2.191463 1.797165 -1.431368
2.191463 1.797165 -1.431368
2.191463 1.797165 -1.431368
2.191463 1.797165 -1.431368
2.191463 1.797165 -1.431368
2.191463 1.797165 -1.431368
2.191463 1.797165 -1.431368
2.191463 1.797165 -1.431368
2.191463 1.797165 -1.431368
2.191463 1.797165 -1.431368
2.191463 1.797165 -1.431368
2.191463 1.797165 -1.431368
2.191463 1.797165 -1.431368
2.191463 1.797165 -1.431368
2.191463 1.797165 -1.431368
2.191463 1.797165 -1.431368
2.191463 1.797165 -1.431368
2.191463 1.797165 -1.431368
2.191463 1.797165 -1.431368
2.191463 1.797165 -1.431368
2.191463 1.797165 -1.431368
2.191463 1.797165 -1.431368
2.191463 1.797165 -1.431368
2.191463 1.797165 -1.431368
2.191463 1.797165 -1.431368
2.191463 1.797165 -1.431368
2.191463 1.797165 -1.431368
2.355093 1.874768 -1.640638
2.355093 1.874768 -1.640638
2.355093 1.874768 -1.640638
2.355093 1.874768 -1.640638
2.355093 1.874768 -1.640638
2.355093 1.874768 -1.640638
2.355093 1.874768 -1.640638
2.355093 1.874768 -1.640638
2.355093 1.874768 -1.640638
2.355093 1.874768 -1.640638
2.355093 1.874768 -1.640638
2.355093 1.874768 -1.640638
2.355093 1.874768 -1.640638
2.355093 1.874768 -1.640638
2.355093 1.874768 -1.640638
2.355093 1.874768 -1.640638
2.355093 1.874768 -1.640638
2.355093 1.874768 -1.640638
2.355093 1.874768 -1.640638
2.355093 1.874768 -1.640638
2.355093 1.874768 -1.640638
2.355093 1.874768 -1.640638
2.355093 1.874768 -1.640638
2.355093 1.874768 -1.640638
2.355093 1.874768 -1.640638
2.355093 1.874768 -1.640638
2.355093 1.874768 -1.640638
2.355093 1.874768 -1.640638
2.355093 1.874768 -1.640638
2.355093 1.874768 -1.640638
2.355093 1.874768 -1.640638
2.355093 1.874768 -1.640638
2.355093 1.874768 -1.640638
2.355093 1.874768 -1.640638
2.355093 1.874768 -1.640638
2.355093 1.874768 -1.640638
2.355093 1.874768 -1.640638
2.355093 1.874768 -1.640638
2.355093 1.874768 -1.640638
2.355093 1.874768 -1.640638
2.355093 1.874768 -1.640638
2.355093 1.874768 -1.640638
2.355093 1.874768 -1.640638
2.355093 1.874768 -1.640638
2.355093 1.874768 -1.640638
2.355093 1.874768 -1.640638
2.355093 1.874768 -1.640638
2.355093 1.874768 -1.640638
2.355093 1.874768 -1.640638
2.355093 1.874768 -1.640638
2.355093 1.874768 -1.640638
2.355093 1.874768 -1.640638
2.355093 1.874768 -1.640638
2.355093 1.874768 -1.640638
2.355093 1.874768 -1.640638
2.355093 1.874768 -1.640638
2.355093 1.874768 -1.640638
2.355093 1.874768 -1.640638
2.355093 1.874768 -1.640638
2.355093 1.874768 -1.640638
1.921129 1.826203 -1.776083
1.921129 1.826203 -1.776083
1.921129 1.826203 -1.776083
1.921129 1.826203 -1.776083
1.921129 1.826203 -1.776083
1.921129 1.826203 -1.776083
1.921129 1.826203 -1.776083
1.921129 1.826203 -1.776083
1.921129 1.826203 -1.776083
1.921129 1.826203 -1.776083
1.921129 1.826203 -1.776083
1.921129 1.826203 -1.776083
1.921129 1.826203 -1.776083
2.41552 2.761346 -0.8908161
2.41552 2.761346 -0.8908161
2.41552 2.761346 -0.8908161
2.41552 2.761346 -0.8908161
2.41552 2.761346 -0.8908161
2.41552 2.761346 -0.8908161
2.41552 2.761346 -0.8908161
2.41552 2.761346 -0.8908161
2.084444 2.44575 -1.422208
2.084444 2.44575 -1.422208
2.084444 2.44575 -1.422208
2.084444 2.44575 -1.422208
2.084444 2.44575 -1.422208
2.084444 2.44575 -1.422208
2.084444 2.44575 -1.422208
2.084444 2.44575 -1.422208
2.084444 2.44575 -1.422208
2.084444 2.44575 -1.422208
2.084444 2.44575 -1.422208
2.084444 2.44575 -1.422208
2.568987 2.548869 -1.769648
2.568987 2.548869 -1.769648
2.568987 2.548869 -1.769648
2.568987 2.548869 -1.769648
2.568987 2.548869 -1.769648
2.599346 2.19349 -1.650143
2.599346 2.19349 -1.650143
2.599346 2.19349 -1.650143
2.599346 2.19349 -1.650143
2.599346 2.19349 -1.650143
2.599346 2.19349 -1.650143
2.599346 2.19349 -1.650143
2.599346 2.19349 -1.650143
2.599346 2.19349 -1.650143
2.599346 2.19349 -1.650143
2.599346 2.19349 -1.650143
2.599346 2.19349 -1.650143
2.599346 2.19349 -1.650143
2.599346 2.19349 -1.650143
2.599346 2.19349 -1.650143
2.599346 2.19349 -1.650143
2.599346 2.19349 -1.650143
2.599346 2.19349 -1.650143
2.599346 2.19349 -1.650143
2.599346 2.19349 -1.650143
2.599346 2.19349 -1.650143
2.599346 2.19349 -1.650143
2.319468 2.180562 -1.476575
2.319468 2.180562 -1.476575
2.319468 2.180562 -1.476575
2.319468 2.180562 -1.476575
2.319468 2.180562 -1.476575
2.319468 2.180562 -1.476575
2.319468 2.180562 -1.476575
2.319468 2.180562 -1.476575
2.319468 2.180562 -1.476575
2.319468 2.180562 -1.476575
2.319468 2.180562 -1.476575
2.319468 2.180562 -1.476575
2.319468 2.180562 -1.476575
2.319468 2.180562 -1.476575
2.319468 2.180562 -1.476575
2.319468 2.180562 -1.476575
2.319468 2.180562 -1.476575
2.319468 2.180562 -1.476575
2.319468 2.180562 -1.476575
2.319468 2.180562 -1.476575
2.319468 2.180562 -1.476575
2.319468 2.180562 -1.476575
2.319468 2.180562 -1.476575
2.319468 2.180562 -1.476575
2.319468 2.180562 -1.476575
2.319468 2.180562 -1.476575
2.319468 2.180562 -1.476575
2.319468 2.180562 -1.476575
2.319468 2.180562 -1.476575
2.319468 2.180562 -1.476575
2.319468 2.180562 -1.476575
2.319468 2.180562 -1.476575
2.319468 2.180562 -1.476575
2.319468 2.180562 -1.476575
2.319468 2.180562 -1.476575
2.319468 2.180562 -1.476575
2.319468 2.180562 -1.476575
2.319468 2.180562 -1.476575
2.319468 2.180562 -1.476575
2.319468 2.180562 -1.476575
2.319468 2.180562 -1.476575
2.319468 2.180562 -1.476575
2.319468 2.180562 -1.476575
2.319468 2.180562 -1.476575
2.319468 2.180562 -1.476575
2.319468 2.180562 -1.476575
2.319468 2.180562 -1.476575
2.319468 2.180562 -1.476575
2.319468 2.180562 -1.476575
2.319468 2.180562 -1.476575
2.319468 2.180562 -1.476575
2.319468 2.180562 -1.476575
2.319468 2.180562 -1.476575
2.319468 2.180562 -1.476575
2.319468 2.180562 -1.476575
2.319468 2.180562 -1.476575
2.319468 2.180562 -1.476575
2.319468 2.180562 -1.476575
2.319468 2.180562 -1.476575
2.319468 2.180562 -1.476575
1.997297 1.851223 -1.267557
1.997297 1.851223 -1.267557
1.997297 1.851223 -1.267557
1.997297 1.851223 -1.267557
1.997297 1.851223 -1.267557
1.997297 1.851223 -1.267557
1.997297 1.851223 -1.267557
1.997297 1.851223 -1.267557
1.997297 1.851223 -1.267557
1.997297 1.851223 -1.267557
1.997297 1.851223 -1.267557
1.997297 1.851223 -1.267557
1.997297 1.851223 -1.267557
1.997297 1.851223 -1.267557
1.997297 1.851223 -1.267557
1.997297 1.851223 -1.267557
1.997297 1.851223 -1.267557
1.997297 1.851223 -1.267557
1.997297 1.851223 -1.267557
1.997297 1.851223 -1.267557
1.997297 1.851223 -1.267557
1.997297 1.851223 -1.267557
1.997297 1.851223 -1.267557
1.997297 1.851223 -1.267557
1.997297 1.851223 -1.267557
1.997297 1.851223 -1.267557
1.997297 1.851223 -1.267557
1.997297 1.851223 -1.267557
1.997297 1.851223 -1.267557
1.997297 1.851223 -1.267557
1.997297 1.851223 -1.267557
1.997297 1.851223 -1.267557
1.997297 1.851223 -1.267557
1.997297 1.851223 -1.267557
1.997297 1.851223 -1.267557
1.997297 1.851223 -1.267557
2.091857 2.087349 -1.144634
2.091857 2.087349 -1.144634
2.091857 2.087349 -1.144634
2.091857 2.087349 -1.144634
2.091857 2.087349 -1.144634
2.091857 2.087349 -1.144634
2.091857 2.087349 -1.144634
2.091857 2.087349 -1.144634
2.091857 2.087349 -1.144634
2.091857 2.087349 -1.144634
2.091857 2.087349 -1.144634
2.091857 2.087349 -1.144634
2.091857 2.087349 -1.144634
2.091857 2.087349 -1.144634
2.091857 2.087349 -1.144634
2.091857 2.087349 -1.144634
2.091857 2.087349 -1.144634
2.091857 2.087349 -1.144634
2.091857 2.087349 -1.144634
2.091857 2.087349 -1.144634
2.091857 2.087349 -1.144634
2.091857 2.087349 -1.144634
2.091857 2.087349 -1.144634
2.091857 2.087349 -1.144634
2.34298 2.079758 -1.251514
2.34298 2.079758 -1.251514
2.34298 2.079758 -1.251514
2.34298 2.079758 -1.251514
2.34298 2.079758 -1.251514
2.34298 2.079758 -1.251514
2.34298 2.079758 -1.251514
2.34298 2.079758 -1.251514
2.34298 2.079758 -1.251514
2.34298 2.079758 -1.251514
2.34298 2.079758 -1.251514
2.34298 2.079758 -1.251514
2.34298 2.079758 -1.251514
2.34298 2.079758 -1.251514
2.34298 2.079758 -1.251514
2.34298 2.079758 -1.251514
2.19565 2.107797 -1.488491
2.19565 2.107797 -1.488491
2.19565 2.107797 -1.488491
2.19565 2.107797 -1.488491
2.19565 2.107797 -1.488491
2.19565 2.107797 -1.488491
2.19565 2.107797 -1.488491
2.19565 2.107797 -1.488491
2.19565 2.107797 -1.488491
2.19565 2.107797 -1.488491
2.19565 2.107797 -1.488491
2.19565 2.107797 -1.488491
2.19565 2.107797 -1.488491
2.19565 2.107797 -1.488491
2.19565 2.107797 -1.488491
2.19565 2.107797 -1.488491
2.19565 2.107797 -1.488491
2.19565 2.107797 -1.488491
2.19565 2.107797 -1.488491
2.19565 2.107797 -1.488491
2.19565 2.107797 -1.488491
2.19565 2.107797 -1.488491
2.19565 2.107797 -1.488491
2.19565 2.107797 -1.488491
2.19565 2.107797 -1.488491
2.19565 2.107797 -1.488491
2.19565 2.107797 -1.488491
2.19565 2.107797 -1.488491
2.19565 2.107797 -1.488491
2.19565 2.107797 -1.488491
2.19565 2.107797 -1.488491
2.19565 2.107797 -1.488491
2.19565 2.107797 -1.488491
2.19565 2.107797 -1.488491
2.19565 2.107797 -1.488491
2.19565 2.107797 -1.488491
2.19565 2.107797 -1.488491
2.19565 2.107797 -1.488491
2.19565 2.107797 -1.488491
2.19565 2.107797 -1.488491
2.19565 2.107797 -1.488491
2.19565 2.107797 -1.488491
2.19565 2.107797 -1.488491
2.19565 2.107797 -1.488491
2.367986 2.10621 -1.449332
2.367986 2.10621 -1.449332
2.367986 2.10621 -1.449332
2.367986 2.10621 -1.449332
2.367986 2.10621 -1.449332
2.367986 2.10621 -1.449332
2.367986 2.10621 -1.449332
2.367986 2.10621 -1.449332
2.367986 2.10621 -1.449332
2.367986 2.10621 -1.449332
2.367986 2.10621 -1.449332
2.367986 2.10621 -1.449332
2.367986 2.10621 -1.449332
2.367986 2.10621 -1.449332
2.367986 2.10621 -1.449332
2.367986 2.10621 -1.449332
2.367986 2.10621 -1.449332
2.367986 2.10621 -1.449332
2.367986 2.10621 -1.449332
2.367986 2.10621 -1.449332
2.367986 2.10621 -1.449332
2.367986 2.10621 -1.449332
2.367986 2.10621 -1.449332
2.367986 2.10621 -1.449332
2.367986 2.10621 -1.449332
2.367986 2.10621 -1.449332
2.367986 2.10621 -1.449332
2.367986 2.10621 -1.449332
2.367986 2.10621 -1.449332
2.367986 2.10621 -1.449332
2.367986 2.10621 -1.449332
2.367986 2.10621 -1.449332
2.367986 2.10621 -1.449332
2.367986 2.10621 -1.449332
2.367986 2.10621 -1.449332
2.367986 2.10621 -1.449332
2.367986 2.10621 -1.449332
2.367986 2.10621 -1.449332
2.367986 2.10621 -1.449332
2.367986 2.10621 -1.449332
2.367986 2.10621 -1.449332
2.367986 2.10621 -1.449332
2.367986 2.10621 -1.449332
2.367986 2.10621 -1.449332
2.367986 2.10621 -1.449332
2.367986 2.10621 -1.449332
2.367986 2.10621 -1.449332
2.367986 2.10621 -1.449332
2.367986 2.10621 -1.449332
2.367986 2.10621 -1.449332
2.367986 2.10621 -1.449332
2.367986 2.10621 -1.449332
2.367986 2.10621 -1.449332
2.367986 2.10621 -1.449332
2.367986 2.10621 -1.449332
2.367986 2.10621 -1.449332
2.367986 2.10621 -1.449332
2.367986 2.10621 -1.449332
2.367986 2.10621 -1.449332
2.367986 2.10621 -1.449332
2.388313 2.155718 -1.54347
2.388313 2.155718 -1.54347
2.388313 2.155718 -1.54347
2.388313 2.155718 -1.54347
2.388313 2.155718 -1.54347
2.388313 2.155718 -1.54347
2.388313 2.155718 -1.54347
2.388313 2.155718 -1.54347
2.388313 2.155718 -1.54347
2.388313 2.155718 -1.54347
2.388313 2.155718 -1.54347
2.388313 2.155718 -1.54347
2.388313 2.155718 -1.54347
2.388313 2.155718 -1.54347
2.388313 2.155718 -1.54347
2.388313 2.155718 -1.54347
2.388313 2.155718 -1.54347
2.388313 2.155718 -1.54347
2.388313 2.155718 -1.54347
2.388313 2.155718 -1.54347
2.388313 2.155718 -1.54347
2.388313 2.155718 -1.54347
2.388313 2.155718 -1.54347
2.388313 2.155718 -1.54347
2.388313 2.155718 -1.54347
2.388313 2.155718 -1.54347
2.388313 2.155718 -1.54347
2.388313 2.155718 -1.54347
2.388313 2.155718 -1.54347
2.388313 2.155718 -1.54347
2.388313 2.155718 -1.54347
2.388313 2.155718 -1.54347
2.388313 2.155718 -1.54347
2.388313 2.155718 -1.54347
2.388313 2.155718 -1.54347
2.388313 2.155718 -1.54347
2.388313 2.155718 -1.54347
2.388313 2.155718 -1.54347
2.388313 2.155718 -1.54347
2.388313 2.155718 -1.54347
2.388313 2.155718 -1.54347
2.388313 2.155718 -1.54347
2.388313 2.155718 -1.54347
2.388313 2.155718 -1.54347
2.388313 2.155718 -1.54347
2.388313 2.155718 -1.54347
2.388313 2.155718 -1.54347
2.388313 2.155718 -1.54347
2.388313 2.155718 -1.54347
2.388313 2.155718 -1.54347
2.388313 2.155718 -1.54347
2.388313 2.155718 -1.54347
2.388313 2.155718 -1.54347
2.388313 2.155718 -1.54347
2.388313 2.155718 -1.54347
2.388313 2.155718 -1.54347
2.388313 2.155718 -1.54347
2.388313 2.155718 -1.54347
2.388313 2.155718 -1.54347
2.388313 2.155718 -1.54347
2.373287 2.230705 -1.548641
2.373287 2.230705 -1.548641
2.373287 2.230705 -1.548641
2.373287 2.230705 -1.548641
2.373287 2.230705 -1.548641
2.373287 2.230705 -1.548641
2.373287 2.230705 -1.548641
2.373287 2.230705 -1.548641
2.373287 2.230705 -1.548641
2.373287 2.230705 -1.548641
2.373287 2.230705 -1.548641
2.373287 2.230705 -1.548641
2.373287 2.230705 -1.548641
2.373287 2.230705 -1.548641
2.373287 2.230705 -1.548641
2.373287 2.230705 -1.548641
2.373287 2.230705 -1.548641
2.373287 2.230705 -1.548641
2.373287 2.230705 -1.548641
2.373287 2.230705 -1.548641
2.373287 2.230705 -1.548641
2.373287 2.230705 -1.548641
2.373287 2.230705 -1.548641
2.373287 2.230705 -1.548641
2.373287 2.230705 -1.548641
2.373287 2.230705 -1.548641
2.373287 2.230705 -1.548641
2.373287 2.230705 -1.548641
2.373287 2.230705 -1.548641
2.373287 2.230705 -1.548641
2.373287 2.230705 -1.548641
2.373287 2.230705 -1.548641
2.373287 2.230705 -1.548641
2.373287 2.230705 -1.548641
2.373287 2.230705 -1.548641
2.373287 2.230705 -1.548641
2.373287 2.230705 -1.548641
2.373287 2.230705 -1.548641
2.373287 2.230705 -1.548641
2.373287 2.230705 -1.548641
2.373287 2.230705 -1.548641
2.373287 2.230705 -1.548641
2.373287 2.230705 -1.548641
2.373287 2.230705 -1.548641
2.373287 2.230705 -1.548641
2.373287 2.230705 -1.548641
2.373287 2.230705 -1.548641
2.373287 2.230705 -1.548641
2.373287 2.230705 -1.548641
2.373287 2.230705 -1.548641
2.373287 2.230705 -1.548641
2.373287 2.230705 -1.548641
2.373287 2.230705 -1.548641
2.373287 2.230705 -1.548641
2.373287 2.230705 -1.548641
2.373287 2.230705 -1.548641
2.373287 2.230705 -1.548641
2.373287 2.230705 -1.548641
2.373287 2.230705 -1.548641
2.373287 2.230705 -1.548641
2.354277 2.310436 -1.484458
2.354277 2.310436 -1.484458
2.354277 2.310436 -1.484458
2.354277 2.310436 -1.484458
2.354277 2.310436 -1.484458
2.354277 2.310436 -1.484458
2.452389 2.187112 -1.55822
2.452389 2.187112 -1.55822
2.452389 2.187112 -1.55822
2.452389 2.187112 -1.55822
2.452389 2.187112 -1.55822
2.452389 2.187112 -1.55822
2.452389 2.187112 -1.55822
2.452389 2.187112 -1.55822
2.452389 2.187112 -1.55822
2.452389 2.187112 -1.55822
2.452389 2.187112 -1.55822
2.452389 2.187112 -1.55822
2.452389 2.187112 -1.55822
2.452389 2.187112 -1.55822
2.452389 2.187112 -1.55822
2.452389 2.187112 -1.55822
2.452389 2.187112 -1.55822
2.452389 2.187112 -1.55822
2.452389 2.187112 -1.55822
2.452389 2.187112 -1.55822
2.452389 2.187112 -1.55822
2.452389 2.187112 -1.55822
2.452389 2.187112 -1.55822
2.452389 2.187112 -1.55822
2.452389 2.187112 -1.55822
2.452389 2.187112 -1.55822
2.452389 2.187112 -1.55822
2.452389 2.187112 -1.55822
2.452389 2.187112 -1.55822
2.452389 2.187112 -1.55822
2.452389 2.187112 -1.55822
2.452389 2.187112 -1.55822
2.452389 2.187112 -1.55822
2.452389 2.187112 -1.55822
2.452389 2.187112 -1.55822
2.452389 2.187112 -1.55822
2.452389 2.187112 -1.55822
2.452389 2.187112 -1.55822
2.452389 2.187112 -1.55822
2.452389 2.187112 -1.55822
2.452389 2.187112 -1.55822
2.452389 2.187112 -1.55822
2.452389 2.187112 -1.55822
2.452389 2.187112 -1.55822
2.452389 2.187112 -1.55822
2.452389 2.187112 -1.55822
2.452389 2.187112 -1.55822
2.452389 2.187112 -1.55822
2.452389 2.187112 -1.55822
2.452389 2.187112 -1.55822
2.452389 2.187112 -1.55822
2.452389 2.187112 -1.55822
2.452389 2.187112 -1.55822
2.452389 2.187112 -1.55822
2.490461 2.2782 -1.55591
2.490461 2.2782 -1.55591
2.490461 2.2782 -1.55591
2.490461 2.2782 -1.55591
2.490461 2.2782 -1.55591
2.490461 2.2782 -1.55591
2.490461 2.2782 -1.55591
2.490461 2.2782 -1.55591
2.490461 2.2782 -1.55591
2.490461 2.2782 -1.55591
2.490461 2.2782 -1.55591
2.490461 2.2782 -1.55591
2.490461 2.2782 -1.55591
2.490461 2.2782 -1.55591
2.490461 2.2782 -1.55591
2.490461 2.2782 -1.55591
2.490461 2.2782 -1.55591
2.490461 2.2782 -1.55591
2.490461 2.2782 -1.55591
2.490461 2.2782 -1.55591
2.490461 2.2782 -1.55591
2.490461 2.2782 -1.55591
2.490461 2.2782 -1.55591
2.490461 2.2782 -1.55591
2.490461 2.2782 -1.55591
2.490461 2.2782 -1.55591
2.490461 2.2782 -1.55591
2.490461 2.2782 -1.55591
2.490461 2.2782 -1.55591
2.490461 2.2782 -1.55591
2.490461 2.2782 -1.55591
2.490461 2.2782 -1.55591
2.490461 2.2782 -1.55591
2.490461 2.2782 -1.55591
2.490461 2.2782 -1.55591
2.490461 2.2782 -1.55591
2.48203 2.370119 -1.888088
2.48203 2.370119 -1.888088
2.48203 2.370119 -1.888088
2.48203 2.370119 -1.888088
2.48203 2.370119 -1.888088
2.48203 2.370119 -1.888088
2.48203 2.370119 -1.888088
2.48203 2.370119 -1.888088
2.48203 2.370119 -1.888088
2.48203 2.370119 -1.888088
2.48203 2.370119 -1.888088
2.48203 2.370119 -1.888088
2.48203 2.370119 -1.888088
2.48203 2.370119 -1.888088
2.48203 2.370119 -1.888088
2.48203 2.370119 -1.888088
2.48203 2.370119 -1.888088
2.48203 2.370119 -1.888088
2.48203 2.370119 -1.888088
2.48203 2.370119 -1.888088
2.48203 2.370119 -1.888088
2.48203 2.370119 -1.888088
2.48203 2.370119 -1.888088
2.48203 2.370119 -1.888088
2.553386 2.5096 -1.915559
2.553386 2.5096 -1.915559
2.553386 2.5096 -1.915559
2.553386 2.5096 -1.915559
2.553386 2.5096 -1.915559
2.553386 2.5096 -1.915559
2.553386 2.5096 -1.915559
2.553386 2.5096 -1.915559
2.553386 2.5096 -1.915559
2.553386 2.5096 -1.915559
2.553386 2.5096 -1.915559
2.553386 2.5096 -1.915559
2.553386 2.5096 -1.915559
2.553386 2.5096 -1.915559
2.553386 2.5096 -1.915559
2.553386 2.5096 -1.915559
2.553386 2.5096 -1.915559
2.553386 2.5096 -1.915559
2.553386 2.5096 -1.915559
2.553386 2.5096 -1.915559
2.553386 2.5096 -1.915559
2.553386 2.5096 -1.915559
2.553386 2.5096 -1.915559
2.553386 2.5096 -1.915559
2.553386 2.5096 -1.915559
2.553386 2.5096 -1.915559
2.553386 2.5096 -1.915559
2.553386 2.5096 -1.915559
2.553386 2.5096 -1.915559
2.553386 2.5096 -1.915559
2.553386 2.5096 -1.915559
2.553386 2.5096 -1.915559
2.553386 2.5096 -1.915559
2.553386 2.5096 -1.915559
2.553386 2.5096 -1.915559
2.553386 2.5096 -1.915559
2.553386 2.5096 -1.915559
2.553386 2.5096 -1.915559
2.553386 2.5096 -1.915559
2.553386 2.5096 -1.915559
2.553386 2.5096 -1.915559
2.553386 2.5096 -1.915559
2.553386 2.5096 -1.915559
2.553386 2.5096 -1.915559
2.553386 2.5096 -1.915559
2.553386 2.5096 -1.915559
2.553386 2.5096 -1.915559
2.553386 2.5096 -1.915559
2.553386 2.5096 -1.915559
2.553386 2.5096 -1.915559
2.553386 2.5096 -1.915559
2.553386 2.5096 -1.915559
2.553386 2.5096 -1.915559
2.553386 2.5096 -1.915559
2.553386 2.5096 -1.915559
2.553386 2.5096 -1.915559
2.553386 2.5096 -1.915559
2.553386 2.5096 -1.915559
2.553386 2.5096 -1.915559
2.553386 2.5096 -1.915559
2.437645 2.528988 -1.918033
2.437645 2.528988 -1.918033
2.437645 2.528988 -1.918033
2.437645 2.528988 -1.918033
2.437645 2.528988 -1.918033
2.437645 2.528988 -1.918033
2.437645 2.528988 -1.918033
2.437645 2.528988 -1.918033
2.437645 2.528988 -1.918033
2.437645 2.528988 -1.918033
2.437645 2.528988 -1.918033
2.437645 2.528988 -1.918033
2.437645 2.528988 -1.918033
2.437645 2.528988 -1.918033
2.437645 2.528988 -1.918033
2.437645 2.528988 -1.918033
2.437645 2.528988 -1.918033
2.437645 2.528988 -1.918033
2.437645 2.528988 -1.918033
2.437645 2.528988 -1.918033
2.437645 2.528988 -1.918033
2.437645 2.528988 -1.918033
2.437645 2.528988 -1.918033
2.437645 2.528988 -1.918033
2.437645 2.528988 -1.918033
2.437645 2.528988 -1.918033
2.437645 2.528988 -1.918033
2.437645 2.528988 -1.918033
2.437645 2.528988 -1.918033
2.437645 2.528988 -1.918033
2.437645 2.528988 -1.918033
2.437645 2.528988 -1.918033
2.437645 2.528988 -1.918033
2.437645 2.528988 -1.918033
2.437645 2.528988 -1.918033
2.437645 2.528988 -1.918033
2.437645 2.528988 -1.918033
2.360891 2.37535 -1.672616
2.360891 2.37535 -1.672616
2.360891 2.37535 -1.672616
2.360891 2.37535 -1.672616
2.360891 2.37535 -1.672616
2.360891 2.37535 -1.672616
2.360891 2.37535 -1.672616
2.360891 2.37535 -1.672616
2.360891 2.37535 -1.672616
2.360891 2.37535 -1.672616
2.360891 2.37535 -1.672616
2.360891 2.37535 -1.672616
2.360891 2.37535 -1.672616
2.360891 2.37535 -1.672616
2.360891 2.37535 -1.672616
2.360891 2.37535 -1.672616
2.360891 2.37535 -1.672616
2.360891 2.37535 -1.672616
2.360891 2.37535 -1.672616
2.360891 2.37535 -1.672616
2.360891 2.37535 -1.672616
2.360891 2.37535 -1.672616
2.360891 2.37535 -1.672616
2.365686 2.219433 -1.638076
2.365686 2.219433 -1.638076
2.365686 2.219433 -1.638076
2.365686 2.219433 -1.638076
2.365686 2.219433 -1.638076
2.365686 2.219433 -1.638076
2.365686 2.219433 -1.638076
2.365686 2.219433 -1.638076
2.365686 2.219433 -1.638076
2.365686 2.219433 -1.638076
2.365686 2.219433 -1.638076
2.365686 2.219433 -1.638076
2.365686 2.219433 -1.638076
2.365686 2.219433 -1.638076
2.365686 2.219433 -1.638076
2.365686 2.219433 -1.638076
2.365686 2.219433 -1.638076
2.365686 2.219433 -1.638076
2.365686 2.219433 -1.638076
2.365686 2.219433 -1.638076
2.365686 2.219433 -1.638076
2.365686 2.219433 -1.638076
2.365686 2.219433 -1.638076
2.365686 2.219433 -1.638076
2.365686 2.219433 -1.638076
2.365686 2.219433 -1.638076
2.365686 2.219433 -1.638076
2.365686 2.219433 -1.638076
2.365686 2.219433 -1.638076
2.365686 2.219433 -1.638076
2.365686 2.219433 -1.638076
2.365686 2.219433 -1.638076
2.365686 2.219433 -1.638076
2.365686 2.219433 -1.638076
2.365686 2.219433 -1.638076
2.365686 2.219433 -1.638076
2.365686 2.219433 -1.638076
2.365686 2.219433 -1.638076
2.365686 2.219433 -1.638076
2.365686 2.219433 -1.638076
2.365686 2.219433 -1.638076
2.365686 2.219433 -1.638076
2.365686 2.219433 -1.638076
2.365686 2.219433 -1.638076
2.365686 2.219433 -1.638076
2.365686 2.219433 -1.638076
2.365686 2.219433 -1.638076
2.365686 2.219433 -1.638076
2.365686 2.219433 -1.638076
2.365686 2.219433 -1.638076
2.365686 2.219433 -1.638076
2.365686 2.219433 -1.638076
2.365686 2.219433 -1.638076
2.365686 2.219433 -1.638076
2.365686 2.219433 -1.638076
2.365686 2.219433 -1.638076
2.365686 2.219433 -1.638076
2.365686 2.219433 -1.638076
2.365686 2.219433 -1.638076
2.365686 2.219433 -1.638076
2.370083 2.205124 -1.609501
2.370083 2.205124 -1.609501
2.370083 2.205124 -1.609501
2.370083 2.205124 -1.609501
2.370083 2.205124 -1.609501
2.370083 2.205124 -1.609501
2.370083 2.205124 -1.609501
2.370083 2.205124 -1.609501
2.370083 2.205124 -1.609501
2.370083 2.205124 -1.609501
2.370083 2.205124 -1.609501
2.370083 2.205124 -1.609501
2.370083 2.205124 -1.609501
2.370083 2.205124 -1.609501
2.370083 2.205124 -1.609501
2.370083 2.205124 -1.609501
2.370083 2.205124 -1.609501
2.370083 2.205124 -1.609501
2.370083 2.205124 -1.609501
2.370083 2.205124 -1.609501
2.370083 2.205124 -1.609501
2.370083 2.205124 -1.609501
2.370083 2.205124 -1.609501
2.370083 2.205124 -1.609501
2.370083 2.205124 -1.609501
2.370083 2.205124 -1.609501
2.370083 2.205124 -1.609501
2.370083 2.205124 -1.609501
2.370083 2.205124 -1.609501
2.370083 2.205124 -1.609501
2.370083 2.205124 -1.609501
2.370083 2.205124 -1.609501
2.370083 2.205124 -1.609501
2.370083 2.205124 -1.609501
2.370083 2.205124 -1.609501
2.370083 2.205124 -1.609501
2.370083 2.205124 -1.609501
2.370083 2.205124 -1.609501
2.370083 2.205124 -1.609501
2.370083 2.205124 -1.609501
2.370083 2.205124 -1.609501
2.370083 2.205124 -1.609501
2.370083 2.205124 -1.609501
2.370083 2.205124 -1.609501
2.370083 2.205124 -1.609501
2.370083 2.205124 -1.609501
2.370083 2.205124 -1.609501
2.370083 2.205124 -1.609501
2.370083 2.205124 -1.609501
2.370083 2.205124 -1.609501
2.370083 2.205124 -1.609501
2.370083 2.205124 -1.609501
2.370083 2.205124 -1.609501
2.370083 2.205124 -1.609501
2.370083 2.205124 -1.609501
2.370083 2.205124 -1.609501
2.370083 2.205124 -1.609501
2.370083 2.205124 -1.609501
2.370083 2.205124 -1.609501
2.370083 2.205124 -1.609501
