1.510705 1.82628 0.1028947
1.035773 -0.08915102 0.6667837
1.289907 0.2481422 0.5195402
1.332432 0.2672896 0.5371455
1.332432 0.2672896 0.5371455
1.239021 -0.1158572 0.6100381
1.309921 0.2504661 0.2435161
1.208796 0.4485316 0.1469105
1.208796 0.4485316 0.1469105
1.506868 0.7878323 -0.1652492
1.506868 0.7878323 -0.1652492
1.216889 0.3718349 -0.2334098
1.446191 0.4933994 -0.2763817
1.457115 0.8310944 0.05615065
1.572948 1.454463 -0.2823774
1.467405 0.9595268 -0.2863411
1.467405 0.9595268 -0.2863411
1.332423 1.038318 0.2571341
1.473012 1.154562 0.1796508
1.610788 0.8568093 0.1348635
1.807714 0.8346079 -0.4781725
1.913237 0.9536393 -0.5296804
1.913237 0.9536393 -0.5296804
1.540753 0.7899811 -0.4092767
1.648816 0.8796746 -0.4727354
1.589005 1.058768 -0.01004055
1.957302 1.308671 -0.9773929
1.476718 0.9180695 0.4191055
1.714261 1.09079 -0.9596423
1.714261 1.09079 -0.9596423
1.784764 1.198349 -1.037523
1.975823 1.458777 -0.7928851
1.826184 1.515142 -1.154726
1.88064 1.570319 -1.189806
1.88064 1.570319 -1.189806
1.88064 1.570319 -1.189806
1.96275 1.693286 -1.218306
1.96275 1.693286 -1.218306
1.96275 1.693286 -1.218306
2.059507 1.869258 -1.306959
1.783512 1.526647 -0.5307231
1.596248 1.781219 -0.1468267
1.724431 1.927437 -0.1792267
1.920093 1.965571 -0.350128
1.920093 1.965571 -0.350128
1.863443 2.2119 -0.466647
2.107144 1.839355 -0.6020732
2.042413 1.483431 -1.372014
2.336555 1.942492 -1.290529
2.197718 2.118834 -0.8734881
1.786404 1.594701 -0.8523488
2.063412 1.609553 -0.977876
2.063412 1.609553 -0.977876
2.063412 1.609553 -0.977876
1.99647 1.704175 -1.179513
1.99647 1.704175 -1.179513
1.99647 1.704175 -1.179513
2.248037 1.781502 -1.464757
2.248037 1.781502 -1.464757
2.248037 1.781502 -1.464757
2.406737 1.84035 -1.654634
2.238501 1.985818 -1.675249
2.238501 1.985818 -1.675249
2.173388 1.757714 -1.112663
2.077786 1.780395 -1.418765
2.528307 2.606833 -1.462707
2.285066 2.628348 -1.399615
2.285066 2.628348 -1.399615
2.285066 2.628348 -1.399615
2.156532 1.723911 -1.759164
2.156532 1.723911 -1.759164
2.111845 2.338234 -1.336399
2.335648 2.313175 -1.281232
2.361811 1.991604 -1.405757
2.261777 2.123607 -1.714179
2.422123 2.147465 -1.777944
2.422123 2.147465 -1.777944
2.422123 2.147465 -1.777944
2.438318 2.233212 -1.780006
2.551962 2.628154 -1.647068
2.551962 2.628154 -1.647068
2.537601 2.696173 -1.586432
2.537601 2.696173 -1.586432
2.537601 2.696173 -1.586432
2.514277 2.76555 -1.580836
2.514277 2.76555 -1.580836
2.514277 2.76555 -1.580836
2.545632 2.861336 -1.647739
2.545632 2.861336 -1.647739
2.545632 2.861336 -1.647739
2.608611 2.877245 -1.68321
2.176847 2.193591 -1.414363
2.176847 2.193591 -1.414363
2.56222 2.336546 -1.963372
2.56222 2.336546 -1.963372
2.425911 2.781369 -1.586427
2.433256 2.727669 -1.556442
2.433256 2.727669 -1.556442
2.433256 2.727669 -1.556442
