0 1 : 000000100100000010000010001000000
0 2 : 000001000000001000000000000001000
0 2 : 000001000000001000000000000001010
0 1 : 000001000000001000000100000001010
0 1 : 000011000001010000001000000001000
0 1 : 000011000001010100001000000001000
0 1 : 000011010001010000001000000001000
0 1 : 000100101100000000010000101010000
0 3 : 001001000000000001000001000001000
0 1 : 001001000000000001100001000001000
0 4 : 010100101100000000010000111100000
0 1 : 100000000010100000000000000000001
0 1 : 100000000010100000000000000000101
