200269558
19812470
16658105
-1078473238
1695365282
572961477
311889623
427604473
-1916087035
976765217
1215852159
-915720131
603295771
1087718119
-702549902
-1695243016
-990748866
1888637916
-252780262
-209006428
-1424116386
1272737039
-1707438550
-1715589067
1235769165
1530203387
-611968932
1678947423
-704114719
-1315950072
-259330748
1646742599
-1885712176
278818657
-1476672711
1445121951
-175801935
1742406834
-31725881
-1519197084
-1678629255
1554934013
-1028936975
-1487568373
181647064
-604353695
943016258
386185072
-47808400
1879421270
-1636333830
1351720720
1609607091
649905474
-1169631894
-1483172279
1303535689
1606002565
371798512
-2140680994
-1097402625
-680213232
-403802022
-747066406
-1251274675
1897304429
1017456409
-1089333826
415312065
-1365151590
229298154
924317388
2004305716
275422572
-245356802
1773090010
929217474
-1061438310
-120230353
1703507288
-1083991202
-2043444237
-1309129467
-1172925315
-222786956
1100776562
-105084182
-1666644795
1442468218
1005189975
923064448
1939616916
-1248516299
-1852650819
929412147
1403132694
1122984856
-296883843
37
