1158060274
661734104
1600570439
1847124353
-614231190
-1947030431
1885449681
-1693171650
-150102300
-293096771
-2097658208
-144154468
-349629467
-782558260
-1379733887
1382537788
-1050911021
-193579521
-691251208
-73600694
1291941908
843504308
-951714783
-267418313
1730098843
170356075
1143580177
1495395523
-1077003837
1250985020
1428291776
-1692843253
-1966256081
-1819435827
1031427216
-1699269822
1632949783
-470968855
-93242363
1551587736
-1707465434
1080766653
-1948928388
-1922099449
-654574685
510656774
527304878
977782503
-70194618
1855700812
1006550214
-1858869108
1844148120
-1373560729
1058936280
-1820869036
1343836115
-81201699
-578930001
1511103011
820791665
441976004
1067667814
-333033393
106180831
-2001893593
-1521386340
-1881882494
1060843343
-442738685
-1288459088
23386107
861590587
1691498437
797639040
1350335160
274435195
1102070967
-197206554
-1205961838
598723219
1705715046
-508664775
1400967426
1110461765
840481828
678869002
1199541353
-1084550315
-803706737
-558337603
576812197
1744824348
1346724857
-19854693
1810424483
1923456454
-1160237435
87
