-2002922258
1843645614
1367927370
-705257579
1867907555
597879701
668311259
368907845
-1301274609
645706642
-332453429
-723129720
-1414093406
191772194
-1184608676
1308813700
-1098997179
1325746725
-1504462477
-492441965
276007673
827013402
-1240137861
-493852032
463644670
-2024481345
-205873613
-74362739
772513896
1214275960
471541800
1671282597
1544156984
-2079231736
-713134708
252176075
63913896
-350709160
2139393189
-1898882652
1290186534
-1858146579
-1928741014
-1020694373
1430252639
-1269962114
1234569359
-901139261
2076434899
-938713561
498245047
-250633815
1156982590
1947568467
768052395
-238060758
-1127330255
2042315811
-760154281
515404917
744013028
1809367514
1008322528
2049585033
2081774048
28713569
-694527440
-329461412
-276791276
-1839711204
1713836888
-2034610707
649619589
1195248060
-1813507068
676287204
1316773747
1125560293
1708396520
721848800
-1279200473
-1828094792
-880740974
1093182825
1915079693
646057498
-973265982
-1730994996
-629950267
533576964
-1174696219
-792670434
1213061818
780460168
-599570532
-883894426
2009872166
93998531
91
