-979085284
-1054999806
-1952622618
2131094907
-1384989111
752533290
-1374277922
-1681811916
-1648026840
-1658165158
1006173560
1877179844
-1121136166
510304359
-1855300438
-127800582
1810470143
-1310072076
-1622602932
1977233975
555538775
459372712
-1884065800
1576378859
-935170723
-624537562
-591721231
1259056050
1465276784
-2010503911
1590380286
1565763453
-1960074575
155433341
650796562
1328717960
-2135328715
704144317
-1824465785
-1015869452
1623363195
424807382
1021915107
-1096402288
1529185251
756463864
-1168643031
-1047494503
1938205765
999952683
1798540531
-1730979952
-2100218521
-1217428448
1548909889
471793824
174005140
73125411
1742681003
1370865052
1305641217
-394428296
-1435549854
-56279140
-1220110761
-1419755455
-1300041127
367330518
166583666
-199076236
-1219437453
-260774170
-1931771735
-823177277
-1990430549
1635717896
1719666354
1318817094
1484409450
-1335157820
905001758
-1042166409
-1727474203
2014193540
1685301605
-352025958
-440710047
-2065283726
-1591930372
-913443069
594346382
12011698
-1753661620
275564686
878284955
1417579304
1377844366
-1427186458
25
