1.320875 0.4794378 0.06624201 -3.69393 0.3333923 0.002905214 0.3333923 -4.320314 -0.0735 0.002905214 -0.0735 -4.333954
2.198099 0.9556617 -0.03219927 -3.350138 0.5714296 -0.05152958 0.5714296 -4.205657 -0.1035882 -0.05152958 -0.1035882 -4.364005
2.833821 1.292016 -0.1707954 -3.174769 0.7167251 -0.1349032 0.7167251 -4.157422 -0.1686089 -0.1349032 -0.1686089 -4.355921
3.375534 1.589168 -0.2984522 -3.090004 0.8105634 -0.1834867 0.8105634 -4.141737 -0.1939657 -0.1834867 -0.1939657 -4.346598
3.848074 1.893932 -0.569606 -3.054926 0.8881333 -0.2722094 0.8881333 -4.106388 -0.2509427 -0.2722094 -0.2509427 -4.292788
4.283714 2.286747 -0.7767733 -3.059033 0.9679559 -0.3120876 0.9679559 -4.035492 -0.2936867 -0.3120876 -0.2936867 -4.302055
4.713651 2.67921 -1.035894 -3.091809 1.013482 -0.3465554 1.013482 -4.023038 -0.342586 -0.3465554 -0.342586 -4.290591
5.165564 3.068145 -1.270502 -3.134899 1.041604 -0.3645389 1.041604 -4.004242 -0.3555247 -0.3645389 -0.3555247 -4.299874
5.668665 3.467865 -1.58204 -3.186615 1.059903 -0.3900634 1.059903 -4.055745 -0.3655896 -0.3900634 -0.3655896 -4.273111
6.178857 3.945374 -1.855411 -3.248865 1.080357 -0.4138397 1.080357 -4.06281 -0.3900043 -0.4138397 -0.3900043 -4.232074
6.700672 4.584367 -2.152604 -3.321767 1.077899 -0.425534 1.077899 -4.04057 -0.3781094 -0.425534 -0.3781094 -4.236442
7.261988 5.338434 -2.482904 -3.398719 1.067862 -0.4434583 1.067862 -4.061693 -0.3570582 -0.4434583 -0.3570582 -4.236376
7.923326 6.125688 -2.918812 -3.486805 1.061248 -0.4604872 1.061248 -4.114745 -0.3544694 -0.4604872 -0.3544694 -4.257851
8.738889 6.961295 -3.597331 -3.591646 1.045369 -0.4642706 1.045369 -4.191257 -0.3298276 -0.4642706 -0.3298276 -4.268081
9.548515 8.042192 -4.374698 -3.699004 1.016438 -0.4563796 1.016438 -4.279961 -0.2791317 -0.4563796 -0.2791317 -4.342344
10.37924 9.193415 -5.192727 -3.815059 0.9877962 -0.4564225 0.9877962 -4.390898 -0.2085771 -0.4564225 -0.2085771 -4.445241
11.47532 10.80474 -6.323191 -3.955533 0.9432192 -0.438007 0.9432192 -4.541723 -0.132391 -0.438007 -0.132391 -4.579898
12.89244 12.6832 -7.65676 -4.128284 0.8854985 -0.4154945 0.8854985 -4.735351 -0.03312577 -0.4154945 -0.03312577 -4.701116
14.43027 14.84409 -9.063497 -4.322845 0.8316485 -0.3901928 0.8316485 -4.955872 0.08470614 -0.3901928 0.08470614 -4.854493
15.62818 17.13663 -10.43753 -4.458049 0.7542264 -0.3943837 0.7542264 -5.146422 0.1968639 -0.3943837 0.1968639 -5.019703
16.00616 17.78024 -11.29128 -4.553054 0.7652181 -0.4147507 0.7652181 -5.180121 0.2742533 -0.4147507 0.2742533 -5.160183
17.39688 21.23939 -13.74633 -4.731368 0.6978691 -0.3866629 0.6978691 -5.555321 0.5181929 -0.3866629 0.5181929 -5.431552
18.72194 25.58156 -16.59884 -4.897645 0.6348076 -0.390819 0.6348076 -6.088507 0.8298376 -0.390819 0.8298376 -5.730238
20.73487 32.58207 -21.22044 -5.067436 0.5098815 -0.3157409 0.5098815 -6.917026 1.352476 -0.3157409 1.352476 -6.049016
24.57274 44.52273 -28.55211 -5.328393 0.2235525 -0.1250864 0.2235525 -8.306808 2.150707 -0.1250864 2.150707 -6.550345
26.32217 47.4682 -30.76634 -5.595989 0.1973615 -0.1340679 0.1973615 -8.656728 2.41353 -0.1340679 2.41353 -6.805872
30.20868 57.4312 -37.2392 -6.00818 -0.001402538 -0.07336819 -0.001402538 -9.808291 3.150651 -0.07336819 3.150651 -7.454508
29.163 49.52133 -33.00189 -6.204636 0.2628472 -0.3076943 0.2628472 -8.919226 2.659401 -0.3076943 2.659401 -7.235898
24.68915 30.94232 -20.87669 -6.220376 0.8105598 -0.7468533 0.8105598 -6.831433 1.32203 -0.7468533 1.32203 -6.419542
25.74058 28.12771 -19.68763 -6.614515 0.9692704 -0.8984819 0.9692704 -6.457772 1.174842 -0.8984819 1.174842 -6.382463
27.77117 28.04599 -20.08245 -7.289208 1.195673 -1.154815 1.195673 -6.521332 1.26249 -1.154815 1.26249 -6.54861
28.76525 32.79365 -23.25055 -7.591046 1.260828 -1.232549 1.260828 -7.133799 1.680648 -1.232549 1.680648 -6.723401
27.40869 32.07861 -23.69755 -7.744138 1.439205 -1.519347 1.439205 -7.073174 1.791817 -1.519347 1.791817 -7.038254
