1.605365 -0.1207145 0.592391
1.220621 0.4943384 0.8372859
1.310791 0.8583161 -0.4130382
1.338661 0.7416782 0.1532547
1.300984 0.6989783 -0.7156744
1.519655 0.3387784 -0.3312214
1.819098 0.8887747 -0.5500737
1.122654 0.4546905 -0.0137113
1.448544 0.4485297 -0.1557596
1.448544 0.4485297 -0.1557596
1.292846 0.7250336 0.3458309
1.712217 1.000519 -0.4308755
1.712217 1.000519 -0.4308755
1.394895 0.5882761 -0.274438
1.597441 1.047652 -0.4589057
1.90715 1.374559 -1.036706
1.773663 1.234478 -0.08998279
1.773663 1.234478 -0.08998279
1.773663 1.234478 -0.08998279
1.567892 0.7673712 -0.3687439
1.567892 0.7673712 -0.3687439
1.518084 0.9423156 -0.2915338
1.560501 1.053254 -0.7371972
1.766155 0.9315931 -0.07458101
1.889938 1.11244 -0.6514511
1.744841 1.323597 -0.401209
1.744841 1.323597 -0.401209
1.744841 1.323597 -0.401209
1.791221 1.488171 0.1157577
1.619789 1.36423 -0.1298808
1.619789 1.36423 -0.1298808
1.745338 1.066727 -0.284604
1.745338 1.066727 -0.284604
1.745338 1.066727 -0.284604
1.651084 0.9546263 -0.4666955
2.20291 1.879737 -0.909216
2.254312 1.585374 -1.100319
2.254312 1.585374 -1.100319
2.254312 1.585374 -1.100319
2.254312 1.585374 -1.100319
2.254312 1.585374 -1.100319
1.868169 1.696113 -0.6277017
1.868169 1.696113 -0.6277017
1.868169 1.696113 -0.6277017
1.868169 1.696113 -0.6277017
1.933153 1.934133 -0.6089289
1.933153 1.934133 -0.6089289
1.709776 1.507356 -0.7103952
1.709776 1.507356 -0.7103952
1.709776 1.507356 -0.7103952
2.009237 1.765137 -1.360887
2.044761 1.757606 -1.01489
1.834169 1.466525 -0.9921358
2.176286 2.270201 -1.286353
2.040891 2.079393 -0.4889327
2.040891 2.079393 -0.4889327
2.122951 2.263963 -1.096517
2.122951 2.263963 -1.096517
2.211742 2.369691 -0.8895604
2.211742 2.369691 -0.8895604
2.211742 2.369691 -0.8895604
2.211742 2.369691 -0.8895604
2.111843 2.404021 -1.169087
2.111843 2.404021 -1.169087
2.100019 2.134236 -0.9405204
2.044062 2.175339 -0.9026599
2.044062 2.175339 -0.9026599
2.34448 2.063774 -1.161037
2.34448 2.063774 -1.161037
2.023918 1.707069 -0.8788099
2.023918 1.707069 -0.8788099
2.189943 2.072614 -1.355779
2.189943 2.072614 -1.355779
2.742823 2.287374 -1.693908
1.934398 2.018764 -0.876724
2.221531 2.468498 -1.429981
2.299281 2.121471 -1.611389
2.28876 2.732851 -0.9031742
2.28876 2.732851 -0.9031742
2.28876 2.732851 -0.9031742
2.24376 2.111881 -1.634706
2.24376 2.111881 -1.634706
2.618261 2.548087 -1.695256
2.618261 2.548087 -1.695256
2.618261 2.548087 -1.695256
2.618261 2.548087 -1.695256
2.618261 2.548087 -1.695256
2.618261 2.548087 -1.695256
2.618261 2.548087 -1.695256
2.618261 2.548087 -1.695256
2.447125 2.073102 -1.392884
2.382473 2.131234 -1.274395
2.461664 2.262112 -1.746687
2.090333 2.218058 -1.229454
2.454461 2.098475 -2.110633
2.487687 2.222989 -1.516761
2.487687 2.222989 -1.516761
2.487687 2.222989 -1.516761
2.437338 2.769861 -1.500962
