1.636232 -0.04080433 0.7759305
1.488531 0.7025868 0.2075258
1.758539 1.365937 0.2360039
2.050691 1.393329 -0.5185424
1.63442 0.4079996 -0.09090963
1.529271 0.3544336 0.3754919
2.13735 1.393063 -0.7614292
2.118214 1.116792 -0.8648173
2.118214 1.116792 -0.8648173
2.118214 1.116792 -0.8648173
2.184872 1.209597 -0.9171071
1.943986 0.5873899 -0.750196
1.900729 0.9948577 -0.5138524
1.900729 0.9948577 -0.5138524
1.900729 0.9948577 -0.5138524
1.900729 0.9948577 -0.5138524
2.01486 1.57159 -0.6404508
2.01486 1.57159 -0.6404508
2.01486 1.57159 -0.6404508
2.01486 1.57159 -0.6404508
1.974527 1.596904 -0.1510679
2.187399 2.175906 -0.516362
2.187399 2.175906 -0.516362
1.961991 1.502146 -0.8250288
1.939058 1.134518 -0.8131019
1.939058 1.134518 -0.8131019
1.939058 1.134518 -0.8131019
2.081555 1.162004 -1.070938
2.310799 2.055425 -0.7857015
2.310799 2.055425 -0.7857015
1.882002 1.816602 -0.1815124
2.140719 1.797233 -0.3261493
2.080657 1.615711 -0.03349147
2.329297 2.716249 -0.4974372
2.295854 2.153915 -0.3419341
2.34784 1.694377 -1.166011
2.34784 1.694377 -1.166011
2.205449 1.767471 -0.4997459
2.205449 1.767471 -0.4997459
2.574878 1.910056 -1.698751
2.339535 2.276313 -0.600431
2.457811 1.398787 -1.233288
2.217416 1.746526 -1.257336
2.217416 1.746526 -1.257336
2.047829 1.153692 -1.022576
2.227889 1.426892 -0.8105733
2.227889 1.426892 -0.8105733
2.411021 1.891379 -0.8969969
2.411021 1.891379 -0.8969969
2.411021 1.891379 -0.8969969
2.411021 1.891379 -0.8969969
2.411021 1.891379 -0.8969969
2.592438 2.351304 -1.32216
2.45261 1.607454 -1.193189
2.45261 1.607454 -1.193189
2.591406 2.290167 -1.527465
2.406382 2.440356 -1.158363
2.406382 2.440356 -1.158363
2.149506 2.303413 -0.7049824
2.149506 2.303413 -0.7049824
2.229926 1.827532 -1.318792
2.229926 1.827532 -1.318792
2.229926 1.827532 -1.318792
2.229926 1.827532 -1.318792
2.589609 1.772863 -1.492624
2.409176 1.99637 -0.9052
2.409176 1.99637 -0.9052
2.293656 1.838631 -0.8960848
2.293656 1.838631 -0.8960848
2.293656 1.838631 -0.8960848
2.490225 1.937848 -1.701375
2.490225 1.937848 -1.701375
2.50564 2.08905 -1.683654
2.659267 2.299998 -1.438307
2.598329 2.229439 -1.137367
2.6533 2.20685 -1.386536
2.824675 2.221869 -1.714089
2.752898 2.188091 -1.373906
2.752898 2.188091 -1.373906
2.822808 2.518619 -1.486581
2.822808 2.518619 -1.486581
2.822808 2.518619 -1.486581
2.469245 2.890819 -0.955403
2.419926 2.152835 -1.315807
2.419926 2.152835 -1.315807
2.508936 3.027126 -0.983999
2.606444 2.288915 -1.581482
2.606444 2.288915 -1.581482
2.606444 2.288915 -1.581482
2.606444 2.288915 -1.581482
2.845927 2.199059 -1.80702
2.845927 2.199059 -1.80702
2.718862 2.421935 -1.708467
2.718862 2.421935 -1.708467
2.442042 1.992282 -1.373606
2.442042 1.992282 -1.373606
2.442042 1.992282 -1.373606
2.489993 2.029481 -1.136782
2.648663 2.326991 -1.387592
