1.407391 0.6200727 0.3907374
1.580823 0.8994022 -0.1221538
1.580823 0.8994022 -0.1221538
1.580823 0.8994022 -0.1221538
1.390574 0.4404471 -0.1695424
1.81487 1.098804 -0.80497
1.81487 1.098804 -0.80497
1.81487 1.098804 -0.80497
1.541045 1.08168 -0.09755257
1.541045 1.08168 -0.09755257
1.541045 1.08168 -0.09755257
1.541045 1.08168 -0.09755257
1.483322 0.824402 -0.9501478
1.748634 1.652596 -0.4193198
1.748634 1.652596 -0.4193198
1.748634 1.652596 -0.4193198
1.748634 1.652596 -0.4193198
1.715195 1.541509 -0.2284816
1.727994 1.635245 -0.8676719
1.727994 1.635245 -0.8676719
1.727994 1.635245 -0.8676719
1.822022 1.051153 -0.9098838
1.8878 1.399681 -0.7862939
1.8878 1.399681 -0.7862939
1.8878 1.399681 -0.7862939
1.8878 1.399681 -0.7862939
1.8878 1.399681 -0.7862939
1.68591 1.61946 -0.05247506
2.081656 1.484665 -1.356298
2.071425 1.798395 -1.524154
2.148225 1.778227 -1.604743
1.841841 1.499707 -1.074241
2.03929 2.059554 -1.046124
2.305182 2.155927 -1.294545
2.434139 2.216363 -1.453907
1.796368 1.589735 -0.7311073
1.747311 1.144669 -0.9313189
2.074797 2.131874 -0.5917347
2.381925 2.555652 -1.05469
1.988351 1.423904 -1.448907
2.094537 1.937239 -1.051954
2.094537 1.937239 -1.051954
2.094537 1.937239 -1.051954
2.514157 2.434097 -1.641692
2.270458 2.028571 -1.136266
2.069792 1.89528 -1.059797
2.125931 1.810963 -1.356229
2.125931 1.810963 -1.356229
2.221894 1.98369 -1.381963
2.164473 2.327118 -1.100776
2.346373 2.354932 -1.574213
2.346373 2.354932 -1.574213
2.185228 2.575842 -0.9630113
2.134261 1.974052 -0.8059786
2.06899 1.930649 -1.066893
2.215885 2.462331 -1.380017
2.60169 2.738941 -1.865934
2.60169 2.738941 -1.865934
2.19039 2.09342 -0.7546735
1.970942 1.7087 -1.359597
1.970942 1.7087 -1.359597
2.203111 1.897724 -1.326613
2.203111 1.897724 -1.326613
2.196328 2.288246 -1.407416
2.196328 2.288246 -1.407416
2.115658 2.351333 -1.314995
2.330336 2.525237 -1.730127
2.134527 1.936232 -1.381107
2.217 2.53709 -1.078695
2.671731 2.322023 -2.281977
2.568712 2.735974 -1.699966
2.568712 2.735974 -1.699966
2.568712 2.735974 -1.699966
2.568712 2.735974 -1.699966
2.568712 2.735974 -1.699966
2.181317 1.889659 -1.636874
2.322254 2.469614 -1.510391
2.322254 2.469614 -1.510391
2.322254 2.469614 -1.510391
2.526215 2.39236 -1.750326
2.526215 2.39236 -1.750326
2.526215 2.39236 -1.750326
2.526215 2.39236 -1.750326
2.018703 1.882489 -1.175858
2.018703 1.882489 -1.175858
2.540339 2.550476 -1.23405
1.924044 2.138173 -1.200858
2.601529 2.842301 -1.984707
2.032676 1.55772 -1.322753
1.846988 2.005844 -0.8296314
2.103665 2.052944 -1.342822
2.429054 3.084058 -1.326439
2.429054 3.084058 -1.326439
2.429054 3.084058 -1.326439
2.378401 2.573098 -1.127123
2.33468 3.002617 -0.955313
2.813089 2.201802 -2.051758
2.794277 2.26733 -1.749596
2.235346 2.606675 -1.742223
