1.367983 0.5764596 0.2398657
1.371178 0.8529268 0.004365272
1.371178 0.8529268 0.004365272
1.6065 0.7249768 -0.2494628
1.6065 0.7249768 -0.2494628
1.6065 0.7249768 -0.2494628
1.623899 1.080613 -0.4754788
1.623899 1.080613 -0.4754788
1.623899 1.080613 -0.4754788
1.623899 1.080613 -0.4754788
1.873685 1.394554 -0.1645437
1.912162 1.52743 -1.007217
1.846285 1.732781 -0.7232783
1.786858 1.037629 -0.6796222
1.739874 1.310988 -0.6699472
1.739874 1.310988 -0.6699472
1.739874 1.310988 -0.6699472
1.739874 1.310988 -0.6699472
1.739874 1.310988 -0.6699472
1.739874 1.310988 -0.6699472
1.739874 1.310988 -0.6699472
1.739874 1.310988 -0.6699472
1.984589 1.476013 -0.2866533
1.984589 1.476013 -0.2866533
1.783725 1.795311 -1.221373
2.194573 1.488843 -1.410847
2.194573 1.488843 -1.410847
2.194573 1.488843 -1.410847
2.194573 1.488843 -1.410847
2.194573 1.488843 -1.410847
2.107198 2.469567 -0.693902
2.107178 1.595975 -1.021287
2.107178 1.595975 -1.021287
2.107178 1.595975 -1.021287
1.991797 1.779166 -0.9845694
1.991797 1.779166 -0.9845694
1.991797 1.779166 -0.9845694
2.141188 1.700887 -1.097243
1.756052 1.454727 -0.7064891
2.419544 2.090251 -1.251774
2.46984 2.095319 -1.640094
2.46984 2.095319 -1.640094
2.46984 2.095319 -1.640094
2.344651 2.067205 -1.303628
1.965075 1.918238 -0.9537488
1.965075 1.918238 -0.9537488
2.452637 2.587459 -1.556066
2.452637 2.587459 -1.556066
2.452637 2.587459 -1.556066
2.181088 2.143843 -1.135411
2.43476 2.296219 -1.509175
2.016408 1.771277 -1.153059
2.016408 1.771277 -1.153059
2.016408 1.771277 -1.153059
2.016408 1.771277 -1.153059
2.016408 1.771277 -1.153059
2.016408 1.771277 -1.153059
2.558455 2.625157 -1.25376
2.714179 2.44354 -2.008062
2.366567 2.312598 -0.90397
2.289845 2.779136 -1.011799
2.223913 2.311076 -1.464726
2.34141 2.223159 -1.337733
2.34141 2.223159 -1.337733
2.333903 2.196084 -1.436668
2.333903 2.196084 -1.436668
2.333903 2.196084 -1.436668
2.333903 2.196084 -1.436668
2.333903 2.196084 -1.436668
2.333903 2.196084 -1.436668
2.333903 2.196084 -1.436668
2.333903 2.196084 -1.436668
2.333903 2.196084 -1.436668
2.333903 2.196084 -1.436668
2.333903 2.196084 -1.436668
2.333903 2.196084 -1.436668
2.333903 2.196084 -1.436668
2.333903 2.196084 -1.436668
2.333903 2.196084 -1.436668
2.333903 2.196084 -1.436668
2.333903 2.196084 -1.436668
2.333903 2.196084 -1.436668
2.333903 2.196084 -1.436668
2.643045 2.549937 -1.652548
2.416044 2.32274 -1.4346
2.609289 2.407448 -1.723906
2.609289 2.407448 -1.723906
2.609289 2.407448 -1.723906
2.609289 2.407448 -1.723906
2.609289 2.407448 -1.723906
2.609289 2.407448 -1.723906
2.609289 2.407448 -1.723906
2.392644 2.220997 -1.356055
2.392644 2.220997 -1.356055
2.830763 2.497389 -1.841688
2.523573 2.574221 -1.731175
2.598474 2.550337 -1.553326
2.648855 2.365641 -1.940104
2.648855 2.365641 -1.940104
