1.340956 0.2408152 -0.4097591
1.370438 0.6460063 -0.03912074
1.817553 1.233446 -0.4197704
1.402532 0.8809429 -0.1580351
1.788846 0.7757158 0.1634982
1.788846 0.7757158 0.1634982
1.788846 0.7757158 0.1634982
1.677546 0.9016535 -0.2423008
1.677546 0.9016535 -0.2423008
1.677546 0.9016535 -0.2423008
1.677546 0.9016535 -0.2423008
1.677546 0.9016535 -0.2423008
1.97918 0.9215859 -0.851928
1.97918 0.9215859 -0.851928
2.028495 1.088957 -0.4630056
2.028495 1.088957 -0.4630056
2.028495 1.088957 -0.4630056
2.004365 1.17496 -1.024815
2.004365 1.17496 -1.024815
2.004365 1.17496 -1.024815
2.004365 1.17496 -1.024815
1.552428 1.01719 -0.6655979
1.992282 1.148204 -0.9832774
1.992282 1.148204 -0.9832774
1.992282 1.148204 -0.9832774
1.992282 1.148204 -0.9832774
1.992282 1.148204 -0.9832774
2.095005 1.350608 -1.029799
2.095005 1.350608 -1.029799
2.095005 1.350608 -1.029799
1.907339 1.602918 -0.6258793
1.907339 1.602918 -0.6258793
1.907339 1.602918 -0.6258793
1.907339 1.602918 -0.6258793
1.907339 1.602918 -0.6258793
1.907339 1.602918 -0.6258793
1.907339 1.602918 -0.6258793
2.116757 1.611295 -0.7356759
2.116757 1.611295 -0.7356759
2.116757 1.611295 -0.7356759
2.116757 1.611295 -0.7356759
2.116757 1.611295 -0.7356759
2.116757 1.611295 -0.7356759
2.116757 1.611295 -0.7356759
2.116757 1.611295 -0.7356759
2.148202 1.424533 -0.8457975
2.148202 1.424533 -0.8457975
2.148202 1.424533 -0.8457975
2.328627 1.561089 -1.008163
2.362179 1.911225 -1.208939
2.362179 1.911225 -1.208939
2.362179 1.911225 -1.208939
2.431576 2.305889 -1.220967
2.487674 1.958772 -1.622789
2.370646 1.771262 -1.501441
2.370646 1.771262 -1.501441
2.042607 1.550087 -1.069675
2.042607 1.550087 -1.069675
2.042607 1.550087 -1.069675
2.436672 2.341399 -1.388059
2.247718 1.955501 -0.9248105
2.733708 2.534986 -1.713758
2.733708 2.534986 -1.713758
2.36358 2.307253 -1.009713
2.36358 2.307253 -1.009713
2.288337 1.853785 -1.191278
2.288337 1.853785 -1.191278
2.288337 1.853785 -1.191278
2.288337 1.853785 -1.191278
2.501488 2.392729 -0.9566319
2.343832 1.915983 -0.8029618
2.279892 2.329037 -1.237882
2.317513 2.119685 -0.9806426
2.294288 1.88061 -1.583055
2.209627 2.085636 -1.611831
2.402268 2.597603 -1.091927
2.488264 2.03561 -1.373624
2.530545 2.598192 -1.278109
2.530545 2.598192 -1.278109
2.530545 2.598192 -1.278109
2.676047 2.673075 -1.480906
2.676047 2.673075 -1.480906
2.676047 2.673075 -1.480906
2.717085 2.844808 -1.756596
2.717085 2.844808 -1.756596
2.717085 2.844808 -1.756596
2.717085 2.844808 -1.756596
2.740413 2.924546 -1.534286
2.740413 2.924546 -1.534286
2.465037 2.182962 -1.755357
2.465037 2.182962 -1.755357
2.465037 2.182962 -1.755357
2.688743 2.280507 -1.46529
2.688743 2.280507 -1.46529
2.658975 1.941738 -2.140356
2.511817 2.896321 -1.298748
2.511817 2.896321 -1.298748
2.511817 2.896321 -1.298748
2.317161 2.286578 -1.630175
