1.622946 0.4788582 -0.4584311
1.360863 0.4054451 0.1425197
1.568724 0.6847678 -0.6509738
1.39901 1.141846 0.06419898
1.25834 0.5131401 -0.1178121
1.25834 0.5131401 -0.1178121
1.21672 0.7836338 -0.07787831
1.21672 0.7836338 -0.07787831
1.304698 0.279541 0.3322781
1.513236 0.6656245 -1.341624
1.47054 0.9851385 -0.6463161
1.47054 0.9851385 -0.6463161
1.426647 0.3723143 -0.5638425
1.437693 0.5044171 -0.8826425
1.588932 1.206162 -1.078883
1.742887 1.560503 -0.4226458
1.701297 1.501765 -0.765446
1.701297 1.501765 -0.765446
1.722291 1.102496 -0.7984341
1.862162 1.337115 -0.5788001
1.675784 1.326378 -1.060807
1.675784 1.326378 -1.060807
1.636254 1.187639 -0.3523386
1.631592 1.324852 -0.3145904
1.631592 1.324852 -0.3145904
1.631592 1.324852 -0.3145904
1.631592 1.324852 -0.3145904
1.570338 1.295711 -0.4437092
1.605272 1.231199 -0.2434245
1.305954 1.493482 0.383828
1.832756 2.059598 -0.4714564
1.832756 2.059598 -0.4714564
1.902243 1.357357 -1.468921
1.902243 1.357357 -1.468921
1.902243 1.357357 -1.468921
2.085709 1.638905 -1.190846
2.085709 1.638905 -1.190846
1.925251 1.268629 -1.283888
1.739656 1.690564 -0.7389769
1.739656 1.690564 -0.7389769
1.775888 1.612995 -1.055722
1.775888 1.612995 -1.055722
1.775888 1.612995 -1.055722
1.775888 1.612995 -1.055722
1.918338 1.30811 -1.340666
1.918338 1.30811 -1.340666
1.918338 1.30811 -1.340666
1.918338 1.30811 -1.340666
1.979671 1.814411 -1.193013
1.979671 1.814411 -1.193013
1.979671 1.814411 -1.193013
1.979671 1.814411 -1.193013
1.979671 1.814411 -1.193013
2.16215 2.0664 -0.9431315
2.16215 2.0664 -0.9431315
2.157038 2.215219 -1.262341
2.157038 2.215219 -1.262341
2.157038 2.215219 -1.262341
1.751951 1.438344 -1.010032
2.143335 1.973598 -1.296566
2.143335 1.973598 -1.296566
2.202557 2.242579 -1.23165
2.002042 1.950346 -1.639059
2.002042 1.950346 -1.639059
2.002042 1.950346 -1.639059
1.964821 1.954425 -1.578292
2.452052 1.775896 -1.970469
2.029439 1.658069 -1.368102
2.098241 1.64036 -1.218058
2.661054 2.335817 -2.076987
2.219405 2.142221 -1.934258
2.219405 2.142221 -1.934258
2.149172 2.312388 -1.048826
2.030696 2.152325 -1.59808
2.030696 2.152325 -1.59808
2.098755 2.10403 -1.394115
2.098755 2.10403 -1.394115
2.098755 2.10403 -1.394115
2.098755 2.10403 -1.394115
2.395771 1.994612 -2.040357
2.225834 2.486021 -1.446891
2.225834 2.486021 -1.446891
2.225834 2.486021 -1.446891
2.225834 2.486021 -1.446891
2.390881 2.740762 -1.676123
2.390881 2.740762 -1.676123
2.390881 2.740762 -1.676123
2.667155 2.539283 -1.892853
2.667155 2.539283 -1.892853
2.423788 1.924989 -1.854034
2.423788 1.924989 -1.854034
2.387045 2.59073 -1.445147
2.548853 1.978145 -2.324588
2.292506 2.406219 -1.601118
2.273555 2.398364 -1.287797
2.045809 1.885907 -1.449939
2.079175 1.653997 -1.646369
2.423418 2.406834 -1.690809
2.423418 2.406834 -1.690809
