0.1456092 0.1108307 -0.01562527 -1.387476 0.1134848 -0.03534154 0.1134848 -1.367926 -0.06290623 -0.03534154 -0.06290623 -1.448025
0.237777 0.1835335 -0.04648772 -1.335134 0.1817509 -0.06944761 0.1817509 -1.304019 -0.1020765 -0.06944761 -0.1020765 -1.429216
0.3089872 0.2387325 -0.07781883 -1.308005 0.2243537 -0.1022966 0.2243537 -1.276271 -0.1274603 -0.1022966 -0.1274603 -1.412265
0.3760245 0.2924534 -0.1076301 -1.297148 0.2558916 -0.1258202 0.2558916 -1.2643 -0.1463489 -0.1258202 -0.1463489 -1.41021
0.4479314 0.3494743 -0.1430053 -1.29604 0.2795793 -0.1461448 0.2795793 -1.263538 -0.1606297 -0.1461448 -0.1606297 -1.410212
0.5335921 0.4187697 -0.1886126 -1.3024 0.2983806 -0.1633213 0.2983806 -1.270046 -0.1719039 -0.1633213 -0.1719039 -1.415112
0.6451695 0.5187412 -0.2496137 -1.315841 0.3131463 -0.1769367 0.3131463 -1.281071 -0.1798033 -0.1769367 -0.1798033 -1.425959
0.806832 0.6722116 -0.3409969 -1.336438 0.3228824 -0.188164 0.3228824 -1.298631 -0.1838973 -0.188164 -0.1838973 -1.438883
1.076133 0.9243837 -0.5050946 -1.367296 0.3249484 -0.1948976 0.3249484 -1.325118 -0.1821242 -0.1948976 -0.1821242 -1.457068
1.55381 1.367566 -0.8002984 -1.415295 0.3141206 -0.1935235 0.3141206 -1.365825 -0.1713894 -0.1935235 -0.1713894 -1.483535
2.344682 2.044337 -1.289254 -1.488553 0.2862507 -0.1791971 0.2862507 -1.419824 -0.1483351 -0.1791971 -0.1483351 -1.520386
3.520572 3.005602 -1.999513 -1.592296 0.2391563 -0.1495617 0.2391563 -1.490129 -0.1121093 -0.1495617 -0.1121093 -1.566481
5.02341 4.099043 -2.919981 -1.723599 0.1805749 -0.1041025 0.1805749 -1.564095 -0.06785101 -0.1041025 -0.06785101 -1.625001
6.68252 5.293012 -4.025694 -1.867563 0.1189484 -0.04681486 0.1189484 -1.644825 -0.01632334 -0.04681486 -0.01632334 -1.696814
7.804637 6.238611 -4.907302 -1.97017 0.08185824 -0.01019038 0.08185824 -1.718729 0.02687946 -0.01019038 0.02687946 -1.760972
