0.2912185 0.2216613 -0.03125053 -1.274952 0.2269695 -0.07068308 0.2269695 -1.235852 -0.1258125 -0.07068308 -0.1258125 -1.396051
0.4221126 0.3289391 -0.1082126 -1.230451 0.3182833 -0.1376598 0.3182833 -1.176206 -0.1804169 -0.1376598 -0.1804169 -1.391598
0.5226179 0.4043296 -0.1718122 -1.226617 0.3521618 -0.2008434 0.3521618 -1.193024 -0.203612 -0.2008434 -0.203612 -1.361411
0.6441736 0.5073368 -0.2268754 -1.25372 0.3820433 -0.2199146 0.3820433 -1.216417 -0.2219029 -0.2199146 -0.2219029 -1.401991
0.8074657 0.6345788 -0.319881 -1.2905 0.3980175 -0.2477677 0.3980175 -1.259729 -0.2320341 -0.2477677 -0.2320341 -1.410222
1.047556 0.8345423 -0.4622565 -1.340564 0.4111887 -0.2663803 0.4111887 -1.309093 -0.2395487 -0.2663803 -0.2395487 -1.44451
1.426211 1.218542 -0.6766209 -1.409925 0.4165059 -0.2722445 0.4165059 -1.358248 -0.2350991 -0.2722445 -0.2350991 -1.501892
2.100133 1.899974 -1.072063 -1.501211 0.4007718 -0.2779825 0.4007718 -1.43911 -0.2166494 -0.2779825 -0.2166494 -1.542273
3.499845 3.193933 -1.981974 -1.645022 0.3435417 -0.2555005 0.3435417 -1.563498 -0.1661664 -0.2555005 -0.1661664 -1.620733
6.330581 5.799388 -3.752336 -1.895284 0.2058432 -0.1797823 0.2058432 -1.772899 -0.06404174 -0.1797823 -0.06404174 -1.748206
11.04427 9.488814 -6.667768 -2.29439 -0.0203179 -0.02160708 -0.0203179 -2.013812 0.1052623 -0.02160708 0.1052623 -1.925741
17.63125 14.54079 -10.52262 -2.837211 -0.3259767 0.2060638 -0.3259767 -2.333786 0.3226002 0.2060638 0.3226002 -2.119622
24.56031 18.31377 -14.88606 -3.430539 -0.5809835 0.4868674 -0.5809835 -2.525658 0.5075072 0.4868674 0.5075072 -2.385765
29.91006 22.00858 -19.50568 -3.883059 -0.7438227 0.7552116 -0.7438227 -2.775044 0.705064 0.7552116 0.705064 -2.70219
24.63639 20.42261 -18.13142 -3.509283 -0.4744942 0.5391769 -0.4744942 -2.827292 0.6749215 0.5391769 0.6749215 -2.723347
