0.1796738 0.1220287 -0.008785956 -1.351333 0.126629 -0.0368781 0.126629 -1.350271 -0.07599214 -0.0368781 -0.07599214 -1.41717
0.2866816 0.225926 -0.05210786 -1.2698 0.238627 -0.08841873 0.238627 -1.233725 -0.1361735 -0.08841873 -0.1361735 -1.397492
0.3546753 0.278086 -0.09174795 -1.231281 0.2882316 -0.136746 0.2882316 -1.201685 -0.1686353 -0.136746 -0.1686353 -1.369246
0.4056303 0.3184708 -0.1193967 -1.219023 0.3187759 -0.1654456 0.3187759 -1.191434 -0.1885502 -0.1654456 -0.1885502 -1.362075
0.4520637 0.3541523 -0.1439711 -1.217795 0.3393414 -0.1871551 0.3393414 -1.193828 -0.2025406 -0.1871551 -0.2025406 -1.361016
0.4976223 0.3890736 -0.1681264 -1.222755 0.3549726 -0.2055414 0.3549726 -1.202698 -0.2135658 -0.2055414 -0.2135658 -1.362585
0.5444037 0.427723 -0.1925804 -1.232846 0.3686421 -0.2194684 0.3686421 -1.21312 -0.2222255 -0.2194684 -0.2222255 -1.370382
0.5921692 0.4697528 -0.2161262 -1.245997 0.3810102 -0.2317685 0.3810102 -1.224881 -0.2296309 -0.2317685 -0.2296309 -1.37946
0.6419587 0.5137092 -0.241003 -1.260593 0.391984 -0.2440244 0.391984 -1.239051 -0.2355215 -0.2440244 -0.2355215 -1.388468
0.6925473 0.5588726 -0.2660359 -1.27636 0.4021603 -0.256214 0.4021603 -1.254898 -0.2405257 -0.256214 -0.2405257 -1.397702
0.743549 0.6045072 -0.292566 -1.293462 0.4117174 -0.2677767 0.4117174 -1.27134 -0.2444648 -0.2677767 -0.2444648 -1.40817
0.7944607 0.6496058 -0.320475 -1.311674 0.4206374 -0.2788995 0.4206374 -1.287807 -0.2473807 -0.2788995 -0.2473807 -1.41893
0.8448906 0.6941871 -0.3502404 -1.331097 0.4292869 -0.2896401 0.4292869 -1.30449 -0.2496043 -0.2896401 -0.2496043 -1.430272
0.8946317 0.739007 -0.3815436 -1.351777 0.4380253 -0.2996526 0.4380253 -1.321647 -0.2521172 -0.2996526 -0.2521172 -1.443527
0.9434555 0.7843835 -0.4135473 -1.37352 0.4469454 -0.309183 0.4469454 -1.339328 -0.2548317 -0.309183 -0.2548317 -1.457717
