1.599492 1.539314 1.308943
2.24299 2.832438 -1.012745
2.24299 2.832438 -1.012745
2.24299 2.832438 -1.012745
2.153405 1.737307 -1.539676
2.153405 1.737307 -1.539676
2.940622 2.318612 -2.582681
2.639914 2.331968 -2.345943
2.590568 2.64865 -1.915251
2.590568 2.64865 -1.915251
2.398858 2.122151 -1.413052
2.551584 2.160543 -1.852519
2.551584 2.160543 -1.852519
2.551584 2.160543 -1.852519
2.551584 2.160543 -1.852519
2.551584 2.160543 -1.852519
2.551584 2.160543 -1.852519
2.389702 2.394234 -1.557309
2.389702 2.394234 -1.557309
2.389702 2.394234 -1.557309
2.460396 2.709491 -1.637083
2.747908 2.749216 -2.119498
2.18848 2.117978 -1.217989
2.833827 2.566389 -2.236256
2.696293 2.195905 -2.292911
3.153366 2.75868 -2.763071
3.153366 2.75868 -2.763071
3.245116 2.867349 -2.862214
3.245116 2.867349 -2.862214
2.86084 2.408865 -2.497675
2.86084 2.408865 -2.497675
2.86084 2.408865 -2.497675
2.86084 2.408865 -2.497675
2.86084 2.408865 -2.497675
3.037414 2.731337 -2.716434
3.037414 2.731337 -2.716434
3.037414 2.731337 -2.716434
2.905742 2.462341 -2.551702
2.905742 2.462341 -2.551702
2.905742 2.462341 -2.551702
2.905742 2.462341 -2.551702
2.905742 2.462341 -2.551702
2.905742 2.462341 -2.551702
2.540901 2.384556 -2.010752
2.540901 2.384556 -2.010752
2.540901 2.384556 -2.010752
2.540901 2.384556 -2.010752
2.540901 2.384556 -2.010752
