1.792285 1.178243 -1.01873
2.398653 2.854674 -1.143741
2.398653 2.854674 -1.143741
2.514978 2.627046 -1.458353
2.514978 2.627046 -1.458353
2.514978 2.627046 -1.458353
2.514978 2.627046 -1.458353
2.514978 2.627046 -1.458353
2.514978 2.627046 -1.458353
2.514978 2.627046 -1.458353
2.514978 2.627046 -1.458353
2.886337 2.971356 -1.96901
2.688219 2.593902 -2.078288
2.688219 2.593902 -2.078288
2.916934 2.872942 -2.152044
2.916934 2.872942 -2.152044
2.583813 2.46948 -1.909977
2.583813 2.46948 -1.909977
2.51611 2.873671 -1.496816
2.51611 2.873671 -1.496816
3.147053 3.188841 -2.485475
3.031262 2.775321 -2.356023
3.031262 2.775321 -2.356023
3.031262 2.775321 -2.356023
2.597327 2.425797 -1.734587
2.597327 2.425797 -1.734587
2.597327 2.425797 -1.734587
2.597327 2.425797 -1.734587
2.493775 2.503541 -1.657545
2.493775 2.503541 -1.657545
2.493775 2.503541 -1.657545
2.607171 3.354105 -1.343452
2.592261 2.010516 -1.833852
2.922968 2.974351 -2.458908
2.490527 2.897827 -1.469122
2.612001 2.088016 -2.066746
2.612001 2.088016 -2.066746
2.540362 2.42903 -1.770852
2.540362 2.42903 -1.770852
2.7603 3.023921 -1.913672
2.7603 3.023921 -1.913672
2.7603 3.023921 -1.913672
3.061019 2.815877 -2.501655
3.061019 2.815877 -2.501655
3.061019 2.815877 -2.501655
3.061019 2.815877 -2.501655
3.061019 2.815877 -2.501655
