-658096299
333976114
756772300
1113498914
-387883724
-1161062218
-1847429877
-919688622
-1004858919
-1398514661
624894339
-1093283195
580045543
-1474022682
-504403144
-369863451
480152193
-1923068041
-1862209438
299369475
1042905619
-209184933
1541088082
806011667
1837878883
1272316977
1218694207
-1505398401
1014130320
-1653934696
-629755728
800264197
105280594
816263248
1564899439
743758135
-1232465777
-103533356
-1689016369
949712833
1352449782
-863924877
1784685787
-932546326
-823204362
76880220
1240400826
1851581285
2101025388
-624716678
-343340397
1449773567
-1884312496
-708095894
-296925808
539518766
1729721295
-333674181
-2006202586
-1997764242
890711670
-1347005882
-1399300138
-141393322
921148224
1071842390
-1017783051
137000485
1854559390
389870463
-2091415555
-1971580854
1843741438
1648595433
1299524105
1749909834
1973701698
-1916024125
1405553707
-378704227
374509083
142988482
-382106586
-1168839660
57773280
127077003
-1061779461
-1068500808
-276138162
-1895904777
-2126694749
-414961110
645346977
1295713572
-1944796638
561054137
-273860923
1099605121
31
