2096886848
-1523698159
1892220494
-1174223445
-1292706564
2144681036
-1486062696
1401453381
1438011705
-77443951
-526940217
-2027539361
1834271549
-626620284
930046273
-1790357687
2066608557
-2046723965
-1689112898
-1440046046
-1815216779
1508918944
473095686
-1959909353
-420095237
-1396946505
-1837266409
2138592929
106343539
545573902
-768124369
-443354858
313483262
866451042
-893065508
-751564590
-797857988
610153452
375879736
1424637521
-325867483
1116706019
-1016493990
1817062010
667498804
1907039457
1999353652
928675925
-30906168
-843710043
-2102065071
-1720853521
79682620
-887472539
1513002952
913368085
1806982725
-1149587110
772738851
-1982573083
-1345008277
-761800794
-2025170219
1545482219
-1477506125
300565904
1193944382
-1406865952
-1676578751
203293771
-1081193961
-1910026866
-2004700183
-581857206
-1842667595
-265172851
-80775239
-647079305
1206444760
1556968959
210173195
2129544087
1327237827
2034509128
1476110031
-2139509645
-228823708
821736004
1620081214
-1261937517
-1057091963
486343851
-799645767
-884296621
-1648460749
-1607564647
-5698537
-105325903
55
