-36534813
-593958904
-39230527
-1053993034
520986963
658810372
1236000862
1022860131
629103201
-1218332033
746439271
1189963680
2018302571
-1713179857
-874539295
894653211
-941140899
377266097
594571902
580292784
-2125046727
1924076412
-542351117
-287514960
2139937086
2058416609
-987215842
1264010714
95273502
-500558226
1515627399
1961597618
-618165012
-237442960
-661557335
1898181573
-1287343184
-130226364
111536864
283804549
-2120563413
-1839298888
377039796
268201307
1354304631
138285980
1424700192
167510232
1004894717
-1560449670
-816107983
425842484
1411280420
1237574221
-287973552
-1349951885
-1120395839
1081489819
-432993792
662804816
378270353
-1299832255
-1475594729
-1365093692
54142860
1144567918
-1467009992
1179630577
1281514712
536592591
-427075578
471736100
-41904810
1066414447
-1463337841
2116028207
-1581669035
510784242
-2069571904
1548584535
-2092305495
22602026
1835327256
560959011
1182832818
1681910345
2133258186
-1255049183
-1244895332
369135272
-1565785217
-1650827357
2110570101
-1996605988
-2008724746
2007542560
481714622
686108115
91
