1.269276 0.4655049 -0.05154165 -3.726953 0.3549398 -0.03959572 0.3549398 -4.282532 -0.06190228 -0.03959572 -0.06190228 -4.383402
2.160637 0.8785916 -0.2331954 -3.372043 0.5576529 -0.1439729 0.5576529 -4.200347 -0.1197104 -0.1439729 -0.1197104 -4.374025
2.783048 1.250762 -0.3822 -3.22858 0.6997093 -0.206969 0.6997093 -4.121051 -0.1643131 -0.206969 -0.1643131 -4.384546
3.333354 1.575825 -0.4765184 -3.137104 0.7959777 -0.2383849 0.7959777 -4.08618 -0.1683807 -0.2383849 -0.1683807 -4.384539
3.795384 1.911844 -0.6348362 -3.093481 0.901318 -0.3085472 0.901318 -4.000845 -0.2399516 -0.3085472 -0.2399516 -4.346823
4.261525 2.263688 -0.7493934 -3.097751 0.9596089 -0.3292425 0.9596089 -3.981209 -0.2413227 -0.3292425 -0.2413227 -4.357133
4.697835 2.61698 -0.9011323 -3.128231 1.007696 -0.3553031 1.007696 -3.914063 -0.3005191 -0.3553031 -0.3005191 -4.328165
5.147504 3.00969 -1.162687 -3.170705 1.041943 -0.385053 1.041943 -3.90247 -0.3443856 -0.385053 -0.3443856 -4.329684
5.641186 3.452217 -1.38063 -3.222957 1.066303 -0.4018551 1.066303 -3.899928 -0.3543908 -0.4018551 -0.3543908 -4.339975
6.153159 3.95743 -1.654525 -3.292892 1.083297 -0.4094291 1.083297 -3.910385 -0.3784498 -0.4094291 -0.3784498 -4.381767
6.734164 4.501923 -2.00347 -3.369299 1.088445 -0.4122953 1.088445 -3.955434 -0.393218 -0.4122953 -0.393218 -4.424284
7.39827 5.072908 -2.392049 -3.452904 1.082514 -0.4141922 1.082514 -3.968385 -0.4024828 -0.4141922 -0.4024828 -4.424111
8.111212 5.855803 -2.968734 -3.54189 1.063103 -0.4191587 1.063103 -4.003753 -0.3888258 -0.4191587 -0.3888258 -4.425595
8.907341 6.676437 -3.557833 -3.640401 1.040641 -0.4146403 1.040641 -4.093112 -0.3544311 -0.4146403 -0.3544311 -4.477949
9.920742 7.839926 -4.460332 -3.760457 1.008229 -0.3965123 1.008229 -4.240196 -0.2873436 -0.3965123 -0.2873436 -4.530263
11.19748 9.507663 -5.914144 -3.900371 0.9493473 -0.3561662 0.9493473 -4.418178 -0.1781454 -0.3561662 -0.1781454 -4.597885
12.69333 11.87357 -7.664635 -4.051602 0.8548586 -0.2902638 0.8548586 -4.657553 -0.03482721 -0.2902638 -0.03482721 -4.753979
15.43988 17.07832 -11.36278 -4.259938 0.6415063 -0.1397715 0.6415063 -5.193691 0.3208127 -0.1397715 0.3208127 -5.012741
19.96965 26.5658 -18.09532 -4.552554 0.247961 0.1508581 0.247961 -6.201942 0.9700689 0.1508581 0.9700689 -5.483985
20.98468 28.92224 -20.13387 -4.681384 0.2115147 0.2045793 0.2115147 -6.515085 1.152734 0.2045793 1.152734 -5.643798
21.34207 28.9094 -20.06881 -4.798102 0.2497527 0.1775077 0.2497527 -6.547912 1.123276 0.1775077 1.123276 -5.677925
20.43405 27.13739 -17.81627 -4.841974 0.4093604 0.01077565 0.4093604 -6.423893 0.8811198 0.01077565 0.8811198 -5.486748
20.07648 24.75302 -16.23239 -4.93602 0.5153543 -0.1342097 0.5153543 -6.172714 0.7019336 -0.1342097 0.7019336 -5.315544
20.10481 23.89228 -15.45985 -5.066052 0.6043684 -0.2124814 0.6043684 -6.070502 0.6539732 -0.2124814 0.6539732 -5.248575
20.72414 24.91612 -16.30752 -5.203127 0.6096045 -0.2518409 0.6096045 -6.159366 0.7578855 -0.2518409 0.7578855 -5.398048
25.51379 37.0873 -24.12393 -5.51239 0.1853856 0.002474829 0.1853856 -7.481371 1.592009 0.002474829 1.592009 -5.979442
23.83303 30.2775 -20.22343 -5.61827 0.4859495 -0.2142218 0.4859495 -6.745077 1.157136 -0.2142218 1.157136 -5.843511
23.41328 25.57159 -17.848 -5.828222 0.7256672 -0.3816815 0.7256672 -6.232645 0.8444566 -0.3816815 0.8444566 -5.80653
29.11622 39.10173 -27.52818 -6.233654 0.2914239 -0.1085751 0.2914239 -7.660346 1.799114 -0.1085751 1.799114 -6.542963
33.11824 46.85341 -33.37752 -6.661888 0.1039384 0.02667477 0.1039384 -8.564875 2.380318 0.02667477 2.380318 -7.094944
29.70313 34.21856 -24.64671 -6.822311 0.602607 -0.3852568 0.602607 -7.347653 1.455674 -0.3852568 1.455674 -6.638712
34.49639 45.21218 -32.50908 -7.269765 0.2150149 -0.2807746 0.2150149 -8.491236 2.287739 -0.2807746 2.287739 -7.117192
43.05399 66.48077 -46.81744 -8.053621 -0.5150428 -0.05831072 -0.5150428 -10.83497 3.749491 -0.05831072 3.749491 -8.418042
50.73108 83.12797 -57.87259 -8.845062 -0.978121 0.1062574 -0.978121 -12.75588 4.984939 0.1062574 4.984939 -9.584056
55.68112 89.64826 -60.2717 -9.852985 -1.215551 -0.301653 -1.215551 -13.86843 5.271616 -0.301653 5.271616 -10.03317
53.25377 80.99852 -50.0928 -10.44084 -1.124159 -1.244274 -1.124159 -13.28749 4.272401 -1.244274 4.272401 -9.868716
47.86869 40.00873 -18.74717 -12.12171 0.3348801 -3.378526 0.3348801 -9.482432 1.288149 -3.378526 1.288149 -8.814207
50.2913 24.76562 -6.21771 -13.5994 1.537838 -4.161951 1.537838 -8.14909 0.447788 -4.161951 0.447788 -8.31835
52.05025 43.45689 -16.26244 -14.34526 1.197173 -4.145928 1.197173 -10.53993 1.238166 -4.145928 1.238166 -9.125669
61.84782 46.77934 -17.83642 -17.07301 2.273327 -4.93041 2.273327 -11.55986 2.362584 -4.93041 2.362584 -9.498791
57.06849 32.56224 -11.33038 -16.50977 3.692696 -4.841295 3.692696 -10.15599 2.283044 -4.841295 2.283044 -8.446841
46.2511 56.4737 -24.27275 -15.08178 3.058274 -4.414326 3.058274 -12.78724 3.220259 -4.414326 3.220259 -8.68119
45.62106 34.92253 -14.91005 -15.75293 3.434106 -4.754418 3.434106 -9.923581 2.099971 -4.754418 2.099971 -8.312123
62.94169 37.79568 -11.72857 -19.32616 4.211786 -6.178704 4.211786 -10.803 2.826764 -6.178704 2.826764 -9.170617
56.78077 33.43871 -13.24653 -19.03009 4.315924 -6.599236 4.315924 -9.736962 2.883264 -6.599236 2.883264 -9.818495
52.18444 31.86633 -15.42389 -21.8822 5.150643 -8.494972 5.150643 -9.665847 3.3076 -8.494972 3.3076 -11.23602
70.53345 27.56123 -10.2092 -26.52387 6.866882 -10.20992 6.866882 -10.1966 4.22076 -10.20992 4.22076 -11.82815
56.51398 39.96527 -20.36059 -25.8427 7.531248 -10.94145 7.531248 -11.41804 5.631177 -10.94145 5.631177 -13.08211
43.73069 43.45851 -26.42275 -26.68181 8.224126 -12.41021 8.224126 -11.65849 6.484368 -12.41021 6.484368 -14.65047
62.79261 36.73413 -15.26333 -28.16327 8.514595 -13.53512 8.514595 -11.49144 6.577573 -13.53512 6.577573 -15.3232
49.4247 39.2609 -21.12239 -28.82203 9.139301 -14.82056 9.139301 -11.65736 7.097754 -14.82056 7.097754 -16.561
53.22097 28.5677 -8.496698 -29.69526 8.517666 -15.41785 8.517666 -10.42051 5.873759 -15.41785 5.873759 -16.1419
86.35537 12.35285 12.99108 -33.00403 8.741609 -15.67443 8.741609 -9.432861 4.579968 -15.67443 4.579968 -14.46798
43.04048 28.59363 -9.495929 -25.5649 7.013308 -12.06847 7.013308 -9.684472 3.78176 -12.06847 3.78176 -12.77611
49.24579 23.28996 0.87699 -27.60904 6.80541 -12.54378 6.80541 -8.994258 2.962847 -12.54378 2.962847 -12.22135
102.3226 8.300822 17.57384 -32.16898 8.482008 -12.87363 8.482008 -9.169236 3.481726 -12.87363 3.481726 -11.86
40.02145 31.61667 -15.89065 -22.85132 7.018105 -9.916347 7.018105 -10.09794 3.64468 -9.916347 3.64468 -11.64494
41.70877 30.2952 -11.53468 -26.80727 8.180267 -12.38405 8.180267 -10.50304 4.30961 -12.38405 4.30961 -12.90192
92.41948 19.23234 9.377799 -30.50072 8.609053 -12.19812 8.609053 -10.42368 3.9618 -12.19812 3.9618 -11.97544
45.68614 38.06192 -14.74173 -24.993 7.498965 -11.19935 7.498965 -11.19758 4.137461 -11.19935 4.137461 -12.71907
75.11262 31.7335 -3.23799 -30.85854 9.186826 -12.95211 9.186826 -11.87214 4.773082 -12.95211 4.773082 -12.79262
92.84867 30.63664 -5.80215 -36.49772 11.30905 -15.5082 11.30905 -12.81922 6.283878 -15.5082 6.283878 -15.19853
60.65965 35.73276 -14.91314 -46.70907 11.45306 -23.75637 11.45306 -12.22945 6.656643 -23.75637 6.656643 -21.07437
