0.6346381 0.2327524 -0.02577082 -4.113476 0.1774699 -0.01979786 0.1774699 -4.391266 -0.03095114 -0.01979786 -0.03095114 -4.441701
1.143304 0.4480322 -0.09491234 -3.866332 0.3041976 -0.06118953 0.3041976 -4.327626 -0.06053757 -0.06118953 -0.06053757 -4.419142
1.55324 0.6487147 -0.1667343 -3.706894 0.4030755 -0.0976344 0.4030755 -4.275982 -0.08648146 -0.0976344 -0.08648146 -4.410493
1.909263 0.8341367 -0.2286911 -3.592936 0.4816559 -0.1257845 0.4816559 -4.238022 -0.1028613 -0.1257845 -0.1028613 -4.405302
2.223617 1.013755 -0.2963819 -3.509693 0.5515996 -0.156245 0.5515996 -4.198492 -0.1257097 -0.156245 -0.1257097 -4.395556
2.514746 1.192317 -0.3610979 -3.450844 0.6098867 -0.1809589 0.6098867 -4.167452 -0.1422258 -0.1809589 -0.1422258 -4.390067
2.787632 1.3704 -0.4286022 -3.410518 0.6596128 -0.2027519 0.6596128 -4.135778 -0.1620125 -0.2027519 -0.1620125 -4.382329
3.04984 1.552543 -0.5101671 -3.383872 0.7020939 -0.2230076 0.7020939 -4.109855 -0.1822762 -0.2230076 -0.1822762 -4.37648
3.308975 1.74251 -0.5972134 -3.36778 0.7385148 -0.2408923 0.7385148 -4.088863 -0.1994876 -0.2408923 -0.1994876 -4.372829
3.567537 1.943867 -0.6933326 -3.360972 0.7698586 -0.2562139 0.7698586 -4.072637 -0.2157569 -0.2562139 -0.2157569 -4.373642
3.831423 2.157038 -0.8025107 -3.361666 0.7964075 -0.2692207 0.7964075 -4.06287 -0.2305453 -0.2692207 -0.2305453 -4.377862
4.105796 2.381336 -0.9247829 -3.368685 0.8184157 -0.2803723 0.8184157 -4.055602 -0.2437713 -0.2803723 -0.2437713 -4.38142
4.391897 2.629512 -1.070779 -3.381056 0.8358934 -0.2902856 0.8358934 -4.051899 -0.2541323 -0.2902856 -0.2541323 -4.384575
4.692926 2.899307 -1.236583 -3.398346 0.8495432 -0.2985759 0.8495432 -4.054646 -0.2608189 -0.2985759 -0.2608189 -4.3908
5.019665 3.208096 -1.438067 -3.420978 0.8594611 -0.304697 0.8594611 -4.066243 -0.2624767 -0.304697 -0.2624767 -4.399516
5.383066 3.578658 -1.701366 -3.449178 0.8647485 -0.3077246 0.8647485 -4.086945 -0.2575161 -0.3077246 -0.2575161 -4.411185
5.789192 4.039487 -2.032659 -3.482646 0.8641991 -0.3067545 0.8641991 -4.118646 -0.2451444 -0.3067545 -0.2451444 -4.430229
6.297123 4.725741 -2.523718 -3.523556 0.8524784 -0.2979659 0.8524784 -4.175227 -0.2153572 -0.2979659 -0.2153572 -4.460888
6.980749 5.817744 -3.302298 -3.575006 0.8222525 -0.2755247 0.8222525 -4.276563 -0.1560859 -0.2755247 -0.1560859 -4.512043
7.647603 6.917958 -4.103801 -3.62769 0.7931698 -0.2526626 0.7931698 -4.383159 -0.09376117 -0.2526626 -0.09376117 -4.565936
8.270079 7.917569 -4.829483 -3.680891 0.768469 -0.2331094 0.768469 -4.481557 -0.03844132 -0.2331094 -0.03844132 -4.616481
8.798947 8.753213 -5.394126 -3.731373 0.7528556 -0.2225057 0.7528556 -4.566006 0.001539594 -0.2225057 0.001539594 -4.654318
9.268845 9.419872 -5.845721 -3.781566 0.7429597 -0.2188267 0.7429597 -4.632952 0.03072268 -0.2188267 0.03072268 -4.681869
9.702283 9.998768 -6.230286 -3.832946 0.737416 -0.2185729 0.737416 -4.690454 0.0556527 -0.2185729 0.0556527 -4.704538
10.1262 10.57251 -6.617872 -3.885645 0.7325002 -0.2198525 0.7325002 -4.746951 0.08266166 -0.2198525 0.08266166 -4.731211
10.69611 11.55454 -7.266244 -3.945895 0.7122367 -0.2116181 0.7122367 -4.848226 0.1385634 -0.2116181 0.1385634 -4.777442
11.16529 12.22322 -7.729001 -4.005623 0.704155 -0.2117111 0.704155 -4.91597 0.174941 -0.2117111 0.174941 -4.815516
11.58763 12.68351 -8.077932 -4.068471 0.7048968 -0.2175722 0.7048968 -4.961373 0.1980277 -0.2175722 0.1980277 -4.849689
12.17192 13.56411 -8.726274 -4.140644 0.6911144 -0.2139389 0.6911144 -5.051339 0.2513973 -0.2139389 0.2513973 -4.906131
12.84761 14.63796 -9.521475 -4.221974 0.6721732 -0.2061772 0.6721732 -5.164679 0.3200722 -0.2061772 0.3200722 -4.976738
13.37434 15.24986 -9.994139 -4.303235 0.6699993 -0.2117734 0.6699993 -5.232897 0.3555597 -0.2117734 0.3555597 -5.028675
14.0144 16.15781 -10.67641 -4.393129 0.6562119 -0.2138644 0.6562119 -5.331634 0.4141106 -0.2138644 0.4141106 -5.091963
14.86851 17.63789 -11.73938 -4.500791 0.6217632 -0.2092893 0.6217632 -5.493497 0.51221 -0.2092893 0.51221 -5.189789
15.89315 19.50904 -13.05747 -4.624913 0.5760522 -0.2002736 0.5760522 -5.700994 0.6400023 -0.2002736 0.6400023 -5.315339
16.99837 21.45735 -14.36898 -4.770137 0.5262855 -0.2030897 0.5262855 -5.927867 0.7686582 -0.2030897 0.7686582 -5.44639
17.97825 23.06657 -15.33449 -4.923399 0.4816789 -0.2312299 0.4816789 -6.126776 0.863354 -0.2312299 0.863354 -5.565913
18.76484 23.51242 -15.4243 -5.112829 0.4778157 -0.3140535 0.4778157 -6.215082 0.8745328 -0.3140535 0.8745328 -5.651394
19.57321 23.54455 -15.18823 -5.330433 0.5049958 -0.4127175 0.5049958 -6.264672 0.8635906 -0.4127175 0.8635906 -5.719778
20.38514 24.04236 -15.21508 -5.555804 0.5223002 -0.5060478 0.5223002 -6.371554 0.872955 -0.5060478 0.872955 -5.804925
21.39642 24.59692 -15.27902 -5.836711 0.5650082 -0.613959 0.5650082 -6.498098 0.9092874 -0.613959 0.9092874 -5.895019
22.24576 24.78657 -15.185 -6.090831 0.6394769 -0.7146099 0.6394769 -6.58519 0.9419959 -0.7146099 0.9419959 -5.955777
22.80402 25.52348 -15.39635 -6.299923 0.695728 -0.8006498 0.695728 -6.729424 0.9949788 -0.8006498 0.9949788 -6.019159
23.32259 25.73709 -15.3853 -6.514764 0.7579639 -0.8905082 0.7579639 -6.802019 1.020092 -0.8905082 1.020092 -6.071271
24.20301 26.00506 -15.30403 -6.799462 0.8347155 -1.008024 0.8347155 -6.89093 1.06024 -1.008024 1.06024 -6.140146
24.91123 26.16666 -15.25931 -7.065345 0.910394 -1.129572 0.910394 -6.9528 1.099871 -1.129572 1.099871 -6.22011
25.49151 26.28793 -15.26281 -7.380597 1.000612 -1.286282 1.000612 -7.010524 1.146844 -1.286282 1.146844 -6.326831
26.42988 26.31446 -15.15752 -7.779416 1.122826 -1.472191 1.122826 -7.076901 1.210884 -1.472191 1.210884 -6.441442
27.04384 26.59305 -15.26371 -8.148054 1.25361 -1.665442 1.25361 -7.165495 1.301094 -1.665442 1.301094 -6.576966
27.37758 26.93036 -15.48689 -8.518729 1.39302 -1.880337 1.39302 -7.255355 1.40476 -1.880337 1.40476 -6.738436
28.07199 27.12259 -15.48251 -8.903916 1.532659 -2.108862 1.532659 -7.338416 1.506188 -2.108862 1.506188 -6.906765
28.48262 27.35602 -15.59097 -9.286957 1.678941 -2.353318 1.678941 -7.421472 1.613718 -2.353318 1.613718 -7.092423
28.94938 27.37888 -15.45711 -9.672019 1.807973 -2.599819 1.807973 -7.478058 1.694096 -2.599819 1.694096 -7.263168
30.01246 27.10062 -14.93029 -10.10409 1.936374 -2.841941 1.936374 -7.514258 1.747538 -2.841941 1.747538 -7.396591
30.24933 27.12777 -14.83149 -10.3852 2.028682 -3.009696 2.028682 -7.553716 1.784524 -3.009696 1.784524 -7.4944
30.58855 27.05923 -14.55098 -10.69277 2.113981 -3.179948 2.113981 -7.57944 1.805565 -3.179948 1.805565 -7.57881
31.84704 26.73014 -13.98739 -11.06954 2.2257 -3.350012 2.2257 -7.607332 1.834972 -3.350012 1.834972 -7.653919
31.98798 26.81439 -14.0202 -11.27268 2.308328 -3.463225 2.308328 -7.650273 1.866173 -3.463225 1.866173 -7.722729
32.15274 26.87339 -13.97807 -11.53598 2.407852 -3.614425 2.407852 -7.698625 1.907588 -3.614425 1.907588 -7.810512
33.15719 26.74603 -13.58881 -11.85205 2.511206 -3.757487 2.511206 -7.744043 1.941824 -3.757487 1.941824 -7.879928
33.36258 26.93154 -13.60771 -12.06748 2.592972 -3.879485 2.592972 -7.800658 1.977819 -3.879485 1.977819 -7.959258
34.03597 27.00899 -13.44045 -12.37056 2.699325 -4.025817 2.699325 -7.866327 2.022903 -4.025817 2.022903 -8.037215
34.9695 27.06657 -13.31921 -12.75353 2.835987 -4.208077 2.835987 -7.944944 2.090538 -4.208077 2.090538 -8.150887
35.37091 27.20198 -13.34412 -13.28409 2.970629 -4.513519 2.970629 -8.01189 2.161883 -4.513519 2.161883 -8.352816
