0.6898386 0.241831 -0.01183148 -4.048565 0.203478 -0.01224802 0.203478 -4.356578 -0.03848212 -0.01224802 -0.03848212 -4.413288
1.258454 0.4856392 -0.09155295 -3.719681 0.3658468 -0.06785336 0.3658468 -4.283447 -0.07138817 -0.06785336 -0.07138817 -4.395807
1.689483 0.7032886 -0.1765377 -3.510154 0.4957989 -0.1223495 0.4957989 -4.212547 -0.1079307 -0.1223495 -0.1079307 -4.383928
2.03517 0.892803 -0.2441252 -3.36558 0.597505 -0.1617411 0.597505 -4.158904 -0.1320354 -0.1617411 -0.1320354 -4.377835
2.322186 1.061891 -0.3097067 -3.255022 0.6897891 -0.2038878 0.6897891 -4.10272 -0.1629212 -0.2038878 -0.1629212 -4.363953
2.566067 1.216208 -0.3707026 -3.174861 0.7690474 -0.241105 0.7690474 -4.052632 -0.1904231 -0.241105 -0.1904231 -4.352511
2.776582 1.360166 -0.4240718 -3.11997 0.8383624 -0.2717119 0.8383624 -4.000042 -0.2177106 -0.2717119 -0.2177106 -4.34128
2.961723 1.49213 -0.480798 -3.082838 0.89813 -0.301983 0.89813 -3.950893 -0.2499015 -0.301983 -0.2499015 -4.328498
3.129181 1.615513 -0.5385614 -3.058213 0.9493199 -0.3303943 0.9493199 -3.908604 -0.2801188 -0.3303943 -0.2801188 -4.316943
3.282121 1.732507 -0.5924468 -3.043529 0.9947678 -0.3551371 0.9947678 -3.868729 -0.3088781 -0.3551371 -0.3088781 -4.308856
3.424903 1.843513 -0.6460168 -3.037048 1.033832 -0.3771724 1.033832 -3.835824 -0.3364074 -0.3771724 -0.3364074 -4.303717
3.559875 1.946678 -0.6961898 -3.036454 1.067658 -0.3973514 1.067658 -3.807151 -0.3642551 -0.3973514 -0.3642551 -4.297592
3.687314 2.042743 -0.7460207 -3.040256 1.097294 -0.4173566 1.097294 -3.779218 -0.3920739 -0.4173566 -0.3920739 -4.288285
3.81016 2.13591 -0.7952325 -3.047533 1.122717 -0.4362791 1.122717 -3.757354 -0.4170265 -0.4362791 -0.4170265 -4.279297
3.930198 2.225243 -0.8432862 -3.057513 1.144805 -0.4539944 1.144805 -3.743152 -0.4391645 -0.4539944 -0.4391645 -4.270206
4.04659 2.308854 -0.8912306 -3.070171 1.164169 -0.4711763 1.164169 -3.733577 -0.4602235 -0.4711763 -0.4602235 -4.258873
4.15898 2.388804 -0.9373402 -3.085329 1.181321 -0.4873221 1.181321 -3.726907 -0.4808949 -0.4873221 -0.4808949 -4.246388
4.268756 2.465732 -0.9818729 -3.102666 1.196326 -0.5015086 1.196326 -3.722381 -0.4995698 -0.5015086 -0.4995698 -4.236428
4.376135 2.537671 -1.024186 -3.121875 1.209595 -0.5140137 1.209595 -3.719341 -0.5177599 -0.5140137 -0.5177599 -4.226773
4.482103 2.606358 -1.066479 -3.142834 1.221255 -0.5249566 1.221255 -3.718871 -0.5353005 -0.5249566 -0.5353005 -4.216835
4.587049 2.671665 -1.107582 -3.165183 1.23174 -0.5345496 1.23174 -3.720288 -0.5520781 -0.5345496 -0.5520781 -4.208633
4.690926 2.734803 -1.146616 -3.188604 1.24112 -0.5431148 1.24112 -3.722846 -0.5673056 -0.5431148 -0.5673056 -4.202502
4.793495 2.795464 -1.182417 -3.212552 1.249656 -0.5523397 1.249656 -3.727873 -0.5815441 -0.5523397 -0.5815441 -4.193887
4.895251 2.852577 -1.216387 -3.23718 1.257478 -0.5613166 1.257478 -3.731403 -0.5949218 -0.5613166 -0.5949218 -4.184937
4.995597 2.906441 -1.248507 -3.262457 1.265061 -0.569994 1.265061 -3.733164 -0.6075264 -0.569994 -0.6075264 -4.178065
5.094545 2.959257 -1.278877 -3.288295 1.27232 -0.5783736 1.27232 -3.735126 -0.6192882 -0.5783736 -0.6192882 -4.173155
5.192967 3.010775 -1.307839 -3.314692 1.27917 -0.5863378 1.27917 -3.73783 -0.630054 -0.5863378 -0.630054 -4.169823
5.29125 3.05998 -1.336603 -3.341728 1.285469 -0.594114 1.285469 -3.74126 -0.6400744 -0.594114 -0.6400744 -4.166987
5.38769 3.105338 -1.360959 -3.368954 1.291807 -0.6025918 1.291807 -3.744548 -0.6510421 -0.6025918 -0.6510421 -4.162584
5.483939 3.150317 -1.384909 -3.396755 1.297985 -0.6111387 1.297985 -3.749329 -0.6609701 -0.6111387 -0.6609701 -4.159401
5.580592 3.194759 -1.409522 -3.425179 1.303845 -0.6194851 1.303845 -3.755015 -0.6696537 -0.6194851 -0.6696537 -4.158807
5.677099 3.238444 -1.432926 -3.453946 1.309129 -0.6283283 1.309129 -3.761008 -0.6778386 -0.6283283 -0.6778386 -4.156647
5.773778 3.281557 -1.456462 -3.483227 1.313995 -0.6373287 1.313995 -3.76714 -0.6853298 -0.6373287 -0.6853298 -4.155152
5.870801 3.324553 -1.481651 -3.513054 1.319023 -0.6461823 1.319023 -3.773985 -0.6911577 -0.6461823 -0.6911577 -4.158241
5.968058 3.367578 -1.50731 -3.543289 1.324177 -0.6555592 1.324177 -3.781896 -0.6954815 -0.6555592 -0.6954815 -4.162965
6.065266 3.411465 -1.532197 -3.573939 1.329362 -0.6649096 1.329362 -3.790079 -0.6990169 -0.6649096 -0.6990169 -4.170303
6.162427 3.455462 -1.555074 -3.605064 1.334573 -0.6739836 1.334573 -3.798061 -0.7023957 -0.6739836 -0.7023957 -4.181433
6.258955 3.497583 -1.573112 -3.636868 1.340403 -0.6827241 1.340403 -3.805485 -0.7071277 -0.6827241 -0.7071277 -4.194617
6.353176 3.539366 -1.588485 -3.669738 1.347126 -0.6907377 1.347126 -3.812587 -0.7135154 -0.6907377 -0.7135154 -4.207914
6.446316 3.580802 -1.604505 -3.703547 1.354381 -0.6983318 1.354381 -3.819778 -0.7199235 -0.6983318 -0.7199235 -4.220613
6.53777 3.621782 -1.621212 -3.737588 1.362089 -0.7062541 1.362089 -3.826671 -0.724986 -0.7062541 -0.724986 -4.233112
6.627799 3.662475 -1.639275 -3.772291 1.370016 -0.7141016 1.370016 -3.833761 -0.7298634 -0.7141016 -0.7298634 -4.241991
6.717132 3.702689 -1.659111 -3.807329 1.378226 -0.721574 1.378226 -3.841168 -0.7344289 -0.721574 -0.7344289 -4.25107
6.806072 3.742941 -1.677559 -3.84228 1.386214 -0.7292366 1.386214 -3.848018 -0.7389638 -0.7292366 -0.7389638 -4.261832
6.894262 3.782936 -1.694557 -3.877322 1.394132 -0.7373983 1.394132 -3.854535 -0.7433148 -0.7373983 -0.7433148 -4.273517
6.981687 3.8226 -1.712153 -3.913025 1.402267 -0.7455114 1.402267 -3.860833 -0.7473794 -0.7455114 -0.7473794 -4.285919
7.068509 3.861421 -1.730365 -3.949075 1.410933 -0.7535498 1.410933 -3.867367 -0.750972 -0.7535498 -0.750972 -4.29877
7.154427 3.900328 -1.748684 -3.985091 1.419889 -0.762218 1.419889 -3.874064 -0.7535783 -0.762218 -0.7535783 -4.31097
7.239178 3.939602 -1.768436 -4.021137 1.42893 -0.770897 1.42893 -3.880722 -0.7555863 -0.770897 -0.7555863 -4.324627
7.322558 3.978666 -1.787773 -4.056475 1.438044 -0.7806061 1.438044 -3.888135 -0.7566648 -0.7806061 -0.7566648 -4.338191
7.403996 4.016293 -1.803697 -4.091563 1.447384 -0.791866 1.447384 -3.89618 -0.7570089 -0.791866 -0.7570089 -4.34877
7.483223 4.053106 -1.817472 -4.126535 1.456769 -0.8033871 1.456769 -3.904554 -0.757502 -0.8033871 -0.757502 -4.35883
7.560822 4.086316 -1.826624 -4.161065 1.466546 -0.8154346 1.466546 -3.913209 -0.7583239 -0.8154346 -0.7583239 -4.365792
7.635586 4.118064 -1.832294 -4.195336 1.476514 -0.8275529 1.476514 -3.921346 -0.7599726 -0.8275529 -0.7599726 -4.372508
7.710603 4.14933 -1.837105 -4.230116 1.486591 -0.8386551 1.486591 -3.928414 -0.7622566 -0.8386551 -0.7622566 -4.381381
7.785733 4.178832 -1.842141 -4.264462 1.49752 -0.8500888 1.49752 -3.936492 -0.7634343 -0.8500888 -0.7634343 -4.391652
7.8584 4.20793 -1.845026 -4.298637 1.508618 -0.862188 1.508618 -3.945142 -0.7645035 -0.862188 -0.7645035 -4.400699
7.931376 4.236443 -1.848026 -4.333819 1.51998 -0.8739838 1.51998 -3.953597 -0.7654607 -0.8739838 -0.7654607 -4.409652
8.004637 4.263379 -1.850591 -4.368591 1.531714 -0.8858489 1.531714 -3.962122 -0.7657993 -0.8858489 -0.7657993 -4.421453
8.076334 4.291403 -1.851186 -4.403157 1.542861 -0.8980847 1.542861 -3.970948 -0.7666579 -0.8980847 -0.7666579 -4.433769
8.150027 4.319564 -1.849701 -4.438789 1.553501 -0.910333 1.553501 -3.979673 -0.7676482 -0.910333 -0.7676482 -4.444011
8.223795 4.347188 -1.847585 -4.474282 1.56455 -0.9225162 1.56455 -3.989332 -0.768078 -0.9225162 -0.768078 -4.453572
8.298334 4.375706 -1.846664 -4.510469 1.575119 -0.9344936 1.575119 -3.9988 -0.7685336 -0.9344936 -0.7685336 -4.463852
