1.406301 0.5467746 -0.5875564
1.406301 0.5467746 -0.5875564
1.647217 0.5806281 -0.6285717
1.647217 0.5806281 -0.6285717
1.647217 0.5806281 -0.6285717
1.524431 0.9025507 -0.8602447
1.483234 0.9056358 -0.3741827
1.483234 0.9056358 -0.3741827
1.357097 0.6265641 -0.1460406
1.547399 1.320211 0.3251149
1.412782 0.3571437 -0.1377713
1.456706 1.324789 0.01268412
2.124627 1.929718 -1.234093
1.983536 1.42977 -0.6620834
1.983536 1.42977 -0.6620834
1.775388 1.083945 -0.08791586
1.792894 1.695765 -0.06789317
1.972127 1.728286 -0.8205637
1.972127 1.728286 -0.8205637
1.980147 1.759869 -0.8582276
1.980147 1.759869 -0.8582276
1.980147 1.759869 -0.8582276
1.980147 1.759869 -0.8582276
1.980147 1.759869 -0.8582276
1.922864 1.767641 -0.6896185
1.922864 1.767641 -0.6896185
1.922864 1.767641 -0.6896185
1.922864 1.767641 -0.6896185
2.153837 1.840747 -0.9642425
2.171653 1.970333 -0.7798325
2.171653 1.970333 -0.7798325
2.193173 2.099241 -0.864511
2.070426 1.840827 -1.288993
2.070426 1.840827 -1.288993
2.070426 1.840827 -1.288993
2.420434 2.343109 -1.227483
2.111762 2.441001 -0.9172352
2.111762 2.441001 -0.9172352
1.819667 1.418532 -0.638919
1.819667 1.418532 -0.638919
2.059451 1.79196 -1.26962
2.059451 1.79196 -1.26962
1.869749 2.079602 -0.5692842
2.299691 1.983045 -1.630983
2.173101 1.867533 -1.715384
2.422072 2.314577 -1.384881
2.325558 1.724534 -1.528843
1.925049 1.852853 -0.6632225
2.325415 2.029228 -1.461368
2.257678 1.750805 -1.118657
2.208412 2.418563 -1.408385
2.579056 2.197971 -1.866323
2.723367 2.553948 -1.790447
2.723367 2.553948 -1.790447
2.331763 2.318738 -1.28225
2.316168 2.493735 -1.552795
2.106791 2.06261 -1.286848
2.106791 2.06261 -1.286848
2.106791 2.06261 -1.286848
2.106791 2.06261 -1.286848
2.526043 2.426885 -1.84802
2.26711 2.004356 -1.117573
2.26711 2.004356 -1.117573
1.789209 1.590551 -0.9308277
2.86666 2.620667 -2.177566
2.896424 2.316935 -2.092725
2.057575 1.709993 -0.8574325
2.287712 1.983775 -1.337165
2.343098 1.831606 -1.445615
2.095491 2.111419 -1.035798
2.095491 2.111419 -1.035798
2.095491 2.111419 -1.035798
2.274135 1.755672 -1.660022
1.933409 2.219387 -1.000557
2.430686 2.268323 -1.679178
2.430686 2.268323 -1.679178
2.463111 2.35826 -1.851624
2.463111 2.35826 -1.851624
2.463111 2.35826 -1.851624
2.041279 1.675632 -1.221717
2.140798 1.777948 -1.308072
2.162536 1.579624 -1.30531
2.747237 2.418463 -2.276657
2.747237 2.418463 -2.276657
2.514617 2.531881 -1.779814
2.554192 2.430048 -1.751858
2.554192 2.430048 -1.751858
2.554192 2.430048 -1.751858
2.420948 2.271507 -1.469755
2.372616 2.181719 -1.487854
2.386128 2.35369 -1.381231
2.310663 1.878559 -1.469197
2.701784 2.150624 -1.8826
2.499962 2.717348 -1.518034
2.499962 2.717348 -1.518034
2.499962 2.717348 -1.518034
2.499962 2.717348 -1.518034
2.499962 2.717348 -1.518034
2.499962 2.717348 -1.518034
2.565013 2.477587 -1.724583
2.565013 2.477587 -1.724583
2.565013 2.477587 -1.724583
2.498221 2.511754 -1.595639
2.498221 2.511754 -1.595639
2.498221 2.511754 -1.595639
2.498221 2.511754 -1.595639
2.569058 2.288685 -2.141254
2.428234 2.620009 -1.201853
2.704652 2.678076 -1.922747
2.143426 2.016316 -1.128033
2.143426 2.016316 -1.128033
2.143426 2.016316 -1.128033
2.143426 2.016316 -1.128033
2.365292 2.202366 -1.603729
2.365292 2.202366 -1.603729
2.365292 2.202366 -1.603729
2.365292 2.202366 -1.603729
2.365292 2.202366 -1.603729
2.547895 2.084662 -1.910274
2.068766 2.12743 -1.47164
2.068766 2.12743 -1.47164
2.068766 2.12743 -1.47164
2.742593 2.782878 -1.952591
2.774522 2.473805 -2.280865
2.339775 2.391913 -1.63129
2.339775 2.391913 -1.63129
2.339775 2.391913 -1.63129
2.452721 1.979674 -1.87082
2.258798 1.821204 -1.479774
2.53862 2.448 -1.791035
2.571888 2.161653 -1.841879
2.571888 2.161653 -1.841879
2.307323 1.93011 -2.007349
2.34253 1.831396 -1.937868
2.34253 1.831396 -1.937868
2.359166 2.405169 -1.360506
2.359166 2.405169 -1.360506
2.194341 1.878854 -1.550016
2.368721 2.246636 -1.88546
2.535219 2.354021 -1.935649
2.535219 2.354021 -1.935649
2.535219 2.354021 -1.935649
2.390177 2.352688 -1.596577
2.476777 2.543771 -1.339347
2.47951 2.426436 -2.1846
2.517784 1.886388 -1.845991
2.559306 2.279922 -1.726745
2.675592 2.275226 -2.253315
2.717834 2.340118 -2.360306
2.950602 2.893935 -2.063426
2.950602 2.893935 -2.063426
2.989302 2.987804 -2.411614
2.690727 3.03926 -2.160051
2.912109 2.744804 -2.531027
2.912109 2.744804 -2.531027
2.937032 3.140535 -2.453962
2.909725 3.322502 -2.230275
2.909725 3.322502 -2.230275
3.004904 2.833544 -2.329303
3.004904 2.833544 -2.329303
2.600913 2.379807 -1.749216
2.688861 2.984548 -1.723116
2.397517 2.548726 -1.781067
2.420781 2.642778 -1.653826
2.591049 2.239644 -1.725237
2.591049 2.239644 -1.725237
2.591049 2.239644 -1.725237
2.591049 2.239644 -1.725237
2.985315 3.102304 -2.607329
2.985315 3.102304 -2.607329
2.722611 2.838347 -2.143867
2.722611 2.838347 -2.143867
2.610009 2.348975 -1.972441
2.615545 2.797004 -1.843943
2.719981 2.678033 -1.974476
2.924388 2.875492 -2.303893
2.924388 2.875492 -2.303893
2.727764 2.663971 -2.204836
2.727764 2.663971 -2.204836
2.905972 2.633033 -2.550451
2.905972 2.633033 -2.550451
2.905972 2.633033 -2.550451
2.77443 2.83356 -2.34857
2.991007 2.570929 -2.088449
2.991007 2.570929 -2.088449
2.599242 2.143933 -2.026196
2.759788 3.000726 -2.218119
2.56667 2.455455 -2.082711
2.689656 2.842403 -2.154873
2.82867 2.507173 -2.526884
