1.406491 1.306299 1.027645
1.628446 0.9855494 -0.0960323
1.616582 0.7162651 -0.9693215
1.304359 0.8068982 -0.382248
1.412748 0.9794014 -0.5322949
1.412748 0.9794014 -0.5322949
1.573761 1.427434 -0.300655
1.573761 1.427434 -0.300655
1.573761 1.427434 -0.300655
1.545674 1.336949 -0.1696394
1.686108 1.154452 -0.978905
1.686108 1.154452 -0.978905
1.917701 1.104083 -1.11522
1.917701 1.104083 -1.11522
1.74649 1.507062 -0.2066318
1.79413 0.8756716 -0.957064
1.824469 0.8044488 -1.062436
1.736254 1.328226 -0.1350466
1.736254 1.328226 -0.1350466
1.736254 1.328226 -0.1350466
1.736254 1.328226 -0.1350466
2.062844 1.543025 -0.586149
2.060676 2.183741 -1.035184
1.790357 1.594173 -0.7602388
1.723926 1.417555 -0.4336472
1.869403 1.701186 -0.6022311
1.831328 1.738213 -1.015113
1.831328 1.738213 -1.015113
1.899019 1.562163 -0.9243851
1.899019 1.562163 -0.9243851
1.899019 1.562163 -0.9243851
1.899019 1.562163 -0.9243851
1.899019 1.562163 -0.9243851
1.899019 1.562163 -0.9243851
2.496299 2.428182 -1.51999
1.875021 1.381242 -1.099592
2.126176 1.699612 -1.118119
2.126176 1.699612 -1.118119
2.126176 1.699612 -1.118119
2.126176 1.699612 -1.118119
2.126176 1.699612 -1.118119
2.216955 1.807542 -1.459069
2.216955 1.807542 -1.459069
2.216955 1.807542 -1.459069
2.216955 1.807542 -1.459069
2.216955 1.807542 -1.459069
2.216955 1.807542 -1.459069
2.216955 1.807542 -1.459069
2.216955 1.807542 -1.459069
2.216955 1.807542 -1.459069
2.216955 1.807542 -1.459069
2.216955 1.807542 -1.459069
1.859419 1.797208 -1.201417
2.440929 2.57248 -1.647218
2.440929 2.57248 -1.647218
2.419008 2.023542 -1.758002
2.419008 2.023542 -1.758002
2.419008 2.023542 -1.758002
2.574909 2.350544 -1.625377
2.572184 2.534384 -1.780635
2.572184 2.534384 -1.780635
2.505815 3.018257 -1.45225
2.281724 2.266689 -1.63815
2.281724 2.266689 -1.63815
2.281724 2.266689 -1.63815
2.281724 2.266689 -1.63815
2.570915 2.642102 -1.777901
2.428672 2.37263 -1.889336
2.428672 2.37263 -1.889336
2.464366 2.899807 -1.299423
2.088397 2.074537 -1.332674
2.486394 2.528427 -1.223185
2.24186 2.057933 -1.404604
2.535284 2.416629 -1.419982
2.334188 2.132315 -1.339088
2.223907 2.066071 -1.356965
2.223907 2.066071 -1.356965
2.223907 2.066071 -1.356965
2.305582 2.380536 -1.689338
2.305582 2.380536 -1.689338
2.305582 2.380536 -1.689338
2.267541 2.035471 -1.515685
2.267541 2.035471 -1.515685
2.608236 2.317706 -1.701567
2.608236 2.317706 -1.701567
2.416187 2.369327 -1.272704
2.416187 2.369327 -1.272704
2.416187 2.369327 -1.272704
2.416187 2.369327 -1.272704
2.416187 2.369327 -1.272704
2.492147 2.804913 -1.464726
2.224223 2.428762 -1.217279
2.112561 2.279332 -1.379951
2.058817 2.419686 -1.154502
2.318551 1.779156 -1.419963
2.435469 2.296596 -1.138931
2.348088 2.098096 -1.498158
2.348088 2.098096 -1.498158
2.348088 2.098096 -1.498158
2.520871 2.562453 -1.690289
2.520871 2.562453 -1.690289
2.520871 2.562453 -1.690289
2.520871 2.562453 -1.690289
2.520871 2.562453 -1.690289
2.386258 2.534723 -1.44583
2.386258 2.534723 -1.44583
2.386258 2.534723 -1.44583
2.386258 2.534723 -1.44583
2.386258 2.534723 -1.44583
2.441429 2.192665 -1.899395
2.441429 2.192665 -1.899395
2.554102 2.588304 -1.925517
2.554102 2.588304 -1.925517
2.554102 2.588304 -1.925517
2.554102 2.588304 -1.925517
2.554102 2.588304 -1.925517
2.554102 2.588304 -1.925517
2.525312 2.430278 -1.730101
2.525312 2.430278 -1.730101
2.444847 2.332757 -1.560061
2.444847 2.332757 -1.560061
2.444847 2.332757 -1.560061
2.444847 2.332757 -1.560061
2.444847 2.332757 -1.560061
2.444847 2.332757 -1.560061
2.444847 2.332757 -1.560061
2.444847 2.332757 -1.560061
2.444847 2.332757 -1.560061
2.444847 2.332757 -1.560061
2.50625 2.401934 -2.0168
2.50625 2.401934 -2.0168
2.732571 2.594455 -1.857684
2.54527 2.695801 -1.762001
2.699284 2.378248 -2.028042
2.699284 2.378248 -2.028042
2.699284 2.378248 -2.028042
2.699284 2.378248 -2.028042
2.699284 2.378248 -2.028042
2.699284 2.378248 -2.028042
2.699284 2.378248 -2.028042
2.699284 2.378248 -2.028042
2.699284 2.378248 -2.028042
2.699284 2.378248 -2.028042
2.699284 2.378248 -2.028042
2.581128 2.372331 -1.731882
2.581128 2.372331 -1.731882
2.581128 2.372331 -1.731882
2.803642 2.751969 -1.884913
2.601416 2.853521 -1.586974
2.601416 2.853521 -1.586974
2.941682 2.992874 -2.205055
2.941682 2.992874 -2.205055
2.892971 3.170994 -2.240859
2.624824 2.531484 -2.009234
2.624824 2.531484 -2.009234
2.624824 2.531484 -2.009234
2.624824 2.531484 -2.009234
2.624824 2.531484 -2.009234
2.624824 2.531484 -2.009234
2.624824 2.531484 -2.009234
2.624824 2.531484 -2.009234
2.624824 2.531484 -2.009234
2.624824 2.531484 -2.009234
2.579074 2.550559 -1.97061
2.579074 2.550559 -1.97061
2.579074 2.550559 -1.97061
2.749002 2.676317 -2.270016
2.708883 2.638521 -2.345922
2.708883 2.638521 -2.345922
2.640431 2.275747 -2.272932
2.203964 1.986199 -1.710455
2.260429 1.998349 -1.46832
2.877351 2.257803 -1.884817
2.877351 2.257803 -1.884817
2.922228 3.982394 -1.967414
2.595517 3.020005 -1.592586
3.019346 2.998538 -2.171344
3.019346 2.998538 -2.171344
3.019346 2.998538 -2.171344
3.019346 2.998538 -2.171344
3.019346 2.998538 -2.171344
3.019346 2.998538 -2.171344
3.019346 2.998538 -2.171344
3.019346 2.998538 -2.171344
2.914648 3.14239 -2.216279
2.636219 2.513329 -2.232237
2.935446 2.857862 -2.500034
2.935446 2.857862 -2.500034
2.773392 3.023306 -2.137836
