1.168493 0.03434822 0.162309
1.650966 1.133454 0.3680847
1.500751 1.154077 0.1189953
1.394159 0.9336744 -0.2499649
1.443986 -0.03266046 -0.3644823
1.561858 0.6846087 -0.8540152
1.75237 1.806124 -0.5716829
1.510932 1.04548 -0.7747976
1.653749 1.322747 -0.7550455
1.653749 1.322747 -0.7550455
1.768223 0.9466687 -0.7009344
1.768223 0.9466687 -0.7009344
1.768223 0.9466687 -0.7009344
1.747846 1.110967 -0.2983423
1.594679 1.331235 -0.8819153
1.509081 1.055744 -0.3750305
1.509081 1.055744 -0.3750305
1.736287 1.147146 -1.175993
1.736287 1.147146 -1.175993
1.837237 1.721048 -1.025867
1.868379 1.93215 -1.096056
1.984149 1.969535 -0.7640064
2.021324 2.042168 -1.046685
1.981844 1.220078 -1.024484
1.981844 1.220078 -1.024484
1.732399 1.346985 -0.2427986
2.307201 2.245867 -1.101462
2.307201 2.245867 -1.101462
1.78491 1.375943 -0.8482892
1.78491 1.375943 -0.8482892
1.78491 1.375943 -0.8482892
1.78491 1.375943 -0.8482892
1.713229 1.303208 -0.3933195
1.713229 1.303208 -0.3933195
1.713229 1.303208 -0.3933195
2.11034 1.585258 -1.050221
2.202391 1.799307 -1.793613
2.202391 1.799307 -1.793613
2.206722 1.571906 -1.27671
1.96756 1.475058 -0.7912478
1.96756 1.475058 -0.7912478
1.96756 1.475058 -0.7912478
1.96756 1.475058 -0.7912478
1.713567 1.534662 -0.9177516
2.639982 2.213007 -1.614492
2.678131 3.026098 -1.647121
2.305786 1.775687 -2.029633
2.841907 2.611882 -2.139328
2.102597 1.867292 -1.146349
2.098056 1.725835 -1.162984
2.098056 1.725835 -1.162984
2.462542 2.67822 -1.50508
2.462542 2.67822 -1.50508
2.462542 2.67822 -1.50508
2.509171 2.234365 -1.76066
2.462825 2.62596 -1.28053
2.462825 2.62596 -1.28053
2.41435 2.642425 -1.398744
2.41435 2.642425 -1.398744
2.41435 2.642425 -1.398744
2.41435 2.642425 -1.398744
2.41435 2.642425 -1.398744
2.611659 2.697735 -1.831403
2.425508 2.273951 -1.279074
2.36465 2.318956 -1.758891
2.260418 2.097791 -1.757801
2.260418 2.097791 -1.757801
2.37564 2.345514 -1.755088
2.37564 2.345514 -1.755088
2.37564 2.345514 -1.755088
2.37564 2.345514 -1.755088
2.556477 2.469116 -1.599728
2.556477 2.469116 -1.599728
2.556477 2.469116 -1.599728
2.060507 2.308593 -1.493625
2.546253 2.003146 -2.396747
2.235409 2.397931 -0.9231173
2.235409 2.397931 -0.9231173
2.645229 2.148267 -1.835715
2.511589 2.610697 -1.647048
2.338562 2.106536 -1.77283
2.362366 2.222273 -1.886169
2.362366 2.222273 -1.886169
2.362366 2.222273 -1.886169
2.744838 2.762857 -1.77891
2.744838 2.762857 -1.77891
2.584002 2.340579 -2.117435
2.452644 2.27153 -1.983105
2.521144 2.502115 -1.897408
2.521144 2.502115 -1.897408
2.521144 2.502115 -1.897408
2.521144 2.502115 -1.897408
2.521144 2.502115 -1.897408
2.521144 2.502115 -1.897408
2.521144 2.502115 -1.897408
2.521144 2.502115 -1.897408
2.521144 2.502115 -1.897408
2.729817 2.4761 -2.039637
2.587663 2.477058 -1.99382
2.566687 2.422424 -1.656459
2.443008 2.2268 -2.078933
2.432997 2.422776 -1.564669
2.432997 2.422776 -1.564669
2.432997 2.422776 -1.564669
2.432997 2.422776 -1.564669
2.432997 2.422776 -1.564669
2.432997 2.422776 -1.564669
2.822242 2.501644 -2.179298
2.822242 2.501644 -2.179298
2.553335 2.094646 -2.052952
2.553335 2.094646 -2.052952
2.553335 2.094646 -2.052952
2.553335 2.094646 -2.052952
2.553335 2.094646 -2.052952
2.553335 2.094646 -2.052952
2.553335 2.094646 -2.052952
2.553335 2.094646 -2.052952
2.553335 2.094646 -2.052952
2.553335 2.094646 -2.052952
2.553335 2.094646 -2.052952
2.553335 2.094646 -2.052952
2.553335 2.094646 -2.052952
2.553335 2.094646 -2.052952
2.553335 2.094646 -2.052952
2.558783 2.191785 -1.711353
2.558783 2.191785 -1.711353
2.558783 2.191785 -1.711353
2.558783 2.191785 -1.711353
2.486464 2.451859 -2.073435
2.486464 2.451859 -2.073435
2.445922 2.270725 -2.01322
2.445922 2.270725 -2.01322
2.445922 2.270725 -2.01322
2.701476 2.263068 -2.054163
2.690681 2.470963 -1.987828
2.690681 2.470963 -1.987828
2.690681 2.470963 -1.987828
2.690681 2.470963 -1.987828
2.567115 2.600884 -1.852079
2.567115 2.600884 -1.852079
2.567115 2.600884 -1.852079
2.567115 2.600884 -1.852079
2.567115 2.600884 -1.852079
2.567115 2.600884 -1.852079
2.567115 2.600884 -1.852079
2.638239 2.755993 -1.833736
2.638239 2.755993 -1.833736
2.638239 2.755993 -1.833736
2.894826 2.39637 -2.248512
2.320566 2.247231 -1.804186
2.320566 2.247231 -1.804186
2.809469 2.494414 -2.033792
2.809469 2.494414 -2.033792
2.809469 2.494414 -2.033792
2.809469 2.494414 -2.033792
2.543637 2.259791 -1.443109
2.543637 2.259791 -1.443109
2.625131 2.408708 -1.708742
2.625131 2.408708 -1.708742
2.625131 2.408708 -1.708742
2.625131 2.408708 -1.708742
2.625181 2.575384 -1.960787
2.448148 1.955785 -1.690462
2.448148 1.955785 -1.690462
2.448148 1.955785 -1.690462
2.383019 2.738055 -1.161047
2.669253 2.660591 -2.126165
2.669253 2.660591 -2.126165
2.312959 2.345523 -1.790833
2.682571 2.75794 -1.907233
2.682571 2.75794 -1.907233
2.682571 2.75794 -1.907233
2.682571 2.75794 -1.907233
2.983208 2.975784 -2.028811
2.479815 2.231555 -1.817734
2.811178 2.641174 -1.991406
2.811178 2.641174 -1.991406
2.811178 2.641174 -1.991406
2.47443 2.183165 -1.809933
2.911006 3.174462 -2.466421
2.738367 2.125386 -2.235708
2.609516 2.416234 -1.917312
3.233114 2.948073 -2.55648
2.825187 3.11583 -2.244317
2.54847 2.872401 -2.12493
2.504593 2.583341 -2.032093
2.934604 3.278387 -1.797576
2.592562 2.721483 -1.283827
3.060539 3.089839 -2.258451
