1.511961 -0.4091031 1.266734
1.798269 0.2665308 0.6252043
1.570662 1.079196 -0.7116015
1.566443 0.6092991 0.132058
1.506515 0.3586083 -0.2805811
1.506515 0.3586083 -0.2805811
1.506515 0.3586083 -0.2805811
1.563783 0.6394862 0.14938
1.563783 0.6394862 0.14938
1.761865 0.8565968 0.2011438
1.625017 1.514405 0.4444008
1.817635 0.6902664 -0.06475512
2.135627 1.535388 -0.7995532
2.135627 1.535388 -0.7995532
2.135627 1.535388 -0.7995532
2.04467 1.007348 -0.8049698
1.81394 1.155914 -0.3535656
1.81394 1.155914 -0.3535656
2.092697 1.672336 -0.5016548
2.192941 1.623939 -0.9648313
1.794774 1.138219 -0.5198828
1.794774 1.138219 -0.5198828
2.121035 1.670722 -1.190812
1.978545 1.642852 -0.462109
1.86607 1.354081 -0.1107983
2.116363 1.082536 -1.039961
2.116363 1.082536 -1.039961
2.094288 1.897383 -0.6183128
2.276255 1.853878 -0.9151244
2.276255 1.853878 -0.9151244
2.276255 1.853878 -0.9151244
2.190476 1.718023 -0.7225421
1.979403 1.805407 -0.7148762
2.319655 2.105705 -1.076198
2.319655 2.105705 -1.076198
2.040555 1.208417 -1.176863
2.220099 1.445613 -1.10543
2.037768 1.925184 -0.6889356
2.18207 1.740854 -0.9595113
2.18207 1.740854 -0.9595113
2.18207 1.740854 -0.9595113
2.18207 1.740854 -0.9595113
2.25848 1.860401 -1.042396
2.25848 1.860401 -1.042396
2.25848 1.860401 -1.042396
2.25848 1.860401 -1.042396
2.25848 1.860401 -1.042396
2.173992 1.703233 -0.9824913
2.173992 1.703233 -0.9824913
2.173992 1.703233 -0.9824913
2.173992 1.703233 -0.9824913
2.173992 1.703233 -0.9824913
2.354665 2.142349 -0.8271857
2.049266 2.013267 -0.6805799
2.524044 2.235648 -1.440189
2.524044 2.235648 -1.440189
2.524044 2.235648 -1.440189
2.524044 2.235648 -1.440189
2.524044 2.235648 -1.440189
2.524044 2.235648 -1.440189
2.524044 2.235648 -1.440189
2.524044 2.235648 -1.440189
2.413826 2.002508 -1.147065
2.536199 2.483047 -1.721997
2.508576 1.982273 -1.230175
2.508576 1.982273 -1.230175
2.508576 1.982273 -1.230175
2.508576 1.982273 -1.230175
2.573302 2.788723 -0.9997674
2.601975 2.152573 -1.673295
2.601975 2.152573 -1.673295
2.601975 2.152573 -1.673295
2.331252 2.102495 -1.328402
2.331252 2.102495 -1.328402
2.331252 2.102495 -1.328402
2.331252 2.102495 -1.328402
2.331252 2.102495 -1.328402
2.575395 2.29897 -1.43768
2.575395 2.29897 -1.43768
2.575395 2.29897 -1.43768
2.704985 2.315728 -2.030139
2.702637 2.404796 -1.988057
2.702637 2.404796 -1.988057
2.643264 2.080844 -1.863349
2.643264 2.080844 -1.863349
2.643264 2.080844 -1.863349
2.643264 2.080844 -1.863349
2.643264 2.080844 -1.863349
2.643264 2.080844 -1.863349
2.52539 1.984481 -1.657115
2.786639 2.519999 -1.624784
2.729058 2.862298 -1.353171
2.729058 2.862298 -1.353171
2.729058 2.862298 -1.353171
2.729058 2.862298 -1.353171
2.632148 2.507384 -1.897111
2.733065 2.100866 -2.277311
2.605671 2.134472 -1.993938
2.605671 2.134472 -1.993938
2.605671 2.134472 -1.993938
2.605671 2.134472 -1.993938
2.605671 2.134472 -1.993938
2.605671 2.134472 -1.993938
2.671441 2.510931 -1.596044
2.671441 2.510931 -1.596044
2.399881 2.645392 -1.415746
2.279292 2.388552 -1.331969
2.279292 2.388552 -1.331969
2.751712 2.713459 -1.551688
2.751712 2.713459 -1.551688
2.746545 2.088977 -1.707568
2.518964 2.003363 -1.6286
2.5503 2.263323 -1.868947
2.5503 2.263323 -1.868947
2.57774 2.318099 -1.78972
2.57774 2.318099 -1.78972
2.57774 2.318099 -1.78972
2.57774 2.318099 -1.78972
2.320541 1.93617 -1.81424
2.51261 1.625363 -1.633704
2.315354 2.57878 -0.969379
2.415195 1.880005 -2.080394
2.651379 2.177714 -2.18645
2.651379 2.177714 -2.18645
2.651379 2.177714 -2.18645
2.42754 2.107032 -1.545236
2.42754 2.107032 -1.545236
2.42754 2.107032 -1.545236
2.42754 2.107032 -1.545236
2.630193 2.603998 -1.493472
2.630193 2.603998 -1.493472
2.630193 2.603998 -1.493472
2.630193 2.603998 -1.493472
2.630193 2.603998 -1.493472
2.630193 2.603998 -1.493472
2.630193 2.603998 -1.493472
2.630193 2.603998 -1.493472
2.674813 2.451218 -1.917446
2.674813 2.451218 -1.917446
2.674813 2.451218 -1.917446
2.674813 2.451218 -1.917446
2.674813 2.451218 -1.917446
2.479323 2.292571 -1.668255
2.479323 2.292571 -1.668255
2.479323 2.292571 -1.668255
2.479323 2.292571 -1.668255
2.479323 2.292571 -1.668255
2.721182 2.68434 -1.926717
2.721182 2.68434 -1.926717
2.667557 2.179236 -1.732872
2.958217 2.591946 -2.286021
2.655071 2.162383 -1.970098
2.541103 2.445688 -1.886017
2.541103 2.445688 -1.886017
2.541103 2.445688 -1.886017
2.60381 2.057423 -2.381084
2.60381 2.057423 -2.381084
2.649543 2.692038 -1.623143
2.649543 2.692038 -1.623143
2.452886 2.380155 -1.854595
2.656303 2.57931 -1.696822
2.524934 2.818772 -1.429865
2.524934 2.818772 -1.429865
2.821391 2.273745 -2.181818
2.821391 2.273745 -2.181818
2.821391 2.273745 -2.181818
2.58286 2.146905 -1.694879
2.754491 2.527267 -2.062084
2.754491 2.527267 -2.062084
2.583045 2.543729 -1.789357
2.583045 2.543729 -1.789357
2.583045 2.543729 -1.789357
2.583045 2.543729 -1.789357
2.512873 2.307017 -1.26273
2.629062 2.722829 -1.680256
2.629062 2.722829 -1.680256
2.629062 2.722829 -1.680256
2.629062 2.722829 -1.680256
2.629062 2.722829 -1.680256
2.645243 2.528943 -1.751724
2.645243 2.528943 -1.751724
2.645243 2.528943 -1.751724
2.645243 2.528943 -1.751724
2.645243 2.528943 -1.751724
2.645243 2.528943 -1.751724
2.645243 2.528943 -1.751724
2.645243 2.528943 -1.751724
2.645243 2.528943 -1.751724
2.645243 2.528943 -1.751724
2.939379 2.704968 -2.149789
