1.010385 0.2590832 0.2982474
1.354105 0.5281175 -0.1487198
1.354105 0.5281175 -0.1487198
1.355582 1.052659 -0.3713543
1.355582 1.052659 -0.3713543
1.443444 0.3542866 -0.7731771
1.162942 0.9341447 0.1130057
1.109889 0.8916826 -0.1667422
1.109889 0.8916826 -0.1667422
1.492515 0.91738 -0.1974766
1.492515 0.91738 -0.1974766
1.382321 1.086349 -0.4953921
1.319192 1.088653 -0.2452164
1.319192 1.088653 -0.2452164
1.319192 1.088653 -0.2452164
1.319192 1.088653 -0.2452164
1.319192 1.088653 -0.2452164
1.589508 1.363402 -0.1502549
1.411018 0.5477096 -0.187497
1.411018 0.5477096 -0.187497
1.507432 0.473412 -0.8393858
1.339291 0.8682451 -0.1661199
1.565316 0.9522413 -0.8136098
1.565316 0.9522413 -0.8136098
1.565316 0.9522413 -0.8136098
1.988488 1.732804 -0.6002433
1.559789 1.343152 -0.1964595
1.559789 1.343152 -0.1964595
1.412136 1.116712 -0.2898427
1.412136 1.116712 -0.2898427
1.678407 1.022928 -0.5616717
1.678407 1.022928 -0.5616717
1.678407 1.022928 -0.5616717
1.678407 1.022928 -0.5616717
1.46668 1.741591 -0.1036679
1.626401 1.49745 -0.6711634
2.06367 1.833557 -1.070469
2.06367 1.833557 -1.070469
1.96292 1.46555 -1.130806
1.96292 1.46555 -1.130806
1.96292 1.46555 -1.130806
1.96292 1.46555 -1.130806
1.96292 1.46555 -1.130806
1.96292 1.46555 -1.130806
1.69832 1.207232 -0.897106
1.62185 1.324381 -0.9781574
1.62185 1.324381 -0.9781574
1.62185 1.324381 -0.9781574
1.638005 1.904261 -0.7094659
1.638005 1.904261 -0.7094659
1.999408 1.576472 -0.5588455
1.870752 1.975168 -1.051927
1.664489 1.798855 -0.3347695
2.256848 1.695667 -1.169121
1.873631 1.959356 -1.099734
2.085902 1.960001 -1.192256
2.085902 1.960001 -1.192256
2.04745 1.954548 -1.776451
2.04745 1.954548 -1.776451
2.04745 1.954548 -1.776451
2.12241 2.127705 -1.62906
2.12241 2.127705 -1.62906
2.12241 2.127705 -1.62906
2.12241 2.127705 -1.62906
2.12241 2.127705 -1.62906
2.201942 1.696874 -1.715406
2.13661 1.948104 -1.593613
2.13661 1.948104 -1.593613
2.167926 2.011519 -1.827838
2.09467 2.446143 -0.8109657
2.09467 2.446143 -0.8109657
2.597761 1.880149 -2.213791
2.036961 2.265813 -1.422843
2.036961 2.265813 -1.422843
2.276445 1.611171 -1.975095
2.307986 2.48909 -1.60634
2.307986 2.48909 -1.60634
2.448596 2.103767 -1.680746
1.979709 2.330748 -1.122632
2.15001 2.178812 -1.95077
2.15001 2.178812 -1.95077
2.322109 2.33533 -2.003999
2.694917 2.457817 -2.138532
2.694917 2.457817 -2.138532
2.694917 2.457817 -2.138532
2.149618 2.244629 -1.481697
2.124026 2.111245 -1.664376
2.213648 1.893489 -1.630371
2.213648 1.893489 -1.630371
2.213648 1.893489 -1.630371
2.474595 2.047402 -2.214992
2.474595 2.047402 -2.214992
2.374719 2.159682 -1.784276
2.241553 2.14575 -1.657459
2.608855 2.120887 -2.303989
2.415765 2.78342 -1.740684
2.21474 2.024871 -2.057406
2.21474 2.024871 -2.057406
2.21474 2.024871 -2.057406
2.386779 2.396667 -1.589742
2.249074 1.930296 -2.026182
2.404835 2.147073 -1.997169
2.404835 2.147073 -1.997169
2.404835 2.147073 -1.997169
2.404835 2.147073 -1.997169
2.404835 2.147073 -1.997169
2.404835 2.147073 -1.997169
2.404835 2.147073 -1.997169
2.404835 2.147073 -1.997169
2.404835 2.147073 -1.997169
2.404835 2.147073 -1.997169
2.705857 2.381367 -2.254898
2.315729 2.281356 -1.764382
2.315729 2.281356 -1.764382
2.315729 2.281356 -1.764382
2.315729 2.281356 -1.764382
2.315729 2.281356 -1.764382
2.315729 2.281356 -1.764382
2.245395 2.560054 -1.413608
2.094999 2.592348 -0.9899719
2.616401 2.634522 -1.672921
2.616401 2.634522 -1.672921
2.616401 2.634522 -1.672921
2.165493 2.205396 -1.488393
2.775994 2.549445 -1.882754
2.775994 2.549445 -1.882754
2.775994 2.549445 -1.882754
2.42402 2.635283 -1.552632
2.718909 2.663952 -1.796516
2.545561 2.115544 -1.80305
2.349375 2.225956 -1.570541
2.762123 2.571834 -2.101088
2.762123 2.571834 -2.101088
2.461343 2.56394 -1.723118
2.461343 2.56394 -1.723118
2.461343 2.56394 -1.723118
2.461343 2.56394 -1.723118
2.461343 2.56394 -1.723118
2.461343 2.56394 -1.723118
2.461343 2.56394 -1.723118
2.461343 2.56394 -1.723118
2.461343 2.56394 -1.723118
2.474683 2.693346 -1.777476
2.474683 2.693346 -1.777476
2.474683 2.693346 -1.777476
2.857552 2.768945 -2.336815
2.969788 2.671474 -2.363921
2.782611 2.369153 -2.041015
2.782611 2.369153 -2.041015
2.502715 2.682218 -1.871437
2.502715 2.682218 -1.871437
2.502715 2.682218 -1.871437
2.502715 2.682218 -1.871437
2.943542 2.898171 -2.40336
2.943542 2.898171 -2.40336
2.943542 2.898171 -2.40336
2.943542 2.898171 -2.40336
2.943542 2.898171 -2.40336
3.069958 2.776214 -2.684315
2.504546 2.60633 -2.05392
2.420049 2.36476 -1.591616
2.420049 2.36476 -1.591616
2.420049 2.36476 -1.591616
2.420049 2.36476 -1.591616
2.815963 2.652804 -2.124587
2.815963 2.652804 -2.124587
2.815963 2.652804 -2.124587
2.815963 2.652804 -2.124587
2.815963 2.652804 -2.124587
2.815963 2.652804 -2.124587
2.465664 2.791279 -1.615772
2.465664 2.791279 -1.615772
2.801179 2.552716 -1.842979
2.801179 2.552716 -1.842979
2.801179 2.552716 -1.842979
2.687589 2.462114 -2.085455
3.115483 2.786987 -2.373166
2.318375 2.198589 -1.751864
2.318375 2.198589 -1.751864
2.305244 2.379873 -1.589094
2.276793 2.471008 -1.605558
2.723683 2.747832 -2.146455
2.730132 2.643792 -1.592206
2.943497 3.039509 -2.149112
2.91221 2.726329 -2.385754
2.91221 2.726329 -2.385754
2.91221 2.726329 -2.385754
2.541372 3.326061 -1.410779
2.638373 2.331095 -2.481135
2.939728 2.998526 -2.304318
