1.288527 0.7106054 -0.561043
1.178256 0.2715759 -0.03515283
1.476343 0.8730008 -0.3279366
1.365889 0.8026872 -0.1299882
1.286217 0.631134 0.4433615
1.480913 0.6274796 0.4223427
1.1836 0.4192548 0.1228952
1.097053 0.5544052 0.2715447
1.515622 0.7284528 -0.001620318
1.515622 0.7284528 -0.001620318
1.515622 0.7284528 -0.001620318
1.515622 0.7284528 -0.001620318
1.515622 0.7284528 -0.001620318
1.70453 0.7973295 -0.6633644
1.565781 0.7651133 -0.05646524
1.565781 0.7651133 -0.05646524
1.450881 0.7751972 0.07813361
1.450881 0.7751972 0.07813361
1.545309 1.0673 -0.04608509
1.545309 1.0673 -0.04608509
1.680632 1.334183 -0.6049524
1.680632 1.334183 -0.6049524
1.680632 1.334183 -0.6049524
1.536561 0.7974063 -0.5265323
1.740091 1.625669 -0.4356176
1.740091 1.625669 -0.4356176
1.740091 1.625669 -0.4356176
1.740091 1.625669 -0.4356176
1.740091 1.625669 -0.4356176
1.740091 1.625669 -0.4356176
1.740091 1.625669 -0.4356176
1.740091 1.625669 -0.4356176
2.131523 1.823004 -0.9529097
2.131523 1.823004 -0.9529097
1.411922 0.9282939 -0.255858
1.913038 0.8792717 -0.7462188
1.876707 1.76986 -0.8869019
2.064219 1.663465 -1.174374
1.724621 2.236746 -0.2917114
1.889547 1.483418 -1.089224
1.629584 1.041923 -0.3958782
1.595734 1.266819 -0.6534901
2.067291 1.879058 -0.4801647
1.836018 1.210265 -0.516531
1.884463 1.24177 -0.83981
2.070698 1.557517 -0.9939331
2.070698 1.557517 -0.9939331
2.070698 1.557517 -0.9939331
1.884652 2.049757 -0.7266152
1.884652 2.049757 -0.7266152
1.846415 1.647076 -0.9605105
1.797587 1.39647 -0.8954762
1.797587 1.39647 -0.8954762
1.878798 1.525897 -1.221635
2.055465 1.869305 -1.192406
2.055465 1.869305 -1.192406
2.055465 1.869305 -1.192406
2.055465 1.869305 -1.192406
2.055465 1.869305 -1.192406
2.055465 1.869305 -1.192406
2.017268 1.925345 -0.941085
2.256024 2.323687 -0.9772268
2.215837 2.035571 -0.8550017
2.215837 2.035571 -0.8550017
2.243643 2.482531 -0.9745424
2.442474 2.469829 -1.70459
2.552341 1.98107 -1.899209
2.552341 1.98107 -1.899209
2.68194 2.101408 -1.919893
2.333847 2.081517 -1.083908
2.216939 1.900342 -1.392849
2.216939 1.900342 -1.392849
2.216939 1.900342 -1.392849
2.245047 2.234458 -0.8849797
2.245047 2.234458 -0.8849797
2.571783 2.592432 -1.270979
2.279161 2.430774 -1.617776
2.213853 1.971526 -0.7901476
2.213853 1.971526 -0.7901476
2.044599 2.537095 -0.5935954
2.044599 2.537095 -0.5935954
2.117051 2.564541 -0.6413276
2.277559 2.713922 -1.215745
2.402144 2.702264 -1.045102
2.52815 2.256461 -1.682289
2.464222 2.640399 -1.210727
2.431603 2.382515 -1.250141
2.431603 2.382515 -1.250141
2.431603 2.382515 -1.250141
2.299645 2.062327 -1.039832
2.359441 2.975455 -1.135951
2.44413 2.611929 -1.208762
2.446198 1.879298 -1.828801
2.446198 1.879298 -1.828801
2.446198 1.879298 -1.828801
2.446198 1.879298 -1.828801
2.356103 2.307919 -1.598613
2.356103 2.307919 -1.598613
2.436433 2.146836 -1.355688
2.436433 2.146836 -1.355688
2.436433 2.146836 -1.355688
2.436433 2.146836 -1.355688
2.770393 2.202929 -2.314092
2.755182 2.3868 -2.1581
2.755182 2.3868 -2.1581
2.701028 2.305952 -1.739095
2.418821 2.502768 -1.441312
2.418821 2.502768 -1.441312
2.418821 2.502768 -1.441312
2.270636 2.011251 -1.741923
2.591454 2.859848 -1.710795
2.591454 2.859848 -1.710795
2.594668 2.741844 -1.354623
2.522419 2.475627 -1.475849
2.522419 2.475627 -1.475849
2.408373 1.940364 -1.625949
2.414497 2.248818 -1.50285
2.414497 2.248818 -1.50285
2.662252 2.127255 -1.834866
2.662252 2.127255 -1.834866
2.662252 2.127255 -1.834866
2.664458 2.134631 -2.311518
2.664458 2.134631 -2.311518
2.664458 2.134631 -2.311518
2.611993 2.042675 -1.815758
2.611993 2.042675 -1.815758
2.562876 2.360549 -1.724297
2.562876 2.360549 -1.724297
2.562876 2.360549 -1.724297
2.562876 2.360549 -1.724297
2.562876 2.360549 -1.724297
2.562876 2.360549 -1.724297
2.562876 2.360549 -1.724297
2.567841 2.231411 -1.631068
2.567841 2.231411 -1.631068
2.567841 2.231411 -1.631068
2.567841 2.231411 -1.631068
2.33179 2.511742 -1.422246
2.344543 2.124743 -1.698483
2.344543 2.124743 -1.698483
2.690311 2.030884 -2.189931
2.690311 2.030884 -2.189931
2.690311 2.030884 -2.189931
2.279987 1.932716 -1.483269
2.730287 2.284746 -2.055588
2.730287 2.284746 -2.055588
2.730287 2.284746 -2.055588
2.624997 1.902619 -1.891922
2.991944 2.481802 -2.212446
2.849893 2.393078 -2.476525
2.849893 2.393078 -2.476525
2.849893 2.393078 -2.476525
2.415194 2.715617 -1.474368
2.448218 2.736118 -1.647375
2.448218 2.736118 -1.647375
2.448218 2.736118 -1.647375
2.979023 2.634585 -2.59046
2.960115 2.490655 -2.154296
2.960115 2.490655 -2.154296
2.352328 2.569977 -1.430335
2.774277 2.946843 -1.841966
2.774277 2.946843 -1.841966
2.363947 2.457885 -1.40303
2.363947 2.457885 -1.40303
2.363156 2.547297 -1.688368
2.972333 2.123371 -2.108441
2.776469 2.398554 -1.785489
2.736048 2.295143 -1.875444
2.454372 2.925979 -1.21929
2.454372 2.925979 -1.21929
2.711469 2.519238 -1.789483
2.496506 2.492683 -1.874192
2.547119 2.858639 -1.558929
2.547119 2.858639 -1.558929
2.434061 2.135392 -1.385564
2.450651 2.42766 -1.454567
2.809106 2.284851 -2.099614
2.418683 2.626544 -1.82724
2.418683 2.626544 -1.82724
2.418683 2.626544 -1.82724
2.258871 2.062966 -1.614837
2.80245 2.517082 -2.013932
2.663268 2.388174 -2.534099
2.499546 2.34339 -1.475259
2.499546 2.34339 -1.475259
2.616082 2.664542 -1.709153
2.616082 2.664542 -1.709153
2.616082 2.664542 -1.709153
2.616082 2.664542 -1.709153
2.616082 2.664542 -1.709153
