1.540889 0.7268551 -0.3061869
1.540889 0.7268551 -0.3061869
1.264704 0.6743941 0.08954296
1.39627 0.2653024 -0.2318711
1.642841 1.170451 -0.5844117
1.461165 0.6145859 -0.4047921
1.461165 0.6145859 -0.4047921
1.461165 0.6145859 -0.4047921
1.461165 0.6145859 -0.4047921
1.461165 0.6145859 -0.4047921
1.616529 0.809688 -0.290528
1.483842 0.6551322 0.1179988
1.582148 1.200463 -0.04712265
1.575544 1.211281 -0.3254024
1.573392 0.8893227 -0.5667232
1.573392 0.8893227 -0.5667232
1.519384 1.137593 -0.2026935
1.632254 0.8306909 -0.2345615
1.83329 2.183881 -0.8039324
1.869253 1.775423 -1.167673
1.816915 1.972233 -0.8774834
1.738605 1.200227 -0.7279997
1.738605 1.200227 -0.7279997
1.738605 1.200227 -0.7279997
1.826171 1.768236 -0.7277459
1.868977 1.265272 -0.8388626
2.040732 1.808568 -0.8566077
1.79231 1.533196 -0.9882001
1.79231 1.533196 -0.9882001
1.79231 1.533196 -0.9882001
1.780776 1.298868 -0.843578
1.780776 1.298868 -0.843578
1.322795 0.7445683 -0.1331173
1.871932 0.9718348 -1.074645
2.034265 2.069854 -0.6717738
2.034265 2.069854 -0.6717738
1.837838 1.335438 -0.9448669
1.895933 1.459033 -1.073873
1.895933 1.459033 -1.073873
2.013889 1.6337 -0.8100185
2.013889 1.6337 -0.8100185
1.835457 1.589079 -0.4136911
1.835457 1.589079 -0.4136911
1.944709 1.741725 -0.8977484
2.00135 1.641496 -1.034393
2.00135 1.641496 -1.034393
1.956904 1.365438 -1.346965
1.956904 1.365438 -1.346965
2.22959 1.94678 -1.132451
2.22959 1.94678 -1.132451
2.22959 1.94678 -1.132451
2.538938 2.06499 -1.990061
1.752386 1.694826 -0.4691041
1.925565 1.803991 -1.086856
1.925565 1.803991 -1.086856
1.925565 1.803991 -1.086856
2.240168 2.194552 -1.349861
2.240168 2.194552 -1.349861
2.349749 2.13605 -1.4174
2.349749 2.13605 -1.4174
2.349749 2.13605 -1.4174
2.349749 2.13605 -1.4174
2.13146 1.550728 -1.451777
2.117659 1.780604 -1.320798
2.117659 1.780604 -1.320798
2.117659 1.780604 -1.320798
2.117659 1.780604 -1.320798
2.188709 2.114738 -1.384543
2.324271 2.332353 -1.758537
2.324271 2.332353 -1.758537
2.195771 1.825344 -1.818668
2.508103 2.03392 -1.826625
2.265648 2.405775 -1.496231
2.336251 2.347809 -1.507647
2.336251 2.347809 -1.507647
2.472101 2.398767 -1.706689
2.472101 2.398767 -1.706689
2.494547 3.056056 -1.475421
2.145202 2.151674 -1.876285
2.09058 1.516123 -1.485583
2.113593 1.960574 -1.514016
2.18853 2.179179 -1.575303
2.18853 2.179179 -1.575303
2.59017 2.41558 -1.850581
2.168465 2.298072 -1.480783
2.168465 2.298072 -1.480783
2.168465 2.298072 -1.480783
2.538322 2.278058 -2.22204
2.275107 2.844547 -1.487166
2.175655 2.183506 -1.161579
2.175655 2.183506 -1.161579
2.483716 2.519602 -1.489088
2.565257 2.630149 -1.820723
2.565257 2.630149 -1.820723
2.494015 2.071898 -1.828667
2.458947 2.571681 -1.509166
2.458947 2.571681 -1.509166
2.458947 2.571681 -1.509166
2.458947 2.571681 -1.509166
2.458947 2.571681 -1.509166
2.458947 2.571681 -1.509166
2.458947 2.571681 -1.509166
2.458947 2.571681 -1.509166
2.458947 2.571681 -1.509166
2.458947 2.571681 -1.509166
2.458947 2.571681 -1.509166
2.487182 2.295035 -1.93385
2.487182 2.295035 -1.93385
2.503004 2.327814 -2.26028
2.503004 2.327814 -2.26028
2.503004 2.327814 -2.26028
2.486052 2.260229 -1.789592
2.486052 2.260229 -1.789592
2.486052 2.260229 -1.789592
2.486052 2.260229 -1.789592
2.486052 2.260229 -1.789592
2.486052 2.260229 -1.789592
2.486052 2.260229 -1.789592
2.486052 2.260229 -1.789592
2.486052 2.260229 -1.789592
2.486052 2.260229 -1.789592
2.51068 2.198166 -1.783966
2.369295 2.462416 -1.528132
2.498835 2.045907 -1.868936
2.498835 2.045907 -1.868936
2.404084 2.358378 -1.30547
2.559257 2.122223 -1.871875
2.559257 2.122223 -1.871875
2.559257 2.122223 -1.871875
2.559257 2.122223 -1.871875
2.559257 2.122223 -1.871875
2.24607 2.015216 -1.731839
2.24607 2.015216 -1.731839
2.531215 2.569953 -2.069404
2.628597 2.7127 -1.900708
2.628597 2.7127 -1.900708
2.628597 2.7127 -1.900708
2.722725 2.445198 -1.877094
2.722725 2.445198 -1.877094
2.839411 2.397598 -2.110909
2.572722 2.781584 -1.769647
2.531201 2.493675 -1.881161
2.531201 2.493675 -1.881161
2.531201 2.493675 -1.881161
2.531201 2.493675 -1.881161
2.567688 2.8135 -1.801888
2.567688 2.8135 -1.801888
2.567688 2.8135 -1.801888
2.793407 3.098307 -2.080733
2.793407 3.098307 -2.080733
2.793407 3.098307 -2.080733
2.883956 2.780361 -2.201206
2.883956 2.780361 -2.201206
2.779578 2.495616 -2.259565
2.779578 2.495616 -2.259565
2.779578 2.495616 -2.259565
2.779578 2.495616 -2.259565
2.625457 2.941505 -1.807231
2.625457 2.941505 -1.807231
2.625457 2.941505 -1.807231
2.625457 2.941505 -1.807231
2.625457 2.941505 -1.807231
2.625457 2.941505 -1.807231
2.574492 2.514245 -1.543632
2.574492 2.514245 -1.543632
2.292077 1.90416 -1.958419
2.333168 2.33115 -1.324727
2.333168 2.33115 -1.324727
2.258004 2.694275 -1.133833
2.454638 1.966713 -2.327174
2.473054 2.429528 -1.776858
2.473054 2.429528 -1.776858
2.66564 2.89311 -1.747961
2.66564 2.89311 -1.747961
2.715236 2.95717 -2.142072
2.715236 2.95717 -2.142072
2.850832 2.928096 -2.190098
2.513175 2.475132 -2.082565
2.513175 2.475132 -2.082565
2.513175 2.475132 -2.082565
2.388076 2.223979 -1.793351
2.388076 2.223979 -1.793351
2.388076 2.223979 -1.793351
2.388076 2.223979 -1.793351
2.74667 2.852218 -2.198336
2.74667 2.852218 -2.198336
2.659731 2.439753 -2.261876
3.008261 2.695051 -2.478147
3.008261 2.695051 -2.478147
