0 0 0 -3 -3 -3
0.2468114 0.1369238 0.1583493 -2.508221 -2.415263 -2.427051
0.4090463 0.1880437 0.1483845 -2.207158 -2.375235 -2.295954
0.5264849 0.2146945 0.1471585 -2.042934 -2.38074 -2.24098
0.6248521 0.2325007 0.1445866 -1.948107 -2.401796 -2.201452
0.7149985 0.2466484 0.1527767 -1.888911 -2.430749 -2.187131
0.8017437 0.2530301 0.1824003 -1.850479 -2.462705 -2.177998
0.88743 0.2581737 0.2305832 -1.825193 -2.494095 -2.156706
0.9735428 0.246076 0.3014716 -1.810667 -2.517051 -2.07024
1.060607 0.2201663 0.3550813 -1.804038 -2.531985 -1.991917
1.148712 0.1910129 0.3883442 -1.803837 -2.546794 -1.941158
1.237603 0.1647242 0.409369 -1.808595 -2.567174 -1.907037
1.327014 0.1405064 0.4232529 -1.817599 -2.592483 -1.882908
1.416499 0.1177062 0.4263966 -1.83007 -2.621669 -1.860943
1.505944 0.1010948 0.4152136 -1.844848 -2.65294 -1.825607
1.593935 0.08292062 0.3879524 -1.861687 -2.683881 -1.781648
1.678585 0.06017138 0.3420267 -1.879484 -2.708203 -1.72838
1.761471 0.03818418 0.2812492 -1.897701 -2.729905 -1.670461
1.842571 0.02025722 0.214211 -1.916161 -2.74859 -1.611573
1.917045 -0.004346409 0.1470721 -1.934477 -2.750876 -1.558374
1.986424 -0.03190626 0.08473009 -1.952784 -2.748997 -1.51444
2.053002 -0.05663069 0.02892176 -1.971039 -2.749954 -1.479397
2.117937 -0.0776162 -0.01813288 -1.989655 -2.756259 -1.452762
2.182475 -0.09336531 -0.0537331 -2.008717 -2.767446 -1.434034
2.24666 -0.1057074 -0.08077579 -2.028228 -2.782711 -1.419956
2.310433 -0.1158949 -0.1028466 -2.048136 -2.800407 -1.408623
2.37372 -0.1216846 -0.1202884 -2.068373 -2.817187 -1.399558
2.436403 -0.1244937 -0.1337 -2.088876 -2.831924 -1.392303
2.49849 -0.1255576 -0.1444949 -2.109642 -2.845835 -1.386651
2.560255 -0.1236172 -0.1535009 -2.130623 -2.857631 -1.38199
2.621693 -0.1133488 -0.1570695 -2.151778 -2.859446 -1.376229
2.682961 -0.0949023 -0.1540654 -2.173127 -2.848871 -1.368285
2.744557 -0.05329436 -0.1463008 -2.194648 -2.799916 -1.357301
2.806634 -0.01242485 -0.1383808 -2.216241 -2.751928 -1.344241
0 0 0 0 0 0
