0 0 0 -3 -3 -3
0.4121206 0.1968574 0.1854948 -2.228554 -2.323671 -2.215255
0.6431892 0.265019 0.126374 -1.93958 -2.363634 -2.176774
0.8397209 0.2732391 0.1298258 -1.850626 -2.429657 -2.148667
1.051408 0.3078639 0.1577483 -1.832416 -2.520694 -2.175228
1.301365 0.3031836 0.246949 -1.856881 -2.616413 -2.247615
1.611259 0.2897017 0.5287077 -1.91498 -2.699865 -2.20254
2.009626 0.2500169 0.6916577 -2.01058 -2.751201 -2.006767
2.527692 0.07655754 0.7059307 -2.155786 -2.743208 -1.754542
3.193953 -0.1024297 0.5791149 -2.355071 -2.766314 -1.682704
4.062769 -0.1525368 0.5957432 -2.620534 -2.843815 -1.699735
5.064523 -0.2174583 0.5992195 -2.93659 -2.986597 -1.711669
6.249037 -0.2753491 0.5725634 -3.311188 -3.16195 -1.721433
7.35616 -0.3299256 0.4873217 -3.670662 -3.334728 -1.687803
8.873546 -0.2708299 0.3484424 -4.149067 -3.423999 -1.616181
8.462208 -0.4445026 0.1065277 -4.014759 -3.562199 -1.527738
8.292109 -0.6413104 -0.1926115 -3.935659 -3.576013 -1.444489
9.992266 -0.5437038 -0.4546384 -4.448611 -3.61455 -1.417012
10.2059 -0.5584099 -0.7651648 -4.492551 -3.462699 -1.431307
10.45296 -0.8036982 -1.308372 -4.575879 -3.421444 -1.531159
11.72519 -1.133783 -2.281268 -4.984035 -3.768976 -1.765347
14.14737 -1.031197 -4.028594 -5.739011 -3.888032 -2.201206
13.89809 -0.7924675 -4.535641 -5.689164 -3.959984 -2.335582
14.74175 -0.5129802 -1.653592 -5.977236 -4.120029 -1.594603
15.42342 -0.3036887 -1.087445 -6.218759 -4.274871 -1.453493
15.43225 -0.1662337 -0.8732379 -6.254703 -4.250887 -1.401722
15.5401 0.2415149 -0.8072455 -6.321284 -4.023144 -1.394746
14.37022 0.1688023 -0.7578867 -5.988198 -3.721834 -1.395286
14.60135 0.1498615 -0.6974704 -6.098094 -3.65495 -1.395607
14.79006 0.3691196 -0.573678 -6.188758 -3.415474 -1.365884
14.88917 0.5961571 -0.2363592 -6.255417 -3.141274 -1.273852
16.07149 0.8932914 -0.1006829 -6.665473 -2.710966 -1.221693
19.18457 1.136648 -0.06699119 -7.68214 -2.462051 -1.182663
24.43212 1.177425 -0.07833333 -9.369511 -2.550698 -1.158401
0 0 0 0 0 0
