0 0 0 -3 -3 -3
0.2060603 0.09842869 0.09274738 -2.614277 -2.661835 -2.607627
0.3517699 0.1539588 0.1039563 -2.389378 -2.562435 -2.46401
0.4737576 0.1837789 0.1104237 -2.25469 -2.529241 -2.385174
0.5892876 0.2085959 0.1198886 -2.170235 -2.527531 -2.343185
0.7079671 0.2243605 0.1410653 -2.118009 -2.542345 -2.327256
0.8370089 0.233695 0.1964428 -2.089005 -2.564848 -2.30944
0.983586 0.2357352 0.2583447 -2.079202 -2.588142 -2.271606
1.155153 0.2180488 0.3080765 -2.087712 -2.605371 -2.214154
1.359033 0.1860009 0.3351803 -2.114447 -2.621466 -2.161009
1.604828 0.1552248 0.3588678 -2.160455 -2.641679 -2.119075
1.893135 0.1241679 0.3788971 -2.225133 -2.670423 -2.085125
2.228205 0.09343579 0.3937945 -2.308676 -2.708232 -2.057148
2.594487 0.06319569 0.4004751 -2.405961 -2.752982 -2.030767
3.013091 0.04092731 0.3970062 -2.522168 -2.797716 -2.003128
3.353661 0.01058795 0.3788513 -2.615455 -2.845497 -1.973416
3.644158 -0.02775902 0.3452358 -2.693114 -2.888468 -1.942302
3.996831 -0.05642262 0.3007984 -2.790641 -2.928806 -1.91312
4.323624 -0.082843 0.2446951 -2.880216 -2.956906 -1.887761
4.63009 -0.1188858 0.1670417 -2.964999 -2.980133 -1.869931
4.967952 -0.1672142 0.05045552 -3.061143 -3.017697 -1.864951
5.385199 -0.2064861 -0.1349558 -3.182865 -3.057257 -1.880235
5.755325 -0.2319636 -0.32629 -3.291834 -3.096506 -1.900033
6.129759 -0.2436726 -0.3815942 -3.403726 -3.139153 -1.887307
6.501505 -0.2460732 -0.4098283 -3.516327 -3.184582 -1.869954
6.844995 -0.2430025 -0.4276517 -3.621649 -3.225593 -1.851945
7.167036 -0.2250574 -0.4417107 -3.721636 -3.255132 -1.835012
7.424293 -0.210991 -0.4530027 -3.802584 -3.2718 -1.819307
7.671778 -0.1985478 -0.4614327 -3.88174 -3.285012 -1.804697
7.909054 -0.1796256 -0.4651742 -3.958641 -3.289361 -1.79007
8.134219 -0.1546003 -0.457793 -4.03273 -3.284584 -1.773418
8.382258 -0.1218537 -0.4466333 -4.115003 -3.266659 -1.756176
8.709601 -0.08371728 -0.435129 -4.223098 -3.242277 -1.738797
9.172028 -0.04662486 -0.424635 -4.374463 -3.221936 -1.721727
0 0 0 0 0 0
