0 1 : 43 42 39 38 37 36 28 26 21 19 18 11  8  7  4  0
0 1 : 52 43 42 39 38 37 36 28 26 21 19 18 11  8  7  4  0
0 3 : 29 43 42 39 38 37 36 28 26 21 19 18 11  8  7  4  0
0 1 : 51 27 43 42 39 38 37 36 28 26 21 19 18 11  8  7  4  0
0 1 : 15 52 43 42 39 38 37 36 28 26 21 19 18 11  8  7  4  0
0 4 : 45 44 40 34 31 25 17 53 49 48 47 41 35 33 32 24 14 10  3  2  1  0
0 1 : 57 46 45 44 40 34 31 25 17 53 49 48 47 41 35 33 32 24 14 10  3  2  1  0
0 1 : 54 22 45 44 40 34 31 25 17 53 49 48 47 41 35 33 32 24 14 10  3  2  1  0
0 1 : 50 54 22 45 44 40 34 31 25 17 53 49 48 47 41 35 33 32 24 14 10  3  2  1  0
0 1 : 13 45 44 40 34 31 25 17 53 49 48 47 41 35 33 32 24 14 10  3  2  1  0
0 3 : 56  9 22 45 44 40 34 31 25 17 53 49 48 47 41 35 33 32 24 14 10  3  2  1  0
0 2 : 55 30 23 20 16 12  6  5 53 49 48 47 41 35 33 32 24 14 10  3  2  1  0

1 i3 2 
2 1 3 
3 2 10 
4 i3 7 
5 i2 6 
6 5 12 
7 4 8 
8 7 11 
9 i1 56 
10 3 14 
11 8 18 
12 6 16 
13 f j 
14 10 24 
15 b e 
16 12 20 
17 i2 25 
18 11 19 
19 18 21 
20 16 23 
21 19 26 
22 f i1 
23 20 30 
24 14 32 
25 17 31 
26 21 28 
27 a 51 
28 26 36 
29 a c 
30 23 55 
31 25 34 
32 24 33 
33 32 35 
34 31 40 
35 33 41 
36 28 37 
37 36 38 
38 37 39 
39 38 42 
40 34 44 
41 35 47 
42 39 43 
43 42 a 
44 40 45 
45 44 f 
46 f 57 
47 41 48 
48 47 49 
49 48 53 
50 h i 
51 27 d 
52 a b 
53 49 i2 
54 i1 h 
55 30 l 
56 9 k 
57 46 g 
a 43 52 29 27 
b 52 15 
c 29 
d 51 
e 15 
f 45 46 22 13 
g 57 
h 54 50 
i 50 
j 13 
k 56 
l 55 
i1 22 54 9 
i2 53 17 5 
i3 1 4 
