0.03040404 -0.4161631 0.3001611
0.7128856 -0.4932245 1.140834
0.7128856 -0.4932245 1.140834
2.025291 0.0564334 1.641393
2.025291 0.0564334 1.641393
2.025291 0.0564334 1.641393
2.025291 0.0564334 1.641393
2.025291 0.0564334 1.641393
2.025291 0.0564334 1.641393
2.025291 0.0564334 1.641393
2.025291 0.0564334 1.641393
2.025291 0.0564334 1.641393
2.025291 0.0564334 1.641393
2.025291 0.0564334 1.641393
2.025291 0.0564334 1.641393
2.025291 0.0564334 1.641393
2.025291 0.0564334 1.641393
2.025291 0.0564334 1.641393
2.025291 0.0564334 1.641393
2.025291 0.0564334 1.641393
2.086324 -0.06947876 1.534905
2.086324 -0.06947876 1.534905
2.086324 -0.06947876 1.534905
2.248804 -0.3866211 -0.2755766
2.248804 -0.3866211 -0.2755766
2.248804 -0.3866211 -0.2755766
2.248804 -0.3866211 -0.2755766
2.248804 -0.3866211 -0.2755766
2.248804 -0.3866211 -0.2755766
2.248804 -0.3866211 -0.2755766
2.248804 -0.3866211 -0.2755766
2.248804 -0.3866211 -0.2755766
2.248804 -0.3866211 -0.2755766
2.248804 -0.3866211 -0.2755766
2.248804 -0.3866211 -0.2755766
2.248804 -0.3866211 -0.2755766
2.360188 0.5664573 0.06544928
2.360188 0.5664573 0.06544928
2.636474 0.4893082 -1.211177
2.636474 0.4893082 -1.211177
2.636474 0.4893082 -1.211177
2.636474 0.4893082 -1.211177
2.636474 0.4893082 -1.211177
2.636474 0.4893082 -1.211177
2.636474 0.4893082 -1.211177
2.636474 0.4893082 -1.211177
2.636474 0.4893082 -1.211177
2.636474 0.4893082 -1.211177
2.636474 0.4893082 -1.211177
2.636474 0.4893082 -1.211177
2.636474 0.4893082 -1.211177
2.636474 0.4893082 -1.211177
2.636474 0.4893082 -1.211177
2.636474 0.4893082 -1.211177
2.636474 0.4893082 -1.211177
2.636474 0.4893082 -1.211177
2.636474 0.4893082 -1.211177
2.636474 0.4893082 -1.211177
2.636474 0.4893082 -1.211177
2.636474 0.4893082 -1.211177
2.636474 0.4893082 -1.211177
2.636474 0.4893082 -1.211177
2.636474 0.4893082 -1.211177
2.636474 0.4893082 -1.211177
2.636474 0.4893082 -1.211177
2.636474 0.4893082 -1.211177
2.636474 0.4893082 -1.211177
2.636474 0.4893082 -1.211177
2.636474 0.4893082 -1.211177
2.636474 0.4893082 -1.211177
2.636474 0.4893082 -1.211177
2.636474 0.4893082 -1.211177
2.636474 0.4893082 -1.211177
2.636474 0.4893082 -1.211177
2.636474 0.4893082 -1.211177
2.636474 0.4893082 -1.211177
2.636474 0.4893082 -1.211177
2.636474 0.4893082 -1.211177
2.636474 0.4893082 -1.211177
2.636474 0.4893082 -1.211177
2.636474 0.4893082 -1.211177
2.636474 0.4893082 -1.211177
2.636474 0.4893082 -1.211177
2.636474 0.4893082 -1.211177
2.636474 0.4893082 -1.211177
2.636474 0.4893082 -1.211177
2.636474 0.4893082 -1.211177
2.433864 0.2504487 -0.5221708
2.433864 0.2504487 -0.5221708
2.433864 0.2504487 -0.5221708
2.433864 0.2504487 -0.5221708
2.433864 0.2504487 -0.5221708
2.433864 0.2504487 -0.5221708
2.433864 0.2504487 -0.5221708
2.433864 0.2504487 -0.5221708
2.433864 0.2504487 -0.5221708
2.433864 0.2504487 -0.5221708
2.433864 0.2504487 -0.5221708
2.433864 0.2504487 -0.5221708
2.433864 0.2504487 -0.5221708
2.433864 0.2504487 -0.5221708
2.433864 0.2504487 -0.5221708
2.433864 0.2504487 -0.5221708
2.433864 0.2504487 -0.5221708
2.433864 0.2504487 -0.5221708
2.433864 0.2504487 -0.5221708
2.433864 0.2504487 -0.5221708
2.433864 0.2504487 -0.5221708
2.433864 0.2504487 -0.5221708
2.433864 0.2504487 -0.5221708
2.433864 0.2504487 -0.5221708
2.433864 0.2504487 -0.5221708
2.433864 0.2504487 -0.5221708
2.433864 0.2504487 -0.5221708
2.433864 0.2504487 -0.5221708
2.433864 0.2504487 -0.5221708
2.433864 0.2504487 -0.5221708
2.433864 0.2504487 -0.5221708
2.433864 0.2504487 -0.5221708
2.433864 0.2504487 -0.5221708
2.433864 0.2504487 -0.5221708
2.75988 0.3648691 -0.5160756
2.75988 0.3648691 -0.5160756
2.75988 0.3648691 -0.5160756
2.75988 0.3648691 -0.5160756
2.75988 0.3648691 -0.5160756
2.75988 0.3648691 -0.5160756
2.75988 0.3648691 -0.5160756
2.532905 0.3778779 -0.220276
2.532905 0.3778779 -0.220276
2.532905 0.3778779 -0.220276
2.532905 0.3778779 -0.220276
2.532905 0.3778779 -0.220276
2.532905 0.3778779 -0.220276
2.532905 0.3778779 -0.220276
2.532905 0.3778779 -0.220276
2.532905 0.3778779 -0.220276
2.532905 0.3778779 -0.220276
2.532905 0.3778779 -0.220276
2.532905 0.3778779 -0.220276
2.532905 0.3778779 -0.220276
2.532905 0.3778779 -0.220276
2.532905 0.3778779 -0.220276
2.532905 0.3778779 -0.220276
2.405749 0.03077711 -0.3928072
2.405749 0.03077711 -0.3928072
2.405749 0.03077711 -0.3928072
2.197936 -0.1556477 -0.5811
2.197936 -0.1556477 -0.5811
2.197936 -0.1556477 -0.5811
2.197936 -0.1556477 -0.5811
2.197936 -0.1556477 -0.5811
2.197936 -0.1556477 -0.5811
2.197936 -0.1556477 -0.5811
2.197936 -0.1556477 -0.5811
2.197936 -0.1556477 -0.5811
2.197936 -0.1556477 -0.5811
2.085836 -0.2706875 -1.249443
2.085836 -0.2706875 -1.249443
2.085836 -0.2706875 -1.249443
2.085836 -0.2706875 -1.249443
2.085836 -0.2706875 -1.249443
2.085836 -0.2706875 -1.249443
2.085836 -0.2706875 -1.249443
2.085836 -0.2706875 -1.249443
2.085836 -0.2706875 -1.249443
2.085836 -0.2706875 -1.249443
2.085836 -0.2706875 -1.249443
2.085836 -0.2706875 -1.249443
2.085836 -0.2706875 -1.249443
2.085836 -0.2706875 -1.249443
2.085836 -0.2706875 -1.249443
2.085836 -0.2706875 -1.249443
2.085836 -0.2706875 -1.249443
2.085836 -0.2706875 -1.249443
2.085836 -0.2706875 -1.249443
2.085836 -0.2706875 -1.249443
2.085836 -0.2706875 -1.249443
2.085836 -0.2706875 -1.249443
2.085836 -0.2706875 -1.249443
2.085836 -0.2706875 -1.249443
2.233047 -0.2651515 -1.231751
2.233047 -0.2651515 -1.231751
2.233047 -0.2651515 -1.231751
2.233047 -0.2651515 -1.231751
2.233047 -0.2651515 -1.231751
2.233047 -0.2651515 -1.231751
2.233047 -0.2651515 -1.231751
2.233047 -0.2651515 -1.231751
2.233047 -0.2651515 -1.231751
2.358916 0.1973821 -0.9711949
2.358916 0.1973821 -0.9711949
2.358916 0.1973821 -0.9711949
2.358916 0.1973821 -0.9711949
2.358916 0.1973821 -0.9711949
2.358916 0.1973821 -0.9711949
2.358916 0.1973821 -0.9711949
2.358916 0.1973821 -0.9711949
2.136808 0.0732748 -0.4084064
2.136808 0.0732748 -0.4084064
2.136808 0.0732748 -0.4084064
2.136808 0.0732748 -0.4084064
2.136808 0.0732748 -0.4084064
2.136808 0.0732748 -0.4084064
2.136808 0.0732748 -0.4084064
2.136808 0.0732748 -0.4084064
2.136808 0.0732748 -0.4084064
2.136808 0.0732748 -0.4084064
2.136808 0.0732748 -0.4084064
2.136808 0.0732748 -0.4084064
2.136808 0.0732748 -0.4084064
2.136808 0.0732748 -0.4084064
2.136808 0.0732748 -0.4084064
2.136808 0.0732748 -0.4084064
2.136808 0.0732748 -0.4084064
2.136808 0.0732748 -0.4084064
2.136808 0.0732748 -0.4084064
2.136808 0.0732748 -0.4084064
2.136808 0.0732748 -0.4084064
2.136808 0.0732748 -0.4084064
2.136808 0.0732748 -0.4084064
2.136808 0.0732748 -0.4084064
2.136808 0.0732748 -0.4084064
2.136808 0.0732748 -0.4084064
2.136808 0.0732748 -0.4084064
2.136808 0.0732748 -0.4084064
2.136808 0.0732748 -0.4084064
2.136808 0.0732748 -0.4084064
2.136808 0.0732748 -0.4084064
2.136808 0.0732748 -0.4084064
2.136808 0.0732748 -0.4084064
2.136808 0.0732748 -0.4084064
2.136808 0.0732748 -0.4084064
2.136808 0.0732748 -0.4084064
2.136808 0.0732748 -0.4084064
2.136808 0.0732748 -0.4084064
2.136808 0.0732748 -0.4084064
2.136808 0.0732748 -0.4084064
2.136808 0.0732748 -0.4084064
2.136808 0.0732748 -0.4084064
2.136808 0.0732748 -0.4084064
2.221797 0.08131592 -0.3667064
2.221797 0.08131592 -0.3667064
2.221797 0.08131592 -0.3667064
2.221797 0.08131592 -0.3667064
2.221797 0.08131592 -0.3667064
2.221797 0.08131592 -0.3667064
2.221797 0.08131592 -0.3667064
2.221797 0.08131592 -0.3667064
2.221797 0.08131592 -0.3667064
2.221797 0.08131592 -0.3667064
2.221797 0.08131592 -0.3667064
2.221797 0.08131592 -0.3667064
2.221797 0.08131592 -0.3667064
2.221797 0.08131592 -0.3667064
2.221797 0.08131592 -0.3667064
2.221797 0.08131592 -0.3667064
2.221797 0.08131592 -0.3667064
2.251371 0.04158892 0.1233519
2.251371 0.04158892 0.1233519
2.251371 0.04158892 0.1233519
2.251371 0.04158892 0.1233519
2.251371 0.04158892 0.1233519
2.251371 0.04158892 0.1233519
2.251371 0.04158892 0.1233519
2.251371 0.04158892 0.1233519
2.251371 0.04158892 0.1233519
2.251371 0.04158892 0.1233519
2.251371 0.04158892 0.1233519
2.251371 0.04158892 0.1233519
2.251371 0.04158892 0.1233519
2.251371 0.04158892 0.1233519
2.251371 0.04158892 0.1233519
2.251371 0.04158892 0.1233519
2.251371 0.04158892 0.1233519
2.251371 0.04158892 0.1233519
2.251371 0.04158892 0.1233519
2.251371 0.04158892 0.1233519
2.251371 0.04158892 0.1233519
2.251371 0.04158892 0.1233519
2.251371 0.04158892 0.1233519
2.251371 0.04158892 0.1233519
2.251371 0.04158892 0.1233519
2.251371 0.04158892 0.1233519
2.251371 0.04158892 0.1233519
2.251371 0.04158892 0.1233519
2.251371 0.04158892 0.1233519
2.251371 0.04158892 0.1233519
2.251371 0.04158892 0.1233519
2.251371 0.04158892 0.1233519
2.251371 0.04158892 0.1233519
2.251371 0.04158892 0.1233519
2.251371 0.04158892 0.1233519
2.251371 0.04158892 0.1233519
2.251371 0.04158892 0.1233519
2.251371 0.04158892 0.1233519
2.251371 0.04158892 0.1233519
2.251371 0.04158892 0.1233519
2.251371 0.04158892 0.1233519
2.251371 0.04158892 0.1233519
2.251371 0.04158892 0.1233519
2.318894 0.05718596 0.1741774
2.318894 0.05718596 0.1741774
2.318894 0.05718596 0.1741774
2.318894 0.05718596 0.1741774
2.269266 0.2034002 1.02638
2.269266 0.2034002 1.02638
2.269266 0.2034002 1.02638
2.269266 0.2034002 1.02638
2.269266 0.2034002 1.02638
2.269266 0.2034002 1.02638
2.269266 0.2034002 1.02638
2.269266 0.2034002 1.02638
2.269266 0.2034002 1.02638
2.201342 -0.2326832 1.134637
2.201342 -0.2326832 1.134637
2.201342 -0.2326832 1.134637
2.201342 -0.2326832 1.134637
2.201342 -0.2326832 1.134637
2.201342 -0.2326832 1.134637
2.201342 -0.2326832 1.134637
2.201342 -0.2326832 1.134637
2.201342 -0.2326832 1.134637
2.201342 -0.2326832 1.134637
2.201342 -0.2326832 1.134637
2.201342 -0.2326832 1.134637
2.201342 -0.2326832 1.134637
2.201342 -0.2326832 1.134637
2.201342 -0.2326832 1.134637
2.201342 -0.2326832 1.134637
2.201342 -0.2326832 1.134637
2.201342 -0.2326832 1.134637
2.201342 -0.2326832 1.134637
2.201342 -0.2326832 1.134637
2.201342 -0.2326832 1.134637
2.201342 -0.2326832 1.134637
2.201342 -0.2326832 1.134637
2.201342 -0.2326832 1.134637
2.201342 -0.2326832 1.134637
2.201342 -0.2326832 1.134637
2.201342 -0.2326832 1.134637
2.201342 -0.2326832 1.134637
2.201342 -0.2326832 1.134637
2.201342 -0.2326832 1.134637
2.201342 -0.2326832 1.134637
2.433456 0.4539753 0.6520164
2.433456 0.4539753 0.6520164
2.433456 0.4539753 0.6520164
2.433456 0.4539753 0.6520164
2.433456 0.4539753 0.6520164
2.433456 0.4539753 0.6520164
2.433456 0.4539753 0.6520164
2.433456 0.4539753 0.6520164
2.433456 0.4539753 0.6520164
2.433456 0.4539753 0.6520164
2.433456 0.4539753 0.6520164
2.433456 0.4539753 0.6520164
2.433456 0.4539753 0.6520164
2.433456 0.4539753 0.6520164
2.433456 0.4539753 0.6520164
2.433456 0.4539753 0.6520164
2.488334 0.4541547 0.6982414
2.488334 0.4541547 0.6982414
2.488334 0.4541547 0.6982414
2.488334 0.4541547 0.6982414
2.488334 0.4541547 0.6982414
2.488334 0.4541547 0.6982414
2.488334 0.4541547 0.6982414
2.488334 0.4541547 0.6982414
2.488334 0.4541547 0.6982414
2.488334 0.4541547 0.6982414
2.488334 0.4541547 0.6982414
2.488334 0.4541547 0.6982414
2.488334 0.4541547 0.6982414
2.488334 0.4541547 0.6982414
2.488334 0.4541547 0.6982414
2.488334 0.4541547 0.6982414
2.488334 0.4541547 0.6982414
2.488334 0.4541547 0.6982414
2.488334 0.4541547 0.6982414
2.488334 0.4541547 0.6982414
2.374887 -0.1236588 1.157138
2.374887 -0.1236588 1.157138
2.374887 -0.1236588 1.157138
2.374887 -0.1236588 1.157138
2.374887 -0.1236588 1.157138
2.374887 -0.1236588 1.157138
2.374887 -0.1236588 1.157138
2.374887 -0.1236588 1.157138
2.374887 -0.1236588 1.157138
2.374887 -0.1236588 1.157138
2.374887 -0.1236588 1.157138
2.374887 -0.1236588 1.157138
2.374887 -0.1236588 1.157138
2.374887 -0.1236588 1.157138
2.374887 -0.1236588 1.157138
2.374887 -0.1236588 1.157138
2.374887 -0.1236588 1.157138
2.374887 -0.1236588 1.157138
2.374887 -0.1236588 1.157138
2.374887 -0.1236588 1.157138
2.374887 -0.1236588 1.157138
2.374887 -0.1236588 1.157138
2.195919 -0.6954784 2.770546
2.195919 -0.6954784 2.770546
2.195919 -0.6954784 2.770546
2.195919 -0.6954784 2.770546
2.195919 -0.6954784 2.770546
2.195919 -0.6954784 2.770546
2.195919 -0.6954784 2.770546
2.195919 -0.6954784 2.770546
2.195919 -0.6954784 2.770546
2.195919 -0.6954784 2.770546
2.195919 -0.6954784 2.770546
2.195919 -0.6954784 2.770546
2.195919 -0.6954784 2.770546
2.195919 -0.6954784 2.770546
2.195919 -0.6954784 2.770546
2.195919 -0.6954784 2.770546
2.195919 -0.6954784 2.770546
2.195919 -0.6954784 2.770546
2.249781 -0.6953892 2.804918
2.249781 -0.6953892 2.804918
2.249781 -0.6953892 2.804918
2.249781 -0.6953892 2.804918
2.249781 -0.6953892 2.804918
2.249781 -0.6953892 2.804918
2.249781 -0.6953892 2.804918
2.249781 -0.6953892 2.804918
2.249781 -0.6953892 2.804918
2.249781 -0.6953892 2.804918
2.249781 -0.6953892 2.804918
2.249781 -0.6953892 2.804918
2.249781 -0.6953892 2.804918
2.249781 -0.6953892 2.804918
2.249781 -0.6953892 2.804918
2.249781 -0.6953892 2.804918
2.249781 -0.6953892 2.804918
2.249781 -0.6953892 2.804918
2.249781 -0.6953892 2.804918
2.249781 -0.6953892 2.804918
2.249781 -0.6953892 2.804918
2.249781 -0.6953892 2.804918
2.249781 -0.6953892 2.804918
2.249781 -0.6953892 2.804918
2.249781 -0.6953892 2.804918
2.249781 -0.6953892 2.804918
2.249781 -0.6953892 2.804918
2.249781 -0.6953892 2.804918
2.249781 -0.6953892 2.804918
2.249781 -0.6953892 2.804918
2.249781 -0.6953892 2.804918
2.249781 -0.6953892 2.804918
2.249781 -0.6953892 2.804918
2.249781 -0.6953892 2.804918
2.249781 -0.6953892 2.804918
2.249781 -0.6953892 2.804918
2.249781 -0.6953892 2.804918
2.249781 -0.6953892 2.804918
2.249781 -0.6953892 2.804918
2.249781 -0.6953892 2.804918
2.249781 -0.6953892 2.804918
2.249781 -0.6953892 2.804918
2.249781 -0.6953892 2.804918
2.249781 -0.6953892 2.804918
2.249781 -0.6953892 2.804918
2.249781 -0.6953892 2.804918
2.249781 -0.6953892 2.804918
2.249781 -0.6953892 2.804918
2.249781 -0.6953892 2.804918
2.249781 -0.6953892 2.804918
2.249781 -0.6953892 2.804918
2.249781 -0.6953892 2.804918
2.33087 -0.7743046 1.617657
2.33087 -0.7743046 1.617657
2.33087 -0.7743046 1.617657
2.33087 -0.7743046 1.617657
2.33087 -0.7743046 1.617657
2.33087 -0.7743046 1.617657
2.33087 -0.7743046 1.617657
2.33087 -0.7743046 1.617657
2.383029 -0.7718487 1.621497
2.383029 -0.7718487 1.621497
2.383029 -0.7718487 1.621497
2.383029 -0.7718487 1.621497
2.383029 -0.7718487 1.621497
2.383029 -0.7718487 1.621497
2.383029 -0.7718487 1.621497
2.383029 -0.7718487 1.621497
2.383029 -0.7718487 1.621497
2.383029 -0.7718487 1.621497
2.383029 -0.7718487 1.621497
2.383029 -0.7718487 1.621497
2.383029 -0.7718487 1.621497
2.383029 -0.7718487 1.621497
2.383029 -0.7718487 1.621497
2.383029 -0.7718487 1.621497
2.383029 -0.7718487 1.621497
2.383029 -0.7718487 1.621497
2.383029 -0.7718487 1.621497
2.383029 -0.7718487 1.621497
2.383029 -0.7718487 1.621497
2.383029 -0.7718487 1.621497
2.383029 -0.7718487 1.621497
2.383029 -0.7718487 1.621497
2.383029 -0.7718487 1.621497
2.383029 -0.7718487 1.621497
2.383029 -0.7718487 1.621497
2.383029 -0.7718487 1.621497
2.383029 -0.7718487 1.621497
2.383029 -0.7718487 1.621497
2.383029 -0.7718487 1.621497
2.083759 -0.4702646 -0.1468825
2.083759 -0.4702646 -0.1468825
2.083759 -0.4702646 -0.1468825
2.083759 -0.4702646 -0.1468825
2.083759 -0.4702646 -0.1468825
2.083759 -0.4702646 -0.1468825
2.083759 -0.4702646 -0.1468825
2.083759 -0.4702646 -0.1468825
2.21293 -0.7756816 0.7277365
2.21293 -0.7756816 0.7277365
2.21293 -0.7756816 0.7277365
2.21293 -0.7756816 0.7277365
2.21293 -0.7756816 0.7277365
2.21293 -0.7756816 0.7277365
2.21293 -0.7756816 0.7277365
2.21293 -0.7756816 0.7277365
2.21293 -0.7756816 0.7277365
2.21293 -0.7756816 0.7277365
2.21293 -0.7756816 0.7277365
2.21293 -0.7756816 0.7277365
2.21293 -0.7756816 0.7277365
2.21293 -0.7756816 0.7277365
2.21293 -0.7756816 0.7277365
2.21293 -0.7756816 0.7277365
2.21293 -0.7756816 0.7277365
2.21293 -0.7756816 0.7277365
2.21293 -0.7756816 0.7277365
2.21293 -0.7756816 0.7277365
2.21293 -0.7756816 0.7277365
2.267415 -0.7787762 0.6745282
2.267415 -0.7787762 0.6745282
2.267415 -0.7787762 0.6745282
2.267415 -0.7787762 0.6745282
2.267415 -0.7787762 0.6745282
2.267415 -0.7787762 0.6745282
2.267415 -0.7787762 0.6745282
2.267415 -0.7787762 0.6745282
2.267415 -0.7787762 0.6745282
2.447894 0.1082678 0.1177369
2.447894 0.1082678 0.1177369
2.447894 0.1082678 0.1177369
2.447894 0.1082678 0.1177369
2.447894 0.1082678 0.1177369
2.447894 0.1082678 0.1177369
2.447894 0.1082678 0.1177369
2.447894 0.1082678 0.1177369
2.447894 0.1082678 0.1177369
2.447894 0.1082678 0.1177369
2.447894 0.1082678 0.1177369
2.447894 0.1082678 0.1177369
2.447894 0.1082678 0.1177369
2.447894 0.1082678 0.1177369
2.447894 0.1082678 0.1177369
2.447894 0.1082678 0.1177369
2.447894 0.1082678 0.1177369
2.447894 0.1082678 0.1177369
2.447894 0.1082678 0.1177369
2.447894 0.1082678 0.1177369
2.447894 0.1082678 0.1177369
2.447894 0.1082678 0.1177369
2.447894 0.1082678 0.1177369
2.447894 0.1082678 0.1177369
2.447894 0.1082678 0.1177369
2.447894 0.1082678 0.1177369
2.447894 0.1082678 0.1177369
2.447894 0.1082678 0.1177369
2.447894 0.1082678 0.1177369
2.447894 0.1082678 0.1177369
2.447894 0.1082678 0.1177369
2.447894 0.1082678 0.1177369
2.447894 0.1082678 0.1177369
2.447894 0.1082678 0.1177369
2.448957 0.05331468 -0.8829722
2.448957 0.05331468 -0.8829722
2.448957 0.05331468 -0.8829722
2.448957 0.05331468 -0.8829722
2.448957 0.05331468 -0.8829722
2.448957 0.05331468 -0.8829722
2.448957 0.05331468 -0.8829722
2.448957 0.05331468 -0.8829722
2.448957 0.05331468 -0.8829722
2.448957 0.05331468 -0.8829722
2.448957 0.05331468 -0.8829722
2.448957 0.05331468 -0.8829722
2.448957 0.05331468 -0.8829722
2.448957 0.05331468 -0.8829722
2.448957 0.05331468 -0.8829722
2.448957 0.05331468 -0.8829722
2.448957 0.05331468 -0.8829722
2.497189 0.04801603 -0.9866871
2.497189 0.04801603 -0.9866871
2.497189 0.04801603 -0.9866871
2.497189 0.04801603 -0.9866871
2.497189 0.04801603 -0.9866871
2.497189 0.04801603 -0.9866871
2.497189 0.04801603 -0.9866871
2.497189 0.04801603 -0.9866871
2.497189 0.04801603 -0.9866871
2.497189 0.04801603 -0.9866871
2.175163 -0.2006668 -0.7873443
2.175163 -0.2006668 -0.7873443
2.175163 -0.2006668 -0.7873443
2.175163 -0.2006668 -0.7873443
2.175163 -0.2006668 -0.7873443
2.175163 -0.2006668 -0.7873443
2.175163 -0.2006668 -0.7873443
2.175163 -0.2006668 -0.7873443
2.175163 -0.2006668 -0.7873443
2.175163 -0.2006668 -0.7873443
2.175163 -0.2006668 -0.7873443
2.175163 -0.2006668 -0.7873443
2.175163 -0.2006668 -0.7873443
2.175163 -0.2006668 -0.7873443
2.175163 -0.2006668 -0.7873443
2.175163 -0.2006668 -0.7873443
2.175163 -0.2006668 -0.7873443
2.175163 -0.2006668 -0.7873443
2.175163 -0.2006668 -0.7873443
2.175163 -0.2006668 -0.7873443
2.175163 -0.2006668 -0.7873443
2.175163 -0.2006668 -0.7873443
2.175163 -0.2006668 -0.7873443
2.175163 -0.2006668 -0.7873443
2.175163 -0.2006668 -0.7873443
2.175163 -0.2006668 -0.7873443
2.175163 -0.2006668 -0.7873443
2.175163 -0.2006668 -0.7873443
2.175163 -0.2006668 -0.7873443
2.175163 -0.2006668 -0.7873443
2.175163 -0.2006668 -0.7873443
2.175163 -0.2006668 -0.7873443
2.175163 -0.2006668 -0.7873443
2.175163 -0.2006668 -0.7873443
2.175163 -0.2006668 -0.7873443
2.175163 -0.2006668 -0.7873443
2.175163 -0.2006668 -0.7873443
2.175163 -0.2006668 -0.7873443
2.175163 -0.2006668 -0.7873443
2.175163 -0.2006668 -0.7873443
2.175163 -0.2006668 -0.7873443
2.175163 -0.2006668 -0.7873443
2.175163 -0.2006668 -0.7873443
2.175163 -0.2006668 -0.7873443
2.175163 -0.2006668 -0.7873443
2.175163 -0.2006668 -0.7873443
2.175163 -0.2006668 -0.7873443
2.175163 -0.2006668 -0.7873443
2.175163 -0.2006668 -0.7873443
2.175163 -0.2006668 -0.7873443
2.223257 -0.2107701 -0.7580299
2.223257 -0.2107701 -0.7580299
2.223257 -0.2107701 -0.7580299
2.223257 -0.2107701 -0.7580299
2.223257 -0.2107701 -0.7580299
2.223257 -0.2107701 -0.7580299
2.223257 -0.2107701 -0.7580299
2.223257 -0.2107701 -0.7580299
2.223257 -0.2107701 -0.7580299
2.223257 -0.2107701 -0.7580299
2.223257 -0.2107701 -0.7580299
2.223257 -0.2107701 -0.7580299
2.223257 -0.2107701 -0.7580299
2.223257 -0.2107701 -0.7580299
2.223257 -0.2107701 -0.7580299
2.223257 -0.2107701 -0.7580299
2.223257 -0.2107701 -0.7580299
2.223257 -0.2107701 -0.7580299
2.223257 -0.2107701 -0.7580299
2.223257 -0.2107701 -0.7580299
2.223257 -0.2107701 -0.7580299
2.223257 -0.2107701 -0.7580299
2.223257 -0.2107701 -0.7580299
2.223257 -0.2107701 -0.7580299
2.223257 -0.2107701 -0.7580299
2.223257 -0.2107701 -0.7580299
2.223257 -0.2107701 -0.7580299
2.223257 -0.2107701 -0.7580299
2.223257 -0.2107701 -0.7580299
2.223257 -0.2107701 -0.7580299
2.223257 -0.2107701 -0.7580299
2.223257 -0.2107701 -0.7580299
2.223257 -0.2107701 -0.7580299
2.223257 -0.2107701 -0.7580299
2.223257 -0.2107701 -0.7580299
2.223257 -0.2107701 -0.7580299
2.223257 -0.2107701 -0.7580299
2.223257 -0.2107701 -0.7580299
2.223257 -0.2107701 -0.7580299
2.223257 -0.2107701 -0.7580299
2.223257 -0.2107701 -0.7580299
2.223257 -0.2107701 -0.7580299
2.223257 -0.2107701 -0.7580299
2.223257 -0.2107701 -0.7580299
2.223257 -0.2107701 -0.7580299
2.223257 -0.2107701 -0.7580299
2.223257 -0.2107701 -0.7580299
2.223257 -0.2107701 -0.7580299
2.223257 -0.2107701 -0.7580299
2.223257 -0.2107701 -0.7580299
2.223257 -0.2107701 -0.7580299
2.223257 -0.2107701 -0.7580299
2.223257 -0.2107701 -0.7580299
2.223257 -0.2107701 -0.7580299
2.223257 -0.2107701 -0.7580299
2.223257 -0.2107701 -0.7580299
2.223257 -0.2107701 -0.7580299
2.223257 -0.2107701 -0.7580299
2.223257 -0.2107701 -0.7580299
2.223257 -0.2107701 -0.7580299
2.26727 -0.211992 -0.7122627
2.26727 -0.211992 -0.7122627
2.26727 -0.211992 -0.7122627
2.26727 -0.211992 -0.7122627
2.26727 -0.211992 -0.7122627
2.26727 -0.211992 -0.7122627
2.26727 -0.211992 -0.7122627
2.26727 -0.211992 -0.7122627
2.26727 -0.211992 -0.7122627
2.26727 -0.211992 -0.7122627
2.26727 -0.211992 -0.7122627
2.26727 -0.211992 -0.7122627
2.26727 -0.211992 -0.7122627
2.26727 -0.211992 -0.7122627
2.26727 -0.211992 -0.7122627
2.26727 -0.211992 -0.7122627
2.26727 -0.211992 -0.7122627
2.26727 -0.211992 -0.7122627
2.26727 -0.211992 -0.7122627
2.26727 -0.211992 -0.7122627
2.26727 -0.211992 -0.7122627
2.26727 -0.211992 -0.7122627
2.26727 -0.211992 -0.7122627
2.26727 -0.211992 -0.7122627
2.26727 -0.211992 -0.7122627
2.26727 -0.211992 -0.7122627
2.26727 -0.211992 -0.7122627
2.26727 -0.211992 -0.7122627
2.26727 -0.211992 -0.7122627
2.26727 -0.211992 -0.7122627
2.26727 -0.211992 -0.7122627
2.26727 -0.211992 -0.7122627
2.26727 -0.211992 -0.7122627
2.036669 -0.2330694 -1.634832
2.096756 -0.0990955 -2.714276
2.096756 -0.0990955 -2.714276
2.096756 -0.0990955 -2.714276
2.096756 -0.0990955 -2.714276
2.096756 -0.0990955 -2.714276
2.096756 -0.0990955 -2.714276
2.096756 -0.0990955 -2.714276
2.096756 -0.0990955 -2.714276
2.096756 -0.0990955 -2.714276
2.096756 -0.0990955 -2.714276
2.096756 -0.0990955 -2.714276
2.10965 0.03886468 -2.524481
2.10965 0.03886468 -2.524481
2.10965 0.03886468 -2.524481
2.10965 0.03886468 -2.524481
2.10965 0.03886468 -2.524481
2.10965 0.03886468 -2.524481
2.10965 0.03886468 -2.524481
2.10965 0.03886468 -2.524481
2.10965 0.03886468 -2.524481
2.10965 0.03886468 -2.524481
2.10965 0.03886468 -2.524481
2.10965 0.03886468 -2.524481
2.10965 0.03886468 -2.524481
2.10965 0.03886468 -2.524481
2.10965 0.03886468 -2.524481
2.156457 0.04495098 -2.496603
2.156457 0.04495098 -2.496603
2.156457 0.04495098 -2.496603
2.156457 0.04495098 -2.496603
2.156457 0.04495098 -2.496603
2.626946 0.3699819 -3.493835
2.626946 0.3699819 -3.493835
2.626946 0.3699819 -3.493835
2.626946 0.3699819 -3.493835
2.626946 0.3699819 -3.493835
2.626946 0.3699819 -3.493835
2.626946 0.3699819 -3.493835
2.626946 0.3699819 -3.493835
2.626946 0.3699819 -3.493835
2.626946 0.3699819 -3.493835
2.626946 0.3699819 -3.493835
2.626946 0.3699819 -3.493835
2.626946 0.3699819 -3.493835
2.626946 0.3699819 -3.493835
2.626946 0.3699819 -3.493835
2.626946 0.3699819 -3.493835
2.626946 0.3699819 -3.493835
2.626946 0.3699819 -3.493835
2.626946 0.3699819 -3.493835
2.626946 0.3699819 -3.493835
2.626946 0.3699819 -3.493835
2.626946 0.3699819 -3.493835
2.626946 0.3699819 -3.493835
2.626946 0.3699819 -3.493835
2.626946 0.3699819 -3.493835
2.626946 0.3699819 -3.493835
2.626946 0.3699819 -3.493835
2.626946 0.3699819 -3.493835
2.626946 0.3699819 -3.493835
2.626946 0.3699819 -3.493835
2.250829 -0.3144129 -1.509373
2.250829 -0.3144129 -1.509373
2.250829 -0.3144129 -1.509373
2.250829 -0.3144129 -1.509373
2.250829 -0.3144129 -1.509373
2.250829 -0.3144129 -1.509373
2.250829 -0.3144129 -1.509373
2.250829 -0.3144129 -1.509373
2.250829 -0.3144129 -1.509373
2.250829 -0.3144129 -1.509373
2.250829 -0.3144129 -1.509373
2.250829 -0.3144129 -1.509373
2.250829 -0.3144129 -1.509373
2.250829 -0.3144129 -1.509373
2.250829 -0.3144129 -1.509373
2.250829 -0.3144129 -1.509373
2.250829 -0.3144129 -1.509373
2.250829 -0.3144129 -1.509373
2.250829 -0.3144129 -1.509373
2.250829 -0.3144129 -1.509373
2.250829 -0.3144129 -1.509373
2.250829 -0.3144129 -1.509373
2.250829 -0.3144129 -1.509373
2.250829 -0.3144129 -1.509373
2.250829 -0.3144129 -1.509373
2.277546 -0.3141912 -1.501403
2.277546 -0.3141912 -1.501403
2.277546 -0.3141912 -1.501403
2.277546 -0.3141912 -1.501403
2.277546 -0.3141912 -1.501403
1.628353 -0.6390859 -3.341973
1.628353 -0.6390859 -3.341973
1.628353 -0.6390859 -3.341973
1.628353 -0.6390859 -3.341973
1.628353 -0.6390859 -3.341973
1.628353 -0.6390859 -3.341973
1.628353 -0.6390859 -3.341973
1.628353 -0.6390859 -3.341973
1.628353 -0.6390859 -3.341973
1.628353 -0.6390859 -3.341973
1.628353 -0.6390859 -3.341973
1.628353 -0.6390859 -3.341973
1.628353 -0.6390859 -3.341973
1.628353 -0.6390859 -3.341973
1.628353 -0.6390859 -3.341973
1.628353 -0.6390859 -3.341973
1.628353 -0.6390859 -3.341973
1.628353 -0.6390859 -3.341973
1.628353 -0.6390859 -3.341973
1.628353 -0.6390859 -3.341973
1.628353 -0.6390859 -3.341973
1.628353 -0.6390859 -3.341973
1.628353 -0.6390859 -3.341973
1.628353 -0.6390859 -3.341973
1.628353 -0.6390859 -3.341973
1.628353 -0.6390859 -3.341973
1.628353 -0.6390859 -3.341973
1.628353 -0.6390859 -3.341973
1.628353 -0.6390859 -3.341973
1.628353 -0.6390859 -3.341973
1.628353 -0.6390859 -3.341973
1.628353 -0.6390859 -3.341973
1.628353 -0.6390859 -3.341973
1.628353 -0.6390859 -3.341973
1.628353 -0.6390859 -3.341973
1.628353 -0.6390859 -3.341973
1.628353 -0.6390859 -3.341973
1.628353 -0.6390859 -3.341973
1.628353 -0.6390859 -3.341973
1.628353 -0.6390859 -3.341973
1.628353 -0.6390859 -3.341973
1.628353 -0.6390859 -3.341973
1.628353 -0.6390859 -3.341973
1.628353 -0.6390859 -3.341973
1.628353 -0.6390859 -3.341973
1.484404 -0.882959 -2.978489
1.484404 -0.882959 -2.978489
1.484404 -0.882959 -2.978489
1.484404 -0.882959 -2.978489
1.484404 -0.882959 -2.978489
1.484404 -0.882959 -2.978489
1.484404 -0.882959 -2.978489
1.484404 -0.882959 -2.978489
1.484404 -0.882959 -2.978489
1.484404 -0.882959 -2.978489
1.53688 -0.871274 -3.012649
1.53688 -0.871274 -3.012649
2.184714 -0.1571093 -4.043029
2.184714 -0.1571093 -4.043029
2.184714 -0.1571093 -4.043029
2.184714 -0.1571093 -4.043029
1.363027 -1.010532 -3.23554
1.363027 -1.010532 -3.23554
1.363027 -1.010532 -3.23554
1.363027 -1.010532 -3.23554
1.363027 -1.010532 -3.23554
1.363027 -1.010532 -3.23554
1.363027 -1.010532 -3.23554
1.363027 -1.010532 -3.23554
1.363027 -1.010532 -3.23554
1.363027 -1.010532 -3.23554
1.363027 -1.010532 -3.23554
1.363027 -1.010532 -3.23554
1.363027 -1.010532 -3.23554
1.363027 -1.010532 -3.23554
1.363027 -1.010532 -3.23554
1.363027 -1.010532 -3.23554
1.363027 -1.010532 -3.23554
1.363027 -1.010532 -3.23554
1.363027 -1.010532 -3.23554
1.363027 -1.010532 -3.23554
1.363027 -1.010532 -3.23554
1.363027 -1.010532 -3.23554
1.363027 -1.010532 -3.23554
1.363027 -1.010532 -3.23554
1.363027 -1.010532 -3.23554
1.363027 -1.010532 -3.23554
1.363027 -1.010532 -3.23554
1.363027 -1.010532 -3.23554
1.363027 -1.010532 -3.23554
1.363027 -1.010532 -3.23554
1.363027 -1.010532 -3.23554
1.363027 -1.010532 -3.23554
1.363027 -1.010532 -3.23554
1.363027 -1.010532 -3.23554
1.363027 -1.010532 -3.23554
1.363027 -1.010532 -3.23554
1.363027 -1.010532 -3.23554
1.363027 -1.010532 -3.23554
1.363027 -1.010532 -3.23554
1.363027 -1.010532 -3.23554
1.363027 -1.010532 -3.23554
1.363027 -1.010532 -3.23554
1.363027 -1.010532 -3.23554
1.363027 -1.010532 -3.23554
1.363027 -1.010532 -3.23554
1.363027 -1.010532 -3.23554
1.363027 -1.010532 -3.23554
1.363027 -1.010532 -3.23554
1.363027 -1.010532 -3.23554
1.363027 -1.010532 -3.23554
1.363027 -1.010532 -3.23554
1.363027 -1.010532 -3.23554
1.363027 -1.010532 -3.23554
1.363027 -1.010532 -3.23554
1.43001 -0.9972222 -3.386031
1.43001 -0.9972222 -3.386031
1.43001 -0.9972222 -3.386031
1.43001 -0.9972222 -3.386031
1.43001 -0.9972222 -3.386031
1.43001 -0.9972222 -3.386031
1.43001 -0.9972222 -3.386031
1.730987 -0.6303662 -3.268783
1.730987 -0.6303662 -3.268783
1.730987 -0.6303662 -3.268783
1.730987 -0.6303662 -3.268783
1.730987 -0.6303662 -3.268783
1.730987 -0.6303662 -3.268783
1.730987 -0.6303662 -3.268783
1.730987 -0.6303662 -3.268783
1.730987 -0.6303662 -3.268783
1.730987 -0.6303662 -3.268783
1.730987 -0.6303662 -3.268783
1.730987 -0.6303662 -3.268783
1.730987 -0.6303662 -3.268783
1.730987 -0.6303662 -3.268783
1.730987 -0.6303662 -3.268783
2.448204 0.2248703 -3.767461
2.448204 0.2248703 -3.767461
2.448204 0.2248703 -3.767461
2.448204 0.2248703 -3.767461
2.448204 0.2248703 -3.767461
2.448204 0.2248703 -3.767461
2.448204 0.2248703 -3.767461
2.448204 0.2248703 -3.767461
2.448204 0.2248703 -3.767461
2.448204 0.2248703 -3.767461
2.448204 0.2248703 -3.767461
2.448204 0.2248703 -3.767461
2.448204 0.2248703 -3.767461
2.448204 0.2248703 -3.767461
2.448204 0.2248703 -3.767461
2.448204 0.2248703 -3.767461
2.448204 0.2248703 -3.767461
2.448204 0.2248703 -3.767461
2.448204 0.2248703 -3.767461
2.448204 0.2248703 -3.767461
2.448204 0.2248703 -3.767461
2.448204 0.2248703 -3.767461
2.448204 0.2248703 -3.767461
2.448204 0.2248703 -3.767461
2.448204 0.2248703 -3.767461
2.448204 0.2248703 -3.767461
2.448204 0.2248703 -3.767461
2.448204 0.2248703 -3.767461
2.448204 0.2248703 -3.767461
2.448204 0.2248703 -3.767461
2.448204 0.2248703 -3.767461
2.448204 0.2248703 -3.767461
2.448204 0.2248703 -3.767461
2.448204 0.2248703 -3.767461
2.448204 0.2248703 -3.767461
2.448204 0.2248703 -3.767461
2.448204 0.2248703 -3.767461
2.448204 0.2248703 -3.767461
2.524145 0.2413187 -3.99538
2.524145 0.2413187 -3.99538
2.524145 0.2413187 -3.99538
2.524145 0.2413187 -3.99538
2.524145 0.2413187 -3.99538
2.524145 0.2413187 -3.99538
2.524145 0.2413187 -3.99538
2.524145 0.2413187 -3.99538
2.524145 0.2413187 -3.99538
2.524145 0.2413187 -3.99538
2.524145 0.2413187 -3.99538
2.524145 0.2413187 -3.99538
2.524145 0.2413187 -3.99538
2.524145 0.2413187 -3.99538
2.524145 0.2413187 -3.99538
2.524145 0.2413187 -3.99538
2.524145 0.2413187 -3.99538
2.524145 0.2413187 -3.99538
2.524145 0.2413187 -3.99538
2.524145 0.2413187 -3.99538
2.524145 0.2413187 -3.99538
2.524145 0.2413187 -3.99538
2.524145 0.2413187 -3.99538
2.524145 0.2413187 -3.99538
2.524145 0.2413187 -3.99538
2.524145 0.2413187 -3.99538
1.301912 -1.147878 -3.739977
1.301912 -1.147878 -3.739977
1.301912 -1.147878 -3.739977
1.301912 -1.147878 -3.739977
0.8502866 -1.360419 -4.166273
0.8502866 -1.360419 -4.166273
0.8502866 -1.360419 -4.166273
0.8502866 -1.360419 -4.166273
0.8502866 -1.360419 -4.166273
0.8502866 -1.360419 -4.166273
0.8502866 -1.360419 -4.166273
0.8502866 -1.360419 -4.166273
0.8502866 -1.360419 -4.166273
0.8502866 -1.360419 -4.166273
0.8502866 -1.360419 -4.166273
0.8502866 -1.360419 -4.166273
0.8502866 -1.360419 -4.166273
0.8502866 -1.360419 -4.166273
0.8502866 -1.360419 -4.166273
0.8502866 -1.360419 -4.166273
0.8502866 -1.360419 -4.166273
0.8502866 -1.360419 -4.166273
0.8502866 -1.360419 -4.166273
0.8502866 -1.360419 -4.166273
0.8502866 -1.360419 -4.166273
0.8502866 -1.360419 -4.166273
0.8502866 -1.360419 -4.166273
0.8502866 -1.360419 -4.166273
1.039449 -1.401434 -3.234158
1.039449 -1.401434 -3.234158
1.039449 -1.401434 -3.234158
1.039449 -1.401434 -3.234158
1.039449 -1.401434 -3.234158
1.039449 -1.401434 -3.234158
1.229169 -1.371775 -3.355142
1.229169 -1.371775 -3.355142
1.229169 -1.371775 -3.355142
1.229169 -1.371775 -3.355142
1.229169 -1.371775 -3.355142
1.229169 -1.371775 -3.355142
1.229169 -1.371775 -3.355142
1.229169 -1.371775 -3.355142
1.229169 -1.371775 -3.355142
1.229169 -1.371775 -3.355142
1.229169 -1.371775 -3.355142
1.229169 -1.371775 -3.355142
1.229169 -1.371775 -3.355142
1.229169 -1.371775 -3.355142
1.229169 -1.371775 -3.355142
1.229169 -1.371775 -3.355142
1.229169 -1.371775 -3.355142
1.229169 -1.371775 -3.355142
1.229169 -1.371775 -3.355142
1.229169 -1.371775 -3.355142
1.229169 -1.371775 -3.355142
1.229169 -1.371775 -3.355142
1.229169 -1.371775 -3.355142
1.229169 -1.371775 -3.355142
1.229169 -1.371775 -3.355142
1.229169 -1.371775 -3.355142
1.229169 -1.371775 -3.355142
1.229169 -1.371775 -3.355142
1.229169 -1.371775 -3.355142
1.229169 -1.371775 -3.355142
1.229169 -1.371775 -3.355142
1.229169 -1.371775 -3.355142
1.229169 -1.371775 -3.355142
1.229169 -1.371775 -3.355142
1.229169 -1.371775 -3.355142
1.229169 -1.371775 -3.355142
1.229169 -1.371775 -3.355142
1.229169 -1.371775 -3.355142
1.229169 -1.371775 -3.355142
1.229169 -1.371775 -3.355142
1.229169 -1.371775 -3.355142
1.229169 -1.371775 -3.355142
1.229169 -1.371775 -3.355142
1.229169 -1.371775 -3.355142
1.229169 -1.371775 -3.355142
1.229169 -1.371775 -3.355142
1.229169 -1.371775 -3.355142
1.229169 -1.371775 -3.355142
1.229169 -1.371775 -3.355142
1.229169 -1.371775 -3.355142
1.229169 -1.371775 -3.355142
1.229169 -1.371775 -3.355142
1.229169 -1.371775 -3.355142
1.23661 -1.280818 -4.216446
1.23661 -1.280818 -4.216446
1.23661 -1.280818 -4.216446
1.23661 -1.280818 -4.216446
1.23661 -1.280818 -4.216446
1.23661 -1.280818 -4.216446
1.816501 -0.6836438 -2.976149
1.376784 -0.9288584 -2.697155
1.376784 -0.9288584 -2.697155
1.376784 -0.9288584 -2.697155
1.376784 -0.9288584 -2.697155
1.376784 -0.9288584 -2.697155
1.376784 -0.9288584 -2.697155
1.376784 -0.9288584 -2.697155
1.376784 -0.9288584 -2.697155
1.376784 -0.9288584 -2.697155
1.376784 -0.9288584 -2.697155
1.376784 -0.9288584 -2.697155
1.376784 -0.9288584 -2.697155
1.376784 -0.9288584 -2.697155
1.376784 -0.9288584 -2.697155
1.376784 -0.9288584 -2.697155
1.376784 -0.9288584 -2.697155
1.376784 -0.9288584 -2.697155
1.376784 -0.9288584 -2.697155
1.376784 -0.9288584 -2.697155
1.376784 -0.9288584 -2.697155
1.376784 -0.9288584 -2.697155
1.376784 -0.9288584 -2.697155
1.376784 -0.9288584 -2.697155
1.376784 -0.9288584 -2.697155
1.376784 -0.9288584 -2.697155
1.376784 -0.9288584 -2.697155
1.376784 -0.9288584 -2.697155
1.376784 -0.9288584 -2.697155
1.376784 -0.9288584 -2.697155
1.376784 -0.9288584 -2.697155
1.376784 -0.9288584 -2.697155
1.376784 -0.9288584 -2.697155
1.376784 -0.9288584 -2.697155
1.376784 -0.9288584 -2.697155
1.376784 -0.9288584 -2.697155
1.376784 -0.9288584 -2.697155
1.376784 -0.9288584 -2.697155
1.376784 -0.9288584 -2.697155
1.376784 -0.9288584 -2.697155
1.376784 -0.9288584 -2.697155
1.376784 -0.9288584 -2.697155
1.376784 -0.9288584 -2.697155
1.376784 -0.9288584 -2.697155
1.376784 -0.9288584 -2.697155
1.376784 -0.9288584 -2.697155
1.376784 -0.9288584 -2.697155
1.376784 -0.9288584 -2.697155
1.376784 -0.9288584 -2.697155
1.376784 -0.9288584 -2.697155
1.376784 -0.9288584 -2.697155
1.376784 -0.9288584 -2.697155
1.376784 -0.9288584 -2.697155
1.376784 -0.9288584 -2.697155
1.376784 -0.9288584 -2.697155
1.376784 -0.9288584 -2.697155
1.376784 -0.9288584 -2.697155
1.376784 -0.9288584 -2.697155
1.376784 -0.9288584 -2.697155
1.376784 -0.9288584 -2.697155
1.376784 -0.9288584 -2.697155
1.468464 -0.9099355 -2.739268
1.468464 -0.9099355 -2.739268
1.468464 -0.9099355 -2.739268
1.468464 -0.9099355 -2.739268
1.468464 -0.9099355 -2.739268
1.468464 -0.9099355 -2.739268
1.468464 -0.9099355 -2.739268
1.468464 -0.9099355 -2.739268
1.468464 -0.9099355 -2.739268
1.468464 -0.9099355 -2.739268
1.946082 -0.5162328 -2.720265
1.946082 -0.5162328 -2.720265
1.946082 -0.5162328 -2.720265
2.772474 0.4175562 -2.090857
2.772474 0.4175562 -2.090857
2.772474 0.4175562 -2.090857
2.772474 0.4175562 -2.090857
2.772474 0.4175562 -2.090857
2.772474 0.4175562 -2.090857
2.772474 0.4175562 -2.090857
2.772474 0.4175562 -2.090857
2.772474 0.4175562 -2.090857
2.772474 0.4175562 -2.090857
2.772474 0.4175562 -2.090857
2.772474 0.4175562 -2.090857
2.772474 0.4175562 -2.090857
2.772474 0.4175562 -2.090857
2.772474 0.4175562 -2.090857
2.772474 0.4175562 -2.090857
2.772474 0.4175562 -2.090857
1.661369 -0.6071075 -2.878824
1.661369 -0.6071075 -2.878824
1.661369 -0.6071075 -2.878824
1.661369 -0.6071075 -2.878824
1.661369 -0.6071075 -2.878824
1.661369 -0.6071075 -2.878824
1.661369 -0.6071075 -2.878824
1.661369 -0.6071075 -2.878824
1.661369 -0.6071075 -2.878824
1.661369 -0.6071075 -2.878824
1.661369 -0.6071075 -2.878824
1.661369 -0.6071075 -2.878824
1.661369 -0.6071075 -2.878824
1.661369 -0.6071075 -2.878824
1.661369 -0.6071075 -2.878824
1.661369 -0.6071075 -2.878824
1.661369 -0.6071075 -2.878824
1.661369 -0.6071075 -2.878824
1.661369 -0.6071075 -2.878824
1.661369 -0.6071075 -2.878824
1.661369 -0.6071075 -2.878824
1.661369 -0.6071075 -2.878824
1.661369 -0.6071075 -2.878824
1.661369 -0.6071075 -2.878824
1.661369 -0.6071075 -2.878824
1.661369 -0.6071075 -2.878824
1.661369 -0.6071075 -2.878824
1.661369 -0.6071075 -2.878824
1.661369 -0.6071075 -2.878824
1.661369 -0.6071075 -2.878824
1.7889 -0.5768714 -2.897679
1.7889 -0.5768714 -2.897679
1.7889 -0.5768714 -2.897679
1.7889 -0.5768714 -2.897679
1.7889 -0.5768714 -2.897679
1.7889 -0.5768714 -2.897679
1.7889 -0.5768714 -2.897679
1.7889 -0.5768714 -2.897679
1.7889 -0.5768714 -2.897679
1.7889 -0.5768714 -2.897679
1.7889 -0.5768714 -2.897679
1.7889 -0.5768714 -2.897679
1.7889 -0.5768714 -2.897679
1.7889 -0.5768714 -2.897679
1.7889 -0.5768714 -2.897679
1.7889 -0.5768714 -2.897679
1.7889 -0.5768714 -2.897679
1.7889 -0.5768714 -2.897679
1.7889 -0.5768714 -2.897679
1.7889 -0.5768714 -2.897679
1.7889 -0.5768714 -2.897679
2.471502 0.08408749 -1.688702
2.471502 0.08408749 -1.688702
2.471502 0.08408749 -1.688702
2.471502 0.08408749 -1.688702
2.471502 0.08408749 -1.688702
2.471502 0.08408749 -1.688702
2.471502 0.08408749 -1.688702
2.471502 0.08408749 -1.688702
2.471502 0.08408749 -1.688702
2.471502 0.08408749 -1.688702
2.471502 0.08408749 -1.688702
2.471502 0.08408749 -1.688702
2.471502 0.08408749 -1.688702
2.471502 0.08408749 -1.688702
2.471502 0.08408749 -1.688702
2.471502 0.08408749 -1.688702
2.471502 0.08408749 -1.688702
2.471502 0.08408749 -1.688702
2.471502 0.08408749 -1.688702
2.471502 0.08408749 -1.688702
2.471502 0.08408749 -1.688702
2.471502 0.08408749 -1.688702
2.471502 0.08408749 -1.688702
2.471502 0.08408749 -1.688702
2.471502 0.08408749 -1.688702
2.471502 0.08408749 -1.688702
2.471502 0.08408749 -1.688702
2.471502 0.08408749 -1.688702
2.471502 0.08408749 -1.688702
2.471502 0.08408749 -1.688702
2.471502 0.08408749 -1.688702
2.471502 0.08408749 -1.688702
2.471502 0.08408749 -1.688702
2.471502 0.08408749 -1.688702
2.471502 0.08408749 -1.688702
2.471502 0.08408749 -1.688702
2.471502 0.08408749 -1.688702
2.471502 0.08408749 -1.688702
2.471502 0.08408749 -1.688702
2.582595 0.1240764 -1.700033
2.582595 0.1240764 -1.700033
2.582595 0.1240764 -1.700033
2.582595 0.1240764 -1.700033
2.582595 0.1240764 -1.700033
2.388573 -0.07505157 0.163446
2.388573 -0.07505157 0.163446
2.388573 -0.07505157 0.163446
2.388573 -0.07505157 0.163446
2.388573 -0.07505157 0.163446
2.388573 -0.07505157 0.163446
2.388573 -0.07505157 0.163446
2.388573 -0.07505157 0.163446
2.388573 -0.07505157 0.163446
2.388573 -0.07505157 0.163446
2.388573 -0.07505157 0.163446
2.388573 -0.07505157 0.163446
2.388573 -0.07505157 0.163446
2.388573 -0.07505157 0.163446
2.388573 -0.07505157 0.163446
2.388573 -0.07505157 0.163446
2.388573 -0.07505157 0.163446
2.388573 -0.07505157 0.163446
2.388573 -0.07505157 0.163446
2.388573 -0.07505157 0.163446
2.388573 -0.07505157 0.163446
2.388573 -0.07505157 0.163446
2.388573 -0.07505157 0.163446
2.388573 -0.07505157 0.163446
2.388573 -0.07505157 0.163446
2.388573 -0.07505157 0.163446
2.388573 -0.07505157 0.163446
2.388573 -0.07505157 0.163446
2.388573 -0.07505157 0.163446
2.388573 -0.07505157 0.163446
2.388573 -0.07505157 0.163446
2.388573 -0.07505157 0.163446
2.388573 -0.07505157 0.163446
2.388573 -0.07505157 0.163446
2.388573 -0.07505157 0.163446
2.388573 -0.07505157 0.163446
2.388573 -0.07505157 0.163446
2.388573 -0.07505157 0.163446
2.388573 -0.07505157 0.163446
2.388573 -0.07505157 0.163446
2.388573 -0.07505157 0.163446
2.388573 -0.07505157 0.163446
2.388573 -0.07505157 0.163446
2.388573 -0.07505157 0.163446
2.388573 -0.07505157 0.163446
2.388573 -0.07505157 0.163446
2.388573 -0.07505157 0.163446
2.388573 -0.07505157 0.163446
2.388573 -0.07505157 0.163446
2.388573 -0.07505157 0.163446
2.388573 -0.07505157 0.163446
2.388573 -0.07505157 0.163446
2.388573 -0.07505157 0.163446
2.388573 -0.07505157 0.163446
2.388573 -0.07505157 0.163446
2.368636 -0.03015194 0.1688064
2.368636 -0.03015194 0.1688064
2.368636 -0.03015194 0.1688064
2.368636 -0.03015194 0.1688064
2.368636 -0.03015194 0.1688064
2.368636 -0.03015194 0.1688064
2.368636 -0.03015194 0.1688064
2.368636 -0.03015194 0.1688064
2.368636 -0.03015194 0.1688064
2.368636 -0.03015194 0.1688064
2.368636 -0.03015194 0.1688064
2.368636 -0.03015194 0.1688064
2.368636 -0.03015194 0.1688064
2.368636 -0.03015194 0.1688064
2.368636 -0.03015194 0.1688064
2.368636 -0.03015194 0.1688064
2.368636 -0.03015194 0.1688064
2.368636 -0.03015194 0.1688064
2.368636 -0.03015194 0.1688064
2.368636 -0.03015194 0.1688064
2.368636 -0.03015194 0.1688064
2.368636 -0.03015194 0.1688064
2.368636 -0.03015194 0.1688064
2.368636 -0.03015194 0.1688064
2.368636 -0.03015194 0.1688064
2.368636 -0.03015194 0.1688064
2.368636 -0.03015194 0.1688064
2.368636 -0.03015194 0.1688064
2.368636 -0.03015194 0.1688064
2.368636 -0.03015194 0.1688064
2.368636 -0.03015194 0.1688064
2.368636 -0.03015194 0.1688064
2.368636 -0.03015194 0.1688064
2.368636 -0.03015194 0.1688064
2.368636 -0.03015194 0.1688064
2.368636 -0.03015194 0.1688064
2.368636 -0.03015194 0.1688064
2.368636 -0.03015194 0.1688064
2.368636 -0.03015194 0.1688064
2.368636 -0.03015194 0.1688064
2.368636 -0.03015194 0.1688064
2.368636 -0.03015194 0.1688064
2.368636 -0.03015194 0.1688064
2.368636 -0.03015194 0.1688064
2.368636 -0.03015194 0.1688064
2.368636 -0.03015194 0.1688064
2.368636 -0.03015194 0.1688064
2.368636 -0.03015194 0.1688064
2.368636 -0.03015194 0.1688064
2.368636 -0.03015194 0.1688064
2.368636 -0.03015194 0.1688064
2.368636 -0.03015194 0.1688064
2.368636 -0.03015194 0.1688064
2.368636 -0.03015194 0.1688064
2.368636 -0.03015194 0.1688064
2.368636 -0.03015194 0.1688064
2.368636 -0.03015194 0.1688064
2.368636 -0.03015194 0.1688064
2.368636 -0.03015194 0.1688064
2.368636 -0.03015194 0.1688064
2.395411 0.03021707 0.1821972
2.395411 0.03021707 0.1821972
2.395411 0.03021707 0.1821972
2.395411 0.03021707 0.1821972
2.395411 0.03021707 0.1821972
2.395411 0.03021707 0.1821972
2.395411 0.03021707 0.1821972
2.395411 0.03021707 0.1821972
2.395411 0.03021707 0.1821972
2.395411 0.03021707 0.1821972
2.395411 0.03021707 0.1821972
2.395411 0.03021707 0.1821972
2.395411 0.03021707 0.1821972
2.395411 0.03021707 0.1821972
2.395411 0.03021707 0.1821972
2.395411 0.03021707 0.1821972
2.395411 0.03021707 0.1821972
2.395411 0.03021707 0.1821972
2.395411 0.03021707 0.1821972
2.395411 0.03021707 0.1821972
2.395411 0.03021707 0.1821972
2.395411 0.03021707 0.1821972
2.395411 0.03021707 0.1821972
2.395411 0.03021707 0.1821972
2.395411 0.03021707 0.1821972
2.395411 0.03021707 0.1821972
2.395411 0.03021707 0.1821972
2.395411 0.03021707 0.1821972
2.395411 0.03021707 0.1821972
2.395411 0.03021707 0.1821972
2.395411 0.03021707 0.1821972
2.395411 0.03021707 0.1821972
2.395411 0.03021707 0.1821972
2.395411 0.03021707 0.1821972
2.395411 0.03021707 0.1821972
2.395411 0.03021707 0.1821972
2.395411 0.03021707 0.1821972
2.395411 0.03021707 0.1821972
2.395411 0.03021707 0.1821972
2.395411 0.03021707 0.1821972
2.395411 0.03021707 0.1821972
2.395411 0.03021707 0.1821972
2.395411 0.03021707 0.1821972
2.395411 0.03021707 0.1821972
2.395411 0.03021707 0.1821972
2.395411 0.03021707 0.1821972
2.395411 0.03021707 0.1821972
2.395411 0.03021707 0.1821972
2.395103 0.3365182 -0.4416567
2.395103 0.3365182 -0.4416567
2.395103 0.3365182 -0.4416567
2.395103 0.3365182 -0.4416567
2.395103 0.3365182 -0.4416567
2.395103 0.3365182 -0.4416567
2.395103 0.3365182 -0.4416567
2.395103 0.3365182 -0.4416567
2.395103 0.3365182 -0.4416567
2.395103 0.3365182 -0.4416567
2.395103 0.3365182 -0.4416567
2.395103 0.3365182 -0.4416567
2.412317 0.3780851 -0.4306099
2.412317 0.3780851 -0.4306099
2.412317 0.3780851 -0.4306099
2.412317 0.3780851 -0.4306099
2.412317 0.3780851 -0.4306099
2.412317 0.3780851 -0.4306099
2.412317 0.3780851 -0.4306099
2.412317 0.3780851 -0.4306099
2.412317 0.3780851 -0.4306099
2.412317 0.3780851 -0.4306099
2.412317 0.3780851 -0.4306099
2.412317 0.3780851 -0.4306099
2.412317 0.3780851 -0.4306099
2.412317 0.3780851 -0.4306099
2.412317 0.3780851 -0.4306099
2.412317 0.3780851 -0.4306099
2.412317 0.3780851 -0.4306099
2.412317 0.3780851 -0.4306099
2.412317 0.3780851 -0.4306099
2.412317 0.3780851 -0.4306099
2.412317 0.3780851 -0.4306099
2.412317 0.3780851 -0.4306099
2.412317 0.3780851 -0.4306099
2.412317 0.3780851 -0.4306099
2.412317 0.3780851 -0.4306099
2.412317 0.3780851 -0.4306099
2.412317 0.3780851 -0.4306099
2.412317 0.3780851 -0.4306099
2.412317 0.3780851 -0.4306099
2.412317 0.3780851 -0.4306099
2.412317 0.3780851 -0.4306099
2.412317 0.3780851 -0.4306099
2.412317 0.3780851 -0.4306099
2.412317 0.3780851 -0.4306099
2.412317 0.3780851 -0.4306099
2.412317 0.3780851 -0.4306099
2.412317 0.3780851 -0.4306099
2.412317 0.3780851 -0.4306099
2.412317 0.3780851 -0.4306099
2.412317 0.3780851 -0.4306099
2.412317 0.3780851 -0.4306099
2.412317 0.3780851 -0.4306099
2.412317 0.3780851 -0.4306099
2.412317 0.3780851 -0.4306099
2.412317 0.3780851 -0.4306099
2.412317 0.3780851 -0.4306099
2.412317 0.3780851 -0.4306099
2.412317 0.3780851 -0.4306099
2.412317 0.3780851 -0.4306099
2.412317 0.3780851 -0.4306099
2.412317 0.3780851 -0.4306099
2.412317 0.3780851 -0.4306099
2.412317 0.3780851 -0.4306099
2.412317 0.3780851 -0.4306099
2.412317 0.3780851 -0.4306099
2.412317 0.3780851 -0.4306099
2.412317 0.3780851 -0.4306099
2.412317 0.3780851 -0.4306099
2.412317 0.3780851 -0.4306099
2.412317 0.3780851 -0.4306099
2.401739 0.3849499 -0.426133
2.401739 0.3849499 -0.426133
2.401739 0.3849499 -0.426133
2.401739 0.3849499 -0.426133
2.401739 0.3849499 -0.426133
2.401739 0.3849499 -0.426133
2.401739 0.3849499 -0.426133
2.401739 0.3849499 -0.426133
2.401739 0.3849499 -0.426133
2.401739 0.3849499 -0.426133
2.401739 0.3849499 -0.426133
2.401739 0.3849499 -0.426133
2.401739 0.3849499 -0.426133
2.401739 0.3849499 -0.426133
2.401739 0.3849499 -0.426133
2.401739 0.3849499 -0.426133
2.401739 0.3849499 -0.426133
2.401739 0.3849499 -0.426133
2.401739 0.3849499 -0.426133
2.401739 0.3849499 -0.426133
2.401739 0.3849499 -0.426133
2.401739 0.3849499 -0.426133
2.401739 0.3849499 -0.426133
2.401739 0.3849499 -0.426133
2.401739 0.3849499 -0.426133
2.401739 0.3849499 -0.426133
2.401739 0.3849499 -0.426133
2.401739 0.3849499 -0.426133
2.401739 0.3849499 -0.426133
2.401739 0.3849499 -0.426133
2.401739 0.3849499 -0.426133
2.401739 0.3849499 -0.426133
2.401739 0.3849499 -0.426133
2.401739 0.3849499 -0.426133
2.401739 0.3849499 -0.426133
2.401739 0.3849499 -0.426133
2.401739 0.3849499 -0.426133
2.401739 0.3849499 -0.426133
2.401739 0.3849499 -0.426133
2.401739 0.3849499 -0.426133
2.401739 0.3849499 -0.426133
2.401739 0.3849499 -0.426133
2.401739 0.3849499 -0.426133
2.401739 0.3849499 -0.426133
2.401739 0.3849499 -0.426133
2.401739 0.3849499 -0.426133
2.401739 0.3849499 -0.426133
2.401739 0.3849499 -0.426133
2.401739 0.3849499 -0.426133
2.401739 0.3849499 -0.426133
2.401739 0.3849499 -0.426133
2.401739 0.3849499 -0.426133
2.401739 0.3849499 -0.426133
2.401739 0.3849499 -0.426133
2.401739 0.3849499 -0.426133
2.401739 0.3849499 -0.426133
2.401739 0.3849499 -0.426133
2.401739 0.3849499 -0.426133
2.401739 0.3849499 -0.426133
2.401739 0.3849499 -0.426133
2.39518 0.4055025 -0.3937401
2.39518 0.4055025 -0.3937401
2.39518 0.4055025 -0.3937401
2.39518 0.4055025 -0.3937401
2.39518 0.4055025 -0.3937401
2.39518 0.4055025 -0.3937401
2.39518 0.4055025 -0.3937401
2.39518 0.4055025 -0.3937401
2.39518 0.4055025 -0.3937401
2.39518 0.4055025 -0.3937401
2.39518 0.4055025 -0.3937401
2.39518 0.4055025 -0.3937401
2.39518 0.4055025 -0.3937401
2.39518 0.4055025 -0.3937401
2.39518 0.4055025 -0.3937401
2.28206 0.2876718 -0.3056117
2.28206 0.2876718 -0.3056117
2.28206 0.2876718 -0.3056117
2.28206 0.2876718 -0.3056117
2.28206 0.2876718 -0.3056117
2.28206 0.2876718 -0.3056117
2.28206 0.2876718 -0.3056117
2.28206 0.2876718 -0.3056117
2.28206 0.2876718 -0.3056117
2.28206 0.2876718 -0.3056117
2.28206 0.2876718 -0.3056117
2.28206 0.2876718 -0.3056117
2.28206 0.2876718 -0.3056117
2.28206 0.2876718 -0.3056117
2.28206 0.2876718 -0.3056117
2.28206 0.2876718 -0.3056117
2.28206 0.2876718 -0.3056117
2.28206 0.2876718 -0.3056117
2.28206 0.2876718 -0.3056117
2.28206 0.2876718 -0.3056117
2.28206 0.2876718 -0.3056117
2.28206 0.2876718 -0.3056117
2.28206 0.2876718 -0.3056117
2.28206 0.2876718 -0.3056117
2.28206 0.2876718 -0.3056117
2.28206 0.2876718 -0.3056117
2.28206 0.2876718 -0.3056117
2.28206 0.2876718 -0.3056117
2.28206 0.2876718 -0.3056117
2.28206 0.2876718 -0.3056117
2.28206 0.2876718 -0.3056117
2.28206 0.2876718 -0.3056117
2.28206 0.2876718 -0.3056117
2.28206 0.2876718 -0.3056117
2.28206 0.2876718 -0.3056117
2.28206 0.2876718 -0.3056117
2.28206 0.2876718 -0.3056117
2.28206 0.2876718 -0.3056117
2.28206 0.2876718 -0.3056117
2.28206 0.2876718 -0.3056117
2.28206 0.2876718 -0.3056117
2.28206 0.2876718 -0.3056117
2.28206 0.2876718 -0.3056117
2.28206 0.2876718 -0.3056117
2.28206 0.2876718 -0.3056117
2.220587 0.2252006 -0.2804556
2.220587 0.2252006 -0.2804556
2.220587 0.2252006 -0.2804556
2.220587 0.2252006 -0.2804556
2.220587 0.2252006 -0.2804556
2.220587 0.2252006 -0.2804556
2.220587 0.2252006 -0.2804556
2.220587 0.2252006 -0.2804556
2.220587 0.2252006 -0.2804556
2.220587 0.2252006 -0.2804556
2.220587 0.2252006 -0.2804556
2.220587 0.2252006 -0.2804556
2.220587 0.2252006 -0.2804556
2.220587 0.2252006 -0.2804556
2.220587 0.2252006 -0.2804556
2.49348 0.5764745 -0.8023068
2.49348 0.5764745 -0.8023068
2.49348 0.5764745 -0.8023068
2.49348 0.5764745 -0.8023068
2.49348 0.5764745 -0.8023068
2.49348 0.5764745 -0.8023068
2.49348 0.5764745 -0.8023068
2.49348 0.5764745 -0.8023068
2.49348 0.5764745 -0.8023068
2.49348 0.5764745 -0.8023068
2.49348 0.5764745 -0.8023068
2.49348 0.5764745 -0.8023068
2.49348 0.5764745 -0.8023068
2.49348 0.5764745 -0.8023068
2.49348 0.5764745 -0.8023068
2.49348 0.5764745 -0.8023068
2.49348 0.5764745 -0.8023068
2.49348 0.5764745 -0.8023068
2.49348 0.5764745 -0.8023068
2.49348 0.5764745 -0.8023068
2.49348 0.5764745 -0.8023068
2.49348 0.5764745 -0.8023068
2.49348 0.5764745 -0.8023068
2.49348 0.5764745 -0.8023068
2.368746 0.6161276 0.8839868
2.368746 0.6161276 0.8839868
2.368746 0.6161276 0.8839868
2.368746 0.6161276 0.8839868
2.368746 0.6161276 0.8839868
2.368746 0.6161276 0.8839868
2.368746 0.6161276 0.8839868
2.368746 0.6161276 0.8839868
2.368746 0.6161276 0.8839868
2.368746 0.6161276 0.8839868
2.368746 0.6161276 0.8839868
2.368746 0.6161276 0.8839868
2.368746 0.6161276 0.8839868
2.368746 0.6161276 0.8839868
2.368746 0.6161276 0.8839868
2.34673 1.047704 2.063812
2.34673 1.047704 2.063812
2.34673 1.047704 2.063812
2.34673 1.047704 2.063812
2.34673 1.047704 2.063812
2.34673 1.047704 2.063812
2.345851 1.029589 2.083913
2.345851 1.029589 2.083913
2.345851 1.029589 2.083913
2.345851 1.029589 2.083913
2.345851 1.029589 2.083913
2.345851 1.029589 2.083913
2.345851 1.029589 2.083913
2.345851 1.029589 2.083913
2.345851 1.029589 2.083913
2.345851 1.029589 2.083913
2.345851 1.029589 2.083913
2.345851 1.029589 2.083913
2.345851 1.029589 2.083913
2.345851 1.029589 2.083913
2.345851 1.029589 2.083913
2.345851 1.029589 2.083913
2.345851 1.029589 2.083913
2.345851 1.029589 2.083913
2.345851 1.029589 2.083913
2.345851 1.029589 2.083913
2.345851 1.029589 2.083913
2.345851 1.029589 2.083913
2.345851 1.029589 2.083913
2.345851 1.029589 2.083913
2.345851 1.029589 2.083913
2.345851 1.029589 2.083913
2.345851 1.029589 2.083913
2.345851 1.029589 2.083913
2.345851 1.029589 2.083913
2.345851 1.029589 2.083913
2.345851 1.029589 2.083913
2.345851 1.029589 2.083913
2.345851 1.029589 2.083913
2.345851 1.029589 2.083913
2.345851 1.029589 2.083913
2.345851 1.029589 2.083913
2.345851 1.029589 2.083913
2.345851 1.029589 2.083913
2.31124 0.2733101 2.415365
2.31124 0.2733101 2.415365
2.31124 0.2733101 2.415365
2.31124 0.2733101 2.415365
2.31124 0.2733101 2.415365
2.31124 0.2733101 2.415365
2.31124 0.2733101 2.415365
2.31124 0.2733101 2.415365
2.31124 0.2733101 2.415365
2.31124 0.2733101 2.415365
2.31124 0.2733101 2.415365
2.31124 0.2733101 2.415365
2.31124 0.2733101 2.415365
2.31124 0.2733101 2.415365
2.31124 0.2733101 2.415365
2.31124 0.2733101 2.415365
2.31124 0.2733101 2.415365
2.31124 0.2733101 2.415365
2.31124 0.2733101 2.415365
2.31124 0.2733101 2.415365
2.31124 0.2733101 2.415365
2.31124 0.2733101 2.415365
2.308121 0.267373 2.417225
2.308121 0.267373 2.417225
2.308121 0.267373 2.417225
2.308121 0.267373 2.417225
2.308121 0.267373 2.417225
2.308121 0.267373 2.417225
2.308121 0.267373 2.417225
2.308121 0.267373 2.417225
2.308121 0.267373 2.417225
2.308121 0.267373 2.417225
2.308121 0.267373 2.417225
2.308121 0.267373 2.417225
2.308121 0.267373 2.417225
2.308121 0.267373 2.417225
2.308121 0.267373 2.417225
2.308121 0.267373 2.417225
2.308121 0.267373 2.417225
2.308121 0.267373 2.417225
2.308121 0.267373 2.417225
2.308121 0.267373 2.417225
2.308121 0.267373 2.417225
2.308121 0.267373 2.417225
2.308121 0.267373 2.417225
2.308121 0.267373 2.417225
2.308121 0.267373 2.417225
2.308121 0.267373 2.417225
2.366676 1.990008 3.039314
2.366676 1.990008 3.039314
2.366676 1.990008 3.039314
2.366676 1.990008 3.039314
2.366676 1.990008 3.039314
2.366676 1.990008 3.039314
2.366676 1.990008 3.039314
2.366676 1.990008 3.039314
2.366676 1.990008 3.039314
2.366676 1.990008 3.039314
2.366676 1.990008 3.039314
2.366676 1.990008 3.039314
2.366676 1.990008 3.039314
2.366676 1.990008 3.039314
2.366676 1.990008 3.039314
2.366676 1.990008 3.039314
2.366676 1.990008 3.039314
2.366676 1.990008 3.039314
2.366676 1.990008 3.039314
2.366676 1.990008 3.039314
2.366676 1.990008 3.039314
2.366676 1.990008 3.039314
2.366676 1.990008 3.039314
2.366676 1.990008 3.039314
2.366676 1.990008 3.039314
2.366676 1.990008 3.039314
2.366676 1.990008 3.039314
2.366676 1.990008 3.039314
2.366676 1.990008 3.039314
2.366676 1.990008 3.039314
2.366676 1.990008 3.039314
2.366676 1.990008 3.039314
2.366676 1.990008 3.039314
2.366676 1.990008 3.039314
2.359314 1.984255 3.038718
2.359314 1.984255 3.038718
2.359314 1.984255 3.038718
2.359314 1.984255 3.038718
2.359314 1.984255 3.038718
2.359314 1.984255 3.038718
2.359314 1.984255 3.038718
2.359314 1.984255 3.038718
2.359314 1.984255 3.038718
2.359314 1.984255 3.038718
2.359314 1.984255 3.038718
2.359314 1.984255 3.038718
2.359314 1.984255 3.038718
2.359314 1.984255 3.038718
2.359314 1.984255 3.038718
2.359314 1.984255 3.038718
2.359314 1.984255 3.038718
2.359314 1.984255 3.038718
2.359314 1.984255 3.038718
2.359314 1.984255 3.038718
2.359314 1.984255 3.038718
2.359314 1.984255 3.038718
2.359314 1.984255 3.038718
2.359314 1.984255 3.038718
2.359314 1.984255 3.038718
2.359314 1.984255 3.038718
2.359314 1.984255 3.038718
2.359314 1.984255 3.038718
2.359314 1.984255 3.038718
2.359314 1.984255 3.038718
2.359314 1.984255 3.038718
2.359314 1.984255 3.038718
2.359314 1.984255 3.038718
2.359314 1.984255 3.038718
2.359314 1.984255 3.038718
2.359314 1.984255 3.038718
2.359314 1.984255 3.038718
2.359314 1.984255 3.038718
2.359314 1.984255 3.038718
2.359314 1.984255 3.038718
2.359314 1.984255 3.038718
2.359314 1.984255 3.038718
2.359314 1.984255 3.038718
2.359314 1.984255 3.038718
2.359314 1.984255 3.038718
2.359314 1.984255 3.038718
2.359314 1.984255 3.038718
2.359314 1.984255 3.038718
2.359314 1.984255 3.038718
2.359314 1.984255 3.038718
2.359314 1.984255 3.038718
2.359314 1.984255 3.038718
2.359314 1.984255 3.038718
2.359314 1.984255 3.038718
2.359314 1.984255 3.038718
2.359314 1.984255 3.038718
2.359314 1.984255 3.038718
2.359314 1.984255 3.038718
2.350129 0.112376 1.887597
2.350129 0.112376 1.887597
2.383632 0.1093483 1.872811
2.383632 0.1093483 1.872811
2.383632 0.1093483 1.872811
2.383632 0.1093483 1.872811
2.383632 0.1093483 1.872811
2.383632 0.1093483 1.872811
2.383632 0.1093483 1.872811
2.383632 0.1093483 1.872811
2.383632 0.1093483 1.872811
2.383632 0.1093483 1.872811
2.383632 0.1093483 1.872811
2.383632 0.1093483 1.872811
2.383632 0.1093483 1.872811
2.383632 0.1093483 1.872811
2.383632 0.1093483 1.872811
2.383632 0.1093483 1.872811
2.383632 0.1093483 1.872811
2.383632 0.1093483 1.872811
2.383632 0.1093483 1.872811
2.383632 0.1093483 1.872811
2.383632 0.1093483 1.872811
2.383632 0.1093483 1.872811
2.383632 0.1093483 1.872811
2.383632 0.1093483 1.872811
2.383632 0.1093483 1.872811
2.383632 0.1093483 1.872811
2.383632 0.1093483 1.872811
2.383632 0.1093483 1.872811
2.383632 0.1093483 1.872811
2.383632 0.1093483 1.872811
2.383632 0.1093483 1.872811
2.383632 0.1093483 1.872811
2.383632 0.1093483 1.872811
2.383632 0.1093483 1.872811
2.383632 0.1093483 1.872811
2.383632 0.1093483 1.872811
2.383632 0.1093483 1.872811
2.383632 0.1093483 1.872811
2.383632 0.1093483 1.872811
2.383632 0.1093483 1.872811
2.383632 0.1093483 1.872811
2.352445 -1.241831 2.737975
2.352445 -1.241831 2.737975
2.352445 -1.241831 2.737975
2.352445 -1.241831 2.737975
2.274189 -0.8290414 3.159332
2.274189 -0.8290414 3.159332
2.274189 -0.8290414 3.159332
2.274189 -0.8290414 3.159332
2.274189 -0.8290414 3.159332
2.274189 -0.8290414 3.159332
2.274189 -0.8290414 3.159332
2.274189 -0.8290414 3.159332
2.274189 -0.8290414 3.159332
2.274189 -0.8290414 3.159332
2.274189 -0.8290414 3.159332
2.274189 -0.8290414 3.159332
2.274189 -0.8290414 3.159332
2.274189 -0.8290414 3.159332
2.274189 -0.8290414 3.159332
2.370411 -0.8097535 3.137966
2.370411 -0.8097535 3.137966
2.370411 -0.8097535 3.137966
2.370411 -0.8097535 3.137966
2.370411 -0.8097535 3.137966
2.370411 -0.8097535 3.137966
2.370411 -0.8097535 3.137966
2.370411 -0.8097535 3.137966
2.370411 -0.8097535 3.137966
2.370411 -0.8097535 3.137966
2.370411 -0.8097535 3.137966
2.370411 -0.8097535 3.137966
2.370411 -0.8097535 3.137966
2.370411 -0.8097535 3.137966
2.370411 -0.8097535 3.137966
2.370411 -0.8097535 3.137966
2.370411 -0.8097535 3.137966
2.370411 -0.8097535 3.137966
2.370411 -0.8097535 3.137966
2.370411 -0.8097535 3.137966
2.370411 -0.8097535 3.137966
2.370411 -0.8097535 3.137966
2.370411 -0.8097535 3.137966
2.370411 -0.8097535 3.137966
2.370411 -0.8097535 3.137966
2.370411 -0.8097535 3.137966
2.370411 -0.8097535 3.137966
2.370411 -0.8097535 3.137966
2.370411 -0.8097535 3.137966
2.370411 -0.8097535 3.137966
2.370411 -0.8097535 3.137966
2.24938 -0.3464316 3.356044
2.24938 -0.3464316 3.356044
2.24938 -0.3464316 3.356044
2.24938 -0.3464316 3.356044
2.24938 -0.3464316 3.356044
2.24938 -0.3464316 3.356044
2.24938 -0.3464316 3.356044
2.24938 -0.3464316 3.356044
2.24938 -0.3464316 3.356044
0 0 0
0 0 0
0 0 0
0 0 0
0 0 0
0 0 0
0 0 0
0 0 0
0 0 0
0 0 0
0 0 0
0 0 0
0 0 0
0 0 0
0 0 0
0 0 0
0 0 0
0 0 0
0 0 0
0 0 0
