-1149748029
-2131413516
2054693960
867078892
788225976
-825499402
439241509
-1590224546
-657040972
-1638672454
17264550
-215667475
1666455371
-953950466
1261125636
756731570
881656740
-143460493
-956657675
515027379
192028438
-1519803532
155353623
464516248
-2110319371
-866661427
1808408967
-1863281345
1439367779
1158769522
1210973632
989368183
472063046
-752621118
-1299934421
1796214245
118385059
1250962812
-37331870
128622898
-1965118412
-1035358176
1013512428
1682977645
1377998186
-672446860
450570242
-1452716436
2041968928
-785817
-1188365061
-23014847
-316430958
-1249893356
2058703942
-2070094838
1402734637
-187626821
820904089
-154225824
-358536544
-1530211309
-1864244804
132553111
-838548778
1215340797
-2041788441
318851972
1541091465
395870024
-1394102337
207140054
1939478878
-1210602711
153812419
-120341974
24762520
-1884504522
889624743
-243134139
1987264945
-128825075
931357129
-737365913
1842367440
-666073367
-1574156606
523168456
889850780
-2088225983
-1242907897
-279005199
-948554844
350600302
360755641
-787700260
-192136726
-1945446514
71
