1.155004 0.506056 -0.1385905 -7.864277 -8.786853 -8.836273
2.144133 1.070544 -0.2711872 -7.277221 -8.59073 -8.728651
3.02816 1.682841 -0.4347845 -6.955208 -8.450784 -8.686102
3.860951 2.300916 -0.6228929 -6.803813 -8.378893 -8.6504
4.674664 2.898257 -0.8225768 -6.755275 -8.336174 -8.623655
5.509178 3.515433 -1.082531 -6.783318 -8.315451 -8.614115
6.38396 4.19764 -1.406957 -6.872881 -8.331825 -8.612157
7.314121 4.949587 -1.788941 -7.015975 -8.402501 -8.618416
8.332673 5.838548 -2.230359 -7.213101 -8.548156 -8.653438
9.463958 6.941874 -2.674456 -7.470645 -8.802525 -8.704061
10.74586 8.259044 -3.128611 -7.795957 -9.162239 -8.770031
12.34693 10.02137 -3.652041 -8.237208 -9.717203 -8.863788
13.65993 12.29184 -4.210094 -8.604848 -10.49718 -8.968023
14.61467 14.55979 -4.731138 -8.879802 -11.30771 -9.066885
15.46565 16.79243 -5.169701 -9.133125 -12.1281 -9.129507
16.52723 20.16228 -5.610212 -9.457648 -13.42938 -9.191532
17.96146 25.28468 -6.088715 -9.90511 -15.46309 -9.275382
19.89324 26.20625 -6.588245 -10.52451 -15.74564 -9.373744
22.21747 26.54764 -7.03452 -11.28679 -15.79341 -9.459187
23.93202 26.77849 -7.477044 -11.87313 -15.80814 -9.548661
25.58687 27.14824 -7.947735 -12.45338 -15.87887 -9.652244
27.46098 27.8727 -8.471478 -13.10394 -16.08918 -9.778052
29.57841 29.07106 -9.02876 -13.83408 -16.49149 -9.917915
31.67132 30.54248 -9.598682 -14.5567 -17.01164 -10.06844
33.92404 31.99431 -10.18617 -15.33898 -17.52092 -10.23702
36.22928 33.68054 -10.79557 -16.15878 -18.10055 -10.42855
38.1203 35.70606 -11.48686 -16.84859 -18.80506 -10.66685
40.11874 37.95173 -12.36762 -17.57377 -19.6078 -10.98977
43.54847 39.49521 -13.4354 -18.76198 -20.09824 -11.39011
47.69082 41.52607 -14.56085 -20.18675 -20.76483 -11.82275
55.70208 44.6829 -15.75909 -22.85186 -21.79154 -12.30006
60.40203 47.37046 -17.15455 -24.47475 -22.73186 -12.85463
65.07782 50.79521 -18.17578 -26.25359 -23.99488 -13.26777
