2.310007 1.012112 -0.2771809 -6.728554 -8.573707 -8.672546
4.122392 2.19952 -0.5363808 -6.103109 -8.198484 -8.513407
5.680239 3.519734 -0.9255765 -5.98917 -8.030947 -8.558453
7.192117 4.773213 -1.375326 -6.198232 -8.091326 -8.507591
8.743228 5.88496 -1.820996 -6.512587 -8.122579 -8.489934
10.51626 7.21849 -2.642259 -6.951573 -8.191117 -8.556876
12.50743 8.973092 -3.677935 -7.499824 -8.446438 -8.598446
14.75541 10.96517 -4.84481 -8.160729 -8.967914 -8.66849
17.49964 13.83919 -6.203127 -8.987229 -9.859049 -8.968637
20.77681 17.97513 -7.115428 -10.04609 -11.34621 -9.210284
24.84675 22.74792 -8.124318 -11.37438 -13.11909 -9.495702
31.55976 31.16929 -9.933196 -13.53222 -16.37678 -9.988875
30.72902 41.808 -11.46478 -13.38417 -20.63694 -10.32308
27.98095 46.31104 -12.02575 -12.72916 -22.65511 -10.45096
28.23032 50.28205 -11.74814 -12.93297 -24.43388 -10.06883
33.51264 74.07984 -12.65839 -14.65001 -34.24994 -10.18393
42.34327 112.3655 -14.22327 -17.51197 -50.03614 -10.70084
54.66523 42.79444 -15.57977 -21.67375 -20.83142 -11.14426
66.37786 33.03414 -15.51375 -25.77013 -16.70105 -11.08259
58.22305 31.39538 -16.32753 -23.59995 -16.10289 -11.33814
60.33884 34.91304 -17.83224 -24.63852 -17.36401 -11.82749
68.69126 43.8109 -19.99383 -27.41638 -20.71609 -12.54583
78.2794 56.63325 -21.84622 -30.62732 -25.74454 -13.13478
81.90104 65.85648 -23.27681 -31.89941 -29.49534 -13.68096
90.24209 68.29005 -24.8735 -34.89609 -30.25286 -14.45151
96.16555 77.52269 -26.63973 -37.47353 -33.17092 -15.40848
89.17791 90.39501 -30.15193 -35.47334 -37.82681 -17.10095
96.07501 100.8305 -37.02872 -37.87904 -42.08458 -20.0316
143.0106 84.25612 -44.40109 -53.21995 -34.32091 -22.99985
171.9614 102.4517 -48.32436 -62.92985 -40.76251 -24.80187
304.0512 142.5448 -52.90462 -105.4702 -53.61975 -27.09684
210.8005 133.3724 -61.80903 -76.4072 -52.82196 -30.6006
219.3789 163.8121 -51.87659 -84.95546 -65.67473 -26.90145
