1.276401 0.4440373 -0.1111922 -7.488979 -8.757118 -8.750843
2.254561 1.036213 -0.2531213 -6.605424 -8.463406 -8.627904
3.008475 1.642444 -0.4165715 -6.079133 -8.192097 -8.553074
3.622061 2.218031 -0.596213 -5.796539 -7.976791 -8.51105
4.153622 2.740285 -0.7943815 -5.64011 -7.793114 -8.47311
4.633468 3.221524 -1.026244 -5.550353 -7.601417 -8.42915
5.078282 3.673578 -1.310529 -5.503835 -7.408323 -8.3613
5.495868 4.091104 -1.638398 -5.489888 -7.23496 -8.255509
5.892398 4.478732 -1.986043 -5.493191 -7.074294 -8.121046
6.273182 4.83688 -2.317571 -5.519429 -6.938699 -8.002537
6.640135 5.166191 -2.629134 -5.562954 -6.818779 -7.910636
6.99518 5.466931 -2.93467 -5.619159 -6.707939 -7.819799
7.339183 5.744694 -3.239673 -5.687728 -6.623442 -7.700887
7.674816 6.012083 -3.527371 -5.774953 -6.583427 -7.60082
8.000306 6.268628 -3.79298 -5.869266 -6.565196 -7.515251
8.318369 6.514872 -4.04067 -5.963324 -6.560045 -7.430412
8.629604 6.749006 -4.276769 -6.053198 -6.560135 -7.345764
8.935324 6.972889 -4.505104 -6.142905 -6.565592 -7.272055
9.239713 7.19048 -4.722909 -6.239267 -6.578934 -7.215536
9.543076 7.404785 -4.932874 -6.345049 -6.600577 -7.167617
9.847916 7.61631 -5.137212 -6.460922 -6.627417 -7.128192
10.14954 7.820102 -5.336502 -6.577101 -6.643266 -7.087369
10.447 8.016124 -5.530598 -6.69179 -6.651424 -7.045439
10.74077 8.205535 -5.719406 -6.806989 -6.65525 -7.011824
11.03269 8.391044 -5.905585 -6.924268 -6.659618 -6.992146
11.32672 8.570959 -6.090556 -7.047037 -6.663582 -6.991273
11.62116 8.745817 -6.274106 -7.173878 -6.666979 -7.006919
11.91389 8.920062 -6.455933 -7.301324 -6.67373 -7.033735
12.2053 9.089052 -6.635604 -7.428237 -6.680986 -7.068682
12.49411 9.254112 -6.81342 -7.554423 -6.685866 -7.111937
12.78042 9.415533 -6.990762 -7.679439 -6.688819 -7.165234
13.06557 9.575415 -7.16614 -7.804404 -6.694203 -7.22299
13.3544 9.74198 -7.338467 -7.934622 -6.714577 -7.279763
