1.602528 1.473129 1.323674
1.589831 0.7407452 0.2781945
1.57262 0.975602 -0.5065718
1.727731 0.2508622 -0.0965892
1.727731 0.2508622 -0.0965892
1.727731 0.2508622 -0.0965892
1.727894 0.8355884 -0.2401888
1.727894 0.8355884 -0.2401888
1.727894 0.8355884 -0.2401888
1.974295 0.9862684 -0.7637711
1.974295 0.9862684 -0.7637711
1.974295 0.9862684 -0.7637711
2.086828 1.308624 -0.6396817
2.086828 1.308624 -0.6396817
2.086828 1.308624 -0.6396817
2.223807 1.401098 -0.6701658
1.947401 0.8740908 -0.9981315
1.784689 1.367704 -0.7486773
1.905584 1.505123 -0.7791811
2.143742 1.715647 -0.4731558
2.12287 1.898303 -0.5998471
2.233748 2.050463 -0.7113216
2.078391 1.524065 -1.206112
2.078391 1.524065 -1.206112
2.168046 1.657732 -1.305737
2.168046 1.657732 -1.305737
2.168046 1.657732 -1.305737
2.25728 1.939876 -1.225901
2.053269 1.620688 -0.5333494
2.053269 1.620688 -0.5333494
2.130744 1.7674 -0.6278784
2.130744 1.7674 -0.6278784
2.147754 1.95702 -0.6043045
2.158265 1.890692 -0.9852847
2.158265 1.890692 -0.9852847
2.158265 1.890692 -0.9852847
2.246364 2.039742 -1.083537
2.246364 2.039742 -1.083537
2.246364 2.039742 -1.083537
2.3634 2.162495 -1.202022
2.3634 2.162495 -1.202022
2.3634 2.162495 -1.202022
2.309388 2.176167 -1.291231
2.309388 2.176167 -1.291231
2.309388 2.176167 -1.291231
2.212245 2.179503 -1.31989
2.582537 1.894764 -1.79705
2.57767 2.329119 -1.380933
2.566044 2.391514 -1.396947
2.566044 2.391514 -1.396947
2.566044 2.391514 -1.396947
2.613351 2.431136 -1.465469
2.613351 2.431136 -1.465469
2.613351 2.431136 -1.465469
2.623829 2.336725 -1.516436
2.589931 2.349203 -1.879136
2.441883 2.168938 -1.31854
2.445509 2.095123 -1.372284
2.445509 2.095123 -1.372284
2.445509 2.095123 -1.372284
2.370795 1.894301 -1.483255
2.370795 1.894301 -1.483255
2.370795 1.894301 -1.483255
2.298225 1.938078 -1.531984
2.298225 1.938078 -1.531984
2.471326 2.209824 -1.284256
2.515097 2.298944 -1.360717
2.515097 2.298944 -1.360717
2.170208 2.162269 -0.8612894
2.505198 2.307063 -1.604831
2.505198 2.307063 -1.604831
2.505198 2.307063 -1.604831
2.541636 2.327825 -1.676791
2.541636 2.327825 -1.676791
2.541636 2.327825 -1.676791
2.540368 2.344957 -1.717948
2.540368 2.344957 -1.717948
2.540368 2.344957 -1.717948
2.538394 2.410958 -1.74422
2.538394 2.410958 -1.74422
2.538394 2.410958 -1.74422
2.54883 2.452189 -1.787997
2.624701 2.117788 -1.749455
2.624701 2.117788 -1.749455
2.569661 2.137579 -1.843846
2.569661 2.137579 -1.843846
2.569661 2.137579 -1.843846
2.563341 2.160394 -1.892866
2.563341 2.160394 -1.892866
2.563341 2.160394 -1.892866
2.763041 2.394561 -1.961796
2.763041 2.394561 -1.961796
2.763041 2.394561 -1.961796
2.793834 2.470454 -1.961856
2.793834 2.470454 -1.961856
2.793834 2.470454 -1.961856
2.914681 2.612223 -1.971604
2.914681 2.612223 -1.971604
2.914681 2.612223 -1.971604
