0.1829152 0.3530601 -0.4502426
0.1829152 0.3530601 -0.4502426
0.5516349 -0.4797559 1.372866
0.5516349 -0.4797559 1.372866
0.5516349 -0.4797559 1.372866
0.5516349 -0.4797559 1.372866
1.649301 0.5260667 1.456928
1.649301 0.5260667 1.456928
1.649301 0.5260667 1.456928
1.649301 0.5260667 1.456928
1.649301 0.5260667 1.456928
1.730753 0.6104388 1.012836
1.730753 0.6104388 1.012836
1.730753 0.6104388 1.012836
1.730753 0.6104388 1.012836
1.730753 0.6104388 1.012836
1.730753 0.6104388 1.012836
1.730753 0.6104388 1.012836
1.730753 0.6104388 1.012836
1.730753 0.6104388 1.012836
1.730753 0.6104388 1.012836
1.730753 0.6104388 1.012836
1.730753 0.6104388 1.012836
1.340125 1.353173 -0.0801327
1.340125 1.353173 -0.0801327
1.340125 1.353173 -0.0801327
1.340125 1.353173 -0.0801327
1.340125 1.353173 -0.0801327
1.316378 0.637551 -1.072804
1.316378 0.637551 -1.072804
1.316378 0.637551 -1.072804
1.316378 0.637551 -1.072804
1.316378 0.637551 -1.072804
1.316378 0.637551 -1.072804
1.316378 0.637551 -1.072804
1.316378 0.637551 -1.072804
1.316378 0.637551 -1.072804
1.700696 0.8385441 0.3677851
1.700696 0.8385441 0.3677851
1.700696 0.8385441 0.3677851
1.700696 0.8385441 0.3677851
1.700696 0.8385441 0.3677851
1.700696 0.8385441 0.3677851
1.700696 0.8385441 0.3677851
1.700696 0.8385441 0.3677851
1.700696 0.8385441 0.3677851
1.524997 0.795314 -0.5732361
1.524997 0.795314 -0.5732361
1.524997 0.795314 -0.5732361
1.524997 0.795314 -0.5732361
1.524997 0.795314 -0.5732361
1.524997 0.795314 -0.5732361
1.524997 0.795314 -0.5732361
1.524997 0.795314 -0.5732361
1.524997 0.795314 -0.5732361
1.524997 0.795314 -0.5732361
1.524997 0.795314 -0.5732361
1.524997 0.795314 -0.5732361
1.524997 0.795314 -0.5732361
1.524997 0.795314 -0.5732361
1.524997 0.795314 -0.5732361
1.524997 0.795314 -0.5732361
1.524997 0.795314 -0.5732361
1.524997 0.795314 -0.5732361
1.524997 0.795314 -0.5732361
1.524997 0.795314 -0.5732361
1.524997 0.795314 -0.5732361
1.524997 0.795314 -0.5732361
1.524997 0.795314 -0.5732361
1.524997 0.795314 -0.5732361
1.524997 0.795314 -0.5732361
1.524997 0.795314 -0.5732361
1.524997 0.795314 -0.5732361
1.524997 0.795314 -0.5732361
1.524997 0.795314 -0.5732361
1.524997 0.795314 -0.5732361
1.524997 0.795314 -0.5732361
1.524997 0.795314 -0.5732361
1.524997 0.795314 -0.5732361
1.524997 0.795314 -0.5732361
1.524997 0.795314 -0.5732361
1.524997 0.795314 -0.5732361
1.524997 0.795314 -0.5732361
1.524997 0.795314 -0.5732361
1.524997 0.795314 -0.5732361
1.524997 0.795314 -0.5732361
1.524997 0.795314 -0.5732361
1.524997 0.795314 -0.5732361
1.524997 0.795314 -0.5732361
1.524997 0.795314 -0.5732361
1.524997 0.795314 -0.5732361
1.524997 0.795314 -0.5732361
1.524997 0.795314 -0.5732361
1.524997 0.795314 -0.5732361
1.524997 0.795314 -0.5732361
1.524997 0.795314 -0.5732361
1.524997 0.795314 -0.5732361
1.524997 0.795314 -0.5732361
1.524997 0.795314 -0.5732361
1.524997 0.795314 -0.5732361
1.524997 0.795314 -0.5732361
1.524997 0.795314 -0.5732361
1.524997 0.795314 -0.5732361
1.524997 0.795314 -0.5732361
1.524997 0.795314 -0.5732361
1.524997 0.795314 -0.5732361
1.524997 0.795314 -0.5732361
1.524997 0.795314 -0.5732361
1.524997 0.795314 -0.5732361
1.524997 0.795314 -0.5732361
1.524997 0.795314 -0.5732361
1.524997 0.795314 -0.5732361
1.524997 0.795314 -0.5732361
1.524997 0.795314 -0.5732361
1.524997 0.795314 -0.5732361
1.524997 0.795314 -0.5732361
1.524997 0.795314 -0.5732361
1.524997 0.795314 -0.5732361
1.524997 0.795314 -0.5732361
1.524997 0.795314 -0.5732361
2.045261 0.9086988 -0.6150414
2.045261 0.9086988 -0.6150414
2.045261 0.9086988 -0.6150414
2.045261 0.9086988 -0.6150414
2.045261 0.9086988 -0.6150414
2.045261 0.9086988 -0.6150414
1.059423 0.935939 0.3314201
1.059423 0.935939 0.3314201
1.059423 0.935939 0.3314201
1.290277 1.438444 0.2210588
1.557537 1.511682 -0.457559
1.438442 1.086442 -0.3858765
1.438442 1.086442 -0.3858765
1.438442 1.086442 -0.3858765
1.438442 1.086442 -0.3858765
1.438442 1.086442 -0.3858765
1.438442 1.086442 -0.3858765
1.438442 1.086442 -0.3858765
1.438442 1.086442 -0.3858765
1.438442 1.086442 -0.3858765
1.438442 1.086442 -0.3858765
1.438442 1.086442 -0.3858765
1.438442 1.086442 -0.3858765
1.438442 1.086442 -0.3858765
1.438442 1.086442 -0.3858765
1.438442 1.086442 -0.3858765
1.438442 1.086442 -0.3858765
1.438442 1.086442 -0.3858765
1.438442 1.086442 -0.3858765
1.438442 1.086442 -0.3858765
1.438442 1.086442 -0.3858765
1.438442 1.086442 -0.3858765
1.438442 1.086442 -0.3858765
1.438442 1.086442 -0.3858765
1.438442 1.086442 -0.3858765
1.438442 1.086442 -0.3858765
1.438442 1.086442 -0.3858765
1.438442 1.086442 -0.3858765
1.438442 1.086442 -0.3858765
1.438442 1.086442 -0.3858765
1.438442 1.086442 -0.3858765
1.438442 1.086442 -0.3858765
1.438442 1.086442 -0.3858765
1.438442 1.086442 -0.3858765
1.438442 1.086442 -0.3858765
1.438442 1.086442 -0.3858765
1.438442 1.086442 -0.3858765
1.438442 1.086442 -0.3858765
1.438442 1.086442 -0.3858765
1.438442 1.086442 -0.3858765
1.438442 1.086442 -0.3858765
1.438442 1.086442 -0.3858765
1.438442 1.086442 -0.3858765
1.235751 0.7605262 -0.1174326
1.235751 0.7605262 -0.1174326
1.235751 0.7605262 -0.1174326
1.235751 0.7605262 -0.1174326
1.235751 0.7605262 -0.1174326
1.235751 0.7605262 -0.1174326
1.235751 0.7605262 -0.1174326
1.564485 0.9008345 -0.1328343
1.564485 0.9008345 -0.1328343
1.564485 0.9008345 -0.1328343
1.564485 0.9008345 -0.1328343
1.564485 0.9008345 -0.1328343
1.564485 0.9008345 -0.1328343
1.564485 0.9008345 -0.1328343
1.564485 0.9008345 -0.1328343
1.564485 0.9008345 -0.1328343
1.564485 0.9008345 -0.1328343
1.564485 0.9008345 -0.1328343
1.564485 0.9008345 -0.1328343
1.564485 0.9008345 -0.1328343
1.564485 0.9008345 -0.1328343
1.564485 0.9008345 -0.1328343
1.564485 0.9008345 -0.1328343
1.564485 0.9008345 -0.1328343
1.564485 0.9008345 -0.1328343
1.564485 0.9008345 -0.1328343
1.564485 0.9008345 -0.1328343
1.564485 0.9008345 -0.1328343
1.564485 0.9008345 -0.1328343
1.564485 0.9008345 -0.1328343
1.564485 0.9008345 -0.1328343
1.564485 0.9008345 -0.1328343
1.564485 0.9008345 -0.1328343
1.564485 0.9008345 -0.1328343
1.564485 0.9008345 -0.1328343
1.564485 0.9008345 -0.1328343
1.564485 0.9008345 -0.1328343
1.564485 0.9008345 -0.1328343
1.564485 0.9008345 -0.1328343
1.564485 0.9008345 -0.1328343
1.564485 0.9008345 -0.1328343
1.564485 0.9008345 -0.1328343
1.564485 0.9008345 -0.1328343
1.564485 0.9008345 -0.1328343
1.564485 0.9008345 -0.1328343
1.564485 0.9008345 -0.1328343
1.564485 0.9008345 -0.1328343
1.564485 0.9008345 -0.1328343
1.564485 0.9008345 -0.1328343
1.564485 0.9008345 -0.1328343
1.564485 0.9008345 -0.1328343
1.564485 0.9008345 -0.1328343
1.564485 0.9008345 -0.1328343
1.564485 0.9008345 -0.1328343
1.564485 0.9008345 -0.1328343
1.564485 0.9008345 -0.1328343
1.564485 0.9008345 -0.1328343
1.564485 0.9008345 -0.1328343
1.564485 0.9008345 -0.1328343
1.564485 0.9008345 -0.1328343
1.564485 0.9008345 -0.1328343
1.564485 0.9008345 -0.1328343
1.564485 0.9008345 -0.1328343
1.564485 0.9008345 -0.1328343
1.564485 0.9008345 -0.1328343
1.564485 0.9008345 -0.1328343
1.564485 0.9008345 -0.1328343
1.808731 1.046546 -0.1696002
1.808731 1.046546 -0.1696002
1.808731 1.046546 -0.1696002
1.808731 1.046546 -0.1696002
1.808731 1.046546 -0.1696002
1.808731 1.046546 -0.1696002
1.808731 1.046546 -0.1696002
1.808731 1.046546 -0.1696002
1.808731 1.046546 -0.1696002
1.808731 1.046546 -0.1696002
1.808731 1.046546 -0.1696002
1.808731 1.046546 -0.1696002
1.808731 1.046546 -0.1696002
1.808731 1.046546 -0.1696002
1.808731 1.046546 -0.1696002
1.808731 1.046546 -0.1696002
1.808731 1.046546 -0.1696002
1.808731 1.046546 -0.1696002
1.808731 1.046546 -0.1696002
1.808731 1.046546 -0.1696002
1.808731 1.046546 -0.1696002
1.808731 1.046546 -0.1696002
1.808731 1.046546 -0.1696002
1.808731 1.046546 -0.1696002
1.808731 1.046546 -0.1696002
1.808731 1.046546 -0.1696002
1.808731 1.046546 -0.1696002
1.808731 1.046546 -0.1696002
1.808731 1.046546 -0.1696002
1.808731 1.046546 -0.1696002
1.808731 1.046546 -0.1696002
1.808731 1.046546 -0.1696002
1.808731 1.046546 -0.1696002
1.808731 1.046546 -0.1696002
1.808731 1.046546 -0.1696002
1.808731 1.046546 -0.1696002
1.808731 1.046546 -0.1696002
1.808731 1.046546 -0.1696002
1.808731 1.046546 -0.1696002
1.808731 1.046546 -0.1696002
1.808731 1.046546 -0.1696002
1.808731 1.046546 -0.1696002
1.808731 1.046546 -0.1696002
1.808731 1.046546 -0.1696002
1.808731 1.046546 -0.1696002
1.808731 1.046546 -0.1696002
1.808731 1.046546 -0.1696002
1.808731 1.046546 -0.1696002
1.808731 1.046546 -0.1696002
1.808731 1.046546 -0.1696002
1.808731 1.046546 -0.1696002
1.581669 0.7192352 0.1153802
1.581669 0.7192352 0.1153802
1.581669 0.7192352 0.1153802
1.581669 0.7192352 0.1153802
1.581669 0.7192352 0.1153802
1.581669 0.7192352 0.1153802
1.581669 0.7192352 0.1153802
1.581669 0.7192352 0.1153802
1.581669 0.7192352 0.1153802
1.749344 0.8448785 0.06514433
1.749344 0.8448785 0.06514433
1.749344 0.8448785 0.06514433
1.749344 0.8448785 0.06514433
1.749344 0.8448785 0.06514433
1.749344 0.8448785 0.06514433
1.867148 0.8257514 -0.6722913
1.867148 0.8257514 -0.6722913
1.867148 0.8257514 -0.6722913
1.867148 0.8257514 -0.6722913
1.867148 0.8257514 -0.6722913
1.867148 0.8257514 -0.6722913
1.867148 0.8257514 -0.6722913
1.867148 0.8257514 -0.6722913
1.729698 1.64735 -0.4883446
1.729698 1.64735 -0.4883446
1.729698 1.64735 -0.4883446
1.729698 1.64735 -0.4883446
1.729698 1.64735 -0.4883446
1.729698 1.64735 -0.4883446
1.729698 1.64735 -0.4883446
1.729698 1.64735 -0.4883446
1.729698 1.64735 -0.4883446
1.729698 1.64735 -0.4883446
1.729698 1.64735 -0.4883446
1.729698 1.64735 -0.4883446
1.729698 1.64735 -0.4883446
1.729698 1.64735 -0.4883446
1.729698 1.64735 -0.4883446
1.729698 1.64735 -0.4883446
1.729698 1.64735 -0.4883446
1.729698 1.64735 -0.4883446
1.729698 1.64735 -0.4883446
1.729698 1.64735 -0.4883446
1.729698 1.64735 -0.4883446
1.729698 1.64735 -0.4883446
1.729698 1.64735 -0.4883446
1.729698 1.64735 -0.4883446
1.729698 1.64735 -0.4883446
1.729698 1.64735 -0.4883446
1.729698 1.64735 -0.4883446
1.729698 1.64735 -0.4883446
1.729698 1.64735 -0.4883446
1.729698 1.64735 -0.4883446
1.729698 1.64735 -0.4883446
1.729698 1.64735 -0.4883446
1.729698 1.64735 -0.4883446
1.729698 1.64735 -0.4883446
1.729698 1.64735 -0.4883446
1.729698 1.64735 -0.4883446
1.729698 1.64735 -0.4883446
1.729698 1.64735 -0.4883446
1.729698 1.64735 -0.4883446
1.729698 1.64735 -0.4883446
1.729698 1.64735 -0.4883446
1.729698 1.64735 -0.4883446
1.729698 1.64735 -0.4883446
1.729698 1.64735 -0.4883446
1.729698 1.64735 -0.4883446
1.729698 1.64735 -0.4883446
1.86382 1.761019 -0.5412295
1.86382 1.761019 -0.5412295
1.86382 1.761019 -0.5412295
1.86382 1.761019 -0.5412295
1.86382 1.761019 -0.5412295
1.86382 1.761019 -0.5412295
1.86382 1.761019 -0.5412295
1.86382 1.761019 -0.5412295
1.86382 1.761019 -0.5412295
1.86382 1.761019 -0.5412295
1.86382 1.761019 -0.5412295
1.86382 1.761019 -0.5412295
1.86382 1.761019 -0.5412295
1.86382 1.761019 -0.5412295
1.86382 1.761019 -0.5412295
1.86382 1.761019 -0.5412295
1.86382 1.761019 -0.5412295
1.86382 1.761019 -0.5412295
1.86382 1.761019 -0.5412295
1.86382 1.761019 -0.5412295
1.86382 1.761019 -0.5412295
1.86382 1.761019 -0.5412295
1.86382 1.761019 -0.5412295
1.86382 1.761019 -0.5412295
1.86382 1.761019 -0.5412295
1.86382 1.761019 -0.5412295
1.86382 1.761019 -0.5412295
1.86382 1.761019 -0.5412295
1.86382 1.761019 -0.5412295
1.86382 1.761019 -0.5412295
1.86382 1.761019 -0.5412295
1.86382 1.761019 -0.5412295
1.86382 1.761019 -0.5412295
1.86382 1.761019 -0.5412295
1.86382 1.761019 -0.5412295
1.86382 1.761019 -0.5412295
1.86382 1.761019 -0.5412295
1.86382 1.761019 -0.5412295
1.86382 1.761019 -0.5412295
1.86382 1.761019 -0.5412295
1.86382 1.761019 -0.5412295
1.86382 1.761019 -0.5412295
1.86382 1.761019 -0.5412295
1.86382 1.761019 -0.5412295
1.86382 1.761019 -0.5412295
1.86382 1.761019 -0.5412295
1.86382 1.761019 -0.5412295
1.86382 1.761019 -0.5412295
1.86382 1.761019 -0.5412295
1.86382 1.761019 -0.5412295
1.86382 1.761019 -0.5412295
1.878061 1.683528 -0.9539024
1.878061 1.683528 -0.9539024
1.878061 1.683528 -0.9539024
1.878061 1.683528 -0.9539024
1.878061 1.683528 -0.9539024
1.878061 1.683528 -0.9539024
1.611344 1.256983 -0.8998384
1.611344 1.256983 -0.8998384
1.611344 1.256983 -0.8998384
1.743013 1.37205 -0.9827811
1.743013 1.37205 -0.9827811
1.743013 1.37205 -0.9827811
1.743013 1.37205 -0.9827811
1.743013 1.37205 -0.9827811
1.743013 1.37205 -0.9827811
1.743013 1.37205 -0.9827811
1.743013 1.37205 -0.9827811
1.743013 1.37205 -0.9827811
1.743013 1.37205 -0.9827811
1.743013 1.37205 -0.9827811
1.743013 1.37205 -0.9827811
1.743013 1.37205 -0.9827811
1.743013 1.37205 -0.9827811
1.743013 1.37205 -0.9827811
1.743013 1.37205 -0.9827811
1.743013 1.37205 -0.9827811
1.743013 1.37205 -0.9827811
1.743013 1.37205 -0.9827811
1.743013 1.37205 -0.9827811
1.743013 1.37205 -0.9827811
1.743013 1.37205 -0.9827811
1.743013 1.37205 -0.9827811
1.743013 1.37205 -0.9827811
1.743013 1.37205 -0.9827811
1.743013 1.37205 -0.9827811
1.743013 1.37205 -0.9827811
1.743013 1.37205 -0.9827811
1.880701 1.635893 -0.6649843
1.880701 1.635893 -0.6649843
1.880701 1.635893 -0.6649843
1.880701 1.635893 -0.6649843
1.880701 1.635893 -0.6649843
1.880701 1.635893 -0.6649843
1.880701 1.635893 -0.6649843
1.880701 1.635893 -0.6649843
1.880701 1.635893 -0.6649843
1.880701 1.635893 -0.6649843
1.880701 1.635893 -0.6649843
1.880701 1.635893 -0.6649843
1.880701 1.635893 -0.6649843
1.880701 1.635893 -0.6649843
1.880701 1.635893 -0.6649843
1.880701 1.635893 -0.6649843
1.880701 1.635893 -0.6649843
1.880701 1.635893 -0.6649843
1.880701 1.635893 -0.6649843
1.880701 1.635893 -0.6649843
1.880701 1.635893 -0.6649843
1.880701 1.635893 -0.6649843
1.880701 1.635893 -0.6649843
1.880701 1.635893 -0.6649843
1.880701 1.635893 -0.6649843
1.880701 1.635893 -0.6649843
1.880701 1.635893 -0.6649843
1.880701 1.635893 -0.6649843
1.880701 1.635893 -0.6649843
1.880701 1.635893 -0.6649843
1.880701 1.635893 -0.6649843
1.880701 1.635893 -0.6649843
1.995275 1.751883 -0.7716248
1.995275 1.751883 -0.7716248
1.995275 1.751883 -0.7716248
1.995275 1.751883 -0.7716248
1.995275 1.751883 -0.7716248
1.995275 1.751883 -0.7716248
1.995275 1.751883 -0.7716248
1.995275 1.751883 -0.7716248
1.995275 1.751883 -0.7716248
1.995275 1.751883 -0.7716248
1.995275 1.751883 -0.7716248
1.995275 1.751883 -0.7716248
1.995275 1.751883 -0.7716248
1.995275 1.751883 -0.7716248
1.995275 1.751883 -0.7716248
1.995275 1.751883 -0.7716248
1.995275 1.751883 -0.7716248
1.995275 1.751883 -0.7716248
1.995275 1.751883 -0.7716248
1.995275 1.751883 -0.7716248
1.995275 1.751883 -0.7716248
1.995275 1.751883 -0.7716248
1.995275 1.751883 -0.7716248
1.995275 1.751883 -0.7716248
1.995275 1.751883 -0.7716248
1.995275 1.751883 -0.7716248
1.995275 1.751883 -0.7716248
1.995275 1.751883 -0.7716248
1.995275 1.751883 -0.7716248
1.995275 1.751883 -0.7716248
1.995275 1.751883 -0.7716248
1.995275 1.751883 -0.7716248
1.995275 1.751883 -0.7716248
1.995275 1.751883 -0.7716248
1.995275 1.751883 -0.7716248
1.995275 1.751883 -0.7716248
1.995275 1.751883 -0.7716248
1.995275 1.751883 -0.7716248
1.995275 1.751883 -0.7716248
1.995275 1.751883 -0.7716248
1.995275 1.751883 -0.7716248
1.995275 1.751883 -0.7716248
1.995275 1.751883 -0.7716248
1.995275 1.751883 -0.7716248
1.995275 1.751883 -0.7716248
1.995275 1.751883 -0.7716248
1.995275 1.751883 -0.7716248
1.995275 1.751883 -0.7716248
1.995275 1.751883 -0.7716248
1.995275 1.751883 -0.7716248
1.995275 1.751883 -0.7716248
1.995275 1.751883 -0.7716248
1.995275 1.751883 -0.7716248
1.995275 1.751883 -0.7716248
1.995275 1.751883 -0.7716248
1.995275 1.751883 -0.7716248
1.995275 1.751883 -0.7716248
1.995275 1.751883 -0.7716248
1.995275 1.751883 -0.7716248
2.21911 1.410591 -1.494602
2.320843 1.502256 -1.606237
2.320843 1.502256 -1.606237
2.320843 1.502256 -1.606237
2.320843 1.502256 -1.606237
2.320843 1.502256 -1.606237
2.320843 1.502256 -1.606237
2.108368 1.790666 -1.286487
2.108368 1.790666 -1.286487
2.108368 1.790666 -1.286487
2.108368 1.790666 -1.286487
2.108368 1.790666 -1.286487
2.108368 1.790666 -1.286487
2.108368 1.790666 -1.286487
2.108368 1.790666 -1.286487
2.108368 1.790666 -1.286487
2.108368 1.790666 -1.286487
2.108368 1.790666 -1.286487
2.108368 1.790666 -1.286487
2.108368 1.790666 -1.286487
2.108368 1.790666 -1.286487
2.108368 1.790666 -1.286487
2.108368 1.790666 -1.286487
2.108368 1.790666 -1.286487
2.108368 1.790666 -1.286487
2.108368 1.790666 -1.286487
2.108368 1.790666 -1.286487
2.108368 1.790666 -1.286487
2.108368 1.790666 -1.286487
2.108368 1.790666 -1.286487
2.108368 1.790666 -1.286487
2.108368 1.790666 -1.286487
2.108368 1.790666 -1.286487
2.108368 1.790666 -1.286487
2.108368 1.790666 -1.286487
2.108368 1.790666 -1.286487
2.108368 1.790666 -1.286487
2.108368 1.790666 -1.286487
2.108368 1.790666 -1.286487
2.108368 1.790666 -1.286487
2.108368 1.790666 -1.286487
2.108368 1.790666 -1.286487
2.108368 1.790666 -1.286487
2.108368 1.790666 -1.286487
2.108368 1.790666 -1.286487
2.108368 1.790666 -1.286487
2.108368 1.790666 -1.286487
2.108368 1.790666 -1.286487
2.108368 1.790666 -1.286487
2.108368 1.790666 -1.286487
2.108368 1.790666 -1.286487
2.108368 1.790666 -1.286487
2.108368 1.790666 -1.286487
2.108368 1.790666 -1.286487
2.108368 1.790666 -1.286487
2.108368 1.790666 -1.286487
2.108368 1.790666 -1.286487
2.108368 1.790666 -1.286487
2.108368 1.790666 -1.286487
2.108368 1.790666 -1.286487
2.108368 1.790666 -1.286487
2.214194 1.868525 -1.397502
2.214194 1.868525 -1.397502
2.214194 1.868525 -1.397502
2.214194 1.868525 -1.397502
2.214194 1.868525 -1.397502
2.214194 1.868525 -1.397502
1.944071 2.299732 -0.8268823
1.944071 2.299732 -0.8268823
1.944071 2.299732 -0.8268823
1.944071 2.299732 -0.8268823
1.944071 2.299732 -0.8268823
1.944071 2.299732 -0.8268823
1.944071 2.299732 -0.8268823
1.944071 2.299732 -0.8268823
1.944071 2.299732 -0.8268823
1.944071 2.299732 -0.8268823
1.973025 1.499486 -1.320996
1.973025 1.499486 -1.320996
1.973025 1.499486 -1.320996
1.973025 1.499486 -1.320996
1.973025 1.499486 -1.320996
1.973025 1.499486 -1.320996
1.973025 1.499486 -1.320996
1.973025 1.499486 -1.320996
1.973025 1.499486 -1.320996
1.973025 1.499486 -1.320996
1.973025 1.499486 -1.320996
1.973025 1.499486 -1.320996
1.973025 1.499486 -1.320996
1.973025 1.499486 -1.320996
1.973025 1.499486 -1.320996
1.973025 1.499486 -1.320996
1.973025 1.499486 -1.320996
1.973025 1.499486 -1.320996
2.086225 1.901321 -1.063729
2.086225 1.901321 -1.063729
2.086225 1.901321 -1.063729
2.086225 1.901321 -1.063729
2.086225 1.901321 -1.063729
2.086225 1.901321 -1.063729
2.086225 1.901321 -1.063729
2.086225 1.901321 -1.063729
2.086225 1.901321 -1.063729
2.086225 1.901321 -1.063729
2.086225 1.901321 -1.063729
2.086225 1.901321 -1.063729
2.086225 1.901321 -1.063729
2.086225 1.901321 -1.063729
2.086225 1.901321 -1.063729
2.086225 1.901321 -1.063729
2.086225 1.901321 -1.063729
2.086225 1.901321 -1.063729
2.086225 1.901321 -1.063729
2.086225 1.901321 -1.063729
2.086225 1.901321 -1.063729
2.086225 1.901321 -1.063729
2.086225 1.901321 -1.063729
2.086225 1.901321 -1.063729
2.086225 1.901321 -1.063729
2.086225 1.901321 -1.063729
2.181951 1.963696 -1.116656
2.181951 1.963696 -1.116656
2.181951 1.963696 -1.116656
2.181951 1.963696 -1.116656
2.181951 1.963696 -1.116656
2.181951 1.963696 -1.116656
2.181951 1.963696 -1.116656
2.181951 1.963696 -1.116656
2.181951 1.963696 -1.116656
2.181951 1.963696 -1.116656
2.181951 1.963696 -1.116656
2.181951 1.963696 -1.116656
2.181951 1.963696 -1.116656
2.181951 1.963696 -1.116656
2.181951 1.963696 -1.116656
2.181951 1.963696 -1.116656
2.181951 1.963696 -1.116656
2.181951 1.963696 -1.116656
2.181951 1.963696 -1.116656
2.181951 1.963696 -1.116656
2.181951 1.963696 -1.116656
2.181951 1.963696 -1.116656
2.181951 1.963696 -1.116656
2.181951 1.963696 -1.116656
2.181951 1.963696 -1.116656
2.181951 1.963696 -1.116656
2.181951 1.963696 -1.116656
2.181951 1.963696 -1.116656
2.181951 1.963696 -1.116656
2.181951 1.963696 -1.116656
2.181951 1.963696 -1.116656
2.181951 1.963696 -1.116656
2.181951 1.963696 -1.116656
2.181951 1.963696 -1.116656
2.181951 1.963696 -1.116656
2.181951 1.963696 -1.116656
2.070983 1.716194 -1.622064
2.070983 1.716194 -1.622064
2.070983 1.716194 -1.622064
2.070983 1.716194 -1.622064
2.070983 1.716194 -1.622064
2.070983 1.716194 -1.622064
2.070983 1.716194 -1.622064
2.070983 1.716194 -1.622064
2.157759 2.33486 -1.163161
2.157759 2.33486 -1.163161
2.157759 2.33486 -1.163161
2.157759 2.33486 -1.163161
2.157759 2.33486 -1.163161
2.157759 2.33486 -1.163161
2.157759 2.33486 -1.163161
2.157759 2.33486 -1.163161
2.157759 2.33486 -1.163161
2.157759 2.33486 -1.163161
2.157759 2.33486 -1.163161
2.157759 2.33486 -1.163161
2.157759 2.33486 -1.163161
2.157759 2.33486 -1.163161
2.157759 2.33486 -1.163161
2.157759 2.33486 -1.163161
2.262677 2.374623 -1.227622
2.262677 2.374623 -1.227622
2.262677 2.374623 -1.227622
2.262677 2.374623 -1.227622
2.262677 2.374623 -1.227622
2.262677 2.374623 -1.227622
2.262677 2.374623 -1.227622
2.262677 2.374623 -1.227622
2.262677 2.374623 -1.227622
2.262677 2.374623 -1.227622
2.262677 2.374623 -1.227622
2.262677 2.374623 -1.227622
2.262677 2.374623 -1.227622
2.262677 2.374623 -1.227622
2.262677 2.374623 -1.227622
2.262677 2.374623 -1.227622
2.262677 2.374623 -1.227622
2.262677 2.374623 -1.227622
2.262677 2.374623 -1.227622
2.262677 2.374623 -1.227622
2.262677 2.374623 -1.227622
2.262677 2.374623 -1.227622
2.262677 2.374623 -1.227622
2.262677 2.374623 -1.227622
2.262677 2.374623 -1.227622
2.262677 2.374623 -1.227622
2.262677 2.374623 -1.227622
2.262677 2.374623 -1.227622
2.262677 2.374623 -1.227622
2.262677 2.374623 -1.227622
2.037177 1.961863 -1.054417
2.037177 1.961863 -1.054417
2.037177 1.961863 -1.054417
2.037177 1.961863 -1.054417
2.037177 1.961863 -1.054417
2.037177 1.961863 -1.054417
2.037177 1.961863 -1.054417
2.037177 1.961863 -1.054417
2.037177 1.961863 -1.054417
2.037177 1.961863 -1.054417
2.037177 1.961863 -1.054417
2.037177 1.961863 -1.054417
2.037177 1.961863 -1.054417
2.037177 1.961863 -1.054417
2.037177 1.961863 -1.054417
2.037177 1.961863 -1.054417
2.037177 1.961863 -1.054417
2.037177 1.961863 -1.054417
2.037177 1.961863 -1.054417
2.037177 1.961863 -1.054417
2.037177 1.961863 -1.054417
2.037177 1.961863 -1.054417
2.037177 1.961863 -1.054417
2.037177 1.961863 -1.054417
2.037177 1.961863 -1.054417
2.037177 1.961863 -1.054417
2.037177 1.961863 -1.054417
2.037177 1.961863 -1.054417
2.037177 1.961863 -1.054417
2.037177 1.961863 -1.054417
2.19166 1.99529 -1.174907
2.19166 1.99529 -1.174907
2.19166 1.99529 -1.174907
2.19166 1.99529 -1.174907
2.19166 1.99529 -1.174907
2.19166 1.99529 -1.174907
2.19166 1.99529 -1.174907
2.19166 1.99529 -1.174907
2.19166 1.99529 -1.174907
2.19166 1.99529 -1.174907
2.19166 1.99529 -1.174907
2.19166 1.99529 -1.174907
2.19166 1.99529 -1.174907
2.19166 1.99529 -1.174907
2.19166 1.99529 -1.174907
2.19166 1.99529 -1.174907
2.19166 1.99529 -1.174907
2.19166 1.99529 -1.174907
2.19166 1.99529 -1.174907
2.19166 1.99529 -1.174907
2.19166 1.99529 -1.174907
2.19166 1.99529 -1.174907
2.19166 1.99529 -1.174907
2.19166 1.99529 -1.174907
2.19166 1.99529 -1.174907
2.19166 1.99529 -1.174907
2.19166 1.99529 -1.174907
2.19166 1.99529 -1.174907
2.19166 1.99529 -1.174907
2.19166 1.99529 -1.174907
2.19166 1.99529 -1.174907
2.19166 1.99529 -1.174907
2.19166 1.99529 -1.174907
2.19166 1.99529 -1.174907
2.19166 1.99529 -1.174907
2.19166 1.99529 -1.174907
2.19166 1.99529 -1.174907
2.19166 1.99529 -1.174907
2.19166 1.99529 -1.174907
2.19166 1.99529 -1.174907
2.19166 1.99529 -1.174907
2.19166 1.99529 -1.174907
2.19166 1.99529 -1.174907
2.19166 1.99529 -1.174907
2.19166 1.99529 -1.174907
2.19166 1.99529 -1.174907
2.19166 1.99529 -1.174907
2.19166 1.99529 -1.174907
2.19166 1.99529 -1.174907
2.19166 1.99529 -1.174907
2.19166 1.99529 -1.174907
2.19166 1.99529 -1.174907
2.19166 1.99529 -1.174907
2.19166 1.99529 -1.174907
2.19166 1.99529 -1.174907
2.19166 1.99529 -1.174907
2.19166 1.99529 -1.174907
2.19166 1.99529 -1.174907
2.19166 1.99529 -1.174907
2.19166 1.99529 -1.174907
2.156249 2.005728 -1.279017
2.156249 2.005728 -1.279017
2.156249 2.005728 -1.279017
2.156249 2.005728 -1.279017
2.156249 2.005728 -1.279017
2.156249 2.005728 -1.279017
2.156249 2.005728 -1.279017
2.156249 2.005728 -1.279017
2.156249 2.005728 -1.279017
2.156249 2.005728 -1.279017
2.156249 2.005728 -1.279017
2.156249 2.005728 -1.279017
2.156249 2.005728 -1.279017
2.156249 2.005728 -1.279017
2.156249 2.005728 -1.279017
2.156249 2.005728 -1.279017
2.156249 2.005728 -1.279017
2.156249 2.005728 -1.279017
2.156249 2.005728 -1.279017
2.156249 2.005728 -1.279017
2.156249 2.005728 -1.279017
2.156249 2.005728 -1.279017
2.156249 2.005728 -1.279017
2.156249 2.005728 -1.279017
2.156249 2.005728 -1.279017
2.156249 2.005728 -1.279017
2.156249 2.005728 -1.279017
2.156249 2.005728 -1.279017
2.156249 2.005728 -1.279017
2.156249 2.005728 -1.279017
2.156249 2.005728 -1.279017
2.156249 2.005728 -1.279017
2.156249 2.005728 -1.279017
2.156249 2.005728 -1.279017
2.156249 2.005728 -1.279017
2.156249 2.005728 -1.279017
2.156249 2.005728 -1.279017
2.156249 2.005728 -1.279017
2.156249 2.005728 -1.279017
2.156249 2.005728 -1.279017
2.156249 2.005728 -1.279017
2.156249 2.005728 -1.279017
2.156249 2.005728 -1.279017
2.156249 2.005728 -1.279017
2.156249 2.005728 -1.279017
2.156249 2.005728 -1.279017
2.156249 2.005728 -1.279017
2.156249 2.005728 -1.279017
2.156249 2.005728 -1.279017
2.156249 2.005728 -1.279017
2.156249 2.005728 -1.279017
2.156249 2.005728 -1.279017
2.156249 2.005728 -1.279017
2.156249 2.005728 -1.279017
2.156249 2.005728 -1.279017
2.156249 2.005728 -1.279017
2.156249 2.005728 -1.279017
2.156249 2.005728 -1.279017
2.156249 2.005728 -1.279017
2.156249 2.005728 -1.279017
2.061034 2.006714 -1.31245
2.061034 2.006714 -1.31245
2.061034 2.006714 -1.31245
2.061034 2.006714 -1.31245
2.061034 2.006714 -1.31245
2.061034 2.006714 -1.31245
2.061034 2.006714 -1.31245
2.367061 2.289619 -1.483719
2.367061 2.289619 -1.483719
2.367061 2.289619 -1.483719
2.367061 2.289619 -1.483719
2.367061 2.289619 -1.483719
2.367061 2.289619 -1.483719
2.367061 2.289619 -1.483719
2.367061 2.289619 -1.483719
2.367061 2.289619 -1.483719
2.367061 2.289619 -1.483719
2.367061 2.289619 -1.483719
2.367061 2.289619 -1.483719
2.367061 2.289619 -1.483719
2.367061 2.289619 -1.483719
2.367061 2.289619 -1.483719
2.367061 2.289619 -1.483719
2.367061 2.289619 -1.483719
2.367061 2.289619 -1.483719
2.367061 2.289619 -1.483719
2.367061 2.289619 -1.483719
2.367061 2.289619 -1.483719
2.367061 2.289619 -1.483719
2.367061 2.289619 -1.483719
2.367061 2.289619 -1.483719
2.367061 2.289619 -1.483719
2.367061 2.289619 -1.483719
2.367061 2.289619 -1.483719
2.367061 2.289619 -1.483719
2.367061 2.289619 -1.483719
2.367061 2.289619 -1.483719
2.367061 2.289619 -1.483719
2.367061 2.289619 -1.483719
2.367061 2.289619 -1.483719
2.367061 2.289619 -1.483719
2.367061 2.289619 -1.483719
2.367061 2.289619 -1.483719
2.367061 2.289619 -1.483719
2.367061 2.289619 -1.483719
2.367061 2.289619 -1.483719
2.367061 2.289619 -1.483719
2.367061 2.289619 -1.483719
2.367061 2.289619 -1.483719
2.367061 2.289619 -1.483719
2.367061 2.289619 -1.483719
2.367061 2.289619 -1.483719
2.367061 2.289619 -1.483719
2.367061 2.289619 -1.483719
2.367061 2.289619 -1.483719
2.367061 2.289619 -1.483719
2.367061 2.289619 -1.483719
2.367061 2.289619 -1.483719
2.367061 2.289619 -1.483719
2.367061 2.289619 -1.483719
2.356758 2.293068 -1.501106
2.356758 2.293068 -1.501106
2.356758 2.293068 -1.501106
2.356758 2.293068 -1.501106
2.356758 2.293068 -1.501106
2.356758 2.293068 -1.501106
2.356758 2.293068 -1.501106
2.356758 2.293068 -1.501106
2.356758 2.293068 -1.501106
2.356758 2.293068 -1.501106
2.356758 2.293068 -1.501106
2.356758 2.293068 -1.501106
2.356758 2.293068 -1.501106
2.356758 2.293068 -1.501106
2.356758 2.293068 -1.501106
2.356758 2.293068 -1.501106
2.356758 2.293068 -1.501106
2.356758 2.293068 -1.501106
2.356758 2.293068 -1.501106
2.356758 2.293068 -1.501106
2.356758 2.293068 -1.501106
2.356758 2.293068 -1.501106
2.356758 2.293068 -1.501106
2.356758 2.293068 -1.501106
2.356758 2.293068 -1.501106
2.356758 2.293068 -1.501106
2.356758 2.293068 -1.501106
2.356758 2.293068 -1.501106
2.356758 2.293068 -1.501106
2.356758 2.293068 -1.501106
2.356758 2.293068 -1.501106
2.356758 2.293068 -1.501106
2.356758 2.293068 -1.501106
2.356758 2.293068 -1.501106
2.356758 2.293068 -1.501106
2.356758 2.293068 -1.501106
2.356758 2.293068 -1.501106
2.356758 2.293068 -1.501106
2.356758 2.293068 -1.501106
2.356758 2.293068 -1.501106
2.356758 2.293068 -1.501106
2.356758 2.293068 -1.501106
2.356758 2.293068 -1.501106
2.356758 2.293068 -1.501106
2.356758 2.293068 -1.501106
2.356758 2.293068 -1.501106
2.356758 2.293068 -1.501106
2.356758 2.293068 -1.501106
2.356758 2.293068 -1.501106
2.356758 2.293068 -1.501106
2.356758 2.293068 -1.501106
2.356758 2.293068 -1.501106
2.356758 2.293068 -1.501106
2.356758 2.293068 -1.501106
2.356758 2.293068 -1.501106
2.356758 2.293068 -1.501106
2.356758 2.293068 -1.501106
2.356758 2.293068 -1.501106
2.356758 2.293068 -1.501106
2.356758 2.293068 -1.501106
2.444202 2.295703 -1.564287
2.444202 2.295703 -1.564287
2.444202 2.295703 -1.564287
2.444202 2.295703 -1.564287
2.444202 2.295703 -1.564287
2.444202 2.295703 -1.564287
2.444202 2.295703 -1.564287
2.444202 2.295703 -1.564287
2.444202 2.295703 -1.564287
2.444202 2.295703 -1.564287
2.444202 2.295703 -1.564287
2.444202 2.295703 -1.564287
2.444202 2.295703 -1.564287
2.444202 2.295703 -1.564287
2.444202 2.295703 -1.564287
2.444202 2.295703 -1.564287
2.444202 2.295703 -1.564287
2.444202 2.295703 -1.564287
2.444202 2.295703 -1.564287
2.444202 2.295703 -1.564287
2.444202 2.295703 -1.564287
2.203018 1.736165 -1.271702
2.203018 1.736165 -1.271702
2.203018 1.736165 -1.271702
2.203018 1.736165 -1.271702
2.203018 1.736165 -1.271702
2.203018 1.736165 -1.271702
2.203018 1.736165 -1.271702
2.203018 1.736165 -1.271702
2.203018 1.736165 -1.271702
2.203018 1.736165 -1.271702
2.203018 1.736165 -1.271702
2.203018 1.736165 -1.271702
2.203018 1.736165 -1.271702
2.203018 1.736165 -1.271702
2.203018 1.736165 -1.271702
2.203018 1.736165 -1.271702
2.203018 1.736165 -1.271702
2.203018 1.736165 -1.271702
2.203018 1.736165 -1.271702
2.203018 1.736165 -1.271702
2.203018 1.736165 -1.271702
2.203018 1.736165 -1.271702
2.203018 1.736165 -1.271702
2.203018 1.736165 -1.271702
2.203018 1.736165 -1.271702
2.203018 1.736165 -1.271702
2.203018 1.736165 -1.271702
2.203018 1.736165 -1.271702
2.203018 1.736165 -1.271702
2.203018 1.736165 -1.271702
2.203018 1.736165 -1.271702
2.203018 1.736165 -1.271702
2.203018 1.736165 -1.271702
2.203018 1.736165 -1.271702
2.203018 1.736165 -1.271702
2.203018 1.736165 -1.271702
2.203018 1.736165 -1.271702
2.203018 1.736165 -1.271702
2.203018 1.736165 -1.271702
2.333559 1.749643 -1.343902
2.333559 1.749643 -1.343902
2.333559 1.749643 -1.343902
2.333559 1.749643 -1.343902
2.333559 1.749643 -1.343902
2.333559 1.749643 -1.343902
2.333559 1.749643 -1.343902
2.333559 1.749643 -1.343902
2.333559 1.749643 -1.343902
2.333559 1.749643 -1.343902
2.333559 1.749643 -1.343902
2.333559 1.749643 -1.343902
2.333559 1.749643 -1.343902
2.333559 1.749643 -1.343902
2.333559 1.749643 -1.343902
2.333559 1.749643 -1.343902
2.333559 1.749643 -1.343902
2.333559 1.749643 -1.343902
2.333559 1.749643 -1.343902
2.333559 1.749643 -1.343902
2.333559 1.749643 -1.343902
2.333559 1.749643 -1.343902
2.333559 1.749643 -1.343902
2.333559 1.749643 -1.343902
2.333559 1.749643 -1.343902
2.333559 1.749643 -1.343902
2.333559 1.749643 -1.343902
2.333559 1.749643 -1.343902
2.333559 1.749643 -1.343902
2.333559 1.749643 -1.343902
2.333559 1.749643 -1.343902
2.333559 1.749643 -1.343902
2.333559 1.749643 -1.343902
2.333559 1.749643 -1.343902
2.333559 1.749643 -1.343902
2.333559 1.749643 -1.343902
2.333559 1.749643 -1.343902
2.333559 1.749643 -1.343902
2.333559 1.749643 -1.343902
2.333559 1.749643 -1.343902
2.333559 1.749643 -1.343902
2.333559 1.749643 -1.343902
2.333559 1.749643 -1.343902
2.333559 1.749643 -1.343902
2.333559 1.749643 -1.343902
2.333559 1.749643 -1.343902
2.333559 1.749643 -1.343902
2.115265 1.759319 -1.441524
2.115265 1.759319 -1.441524
2.115265 1.759319 -1.441524
2.115265 1.759319 -1.441524
2.115265 1.759319 -1.441524
2.115265 1.759319 -1.441524
2.115265 1.759319 -1.441524
2.115265 1.759319 -1.441524
2.115265 1.759319 -1.441524
2.115265 1.759319 -1.441524
2.115265 1.759319 -1.441524
2.115265 1.759319 -1.441524
2.115265 1.759319 -1.441524
2.250126 1.773905 -1.502824
2.250126 1.773905 -1.502824
2.250126 1.773905 -1.502824
2.250126 1.773905 -1.502824
2.250126 1.773905 -1.502824
2.250126 1.773905 -1.502824
2.250126 1.773905 -1.502824
2.250126 1.773905 -1.502824
2.250126 1.773905 -1.502824
2.250126 1.773905 -1.502824
2.250126 1.773905 -1.502824
2.250126 1.773905 -1.502824
2.250126 1.773905 -1.502824
2.250126 1.773905 -1.502824
2.250126 1.773905 -1.502824
2.250126 1.773905 -1.502824
2.250126 1.773905 -1.502824
2.250126 1.773905 -1.502824
2.250126 1.773905 -1.502824
2.250126 1.773905 -1.502824
2.250126 1.773905 -1.502824
2.250126 1.773905 -1.502824
2.250126 1.773905 -1.502824
2.250126 1.773905 -1.502824
2.250126 1.773905 -1.502824
2.250126 1.773905 -1.502824
2.250126 1.773905 -1.502824
2.250126 1.773905 -1.502824
2.250126 1.773905 -1.502824
2.250126 1.773905 -1.502824
2.250126 1.773905 -1.502824
2.250126 1.773905 -1.502824
2.250126 1.773905 -1.502824
2.250126 1.773905 -1.502824
2.250126 1.773905 -1.502824
2.250126 1.773905 -1.502824
2.250126 1.773905 -1.502824
2.250126 1.773905 -1.502824
2.250126 1.773905 -1.502824
2.250126 1.773905 -1.502824
2.250126 1.773905 -1.502824
2.250126 1.773905 -1.502824
2.250126 1.773905 -1.502824
2.250126 1.773905 -1.502824
2.250126 1.773905 -1.502824
2.250126 1.773905 -1.502824
2.250126 1.773905 -1.502824
2.250126 1.773905 -1.502824
2.250126 1.773905 -1.502824
2.250126 1.773905 -1.502824
2.250126 1.773905 -1.502824
2.250126 1.773905 -1.502824
2.250126 1.773905 -1.502824
2.250126 1.773905 -1.502824
2.250126 1.773905 -1.502824
2.250126 1.773905 -1.502824
2.250126 1.773905 -1.502824
2.250126 1.773905 -1.502824
2.250126 1.773905 -1.502824
2.250126 1.773905 -1.502824
2.330669 1.797442 -1.503328
2.330669 1.797442 -1.503328
2.330669 1.797442 -1.503328
2.330669 1.797442 -1.503328
2.330669 1.797442 -1.503328
2.330669 1.797442 -1.503328
2.330669 1.797442 -1.503328
2.330669 1.797442 -1.503328
2.330669 1.797442 -1.503328
2.330669 1.797442 -1.503328
2.330669 1.797442 -1.503328
2.330669 1.797442 -1.503328
2.330669 1.797442 -1.503328
2.330669 1.797442 -1.503328
2.330669 1.797442 -1.503328
2.330669 1.797442 -1.503328
2.330669 1.797442 -1.503328
2.330669 1.797442 -1.503328
2.330669 1.797442 -1.503328
2.330669 1.797442 -1.503328
2.330669 1.797442 -1.503328
2.330669 1.797442 -1.503328
2.330669 1.797442 -1.503328
2.330669 1.797442 -1.503328
2.330669 1.797442 -1.503328
2.330669 1.797442 -1.503328
2.531455 2.252647 -1.75037
2.531455 2.252647 -1.75037
2.531455 2.252647 -1.75037
2.531455 2.252647 -1.75037
2.531455 2.252647 -1.75037
2.531455 2.252647 -1.75037
2.531455 2.252647 -1.75037
2.531455 2.252647 -1.75037
2.531455 2.252647 -1.75037
2.531455 2.252647 -1.75037
2.531455 2.252647 -1.75037
2.531455 2.252647 -1.75037
2.531455 2.252647 -1.75037
2.531455 2.252647 -1.75037
2.531455 2.252647 -1.75037
2.531455 2.252647 -1.75037
2.531455 2.252647 -1.75037
2.531455 2.252647 -1.75037
2.531455 2.252647 -1.75037
2.531455 2.252647 -1.75037
2.531455 2.252647 -1.75037
2.531455 2.252647 -1.75037
2.531455 2.252647 -1.75037
2.531455 2.252647 -1.75037
2.531455 2.252647 -1.75037
2.531455 2.252647 -1.75037
2.531455 2.252647 -1.75037
2.531455 2.252647 -1.75037
2.531455 2.252647 -1.75037
2.531455 2.252647 -1.75037
2.531455 2.252647 -1.75037
2.531455 2.252647 -1.75037
2.531455 2.252647 -1.75037
2.531455 2.252647 -1.75037
2.432634 2.258508 -1.782473
2.432634 2.258508 -1.782473
2.432634 2.258508 -1.782473
2.432634 2.258508 -1.782473
2.432634 2.258508 -1.782473
2.432634 2.258508 -1.782473
2.432634 2.258508 -1.782473
2.432634 2.258508 -1.782473
2.432634 2.258508 -1.782473
2.432634 2.258508 -1.782473
2.432634 2.258508 -1.782473
2.432634 2.258508 -1.782473
2.432634 2.258508 -1.782473
2.432634 2.258508 -1.782473
2.432634 2.258508 -1.782473
2.432634 2.258508 -1.782473
2.432634 2.258508 -1.782473
2.432634 2.258508 -1.782473
2.432634 2.258508 -1.782473
2.432634 2.258508 -1.782473
2.432634 2.258508 -1.782473
2.432634 2.258508 -1.782473
2.432634 2.258508 -1.782473
2.432634 2.258508 -1.782473
2.432634 2.258508 -1.782473
2.432634 2.258508 -1.782473
2.432634 2.258508 -1.782473
2.432634 2.258508 -1.782473
2.432634 2.258508 -1.782473
2.432634 2.258508 -1.782473
2.432634 2.258508 -1.782473
2.432634 2.258508 -1.782473
2.432634 2.258508 -1.782473
2.432634 2.258508 -1.782473
2.432634 2.258508 -1.782473
2.432634 2.258508 -1.782473
2.432634 2.258508 -1.782473
2.432634 2.258508 -1.782473
2.432634 2.258508 -1.782473
2.432634 2.258508 -1.782473
2.432634 2.258508 -1.782473
2.432634 2.258508 -1.782473
2.432634 2.258508 -1.782473
2.432634 2.258508 -1.782473
2.432634 2.258508 -1.782473
2.432634 2.258508 -1.782473
2.432634 2.258508 -1.782473
2.432634 2.258508 -1.782473
2.432634 2.258508 -1.782473
2.432634 2.258508 -1.782473
2.432634 2.258508 -1.782473
2.432634 2.258508 -1.782473
2.432634 2.258508 -1.782473
2.432634 2.258508 -1.782473
2.432634 2.258508 -1.782473
2.432634 2.258508 -1.782473
2.432634 2.258508 -1.782473
2.432634 2.258508 -1.782473
2.432634 2.258508 -1.782473
2.432634 2.258508 -1.782473
2.422221 2.282444 -1.833025
2.422221 2.282444 -1.833025
2.422221 2.282444 -1.833025
2.422221 2.282444 -1.833025
2.422221 2.282444 -1.833025
2.422221 2.282444 -1.833025
2.422221 2.282444 -1.833025
2.422221 2.282444 -1.833025
2.422221 2.282444 -1.833025
2.422221 2.282444 -1.833025
2.422221 2.282444 -1.833025
2.422221 2.282444 -1.833025
2.422221 2.282444 -1.833025
2.422221 2.282444 -1.833025
2.422221 2.282444 -1.833025
2.422221 2.282444 -1.833025
2.422221 2.282444 -1.833025
2.422221 2.282444 -1.833025
2.422221 2.282444 -1.833025
2.422221 2.282444 -1.833025
2.422221 2.282444 -1.833025
2.422221 2.282444 -1.833025
2.422221 2.282444 -1.833025
2.422221 2.282444 -1.833025
2.422221 2.282444 -1.833025
2.422221 2.282444 -1.833025
2.422221 2.282444 -1.833025
2.422221 2.282444 -1.833025
2.422221 2.282444 -1.833025
2.422221 2.282444 -1.833025
2.422221 2.282444 -1.833025
2.422221 2.282444 -1.833025
2.422221 2.282444 -1.833025
2.422221 2.282444 -1.833025
2.422221 2.282444 -1.833025
2.422221 2.282444 -1.833025
2.422221 2.282444 -1.833025
2.422221 2.282444 -1.833025
2.422221 2.282444 -1.833025
2.422221 2.282444 -1.833025
2.422221 2.282444 -1.833025
2.422221 2.282444 -1.833025
2.422221 2.282444 -1.833025
2.422221 2.282444 -1.833025
2.422221 2.282444 -1.833025
2.422221 2.282444 -1.833025
2.422221 2.282444 -1.833025
2.422221 2.282444 -1.833025
2.422221 2.282444 -1.833025
2.422221 2.282444 -1.833025
2.422221 2.282444 -1.833025
2.422221 2.282444 -1.833025
2.422221 2.282444 -1.833025
2.422221 2.282444 -1.833025
2.422221 2.282444 -1.833025
2.422221 2.282444 -1.833025
2.422221 2.282444 -1.833025
2.422221 2.282444 -1.833025
2.422221 2.282444 -1.833025
2.422221 2.282444 -1.833025
2.482523 2.307782 -1.895395
2.482523 2.307782 -1.895395
2.482523 2.307782 -1.895395
2.482523 2.307782 -1.895395
2.482523 2.307782 -1.895395
2.482523 2.307782 -1.895395
2.561581 2.164716 -1.708968
2.561581 2.164716 -1.708968
2.561581 2.164716 -1.708968
2.561581 2.164716 -1.708968
2.561581 2.164716 -1.708968
2.561581 2.164716 -1.708968
2.561581 2.164716 -1.708968
2.561581 2.164716 -1.708968
2.561581 2.164716 -1.708968
2.561581 2.164716 -1.708968
2.561581 2.164716 -1.708968
2.561581 2.164716 -1.708968
2.561581 2.164716 -1.708968
2.561581 2.164716 -1.708968
2.561581 2.164716 -1.708968
2.561581 2.164716 -1.708968
2.561581 2.164716 -1.708968
2.561581 2.164716 -1.708968
2.561581 2.164716 -1.708968
2.561581 2.164716 -1.708968
2.561581 2.164716 -1.708968
2.561581 2.164716 -1.708968
2.561581 2.164716 -1.708968
2.561581 2.164716 -1.708968
2.561581 2.164716 -1.708968
2.561581 2.164716 -1.708968
2.561581 2.164716 -1.708968
2.561581 2.164716 -1.708968
2.561581 2.164716 -1.708968
2.561581 2.164716 -1.708968
2.561581 2.164716 -1.708968
2.561581 2.164716 -1.708968
2.561581 2.164716 -1.708968
2.561581 2.164716 -1.708968
2.561581 2.164716 -1.708968
2.561581 2.164716 -1.708968
2.561581 2.164716 -1.708968
2.561581 2.164716 -1.708968
2.561581 2.164716 -1.708968
2.561581 2.164716 -1.708968
2.561581 2.164716 -1.708968
2.561581 2.164716 -1.708968
2.561581 2.164716 -1.708968
2.561581 2.164716 -1.708968
2.561581 2.164716 -1.708968
2.561581 2.164716 -1.708968
2.561581 2.164716 -1.708968
2.561581 2.164716 -1.708968
2.561581 2.164716 -1.708968
2.561581 2.164716 -1.708968
2.561581 2.164716 -1.708968
2.561581 2.164716 -1.708968
2.561581 2.164716 -1.708968
2.561581 2.164716 -1.708968
2.611735 2.184062 -1.761487
2.611735 2.184062 -1.761487
2.611735 2.184062 -1.761487
2.611735 2.184062 -1.761487
2.611735 2.184062 -1.761487
2.611735 2.184062 -1.761487
2.611735 2.184062 -1.761487
2.611735 2.184062 -1.761487
2.611735 2.184062 -1.761487
2.611735 2.184062 -1.761487
2.611735 2.184062 -1.761487
2.611735 2.184062 -1.761487
2.611735 2.184062 -1.761487
2.611735 2.184062 -1.761487
2.611735 2.184062 -1.761487
2.611735 2.184062 -1.761487
2.611735 2.184062 -1.761487
2.611735 2.184062 -1.761487
2.611735 2.184062 -1.761487
2.611735 2.184062 -1.761487
2.343026 2.233444 -1.55148
2.343026 2.233444 -1.55148
2.343026 2.233444 -1.55148
2.343026 2.233444 -1.55148
2.343026 2.233444 -1.55148
2.343026 2.233444 -1.55148
2.343026 2.233444 -1.55148
2.343026 2.233444 -1.55148
2.343026 2.233444 -1.55148
2.343026 2.233444 -1.55148
2.343026 2.233444 -1.55148
2.343026 2.233444 -1.55148
2.343026 2.233444 -1.55148
2.343026 2.233444 -1.55148
2.443847 1.90224 -1.919727
2.443847 1.90224 -1.919727
2.443847 1.90224 -1.919727
2.443847 1.90224 -1.919727
2.443847 1.90224 -1.919727
2.443847 1.90224 -1.919727
2.443847 1.90224 -1.919727
2.443847 1.90224 -1.919727
2.519596 2.504967 -1.731127
2.519596 2.504967 -1.731127
2.519596 2.504967 -1.731127
2.519596 2.504967 -1.731127
2.519596 2.504967 -1.731127
2.519596 2.504967 -1.731127
2.519596 2.504967 -1.731127
2.519596 2.504967 -1.731127
2.519596 2.504967 -1.731127
2.519596 2.504967 -1.731127
2.519596 2.504967 -1.731127
2.519596 2.504967 -1.731127
2.519596 2.504967 -1.731127
2.519596 2.504967 -1.731127
2.519596 2.504967 -1.731127
2.519596 2.504967 -1.731127
2.519596 2.504967 -1.731127
2.519596 2.504967 -1.731127
2.530264 2.524499 -1.76129
2.530264 2.524499 -1.76129
2.530264 2.524499 -1.76129
2.530264 2.524499 -1.76129
2.530264 2.524499 -1.76129
2.530264 2.524499 -1.76129
2.530264 2.524499 -1.76129
2.530264 2.524499 -1.76129
2.530264 2.524499 -1.76129
2.530264 2.524499 -1.76129
2.530264 2.524499 -1.76129
2.530264 2.524499 -1.76129
2.530264 2.524499 -1.76129
2.530264 2.524499 -1.76129
2.530264 2.524499 -1.76129
2.530264 2.524499 -1.76129
2.530264 2.524499 -1.76129
2.530264 2.524499 -1.76129
2.530264 2.524499 -1.76129
2.530264 2.524499 -1.76129
2.530264 2.524499 -1.76129
2.530264 2.524499 -1.76129
2.530264 2.524499 -1.76129
2.530264 2.524499 -1.76129
2.530264 2.524499 -1.76129
2.530264 2.524499 -1.76129
2.530264 2.524499 -1.76129
2.530264 2.524499 -1.76129
2.530264 2.524499 -1.76129
2.530264 2.524499 -1.76129
2.530264 2.524499 -1.76129
2.530264 2.524499 -1.76129
2.530264 2.524499 -1.76129
2.530264 2.524499 -1.76129
2.530264 2.524499 -1.76129
2.530264 2.524499 -1.76129
2.530264 2.524499 -1.76129
2.530264 2.524499 -1.76129
2.530264 2.524499 -1.76129
2.530264 2.524499 -1.76129
2.530264 2.524499 -1.76129
2.530264 2.524499 -1.76129
2.530264 2.524499 -1.76129
2.530264 2.524499 -1.76129
2.530264 2.524499 -1.76129
2.530264 2.524499 -1.76129
2.530264 2.524499 -1.76129
2.530264 2.524499 -1.76129
2.530264 2.524499 -1.76129
2.530264 2.524499 -1.76129
2.530264 2.524499 -1.76129
2.530264 2.524499 -1.76129
2.530264 2.524499 -1.76129
2.530264 2.524499 -1.76129
2.530264 2.524499 -1.76129
2.530264 2.524499 -1.76129
2.530264 2.524499 -1.76129
2.530264 2.524499 -1.76129
2.530264 2.524499 -1.76129
2.530264 2.524499 -1.76129
2.554781 2.536 -1.775917
2.554781 2.536 -1.775917
2.554781 2.536 -1.775917
2.554781 2.536 -1.775917
2.554781 2.536 -1.775917
2.554781 2.536 -1.775917
2.554781 2.536 -1.775917
2.554781 2.536 -1.775917
2.554781 2.536 -1.775917
2.554781 2.536 -1.775917
2.554781 2.536 -1.775917
2.554781 2.536 -1.775917
2.554781 2.536 -1.775917
2.554781 2.536 -1.775917
2.554781 2.536 -1.775917
2.554781 2.536 -1.775917
2.554781 2.536 -1.775917
2.554781 2.536 -1.775917
2.554781 2.536 -1.775917
2.554781 2.536 -1.775917
2.554781 2.536 -1.775917
2.554781 2.536 -1.775917
2.554781 2.536 -1.775917
2.554781 2.536 -1.775917
2.554781 2.536 -1.775917
2.554781 2.536 -1.775917
2.554781 2.536 -1.775917
2.554781 2.536 -1.775917
2.554781 2.536 -1.775917
2.554781 2.536 -1.775917
2.554781 2.536 -1.775917
2.554781 2.536 -1.775917
2.554781 2.536 -1.775917
2.554781 2.536 -1.775917
2.554781 2.536 -1.775917
2.554781 2.536 -1.775917
2.554781 2.536 -1.775917
2.554781 2.536 -1.775917
2.554781 2.536 -1.775917
2.554781 2.536 -1.775917
2.543044 2.286371 -2.031918
2.543044 2.286371 -2.031918
2.543044 2.286371 -2.031918
2.543044 2.286371 -2.031918
2.543044 2.286371 -2.031918
2.543044 2.286371 -2.031918
2.543044 2.286371 -2.031918
2.543044 2.286371 -2.031918
2.543044 2.286371 -2.031918
2.543044 2.286371 -2.031918
2.543044 2.286371 -2.031918
2.543044 2.286371 -2.031918
2.543044 2.286371 -2.031918
2.543044 2.286371 -2.031918
2.543044 2.286371 -2.031918
2.543044 2.286371 -2.031918
2.543044 2.286371 -2.031918
2.543044 2.286371 -2.031918
2.543044 2.286371 -2.031918
2.543044 2.286371 -2.031918
2.52838 2.302579 -2.027148
2.52838 2.302579 -2.027148
2.52838 2.302579 -2.027148
2.52838 2.302579 -2.027148
2.52838 2.302579 -2.027148
2.52838 2.302579 -2.027148
2.52838 2.302579 -2.027148
2.52838 2.302579 -2.027148
2.52838 2.302579 -2.027148
2.52838 2.302579 -2.027148
2.52838 2.302579 -2.027148
2.52838 2.302579 -2.027148
2.52838 2.302579 -2.027148
2.52838 2.302579 -2.027148
2.52838 2.302579 -2.027148
2.52838 2.302579 -2.027148
2.52838 2.302579 -2.027148
2.52838 2.302579 -2.027148
2.52838 2.302579 -2.027148
2.52838 2.302579 -2.027148
2.52838 2.302579 -2.027148
2.52838 2.302579 -2.027148
2.52838 2.302579 -2.027148
2.52838 2.302579 -2.027148
2.52838 2.302579 -2.027148
2.52838 2.302579 -2.027148
2.52838 2.302579 -2.027148
2.52838 2.302579 -2.027148
2.52838 2.302579 -2.027148
2.52838 2.302579 -2.027148
2.52838 2.302579 -2.027148
2.52838 2.302579 -2.027148
2.52838 2.302579 -2.027148
2.52838 2.302579 -2.027148
2.52838 2.302579 -2.027148
2.52838 2.302579 -2.027148
2.52838 2.302579 -2.027148
2.52838 2.302579 -2.027148
2.52838 2.302579 -2.027148
2.52838 2.302579 -2.027148
2.52838 2.302579 -2.027148
2.52838 2.302579 -2.027148
2.52838 2.302579 -2.027148
2.52838 2.302579 -2.027148
2.52838 2.302579 -2.027148
2.52838 2.302579 -2.027148
2.52838 2.302579 -2.027148
2.52838 2.302579 -2.027148
2.52838 2.302579 -2.027148
2.52838 2.302579 -2.027148
2.52838 2.302579 -2.027148
2.52838 2.302579 -2.027148
2.52838 2.302579 -2.027148
2.52838 2.302579 -2.027148
2.52838 2.302579 -2.027148
2.52838 2.302579 -2.027148
2.52838 2.302579 -2.027148
2.52838 2.302579 -2.027148
2.52838 2.302579 -2.027148
2.52838 2.302579 -2.027148
2.478865 2.321244 -2.039468
2.570104 2.82327 -1.763438
2.570104 2.82327 -1.763438
2.570104 2.82327 -1.763438
2.570104 2.82327 -1.763438
2.570104 2.82327 -1.763438
2.570104 2.82327 -1.763438
2.570104 2.82327 -1.763438
2.570104 2.82327 -1.763438
2.570104 2.82327 -1.763438
2.570104 2.82327 -1.763438
2.570104 2.82327 -1.763438
2.570104 2.82327 -1.763438
2.570104 2.82327 -1.763438
2.570104 2.82327 -1.763438
2.570104 2.82327 -1.763438
2.570104 2.82327 -1.763438
2.570104 2.82327 -1.763438
2.570104 2.82327 -1.763438
2.570104 2.82327 -1.763438
2.570104 2.82327 -1.763438
2.570104 2.82327 -1.763438
2.570104 2.82327 -1.763438
2.570104 2.82327 -1.763438
2.570104 2.82327 -1.763438
2.570104 2.82327 -1.763438
2.570104 2.82327 -1.763438
2.665355 2.344494 -1.840921
2.665355 2.344494 -1.840921
2.665355 2.344494 -1.840921
2.665355 2.344494 -1.840921
2.665355 2.344494 -1.840921
2.665355 2.344494 -1.840921
2.665355 2.344494 -1.840921
2.665355 2.344494 -1.840921
2.665355 2.344494 -1.840921
2.665355 2.344494 -1.840921
2.665355 2.344494 -1.840921
2.665355 2.344494 -1.840921
2.665355 2.344494 -1.840921
2.665355 2.344494 -1.840921
2.665355 2.344494 -1.840921
2.665355 2.344494 -1.840921
2.665355 2.344494 -1.840921
2.665355 2.344494 -1.840921
2.665355 2.344494 -1.840921
2.665355 2.344494 -1.840921
2.665355 2.344494 -1.840921
2.665355 2.344494 -1.840921
2.665355 2.344494 -1.840921
2.665355 2.344494 -1.840921
2.665355 2.344494 -1.840921
2.665355 2.344494 -1.840921
2.665355 2.344494 -1.840921
2.665355 2.344494 -1.840921
2.665355 2.344494 -1.840921
2.665355 2.344494 -1.840921
2.665355 2.344494 -1.840921
2.665355 2.344494 -1.840921
2.665355 2.344494 -1.840921
2.687296 2.365433 -1.906468
2.687296 2.365433 -1.906468
2.687296 2.365433 -1.906468
2.687296 2.365433 -1.906468
2.687296 2.365433 -1.906468
2.687296 2.365433 -1.906468
2.687296 2.365433 -1.906468
2.687296 2.365433 -1.906468
2.687296 2.365433 -1.906468
2.687296 2.365433 -1.906468
2.687296 2.365433 -1.906468
2.687296 2.365433 -1.906468
2.687296 2.365433 -1.906468
2.687296 2.365433 -1.906468
2.687296 2.365433 -1.906468
2.687296 2.365433 -1.906468
2.687296 2.365433 -1.906468
2.687296 2.365433 -1.906468
2.687296 2.365433 -1.906468
2.687296 2.365433 -1.906468
2.687296 2.365433 -1.906468
2.687296 2.365433 -1.906468
2.687296 2.365433 -1.906468
2.687296 2.365433 -1.906468
2.687296 2.365433 -1.906468
2.687296 2.365433 -1.906468
2.687296 2.365433 -1.906468
2.687296 2.365433 -1.906468
2.687296 2.365433 -1.906468
2.687296 2.365433 -1.906468
2.687296 2.365433 -1.906468
2.687296 2.365433 -1.906468
2.687296 2.365433 -1.906468
2.687296 2.365433 -1.906468
2.687296 2.365433 -1.906468
2.687296 2.365433 -1.906468
2.687296 2.365433 -1.906468
2.687296 2.365433 -1.906468
2.687296 2.365433 -1.906468
2.687296 2.365433 -1.906468
2.687296 2.365433 -1.906468
2.687296 2.365433 -1.906468
2.687296 2.365433 -1.906468
2.687296 2.365433 -1.906468
2.687296 2.365433 -1.906468
2.687296 2.365433 -1.906468
2.687296 2.365433 -1.906468
2.687296 2.365433 -1.906468
2.687296 2.365433 -1.906468
2.687296 2.365433 -1.906468
2.687296 2.365433 -1.906468
2.687296 2.365433 -1.906468
2.687296 2.365433 -1.906468
2.687296 2.365433 -1.906468
2.687296 2.365433 -1.906468
2.687296 2.365433 -1.906468
2.687296 2.365433 -1.906468
2.687296 2.365433 -1.906468
2.687296 2.365433 -1.906468
2.687296 2.365433 -1.906468
2.807712 2.394198 -1.981634
2.807712 2.394198 -1.981634
2.807712 2.394198 -1.981634
2.807712 2.394198 -1.981634
2.807712 2.394198 -1.981634
2.807712 2.394198 -1.981634
2.807712 2.394198 -1.981634
2.807712 2.394198 -1.981634
2.807712 2.394198 -1.981634
2.807712 2.394198 -1.981634
2.807712 2.394198 -1.981634
2.807712 2.394198 -1.981634
2.580228 2.503792 -1.671817
2.580228 2.503792 -1.671817
2.580228 2.503792 -1.671817
2.580228 2.503792 -1.671817
2.580228 2.503792 -1.671817
2.580228 2.503792 -1.671817
2.580228 2.503792 -1.671817
2.580228 2.503792 -1.671817
2.580228 2.503792 -1.671817
2.580228 2.503792 -1.671817
2.580228 2.503792 -1.671817
2.580228 2.503792 -1.671817
2.580228 2.503792 -1.671817
2.580228 2.503792 -1.671817
2.580228 2.503792 -1.671817
2.580228 2.503792 -1.671817
2.580228 2.503792 -1.671817
2.580228 2.503792 -1.671817
2.580228 2.503792 -1.671817
2.580228 2.503792 -1.671817
2.580228 2.503792 -1.671817
2.580228 2.503792 -1.671817
2.580228 2.503792 -1.671817
2.580228 2.503792 -1.671817
2.580228 2.503792 -1.671817
2.580228 2.503792 -1.671817
2.580228 2.503792 -1.671817
2.580228 2.503792 -1.671817
2.580228 2.503792 -1.671817
2.580228 2.503792 -1.671817
2.580228 2.503792 -1.671817
2.580228 2.503792 -1.671817
2.580228 2.503792 -1.671817
2.580228 2.503792 -1.671817
2.580228 2.503792 -1.671817
2.580228 2.503792 -1.671817
2.580228 2.503792 -1.671817
2.580228 2.503792 -1.671817
2.580228 2.503792 -1.671817
2.580228 2.503792 -1.671817
2.580228 2.503792 -1.671817
2.580228 2.503792 -1.671817
2.580228 2.503792 -1.671817
2.580228 2.503792 -1.671817
2.580228 2.503792 -1.671817
2.580228 2.503792 -1.671817
2.580228 2.503792 -1.671817
2.580228 2.503792 -1.671817
2.62854 2.562553 -1.696225
2.62854 2.562553 -1.696225
2.62854 2.562553 -1.696225
2.62854 2.562553 -1.696225
2.62854 2.562553 -1.696225
2.62854 2.562553 -1.696225
2.62854 2.562553 -1.696225
2.62854 2.562553 -1.696225
2.62854 2.562553 -1.696225
2.62854 2.562553 -1.696225
2.62854 2.562553 -1.696225
2.62854 2.562553 -1.696225
2.62854 2.562553 -1.696225
2.62854 2.562553 -1.696225
2.62854 2.562553 -1.696225
2.62854 2.562553 -1.696225
2.62854 2.562553 -1.696225
2.62854 2.562553 -1.696225
2.62854 2.562553 -1.696225
2.62854 2.562553 -1.696225
2.62854 2.562553 -1.696225
2.62854 2.562553 -1.696225
2.62854 2.562553 -1.696225
2.62854 2.562553 -1.696225
2.62854 2.562553 -1.696225
2.62854 2.562553 -1.696225
2.62854 2.562553 -1.696225
2.62854 2.562553 -1.696225
2.62854 2.562553 -1.696225
2.62854 2.562553 -1.696225
2.62854 2.562553 -1.696225
2.62854 2.562553 -1.696225
2.62854 2.562553 -1.696225
2.62854 2.562553 -1.696225
2.62854 2.562553 -1.696225
2.62854 2.562553 -1.696225
2.62854 2.562553 -1.696225
2.62854 2.562553 -1.696225
2.62854 2.562553 -1.696225
2.62854 2.562553 -1.696225
2.62854 2.562553 -1.696225
2.62854 2.562553 -1.696225
2.62854 2.562553 -1.696225
2.62854 2.562553 -1.696225
2.62854 2.562553 -1.696225
2.62854 2.562553 -1.696225
2.62854 2.562553 -1.696225
2.62854 2.562553 -1.696225
2.62854 2.562553 -1.696225
2.62854 2.562553 -1.696225
2.62854 2.562553 -1.696225
2.62854 2.562553 -1.696225
2.62854 2.562553 -1.696225
2.62854 2.562553 -1.696225
2.62854 2.562553 -1.696225
2.62854 2.562553 -1.696225
2.62854 2.562553 -1.696225
2.62854 2.562553 -1.696225
2.62854 2.562553 -1.696225
2.62854 2.562553 -1.696225
2.805352 2.692215 -1.718746
2.805352 2.692215 -1.718746
2.805352 2.692215 -1.718746
2.805352 2.692215 -1.718746
2.805352 2.692215 -1.718746
2.805352 2.692215 -1.718746
2.805352 2.692215 -1.718746
2.805352 2.692215 -1.718746
2.805352 2.692215 -1.718746
2.805352 2.692215 -1.718746
2.805352 2.692215 -1.718746
2.805352 2.692215 -1.718746
2.805352 2.692215 -1.718746
2.805352 2.692215 -1.718746
2.805352 2.692215 -1.718746
2.805352 2.692215 -1.718746
2.805352 2.692215 -1.718746
2.805352 2.692215 -1.718746
2.805352 2.692215 -1.718746
2.805352 2.692215 -1.718746
2.805352 2.692215 -1.718746
2.805352 2.692215 -1.718746
2.805352 2.692215 -1.718746
2.805352 2.692215 -1.718746
2.805352 2.692215 -1.718746
2.805352 2.692215 -1.718746
3.012635 2.928635 -2.336516
3.012635 2.928635 -2.336516
2.904674 2.483415 -2.16871
2.904674 2.483415 -2.16871
2.904674 2.483415 -2.16871
2.904674 2.483415 -2.16871
2.904674 2.483415 -2.16871
2.904674 2.483415 -2.16871
2.904674 2.483415 -2.16871
2.904674 2.483415 -2.16871
2.904674 2.483415 -2.16871
2.904674 2.483415 -2.16871
2.904674 2.483415 -2.16871
2.904674 2.483415 -2.16871
2.904674 2.483415 -2.16871
2.904674 2.483415 -2.16871
2.904674 2.483415 -2.16871
2.904674 2.483415 -2.16871
2.904674 2.483415 -2.16871
2.904674 2.483415 -2.16871
2.904674 2.483415 -2.16871
2.904674 2.483415 -2.16871
2.904674 2.483415 -2.16871
2.904674 2.483415 -2.16871
2.904674 2.483415 -2.16871
2.904674 2.483415 -2.16871
2.904674 2.483415 -2.16871
2.904674 2.483415 -2.16871
2.904674 2.483415 -2.16871
2.904674 2.483415 -2.16871
2.904674 2.483415 -2.16871
2.904674 2.483415 -2.16871
2.904674 2.483415 -2.16871
2.904674 2.483415 -2.16871
