1.928989 0.872192 -0.9807802
1.566797 0.1425102 -0.08873921
1.566797 0.1425102 -0.08873921
1.252539 -0.5668059 1.468686
1.794876 0.9293803 0.6889755
1.372973 0.6097149 1.036223
1.839125 1.407059 0.03076091
1.503714 0.8492978 0.06822366
1.503714 0.8492978 0.06822366
1.755508 1.004639 0.01665539
1.609979 1.253312 -0.4754788
1.609979 1.253312 -0.4754788
1.790591 1.382285 -0.5301242
1.790591 1.382285 -0.5301242
1.790591 1.382285 -0.5301242
1.930447 1.313471 -1.243038
1.924832 1.621065 -1.121438
1.752696 1.781245 -0.6343203
1.895243 1.914922 -0.7031322
1.76727 0.9996833 -0.9033391
1.759499 1.592104 -1.163513
1.810544 1.010537 -1.079435
1.810544 1.010537 -1.079435
2.049412 2.193828 -0.9595591
2.169994 2.316915 -1.075349
2.169994 2.316915 -1.075349
1.73932 1.414311 -0.168439
1.979248 1.372101 -1.637713
2.244182 2.037607 -1.084306
2.244182 2.037607 -1.084306
2.347088 2.169768 -1.154062
2.347088 2.169768 -1.154062
2.347088 2.169768 -1.154062
2.441737 2.270067 -1.224898
2.21125 1.808258 -1.239813
2.21125 1.808258 -1.239813
2.354714 1.965927 -1.362989
1.956542 2.002518 -1.097513
2.125036 1.72465 -1.029609
2.090017 1.866156 -1.141647
2.090017 1.866156 -1.141647
2.090017 1.866156 -1.141647
2.713075 2.451682 -1.945817
2.308268 2.449205 -1.60214
2.308268 2.449205 -1.60214
2.288794 2.44532 -1.618518
2.288794 2.44532 -1.618518
2.288794 2.44532 -1.618518
2.385738 2.487749 -1.68523
2.385738 2.487749 -1.68523
2.385738 2.487749 -1.68523
2.506634 2.513031 -1.754038
2.506634 2.513031 -1.754038
2.506634 2.513031 -1.754038
2.600998 2.467177 -1.808204
2.600998 2.467177 -1.808204
2.600998 2.467177 -1.808204
2.647349 2.434783 -1.805169
2.145776 2.04397 -1.583033
2.377404 1.880367 -1.38935
2.443582 2.518717 -1.454137
2.443582 2.518717 -1.454137
2.443582 2.518717 -1.454137
2.426375 2.550413 -1.521011
2.426375 2.550413 -1.521011
2.465439 2.094158 -1.965128
2.521295 2.183171 -2.035752
2.521295 2.183171 -2.035752
2.521295 2.183171 -2.035752
2.570768 2.259516 -2.08909
2.710917 2.60362 -1.95603
2.710917 2.60362 -1.95603
2.718852 2.607284 -1.982799
2.490839 2.284646 -2.024659
2.484547 2.65686 -1.377801
2.506451 2.672279 -1.402212
2.506451 2.672279 -1.402212
2.506451 2.672279 -1.402212
2.490067 2.725944 -1.425264
2.490067 2.725944 -1.425264
2.490067 2.725944 -1.425264
2.43628 2.745009 -1.478919
2.43628 2.745009 -1.478919
2.43628 2.745009 -1.478919
2.461831 2.72111 -1.588764
2.461831 2.72111 -1.588764
2.461831 2.72111 -1.588764
2.624808 2.79247 -1.690183
2.624808 2.79247 -1.690183
2.624808 2.79247 -1.690183
2.675677 2.76631 -1.718747
2.675677 2.76631 -1.718747
2.675677 2.76631 -1.718747
2.702796 2.27757 -2.194121
2.702796 2.27757 -2.194121
2.702796 2.27757 -2.194121
2.66434 2.560538 -1.587286
2.66434 2.560538 -1.587286
2.66434 2.560538 -1.587286
