-0.1140283 0.2997104 0.4868196
-0.1140283 0.2997104 0.4868196
0.6284569 -0.8249859 -1.910543
0.6284569 -0.8249859 -1.910543
0.6284569 -0.8249859 -1.910543
1.77004 0.4464776 -1.458766
1.599783 0.1412923 -0.1921212
1.599783 0.1412923 -0.1921212
1.599783 0.1412923 -0.1921212
1.599783 0.1412923 -0.1921212
1.727994 0.2587435 -0.5064463
1.727994 0.2587435 -0.5064463
1.727994 0.2587435 -0.5064463
1.727994 0.2587435 -0.5064463
1.727994 0.2587435 -0.5064463
1.727994 0.2587435 -0.5064463
1.727994 0.2587435 -0.5064463
1.727994 0.2587435 -0.5064463
1.092793 0.5443963 -0.03324865
1.092793 0.5443963 -0.03324865
1.092793 0.5443963 -0.03324865
1.092793 0.5443963 -0.03324865
1.092793 0.5443963 -0.03324865
1.092793 0.5443963 -0.03324865
1.092793 0.5443963 -0.03324865
1.092793 0.5443963 -0.03324865
1.092793 0.5443963 -0.03324865
1.092793 0.5443963 -0.03324865
1.092793 0.5443963 -0.03324865
1.092793 0.5443963 -0.03324865
1.092793 0.5443963 -0.03324865
1.092793 0.5443963 -0.03324865
1.092793 0.5443963 -0.03324865
1.092793 0.5443963 -0.03324865
1.092793 0.5443963 -0.03324865
1.092793 0.5443963 -0.03324865
1.092793 0.5443963 -0.03324865
1.092793 0.5443963 -0.03324865
1.092793 0.5443963 -0.03324865
1.092793 0.5443963 -0.03324865
1.092793 0.5443963 -0.03324865
1.092793 0.5443963 -0.03324865
1.092793 0.5443963 -0.03324865
1.092793 0.5443963 -0.03324865
1.092793 0.5443963 -0.03324865
1.092793 0.5443963 -0.03324865
1.092793 0.5443963 -0.03324865
1.092793 0.5443963 -0.03324865
1.092793 0.5443963 -0.03324865
1.092793 0.5443963 -0.03324865
1.092793 0.5443963 -0.03324865
1.092793 0.5443963 -0.03324865
1.092793 0.5443963 -0.03324865
1.092793 0.5443963 -0.03324865
1.092793 0.5443963 -0.03324865
1.092793 0.5443963 -0.03324865
1.092793 0.5443963 -0.03324865
1.092793 0.5443963 -0.03324865
1.092793 0.5443963 -0.03324865
1.092793 0.5443963 -0.03324865
1.40386 0.6374141 -0.05954352
1.40386 0.6374141 -0.05954352
1.40386 0.6374141 -0.05954352
1.40386 0.6374141 -0.05954352
1.40386 0.6374141 -0.05954352
1.40386 0.6374141 -0.05954352
1.40386 0.6374141 -0.05954352
1.40386 0.6374141 -0.05954352
1.40386 0.6374141 -0.05954352
1.40386 0.6374141 -0.05954352
1.40386 0.6374141 -0.05954352
1.40386 0.6374141 -0.05954352
1.40386 0.6374141 -0.05954352
1.40386 0.6374141 -0.05954352
1.40386 0.6374141 -0.05954352
1.40386 0.6374141 -0.05954352
1.40386 0.6374141 -0.05954352
1.40386 0.6374141 -0.05954352
1.40386 0.6374141 -0.05954352
1.40386 0.6374141 -0.05954352
1.40386 0.6374141 -0.05954352
1.40386 0.6374141 -0.05954352
1.40386 0.6374141 -0.05954352
1.40386 0.6374141 -0.05954352
1.40386 0.6374141 -0.05954352
1.40386 0.6374141 -0.05954352
1.40386 0.6374141 -0.05954352
1.40386 0.6374141 -0.05954352
1.40386 0.6374141 -0.05954352
1.40386 0.6374141 -0.05954352
1.40386 0.6374141 -0.05954352
1.40386 0.6374141 -0.05954352
1.40386 0.6374141 -0.05954352
1.40386 0.6374141 -0.05954352
1.40386 0.6374141 -0.05954352
1.40386 0.6374141 -0.05954352
1.40386 0.6374141 -0.05954352
1.40386 0.6374141 -0.05954352
1.40386 0.6374141 -0.05954352
1.40386 0.6374141 -0.05954352
1.40386 0.6374141 -0.05954352
1.40386 0.6374141 -0.05954352
1.40386 0.6374141 -0.05954352
1.40386 0.6374141 -0.05954352
1.40386 0.6374141 -0.05954352
1.40386 0.6374141 -0.05954352
1.40386 0.6374141 -0.05954352
1.40386 0.6374141 -0.05954352
1.40386 0.6374141 -0.05954352
1.40386 0.6374141 -0.05954352
1.40386 0.6374141 -0.05954352
1.40386 0.6374141 -0.05954352
1.40386 0.6374141 -0.05954352
1.40386 0.6374141 -0.05954352
1.40386 0.6374141 -0.05954352
1.40386 0.6374141 -0.05954352
1.40386 0.6374141 -0.05954352
1.40386 0.6374141 -0.05954352
1.40386 0.6374141 -0.05954352
1.40386 0.6374141 -0.05954352
1.807334 0.7520382 -0.1008781
1.807334 0.7520382 -0.1008781
1.807334 0.7520382 -0.1008781
1.807334 0.7520382 -0.1008781
1.807334 0.7520382 -0.1008781
1.807334 0.7520382 -0.1008781
1.807334 0.7520382 -0.1008781
1.807334 0.7520382 -0.1008781
1.807334 0.7520382 -0.1008781
1.807334 0.7520382 -0.1008781
1.807334 0.7520382 -0.1008781
1.807334 0.7520382 -0.1008781
1.807334 0.7520382 -0.1008781
1.807334 0.7520382 -0.1008781
1.807334 0.7520382 -0.1008781
1.807334 0.7520382 -0.1008781
1.807334 0.7520382 -0.1008781
1.807334 0.7520382 -0.1008781
1.807334 0.7520382 -0.1008781
1.807334 0.7520382 -0.1008781
1.807334 0.7520382 -0.1008781
1.807334 0.7520382 -0.1008781
1.807334 0.7520382 -0.1008781
1.807334 0.7520382 -0.1008781
1.807334 0.7520382 -0.1008781
1.807334 0.7520382 -0.1008781
1.807334 0.7520382 -0.1008781
1.807334 0.7520382 -0.1008781
1.807334 0.7520382 -0.1008781
1.807334 0.7520382 -0.1008781
1.807334 0.7520382 -0.1008781
1.807334 0.7520382 -0.1008781
1.650032 1.483775 0.1531899
1.650032 1.483775 0.1531899
1.650032 1.483775 0.1531899
1.650032 1.483775 0.1531899
1.650032 1.483775 0.1531899
1.327988 1.111806 0.5445029
1.327988 1.111806 0.5445029
1.327988 1.111806 0.5445029
1.327988 1.111806 0.5445029
1.327988 1.111806 0.5445029
1.327988 1.111806 0.5445029
1.327988 1.111806 0.5445029
1.327988 1.111806 0.5445029
1.327988 1.111806 0.5445029
1.327988 1.111806 0.5445029
1.327988 1.111806 0.5445029
1.327988 1.111806 0.5445029
1.327988 1.111806 0.5445029
1.327988 1.111806 0.5445029
1.327988 1.111806 0.5445029
1.327988 1.111806 0.5445029
1.327988 1.111806 0.5445029
1.327988 1.111806 0.5445029
1.454077 0.2183082 -0.8676218
1.454077 0.2183082 -0.8676218
1.454077 0.2183082 -0.8676218
1.454077 0.2183082 -0.8676218
1.454077 0.2183082 -0.8676218
1.460413 0.8248439 -0.5100774
1.460413 0.8248439 -0.5100774
1.460413 0.8248439 -0.5100774
1.460413 0.8248439 -0.5100774
1.460413 0.8248439 -0.5100774
1.460413 0.8248439 -0.5100774
1.460413 0.8248439 -0.5100774
1.460413 0.8248439 -0.5100774
1.460413 0.8248439 -0.5100774
1.460413 0.8248439 -0.5100774
1.460413 0.8248439 -0.5100774
1.460413 0.8248439 -0.5100774
1.460413 0.8248439 -0.5100774
1.460413 0.8248439 -0.5100774
1.460413 0.8248439 -0.5100774
1.460413 0.8248439 -0.5100774
1.460413 0.8248439 -0.5100774
1.460413 0.8248439 -0.5100774
1.460413 0.8248439 -0.5100774
1.460413 0.8248439 -0.5100774
1.460413 0.8248439 -0.5100774
1.460413 0.8248439 -0.5100774
1.460413 0.8248439 -0.5100774
1.460413 0.8248439 -0.5100774
1.460413 0.8248439 -0.5100774
1.460413 0.8248439 -0.5100774
1.460413 0.8248439 -0.5100774
1.460413 0.8248439 -0.5100774
1.460413 0.8248439 -0.5100774
1.460413 0.8248439 -0.5100774
1.460413 0.8248439 -0.5100774
1.460413 0.8248439 -0.5100774
1.460413 0.8248439 -0.5100774
1.460413 0.8248439 -0.5100774
1.460413 0.8248439 -0.5100774
1.460413 0.8248439 -0.5100774
1.460413 0.8248439 -0.5100774
1.460413 0.8248439 -0.5100774
1.460413 0.8248439 -0.5100774
1.460413 0.8248439 -0.5100774
1.460413 0.8248439 -0.5100774
1.460413 0.8248439 -0.5100774
1.460413 0.8248439 -0.5100774
1.460413 0.8248439 -0.5100774
1.460413 0.8248439 -0.5100774
1.460413 0.8248439 -0.5100774
1.460413 0.8248439 -0.5100774
1.460413 0.8248439 -0.5100774
1.460413 0.8248439 -0.5100774
1.460413 0.8248439 -0.5100774
1.460413 0.8248439 -0.5100774
1.460413 0.8248439 -0.5100774
1.460413 0.8248439 -0.5100774
1.460413 0.8248439 -0.5100774
1.460413 0.8248439 -0.5100774
1.460413 0.8248439 -0.5100774
1.460413 0.8248439 -0.5100774
1.460413 0.8248439 -0.5100774
1.460413 0.8248439 -0.5100774
1.460413 0.8248439 -0.5100774
1.676655 0.9638998 -0.5541876
1.676655 0.9638998 -0.5541876
1.676655 0.9638998 -0.5541876
1.676655 0.9638998 -0.5541876
1.676655 0.9638998 -0.5541876
1.676655 0.9638998 -0.5541876
1.676655 0.9638998 -0.5541876
1.676655 0.9638998 -0.5541876
1.676655 0.9638998 -0.5541876
1.676655 0.9638998 -0.5541876
1.676655 0.9638998 -0.5541876
1.676655 0.9638998 -0.5541876
1.676655 0.9638998 -0.5541876
1.676655 0.9638998 -0.5541876
1.676655 0.9638998 -0.5541876
1.676655 0.9638998 -0.5541876
1.676655 0.9638998 -0.5541876
1.676655 0.9638998 -0.5541876
1.676655 0.9638998 -0.5541876
1.744871 1.044111 -0.6089241
1.744871 1.044111 -0.6089241
1.744871 1.044111 -0.6089241
1.744871 1.044111 -0.6089241
1.744871 1.044111 -0.6089241
1.744871 1.044111 -0.6089241
1.744871 1.044111 -0.6089241
1.744871 1.044111 -0.6089241
1.744871 1.044111 -0.6089241
1.744871 1.044111 -0.6089241
1.744871 1.044111 -0.6089241
1.744871 1.044111 -0.6089241
1.744871 1.044111 -0.6089241
1.744871 1.044111 -0.6089241
1.744871 1.044111 -0.6089241
1.744871 1.044111 -0.6089241
1.500279 0.7466806 -0.2879939
1.500279 0.7466806 -0.2879939
1.500279 0.7466806 -0.2879939
1.500279 0.7466806 -0.2879939
1.500279 0.7466806 -0.2879939
1.500279 0.7466806 -0.2879939
1.500279 0.7466806 -0.2879939
1.500279 0.7466806 -0.2879939
1.500279 0.7466806 -0.2879939
1.500279 0.7466806 -0.2879939
1.500279 0.7466806 -0.2879939
1.500279 0.7466806 -0.2879939
1.500279 0.7466806 -0.2879939
1.500279 0.7466806 -0.2879939
1.500279 0.7466806 -0.2879939
1.500279 0.7466806 -0.2879939
1.500279 0.7466806 -0.2879939
1.500279 0.7466806 -0.2879939
1.500279 0.7466806 -0.2879939
1.500279 0.7466806 -0.2879939
1.500279 0.7466806 -0.2879939
1.500279 0.7466806 -0.2879939
1.500279 0.7466806 -0.2879939
1.500279 0.7466806 -0.2879939
1.500279 0.7466806 -0.2879939
1.662624 0.8593096 -0.3205023
1.662624 0.8593096 -0.3205023
1.662624 0.8593096 -0.3205023
1.662624 0.8593096 -0.3205023
1.662624 0.8593096 -0.3205023
1.662624 0.8593096 -0.3205023
1.662624 0.8593096 -0.3205023
1.662624 0.8593096 -0.3205023
1.662624 0.8593096 -0.3205023
1.662624 0.8593096 -0.3205023
1.662624 0.8593096 -0.3205023
1.662624 0.8593096 -0.3205023
1.662624 0.8593096 -0.3205023
1.662624 0.8593096 -0.3205023
1.662624 0.8593096 -0.3205023
1.662624 0.8593096 -0.3205023
1.662624 0.8593096 -0.3205023
1.662624 0.8593096 -0.3205023
1.662624 0.8593096 -0.3205023
1.662624 0.8593096 -0.3205023
1.662624 0.8593096 -0.3205023
1.662624 0.8593096 -0.3205023
1.662624 0.8593096 -0.3205023
1.662624 0.8593096 -0.3205023
1.662624 0.8593096 -0.3205023
1.662624 0.8593096 -0.3205023
1.662624 0.8593096 -0.3205023
1.662624 0.8593096 -0.3205023
1.662624 0.8593096 -0.3205023
1.662624 0.8593096 -0.3205023
1.662624 0.8593096 -0.3205023
1.662624 0.8593096 -0.3205023
1.662624 0.8593096 -0.3205023
1.662624 0.8593096 -0.3205023
1.662624 0.8593096 -0.3205023
1.662624 0.8593096 -0.3205023
1.662624 0.8593096 -0.3205023
1.662624 0.8593096 -0.3205023
1.662624 0.8593096 -0.3205023
1.662624 0.8593096 -0.3205023
1.662624 0.8593096 -0.3205023
1.662624 0.8593096 -0.3205023
1.662624 0.8593096 -0.3205023
1.662624 0.8593096 -0.3205023
1.662624 0.8593096 -0.3205023
1.662624 0.8593096 -0.3205023
1.460882 0.8393756 -0.7828561
1.460882 0.8393756 -0.7828561
1.460882 0.8393756 -0.7828561
1.460882 0.8393756 -0.7828561
1.460882 0.8393756 -0.7828561
1.460882 0.8393756 -0.7828561
1.460882 0.8393756 -0.7828561
1.460882 0.8393756 -0.7828561
1.460882 0.8393756 -0.7828561
1.460882 0.8393756 -0.7828561
1.460882 0.8393756 -0.7828561
1.966868 1.281668 -1.133897
1.966868 1.281668 -1.133897
1.966868 1.281668 -1.133897
2.109638 1.427747 -1.186169
2.109638 1.427747 -1.186169
2.109638 1.427747 -1.186169
2.109638 1.427747 -1.186169
2.109638 1.427747 -1.186169
2.109638 1.427747 -1.186169
2.109638 1.427747 -1.186169
2.109638 1.427747 -1.186169
2.109638 1.427747 -1.186169
2.109638 1.427747 -1.186169
2.109638 1.427747 -1.186169
1.76077 1.361944 -0.2572591
1.76077 1.361944 -0.2572591
1.76077 1.361944 -0.2572591
1.76077 1.361944 -0.2572591
1.76077 1.361944 -0.2572591
1.76077 1.361944 -0.2572591
1.76077 1.361944 -0.2572591
1.76077 1.361944 -0.2572591
1.76077 1.361944 -0.2572591
1.76077 1.361944 -0.2572591
1.76077 1.361944 -0.2572591
1.76077 1.361944 -0.2572591
1.76077 1.361944 -0.2572591
1.76077 1.361944 -0.2572591
1.76077 1.361944 -0.2572591
1.76077 1.361944 -0.2572591
1.76077 1.361944 -0.2572591
1.76077 1.361944 -0.2572591
1.76077 1.361944 -0.2572591
1.76077 1.361944 -0.2572591
1.76077 1.361944 -0.2572591
1.76077 1.361944 -0.2572591
1.76077 1.361944 -0.2572591
1.76077 1.361944 -0.2572591
1.76077 1.361944 -0.2572591
1.76077 1.361944 -0.2572591
1.76077 1.361944 -0.2572591
1.76077 1.361944 -0.2572591
1.76077 1.361944 -0.2572591
1.76077 1.361944 -0.2572591
1.76077 1.361944 -0.2572591
1.76077 1.361944 -0.2572591
1.565726 0.8925349 -0.8458568
1.565726 0.8925349 -0.8458568
1.565726 0.8925349 -0.8458568
1.565726 0.8925349 -0.8458568
1.565726 0.8925349 -0.8458568
1.565726 0.8925349 -0.8458568
1.565726 0.8925349 -0.8458568
1.565726 0.8925349 -0.8458568
1.565726 0.8925349 -0.8458568
1.565726 0.8925349 -0.8458568
1.565726 0.8925349 -0.8458568
1.565726 0.8925349 -0.8458568
1.565726 0.8925349 -0.8458568
1.565726 0.8925349 -0.8458568
1.565726 0.8925349 -0.8458568
1.565726 0.8925349 -0.8458568
1.565726 0.8925349 -0.8458568
1.723457 1.074474 -0.9695728
1.723457 1.074474 -0.9695728
1.723457 1.074474 -0.9695728
1.723457 1.074474 -0.9695728
1.723457 1.074474 -0.9695728
1.723457 1.074474 -0.9695728
1.723457 1.074474 -0.9695728
1.723457 1.074474 -0.9695728
1.723457 1.074474 -0.9695728
1.723457 1.074474 -0.9695728
1.723457 1.074474 -0.9695728
1.723457 1.074474 -0.9695728
1.723457 1.074474 -0.9695728
1.723457 1.074474 -0.9695728
1.723457 1.074474 -0.9695728
1.723457 1.074474 -0.9695728
1.723457 1.074474 -0.9695728
1.723457 1.074474 -0.9695728
1.723457 1.074474 -0.9695728
1.723457 1.074474 -0.9695728
1.723457 1.074474 -0.9695728
1.723457 1.074474 -0.9695728
1.723457 1.074474 -0.9695728
1.723457 1.074474 -0.9695728
1.723457 1.074474 -0.9695728
1.723457 1.074474 -0.9695728
1.723457 1.074474 -0.9695728
1.723457 1.074474 -0.9695728
1.723457 1.074474 -0.9695728
2.058815 1.426446 -1.320672
2.058815 1.426446 -1.320672
2.058815 1.426446 -1.320672
2.058815 1.426446 -1.320672
2.058815 1.426446 -1.320672
2.058815 1.426446 -1.320672
2.058815 1.426446 -1.320672
2.058815 1.426446 -1.320672
2.058815 1.426446 -1.320672
2.058815 1.426446 -1.320672
2.058815 1.426446 -1.320672
2.058815 1.426446 -1.320672
2.058815 1.426446 -1.320672
2.058815 1.426446 -1.320672
2.058815 1.426446 -1.320672
2.058815 1.426446 -1.320672
2.058815 1.426446 -1.320672
2.058815 1.426446 -1.320672
2.058815 1.426446 -1.320672
2.058815 1.426446 -1.320672
2.058815 1.426446 -1.320672
2.058815 1.426446 -1.320672
2.058815 1.426446 -1.320672
2.058815 1.426446 -1.320672
2.058815 1.426446 -1.320672
2.058815 1.426446 -1.320672
2.058815 1.426446 -1.320672
2.058815 1.426446 -1.320672
2.058815 1.426446 -1.320672
2.058815 1.426446 -1.320672
2.058815 1.426446 -1.320672
2.18225 1.579867 -1.424925
2.18225 1.579867 -1.424925
2.18225 1.579867 -1.424925
2.18225 1.579867 -1.424925
2.18225 1.579867 -1.424925
2.18225 1.579867 -1.424925
2.18225 1.579867 -1.424925
2.18225 1.579867 -1.424925
2.18225 1.579867 -1.424925
2.18225 1.579867 -1.424925
2.18225 1.579867 -1.424925
2.18225 1.579867 -1.424925
2.18225 1.579867 -1.424925
2.18225 1.579867 -1.424925
2.18225 1.579867 -1.424925
2.18225 1.579867 -1.424925
2.18225 1.579867 -1.424925
2.18225 1.579867 -1.424925
2.18225 1.579867 -1.424925
2.18225 1.579867 -1.424925
2.18225 1.579867 -1.424925
2.18225 1.579867 -1.424925
2.18225 1.579867 -1.424925
2.18225 1.579867 -1.424925
2.18225 1.579867 -1.424925
2.18225 1.579867 -1.424925
2.18225 1.579867 -1.424925
2.18225 1.579867 -1.424925
2.18225 1.579867 -1.424925
2.18225 1.579867 -1.424925
2.18225 1.579867 -1.424925
2.18225 1.579867 -1.424925
2.18225 1.579867 -1.424925
2.18225 1.579867 -1.424925
2.18225 1.579867 -1.424925
2.18225 1.579867 -1.424925
2.18225 1.579867 -1.424925
2.18225 1.579867 -1.424925
2.18225 1.579867 -1.424925
2.18225 1.579867 -1.424925
2.18225 1.579867 -1.424925
2.18225 1.579867 -1.424925
2.18225 1.579867 -1.424925
2.18225 1.579867 -1.424925
2.18225 1.579867 -1.424925
2.18225 1.579867 -1.424925
2.18225 1.579867 -1.424925
2.18225 1.579867 -1.424925
2.18225 1.579867 -1.424925
2.18225 1.579867 -1.424925
2.044082 1.192247 -1.238316
2.044082 1.192247 -1.238316
2.044082 1.192247 -1.238316
2.044082 1.192247 -1.238316
2.044082 1.192247 -1.238316
2.044082 1.192247 -1.238316
2.044082 1.192247 -1.238316
2.044082 1.192247 -1.238316
2.08265 2.140287 -0.6767868
2.08265 2.140287 -0.6767868
2.199755 2.253091 -0.7916148
2.199755 2.253091 -0.7916148
2.116824 2.376932 -0.7540746
2.116824 2.376932 -0.7540746
2.116824 2.376932 -0.7540746
2.116824 2.376932 -0.7540746
2.116824 2.376932 -0.7540746
2.116824 2.376932 -0.7540746
1.859285 1.579287 -1.423558
1.859285 1.579287 -1.423558
1.859285 1.579287 -1.423558
1.859285 1.579287 -1.423558
1.859285 1.579287 -1.423558
2.101911 1.803166 -0.6139929
1.937094 1.690709 -0.2687464
1.937094 1.690709 -0.2687464
1.937094 1.690709 -0.2687464
1.937094 1.690709 -0.2687464
1.937094 1.690709 -0.2687464
1.937094 1.690709 -0.2687464
1.937094 1.690709 -0.2687464
1.937094 1.690709 -0.2687464
1.937094 1.690709 -0.2687464
1.937094 1.690709 -0.2687464
1.937094 1.690709 -0.2687464
1.937094 1.690709 -0.2687464
1.937094 1.690709 -0.2687464
1.937094 1.690709 -0.2687464
1.751693 1.757152 -1.039748
1.751693 1.757152 -1.039748
1.751693 1.757152 -1.039748
1.751693 1.757152 -1.039748
2.211563 1.995632 -1.478556
2.211563 1.995632 -1.478556
2.211563 1.995632 -1.478556
2.211563 1.995632 -1.478556
2.211563 1.995632 -1.478556
2.211563 1.995632 -1.478556
2.211563 1.995632 -1.478556
2.211563 1.995632 -1.478556
2.211563 1.995632 -1.478556
2.211563 1.995632 -1.478556
2.211563 1.995632 -1.478556
2.211563 1.995632 -1.478556
2.211563 1.995632 -1.478556
2.211563 1.995632 -1.478556
2.211563 1.995632 -1.478556
2.211563 1.995632 -1.478556
2.211563 1.995632 -1.478556
2.211563 1.995632 -1.478556
2.211563 1.995632 -1.478556
2.211563 1.995632 -1.478556
2.211563 1.995632 -1.478556
2.211563 1.995632 -1.478556
2.211563 1.995632 -1.478556
2.211563 1.995632 -1.478556
2.211563 1.995632 -1.478556
2.211563 1.995632 -1.478556
2.211563 1.995632 -1.478556
2.211563 1.995632 -1.478556
2.32107 2.130019 -1.544359
2.32107 2.130019 -1.544359
2.32107 2.130019 -1.544359
2.32107 2.130019 -1.544359
2.32107 2.130019 -1.544359
2.32107 2.130019 -1.544359
2.32107 2.130019 -1.544359
2.32107 2.130019 -1.544359
2.32107 2.130019 -1.544359
2.32107 2.130019 -1.544359
2.32107 2.130019 -1.544359
2.164172 2.024795 -1.381516
2.164172 2.024795 -1.381516
2.164172 2.024795 -1.381516
2.164172 2.024795 -1.381516
2.164172 2.024795 -1.381516
2.164172 2.024795 -1.381516
2.164172 2.024795 -1.381516
2.164172 2.024795 -1.381516
2.164172 2.024795 -1.381516
2.164172 2.024795 -1.381516
2.164172 2.024795 -1.381516
2.164172 2.024795 -1.381516
2.164172 2.024795 -1.381516
2.164172 2.024795 -1.381516
2.164172 2.024795 -1.381516
2.164172 2.024795 -1.381516
2.164172 2.024795 -1.381516
2.164172 2.024795 -1.381516
2.164172 2.024795 -1.381516
2.164172 2.024795 -1.381516
2.164172 2.024795 -1.381516
2.164172 2.024795 -1.381516
2.164172 2.024795 -1.381516
2.164172 2.024795 -1.381516
2.164172 2.024795 -1.381516
2.164172 2.024795 -1.381516
2.164172 2.024795 -1.381516
2.164172 2.024795 -1.381516
2.164172 2.024795 -1.381516
2.164172 2.024795 -1.381516
2.164172 2.024795 -1.381516
2.164172 2.024795 -1.381516
2.164172 2.024795 -1.381516
2.164172 2.024795 -1.381516
2.164172 2.024795 -1.381516
2.164172 2.024795 -1.381516
2.164172 2.024795 -1.381516
2.164172 2.024795 -1.381516
2.164172 2.024795 -1.381516
2.164172 2.024795 -1.381516
2.164172 2.024795 -1.381516
2.164172 2.024795 -1.381516
2.164172 2.024795 -1.381516
2.164172 2.024795 -1.381516
2.164172 2.024795 -1.381516
2.164172 2.024795 -1.381516
2.164172 2.024795 -1.381516
2.164172 2.024795 -1.381516
2.164172 2.024795 -1.381516
2.272225 2.131093 -1.437459
2.272225 2.131093 -1.437459
2.272225 2.131093 -1.437459
2.272225 2.131093 -1.437459
2.272225 2.131093 -1.437459
2.272225 2.131093 -1.437459
2.272225 2.131093 -1.437459
2.272225 2.131093 -1.437459
2.272225 2.131093 -1.437459
2.272225 2.131093 -1.437459
2.272225 2.131093 -1.437459
2.272225 2.131093 -1.437459
2.272225 2.131093 -1.437459
2.272225 2.131093 -1.437459
2.272225 2.131093 -1.437459
2.272225 2.131093 -1.437459
2.272225 2.131093 -1.437459
2.272225 2.131093 -1.437459
2.272225 2.131093 -1.437459
2.272225 2.131093 -1.437459
2.272225 2.131093 -1.437459
2.272225 2.131093 -1.437459
2.272225 2.131093 -1.437459
2.272225 2.131093 -1.437459
2.272225 2.131093 -1.437459
2.272225 2.131093 -1.437459
2.272225 2.131093 -1.437459
2.272225 2.131093 -1.437459
2.272225 2.131093 -1.437459
2.272225 2.131093 -1.437459
2.272225 2.131093 -1.437459
2.272225 2.131093 -1.437459
2.272225 2.131093 -1.437459
2.272225 2.131093 -1.437459
2.272225 2.131093 -1.437459
2.272225 2.131093 -1.437459
2.272225 2.131093 -1.437459
2.272225 2.131093 -1.437459
2.272225 2.131093 -1.437459
2.272225 2.131093 -1.437459
2.272225 2.131093 -1.437459
2.272225 2.131093 -1.437459
2.272225 2.131093 -1.437459
2.272225 2.131093 -1.437459
2.272225 2.131093 -1.437459
2.272225 2.131093 -1.437459
2.272225 2.131093 -1.437459
2.272225 2.131093 -1.437459
2.272225 2.131093 -1.437459
2.272225 2.131093 -1.437459
2.272225 2.131093 -1.437459
2.272225 2.131093 -1.437459
2.272225 2.131093 -1.437459
2.272225 2.131093 -1.437459
2.272225 2.131093 -1.437459
2.272225 2.131093 -1.437459
2.272225 2.131093 -1.437459
2.272225 2.131093 -1.437459
2.272225 2.131093 -1.437459
2.272225 2.131093 -1.437459
2.411453 2.250814 -1.535607
2.411453 2.250814 -1.535607
2.411453 2.250814 -1.535607
2.411453 2.250814 -1.535607
2.411453 2.250814 -1.535607
2.411453 2.250814 -1.535607
2.411453 2.250814 -1.535607
2.411453 2.250814 -1.535607
2.411453 2.250814 -1.535607
2.411453 2.250814 -1.535607
2.411453 2.250814 -1.535607
2.411453 2.250814 -1.535607
2.411453 2.250814 -1.535607
2.411453 2.250814 -1.535607
2.411453 2.250814 -1.535607
2.411453 2.250814 -1.535607
2.411453 2.250814 -1.535607
2.411453 2.250814 -1.535607
2.411453 2.250814 -1.535607
2.411453 2.250814 -1.535607
2.411453 2.250814 -1.535607
2.411453 2.250814 -1.535607
2.411453 2.250814 -1.535607
2.411453 2.250814 -1.535607
2.411453 2.250814 -1.535607
2.137119 2.195333 -0.8750816
2.222616 1.685383 -1.565449
2.222616 1.685383 -1.565449
2.222616 1.685383 -1.565449
2.222616 1.685383 -1.565449
2.222616 1.685383 -1.565449
2.222616 1.685383 -1.565449
2.222616 1.685383 -1.565449
2.222616 1.685383 -1.565449
2.222616 1.685383 -1.565449
2.222616 1.685383 -1.565449
2.222616 1.685383 -1.565449
2.222616 1.685383 -1.565449
2.222616 1.685383 -1.565449
2.222616 1.685383 -1.565449
2.222616 1.685383 -1.565449
2.222616 1.685383 -1.565449
2.222616 1.685383 -1.565449
2.222616 1.685383 -1.565449
2.222616 1.685383 -1.565449
2.222616 1.685383 -1.565449
2.222616 1.685383 -1.565449
2.222616 1.685383 -1.565449
2.222616 1.685383 -1.565449
2.222616 1.685383 -1.565449
2.222616 1.685383 -1.565449
2.222616 1.685383 -1.565449
2.222616 1.685383 -1.565449
2.222616 1.685383 -1.565449
2.222616 1.685383 -1.565449
2.222616 1.685383 -1.565449
2.222616 1.685383 -1.565449
2.222616 1.685383 -1.565449
2.222616 1.685383 -1.565449
2.222616 1.685383 -1.565449
2.189848 1.838431 -1.646423
2.189848 1.838431 -1.646423
2.189848 1.838431 -1.646423
2.189848 1.838431 -1.646423
2.189848 1.838431 -1.646423
2.189848 1.838431 -1.646423
2.189848 1.838431 -1.646423
2.189848 1.838431 -1.646423
2.189848 1.838431 -1.646423
2.189848 1.838431 -1.646423
2.189848 1.838431 -1.646423
2.189848 1.838431 -1.646423
2.189848 1.838431 -1.646423
2.189848 1.838431 -1.646423
2.189848 1.838431 -1.646423
2.189848 1.838431 -1.646423
2.189848 1.838431 -1.646423
2.189848 1.838431 -1.646423
2.189848 1.838431 -1.646423
2.189848 1.838431 -1.646423
2.189848 1.838431 -1.646423
2.189848 1.838431 -1.646423
2.189848 1.838431 -1.646423
2.189848 1.838431 -1.646423
2.189848 1.838431 -1.646423
2.189848 1.838431 -1.646423
2.189848 1.838431 -1.646423
2.189848 1.838431 -1.646423
2.189848 1.838431 -1.646423
2.189848 1.838431 -1.646423
2.189848 1.838431 -1.646423
2.189848 1.838431 -1.646423
2.189848 1.838431 -1.646423
2.48198 2.453724 -1.699858
2.48198 2.453724 -1.699858
2.48198 2.453724 -1.699858
2.48198 2.453724 -1.699858
2.48198 2.453724 -1.699858
2.48198 2.453724 -1.699858
2.48198 2.453724 -1.699858
2.48198 2.453724 -1.699858
2.48198 2.453724 -1.699858
2.48198 2.453724 -1.699858
2.48198 2.453724 -1.699858
2.48198 2.453724 -1.699858
2.48198 2.453724 -1.699858
2.48198 2.453724 -1.699858
2.48198 2.453724 -1.699858
2.48198 2.453724 -1.699858
2.48198 2.453724 -1.699858
2.48198 2.453724 -1.699858
2.48198 2.453724 -1.699858
2.48198 2.453724 -1.699858
2.48198 2.453724 -1.699858
2.48198 2.453724 -1.699858
2.48198 2.453724 -1.699858
2.48198 2.453724 -1.699858
2.48198 2.453724 -1.699858
2.48198 2.453724 -1.699858
2.48198 2.453724 -1.699858
2.396301 2.453317 -1.747601
2.396301 2.453317 -1.747601
2.396301 2.453317 -1.747601
2.396301 2.453317 -1.747601
2.396301 2.453317 -1.747601
2.396301 2.453317 -1.747601
2.396301 2.453317 -1.747601
2.396301 2.453317 -1.747601
2.396301 2.453317 -1.747601
2.396301 2.453317 -1.747601
2.396301 2.453317 -1.747601
2.396301 2.453317 -1.747601
2.396301 2.453317 -1.747601
2.383257 2.212323 -1.479526
2.383257 2.212323 -1.479526
2.383257 2.212323 -1.479526
2.383257 2.212323 -1.479526
2.383257 2.212323 -1.479526
2.383257 2.212323 -1.479526
2.383257 2.212323 -1.479526
2.383257 2.212323 -1.479526
2.383257 2.212323 -1.479526
2.383257 2.212323 -1.479526
2.383257 2.212323 -1.479526
2.383257 2.212323 -1.479526
2.383257 2.212323 -1.479526
2.383257 2.212323 -1.479526
2.383257 2.212323 -1.479526
2.383257 2.212323 -1.479526
2.383257 2.212323 -1.479526
2.383257 2.212323 -1.479526
2.383257 2.212323 -1.479526
2.383257 2.212323 -1.479526
2.383257 2.212323 -1.479526
2.383257 2.212323 -1.479526
2.383257 2.212323 -1.479526
2.383257 2.212323 -1.479526
2.383257 2.212323 -1.479526
2.383257 2.212323 -1.479526
2.383257 2.212323 -1.479526
2.383257 2.212323 -1.479526
2.383257 2.212323 -1.479526
2.383257 2.212323 -1.479526
2.383257 2.212323 -1.479526
2.383257 2.212323 -1.479526
2.383257 2.212323 -1.479526
2.383257 2.212323 -1.479526
2.383257 2.212323 -1.479526
2.383257 2.212323 -1.479526
2.383257 2.212323 -1.479526
2.383257 2.212323 -1.479526
2.383257 2.212323 -1.479526
2.383257 2.212323 -1.479526
2.383257 2.212323 -1.479526
2.383257 2.212323 -1.479526
2.383257 2.212323 -1.479526
2.383257 2.212323 -1.479526
2.383257 2.212323 -1.479526
2.383257 2.212323 -1.479526
2.383257 2.212323 -1.479526
2.354434 2.216007 -1.472183
2.354434 2.216007 -1.472183
2.354434 2.216007 -1.472183
2.354434 2.216007 -1.472183
2.354434 2.216007 -1.472183
2.354434 2.216007 -1.472183
2.354434 2.216007 -1.472183
2.354434 2.216007 -1.472183
2.354434 2.216007 -1.472183
2.354434 2.216007 -1.472183
2.354434 2.216007 -1.472183
2.354434 2.216007 -1.472183
2.354434 2.216007 -1.472183
2.354434 2.216007 -1.472183
2.354434 2.216007 -1.472183
2.354434 2.216007 -1.472183
2.354434 2.216007 -1.472183
2.354434 2.216007 -1.472183
2.354434 2.216007 -1.472183
2.354434 2.216007 -1.472183
2.354434 2.216007 -1.472183
2.354434 2.216007 -1.472183
2.354434 2.216007 -1.472183
2.354434 2.216007 -1.472183
2.354434 2.216007 -1.472183
2.354434 2.216007 -1.472183
2.354434 2.216007 -1.472183
2.354434 2.216007 -1.472183
2.354434 2.216007 -1.472183
2.354434 2.216007 -1.472183
2.354434 2.216007 -1.472183
2.354434 2.216007 -1.472183
2.354434 2.216007 -1.472183
2.354434 2.216007 -1.472183
2.354434 2.216007 -1.472183
2.354434 2.216007 -1.472183
2.354434 2.216007 -1.472183
2.354434 2.216007 -1.472183
2.354434 2.216007 -1.472183
2.354434 2.216007 -1.472183
2.354434 2.216007 -1.472183
2.354434 2.216007 -1.472183
2.354434 2.216007 -1.472183
2.354434 2.216007 -1.472183
2.354434 2.216007 -1.472183
2.354434 2.216007 -1.472183
2.354434 2.216007 -1.472183
2.354434 2.216007 -1.472183
2.354434 2.216007 -1.472183
2.354434 2.216007 -1.472183
2.354434 2.216007 -1.472183
2.354434 2.216007 -1.472183
2.354434 2.216007 -1.472183
2.354434 2.216007 -1.472183
2.354434 2.216007 -1.472183
2.354434 2.216007 -1.472183
2.354434 2.216007 -1.472183
2.354434 2.216007 -1.472183
2.354434 2.216007 -1.472183
2.354434 2.216007 -1.472183
2.442372 2.294794 -1.500421
2.442372 2.294794 -1.500421
2.442372 2.294794 -1.500421
2.442372 2.294794 -1.500421
2.442372 2.294794 -1.500421
2.442372 2.294794 -1.500421
2.442372 2.294794 -1.500421
2.442372 2.294794 -1.500421
2.442372 2.294794 -1.500421
2.442372 2.294794 -1.500421
2.442372 2.294794 -1.500421
2.442372 2.294794 -1.500421
2.442372 2.294794 -1.500421
2.442372 2.294794 -1.500421
2.442372 2.294794 -1.500421
2.442372 2.294794 -1.500421
2.442372 2.294794 -1.500421
2.442372 2.294794 -1.500421
2.442372 2.294794 -1.500421
2.442372 2.294794 -1.500421
2.442372 2.294794 -1.500421
2.442372 2.294794 -1.500421
2.442372 2.294794 -1.500421
2.442372 2.294794 -1.500421
2.442372 2.294794 -1.500421
2.442372 2.294794 -1.500421
2.442372 2.294794 -1.500421
2.442372 2.294794 -1.500421
2.442372 2.294794 -1.500421
2.442372 2.294794 -1.500421
2.442372 2.294794 -1.500421
2.442372 2.294794 -1.500421
2.442372 2.294794 -1.500421
2.442372 2.294794 -1.500421
2.442372 2.294794 -1.500421
2.442372 2.294794 -1.500421
2.442372 2.294794 -1.500421
2.442372 2.294794 -1.500421
2.442372 2.294794 -1.500421
2.442372 2.294794 -1.500421
2.442372 2.294794 -1.500421
2.442372 2.294794 -1.500421
2.442372 2.294794 -1.500421
2.442372 2.294794 -1.500421
2.442372 2.294794 -1.500421
2.442372 2.294794 -1.500421
2.442372 2.294794 -1.500421
2.442372 2.294794 -1.500421
2.442372 2.294794 -1.500421
2.442372 2.294794 -1.500421
2.442372 2.294794 -1.500421
2.442372 2.294794 -1.500421
2.442372 2.294794 -1.500421
2.442372 2.294794 -1.500421
2.442372 2.294794 -1.500421
2.442372 2.294794 -1.500421
2.442372 2.294794 -1.500421
2.442372 2.294794 -1.500421
2.442372 2.294794 -1.500421
2.442372 2.294794 -1.500421
2.556927 2.35413 -1.56174
2.556927 2.35413 -1.56174
2.556927 2.35413 -1.56174
2.556927 2.35413 -1.56174
2.556927 2.35413 -1.56174
2.556927 2.35413 -1.56174
2.556927 2.35413 -1.56174
2.556927 2.35413 -1.56174
2.556927 2.35413 -1.56174
2.556927 2.35413 -1.56174
2.556927 2.35413 -1.56174
2.556927 2.35413 -1.56174
2.556927 2.35413 -1.56174
2.556927 2.35413 -1.56174
2.556927 2.35413 -1.56174
2.556927 2.35413 -1.56174
2.556927 2.35413 -1.56174
2.556927 2.35413 -1.56174
2.556927 2.35413 -1.56174
2.556927 2.35413 -1.56174
2.556927 2.35413 -1.56174
2.556927 2.35413 -1.56174
2.556927 2.35413 -1.56174
2.556927 2.35413 -1.56174
2.556927 2.35413 -1.56174
2.556927 2.35413 -1.56174
2.556927 2.35413 -1.56174
2.556927 2.35413 -1.56174
2.556927 2.35413 -1.56174
2.556927 2.35413 -1.56174
2.556927 2.35413 -1.56174
2.556927 2.35413 -1.56174
2.556927 2.35413 -1.56174
2.556927 2.35413 -1.56174
2.556927 2.35413 -1.56174
2.556927 2.35413 -1.56174
2.556927 2.35413 -1.56174
2.556927 2.35413 -1.56174
2.556927 2.35413 -1.56174
2.556927 2.35413 -1.56174
2.556927 2.35413 -1.56174
2.556927 2.35413 -1.56174
2.556927 2.35413 -1.56174
2.556927 2.35413 -1.56174
2.556927 2.35413 -1.56174
2.556927 2.35413 -1.56174
2.556927 2.35413 -1.56174
2.296431 2.516863 -1.045196
2.296431 2.516863 -1.045196
2.296431 2.516863 -1.045196
2.296431 2.516863 -1.045196
2.296431 2.516863 -1.045196
2.296431 2.516863 -1.045196
2.109745 2.347479 -1.023171
2.109745 2.347479 -1.023171
2.109745 2.347479 -1.023171
2.109745 2.347479 -1.023171
2.109745 2.347479 -1.023171
2.109745 2.347479 -1.023171
2.109745 2.347479 -1.023171
2.246309 2.210756 -1.076411
2.246309 2.210756 -1.076411
2.246309 2.210756 -1.076411
2.246309 2.210756 -1.076411
2.246309 2.210756 -1.076411
2.246309 2.210756 -1.076411
2.246309 2.210756 -1.076411
2.246309 2.210756 -1.076411
2.246309 2.210756 -1.076411
2.246309 2.210756 -1.076411
2.246309 2.210756 -1.076411
2.246309 2.210756 -1.076411
2.246309 2.210756 -1.076411
2.246309 2.210756 -1.076411
2.246309 2.210756 -1.076411
2.246309 2.210756 -1.076411
2.246309 2.210756 -1.076411
2.246309 2.210756 -1.076411
2.246309 2.210756 -1.076411
2.246309 2.210756 -1.076411
2.246309 2.210756 -1.076411
2.246309 2.210756 -1.076411
2.246309 2.210756 -1.076411
2.246309 2.210756 -1.076411
2.246309 2.210756 -1.076411
2.246309 2.210756 -1.076411
2.246309 2.210756 -1.076411
2.246309 2.210756 -1.076411
2.246309 2.210756 -1.076411
2.246309 2.210756 -1.076411
2.246309 2.210756 -1.076411
2.246309 2.210756 -1.076411
2.246309 2.210756 -1.076411
2.246309 2.210756 -1.076411
2.246309 2.210756 -1.076411
2.246309 2.210756 -1.076411
2.246309 2.210756 -1.076411
2.246309 2.210756 -1.076411
2.246309 2.210756 -1.076411
2.246309 2.210756 -1.076411
2.246309 2.210756 -1.076411
2.246309 2.210756 -1.076411
2.246309 2.210756 -1.076411
2.246309 2.210756 -1.076411
2.246309 2.210756 -1.076411
2.246309 2.210756 -1.076411
2.246309 2.210756 -1.076411
2.246309 2.210756 -1.076411
2.246309 2.210756 -1.076411
2.246309 2.210756 -1.076411
2.246309 2.210756 -1.076411
2.246309 2.210756 -1.076411
2.246309 2.210756 -1.076411
2.246309 2.210756 -1.076411
2.246309 2.210756 -1.076411
2.246309 2.210756 -1.076411
2.246309 2.210756 -1.076411
2.246309 2.210756 -1.076411
2.246309 2.210756 -1.076411
2.246309 2.210756 -1.076411
2.326724 2.147833 -1.116401
2.326724 2.147833 -1.116401
2.326724 2.147833 -1.116401
2.326724 2.147833 -1.116401
2.326724 2.147833 -1.116401
2.326724 2.147833 -1.116401
2.326724 2.147833 -1.116401
2.326724 2.147833 -1.116401
2.326724 2.147833 -1.116401
2.326724 2.147833 -1.116401
2.326724 2.147833 -1.116401
2.326724 2.147833 -1.116401
2.326724 2.147833 -1.116401
2.326724 2.147833 -1.116401
2.267376 2.346212 -1.481803
2.267376 2.346212 -1.481803
2.267376 2.346212 -1.481803
2.267376 2.346212 -1.481803
2.267376 2.346212 -1.481803
2.267376 2.346212 -1.481803
2.267376 2.346212 -1.481803
2.267376 2.346212 -1.481803
2.267376 2.346212 -1.481803
2.267376 2.346212 -1.481803
2.267376 2.346212 -1.481803
2.267376 2.346212 -1.481803
2.267376 2.346212 -1.481803
2.267376 2.346212 -1.481803
2.267376 2.346212 -1.481803
2.267376 2.346212 -1.481803
2.267376 2.346212 -1.481803
2.267376 2.346212 -1.481803
2.267376 2.346212 -1.481803
2.267376 2.346212 -1.481803
2.267376 2.346212 -1.481803
2.267376 2.346212 -1.481803
2.267376 2.346212 -1.481803
2.267376 2.346212 -1.481803
2.267376 2.346212 -1.481803
2.267376 2.346212 -1.481803
2.267376 2.346212 -1.481803
2.267376 2.346212 -1.481803
2.267376 2.346212 -1.481803
2.267376 2.346212 -1.481803
2.267376 2.346212 -1.481803
2.267376 2.346212 -1.481803
2.267376 2.346212 -1.481803
2.267376 2.346212 -1.481803
2.267376 2.346212 -1.481803
2.267376 2.346212 -1.481803
2.267376 2.346212 -1.481803
2.267376 2.346212 -1.481803
2.267376 2.346212 -1.481803
2.267376 2.346212 -1.481803
2.267376 2.346212 -1.481803
2.267376 2.346212 -1.481803
2.267376 2.346212 -1.481803
2.267376 2.346212 -1.481803
2.267376 2.346212 -1.481803
2.267376 2.346212 -1.481803
2.150894 2.322457 -1.51954
2.150894 2.322457 -1.51954
2.150894 2.322457 -1.51954
2.150894 2.322457 -1.51954
2.150894 2.322457 -1.51954
2.150894 2.322457 -1.51954
2.150894 2.322457 -1.51954
2.150894 2.322457 -1.51954
2.150894 2.322457 -1.51954
2.150894 2.322457 -1.51954
2.150894 2.322457 -1.51954
2.150894 2.322457 -1.51954
2.150894 2.322457 -1.51954
2.150894 2.322457 -1.51954
2.150894 2.322457 -1.51954
2.150894 2.322457 -1.51954
2.150894 2.322457 -1.51954
2.150894 2.322457 -1.51954
2.150894 2.322457 -1.51954
2.150894 2.322457 -1.51954
2.150894 2.322457 -1.51954
2.150894 2.322457 -1.51954
2.090243 1.55559 -1.385756
2.090243 1.55559 -1.385756
2.090243 1.55559 -1.385756
2.090243 1.55559 -1.385756
2.090243 1.55559 -1.385756
2.090243 1.55559 -1.385756
2.090243 1.55559 -1.385756
2.090243 1.55559 -1.385756
2.350612 1.842163 -2.022157
2.350612 1.842163 -2.022157
2.350612 1.842163 -2.022157
2.350612 1.842163 -2.022157
2.350612 1.842163 -2.022157
2.350612 1.842163 -2.022157
2.350612 1.842163 -2.022157
2.350612 1.842163 -2.022157
2.350612 1.842163 -2.022157
2.350612 1.842163 -2.022157
2.350612 1.842163 -2.022157
2.350612 1.842163 -2.022157
2.581463 2.61604 -1.701834
2.581463 2.61604 -1.701834
2.581463 2.61604 -1.701834
2.581463 2.61604 -1.701834
2.581463 2.61604 -1.701834
2.581463 2.61604 -1.701834
2.581463 2.61604 -1.701834
2.581463 2.61604 -1.701834
2.581463 2.61604 -1.701834
2.581463 2.61604 -1.701834
2.581463 2.61604 -1.701834
2.581463 2.61604 -1.701834
2.581463 2.61604 -1.701834
2.581463 2.61604 -1.701834
2.581463 2.61604 -1.701834
2.581463 2.61604 -1.701834
2.581463 2.61604 -1.701834
2.581463 2.61604 -1.701834
2.561993 2.642545 -1.748722
2.561993 2.642545 -1.748722
2.561993 2.642545 -1.748722
2.561993 2.642545 -1.748722
2.561993 2.642545 -1.748722
2.561993 2.642545 -1.748722
2.561993 2.642545 -1.748722
2.561993 2.642545 -1.748722
2.561993 2.642545 -1.748722
2.561993 2.642545 -1.748722
2.561993 2.642545 -1.748722
2.561993 2.642545 -1.748722
2.561993 2.642545 -1.748722
2.561993 2.642545 -1.748722
2.561993 2.642545 -1.748722
2.561993 2.642545 -1.748722
2.561993 2.642545 -1.748722
2.561993 2.642545 -1.748722
2.561993 2.642545 -1.748722
2.561993 2.642545 -1.748722
2.561993 2.642545 -1.748722
2.561993 2.642545 -1.748722
2.561993 2.642545 -1.748722
2.561993 2.642545 -1.748722
2.561993 2.642545 -1.748722
2.561993 2.642545 -1.748722
2.561993 2.642545 -1.748722
2.561993 2.642545 -1.748722
2.561993 2.642545 -1.748722
2.561993 2.642545 -1.748722
2.561993 2.642545 -1.748722
2.561993 2.642545 -1.748722
2.561993 2.642545 -1.748722
2.561993 2.642545 -1.748722
2.561993 2.642545 -1.748722
2.561993 2.642545 -1.748722
2.561993 2.642545 -1.748722
2.561993 2.642545 -1.748722
2.561993 2.642545 -1.748722
2.561993 2.642545 -1.748722
2.561993 2.642545 -1.748722
2.561993 2.642545 -1.748722
2.561993 2.642545 -1.748722
2.561993 2.642545 -1.748722
2.561993 2.642545 -1.748722
2.561993 2.642545 -1.748722
2.561993 2.642545 -1.748722
2.561993 2.642545 -1.748722
2.561993 2.642545 -1.748722
2.561993 2.642545 -1.748722
2.561993 2.642545 -1.748722
2.561993 2.642545 -1.748722
2.561993 2.642545 -1.748722
2.561993 2.642545 -1.748722
2.561993 2.642545 -1.748722
2.561993 2.642545 -1.748722
2.561993 2.642545 -1.748722
2.561993 2.642545 -1.748722
2.561993 2.642545 -1.748722
2.561993 2.642545 -1.748722
2.61139 2.687303 -1.802221
2.61139 2.687303 -1.802221
2.61139 2.687303 -1.802221
2.61139 2.687303 -1.802221
2.61139 2.687303 -1.802221
2.61139 2.687303 -1.802221
2.61139 2.687303 -1.802221
2.61139 2.687303 -1.802221
2.61139 2.687303 -1.802221
2.61139 2.687303 -1.802221
2.61139 2.687303 -1.802221
2.61139 2.687303 -1.802221
2.61139 2.687303 -1.802221
2.61139 2.687303 -1.802221
2.61139 2.687303 -1.802221
2.61139 2.687303 -1.802221
2.61139 2.687303 -1.802221
2.61139 2.687303 -1.802221
2.61139 2.687303 -1.802221
2.61139 2.687303 -1.802221
2.61139 2.687303 -1.802221
2.596733 2.290682 -2.138801
2.596733 2.290682 -2.138801
2.596733 2.290682 -2.138801
2.596733 2.290682 -2.138801
2.596733 2.290682 -2.138801
2.596733 2.290682 -2.138801
2.596733 2.290682 -2.138801
2.596733 2.290682 -2.138801
2.596733 2.290682 -2.138801
2.596733 2.290682 -2.138801
2.596733 2.290682 -2.138801
2.596733 2.290682 -2.138801
2.612142 2.246469 -2.330918
2.612142 2.246469 -2.330918
2.612142 2.246469 -2.330918
2.612142 2.246469 -2.330918
2.170689 1.937484 -1.572262
2.170689 1.937484 -1.572262
2.170689 1.937484 -1.572262
2.170689 1.937484 -1.572262
2.170689 1.937484 -1.572262
2.170689 1.937484 -1.572262
2.170689 1.937484 -1.572262
2.170689 1.937484 -1.572262
2.170689 1.937484 -1.572262
2.170689 1.937484 -1.572262
2.170689 1.937484 -1.572262
2.170689 1.937484 -1.572262
2.170689 1.937484 -1.572262
2.170689 1.937484 -1.572262
2.170689 1.937484 -1.572262
2.170689 1.937484 -1.572262
2.170689 1.937484 -1.572262
2.170689 1.937484 -1.572262
2.170689 1.937484 -1.572262
2.170689 1.937484 -1.572262
2.170689 1.937484 -1.572262
2.170689 1.937484 -1.572262
2.170689 1.937484 -1.572262
2.239632 2.047388 -1.61005
2.239632 2.047388 -1.61005
2.239632 2.047388 -1.61005
2.239632 2.047388 -1.61005
2.239632 2.047388 -1.61005
2.239632 2.047388 -1.61005
2.239632 2.047388 -1.61005
2.239632 2.047388 -1.61005
2.239632 2.047388 -1.61005
2.239632 2.047388 -1.61005
2.239632 2.047388 -1.61005
2.239632 2.047388 -1.61005
2.239632 2.047388 -1.61005
2.239632 2.047388 -1.61005
2.239632 2.047388 -1.61005
2.239632 2.047388 -1.61005
2.239632 2.047388 -1.61005
2.239632 2.047388 -1.61005
2.239632 2.047388 -1.61005
2.239632 2.047388 -1.61005
2.239632 2.047388 -1.61005
2.239632 2.047388 -1.61005
2.239632 2.047388 -1.61005
2.239632 2.047388 -1.61005
2.239632 2.047388 -1.61005
2.239632 2.047388 -1.61005
2.239632 2.047388 -1.61005
2.239632 2.047388 -1.61005
2.239632 2.047388 -1.61005
2.239632 2.047388 -1.61005
2.239632 2.047388 -1.61005
2.239632 2.047388 -1.61005
2.239632 2.047388 -1.61005
2.239632 2.047388 -1.61005
2.239632 2.047388 -1.61005
2.239632 2.047388 -1.61005
2.239632 2.047388 -1.61005
2.239632 2.047388 -1.61005
2.239632 2.047388 -1.61005
2.239632 2.047388 -1.61005
2.239632 2.047388 -1.61005
2.239632 2.047388 -1.61005
2.239632 2.047388 -1.61005
2.239632 2.047388 -1.61005
2.239632 2.047388 -1.61005
2.239632 2.047388 -1.61005
2.239632 2.047388 -1.61005
2.239632 2.047388 -1.61005
2.239632 2.047388 -1.61005
2.239632 2.047388 -1.61005
2.239632 2.047388 -1.61005
2.239632 2.047388 -1.61005
2.239632 2.047388 -1.61005
2.239632 2.047388 -1.61005
2.239632 2.047388 -1.61005
2.239632 2.047388 -1.61005
2.239632 2.047388 -1.61005
2.239632 2.047388 -1.61005
2.239632 2.047388 -1.61005
2.239632 2.047388 -1.61005
2.261488 2.088588 -1.650528
2.261488 2.088588 -1.650528
2.261488 2.088588 -1.650528
2.261488 2.088588 -1.650528
2.261488 2.088588 -1.650528
2.261488 2.088588 -1.650528
2.261488 2.088588 -1.650528
2.261488 2.088588 -1.650528
2.261488 2.088588 -1.650528
2.261488 2.088588 -1.650528
2.261488 2.088588 -1.650528
2.261488 2.088588 -1.650528
2.261488 2.088588 -1.650528
2.261488 2.088588 -1.650528
2.261488 2.088588 -1.650528
2.261488 2.088588 -1.650528
2.261488 2.088588 -1.650528
2.261488 2.088588 -1.650528
2.261488 2.088588 -1.650528
2.261488 2.088588 -1.650528
2.261488 2.088588 -1.650528
2.261488 2.088588 -1.650528
2.261488 2.088588 -1.650528
2.261488 2.088588 -1.650528
2.261488 2.088588 -1.650528
2.261488 2.088588 -1.650528
2.261488 2.088588 -1.650528
2.261488 2.088588 -1.650528
2.261488 2.088588 -1.650528
2.261488 2.088588 -1.650528
2.261488 2.088588 -1.650528
2.261488 2.088588 -1.650528
2.261488 2.088588 -1.650528
2.261488 2.088588 -1.650528
2.261488 2.088588 -1.650528
2.261488 2.088588 -1.650528
2.261488 2.088588 -1.650528
2.261488 2.088588 -1.650528
2.261488 2.088588 -1.650528
2.261488 2.088588 -1.650528
2.261488 2.088588 -1.650528
2.261488 2.088588 -1.650528
2.261488 2.088588 -1.650528
2.261488 2.088588 -1.650528
2.261488 2.088588 -1.650528
2.261488 2.088588 -1.650528
2.261488 2.088588 -1.650528
2.261488 2.088588 -1.650528
2.261488 2.088588 -1.650528
2.261488 2.088588 -1.650528
2.261488 2.088588 -1.650528
2.261488 2.088588 -1.650528
2.261488 2.088588 -1.650528
2.261488 2.088588 -1.650528
2.261488 2.088588 -1.650528
2.261488 2.088588 -1.650528
2.261488 2.088588 -1.650528
2.261488 2.088588 -1.650528
2.261488 2.088588 -1.650528
2.261488 2.088588 -1.650528
2.298737 2.113529 -1.674668
2.298737 2.113529 -1.674668
2.298737 2.113529 -1.674668
2.298737 2.113529 -1.674668
2.298737 2.113529 -1.674668
2.298737 2.113529 -1.674668
2.298737 2.113529 -1.674668
2.298737 2.113529 -1.674668
2.298737 2.113529 -1.674668
2.298737 2.113529 -1.674668
2.298737 2.113529 -1.674668
2.298737 2.113529 -1.674668
2.298737 2.113529 -1.674668
2.298737 2.113529 -1.674668
2.298737 2.113529 -1.674668
2.298737 2.113529 -1.674668
2.298737 2.113529 -1.674668
2.298737 2.113529 -1.674668
2.298737 2.113529 -1.674668
2.298737 2.113529 -1.674668
2.298737 2.113529 -1.674668
2.298737 2.113529 -1.674668
2.298737 2.113529 -1.674668
2.298737 2.113529 -1.674668
2.298737 2.113529 -1.674668
2.298737 2.113529 -1.674668
2.298737 2.113529 -1.674668
2.298737 2.113529 -1.674668
2.298737 2.113529 -1.674668
2.298737 2.113529 -1.674668
2.298737 2.113529 -1.674668
2.298737 2.113529 -1.674668
2.298737 2.113529 -1.674668
2.298737 2.113529 -1.674668
2.298737 2.113529 -1.674668
2.298737 2.113529 -1.674668
2.298737 2.113529 -1.674668
2.298737 2.113529 -1.674668
2.298737 2.113529 -1.674668
2.298737 2.113529 -1.674668
2.298737 2.113529 -1.674668
2.298737 2.113529 -1.674668
2.298737 2.113529 -1.674668
2.298737 2.113529 -1.674668
2.298737 2.113529 -1.674668
2.298737 2.113529 -1.674668
2.298737 2.113529 -1.674668
2.298737 2.113529 -1.674668
2.298737 2.113529 -1.674668
2.298737 2.113529 -1.674668
2.298737 2.113529 -1.674668
2.298737 2.113529 -1.674668
2.298737 2.113529 -1.674668
2.298737 2.113529 -1.674668
2.298737 2.113529 -1.674668
2.298737 2.113529 -1.674668
2.298737 2.113529 -1.674668
2.298737 2.113529 -1.674668
2.298737 2.113529 -1.674668
2.298737 2.113529 -1.674668
2.296366 2.195969 -1.692137
2.296366 2.195969 -1.692137
2.296366 2.195969 -1.692137
2.296366 2.195969 -1.692137
2.296366 2.195969 -1.692137
2.296366 2.195969 -1.692137
2.296366 2.195969 -1.692137
2.296366 2.195969 -1.692137
2.296366 2.195969 -1.692137
2.296366 2.195969 -1.692137
2.296366 2.195969 -1.692137
2.296366 2.195969 -1.692137
2.296366 2.195969 -1.692137
2.296366 2.195969 -1.692137
2.296366 2.195969 -1.692137
2.296366 2.195969 -1.692137
2.296366 2.195969 -1.692137
2.296366 2.195969 -1.692137
2.296366 2.195969 -1.692137
2.296366 2.195969 -1.692137
2.296366 2.195969 -1.692137
2.296366 2.195969 -1.692137
2.296366 2.195969 -1.692137
2.296366 2.195969 -1.692137
2.296366 2.195969 -1.692137
2.296366 2.195969 -1.692137
2.296366 2.195969 -1.692137
2.296366 2.195969 -1.692137
2.296366 2.195969 -1.692137
2.296366 2.195969 -1.692137
2.296366 2.195969 -1.692137
2.296366 2.195969 -1.692137
2.296366 2.195969 -1.692137
2.296366 2.195969 -1.692137
2.296366 2.195969 -1.692137
2.296366 2.195969 -1.692137
2.296366 2.195969 -1.692137
2.296366 2.195969 -1.692137
2.296366 2.195969 -1.692137
2.296366 2.195969 -1.692137
2.296366 2.195969 -1.692137
2.296366 2.195969 -1.692137
2.296366 2.195969 -1.692137
2.296366 2.195969 -1.692137
2.296366 2.195969 -1.692137
2.296366 2.195969 -1.692137
2.296366 2.195969 -1.692137
2.296366 2.195969 -1.692137
2.296366 2.195969 -1.692137
2.296366 2.195969 -1.692137
2.296366 2.195969 -1.692137
2.296366 2.195969 -1.692137
2.296366 2.195969 -1.692137
2.296366 2.195969 -1.692137
2.389622 2.400346 -1.985438
2.389622 2.400346 -1.985438
2.389622 2.400346 -1.985438
2.389622 2.400346 -1.985438
2.389622 2.400346 -1.985438
2.389622 2.400346 -1.985438
2.341536 2.447379 -2.00438
2.341536 2.447379 -2.00438
2.341536 2.447379 -2.00438
2.341536 2.447379 -2.00438
2.341536 2.447379 -2.00438
2.341536 2.447379 -2.00438
2.341536 2.447379 -2.00438
2.341536 2.447379 -2.00438
2.341536 2.447379 -2.00438
2.341536 2.447379 -2.00438
2.341536 2.447379 -2.00438
2.341536 2.447379 -2.00438
2.341536 2.447379 -2.00438
2.341536 2.447379 -2.00438
2.341536 2.447379 -2.00438
2.341536 2.447379 -2.00438
2.341536 2.447379 -2.00438
2.514214 2.336322 -1.458794
2.514214 2.336322 -1.458794
2.514214 2.336322 -1.458794
2.514214 2.336322 -1.458794
2.514214 2.336322 -1.458794
2.514214 2.336322 -1.458794
2.514214 2.336322 -1.458794
2.514214 2.336322 -1.458794
2.514214 2.336322 -1.458794
2.514214 2.336322 -1.458794
2.514214 2.336322 -1.458794
2.514214 2.336322 -1.458794
2.514214 2.336322 -1.458794
2.514214 2.336322 -1.458794
2.514214 2.336322 -1.458794
2.514214 2.336322 -1.458794
2.514214 2.336322 -1.458794
2.514214 2.336322 -1.458794
2.514214 2.336322 -1.458794
2.514214 2.336322 -1.458794
2.514214 2.336322 -1.458794
2.514214 2.336322 -1.458794
2.514214 2.336322 -1.458794
2.514214 2.336322 -1.458794
2.514214 2.336322 -1.458794
2.514214 2.336322 -1.458794
2.514214 2.336322 -1.458794
2.514214 2.336322 -1.458794
2.635862 2.678067 -2.137086
2.635862 2.678067 -2.137086
2.635862 2.678067 -2.137086
2.635862 2.678067 -2.137086
2.635862 2.678067 -2.137086
2.635862 2.678067 -2.137086
2.635862 2.678067 -2.137086
2.635862 2.678067 -2.137086
2.635862 2.678067 -2.137086
2.635862 2.678067 -2.137086
2.635862 2.678067 -2.137086
2.635862 2.678067 -2.137086
2.635862 2.678067 -2.137086
2.635862 2.678067 -2.137086
2.635862 2.678067 -2.137086
2.655497 2.664927 -2.193265
2.655497 2.664927 -2.193265
2.655497 2.664927 -2.193265
2.655497 2.664927 -2.193265
2.655497 2.664927 -2.193265
2.655497 2.664927 -2.193265
2.655497 2.664927 -2.193265
2.655497 2.664927 -2.193265
2.655497 2.664927 -2.193265
2.655497 2.664927 -2.193265
2.655497 2.664927 -2.193265
2.655497 2.664927 -2.193265
2.655497 2.664927 -2.193265
2.655497 2.664927 -2.193265
2.655497 2.664927 -2.193265
2.655497 2.664927 -2.193265
2.655497 2.664927 -2.193265
2.655497 2.664927 -2.193265
2.655497 2.664927 -2.193265
2.655497 2.664927 -2.193265
2.655497 2.664927 -2.193265
2.655497 2.664927 -2.193265
2.655497 2.664927 -2.193265
2.655497 2.664927 -2.193265
2.655497 2.664927 -2.193265
2.655497 2.664927 -2.193265
2.655497 2.664927 -2.193265
2.655497 2.664927 -2.193265
2.655497 2.664927 -2.193265
2.655497 2.664927 -2.193265
2.655497 2.664927 -2.193265
2.655497 2.664927 -2.193265
2.655497 2.664927 -2.193265
2.655497 2.664927 -2.193265
2.655497 2.664927 -2.193265
2.655497 2.664927 -2.193265
2.655497 2.664927 -2.193265
2.655497 2.664927 -2.193265
2.655497 2.664927 -2.193265
2.655497 2.664927 -2.193265
2.655497 2.664927 -2.193265
2.655497 2.664927 -2.193265
2.655497 2.664927 -2.193265
2.655497 2.664927 -2.193265
2.655497 2.664927 -2.193265
2.655497 2.664927 -2.193265
2.655497 2.664927 -2.193265
2.655497 2.664927 -2.193265
2.655497 2.664927 -2.193265
2.655497 2.664927 -2.193265
2.655497 2.664927 -2.193265
2.655497 2.664927 -2.193265
2.655497 2.664927 -2.193265
2.655497 2.664927 -2.193265
2.655497 2.664927 -2.193265
2.655497 2.664927 -2.193265
2.655497 2.664927 -2.193265
2.655497 2.664927 -2.193265
2.655497 2.664927 -2.193265
2.655497 2.664927 -2.193265
2.783362 2.738127 -2.233727
2.783362 2.738127 -2.233727
2.783362 2.738127 -2.233727
2.783362 2.738127 -2.233727
2.783362 2.738127 -2.233727
2.783362 2.738127 -2.233727
2.783362 2.738127 -2.233727
2.783362 2.738127 -2.233727
2.783362 2.738127 -2.233727
2.783362 2.738127 -2.233727
2.783362 2.738127 -2.233727
2.783362 2.738127 -2.233727
2.783362 2.738127 -2.233727
2.783362 2.738127 -2.233727
2.783362 2.738127 -2.233727
2.783362 2.738127 -2.233727
2.783362 2.738127 -2.233727
2.783362 2.738127 -2.233727
2.783362 2.738127 -2.233727
2.783362 2.738127 -2.233727
2.783362 2.738127 -2.233727
2.783362 2.738127 -2.233727
2.783362 2.738127 -2.233727
2.783362 2.738127 -2.233727
2.783362 2.738127 -2.233727
2.783362 2.738127 -2.233727
2.783362 2.738127 -2.233727
2.783362 2.738127 -2.233727
2.783362 2.738127 -2.233727
2.783362 2.738127 -2.233727
2.783362 2.738127 -2.233727
2.783362 2.738127 -2.233727
2.783362 2.738127 -2.233727
2.783362 2.738127 -2.233727
2.783362 2.738127 -2.233727
2.783362 2.738127 -2.233727
2.783362 2.738127 -2.233727
2.783362 2.738127 -2.233727
2.783362 2.738127 -2.233727
2.783362 2.738127 -2.233727
2.783362 2.738127 -2.233727
2.783362 2.738127 -2.233727
2.783362 2.738127 -2.233727
2.783362 2.738127 -2.233727
2.374138 2.059414 -1.81671
2.374138 2.059414 -1.81671
2.374138 2.059414 -1.81671
2.374138 2.059414 -1.81671
2.738828 2.176268 -2.391285
2.738828 2.176268 -2.391285
2.738828 2.176268 -2.391285
2.738828 2.176268 -2.391285
2.738828 2.176268 -2.391285
2.738828 2.176268 -2.391285
2.738828 2.176268 -2.391285
2.738828 2.176268 -2.391285
2.738828 2.176268 -2.391285
2.738828 2.176268 -2.391285
2.738828 2.176268 -2.391285
2.738828 2.176268 -2.391285
2.778346 2.214079 -2.3758
2.778346 2.214079 -2.3758
2.778346 2.214079 -2.3758
2.778346 2.214079 -2.3758
2.778346 2.214079 -2.3758
2.778346 2.214079 -2.3758
2.778346 2.214079 -2.3758
2.778346 2.214079 -2.3758
2.778346 2.214079 -2.3758
2.778346 2.214079 -2.3758
2.778346 2.214079 -2.3758
2.778346 2.214079 -2.3758
2.778346 2.214079 -2.3758
2.778346 2.214079 -2.3758
2.778346 2.214079 -2.3758
2.778346 2.214079 -2.3758
2.778346 2.214079 -2.3758
2.778346 2.214079 -2.3758
2.778346 2.214079 -2.3758
2.778346 2.214079 -2.3758
2.778346 2.214079 -2.3758
2.778346 2.214079 -2.3758
2.778346 2.214079 -2.3758
2.778346 2.214079 -2.3758
2.778346 2.214079 -2.3758
2.778346 2.214079 -2.3758
2.778346 2.214079 -2.3758
2.778346 2.214079 -2.3758
2.778346 2.214079 -2.3758
2.778346 2.214079 -2.3758
2.778346 2.214079 -2.3758
2.778346 2.214079 -2.3758
2.778346 2.214079 -2.3758
2.778346 2.214079 -2.3758
2.778346 2.214079 -2.3758
2.778346 2.214079 -2.3758
2.778346 2.214079 -2.3758
2.778346 2.214079 -2.3758
2.778346 2.214079 -2.3758
2.778346 2.214079 -2.3758
2.778346 2.214079 -2.3758
2.778346 2.214079 -2.3758
2.778346 2.214079 -2.3758
2.778346 2.214079 -2.3758
2.778346 2.214079 -2.3758
2.778346 2.214079 -2.3758
2.778346 2.214079 -2.3758
2.778346 2.214079 -2.3758
2.778346 2.214079 -2.3758
2.778346 2.214079 -2.3758
2.778346 2.214079 -2.3758
2.778346 2.214079 -2.3758
2.778346 2.214079 -2.3758
2.778346 2.214079 -2.3758
2.778346 2.214079 -2.3758
2.778346 2.214079 -2.3758
2.778346 2.214079 -2.3758
2.778346 2.214079 -2.3758
2.778346 2.214079 -2.3758
2.778346 2.214079 -2.3758
2.917266 2.30913 -2.329035
2.917266 2.30913 -2.329035
2.917266 2.30913 -2.329035
2.917266 2.30913 -2.329035
2.917266 2.30913 -2.329035
2.917266 2.30913 -2.329035
2.917266 2.30913 -2.329035
2.917266 2.30913 -2.329035
2.917266 2.30913 -2.329035
2.917266 2.30913 -2.329035
2.917266 2.30913 -2.329035
2.917266 2.30913 -2.329035
2.917266 2.30913 -2.329035
2.917266 2.30913 -2.329035
2.917266 2.30913 -2.329035
2.917266 2.30913 -2.329035
2.917266 2.30913 -2.329035
2.917266 2.30913 -2.329035
2.917266 2.30913 -2.329035
2.917266 2.30913 -2.329035
2.917266 2.30913 -2.329035
2.917266 2.30913 -2.329035
2.917266 2.30913 -2.329035
2.917266 2.30913 -2.329035
2.917266 2.30913 -2.329035
2.917266 2.30913 -2.329035
2.917266 2.30913 -2.329035
2.917266 2.30913 -2.329035
2.917266 2.30913 -2.329035
2.917266 2.30913 -2.329035
2.917266 2.30913 -2.329035
2.917266 2.30913 -2.329035
2.917266 2.30913 -2.329035
2.917266 2.30913 -2.329035
2.917266 2.30913 -2.329035
2.917266 2.30913 -2.329035
2.917266 2.30913 -2.329035
2.917266 2.30913 -2.329035
2.917266 2.30913 -2.329035
2.917266 2.30913 -2.329035
2.917266 2.30913 -2.329035
2.917266 2.30913 -2.329035
2.917266 2.30913 -2.329035
2.917266 2.30913 -2.329035
2.917266 2.30913 -2.329035
2.917266 2.30913 -2.329035
2.917266 2.30913 -2.329035
2.917266 2.30913 -2.329035
2.917266 2.30913 -2.329035
2.917266 2.30913 -2.329035
2.917266 2.30913 -2.329035
2.917266 2.30913 -2.329035
2.917266 2.30913 -2.329035
2.917266 2.30913 -2.329035
2.917266 2.30913 -2.329035
2.917266 2.30913 -2.329035
2.681673 2.428807 -1.776706
2.681673 2.428807 -1.776706
2.681673 2.428807 -1.776706
2.681673 2.428807 -1.776706
2.522459 2.570615 -1.765374
2.522459 2.570615 -1.765374
2.522459 2.570615 -1.765374
2.522459 2.570615 -1.765374
2.522459 2.570615 -1.765374
2.522459 2.570615 -1.765374
2.522459 2.570615 -1.765374
2.522459 2.570615 -1.765374
2.522459 2.570615 -1.765374
2.522459 2.570615 -1.765374
2.522459 2.570615 -1.765374
2.522459 2.570615 -1.765374
2.522459 2.570615 -1.765374
2.522459 2.570615 -1.765374
2.522459 2.570615 -1.765374
2.522459 2.570615 -1.765374
2.522459 2.570615 -1.765374
2.522459 2.570615 -1.765374
2.522459 2.570615 -1.765374
2.522459 2.570615 -1.765374
2.522459 2.570615 -1.765374
2.522459 2.570615 -1.765374
2.522459 2.570615 -1.765374
2.522459 2.570615 -1.765374
2.522459 2.570615 -1.765374
2.522459 2.570615 -1.765374
2.522459 2.570615 -1.765374
2.522459 2.570615 -1.765374
2.522459 2.570615 -1.765374
2.522459 2.570615 -1.765374
2.522459 2.570615 -1.765374
2.522459 2.570615 -1.765374
2.522459 2.570615 -1.765374
2.522459 2.570615 -1.765374
2.522459 2.570615 -1.765374
2.522459 2.570615 -1.765374
2.522459 2.570615 -1.765374
2.522459 2.570615 -1.765374
2.522459 2.570615 -1.765374
2.522459 2.570615 -1.765374
2.522459 2.570615 -1.765374
2.522459 2.570615 -1.765374
2.522459 2.570615 -1.765374
2.522459 2.570615 -1.765374
2.522459 2.570615 -1.765374
2.522459 2.570615 -1.765374
2.522459 2.570615 -1.765374
2.522459 2.570615 -1.765374
2.522459 2.570615 -1.765374
2.522459 2.570615 -1.765374
2.522459 2.570615 -1.765374
2.522459 2.570615 -1.765374
2.522459 2.570615 -1.765374
2.522459 2.570615 -1.765374
2.522459 2.570615 -1.765374
2.522459 2.570615 -1.765374
2.522459 2.570615 -1.765374
2.522459 2.570615 -1.765374
2.522459 2.570615 -1.765374
2.522459 2.570615 -1.765374
