-0.04967007 0.2666137 -0.08746354
-0.04967007 0.2666137 -0.08746354
0.612649 -0.5344035 -0.5468424
0.612649 -0.5344035 -0.5468424
0.612649 -0.5344035 -0.5468424
0.612649 -0.5344035 -0.5468424
0.612649 -0.5344035 -0.5468424
0.612649 -0.5344035 -0.5468424
0.612649 -0.5344035 -0.5468424
0.612649 -0.5344035 -0.5468424
0.612649 -0.5344035 -0.5468424
1.587693 0.3562066 -0.4041727
1.587693 0.3562066 -0.4041727
1.587693 0.3562066 -0.4041727
1.587693 0.3562066 -0.4041727
1.587693 0.3562066 -0.4041727
1.587693 0.3562066 -0.4041727
1.587693 0.3562066 -0.4041727
1.587693 0.3562066 -0.4041727
1.587693 0.3562066 -0.4041727
1.587693 0.3562066 -0.4041727
1.587693 0.3562066 -0.4041727
1.587693 0.3562066 -0.4041727
1.587693 0.3562066 -0.4041727
1.587693 0.3562066 -0.4041727
1.587693 0.3562066 -0.4041727
1.587693 0.3562066 -0.4041727
1.587693 0.3562066 -0.4041727
1.587693 0.3562066 -0.4041727
1.587693 0.3562066 -0.4041727
1.587693 0.3562066 -0.4041727
1.587693 0.3562066 -0.4041727
1.587693 0.3562066 -0.4041727
1.587693 0.3562066 -0.4041727
1.512396 0.629208 -0.09359765
1.512396 0.629208 -0.09359765
1.512396 0.629208 -0.09359765
1.512396 0.629208 -0.09359765
1.512396 0.629208 -0.09359765
1.512396 0.629208 -0.09359765
1.512396 0.629208 -0.09359765
1.512396 0.629208 -0.09359765
1.512396 0.629208 -0.09359765
1.512396 0.629208 -0.09359765
1.512396 0.629208 -0.09359765
1.512396 0.629208 -0.09359765
1.512396 0.629208 -0.09359765
1.512396 0.629208 -0.09359765
1.512396 0.629208 -0.09359765
1.512396 0.629208 -0.09359765
1.512396 0.629208 -0.09359765
1.512396 0.629208 -0.09359765
1.512396 0.629208 -0.09359765
1.512396 0.629208 -0.09359765
1.512396 0.629208 -0.09359765
1.512396 0.629208 -0.09359765
1.512396 0.629208 -0.09359765
1.512396 0.629208 -0.09359765
1.512396 0.629208 -0.09359765
1.512396 0.629208 -0.09359765
1.576045 0.6527971 -0.09036436
1.576045 0.6527971 -0.09036436
1.576045 0.6527971 -0.09036436
1.576045 0.6527971 -0.09036436
1.576045 0.6527971 -0.09036436
1.576045 0.6527971 -0.09036436
1.576045 0.6527971 -0.09036436
1.576045 0.6527971 -0.09036436
1.576045 0.6527971 -0.09036436
1.576045 0.6527971 -0.09036436
1.576045 0.6527971 -0.09036436
1.576045 0.6527971 -0.09036436
1.576045 0.6527971 -0.09036436
1.576045 0.6527971 -0.09036436
1.576045 0.6527971 -0.09036436
1.576045 0.6527971 -0.09036436
1.576045 0.6527971 -0.09036436
1.576045 0.6527971 -0.09036436
1.576045 0.6527971 -0.09036436
1.576045 0.6527971 -0.09036436
1.576045 0.6527971 -0.09036436
1.576045 0.6527971 -0.09036436
1.576045 0.6527971 -0.09036436
1.576045 0.6527971 -0.09036436
1.576045 0.6527971 -0.09036436
1.576045 0.6527971 -0.09036436
1.576045 0.6527971 -0.09036436
1.576045 0.6527971 -0.09036436
1.576045 0.6527971 -0.09036436
1.576045 0.6527971 -0.09036436
1.576045 0.6527971 -0.09036436
1.576045 0.6527971 -0.09036436
1.576045 0.6527971 -0.09036436
1.576045 0.6527971 -0.09036436
1.576045 0.6527971 -0.09036436
1.576045 0.6527971 -0.09036436
1.576045 0.6527971 -0.09036436
1.576045 0.6527971 -0.09036436
1.576045 0.6527971 -0.09036436
1.576045 0.6527971 -0.09036436
1.576045 0.6527971 -0.09036436
1.576045 0.6527971 -0.09036436
1.576045 0.6527971 -0.09036436
1.576045 0.6527971 -0.09036436
1.576045 0.6527971 -0.09036436
1.576045 0.6527971 -0.09036436
1.576045 0.6527971 -0.09036436
1.576045 0.6527971 -0.09036436
1.587907 1.043607 -0.5174587
1.587907 1.043607 -0.5174587
1.587907 1.043607 -0.5174587
1.587907 1.043607 -0.5174587
1.587907 1.043607 -0.5174587
1.587907 1.043607 -0.5174587
1.587907 1.043607 -0.5174587
1.587907 1.043607 -0.5174587
1.587907 1.043607 -0.5174587
1.587907 1.043607 -0.5174587
1.587907 1.043607 -0.5174587
1.587907 1.043607 -0.5174587
2.096728 1.173547 -0.5662238
2.096728 1.173547 -0.5662238
2.096728 1.173547 -0.5662238
2.096728 1.173547 -0.5662238
2.096728 1.173547 -0.5662238
2.096728 1.173547 -0.5662238
2.096728 1.173547 -0.5662238
2.096728 1.173547 -0.5662238
2.096728 1.173547 -0.5662238
2.096728 1.173547 -0.5662238
2.096728 1.173547 -0.5662238
2.096728 1.173547 -0.5662238
2.096728 1.173547 -0.5662238
1.657563 0.4420791 0.04677011
1.657563 0.4420791 0.04677011
1.657563 0.4420791 0.04677011
1.657563 0.4420791 0.04677011
1.657563 0.4420791 0.04677011
1.657563 0.4420791 0.04677011
1.657563 0.4420791 0.04677011
1.657563 0.4420791 0.04677011
1.657563 0.4420791 0.04677011
1.657563 0.4420791 0.04677011
1.657563 0.4420791 0.04677011
1.657563 0.4420791 0.04677011
1.657563 0.4420791 0.04677011
1.657563 0.4420791 0.04677011
1.657563 0.4420791 0.04677011
1.657563 0.4420791 0.04677011
1.657563 0.4420791 0.04677011
1.657563 0.4420791 0.04677011
1.657563 0.4420791 0.04677011
1.657563 0.4420791 0.04677011
1.657563 0.4420791 0.04677011
1.595979 0.8155842 0.2167132
1.595979 0.8155842 0.2167132
1.595979 0.8155842 0.2167132
1.595979 0.8155842 0.2167132
1.595979 0.8155842 0.2167132
1.595979 0.8155842 0.2167132
1.595979 0.8155842 0.2167132
1.595979 0.8155842 0.2167132
1.595979 0.8155842 0.2167132
1.595979 0.8155842 0.2167132
1.595979 0.8155842 0.2167132
1.595979 0.8155842 0.2167132
1.595979 0.8155842 0.2167132
1.595979 0.8155842 0.2167132
1.595979 0.8155842 0.2167132
1.595979 0.8155842 0.2167132
1.595979 0.8155842 0.2167132
1.595979 0.8155842 0.2167132
1.595979 0.8155842 0.2167132
1.75094 1.106983 -0.4121619
1.75094 1.106983 -0.4121619
1.75094 1.106983 -0.4121619
1.75094 1.106983 -0.4121619
1.75094 1.106983 -0.4121619
1.75094 1.106983 -0.4121619
1.75094 1.106983 -0.4121619
2.086032 1.258496 -0.4319289
2.086032 1.258496 -0.4319289
2.086032 1.258496 -0.4319289
2.086032 1.258496 -0.4319289
2.086032 1.258496 -0.4319289
2.086032 1.258496 -0.4319289
2.086032 1.258496 -0.4319289
2.086032 1.258496 -0.4319289
2.086032 1.258496 -0.4319289
2.086032 1.258496 -0.4319289
2.086032 1.258496 -0.4319289
2.086032 1.258496 -0.4319289
2.086032 1.258496 -0.4319289
2.086032 1.258496 -0.4319289
2.086032 1.258496 -0.4319289
2.086032 1.258496 -0.4319289
2.086032 1.258496 -0.4319289
2.086032 1.258496 -0.4319289
2.086032 1.258496 -0.4319289
2.086032 1.258496 -0.4319289
2.086032 1.258496 -0.4319289
2.086032 1.258496 -0.4319289
1.881349 0.8137835 -1.153423
1.881349 0.8137835 -1.153423
1.881349 0.8137835 -1.153423
1.881349 0.8137835 -1.153423
1.881349 0.8137835 -1.153423
1.881349 0.8137835 -1.153423
1.881349 0.8137835 -1.153423
1.881349 0.8137835 -1.153423
1.881349 0.8137835 -1.153423
1.881349 0.8137835 -1.153423
1.881349 0.8137835 -1.153423
1.881349 0.8137835 -1.153423
1.881349 0.8137835 -1.153423
1.881349 0.8137835 -1.153423
1.297866 1.193718 -0.1123652
1.297866 1.193718 -0.1123652
1.297866 1.193718 -0.1123652
1.297866 1.193718 -0.1123652
1.297866 1.193718 -0.1123652
1.297866 1.193718 -0.1123652
1.297866 1.193718 -0.1123652
1.297866 1.193718 -0.1123652
1.297866 1.193718 -0.1123652
1.297866 1.193718 -0.1123652
1.297866 1.193718 -0.1123652
1.297866 1.193718 -0.1123652
1.297866 1.193718 -0.1123652
1.297866 1.193718 -0.1123652
1.297866 1.193718 -0.1123652
1.297866 1.193718 -0.1123652
1.297866 1.193718 -0.1123652
1.262784 0.4237628 -0.0338313
1.262784 0.4237628 -0.0338313
1.262784 0.4237628 -0.0338313
1.262784 0.4237628 -0.0338313
1.262784 0.4237628 -0.0338313
1.262784 0.4237628 -0.0338313
1.262784 0.4237628 -0.0338313
1.494626 0.5691802 -0.07203299
1.494626 0.5691802 -0.07203299
1.494626 0.5691802 -0.07203299
1.494626 0.5691802 -0.07203299
1.494626 0.5691802 -0.07203299
1.494626 0.5691802 -0.07203299
1.494626 0.5691802 -0.07203299
1.494626 0.5691802 -0.07203299
1.494626 0.5691802 -0.07203299
1.494626 0.5691802 -0.07203299
1.494626 0.5691802 -0.07203299
1.494626 0.5691802 -0.07203299
1.494626 0.5691802 -0.07203299
1.494626 0.5691802 -0.07203299
1.494626 0.5691802 -0.07203299
1.494626 0.5691802 -0.07203299
1.494626 0.5691802 -0.07203299
1.494626 0.5691802 -0.07203299
1.494626 0.5691802 -0.07203299
1.494626 0.5691802 -0.07203299
1.494626 0.5691802 -0.07203299
1.494626 0.5691802 -0.07203299
1.494626 0.5691802 -0.07203299
1.494626 0.5691802 -0.07203299
1.494626 0.5691802 -0.07203299
1.494626 0.5691802 -0.07203299
1.494626 0.5691802 -0.07203299
1.494626 0.5691802 -0.07203299
1.494626 0.5691802 -0.07203299
1.494626 0.5691802 -0.07203299
1.494626 0.5691802 -0.07203299
1.494626 0.5691802 -0.07203299
1.494626 0.5691802 -0.07203299
1.494626 0.5691802 -0.07203299
1.494626 0.5691802 -0.07203299
1.494626 0.5691802 -0.07203299
1.494626 0.5691802 -0.07203299
1.494626 0.5691802 -0.07203299
1.494626 0.5691802 -0.07203299
1.494626 0.5691802 -0.07203299
1.494626 0.5691802 -0.07203299
1.494626 0.5691802 -0.07203299
1.494626 0.5691802 -0.07203299
1.494626 0.5691802 -0.07203299
1.494626 0.5691802 -0.07203299
1.494626 0.5691802 -0.07203299
1.494626 0.5691802 -0.07203299
1.494626 0.5691802 -0.07203299
1.494626 0.5691802 -0.07203299
1.494626 0.5691802 -0.07203299
1.494626 0.5691802 -0.07203299
1.494626 0.5691802 -0.07203299
1.494626 0.5691802 -0.07203299
1.494626 0.5691802 -0.07203299
1.494626 0.5691802 -0.07203299
1.494626 0.5691802 -0.07203299
1.494626 0.5691802 -0.07203299
1.494626 0.5691802 -0.07203299
1.494626 0.5691802 -0.07203299
1.494626 0.5691802 -0.07203299
1.664238 0.696761 -0.1103936
1.664238 0.696761 -0.1103936
1.664238 0.696761 -0.1103936
1.664238 0.696761 -0.1103936
1.664238 0.696761 -0.1103936
1.664238 0.696761 -0.1103936
1.664238 0.696761 -0.1103936
1.664238 0.696761 -0.1103936
1.664238 0.696761 -0.1103936
1.664238 0.696761 -0.1103936
1.664238 0.696761 -0.1103936
1.664238 0.696761 -0.1103936
1.664238 0.696761 -0.1103936
1.664238 0.696761 -0.1103936
1.664238 0.696761 -0.1103936
1.664238 0.696761 -0.1103936
1.664238 0.696761 -0.1103936
1.664238 0.696761 -0.1103936
1.664238 0.696761 -0.1103936
1.664238 0.696761 -0.1103936
1.664238 0.696761 -0.1103936
1.664238 0.696761 -0.1103936
1.664238 0.696761 -0.1103936
1.664238 0.696761 -0.1103936
1.664238 0.696761 -0.1103936
1.664238 0.696761 -0.1103936
1.664238 0.696761 -0.1103936
1.664238 0.696761 -0.1103936
1.664238 0.696761 -0.1103936
1.664238 0.696761 -0.1103936
1.664238 0.696761 -0.1103936
1.664238 0.696761 -0.1103936
1.664238 0.696761 -0.1103936
1.664238 0.696761 -0.1103936
1.664238 0.696761 -0.1103936
1.664238 0.696761 -0.1103936
1.664238 0.696761 -0.1103936
1.664238 0.696761 -0.1103936
1.664238 0.696761 -0.1103936
1.664238 0.696761 -0.1103936
1.664238 0.696761 -0.1103936
1.664238 0.696761 -0.1103936
1.664238 0.696761 -0.1103936
1.664238 0.696761 -0.1103936
1.664238 0.696761 -0.1103936
1.664238 0.696761 -0.1103936
1.664238 0.696761 -0.1103936
1.664238 0.696761 -0.1103936
1.664238 0.696761 -0.1103936
1.664238 0.696761 -0.1103936
1.664238 0.696761 -0.1103936
1.664238 0.696761 -0.1103936
1.664238 0.696761 -0.1103936
1.664238 0.696761 -0.1103936
1.664238 0.696761 -0.1103936
1.664238 0.696761 -0.1103936
1.664238 0.696761 -0.1103936
1.664238 0.696761 -0.1103936
1.664238 0.696761 -0.1103936
1.664238 0.696761 -0.1103936
1.808307 0.8415344 -0.1727045
1.808307 0.8415344 -0.1727045
1.808307 0.8415344 -0.1727045
1.808307 0.8415344 -0.1727045
1.808307 0.8415344 -0.1727045
1.808307 0.8415344 -0.1727045
1.808307 0.8415344 -0.1727045
1.808307 0.8415344 -0.1727045
1.808307 0.8415344 -0.1727045
1.808307 0.8415344 -0.1727045
1.808307 0.8415344 -0.1727045
1.808307 0.8415344 -0.1727045
1.808307 0.8415344 -0.1727045
1.808307 0.8415344 -0.1727045
1.808307 0.8415344 -0.1727045
1.808307 0.8415344 -0.1727045
1.808307 0.8415344 -0.1727045
1.808307 0.8415344 -0.1727045
1.808307 0.8415344 -0.1727045
1.808307 0.8415344 -0.1727045
1.808307 0.8415344 -0.1727045
1.808307 0.8415344 -0.1727045
1.808307 0.8415344 -0.1727045
1.808307 0.8415344 -0.1727045
1.808307 0.8415344 -0.1727045
1.808307 0.8415344 -0.1727045
1.58796 1.176438 -0.8831077
1.58796 1.176438 -0.8831077
1.58796 1.176438 -0.8831077
1.58796 1.176438 -0.8831077
1.58796 1.176438 -0.8831077
1.58796 1.176438 -0.8831077
1.58796 1.176438 -0.8831077
1.58796 1.176438 -0.8831077
1.58796 1.176438 -0.8831077
1.58796 1.176438 -0.8831077
1.58796 1.176438 -0.8831077
1.620321 0.9995511 -0.2433134
1.620321 0.9995511 -0.2433134
1.620321 0.9995511 -0.2433134
1.620321 0.9995511 -0.2433134
1.620321 0.9995511 -0.2433134
1.620321 0.9995511 -0.2433134
1.620321 0.9995511 -0.2433134
1.620321 0.9995511 -0.2433134
1.620321 0.9995511 -0.2433134
1.620321 0.9995511 -0.2433134
1.620321 0.9995511 -0.2433134
1.620321 0.9995511 -0.2433134
1.620321 0.9995511 -0.2433134
1.620321 0.9995511 -0.2433134
1.620321 0.9995511 -0.2433134
1.620321 0.9995511 -0.2433134
1.620321 0.9995511 -0.2433134
1.620321 0.9995511 -0.2433134
1.620321 0.9995511 -0.2433134
1.620321 0.9995511 -0.2433134
1.620321 0.9995511 -0.2433134
1.620321 0.9995511 -0.2433134
1.620321 0.9995511 -0.2433134
1.761131 1.169127 -0.3418285
1.761131 1.169127 -0.3418285
1.761131 1.169127 -0.3418285
1.761131 1.169127 -0.3418285
1.761131 1.169127 -0.3418285
1.761131 1.169127 -0.3418285
1.761131 1.169127 -0.3418285
1.761131 1.169127 -0.3418285
1.761131 1.169127 -0.3418285
1.761131 1.169127 -0.3418285
1.761131 1.169127 -0.3418285
1.761131 1.169127 -0.3418285
1.761131 1.169127 -0.3418285
1.761131 1.169127 -0.3418285
1.761131 1.169127 -0.3418285
1.761131 1.169127 -0.3418285
1.761131 1.169127 -0.3418285
1.761131 1.169127 -0.3418285
1.761131 1.169127 -0.3418285
1.761131 1.169127 -0.3418285
1.761131 1.169127 -0.3418285
1.761131 1.169127 -0.3418285
1.761131 1.169127 -0.3418285
1.761131 1.169127 -0.3418285
1.761131 1.169127 -0.3418285
1.761131 1.169127 -0.3418285
1.761131 1.169127 -0.3418285
1.761131 1.169127 -0.3418285
1.761131 1.169127 -0.3418285
1.761131 1.169127 -0.3418285
1.761131 1.169127 -0.3418285
1.761131 1.169127 -0.3418285
1.761131 1.169127 -0.3418285
1.761131 1.169127 -0.3418285
1.761131 1.169127 -0.3418285
1.761131 1.169127 -0.3418285
1.761131 1.169127 -0.3418285
1.761131 1.169127 -0.3418285
1.761131 1.169127 -0.3418285
1.761131 1.169127 -0.3418285
1.761131 1.169127 -0.3418285
1.761131 1.169127 -0.3418285
1.761131 1.169127 -0.3418285
1.761131 1.169127 -0.3418285
1.761131 1.169127 -0.3418285
1.761131 1.169127 -0.3418285
1.761131 1.169127 -0.3418285
1.761131 1.169127 -0.3418285
1.761131 1.169127 -0.3418285
1.761131 1.169127 -0.3418285
1.761131 1.169127 -0.3418285
1.761131 1.169127 -0.3418285
1.761131 1.169127 -0.3418285
1.761131 1.169127 -0.3418285
1.761131 1.169127 -0.3418285
1.761131 1.169127 -0.3418285
1.761131 1.169127 -0.3418285
1.761131 1.169127 -0.3418285
1.761131 1.169127 -0.3418285
1.761131 1.169127 -0.3418285
1.884379 1.339073 -0.4598459
1.884379 1.339073 -0.4598459
1.884379 1.339073 -0.4598459
1.884379 1.339073 -0.4598459
1.884379 1.339073 -0.4598459
1.884379 1.339073 -0.4598459
1.884379 1.339073 -0.4598459
1.884379 1.339073 -0.4598459
1.884379 1.339073 -0.4598459
1.884379 1.339073 -0.4598459
1.884379 1.339073 -0.4598459
1.884379 1.339073 -0.4598459
1.884379 1.339073 -0.4598459
1.884379 1.339073 -0.4598459
1.884379 1.339073 -0.4598459
1.884379 1.339073 -0.4598459
1.884379 1.339073 -0.4598459
1.884379 1.339073 -0.4598459
1.884379 1.339073 -0.4598459
1.884379 1.339073 -0.4598459
1.884379 1.339073 -0.4598459
1.884379 1.339073 -0.4598459
1.884379 1.339073 -0.4598459
1.884379 1.339073 -0.4598459
1.884379 1.339073 -0.4598459
1.884379 1.339073 -0.4598459
1.884379 1.339073 -0.4598459
1.884379 1.339073 -0.4598459
1.884379 1.339073 -0.4598459
1.884379 1.339073 -0.4598459
1.884379 1.339073 -0.4598459
1.884379 1.339073 -0.4598459
1.884379 1.339073 -0.4598459
1.884379 1.339073 -0.4598459
1.884379 1.339073 -0.4598459
1.884379 1.339073 -0.4598459
1.884379 1.339073 -0.4598459
1.884379 1.339073 -0.4598459
1.884379 1.339073 -0.4598459
1.884379 1.339073 -0.4598459
1.884379 1.339073 -0.4598459
1.884379 1.339073 -0.4598459
1.884379 1.339073 -0.4598459
1.884379 1.339073 -0.4598459
1.884379 1.339073 -0.4598459
1.884379 1.339073 -0.4598459
1.884379 1.339073 -0.4598459
1.884379 1.339073 -0.4598459
1.884379 1.339073 -0.4598459
1.884379 1.339073 -0.4598459
1.884379 1.339073 -0.4598459
1.884379 1.339073 -0.4598459
1.884379 1.339073 -0.4598459
1.884379 1.339073 -0.4598459
1.884379 1.339073 -0.4598459
1.884379 1.339073 -0.4598459
1.884379 1.339073 -0.4598459
1.884379 1.339073 -0.4598459
1.884379 1.339073 -0.4598459
1.884379 1.339073 -0.4598459
2.008345 1.512995 -0.5861322
2.008345 1.512995 -0.5861322
2.008345 1.512995 -0.5861322
2.008345 1.512995 -0.5861322
2.008345 1.512995 -0.5861322
2.008345 1.512995 -0.5861322
2.008345 1.512995 -0.5861322
2.008345 1.512995 -0.5861322
2.008345 1.512995 -0.5861322
2.008345 1.512995 -0.5861322
2.008345 1.512995 -0.5861322
2.008345 1.512995 -0.5861322
2.008345 1.512995 -0.5861322
2.008345 1.512995 -0.5861322
2.008345 1.512995 -0.5861322
2.008345 1.512995 -0.5861322
2.008345 1.512995 -0.5861322
2.008345 1.512995 -0.5861322
2.008345 1.512995 -0.5861322
2.008345 1.512995 -0.5861322
2.008345 1.512995 -0.5861322
2.008345 1.512995 -0.5861322
2.008345 1.512995 -0.5861322
2.008345 1.512995 -0.5861322
2.008345 1.512995 -0.5861322
2.008345 1.512995 -0.5861322
2.008345 1.512995 -0.5861322
2.008345 1.512995 -0.5861322
2.008345 1.512995 -0.5861322
2.008345 1.512995 -0.5861322
2.008345 1.512995 -0.5861322
2.008345 1.512995 -0.5861322
2.008345 1.512995 -0.5861322
2.008345 1.512995 -0.5861322
2.008345 1.512995 -0.5861322
2.008345 1.512995 -0.5861322
2.008345 1.512995 -0.5861322
2.008345 1.512995 -0.5861322
2.008345 1.512995 -0.5861322
2.008345 1.512995 -0.5861322
2.008345 1.512995 -0.5861322
2.008345 1.512995 -0.5861322
2.115893 1.527733 -0.7943636
2.115893 1.527733 -0.7943636
2.115893 1.527733 -0.7943636
2.115893 1.527733 -0.7943636
2.115893 1.527733 -0.7943636
2.115893 1.527733 -0.7943636
2.115893 1.527733 -0.7943636
2.115893 1.527733 -0.7943636
2.115893 1.527733 -0.7943636
2.115893 1.527733 -0.7943636
2.115893 1.527733 -0.7943636
2.115893 1.527733 -0.7943636
2.115893 1.527733 -0.7943636
2.115893 1.527733 -0.7943636
2.115893 1.527733 -0.7943636
2.115893 1.527733 -0.7943636
2.115893 1.527733 -0.7943636
2.115893 1.527733 -0.7943636
2.232586 1.705108 -0.9365924
2.232586 1.705108 -0.9365924
2.232586 1.705108 -0.9365924
2.232586 1.705108 -0.9365924
2.232586 1.705108 -0.9365924
2.232586 1.705108 -0.9365924
2.232586 1.705108 -0.9365924
2.232586 1.705108 -0.9365924
2.232586 1.705108 -0.9365924
2.232586 1.705108 -0.9365924
2.232586 1.705108 -0.9365924
2.232586 1.705108 -0.9365924
2.232586 1.705108 -0.9365924
2.232586 1.705108 -0.9365924
2.232586 1.705108 -0.9365924
2.232586 1.705108 -0.9365924
2.232586 1.705108 -0.9365924
2.232586 1.705108 -0.9365924
2.232586 1.705108 -0.9365924
2.232586 1.705108 -0.9365924
2.232586 1.705108 -0.9365924
2.232586 1.705108 -0.9365924
1.826877 1.368068 -1.057358
1.826877 1.368068 -1.057358
1.826877 1.368068 -1.057358
1.826877 1.368068 -1.057358
1.826877 1.368068 -1.057358
1.826877 1.368068 -1.057358
1.826877 1.368068 -1.057358
1.826877 1.368068 -1.057358
1.826877 1.368068 -1.057358
1.826877 1.368068 -1.057358
1.826877 1.368068 -1.057358
1.826877 1.368068 -1.057358
1.826877 1.368068 -1.057358
1.826877 1.368068 -1.057358
1.826877 1.368068 -1.057358
1.826877 1.368068 -1.057358
1.826877 1.368068 -1.057358
1.826877 1.368068 -1.057358
1.826877 1.368068 -1.057358
1.826877 1.368068 -1.057358
1.826877 1.368068 -1.057358
1.826877 1.368068 -1.057358
1.826877 1.368068 -1.057358
1.826877 1.368068 -1.057358
1.826877 1.368068 -1.057358
1.826877 1.368068 -1.057358
1.826877 1.368068 -1.057358
1.826877 1.368068 -1.057358
1.826877 1.368068 -1.057358
1.826877 1.368068 -1.057358
1.826877 1.368068 -1.057358
1.826877 1.368068 -1.057358
1.826877 1.368068 -1.057358
1.826877 1.368068 -1.057358
2.24047 1.684716 -1.114825
2.24047 1.684716 -1.114825
2.24047 1.684716 -1.114825
2.24047 1.684716 -1.114825
2.327843 1.837691 -1.178453
2.327843 1.837691 -1.178453
2.327843 1.837691 -1.178453
2.327843 1.837691 -1.178453
2.327843 1.837691 -1.178453
2.327843 1.837691 -1.178453
2.327843 1.837691 -1.178453
2.327843 1.837691 -1.178453
2.327843 1.837691 -1.178453
2.327843 1.837691 -1.178453
2.19359 1.832969 -1.372708
2.19359 1.832969 -1.372708
2.19359 1.832969 -1.372708
2.19359 1.832969 -1.372708
2.19359 1.832969 -1.372708
2.19359 1.832969 -1.372708
2.19359 1.832969 -1.372708
2.19359 1.832969 -1.372708
2.19359 1.832969 -1.372708
2.19359 1.832969 -1.372708
2.19359 1.832969 -1.372708
2.19359 1.832969 -1.372708
2.19359 1.832969 -1.372708
2.19359 1.832969 -1.372708
2.19359 1.832969 -1.372708
2.19359 1.832969 -1.372708
2.19359 1.832969 -1.372708
2.19359 1.832969 -1.372708
2.19359 1.832969 -1.372708
2.19359 1.832969 -1.372708
2.19359 1.832969 -1.372708
2.19359 1.832969 -1.372708
2.19359 1.832969 -1.372708
2.19359 1.832969 -1.372708
2.19359 1.832969 -1.372708
2.19359 1.832969 -1.372708
2.19359 1.832969 -1.372708
2.19359 1.832969 -1.372708
2.19359 1.832969 -1.372708
2.19359 1.832969 -1.372708
2.19359 1.832969 -1.372708
2.19359 1.832969 -1.372708
2.19359 1.832969 -1.372708
2.19359 1.832969 -1.372708
2.19359 1.832969 -1.372708
2.19359 1.832969 -1.372708
2.19359 1.832969 -1.372708
2.19359 1.832969 -1.372708
2.19359 1.832969 -1.372708
2.19359 1.832969 -1.372708
2.19359 1.832969 -1.372708
2.19359 1.832969 -1.372708
2.19359 1.832969 -1.372708
2.19359 1.832969 -1.372708
2.19359 1.832969 -1.372708
2.19359 1.832969 -1.372708
2.19359 1.832969 -1.372708
2.19359 1.832969 -1.372708
2.19359 1.832969 -1.372708
2.19359 1.832969 -1.372708
2.300672 1.997122 -1.42963
2.300672 1.997122 -1.42963
2.300672 1.997122 -1.42963
2.300672 1.997122 -1.42963
2.300672 1.997122 -1.42963
2.300672 1.997122 -1.42963
2.300672 1.997122 -1.42963
2.300672 1.997122 -1.42963
2.300672 1.997122 -1.42963
2.300672 1.997122 -1.42963
2.300672 1.997122 -1.42963
2.300672 1.997122 -1.42963
2.300672 1.997122 -1.42963
2.300672 1.997122 -1.42963
2.300672 1.997122 -1.42963
2.300672 1.997122 -1.42963
2.300672 1.997122 -1.42963
2.300672 1.997122 -1.42963
2.300672 1.997122 -1.42963
2.300672 1.997122 -1.42963
2.300672 1.997122 -1.42963
2.300672 1.997122 -1.42963
2.300672 1.997122 -1.42963
2.300672 1.997122 -1.42963
2.300672 1.997122 -1.42963
2.300672 1.997122 -1.42963
2.300672 1.997122 -1.42963
2.300672 1.997122 -1.42963
2.300672 1.997122 -1.42963
2.300672 1.997122 -1.42963
2.300672 1.997122 -1.42963
2.300672 1.997122 -1.42963
2.300672 1.997122 -1.42963
2.300672 1.997122 -1.42963
2.300672 1.997122 -1.42963
2.300672 1.997122 -1.42963
2.300672 1.997122 -1.42963
2.300672 1.997122 -1.42963
2.300672 1.997122 -1.42963
2.300672 1.997122 -1.42963
2.300672 1.997122 -1.42963
2.300672 1.997122 -1.42963
2.300672 1.997122 -1.42963
2.300672 1.997122 -1.42963
2.300672 1.997122 -1.42963
2.300672 1.997122 -1.42963
2.300672 1.997122 -1.42963
2.300672 1.997122 -1.42963
2.300672 1.997122 -1.42963
2.300672 1.997122 -1.42963
2.300672 1.997122 -1.42963
2.300672 1.997122 -1.42963
2.300672 1.997122 -1.42963
2.300672 1.997122 -1.42963
2.300672 1.997122 -1.42963
2.300672 1.997122 -1.42963
2.300672 1.997122 -1.42963
2.300672 1.997122 -1.42963
2.300672 1.997122 -1.42963
2.300672 1.997122 -1.42963
2.42907 2.131261 -1.521345
2.087583 1.95547 -1.186122
2.087583 1.95547 -1.186122
2.087583 1.95547 -1.186122
2.087583 1.95547 -1.186122
2.087583 1.95547 -1.186122
2.087583 1.95547 -1.186122
2.087583 1.95547 -1.186122
2.087583 1.95547 -1.186122
2.087583 1.95547 -1.186122
2.087583 1.95547 -1.186122
2.087583 1.95547 -1.186122
2.087583 1.95547 -1.186122
2.087583 1.95547 -1.186122
2.087583 1.95547 -1.186122
2.087583 1.95547 -1.186122
2.087583 1.95547 -1.186122
2.087583 1.95547 -1.186122
2.087583 1.95547 -1.186122
2.087583 1.95547 -1.186122
2.087583 1.95547 -1.186122
2.087583 1.95547 -1.186122
2.087583 1.95547 -1.186122
2.087583 1.95547 -1.186122
2.087583 1.95547 -1.186122
2.087583 1.95547 -1.186122
2.087583 1.95547 -1.186122
2.087583 1.95547 -1.186122
2.087583 1.95547 -1.186122
2.087583 1.95547 -1.186122
2.087583 1.95547 -1.186122
2.087583 1.95547 -1.186122
2.087583 1.95547 -1.186122
2.087583 1.95547 -1.186122
2.087583 1.95547 -1.186122
2.087583 1.95547 -1.186122
2.087583 1.95547 -1.186122
2.087583 1.95547 -1.186122
2.087583 1.95547 -1.186122
2.087583 1.95547 -1.186122
2.087583 1.95547 -1.186122
2.255657 1.888677 -1.384226
2.255657 1.888677 -1.384226
2.255657 1.888677 -1.384226
2.255657 1.888677 -1.384226
2.255657 1.888677 -1.384226
2.255657 1.888677 -1.384226
2.255657 1.888677 -1.384226
2.255657 1.888677 -1.384226
2.255657 1.888677 -1.384226
2.255657 1.888677 -1.384226
2.255657 1.888677 -1.384226
2.255657 1.888677 -1.384226
2.255657 1.888677 -1.384226
2.255657 1.888677 -1.384226
2.255657 1.888677 -1.384226
2.255657 1.888677 -1.384226
2.255657 1.888677 -1.384226
2.255657 1.888677 -1.384226
2.255657 1.888677 -1.384226
2.212609 1.919781 -1.471001
2.212609 1.919781 -1.471001
2.212609 1.919781 -1.471001
2.212609 1.919781 -1.471001
2.212609 1.919781 -1.471001
2.212609 1.919781 -1.471001
2.212609 1.919781 -1.471001
2.212609 1.919781 -1.471001
2.212609 1.919781 -1.471001
2.212609 1.919781 -1.471001
2.212609 1.919781 -1.471001
2.212609 1.919781 -1.471001
2.212609 1.919781 -1.471001
2.212609 1.919781 -1.471001
2.212609 1.919781 -1.471001
2.212609 1.919781 -1.471001
2.212609 1.919781 -1.471001
2.212609 1.919781 -1.471001
2.212609 1.919781 -1.471001
2.212609 1.919781 -1.471001
2.212609 1.919781 -1.471001
2.212609 1.919781 -1.471001
2.247856 1.892604 -1.178757
2.233736 2.042122 -1.218565
2.233736 2.042122 -1.218565
2.233736 2.042122 -1.218565
2.233736 2.042122 -1.218565
2.233736 2.042122 -1.218565
2.233736 2.042122 -1.218565
2.233736 2.042122 -1.218565
2.233736 2.042122 -1.218565
2.233736 2.042122 -1.218565
2.233736 2.042122 -1.218565
2.233736 2.042122 -1.218565
2.233736 2.042122 -1.218565
2.233736 2.042122 -1.218565
2.233736 2.042122 -1.218565
2.233736 2.042122 -1.218565
2.233736 2.042122 -1.218565
2.233736 2.042122 -1.218565
2.233736 2.042122 -1.218565
2.233736 2.042122 -1.218565
2.233736 2.042122 -1.218565
2.233736 2.042122 -1.218565
2.233736 2.042122 -1.218565
2.233736 2.042122 -1.218565
2.233736 2.042122 -1.218565
2.233736 2.042122 -1.218565
2.233736 2.042122 -1.218565
2.233736 2.042122 -1.218565
2.233736 2.042122 -1.218565
2.233736 2.042122 -1.218565
2.233736 2.042122 -1.218565
2.233736 2.042122 -1.218565
2.233736 2.042122 -1.218565
2.233736 2.042122 -1.218565
2.233736 2.042122 -1.218565
2.233736 2.042122 -1.218565
2.233736 2.042122 -1.218565
2.233736 2.042122 -1.218565
2.140377 2.054621 -1.251674
2.140377 2.054621 -1.251674
2.140377 2.054621 -1.251674
2.140377 2.054621 -1.251674
2.140377 2.054621 -1.251674
2.140377 2.054621 -1.251674
2.140377 2.054621 -1.251674
2.140377 2.054621 -1.251674
2.140377 2.054621 -1.251674
2.140377 2.054621 -1.251674
2.140377 2.054621 -1.251674
2.140377 2.054621 -1.251674
2.140377 2.054621 -1.251674
2.140377 2.054621 -1.251674
2.140377 2.054621 -1.251674
2.140377 2.054621 -1.251674
2.140377 2.054621 -1.251674
2.140377 2.054621 -1.251674
2.140377 2.054621 -1.251674
2.140377 2.054621 -1.251674
2.140377 2.054621 -1.251674
2.140377 2.054621 -1.251674
2.140377 2.054621 -1.251674
2.140377 2.054621 -1.251674
2.140377 2.054621 -1.251674
2.140377 2.054621 -1.251674
2.140377 2.054621 -1.251674
2.140377 2.054621 -1.251674
2.140377 2.054621 -1.251674
2.140377 2.054621 -1.251674
2.140377 2.054621 -1.251674
2.140377 2.054621 -1.251674
2.140377 2.054621 -1.251674
2.140377 2.054621 -1.251674
2.140377 2.054621 -1.251674
2.140377 2.054621 -1.251674
2.140377 2.054621 -1.251674
2.140377 2.054621 -1.251674
2.140377 2.054621 -1.251674
2.140377 2.054621 -1.251674
2.140377 2.054621 -1.251674
2.140377 2.054621 -1.251674
2.140377 2.054621 -1.251674
2.140377 2.054621 -1.251674
2.140377 2.054621 -1.251674
2.140377 2.054621 -1.251674
2.140377 2.054621 -1.251674
2.140377 2.054621 -1.251674
2.140377 2.054621 -1.251674
2.140377 2.054621 -1.251674
2.140377 2.054621 -1.251674
2.140377 2.054621 -1.251674
2.140377 2.054621 -1.251674
2.140377 2.054621 -1.251674
2.140377 2.054621 -1.251674
2.140377 2.054621 -1.251674
2.140377 2.054621 -1.251674
2.140377 2.054621 -1.251674
2.140377 2.054621 -1.251674
2.140377 2.054621 -1.251674
2.139724 2.162381 -1.270337
2.139724 2.162381 -1.270337
2.139724 2.162381 -1.270337
2.139724 2.162381 -1.270337
2.139724 2.162381 -1.270337
2.139724 2.162381 -1.270337
2.139724 2.162381 -1.270337
2.139724 2.162381 -1.270337
2.139724 2.162381 -1.270337
2.139724 2.162381 -1.270337
2.139724 2.162381 -1.270337
2.139724 2.162381 -1.270337
2.139724 2.162381 -1.270337
2.139724 2.162381 -1.270337
2.139724 2.162381 -1.270337
2.139724 2.162381 -1.270337
2.139724 2.162381 -1.270337
2.139724 2.162381 -1.270337
2.139724 2.162381 -1.270337
2.139724 2.162381 -1.270337
2.139724 2.162381 -1.270337
2.139724 2.162381 -1.270337
2.139724 2.162381 -1.270337
2.139724 2.162381 -1.270337
2.139724 2.162381 -1.270337
2.139724 2.162381 -1.270337
2.139724 2.162381 -1.270337
2.139724 2.162381 -1.270337
2.139724 2.162381 -1.270337
2.139724 2.162381 -1.270337
2.139724 2.162381 -1.270337
2.139724 2.162381 -1.270337
2.139724 2.162381 -1.270337
2.139724 2.162381 -1.270337
2.139724 2.162381 -1.270337
2.139724 2.162381 -1.270337
2.139724 2.162381 -1.270337
2.139724 2.162381 -1.270337
2.139724 2.162381 -1.270337
2.139724 2.162381 -1.270337
2.139724 2.162381 -1.270337
2.139724 2.162381 -1.270337
2.139724 2.162381 -1.270337
2.139724 2.162381 -1.270337
2.139724 2.162381 -1.270337
2.139724 2.162381 -1.270337
2.139724 2.162381 -1.270337
2.139724 2.162381 -1.270337
2.139724 2.162381 -1.270337
2.139724 2.162381 -1.270337
2.139724 2.162381 -1.270337
2.139724 2.162381 -1.270337
2.139724 2.162381 -1.270337
2.139724 2.162381 -1.270337
2.139724 2.162381 -1.270337
2.139724 2.162381 -1.270337
2.139724 2.162381 -1.270337
2.139724 2.162381 -1.270337
2.139724 2.162381 -1.270337
2.139724 2.162381 -1.270337
2.249203 2.243033 -1.345565
2.249203 2.243033 -1.345565
2.249203 2.243033 -1.345565
2.249203 2.243033 -1.345565
2.249203 2.243033 -1.345565
2.249203 2.243033 -1.345565
2.249203 2.243033 -1.345565
2.249203 2.243033 -1.345565
2.249203 2.243033 -1.345565
2.249203 2.243033 -1.345565
2.249203 2.243033 -1.345565
2.249203 2.243033 -1.345565
2.249203 2.243033 -1.345565
2.249203 2.243033 -1.345565
2.249203 2.243033 -1.345565
2.249203 2.243033 -1.345565
2.249203 2.243033 -1.345565
2.249203 2.243033 -1.345565
2.249203 2.243033 -1.345565
2.249203 2.243033 -1.345565
2.249203 2.243033 -1.345565
2.249203 2.243033 -1.345565
2.249203 2.243033 -1.345565
2.249203 2.243033 -1.345565
2.249203 2.243033 -1.345565
2.249203 2.243033 -1.345565
2.249203 2.243033 -1.345565
2.249203 2.243033 -1.345565
2.249203 2.243033 -1.345565
2.249203 2.243033 -1.345565
2.249203 2.243033 -1.345565
2.249203 2.243033 -1.345565
2.249203 2.243033 -1.345565
2.249203 2.243033 -1.345565
2.249203 2.243033 -1.345565
2.249203 2.243033 -1.345565
2.249203 2.243033 -1.345565
2.249203 2.243033 -1.345565
2.249203 2.243033 -1.345565
2.249203 2.243033 -1.345565
2.249203 2.243033 -1.345565
2.249203 2.243033 -1.345565
2.249203 2.243033 -1.345565
2.249203 2.243033 -1.345565
2.249203 2.243033 -1.345565
2.249203 2.243033 -1.345565
2.249203 2.243033 -1.345565
2.249203 2.243033 -1.345565
2.249203 2.243033 -1.345565
2.249203 2.243033 -1.345565
2.249203 2.243033 -1.345565
2.249203 2.243033 -1.345565
2.249203 2.243033 -1.345565
2.249203 2.243033 -1.345565
2.249203 2.243033 -1.345565
2.249203 2.243033 -1.345565
2.249203 2.243033 -1.345565
2.249203 2.243033 -1.345565
2.249203 2.243033 -1.345565
2.249203 2.243033 -1.345565
2.377277 2.047479 -1.420016
2.377277 2.047479 -1.420016
2.377277 2.047479 -1.420016
2.377277 2.047479 -1.420016
2.377277 2.047479 -1.420016
2.377277 2.047479 -1.420016
2.377277 2.047479 -1.420016
2.377277 2.047479 -1.420016
2.377277 2.047479 -1.420016
2.377277 2.047479 -1.420016
2.377277 2.047479 -1.420016
2.377277 2.047479 -1.420016
2.377277 2.047479 -1.420016
2.377277 2.047479 -1.420016
2.377277 2.047479 -1.420016
2.377277 2.047479 -1.420016
2.377277 2.047479 -1.420016
2.377277 2.047479 -1.420016
2.377277 2.047479 -1.420016
2.377277 2.047479 -1.420016
2.377277 2.047479 -1.420016
2.377277 2.047479 -1.420016
2.377277 2.047479 -1.420016
2.377277 2.047479 -1.420016
2.377277 2.047479 -1.420016
2.377277 2.047479 -1.420016
2.377277 2.047479 -1.420016
2.377277 2.047479 -1.420016
2.377277 2.047479 -1.420016
2.377277 2.047479 -1.420016
2.377277 2.047479 -1.420016
2.377277 2.047479 -1.420016
2.377277 2.047479 -1.420016
2.377277 2.047479 -1.420016
2.377277 2.047479 -1.420016
2.377277 2.047479 -1.420016
2.377277 2.047479 -1.420016
2.377277 2.047479 -1.420016
2.377277 2.047479 -1.420016
2.377277 2.047479 -1.420016
2.377277 2.047479 -1.420016
2.377277 2.047479 -1.420016
2.377277 2.047479 -1.420016
2.377277 2.047479 -1.420016
2.377277 2.047479 -1.420016
2.377277 2.047479 -1.420016
2.377277 2.047479 -1.420016
2.377277 2.047479 -1.420016
2.377277 2.047479 -1.420016
2.377277 2.047479 -1.420016
2.377277 2.047479 -1.420016
2.377277 2.047479 -1.420016
2.377277 2.047479 -1.420016
2.377277 2.047479 -1.420016
2.377277 2.047479 -1.420016
2.377277 2.047479 -1.420016
2.55649 2.092704 -1.760936
2.55649 2.092704 -1.760936
2.55649 2.092704 -1.760936
2.55649 2.092704 -1.760936
2.644099 2.013494 -1.816267
2.644099 2.013494 -1.816267
2.644099 2.013494 -1.816267
2.644099 2.013494 -1.816267
2.644099 2.013494 -1.816267
2.644099 2.013494 -1.816267
2.644099 2.013494 -1.816267
2.644099 2.013494 -1.816267
2.644099 2.013494 -1.816267
2.644099 2.013494 -1.816267
2.644099 2.013494 -1.816267
2.644099 2.013494 -1.816267
2.644099 2.013494 -1.816267
2.644099 2.013494 -1.816267
2.644099 2.013494 -1.816267
2.644099 2.013494 -1.816267
2.644099 2.013494 -1.816267
2.644099 2.013494 -1.816267
2.644099 2.013494 -1.816267
2.644099 2.013494 -1.816267
2.644099 2.013494 -1.816267
2.644099 2.013494 -1.816267
2.644099 2.013494 -1.816267
2.644099 2.013494 -1.816267
2.644099 2.013494 -1.816267
2.644099 2.013494 -1.816267
2.644099 2.013494 -1.816267
2.644099 2.013494 -1.816267
2.644099 2.013494 -1.816267
2.644099 2.013494 -1.816267
2.644099 2.013494 -1.816267
2.613614 2.200776 -1.416761
2.613614 2.200776 -1.416761
2.613614 2.200776 -1.416761
2.055284 1.528922 -1.406763
2.055284 1.528922 -1.406763
2.055284 1.528922 -1.406763
2.055284 1.528922 -1.406763
2.055284 1.528922 -1.406763
2.055284 1.528922 -1.406763
2.055284 1.528922 -1.406763
2.055284 1.528922 -1.406763
2.055284 1.528922 -1.406763
2.055284 1.528922 -1.406763
2.055284 1.528922 -1.406763
2.055284 1.528922 -1.406763
2.055284 1.528922 -1.406763
2.055284 1.528922 -1.406763
2.055284 1.528922 -1.406763
2.055284 1.528922 -1.406763
2.055284 1.528922 -1.406763
2.055284 1.528922 -1.406763
2.055284 1.528922 -1.406763
2.055284 1.528922 -1.406763
2.055284 1.528922 -1.406763
2.055284 1.528922 -1.406763
2.055284 1.528922 -1.406763
2.055284 1.528922 -1.406763
2.055284 1.528922 -1.406763
2.055284 1.528922 -1.406763
2.14355 1.502606 -1.409233
2.14355 1.502606 -1.409233
2.14355 1.502606 -1.409233
2.14355 1.502606 -1.409233
2.14355 1.502606 -1.409233
2.14355 1.502606 -1.409233
2.152658 1.698417 -1.754016
2.152658 1.698417 -1.754016
2.152658 1.698417 -1.754016
2.152658 1.698417 -1.754016
2.152658 1.698417 -1.754016
2.152658 1.698417 -1.754016
2.152658 1.698417 -1.754016
2.152658 1.698417 -1.754016
2.152658 1.698417 -1.754016
2.152658 1.698417 -1.754016
2.152658 1.698417 -1.754016
2.152658 1.698417 -1.754016
2.152658 1.698417 -1.754016
2.260325 2.268005 -1.687397
2.260325 2.268005 -1.687397
2.260325 2.268005 -1.687397
2.260325 2.268005 -1.687397
2.260325 2.268005 -1.687397
2.260325 2.268005 -1.687397
2.260325 2.268005 -1.687397
2.260325 2.268005 -1.687397
2.260325 2.268005 -1.687397
2.260325 2.268005 -1.687397
2.260325 2.268005 -1.687397
2.260325 2.268005 -1.687397
2.260325 2.268005 -1.687397
2.260325 2.268005 -1.687397
2.260325 2.268005 -1.687397
2.260325 2.268005 -1.687397
2.260325 2.268005 -1.687397
2.260325 2.268005 -1.687397
2.664376 2.111302 -1.875714
2.664376 2.111302 -1.875714
2.664376 2.111302 -1.875714
2.664376 2.111302 -1.875714
2.664376 2.111302 -1.875714
2.664376 2.111302 -1.875714
2.664376 2.111302 -1.875714
2.664376 2.111302 -1.875714
2.664376 2.111302 -1.875714
2.664376 2.111302 -1.875714
2.664376 2.111302 -1.875714
2.664376 2.111302 -1.875714
2.664376 2.111302 -1.875714
2.664376 2.111302 -1.875714
2.664376 2.111302 -1.875714
2.664376 2.111302 -1.875714
2.664376 2.111302 -1.875714
2.664376 2.111302 -1.875714
2.664376 2.111302 -1.875714
2.664376 2.111302 -1.875714
2.664376 2.111302 -1.875714
2.664376 2.111302 -1.875714
2.664376 2.111302 -1.875714
2.567557 2.152023 -1.909428
2.567557 2.152023 -1.909428
2.567557 2.152023 -1.909428
2.567557 2.152023 -1.909428
2.567557 2.152023 -1.909428
2.567557 2.152023 -1.909428
2.567557 2.152023 -1.909428
2.567557 2.152023 -1.909428
2.567557 2.152023 -1.909428
2.567557 2.152023 -1.909428
2.567557 2.152023 -1.909428
2.567557 2.152023 -1.909428
2.567557 2.152023 -1.909428
2.567557 2.152023 -1.909428
2.567557 2.152023 -1.909428
2.567557 2.152023 -1.909428
2.567557 2.152023 -1.909428
2.567557 2.152023 -1.909428
2.567557 2.152023 -1.909428
2.567557 2.152023 -1.909428
2.567557 2.152023 -1.909428
2.567557 2.152023 -1.909428
2.567557 2.152023 -1.909428
2.567557 2.152023 -1.909428
2.567557 2.152023 -1.909428
2.567557 2.152023 -1.909428
2.567557 2.152023 -1.909428
2.567557 2.152023 -1.909428
2.567557 2.152023 -1.909428
2.567557 2.152023 -1.909428
2.567557 2.152023 -1.909428
2.567557 2.152023 -1.909428
2.567557 2.152023 -1.909428
2.567557 2.152023 -1.909428
2.567557 2.152023 -1.909428
2.567557 2.152023 -1.909428
2.567557 2.152023 -1.909428
2.567557 2.152023 -1.909428
2.567557 2.152023 -1.909428
2.567557 2.152023 -1.909428
2.567557 2.152023 -1.909428
2.567557 2.152023 -1.909428
2.567557 2.152023 -1.909428
2.567557 2.152023 -1.909428
2.567557 2.152023 -1.909428
2.567557 2.152023 -1.909428
2.567557 2.152023 -1.909428
2.567557 2.152023 -1.909428
2.567557 2.152023 -1.909428
2.567557 2.152023 -1.909428
2.567557 2.152023 -1.909428
2.567557 2.152023 -1.909428
2.567557 2.152023 -1.909428
2.567557 2.152023 -1.909428
2.567557 2.152023 -1.909428
2.567557 2.152023 -1.909428
2.567557 2.152023 -1.909428
2.567557 2.152023 -1.909428
2.567557 2.152023 -1.909428
2.567557 2.152023 -1.909428
2.557731 2.235296 -1.962268
2.557731 2.235296 -1.962268
2.557731 2.235296 -1.962268
2.557731 2.235296 -1.962268
2.557731 2.235296 -1.962268
2.557731 2.235296 -1.962268
2.557731 2.235296 -1.962268
2.557731 2.235296 -1.962268
2.557731 2.235296 -1.962268
2.557731 2.235296 -1.962268
2.557731 2.235296 -1.962268
2.557731 2.235296 -1.962268
2.557731 2.235296 -1.962268
2.557731 2.235296 -1.962268
2.557731 2.235296 -1.962268
2.557731 2.235296 -1.962268
2.557731 2.235296 -1.962268
2.557731 2.235296 -1.962268
2.557731 2.235296 -1.962268
2.557731 2.235296 -1.962268
2.557731 2.235296 -1.962268
2.557731 2.235296 -1.962268
2.557731 2.235296 -1.962268
2.557731 2.235296 -1.962268
2.557731 2.235296 -1.962268
2.557731 2.235296 -1.962268
2.557731 2.235296 -1.962268
2.557731 2.235296 -1.962268
2.557731 2.235296 -1.962268
2.557731 2.235296 -1.962268
2.557731 2.235296 -1.962268
2.557731 2.235296 -1.962268
2.557731 2.235296 -1.962268
2.557731 2.235296 -1.962268
2.557731 2.235296 -1.962268
2.557731 2.235296 -1.962268
2.557731 2.235296 -1.962268
2.557731 2.235296 -1.962268
2.557731 2.235296 -1.962268
2.557731 2.235296 -1.962268
2.557731 2.235296 -1.962268
2.557731 2.235296 -1.962268
2.557731 2.235296 -1.962268
2.557731 2.235296 -1.962268
2.557731 2.235296 -1.962268
2.557731 2.235296 -1.962268
2.557731 2.235296 -1.962268
2.557731 2.235296 -1.962268
2.557731 2.235296 -1.962268
2.557731 2.235296 -1.962268
2.557731 2.235296 -1.962268
2.558232 2.374198 -1.422291
2.558232 2.374198 -1.422291
2.558232 2.374198 -1.422291
2.558232 2.374198 -1.422291
2.558232 2.374198 -1.422291
2.558232 2.374198 -1.422291
2.558232 2.374198 -1.422291
2.558232 2.374198 -1.422291
2.558232 2.374198 -1.422291
2.605469 2.432383 -1.501985
2.605469 2.432383 -1.501985
2.605469 2.432383 -1.501985
2.605469 2.432383 -1.501985
2.605469 2.432383 -1.501985
2.605469 2.432383 -1.501985
2.605469 2.432383 -1.501985
2.605469 2.432383 -1.501985
2.605469 2.432383 -1.501985
2.605469 2.432383 -1.501985
2.605469 2.432383 -1.501985
2.605469 2.432383 -1.501985
2.605469 2.432383 -1.501985
2.605469 2.432383 -1.501985
2.605469 2.432383 -1.501985
2.605469 2.432383 -1.501985
2.605469 2.432383 -1.501985
2.39462 2.628053 -1.445171
2.39462 2.628053 -1.445171
2.39462 2.628053 -1.445171
2.39462 2.628053 -1.445171
2.39462 2.628053 -1.445171
2.39462 2.628053 -1.445171
2.39462 2.628053 -1.445171
2.39462 2.628053 -1.445171
2.39462 2.628053 -1.445171
2.39462 2.628053 -1.445171
2.39462 2.628053 -1.445171
2.39462 2.628053 -1.445171
2.39462 2.628053 -1.445171
2.39462 2.628053 -1.445171
2.39462 2.628053 -1.445171
2.39462 2.628053 -1.445171
2.39462 2.628053 -1.445171
2.687157 2.475822 -1.826125
2.687157 2.475822 -1.826125
2.687157 2.475822 -1.826125
2.687157 2.475822 -1.826125
2.687157 2.475822 -1.826125
2.687157 2.475822 -1.826125
2.687157 2.475822 -1.826125
2.687157 2.475822 -1.826125
2.687157 2.475822 -1.826125
2.687157 2.475822 -1.826125
2.687157 2.475822 -1.826125
2.687157 2.475822 -1.826125
2.687157 2.475822 -1.826125
2.687157 2.475822 -1.826125
2.687157 2.475822 -1.826125
2.687157 2.475822 -1.826125
2.687157 2.475822 -1.826125
2.687157 2.475822 -1.826125
2.687157 2.475822 -1.826125
2.687157 2.475822 -1.826125
2.687157 2.475822 -1.826125
2.687157 2.475822 -1.826125
2.687157 2.475822 -1.826125
2.687157 2.475822 -1.826125
2.687157 2.475822 -1.826125
2.687157 2.475822 -1.826125
2.72996 2.485141 -1.876654
2.72996 2.485141 -1.876654
2.72996 2.485141 -1.876654
2.368241 2.22594 -1.596061
2.368241 2.22594 -1.596061
2.368241 2.22594 -1.596061
2.368241 2.22594 -1.596061
2.368241 2.22594 -1.596061
2.368241 2.22594 -1.596061
2.368241 2.22594 -1.596061
2.368241 2.22594 -1.596061
2.368241 2.22594 -1.596061
2.368241 2.22594 -1.596061
2.368241 2.22594 -1.596061
2.368241 2.22594 -1.596061
2.368241 2.22594 -1.596061
2.368241 2.22594 -1.596061
2.368241 2.22594 -1.596061
2.368241 2.22594 -1.596061
2.368241 2.22594 -1.596061
2.368241 2.22594 -1.596061
2.368241 2.22594 -1.596061
2.368241 2.22594 -1.596061
2.368241 2.22594 -1.596061
2.368241 2.22594 -1.596061
2.368241 2.22594 -1.596061
2.368241 2.22594 -1.596061
2.368241 2.22594 -1.596061
2.368241 2.22594 -1.596061
2.368241 2.22594 -1.596061
2.368241 2.22594 -1.596061
2.368241 2.22594 -1.596061
2.368241 2.22594 -1.596061
2.368241 2.22594 -1.596061
2.368241 2.22594 -1.596061
2.368241 2.22594 -1.596061
2.368241 2.22594 -1.596061
2.368241 2.22594 -1.596061
2.368241 2.22594 -1.596061
2.368241 2.22594 -1.596061
2.368241 2.22594 -1.596061
2.368241 2.22594 -1.596061
2.368241 2.22594 -1.596061
2.368241 2.22594 -1.596061
2.368241 2.22594 -1.596061
2.368241 2.22594 -1.596061
2.368241 2.22594 -1.596061
2.368241 2.22594 -1.596061
2.368241 2.22594 -1.596061
2.368241 2.22594 -1.596061
2.368241 2.22594 -1.596061
2.368241 2.22594 -1.596061
2.368241 2.22594 -1.596061
2.368241 2.22594 -1.596061
2.368241 2.22594 -1.596061
2.368241 2.22594 -1.596061
2.368241 2.22594 -1.596061
2.368241 2.22594 -1.596061
2.368241 2.22594 -1.596061
2.368241 2.22594 -1.596061
2.3764 2.248876 -1.632362
2.3764 2.248876 -1.632362
2.3764 2.248876 -1.632362
2.3764 2.248876 -1.632362
2.3764 2.248876 -1.632362
2.3764 2.248876 -1.632362
2.3764 2.248876 -1.632362
2.3764 2.248876 -1.632362
2.3764 2.248876 -1.632362
2.3764 2.248876 -1.632362
2.3764 2.248876 -1.632362
2.3764 2.248876 -1.632362
2.3764 2.248876 -1.632362
2.3764 2.248876 -1.632362
2.3764 2.248876 -1.632362
2.3764 2.248876 -1.632362
2.3764 2.248876 -1.632362
2.3764 2.248876 -1.632362
2.3764 2.248876 -1.632362
2.3764 2.248876 -1.632362
2.3764 2.248876 -1.632362
2.3764 2.248876 -1.632362
2.3764 2.248876 -1.632362
2.3764 2.248876 -1.632362
2.3764 2.248876 -1.632362
2.3764 2.248876 -1.632362
2.3764 2.248876 -1.632362
2.3764 2.248876 -1.632362
2.3764 2.248876 -1.632362
2.3764 2.248876 -1.632362
2.3764 2.248876 -1.632362
2.3764 2.248876 -1.632362
2.3764 2.248876 -1.632362
2.3764 2.248876 -1.632362
2.3764 2.248876 -1.632362
2.3764 2.248876 -1.632362
2.3764 2.248876 -1.632362
2.3764 2.248876 -1.632362
2.3764 2.248876 -1.632362
2.3764 2.248876 -1.632362
2.3764 2.248876 -1.632362
2.3764 2.248876 -1.632362
2.3764 2.248876 -1.632362
2.3764 2.248876 -1.632362
2.3764 2.248876 -1.632362
2.3764 2.248876 -1.632362
2.3764 2.248876 -1.632362
2.3764 2.248876 -1.632362
2.3764 2.248876 -1.632362
2.3764 2.248876 -1.632362
2.3764 2.248876 -1.632362
2.3764 2.248876 -1.632362
2.3764 2.248876 -1.632362
2.3764 2.248876 -1.632362
2.3764 2.248876 -1.632362
2.3764 2.248876 -1.632362
2.3764 2.248876 -1.632362
2.3764 2.248876 -1.632362
2.3764 2.248876 -1.632362
2.3764 2.248876 -1.632362
2.408306 2.324231 -1.655551
2.408306 2.324231 -1.655551
2.408306 2.324231 -1.655551
2.408306 2.324231 -1.655551
2.408306 2.324231 -1.655551
2.408306 2.324231 -1.655551
2.408306 2.324231 -1.655551
2.408306 2.324231 -1.655551
2.408306 2.324231 -1.655551
2.408306 2.324231 -1.655551
2.408306 2.324231 -1.655551
2.408306 2.324231 -1.655551
2.408306 2.324231 -1.655551
2.408306 2.324231 -1.655551
2.408306 2.324231 -1.655551
2.408306 2.324231 -1.655551
2.408306 2.324231 -1.655551
2.408306 2.324231 -1.655551
2.408306 2.324231 -1.655551
2.408306 2.324231 -1.655551
2.408306 2.324231 -1.655551
2.408306 2.324231 -1.655551
2.408306 2.324231 -1.655551
2.408306 2.324231 -1.655551
2.408306 2.324231 -1.655551
2.408306 2.324231 -1.655551
2.408306 2.324231 -1.655551
2.408306 2.324231 -1.655551
2.408306 2.324231 -1.655551
2.408306 2.324231 -1.655551
2.408306 2.324231 -1.655551
2.408306 2.324231 -1.655551
2.408306 2.324231 -1.655551
2.408306 2.324231 -1.655551
2.408306 2.324231 -1.655551
2.408306 2.324231 -1.655551
2.408306 2.324231 -1.655551
2.408306 2.324231 -1.655551
2.408306 2.324231 -1.655551
2.408306 2.324231 -1.655551
2.408306 2.324231 -1.655551
2.408306 2.324231 -1.655551
2.408306 2.324231 -1.655551
2.408306 2.324231 -1.655551
2.408306 2.324231 -1.655551
2.408306 2.324231 -1.655551
2.408306 2.324231 -1.655551
2.408306 2.324231 -1.655551
2.408306 2.324231 -1.655551
2.408306 2.324231 -1.655551
2.408306 2.324231 -1.655551
2.408306 2.324231 -1.655551
2.408306 2.324231 -1.655551
2.408306 2.324231 -1.655551
2.408306 2.324231 -1.655551
2.408306 2.324231 -1.655551
2.408306 2.324231 -1.655551
2.408306 2.324231 -1.655551
2.408306 2.324231 -1.655551
2.408306 2.324231 -1.655551
2.400224 2.374848 -1.670527
2.400224 2.374848 -1.670527
2.400224 2.374848 -1.670527
2.400224 2.374848 -1.670527
2.400224 2.374848 -1.670527
2.400224 2.374848 -1.670527
2.400224 2.374848 -1.670527
2.400224 2.374848 -1.670527
2.400224 2.374848 -1.670527
2.400224 2.374848 -1.670527
2.400224 2.374848 -1.670527
2.400224 2.374848 -1.670527
2.400224 2.374848 -1.670527
2.400224 2.374848 -1.670527
2.400224 2.374848 -1.670527
2.400224 2.374848 -1.670527
2.400224 2.374848 -1.670527
2.400224 2.374848 -1.670527
2.400224 2.374848 -1.670527
2.400224 2.374848 -1.670527
2.400224 2.374848 -1.670527
2.400224 2.374848 -1.670527
2.400224 2.374848 -1.670527
2.400224 2.374848 -1.670527
2.400224 2.374848 -1.670527
2.400224 2.374848 -1.670527
2.400224 2.374848 -1.670527
2.400224 2.374848 -1.670527
2.400224 2.374848 -1.670527
2.400224 2.374848 -1.670527
2.400224 2.374848 -1.670527
2.400224 2.374848 -1.670527
2.400224 2.374848 -1.670527
2.400224 2.374848 -1.670527
2.400224 2.374848 -1.670527
2.400224 2.374848 -1.670527
2.400224 2.374848 -1.670527
2.400224 2.374848 -1.670527
2.400224 2.374848 -1.670527
2.400224 2.374848 -1.670527
2.400224 2.374848 -1.670527
2.400224 2.374848 -1.670527
2.400224 2.374848 -1.670527
2.400224 2.374848 -1.670527
2.400224 2.374848 -1.670527
2.400224 2.374848 -1.670527
2.400224 2.374848 -1.670527
2.400224 2.374848 -1.670527
2.400224 2.374848 -1.670527
2.400224 2.374848 -1.670527
2.400224 2.374848 -1.670527
2.400224 2.374848 -1.670527
2.400224 2.374848 -1.670527
2.400224 2.374848 -1.670527
2.400224 2.374848 -1.670527
2.400224 2.374848 -1.670527
2.400224 2.374848 -1.670527
2.400224 2.374848 -1.670527
2.400224 2.374848 -1.670527
2.400224 2.374848 -1.670527
2.349741 2.384148 -1.716774
2.349741 2.384148 -1.716774
2.349741 2.384148 -1.716774
2.349741 2.384148 -1.716774
2.234769 2.159051 -1.571151
2.234769 2.159051 -1.571151
2.234769 2.159051 -1.571151
2.234769 2.159051 -1.571151
2.234769 2.159051 -1.571151
2.234769 2.159051 -1.571151
2.234769 2.159051 -1.571151
2.234769 2.159051 -1.571151
2.234769 2.159051 -1.571151
2.234769 2.159051 -1.571151
2.234769 2.159051 -1.571151
2.234769 2.159051 -1.571151
2.234769 2.159051 -1.571151
2.234769 2.159051 -1.571151
2.234769 2.159051 -1.571151
2.234769 2.159051 -1.571151
2.553716 2.843035 -1.465266
2.553716 2.843035 -1.465266
2.553716 2.843035 -1.465266
2.553716 2.843035 -1.465266
2.553716 2.843035 -1.465266
2.553716 2.843035 -1.465266
2.553716 2.843035 -1.465266
2.553716 2.843035 -1.465266
2.553716 2.843035 -1.465266
2.553716 2.843035 -1.465266
2.553716 2.843035 -1.465266
2.553716 2.843035 -1.465266
2.553716 2.843035 -1.465266
2.553716 2.843035 -1.465266
2.553716 2.843035 -1.465266
2.553716 2.843035 -1.465266
2.553716 2.843035 -1.465266
2.553716 2.843035 -1.465266
2.553716 2.843035 -1.465266
2.553716 2.843035 -1.465266
2.553716 2.843035 -1.465266
2.553716 2.843035 -1.465266
2.553716 2.843035 -1.465266
2.553716 2.843035 -1.465266
2.553716 2.843035 -1.465266
2.553716 2.843035 -1.465266
2.553716 2.843035 -1.465266
2.553716 2.843035 -1.465266
2.553716 2.843035 -1.465266
2.553716 2.843035 -1.465266
2.553716 2.843035 -1.465266
2.553716 2.843035 -1.465266
2.553716 2.843035 -1.465266
2.553716 2.843035 -1.465266
2.553716 2.843035 -1.465266
2.553716 2.843035 -1.465266
2.553716 2.843035 -1.465266
2.553716 2.843035 -1.465266
2.553716 2.843035 -1.465266
2.553716 2.843035 -1.465266
2.59465 2.940295 -1.5626
2.59465 2.940295 -1.5626
2.59465 2.940295 -1.5626
2.59465 2.940295 -1.5626
2.59465 2.940295 -1.5626
2.59465 2.940295 -1.5626
2.59465 2.940295 -1.5626
2.59465 2.940295 -1.5626
2.59465 2.940295 -1.5626
2.59465 2.940295 -1.5626
2.59465 2.940295 -1.5626
2.59465 2.940295 -1.5626
2.59465 2.940295 -1.5626
2.59465 2.940295 -1.5626
2.59465 2.940295 -1.5626
2.59465 2.940295 -1.5626
2.59465 2.940295 -1.5626
2.59465 2.940295 -1.5626
2.59465 2.940295 -1.5626
2.59465 2.940295 -1.5626
2.59465 2.940295 -1.5626
2.59465 2.940295 -1.5626
2.59465 2.940295 -1.5626
2.59465 2.940295 -1.5626
2.59465 2.940295 -1.5626
2.59465 2.940295 -1.5626
2.59465 2.940295 -1.5626
2.59465 2.940295 -1.5626
2.59465 2.940295 -1.5626
2.59465 2.940295 -1.5626
2.59465 2.940295 -1.5626
2.59465 2.940295 -1.5626
2.59465 2.940295 -1.5626
2.59465 2.940295 -1.5626
2.59465 2.940295 -1.5626
2.59465 2.940295 -1.5626
2.59465 2.940295 -1.5626
2.59465 2.940295 -1.5626
2.59465 2.940295 -1.5626
2.59465 2.940295 -1.5626
2.59465 2.940295 -1.5626
2.59465 2.940295 -1.5626
2.59465 2.940295 -1.5626
2.59465 2.940295 -1.5626
2.59465 2.940295 -1.5626
2.59465 2.940295 -1.5626
2.59465 2.940295 -1.5626
2.59465 2.940295 -1.5626
2.59465 2.940295 -1.5626
2.59465 2.940295 -1.5626
2.59465 2.940295 -1.5626
2.59465 2.940295 -1.5626
2.59465 2.940295 -1.5626
2.59465 2.940295 -1.5626
2.59465 2.940295 -1.5626
2.59465 2.940295 -1.5626
2.59465 2.940295 -1.5626
2.59465 2.940295 -1.5626
2.59465 2.940295 -1.5626
2.59465 2.940295 -1.5626
2.739461 2.921388 -1.667668
2.739461 2.921388 -1.667668
2.739461 2.921388 -1.667668
2.739461 2.921388 -1.667668
2.739461 2.921388 -1.667668
2.739461 2.921388 -1.667668
2.739461 2.921388 -1.667668
2.739461 2.921388 -1.667668
2.739461 2.921388 -1.667668
2.739461 2.921388 -1.667668
2.739461 2.921388 -1.667668
2.739461 2.921388 -1.667668
2.739461 2.921388 -1.667668
2.739461 2.921388 -1.667668
2.739461 2.921388 -1.667668
2.739461 2.921388 -1.667668
2.739461 2.921388 -1.667668
2.739461 2.921388 -1.667668
2.739461 2.921388 -1.667668
2.739461 2.921388 -1.667668
2.739461 2.921388 -1.667668
2.739461 2.921388 -1.667668
2.739461 2.921388 -1.667668
2.739461 2.921388 -1.667668
2.739461 2.921388 -1.667668
2.739461 2.921388 -1.667668
2.739461 2.921388 -1.667668
2.739461 2.921388 -1.667668
2.739461 2.921388 -1.667668
2.739461 2.921388 -1.667668
2.739461 2.921388 -1.667668
2.739461 2.921388 -1.667668
2.739461 2.921388 -1.667668
2.739461 2.921388 -1.667668
2.739461 2.921388 -1.667668
2.739461 2.921388 -1.667668
2.739461 2.921388 -1.667668
2.739461 2.921388 -1.667668
2.739461 2.921388 -1.667668
2.739461 2.921388 -1.667668
2.739461 2.921388 -1.667668
2.739461 2.921388 -1.667668
2.739461 2.921388 -1.667668
2.739461 2.921388 -1.667668
2.739461 2.921388 -1.667668
2.739461 2.921388 -1.667668
2.739461 2.921388 -1.667668
2.739461 2.921388 -1.667668
2.739461 2.921388 -1.667668
2.739461 2.921388 -1.667668
2.739461 2.921388 -1.667668
2.739461 2.921388 -1.667668
2.739461 2.921388 -1.667668
2.739461 2.921388 -1.667668
2.739461 2.921388 -1.667668
2.739461 2.921388 -1.667668
2.739461 2.921388 -1.667668
2.739461 2.921388 -1.667668
2.739461 2.921388 -1.667668
2.739461 2.921388 -1.667668
2.768425 2.939115 -1.689124
2.768425 2.939115 -1.689124
2.768425 2.939115 -1.689124
2.768425 2.939115 -1.689124
2.768425 2.939115 -1.689124
2.768425 2.939115 -1.689124
2.768425 2.939115 -1.689124
2.768425 2.939115 -1.689124
2.768425 2.939115 -1.689124
2.768425 2.939115 -1.689124
2.768425 2.939115 -1.689124
2.768425 2.939115 -1.689124
2.768425 2.939115 -1.689124
2.768425 2.939115 -1.689124
2.768425 2.939115 -1.689124
2.768425 2.939115 -1.689124
2.768425 2.939115 -1.689124
2.768425 2.939115 -1.689124
2.768425 2.939115 -1.689124
2.768425 2.939115 -1.689124
2.768425 2.939115 -1.689124
2.768425 2.939115 -1.689124
2.768425 2.939115 -1.689124
2.768425 2.939115 -1.689124
2.768425 2.939115 -1.689124
2.768425 2.939115 -1.689124
2.768425 2.939115 -1.689124
2.768425 2.939115 -1.689124
2.768425 2.939115 -1.689124
2.768425 2.939115 -1.689124
2.768425 2.939115 -1.689124
2.768425 2.939115 -1.689124
2.768425 2.939115 -1.689124
2.768425 2.939115 -1.689124
2.768425 2.939115 -1.689124
2.768425 2.939115 -1.689124
2.768425 2.939115 -1.689124
2.768425 2.939115 -1.689124
2.768425 2.939115 -1.689124
2.768425 2.939115 -1.689124
2.768425 2.939115 -1.689124
2.768425 2.939115 -1.689124
2.971957 2.331931 -2.474524
2.971957 2.331931 -2.474524
2.971957 2.331931 -2.474524
2.971957 2.331931 -2.474524
2.971957 2.331931 -2.474524
2.971957 2.331931 -2.474524
2.971957 2.331931 -2.474524
2.971957 2.331931 -2.474524
2.971957 2.331931 -2.474524
2.971957 2.331931 -2.474524
2.971957 2.331931 -2.474524
2.971957 2.331931 -2.474524
2.971957 2.331931 -2.474524
2.971957 2.331931 -2.474524
2.971957 2.331931 -2.474524
2.971957 2.331931 -2.474524
2.971957 2.331931 -2.474524
2.971957 2.331931 -2.474524
3.063496 2.486442 -2.461688
3.063496 2.486442 -2.461688
3.063496 2.486442 -2.461688
3.063496 2.486442 -2.461688
3.063496 2.486442 -2.461688
3.063496 2.486442 -2.461688
3.063496 2.486442 -2.461688
3.063496 2.486442 -2.461688
3.063496 2.486442 -2.461688
2.526673 2.118782 -2.129179
2.526673 2.118782 -2.129179
2.526673 2.118782 -2.129179
2.526673 2.118782 -2.129179
2.526673 2.118782 -2.129179
2.526673 2.118782 -2.129179
2.526673 2.118782 -2.129179
2.526673 2.118782 -2.129179
2.526673 2.118782 -2.129179
2.526673 2.118782 -2.129179
2.526673 2.118782 -2.129179
2.526673 2.118782 -2.129179
2.526673 2.118782 -2.129179
2.526673 2.118782 -2.129179
2.526673 2.118782 -2.129179
2.526673 2.118782 -2.129179
2.526673 2.118782 -2.129179
2.526673 2.118782 -2.129179
2.526673 2.118782 -2.129179
2.526673 2.118782 -2.129179
2.526673 2.118782 -2.129179
2.526673 2.118782 -2.129179
2.526673 2.118782 -2.129179
2.526673 2.118782 -2.129179
2.526673 2.118782 -2.129179
2.526673 2.118782 -2.129179
2.526673 2.118782 -2.129179
2.526673 2.118782 -2.129179
2.526673 2.118782 -2.129179
2.526673 2.118782 -2.129179
2.526673 2.118782 -2.129179
2.526673 2.118782 -2.129179
2.526673 2.118782 -2.129179
2.526673 2.118782 -2.129179
2.526673 2.118782 -2.129179
2.526673 2.118782 -2.129179
2.526673 2.118782 -2.129179
2.526673 2.118782 -2.129179
2.526673 2.118782 -2.129179
2.526673 2.118782 -2.129179
2.526673 2.118782 -2.129179
2.526673 2.118782 -2.129179
2.526673 2.118782 -2.129179
2.526673 2.118782 -2.129179
2.526673 2.118782 -2.129179
2.526673 2.118782 -2.129179
2.526673 2.118782 -2.129179
2.526673 2.118782 -2.129179
2.526673 2.118782 -2.129179
2.526673 2.118782 -2.129179
2.526673 2.118782 -2.129179
