1.465537 0.2068836 0.4975456
1.162577 0.6454684 0.2220184
1.162577 0.6454684 0.2220184
1.675368 1.021941 -0.2018033
1.298135 0.6821175 -0.2520909
1.656367 0.8486535 -0.6549716
1.90169 1.194553 -0.04671188
1.666246 0.6183426 -0.2820218
1.666246 0.6183426 -0.2820218
1.459462 0.8532956 -0.4090134
1.308235 0.8060424 0.1304923
1.461707 0.84363 -0.004973506
1.687854 1.373061 -0.2866558
1.687854 1.373061 -0.2866558
2.00468 1.688488 -1.141122
1.850265 1.875633 -0.4465327
1.921777 1.349854 -0.8664683
1.921777 1.349854 -0.8664683
1.771295 1.37887 -0.576743
1.771295 1.37887 -0.576743
1.771295 1.37887 -0.576743
1.914331 1.540901 -0.694167
1.914331 1.540901 -0.694167
1.914331 1.540901 -0.694167
2.042252 1.683295 -0.8158555
2.042252 1.683295 -0.8158555
1.899421 1.671752 -0.6513851
2.028262 1.806304 -0.7812553
2.028262 1.806304 -0.7812553
2.028262 1.806304 -0.7812553
1.875545 1.407709 -0.7759918
2.119429 2.366072 -0.9819883
2.119429 2.366072 -0.9819883
2.23111 2.450712 -1.058459
2.23111 2.450712 -1.058459
2.334961 1.976494 -1.583405
2.722695 2.38225 -1.962759
1.964594 1.729515 -1.718112
2.099265 2.13835 -0.8916362
2.063974 2.233577 -0.9937901
2.10462 2.38039 -1.0773
2.10462 2.38039 -1.0773
2.016144 2.051007 -1.080251
2.016144 2.051007 -1.080251
2.471549 2.012729 -1.445483
2.37655 2.235653 -2.120404
2.37655 2.235653 -2.120404
2.37655 2.235653 -2.120404
2.560666 2.404361 -1.732897
2.560666 2.404361 -1.732897
2.560666 2.404361 -1.732897
2.663675 2.444492 -1.797135
2.479909 2.342371 -1.887074
2.479909 2.342371 -1.887074
2.576244 2.202517 -1.935745
2.576244 2.202517 -1.935745
2.576244 2.202517 -1.935745
2.624963 2.13862 -1.930179
2.624963 2.13862 -1.930179
2.624963 2.13862 -1.930179
2.520607 2.111906 -1.958116
2.520607 2.111906 -1.958116
2.449908 2.56952 -1.821688
2.430472 2.597324 -1.876784
2.438267 2.220852 -1.794254
2.438267 2.220852 -1.794254
2.495356 2.300745 -1.864682
2.495356 2.300745 -1.864682
2.495356 2.300745 -1.864682
2.503036 2.49735 -1.899383
2.531178 2.46026 -1.764076
2.531178 2.46026 -1.764076
2.543169 2.470245 -1.796948
2.543169 2.470245 -1.796948
2.543169 2.470245 -1.796948
2.56327 2.485894 -1.813681
2.56327 2.485894 -1.813681
2.56327 2.485894 -1.813681
2.545379 2.546697 -1.824612
2.545379 2.546697 -1.824612
2.545379 2.546697 -1.824612
2.492733 2.579133 -1.851242
2.492733 2.579133 -1.851242
2.492733 2.579133 -1.851242
2.516077 2.566818 -1.927621
2.516077 2.566818 -1.927621
2.516077 2.566818 -1.927621
2.670197 2.625075 -2.002744
2.670197 2.625075 -2.002744
2.670197 2.625075 -2.002744
2.71708 2.626158 -2.016919
2.71708 2.626158 -2.016919
2.71708 2.626158 -2.016919
2.87088 2.671978 -2.017067
2.87088 2.671978 -2.017067
2.740001 2.767746 -2.491576
2.5914 2.862438 -2.523313
2.98846 2.511436 -3.001721
2.98846 2.511436 -3.001721
