1.748913 -0.4258745 -0.509835
1.748913 -0.4258745 -0.509835
1.269063 0.356293 -0.1136758
1.269063 0.356293 -0.1136758
1.269063 0.356293 -0.1136758
1.269063 0.356293 -0.1136758
1.269063 0.356293 -0.1136758
1.269063 0.356293 -0.1136758
1.269063 0.356293 -0.1136758
1.269063 0.356293 -0.1136758
1.269063 0.356293 -0.1136758
1.269063 0.356293 -0.1136758
1.269063 0.356293 -0.1136758
1.269063 0.356293 -0.1136758
1.269063 0.356293 -0.1136758
1.269063 0.356293 -0.1136758
1.269063 0.356293 -0.1136758
1.269063 0.356293 -0.1136758
1.269063 0.356293 -0.1136758
1.269063 0.356293 -0.1136758
1.269063 0.356293 -0.1136758
1.269063 0.356293 -0.1136758
1.269063 0.356293 -0.1136758
1.269063 0.356293 -0.1136758
1.269063 0.356293 -0.1136758
1.269063 0.356293 -0.1136758
1.269063 0.356293 -0.1136758
1.269063 0.356293 -0.1136758
1.269063 0.356293 -0.1136758
1.269063 0.356293 -0.1136758
1.269063 0.356293 -0.1136758
1.269063 0.356293 -0.1136758
1.269063 0.356293 -0.1136758
1.269063 0.356293 -0.1136758
1.269063 0.356293 -0.1136758
1.269063 0.356293 -0.1136758
1.269063 0.356293 -0.1136758
1.269063 0.356293 -0.1136758
1.269063 0.356293 -0.1136758
1.269063 0.356293 -0.1136758
1.269063 0.356293 -0.1136758
1.269063 0.356293 -0.1136758
1.269063 0.356293 -0.1136758
1.269063 0.356293 -0.1136758
1.269063 0.356293 -0.1136758
1.269063 0.356293 -0.1136758
1.269063 0.356293 -0.1136758
1.269063 0.356293 -0.1136758
1.269063 0.356293 -0.1136758
1.269063 0.356293 -0.1136758
1.269063 0.356293 -0.1136758
1.269063 0.356293 -0.1136758
1.269063 0.356293 -0.1136758
1.269063 0.356293 -0.1136758
1.269063 0.356293 -0.1136758
1.269063 0.356293 -0.1136758
1.269063 0.356293 -0.1136758
1.269063 0.356293 -0.1136758
1.269063 0.356293 -0.1136758
1.269063 0.356293 -0.1136758
1.387622 0.3901457 -0.1199508
1.387622 0.3901457 -0.1199508
1.387622 0.3901457 -0.1199508
1.387622 0.3901457 -0.1199508
1.387622 0.3901457 -0.1199508
1.387622 0.3901457 -0.1199508
1.387622 0.3901457 -0.1199508
1.387622 0.3901457 -0.1199508
1.387622 0.3901457 -0.1199508
1.387622 0.3901457 -0.1199508
1.387622 0.3901457 -0.1199508
1.387622 0.3901457 -0.1199508
1.387622 0.3901457 -0.1199508
1.387622 0.3901457 -0.1199508
1.14957 0.3949939 0.1749863
1.14957 0.3949939 0.1749863
1.14957 0.3949939 0.1749863
1.14957 0.3949939 0.1749863
1.14957 0.3949939 0.1749863
1.14957 0.3949939 0.1749863
1.14957 0.3949939 0.1749863
1.14957 0.3949939 0.1749863
1.14957 0.3949939 0.1749863
1.14957 0.3949939 0.1749863
1.14957 0.3949939 0.1749863
1.14957 0.3949939 0.1749863
1.14957 0.3949939 0.1749863
1.14957 0.3949939 0.1749863
1.14957 0.3949939 0.1749863
1.14957 0.3949939 0.1749863
1.14957 0.3949939 0.1749863
1.14957 0.3949939 0.1749863
1.14957 0.3949939 0.1749863
1.14957 0.3949939 0.1749863
1.14957 0.3949939 0.1749863
1.14957 0.3949939 0.1749863
1.14957 0.3949939 0.1749863
1.14957 0.3949939 0.1749863
1.14957 0.3949939 0.1749863
1.14957 0.3949939 0.1749863
1.14957 0.3949939 0.1749863
1.14957 0.3949939 0.1749863
1.14957 0.3949939 0.1749863
1.14957 0.3949939 0.1749863
1.14957 0.3949939 0.1749863
1.14957 0.3949939 0.1749863
1.14957 0.3949939 0.1749863
1.14957 0.3949939 0.1749863
1.14957 0.3949939 0.1749863
1.14957 0.3949939 0.1749863
1.14957 0.3949939 0.1749863
1.14957 0.3949939 0.1749863
1.14957 0.3949939 0.1749863
1.14957 0.3949939 0.1749863
1.14957 0.3949939 0.1749863
1.14957 0.3949939 0.1749863
1.14957 0.3949939 0.1749863
1.14957 0.3949939 0.1749863
1.14957 0.3949939 0.1749863
1.14957 0.3949939 0.1749863
1.591666 0.5247211 0.1325559
1.591666 0.5247211 0.1325559
1.127509 0.7428519 -0.006864495
1.127509 0.7428519 -0.006864495
1.127509 0.7428519 -0.006864495
1.127509 0.7428519 -0.006864495
1.127509 0.7428519 -0.006864495
1.127509 0.7428519 -0.006864495
1.127509 0.7428519 -0.006864495
1.127509 0.7428519 -0.006864495
1.127509 0.7428519 -0.006864495
1.127509 0.7428519 -0.006864495
1.127509 0.7428519 -0.006864495
1.127509 0.7428519 -0.006864495
1.127509 0.7428519 -0.006864495
1.127509 0.7428519 -0.006864495
1.127509 0.7428519 -0.006864495
1.127509 0.7428519 -0.006864495
1.127509 0.7428519 -0.006864495
1.127509 0.7428519 -0.006864495
1.127509 0.7428519 -0.006864495
1.127509 0.7428519 -0.006864495
1.127509 0.7428519 -0.006864495
1.127509 0.7428519 -0.006864495
1.127509 0.7428519 -0.006864495
1.127509 0.7428519 -0.006864495
1.127509 0.7428519 -0.006864495
1.127509 0.7428519 -0.006864495
1.127509 0.7428519 -0.006864495
1.127509 0.7428519 -0.006864495
1.127509 0.7428519 -0.006864495
1.127509 0.7428519 -0.006864495
1.127509 0.7428519 -0.006864495
1.127509 0.7428519 -0.006864495
1.127509 0.7428519 -0.006864495
1.127509 0.7428519 -0.006864495
1.127509 0.7428519 -0.006864495
1.127509 0.7428519 -0.006864495
1.127509 0.7428519 -0.006864495
1.127509 0.7428519 -0.006864495
1.127509 0.7428519 -0.006864495
1.127509 0.7428519 -0.006864495
1.127509 0.7428519 -0.006864495
1.127509 0.7428519 -0.006864495
1.127509 0.7428519 -0.006864495
1.127509 0.7428519 -0.006864495
1.127509 0.7428519 -0.006864495
1.127509 0.7428519 -0.006864495
1.127509 0.7428519 -0.006864495
1.127509 0.7428519 -0.006864495
1.127509 0.7428519 -0.006864495
1.127509 0.7428519 -0.006864495
1.127509 0.7428519 -0.006864495
1.127509 0.7428519 -0.006864495
1.127509 0.7428519 -0.006864495
1.127509 0.7428519 -0.006864495
1.127509 0.7428519 -0.006864495
1.127509 0.7428519 -0.006864495
1.127509 0.7428519 -0.006864495
1.127509 0.7428519 -0.006864495
1.438757 0.8970425 -0.02853331
1.438757 0.8970425 -0.02853331
1.438757 0.8970425 -0.02853331
1.438757 0.8970425 -0.02853331
1.438757 0.8970425 -0.02853331
1.438757 0.8970425 -0.02853331
1.438757 0.8970425 -0.02853331
1.438757 0.8970425 -0.02853331
1.438757 0.8970425 -0.02853331
1.438757 0.8970425 -0.02853331
1.438757 0.8970425 -0.02853331
1.438757 0.8970425 -0.02853331
1.438757 0.8970425 -0.02853331
1.438757 0.8970425 -0.02853331
1.438757 0.8970425 -0.02853331
1.438757 0.8970425 -0.02853331
1.438757 0.8970425 -0.02853331
1.438757 0.8970425 -0.02853331
1.438757 0.8970425 -0.02853331
1.438757 0.8970425 -0.02853331
1.438757 0.8970425 -0.02853331
1.438757 0.8970425 -0.02853331
1.438757 0.8970425 -0.02853331
1.438757 0.8970425 -0.02853331
1.438757 0.8970425 -0.02853331
1.438757 0.8970425 -0.02853331
1.438757 0.8970425 -0.02853331
1.438757 0.8970425 -0.02853331
1.438757 0.8970425 -0.02853331
1.438757 0.8970425 -0.02853331
1.438757 0.8970425 -0.02853331
1.438757 0.8970425 -0.02853331
1.438757 0.8970425 -0.02853331
1.438757 0.8970425 -0.02853331
1.438757 0.8970425 -0.02853331
1.438757 0.8970425 -0.02853331
1.438757 0.8970425 -0.02853331
1.438757 0.8970425 -0.02853331
1.438757 0.8970425 -0.02853331
1.438757 0.8970425 -0.02853331
1.438757 0.8970425 -0.02853331
1.438757 0.8970425 -0.02853331
1.438757 0.8970425 -0.02853331
1.438757 0.8970425 -0.02853331
1.438757 0.8970425 -0.02853331
1.438757 0.8970425 -0.02853331
1.438757 0.8970425 -0.02853331
1.438757 0.8970425 -0.02853331
1.438757 0.8970425 -0.02853331
1.438757 0.8970425 -0.02853331
1.438757 0.8970425 -0.02853331
1.438757 0.8970425 -0.02853331
1.438757 0.8970425 -0.02853331
1.374948 0.4055835 -0.584636
1.374948 0.4055835 -0.584636
1.374948 0.4055835 -0.584636
1.374948 0.4055835 -0.584636
1.374948 0.4055835 -0.584636
1.374948 0.4055835 -0.584636
1.374948 0.4055835 -0.584636
1.617032 0.553448 -0.6386842
1.617032 0.553448 -0.6386842
1.617032 0.553448 -0.6386842
1.617032 0.553448 -0.6386842
1.617032 0.553448 -0.6386842
1.617032 0.553448 -0.6386842
1.617032 0.553448 -0.6386842
1.617032 0.553448 -0.6386842
1.617032 0.553448 -0.6386842
1.617032 0.553448 -0.6386842
1.617032 0.553448 -0.6386842
1.617032 0.553448 -0.6386842
1.617032 0.553448 -0.6386842
1.617032 0.553448 -0.6386842
1.617032 0.553448 -0.6386842
1.617032 0.553448 -0.6386842
1.617032 0.553448 -0.6386842
1.617032 0.553448 -0.6386842
1.617032 0.553448 -0.6386842
1.617032 0.553448 -0.6386842
1.617032 0.553448 -0.6386842
1.617032 0.553448 -0.6386842
1.617032 0.553448 -0.6386842
1.617032 0.553448 -0.6386842
1.617032 0.553448 -0.6386842
1.617032 0.553448 -0.6386842
1.617032 0.553448 -0.6386842
1.617032 0.553448 -0.6386842
1.617032 0.553448 -0.6386842
1.617032 0.553448 -0.6386842
1.617032 0.553448 -0.6386842
1.617032 0.553448 -0.6386842
1.617032 0.553448 -0.6386842
1.617032 0.553448 -0.6386842
1.617032 0.553448 -0.6386842
1.617032 0.553448 -0.6386842
1.617032 0.553448 -0.6386842
1.617032 0.553448 -0.6386842
1.617032 0.553448 -0.6386842
1.617032 0.553448 -0.6386842
1.617032 0.553448 -0.6386842
1.43031 1.013398 -0.1856511
1.43031 1.013398 -0.1856511
1.43031 1.013398 -0.1856511
1.43031 1.013398 -0.1856511
1.43031 1.013398 -0.1856511
1.43031 1.013398 -0.1856511
1.43031 1.013398 -0.1856511
1.43031 1.013398 -0.1856511
1.43031 1.013398 -0.1856511
1.43031 1.013398 -0.1856511
1.43031 1.013398 -0.1856511
1.43031 1.013398 -0.1856511
1.43031 1.013398 -0.1856511
1.43031 1.013398 -0.1856511
1.43031 1.013398 -0.1856511
1.43031 1.013398 -0.1856511
1.43031 1.013398 -0.1856511
1.43031 1.013398 -0.1856511
1.43031 1.013398 -0.1856511
1.59757 1.122027 -0.2225017
1.59757 1.122027 -0.2225017
1.59757 1.122027 -0.2225017
1.59757 1.122027 -0.2225017
1.59757 1.122027 -0.2225017
1.59757 1.122027 -0.2225017
1.59757 1.122027 -0.2225017
1.59757 1.122027 -0.2225017
1.59757 1.122027 -0.2225017
1.59757 1.122027 -0.2225017
1.59757 1.122027 -0.2225017
1.59757 1.122027 -0.2225017
1.59757 1.122027 -0.2225017
1.59757 1.122027 -0.2225017
1.59757 1.122027 -0.2225017
1.59757 1.122027 -0.2225017
1.59757 1.122027 -0.2225017
1.59757 1.122027 -0.2225017
1.59757 1.122027 -0.2225017
1.59757 1.122027 -0.2225017
1.59757 1.122027 -0.2225017
1.59757 1.122027 -0.2225017
1.59757 1.122027 -0.2225017
1.59757 1.122027 -0.2225017
1.59757 1.122027 -0.2225017
1.59757 1.122027 -0.2225017
1.59757 1.122027 -0.2225017
1.59757 1.122027 -0.2225017
1.59757 1.122027 -0.2225017
1.59757 1.122027 -0.2225017
1.59757 1.122027 -0.2225017
1.59757 1.122027 -0.2225017
1.59757 1.122027 -0.2225017
1.59757 1.122027 -0.2225017
1.59757 1.122027 -0.2225017
1.59757 1.122027 -0.2225017
1.59757 1.122027 -0.2225017
1.59757 1.122027 -0.2225017
1.59757 1.122027 -0.2225017
1.59757 1.122027 -0.2225017
1.59757 1.122027 -0.2225017
1.59757 1.122027 -0.2225017
1.59757 1.122027 -0.2225017
1.59757 1.122027 -0.2225017
1.59757 1.122027 -0.2225017
1.59757 1.122027 -0.2225017
1.59757 1.122027 -0.2225017
1.59757 1.122027 -0.2225017
1.59757 1.122027 -0.2225017
1.59757 1.122027 -0.2225017
1.59757 1.122027 -0.2225017
1.59757 1.122027 -0.2225017
1.59757 1.122027 -0.2225017
1.59757 1.122027 -0.2225017
1.59757 1.122027 -0.2225017
1.59757 1.122027 -0.2225017
1.59757 1.122027 -0.2225017
1.59757 1.122027 -0.2225017
1.59757 1.122027 -0.2225017
1.59757 1.122027 -0.2225017
1.744564 1.264206 -0.2684567
1.744564 1.264206 -0.2684567
1.744564 1.264206 -0.2684567
1.744564 1.264206 -0.2684567
1.744564 1.264206 -0.2684567
1.744564 1.264206 -0.2684567
1.744564 1.264206 -0.2684567
1.744564 1.264206 -0.2684567
1.744564 1.264206 -0.2684567
1.744564 1.264206 -0.2684567
1.744564 1.264206 -0.2684567
1.744564 1.264206 -0.2684567
1.892025 1.454845 -1.064013
1.892025 1.454845 -1.064013
1.892025 1.454845 -1.064013
1.892025 1.454845 -1.064013
1.892025 1.454845 -1.064013
1.892025 1.454845 -1.064013
1.892025 1.454845 -1.064013
1.892025 1.454845 -1.064013
1.892025 1.454845 -1.064013
1.892025 1.454845 -1.064013
1.892025 1.454845 -1.064013
1.892025 1.454845 -1.064013
1.892025 1.454845 -1.064013
1.892025 1.454845 -1.064013
1.892025 1.454845 -1.064013
1.892025 1.454845 -1.064013
1.892025 1.454845 -1.064013
1.892025 1.454845 -1.064013
1.892025 1.454845 -1.064013
1.892025 1.454845 -1.064013
1.892025 1.454845 -1.064013
1.892025 1.454845 -1.064013
1.892025 1.454845 -1.064013
1.892025 1.454845 -1.064013
1.892025 1.454845 -1.064013
1.892025 1.454845 -1.064013
1.892025 1.454845 -1.064013
1.892025 1.454845 -1.064013
1.892025 1.454845 -1.064013
1.892025 1.454845 -1.064013
1.892025 1.454845 -1.064013
1.892025 1.454845 -1.064013
1.892025 1.454845 -1.064013
1.892025 1.454845 -1.064013
1.892025 1.454845 -1.064013
1.892025 1.454845 -1.064013
1.892025 1.454845 -1.064013
1.892025 1.454845 -1.064013
1.892025 1.454845 -1.064013
1.892025 1.454845 -1.064013
1.892025 1.454845 -1.064013
1.892025 1.454845 -1.064013
1.892025 1.454845 -1.064013
1.892025 1.454845 -1.064013
1.892025 1.454845 -1.064013
1.892025 1.454845 -1.064013
1.892025 1.454845 -1.064013
1.892025 1.454845 -1.064013
2.027141 1.607621 -1.16677
2.027141 1.607621 -1.16677
2.027141 1.607621 -1.16677
2.027141 1.607621 -1.16677
2.027141 1.607621 -1.16677
2.027141 1.607621 -1.16677
2.027141 1.607621 -1.16677
2.027141 1.607621 -1.16677
2.027141 1.607621 -1.16677
2.027141 1.607621 -1.16677
2.027141 1.607621 -1.16677
2.027141 1.607621 -1.16677
2.027141 1.607621 -1.16677
2.027141 1.607621 -1.16677
2.027141 1.607621 -1.16677
2.027141 1.607621 -1.16677
2.027141 1.607621 -1.16677
2.027141 1.607621 -1.16677
2.027141 1.607621 -1.16677
2.027141 1.607621 -1.16677
2.027141 1.607621 -1.16677
2.027141 1.607621 -1.16677
2.027141 1.607621 -1.16677
2.027141 1.607621 -1.16677
2.027141 1.607621 -1.16677
2.027141 1.607621 -1.16677
2.027141 1.607621 -1.16677
2.027141 1.607621 -1.16677
2.027141 1.607621 -1.16677
2.027141 1.607621 -1.16677
2.027141 1.607621 -1.16677
2.027141 1.607621 -1.16677
2.027141 1.607621 -1.16677
2.027141 1.607621 -1.16677
2.027141 1.607621 -1.16677
2.027141 1.607621 -1.16677
2.027141 1.607621 -1.16677
2.027141 1.607621 -1.16677
2.027141 1.607621 -1.16677
2.027141 1.607621 -1.16677
2.027141 1.607621 -1.16677
2.027141 1.607621 -1.16677
2.027141 1.607621 -1.16677
2.027141 1.607621 -1.16677
2.027141 1.607621 -1.16677
2.027141 1.607621 -1.16677
2.027141 1.607621 -1.16677
2.027141 1.607621 -1.16677
2.027141 1.607621 -1.16677
2.027141 1.607621 -1.16677
2.027141 1.607621 -1.16677
2.027141 1.607621 -1.16677
2.027141 1.607621 -1.16677
2.027141 1.607621 -1.16677
2.027141 1.607621 -1.16677
2.027141 1.607621 -1.16677
2.027141 1.607621 -1.16677
2.027141 1.607621 -1.16677
2.027141 1.607621 -1.16677
2.027141 1.607621 -1.16677
2.135962 1.749893 -1.248953
2.135962 1.749893 -1.248953
2.135962 1.749893 -1.248953
2.135962 1.749893 -1.248953
2.135962 1.749893 -1.248953
2.135962 1.749893 -1.248953
2.135962 1.749893 -1.248953
2.135962 1.749893 -1.248953
2.135962 1.749893 -1.248953
2.135962 1.749893 -1.248953
2.135962 1.749893 -1.248953
2.135962 1.749893 -1.248953
2.135962 1.749893 -1.248953
2.135962 1.749893 -1.248953
2.135962 1.749893 -1.248953
2.135962 1.749893 -1.248953
2.135962 1.749893 -1.248953
2.135962 1.749893 -1.248953
2.135962 1.749893 -1.248953
2.135962 1.749893 -1.248953
2.135962 1.749893 -1.248953
2.135962 1.749893 -1.248953
2.020457 2.142508 -0.8912989
2.020457 2.142508 -0.8912989
2.020457 2.142508 -0.8912989
2.020457 2.142508 -0.8912989
2.020457 2.142508 -0.8912989
2.020457 2.142508 -0.8912989
2.020457 2.142508 -0.8912989
2.020457 2.142508 -0.8912989
2.020457 2.142508 -0.8912989
2.020457 2.142508 -0.8912989
2.020457 2.142508 -0.8912989
2.020457 2.142508 -0.8912989
2.020457 2.142508 -0.8912989
2.020457 2.142508 -0.8912989
2.020457 2.142508 -0.8912989
2.020457 2.142508 -0.8912989
2.020457 2.142508 -0.8912989
2.020457 2.142508 -0.8912989
2.020457 2.142508 -0.8912989
2.020457 2.142508 -0.8912989
1.693711 1.167946 -1.453405
1.693711 1.167946 -1.453405
1.693711 1.167946 -1.453405
1.693711 1.167946 -1.453405
1.693711 1.167946 -1.453405
1.693711 1.167946 -1.453405
1.693711 1.167946 -1.453405
1.693711 1.167946 -1.453405
1.693711 1.167946 -1.453405
1.693711 1.167946 -1.453405
1.693711 1.167946 -1.453405
1.693711 1.167946 -1.453405
1.693711 1.167946 -1.453405
1.693711 1.167946 -1.453405
1.693711 1.167946 -1.453405
1.693711 1.167946 -1.453405
1.812527 1.263219 -1.38696
1.812527 1.263219 -1.38696
1.934159 1.428641 -1.476784
1.934159 1.428641 -1.476784
1.934159 1.428641 -1.476784
1.934159 1.428641 -1.476784
1.934159 1.428641 -1.476784
1.934159 1.428641 -1.476784
1.934159 1.428641 -1.476784
1.774368 1.627003 -0.6495869
1.774368 1.627003 -0.6495869
1.774368 1.627003 -0.6495869
1.774368 1.627003 -0.6495869
1.774368 1.627003 -0.6495869
1.774368 1.627003 -0.6495869
1.774368 1.627003 -0.6495869
1.774368 1.627003 -0.6495869
1.774368 1.627003 -0.6495869
1.774368 1.627003 -0.6495869
1.774368 1.627003 -0.6495869
1.774368 1.627003 -0.6495869
1.774368 1.627003 -0.6495869
1.774368 1.627003 -0.6495869
1.774368 1.627003 -0.6495869
1.774368 1.627003 -0.6495869
1.774368 1.627003 -0.6495869
1.774368 1.627003 -0.6495869
1.774368 1.627003 -0.6495869
1.774368 1.627003 -0.6495869
1.774368 1.627003 -0.6495869
1.774368 1.627003 -0.6495869
1.774368 1.627003 -0.6495869
1.774368 1.627003 -0.6495869
1.774368 1.627003 -0.6495869
1.774368 1.627003 -0.6495869
1.774368 1.627003 -0.6495869
1.774368 1.627003 -0.6495869
1.774368 1.627003 -0.6495869
1.774368 1.627003 -0.6495869
1.774368 1.627003 -0.6495869
1.774368 1.627003 -0.6495869
1.774368 1.627003 -0.6495869
1.774368 1.627003 -0.6495869
1.774368 1.627003 -0.6495869
1.774368 1.627003 -0.6495869
1.774368 1.627003 -0.6495869
1.774368 1.627003 -0.6495869
1.774368 1.627003 -0.6495869
1.774368 1.627003 -0.6495869
1.774368 1.627003 -0.6495869
1.774368 1.627003 -0.6495869
1.774368 1.627003 -0.6495869
1.774368 1.627003 -0.6495869
1.774368 1.627003 -0.6495869
1.774368 1.627003 -0.6495869
1.774368 1.627003 -0.6495869
1.774368 1.627003 -0.6495869
1.774368 1.627003 -0.6495869
1.774368 1.627003 -0.6495869
1.774368 1.627003 -0.6495869
1.774368 1.627003 -0.6495869
1.774368 1.627003 -0.6495869
1.907551 1.788764 -0.7750121
1.907551 1.788764 -0.7750121
1.907551 1.788764 -0.7750121
1.907551 1.788764 -0.7750121
1.907551 1.788764 -0.7750121
1.907551 1.788764 -0.7750121
1.907551 1.788764 -0.7750121
1.907551 1.788764 -0.7750121
1.907551 1.788764 -0.7750121
1.907551 1.788764 -0.7750121
1.907551 1.788764 -0.7750121
1.907551 1.788764 -0.7750121
1.907551 1.788764 -0.7750121
1.907551 1.788764 -0.7750121
1.907551 1.788764 -0.7750121
1.907551 1.788764 -0.7750121
1.907551 1.788764 -0.7750121
1.907551 1.788764 -0.7750121
1.907551 1.788764 -0.7750121
1.907551 1.788764 -0.7750121
1.907551 1.788764 -0.7750121
1.907551 1.788764 -0.7750121
1.907551 1.788764 -0.7750121
1.907551 1.788764 -0.7750121
1.907551 1.788764 -0.7750121
1.907551 1.788764 -0.7750121
1.907551 1.788764 -0.7750121
1.907551 1.788764 -0.7750121
1.907551 1.788764 -0.7750121
1.907551 1.788764 -0.7750121
1.907551 1.788764 -0.7750121
1.907551 1.788764 -0.7750121
1.907551 1.788764 -0.7750121
1.907551 1.788764 -0.7750121
1.907551 1.788764 -0.7750121
1.907551 1.788764 -0.7750121
1.907551 1.788764 -0.7750121
1.907551 1.788764 -0.7750121
1.907551 1.788764 -0.7750121
1.907551 1.788764 -0.7750121
1.907551 1.788764 -0.7750121
1.907551 1.788764 -0.7750121
1.907551 1.788764 -0.7750121
1.907551 1.788764 -0.7750121
1.907551 1.788764 -0.7750121
1.907551 1.788764 -0.7750121
1.907551 1.788764 -0.7750121
1.907551 1.788764 -0.7750121
1.907551 1.788764 -0.7750121
1.907551 1.788764 -0.7750121
1.907551 1.788764 -0.7750121
1.907551 1.788764 -0.7750121
1.907551 1.788764 -0.7750121
1.907551 1.788764 -0.7750121
1.907551 1.788764 -0.7750121
1.907551 1.788764 -0.7750121
1.907551 1.788764 -0.7750121
1.907551 1.788764 -0.7750121
1.907551 1.788764 -0.7750121
1.907551 1.788764 -0.7750121
2.013866 1.927679 -0.8543137
2.013866 1.927679 -0.8543137
2.013866 1.927679 -0.8543137
2.013866 1.927679 -0.8543137
2.013866 1.927679 -0.8543137
2.013866 1.927679 -0.8543137
2.013866 1.927679 -0.8543137
2.013866 1.927679 -0.8543137
2.013866 1.927679 -0.8543137
2.013866 1.927679 -0.8543137
2.013866 1.927679 -0.8543137
2.013866 1.927679 -0.8543137
2.013866 1.927679 -0.8543137
2.013866 1.927679 -0.8543137
2.013866 1.927679 -0.8543137
2.013866 1.927679 -0.8543137
2.013866 1.927679 -0.8543137
2.013866 1.927679 -0.8543137
2.013866 1.927679 -0.8543137
2.013866 1.927679 -0.8543137
2.013866 1.927679 -0.8543137
2.013866 1.927679 -0.8543137
2.15611 2.196722 -1.007404
2.15611 2.196722 -1.007404
2.15611 2.196722 -1.007404
2.15611 2.196722 -1.007404
2.15611 2.196722 -1.007404
2.15611 2.196722 -1.007404
2.15611 2.196722 -1.007404
2.15611 2.196722 -1.007404
2.15611 2.196722 -1.007404
2.15611 2.196722 -1.007404
1.662968 1.315614 -0.6341867
1.662968 1.315614 -0.6341867
1.662968 1.315614 -0.6341867
1.662968 1.315614 -0.6341867
1.662968 1.315614 -0.6341867
1.662968 1.315614 -0.6341867
1.662968 1.315614 -0.6341867
1.662968 1.315614 -0.6341867
1.817116 1.458203 -1.278509
1.817116 1.458203 -1.278509
1.817116 1.458203 -1.278509
1.817116 1.458203 -1.278509
1.817116 1.458203 -1.278509
1.817116 1.458203 -1.278509
1.817116 1.458203 -1.278509
1.817116 1.458203 -1.278509
1.817116 1.458203 -1.278509
1.817116 1.458203 -1.278509
1.817116 1.458203 -1.278509
1.817116 1.458203 -1.278509
1.817116 1.458203 -1.278509
1.817116 1.458203 -1.278509
1.817116 1.458203 -1.278509
1.817116 1.458203 -1.278509
1.817116 1.458203 -1.278509
1.817116 1.458203 -1.278509
1.817116 1.458203 -1.278509
1.817116 1.458203 -1.278509
1.952853 1.662497 -1.365037
1.952853 1.662497 -1.365037
1.952853 1.662497 -1.365037
1.952853 1.662497 -1.365037
1.952853 1.662497 -1.365037
1.952853 1.662497 -1.365037
1.952853 1.662497 -1.365037
1.952853 1.662497 -1.365037
1.952853 1.662497 -1.365037
1.952853 1.662497 -1.365037
1.952853 1.662497 -1.365037
1.952853 1.662497 -1.365037
1.952853 1.662497 -1.365037
1.952853 1.662497 -1.365037
1.952853 1.662497 -1.365037
1.952853 1.662497 -1.365037
1.952853 1.662497 -1.365037
1.952853 1.662497 -1.365037
1.952853 1.662497 -1.365037
1.952853 1.662497 -1.365037
1.952853 1.662497 -1.365037
1.952853 1.662497 -1.365037
1.952853 1.662497 -1.365037
1.952853 1.662497 -1.365037
1.952853 1.662497 -1.365037
1.952853 1.662497 -1.365037
1.952853 1.662497 -1.365037
1.952853 1.662497 -1.365037
1.952853 1.662497 -1.365037
1.952853 1.662497 -1.365037
1.952853 1.662497 -1.365037
1.952853 1.662497 -1.365037
1.952853 1.662497 -1.365037
1.952853 1.662497 -1.365037
1.952853 1.662497 -1.365037
1.952853 1.662497 -1.365037
1.952853 1.662497 -1.365037
1.952853 1.662497 -1.365037
1.952853 1.662497 -1.365037
1.952853 1.662497 -1.365037
1.952853 1.662497 -1.365037
1.952853 1.662497 -1.365037
1.952853 1.662497 -1.365037
1.952853 1.662497 -1.365037
1.952853 1.662497 -1.365037
1.952853 1.662497 -1.365037
1.952853 1.662497 -1.365037
1.952853 1.662497 -1.365037
1.952853 1.662497 -1.365037
1.98811 1.623439 -1.318117
1.98811 1.623439 -1.318117
1.98811 1.623439 -1.318117
1.98811 1.623439 -1.318117
1.98811 1.623439 -1.318117
1.98811 1.623439 -1.318117
1.98811 1.623439 -1.318117
1.98811 1.623439 -1.318117
1.98811 1.623439 -1.318117
1.98811 1.623439 -1.318117
1.98811 1.623439 -1.318117
2.148396 1.801386 -1.428816
2.148396 1.801386 -1.428816
2.148396 1.801386 -1.428816
2.148396 1.801386 -1.428816
2.148396 1.801386 -1.428816
2.148396 1.801386 -1.428816
2.148396 1.801386 -1.428816
2.148396 1.801386 -1.428816
2.148396 1.801386 -1.428816
2.148396 1.801386 -1.428816
2.148396 1.801386 -1.428816
2.148396 1.801386 -1.428816
2.148396 1.801386 -1.428816
2.148396 1.801386 -1.428816
2.148396 1.801386 -1.428816
2.148396 1.801386 -1.428816
2.148396 1.801386 -1.428816
2.148396 1.801386 -1.428816
2.148396 1.801386 -1.428816
2.148396 1.801386 -1.428816
2.148396 1.801386 -1.428816
2.148396 1.801386 -1.428816
2.201606 2.051419 -1.691409
2.201606 2.051419 -1.691409
2.201606 2.051419 -1.691409
2.201606 2.051419 -1.691409
2.201606 2.051419 -1.691409
2.201606 2.051419 -1.691409
2.201606 2.051419 -1.691409
2.201606 2.051419 -1.691409
2.201606 2.051419 -1.691409
2.201606 2.051419 -1.691409
2.201606 2.051419 -1.691409
2.201606 2.051419 -1.691409
2.201606 2.051419 -1.691409
2.201606 2.051419 -1.691409
2.201606 2.051419 -1.691409
2.201606 2.051419 -1.691409
2.201606 2.051419 -1.691409
2.201606 2.051419 -1.691409
2.201606 2.051419 -1.691409
2.201606 2.051419 -1.691409
2.201606 2.051419 -1.691409
2.201606 2.051419 -1.691409
2.201606 2.051419 -1.691409
2.201606 2.051419 -1.691409
2.201606 2.051419 -1.691409
2.201606 2.051419 -1.691409
2.201606 2.051419 -1.691409
2.201606 2.051419 -1.691409
2.201606 2.051419 -1.691409
2.201606 2.051419 -1.691409
2.201606 2.051419 -1.691409
2.201606 2.051419 -1.691409
2.201606 2.051419 -1.691409
2.201606 2.051419 -1.691409
2.201606 2.051419 -1.691409
2.201606 2.051419 -1.691409
2.201606 2.051419 -1.691409
2.201606 2.051419 -1.691409
2.16096 2.075279 -1.766072
2.181657 1.971908 -1.531544
2.181657 1.971908 -1.531544
2.181657 1.971908 -1.531544
2.181657 1.971908 -1.531544
2.181657 1.971908 -1.531544
2.181657 1.971908 -1.531544
2.181657 1.971908 -1.531544
2.204605 2.054397 -1.730994
2.204605 2.054397 -1.730994
2.204605 2.054397 -1.730994
2.204605 2.054397 -1.730994
2.204605 2.054397 -1.730994
2.204605 2.054397 -1.730994
2.204605 2.054397 -1.730994
2.204605 2.054397 -1.730994
2.204605 2.054397 -1.730994
2.204605 2.054397 -1.730994
2.204605 2.054397 -1.730994
2.204605 2.054397 -1.730994
2.204605 2.054397 -1.730994
2.204605 2.054397 -1.730994
2.204605 2.054397 -1.730994
2.204605 2.054397 -1.730994
2.204605 2.054397 -1.730994
2.204605 2.054397 -1.730994
2.204605 2.054397 -1.730994
2.204605 2.054397 -1.730994
2.204605 2.054397 -1.730994
2.204605 2.054397 -1.730994
2.204605 2.054397 -1.730994
2.204605 2.054397 -1.730994
2.204605 2.054397 -1.730994
2.204605 2.054397 -1.730994
2.204605 2.054397 -1.730994
2.204605 2.054397 -1.730994
2.204605 2.054397 -1.730994
2.204605 2.054397 -1.730994
2.204605 2.054397 -1.730994
2.204605 2.054397 -1.730994
2.204605 2.054397 -1.730994
2.204605 2.054397 -1.730994
2.204605 2.054397 -1.730994
2.204605 2.054397 -1.730994
2.204605 2.054397 -1.730994
2.204605 2.054397 -1.730994
2.204605 2.054397 -1.730994
2.204605 2.054397 -1.730994
2.204605 2.054397 -1.730994
2.204605 2.054397 -1.730994
2.204605 2.054397 -1.730994
2.204605 2.054397 -1.730994
2.204605 2.054397 -1.730994
2.204605 2.054397 -1.730994
2.204605 2.054397 -1.730994
2.204605 2.054397 -1.730994
2.204605 2.054397 -1.730994
2.204605 2.054397 -1.730994
2.204605 2.054397 -1.730994
2.204605 2.054397 -1.730994
2.115595 2.065568 -1.750839
2.115595 2.065568 -1.750839
2.115595 2.065568 -1.750839
2.115595 2.065568 -1.750839
2.115595 2.065568 -1.750839
2.115595 2.065568 -1.750839
2.115595 2.065568 -1.750839
2.115595 2.065568 -1.750839
2.115595 2.065568 -1.750839
2.115595 2.065568 -1.750839
2.115595 2.065568 -1.750839
2.115595 2.065568 -1.750839
2.115595 2.065568 -1.750839
2.115595 2.065568 -1.750839
2.115595 2.065568 -1.750839
2.115595 2.065568 -1.750839
2.115595 2.065568 -1.750839
2.115595 2.065568 -1.750839
2.115595 2.065568 -1.750839
2.115595 2.065568 -1.750839
2.115595 2.065568 -1.750839
2.115595 2.065568 -1.750839
2.115595 2.065568 -1.750839
2.115595 2.065568 -1.750839
2.115595 2.065568 -1.750839
2.115595 2.065568 -1.750839
2.115595 2.065568 -1.750839
2.115595 2.065568 -1.750839
2.115595 2.065568 -1.750839
2.115595 2.065568 -1.750839
2.115595 2.065568 -1.750839
2.115595 2.065568 -1.750839
2.115595 2.065568 -1.750839
2.115595 2.065568 -1.750839
2.115595 2.065568 -1.750839
2.115595 2.065568 -1.750839
2.115595 2.065568 -1.750839
2.115595 2.065568 -1.750839
2.115595 2.065568 -1.750839
2.115595 2.065568 -1.750839
2.115595 2.065568 -1.750839
2.115595 2.065568 -1.750839
2.115595 2.065568 -1.750839
2.115595 2.065568 -1.750839
2.115595 2.065568 -1.750839
2.115595 2.065568 -1.750839
2.115595 2.065568 -1.750839
2.115595 2.065568 -1.750839
2.115595 2.065568 -1.750839
2.115595 2.065568 -1.750839
2.115595 2.065568 -1.750839
2.115595 2.065568 -1.750839
2.115595 2.065568 -1.750839
2.197402 2.078525 -1.777098
2.197402 2.078525 -1.777098
2.197402 2.078525 -1.777098
2.197402 2.078525 -1.777098
2.197402 2.078525 -1.777098
2.197402 2.078525 -1.777098
2.197402 2.078525 -1.777098
2.199362 2.182373 -1.792865
2.199362 2.182373 -1.792865
2.199362 2.182373 -1.792865
2.199362 2.182373 -1.792865
2.199362 2.182373 -1.792865
2.199362 2.182373 -1.792865
2.199362 2.182373 -1.792865
2.199362 2.182373 -1.792865
2.199362 2.182373 -1.792865
2.199362 2.182373 -1.792865
2.199362 2.182373 -1.792865
2.199362 2.182373 -1.792865
2.199362 2.182373 -1.792865
2.199362 2.182373 -1.792865
2.199362 2.182373 -1.792865
2.199362 2.182373 -1.792865
2.199362 2.182373 -1.792865
2.199362 2.182373 -1.792865
2.199362 2.182373 -1.792865
2.199362 2.182373 -1.792865
2.199362 2.182373 -1.792865
2.199362 2.182373 -1.792865
2.199362 2.182373 -1.792865
2.199362 2.182373 -1.792865
2.199362 2.182373 -1.792865
2.199362 2.182373 -1.792865
2.199362 2.182373 -1.792865
2.199362 2.182373 -1.792865
2.314291 2.129384 -1.993499
2.314291 2.129384 -1.993499
2.314291 2.129384 -1.993499
2.314291 2.129384 -1.993499
2.314291 2.129384 -1.993499
2.314291 2.129384 -1.993499
2.314291 2.129384 -1.993499
2.314291 2.129384 -1.993499
2.314291 2.129384 -1.993499
2.314291 2.129384 -1.993499
2.314291 2.129384 -1.993499
2.314291 2.129384 -1.993499
2.314291 2.129384 -1.993499
2.314291 2.129384 -1.993499
2.314291 2.129384 -1.993499
2.314291 2.129384 -1.993499
2.314291 2.129384 -1.993499
2.314291 2.129384 -1.993499
2.314291 2.129384 -1.993499
2.314291 2.129384 -1.993499
2.314291 2.129384 -1.993499
1.965051 2.163167 -1.348358
1.965051 2.163167 -1.348358
1.965051 2.163167 -1.348358
1.965051 2.163167 -1.348358
1.965051 2.163167 -1.348358
1.965051 2.163167 -1.348358
1.965051 2.163167 -1.348358
1.965051 2.163167 -1.348358
1.965051 2.163167 -1.348358
1.965051 2.163167 -1.348358
1.965051 2.163167 -1.348358
2.087012 2.243522 -1.409913
2.087012 2.243522 -1.409913
2.087012 2.243522 -1.409913
2.087012 2.243522 -1.409913
2.087012 2.243522 -1.409913
2.087012 2.243522 -1.409913
2.087012 2.243522 -1.409913
2.087012 2.243522 -1.409913
2.087012 2.243522 -1.409913
2.087012 2.243522 -1.409913
2.087012 2.243522 -1.409913
2.087012 2.243522 -1.409913
2.087012 2.243522 -1.409913
2.087012 2.243522 -1.409913
2.087012 2.243522 -1.409913
2.087012 2.243522 -1.409913
2.087012 2.243522 -1.409913
2.087012 2.243522 -1.409913
2.087012 2.243522 -1.409913
2.087012 2.243522 -1.409913
2.087012 2.243522 -1.409913
2.087012 2.243522 -1.409913
2.087012 2.243522 -1.409913
2.087012 2.243522 -1.409913
2.087012 2.243522 -1.409913
2.087012 2.243522 -1.409913
2.087012 2.243522 -1.409913
2.087012 2.243522 -1.409913
2.087012 2.243522 -1.409913
2.087012 2.243522 -1.409913
2.087012 2.243522 -1.409913
2.087012 2.243522 -1.409913
2.087012 2.243522 -1.409913
2.087012 2.243522 -1.409913
2.087012 2.243522 -1.409913
2.087012 2.243522 -1.409913
2.087012 2.243522 -1.409913
2.087012 2.243522 -1.409913
2.087012 2.243522 -1.409913
2.087012 2.243522 -1.409913
2.087012 2.243522 -1.409913
2.087012 2.243522 -1.409913
2.087012 2.243522 -1.409913
2.087012 2.243522 -1.409913
2.087012 2.243522 -1.409913
2.087012 2.243522 -1.409913
2.087012 2.243522 -1.409913
2.087012 2.243522 -1.409913
2.087012 2.243522 -1.409913
2.087012 2.243522 -1.409913
2.087012 2.243522 -1.409913
2.087012 2.243522 -1.409913
2.087012 2.243522 -1.409913
2.087012 2.243522 -1.409913
2.087012 2.243522 -1.409913
2.087012 2.243522 -1.409913
2.087012 2.243522 -1.409913
2.087012 2.243522 -1.409913
2.087012 2.243522 -1.409913
2.087012 2.243522 -1.409913
2.227193 2.048269 -1.468391
2.227193 2.048269 -1.468391
2.227193 2.048269 -1.468391
2.227193 2.048269 -1.468391
2.227193 2.048269 -1.468391
2.227193 2.048269 -1.468391
2.227193 2.048269 -1.468391
2.227193 2.048269 -1.468391
2.227193 2.048269 -1.468391
2.227193 2.048269 -1.468391
2.227193 2.048269 -1.468391
2.227193 2.048269 -1.468391
2.227193 2.048269 -1.468391
2.227193 2.048269 -1.468391
2.227193 2.048269 -1.468391
2.227193 2.048269 -1.468391
2.227193 2.048269 -1.468391
2.227193 2.048269 -1.468391
2.227193 2.048269 -1.468391
2.227193 2.048269 -1.468391
2.227193 2.048269 -1.468391
2.227193 2.048269 -1.468391
2.227193 2.048269 -1.468391
2.227193 2.048269 -1.468391
2.227193 2.048269 -1.468391
2.227193 2.048269 -1.468391
2.227193 2.048269 -1.468391
2.227193 2.048269 -1.468391
2.227193 2.048269 -1.468391
2.227193 2.048269 -1.468391
2.227193 2.048269 -1.468391
2.227193 2.048269 -1.468391
2.227193 2.048269 -1.468391
2.227193 2.048269 -1.468391
2.227193 2.048269 -1.468391
2.227193 2.048269 -1.468391
2.227193 2.048269 -1.468391
2.227193 2.048269 -1.468391
2.227193 2.048269 -1.468391
2.227193 2.048269 -1.468391
2.227193 2.048269 -1.468391
2.227193 2.048269 -1.468391
2.227193 2.048269 -1.468391
2.227193 2.048269 -1.468391
2.227193 2.048269 -1.468391
2.227193 2.048269 -1.468391
2.227193 2.048269 -1.468391
2.227193 2.048269 -1.468391
2.227193 2.048269 -1.468391
2.227193 2.048269 -1.468391
2.227193 2.048269 -1.468391
2.227193 2.048269 -1.468391
2.227193 2.048269 -1.468391
2.227193 2.048269 -1.468391
2.227193 2.048269 -1.468391
2.227193 2.048269 -1.468391
2.227193 2.048269 -1.468391
2.227193 2.048269 -1.468391
2.227193 2.048269 -1.468391
2.227193 2.048269 -1.468391
2.357111 1.963236 -1.526553
2.357111 1.963236 -1.526553
2.357111 1.963236 -1.526553
2.357111 1.963236 -1.526553
2.357111 1.963236 -1.526553
2.357111 1.963236 -1.526553
2.357111 1.963236 -1.526553
2.357111 1.963236 -1.526553
2.357111 1.963236 -1.526553
2.357111 1.963236 -1.526553
2.357111 1.963236 -1.526553
2.357111 1.963236 -1.526553
2.357111 1.963236 -1.526553
2.357111 1.963236 -1.526553
2.357111 1.963236 -1.526553
2.357111 1.963236 -1.526553
2.357111 1.963236 -1.526553
2.357111 1.963236 -1.526553
2.357111 1.963236 -1.526553
2.357111 1.963236 -1.526553
2.357111 1.963236 -1.526553
2.357111 1.963236 -1.526553
2.357111 1.963236 -1.526553
2.357111 1.963236 -1.526553
2.357111 1.963236 -1.526553
2.357111 1.963236 -1.526553
2.357111 1.963236 -1.526553
2.357111 1.963236 -1.526553
2.357111 1.963236 -1.526553
2.357111 1.963236 -1.526553
2.357111 1.963236 -1.526553
2.357111 1.963236 -1.526553
2.357111 1.963236 -1.526553
2.357111 1.963236 -1.526553
2.357111 1.963236 -1.526553
2.357111 1.963236 -1.526553
2.357111 1.963236 -1.526553
2.357111 1.963236 -1.526553
2.357111 1.963236 -1.526553
2.357111 1.963236 -1.526553
2.357111 1.963236 -1.526553
2.357111 1.963236 -1.526553
2.357111 1.963236 -1.526553
2.357111 1.963236 -1.526553
2.357111 1.963236 -1.526553
2.357111 1.963236 -1.526553
2.357111 1.963236 -1.526553
2.357111 1.963236 -1.526553
2.357111 1.963236 -1.526553
2.357111 1.963236 -1.526553
2.357111 1.963236 -1.526553
2.357111 1.963236 -1.526553
2.357111 1.963236 -1.526553
2.357111 1.963236 -1.526553
2.357111 1.963236 -1.526553
2.357111 1.963236 -1.526553
2.357111 1.963236 -1.526553
2.357111 1.963236 -1.526553
2.357111 1.963236 -1.526553
2.357111 1.963236 -1.526553
2.429337 1.939532 -1.530643
2.429337 1.939532 -1.530643
2.429337 1.939532 -1.530643
2.429337 1.939532 -1.530643
2.429337 1.939532 -1.530643
2.429337 1.939532 -1.530643
2.429337 1.939532 -1.530643
2.429337 1.939532 -1.530643
2.429337 1.939532 -1.530643
2.429337 1.939532 -1.530643
2.429337 1.939532 -1.530643
2.429337 1.939532 -1.530643
2.429337 1.939532 -1.530643
2.429337 1.939532 -1.530643
2.429337 1.939532 -1.530643
2.429337 1.939532 -1.530643
2.429337 1.939532 -1.530643
2.429337 1.939532 -1.530643
2.429337 1.939532 -1.530643
2.429337 1.939532 -1.530643
2.429337 1.939532 -1.530643
2.429337 1.939532 -1.530643
2.429337 1.939532 -1.530643
2.429337 1.939532 -1.530643
2.429337 1.939532 -1.530643
2.429337 1.939532 -1.530643
2.429337 1.939532 -1.530643
2.429337 1.939532 -1.530643
2.429337 1.939532 -1.530643
2.429337 1.939532 -1.530643
2.429337 1.939532 -1.530643
2.429337 1.939532 -1.530643
2.429337 1.939532 -1.530643
2.429337 1.939532 -1.530643
2.429337 1.939532 -1.530643
2.429337 1.939532 -1.530643
2.429337 1.939532 -1.530643
2.429337 1.939532 -1.530643
2.429337 1.939532 -1.530643
2.429337 1.939532 -1.530643
2.429337 1.939532 -1.530643
2.429337 1.939532 -1.530643
2.429337 1.939532 -1.530643
2.429337 1.939532 -1.530643
2.429337 1.939532 -1.530643
2.429337 1.939532 -1.530643
2.429337 1.939532 -1.530643
2.429337 1.939532 -1.530643
2.429337 1.939532 -1.530643
2.429337 1.939532 -1.530643
2.429337 1.939532 -1.530643
2.429337 1.939532 -1.530643
2.429337 1.939532 -1.530643
2.429337 1.939532 -1.530643
2.429337 1.939532 -1.530643
2.429337 1.939532 -1.530643
2.429337 1.939532 -1.530643
2.429337 1.939532 -1.530643
2.429337 1.939532 -1.530643
2.429337 1.939532 -1.530643
2.33143 1.991643 -1.572352
2.33143 1.991643 -1.572352
2.33143 1.991643 -1.572352
2.33143 1.991643 -1.572352
2.33143 1.991643 -1.572352
2.33143 1.991643 -1.572352
2.33143 1.991643 -1.572352
2.33143 1.991643 -1.572352
2.33143 1.991643 -1.572352
2.33143 1.991643 -1.572352
2.33143 1.991643 -1.572352
2.33143 1.991643 -1.572352
2.33143 1.991643 -1.572352
2.33143 1.991643 -1.572352
2.33143 1.991643 -1.572352
2.33143 1.991643 -1.572352
2.33143 1.991643 -1.572352
2.33143 1.991643 -1.572352
2.33143 1.991643 -1.572352
2.33143 1.991643 -1.572352
2.33143 1.991643 -1.572352
2.33143 1.991643 -1.572352
2.33143 1.991643 -1.572352
2.33143 1.991643 -1.572352
2.33143 1.991643 -1.572352
2.33143 1.991643 -1.572352
2.33143 1.991643 -1.572352
2.33143 1.991643 -1.572352
2.33143 1.991643 -1.572352
2.33143 1.991643 -1.572352
2.425529 2.408346 -1.882524
2.425529 2.408346 -1.882524
2.425529 2.408346 -1.882524
2.425529 2.408346 -1.882524
2.425529 2.408346 -1.882524
2.425529 2.408346 -1.882524
2.425529 2.408346 -1.882524
2.425529 2.408346 -1.882524
2.425529 2.408346 -1.882524
2.425529 2.408346 -1.882524
2.425529 2.408346 -1.882524
2.425529 2.408346 -1.882524
2.425529 2.408346 -1.882524
2.425529 2.408346 -1.882524
2.425529 2.408346 -1.882524
2.425529 2.408346 -1.882524
2.425529 2.408346 -1.882524
2.425529 2.408346 -1.882524
2.425529 2.408346 -1.882524
2.425529 2.408346 -1.882524
2.425529 2.408346 -1.882524
2.425529 2.408346 -1.882524
2.425529 2.408346 -1.882524
2.425529 2.408346 -1.882524
2.425529 2.408346 -1.882524
2.425529 2.408346 -1.882524
2.425529 2.408346 -1.882524
2.425529 2.408346 -1.882524
2.425529 2.408346 -1.882524
2.425529 2.408346 -1.882524
2.439273 2.476388 -1.941777
2.439273 2.476388 -1.941777
2.439273 2.476388 -1.941777
2.439273 2.476388 -1.941777
2.439273 2.476388 -1.941777
2.439273 2.476388 -1.941777
2.439273 2.476388 -1.941777
2.439273 2.476388 -1.941777
2.439273 2.476388 -1.941777
2.439273 2.476388 -1.941777
2.439273 2.476388 -1.941777
2.439273 2.476388 -1.941777
2.439273 2.476388 -1.941777
2.439273 2.476388 -1.941777
2.439273 2.476388 -1.941777
2.439273 2.476388 -1.941777
2.439273 2.476388 -1.941777
2.439273 2.476388 -1.941777
2.439273 2.476388 -1.941777
2.439273 2.476388 -1.941777
2.439273 2.476388 -1.941777
2.439273 2.476388 -1.941777
2.439273 2.476388 -1.941777
2.439273 2.476388 -1.941777
2.439273 2.476388 -1.941777
2.439273 2.476388 -1.941777
2.439273 2.476388 -1.941777
2.439273 2.476388 -1.941777
2.439273 2.476388 -1.941777
2.439273 2.476388 -1.941777
2.439273 2.476388 -1.941777
2.439273 2.476388 -1.941777
2.439273 2.476388 -1.941777
2.439273 2.476388 -1.941777
2.439273 2.476388 -1.941777
2.439273 2.476388 -1.941777
2.439273 2.476388 -1.941777
2.439273 2.476388 -1.941777
2.439273 2.476388 -1.941777
2.439273 2.476388 -1.941777
2.439273 2.476388 -1.941777
2.439273 2.476388 -1.941777
2.439273 2.476388 -1.941777
2.439273 2.476388 -1.941777
2.439273 2.476388 -1.941777
2.439273 2.476388 -1.941777
2.439273 2.476388 -1.941777
2.439273 2.476388 -1.941777
2.439273 2.476388 -1.941777
2.439273 2.476388 -1.941777
2.439273 2.476388 -1.941777
2.439273 2.476388 -1.941777
2.439273 2.476388 -1.941777
2.439273 2.476388 -1.941777
2.439273 2.476388 -1.941777
2.439273 2.476388 -1.941777
2.439273 2.476388 -1.941777
2.439273 2.476388 -1.941777
2.439273 2.476388 -1.941777
2.439273 2.476388 -1.941777
2.506646 2.524703 -2.001684
2.506646 2.524703 -2.001684
2.506646 2.524703 -2.001684
2.506646 2.524703 -2.001684
2.506646 2.524703 -2.001684
2.506646 2.524703 -2.001684
2.506646 2.524703 -2.001684
2.506646 2.524703 -2.001684
2.506646 2.524703 -2.001684
2.506646 2.524703 -2.001684
2.506646 2.524703 -2.001684
2.506646 2.524703 -2.001684
2.506646 2.524703 -2.001684
2.506646 2.524703 -2.001684
2.506646 2.524703 -2.001684
2.506646 2.524703 -2.001684
2.506646 2.524703 -2.001684
2.506646 2.524703 -2.001684
2.506646 2.524703 -2.001684
2.506646 2.524703 -2.001684
2.506646 2.524703 -2.001684
2.506646 2.524703 -2.001684
2.506646 2.524703 -2.001684
2.506646 2.524703 -2.001684
2.506646 2.524703 -2.001684
2.506646 2.524703 -2.001684
2.506646 2.524703 -2.001684
2.506646 2.524703 -2.001684
2.506646 2.524703 -2.001684
2.506646 2.524703 -2.001684
2.506646 2.524703 -2.001684
2.506646 2.524703 -2.001684
2.506646 2.524703 -2.001684
2.506646 2.524703 -2.001684
2.506646 2.524703 -2.001684
2.506646 2.524703 -2.001684
2.506646 2.524703 -2.001684
2.506646 2.524703 -2.001684
2.506646 2.524703 -2.001684
2.506646 2.524703 -2.001684
2.506646 2.524703 -2.001684
2.506646 2.524703 -2.001684
2.506646 2.524703 -2.001684
2.506646 2.524703 -2.001684
2.506646 2.524703 -2.001684
2.506646 2.524703 -2.001684
2.506646 2.524703 -2.001684
2.506646 2.524703 -2.001684
2.506646 2.524703 -2.001684
2.506646 2.524703 -2.001684
2.506646 2.524703 -2.001684
2.506646 2.524703 -2.001684
2.506646 2.524703 -2.001684
2.506646 2.524703 -2.001684
2.506646 2.524703 -2.001684
2.506646 2.524703 -2.001684
2.506646 2.524703 -2.001684
2.506646 2.524703 -2.001684
2.506646 2.524703 -2.001684
2.506646 2.524703 -2.001684
2.562999 2.533026 -2.033651
2.562999 2.533026 -2.033651
2.562999 2.533026 -2.033651
2.562999 2.533026 -2.033651
2.562999 2.533026 -2.033651
2.562999 2.533026 -2.033651
2.562999 2.533026 -2.033651
2.562999 2.533026 -2.033651
2.562999 2.533026 -2.033651
2.562999 2.533026 -2.033651
2.562999 2.533026 -2.033651
2.562999 2.533026 -2.033651
2.562999 2.533026 -2.033651
2.562999 2.533026 -2.033651
2.562999 2.533026 -2.033651
2.562999 2.533026 -2.033651
2.562999 2.533026 -2.033651
2.562999 2.533026 -2.033651
2.562999 2.533026 -2.033651
2.562999 2.533026 -2.033651
2.562999 2.533026 -2.033651
2.562999 2.533026 -2.033651
2.562999 2.533026 -2.033651
2.562999 2.533026 -2.033651
2.562999 2.533026 -2.033651
2.562999 2.533026 -2.033651
2.562999 2.533026 -2.033651
2.562999 2.533026 -2.033651
2.562999 2.533026 -2.033651
2.562999 2.533026 -2.033651
2.562999 2.533026 -2.033651
2.562999 2.533026 -2.033651
2.562999 2.533026 -2.033651
2.562999 2.533026 -2.033651
2.562999 2.533026 -2.033651
2.562999 2.533026 -2.033651
2.562999 2.533026 -2.033651
2.562999 2.533026 -2.033651
2.562999 2.533026 -2.033651
2.562999 2.533026 -2.033651
2.562999 2.533026 -2.033651
2.562999 2.533026 -2.033651
2.562999 2.533026 -2.033651
2.562999 2.533026 -2.033651
2.562999 2.533026 -2.033651
2.562999 2.533026 -2.033651
2.562999 2.533026 -2.033651
2.562999 2.533026 -2.033651
2.562999 2.533026 -2.033651
2.562999 2.533026 -2.033651
2.562999 2.533026 -2.033651
2.562999 2.533026 -2.033651
2.562999 2.533026 -2.033651
2.562999 2.533026 -2.033651
2.562999 2.533026 -2.033651
2.562999 2.533026 -2.033651
2.562999 2.533026 -2.033651
2.562999 2.533026 -2.033651
2.562999 2.533026 -2.033651
2.562999 2.533026 -2.033651
2.56331 2.548544 -2.044667
2.56331 2.548544 -2.044667
2.56331 2.548544 -2.044667
2.56331 2.548544 -2.044667
2.56331 2.548544 -2.044667
2.56331 2.548544 -2.044667
2.56331 2.548544 -2.044667
2.56331 2.548544 -2.044667
2.56331 2.548544 -2.044667
2.56331 2.548544 -2.044667
2.56331 2.548544 -2.044667
2.56331 2.548544 -2.044667
2.56331 2.548544 -2.044667
2.56331 2.548544 -2.044667
2.56331 2.548544 -2.044667
2.56331 2.548544 -2.044667
2.56331 2.548544 -2.044667
2.56331 2.548544 -2.044667
2.56331 2.548544 -2.044667
2.56331 2.548544 -2.044667
2.56331 2.548544 -2.044667
2.56331 2.548544 -2.044667
2.56331 2.548544 -2.044667
2.56331 2.548544 -2.044667
2.56331 2.548544 -2.044667
2.56331 2.548544 -2.044667
2.56331 2.548544 -2.044667
2.56331 2.548544 -2.044667
2.56331 2.548544 -2.044667
2.402131 2.027931 -2.018174
2.39788 2.420415 -1.977324
2.39788 2.420415 -1.977324
2.39788 2.420415 -1.977324
2.39788 2.420415 -1.977324
2.39788 2.420415 -1.977324
2.39788 2.420415 -1.977324
2.39788 2.420415 -1.977324
2.39788 2.420415 -1.977324
2.39788 2.420415 -1.977324
2.39788 2.420415 -1.977324
2.39788 2.420415 -1.977324
2.39788 2.420415 -1.977324
2.39788 2.420415 -1.977324
2.39788 2.420415 -1.977324
2.39788 2.420415 -1.977324
2.39788 2.420415 -1.977324
2.39788 2.420415 -1.977324
2.39788 2.420415 -1.977324
2.39788 2.420415 -1.977324
2.39788 2.420415 -1.977324
2.39788 2.420415 -1.977324
2.39788 2.420415 -1.977324
2.39788 2.420415 -1.977324
2.39788 2.420415 -1.977324
2.39788 2.420415 -1.977324
2.39788 2.420415 -1.977324
2.39788 2.420415 -1.977324
2.39788 2.420415 -1.977324
2.39788 2.420415 -1.977324
2.39788 2.420415 -1.977324
2.424778 2.485459 -1.970457
2.424778 2.485459 -1.970457
2.424778 2.485459 -1.970457
2.424778 2.485459 -1.970457
2.424778 2.485459 -1.970457
2.424778 2.485459 -1.970457
2.663571 2.537196 -2.207318
2.663571 2.537196 -2.207318
2.663571 2.537196 -2.207318
2.663571 2.537196 -2.207318
2.663571 2.537196 -2.207318
2.663571 2.537196 -2.207318
2.663571 2.537196 -2.207318
2.663571 2.537196 -2.207318
2.663571 2.537196 -2.207318
2.663571 2.537196 -2.207318
2.663571 2.537196 -2.207318
2.663571 2.537196 -2.207318
2.663571 2.537196 -2.207318
2.663571 2.537196 -2.207318
2.663571 2.537196 -2.207318
2.663571 2.537196 -2.207318
2.663571 2.537196 -2.207318
2.663571 2.537196 -2.207318
2.663571 2.537196 -2.207318
2.663571 2.537196 -2.207318
2.663571 2.537196 -2.207318
2.663571 2.537196 -2.207318
2.663571 2.537196 -2.207318
2.663571 2.537196 -2.207318
2.663571 2.537196 -2.207318
2.663571 2.537196 -2.207318
2.663571 2.537196 -2.207318
2.663571 2.537196 -2.207318
2.663571 2.537196 -2.207318
2.663571 2.537196 -2.207318
2.663571 2.537196 -2.207318
2.663571 2.537196 -2.207318
2.663571 2.537196 -2.207318
2.663571 2.537196 -2.207318
2.663571 2.537196 -2.207318
2.663571 2.537196 -2.207318
2.663571 2.537196 -2.207318
2.663571 2.537196 -2.207318
2.663571 2.537196 -2.207318
2.663571 2.537196 -2.207318
2.663571 2.537196 -2.207318
2.663571 2.537196 -2.207318
2.663571 2.537196 -2.207318
2.663571 2.537196 -2.207318
2.663571 2.537196 -2.207318
2.663571 2.537196 -2.207318
2.663571 2.537196 -2.207318
2.663571 2.537196 -2.207318
2.663571 2.537196 -2.207318
2.663571 2.537196 -2.207318
2.663571 2.537196 -2.207318
2.663571 2.537196 -2.207318
2.663571 2.537196 -2.207318
2.663571 2.537196 -2.207318
2.657642 2.57249 -2.184425
2.657642 2.57249 -2.184425
2.657642 2.57249 -2.184425
2.657642 2.57249 -2.184425
2.657642 2.57249 -2.184425
2.657642 2.57249 -2.184425
2.657642 2.57249 -2.184425
2.657642 2.57249 -2.184425
2.657642 2.57249 -2.184425
2.657642 2.57249 -2.184425
2.657642 2.57249 -2.184425
2.657642 2.57249 -2.184425
2.657642 2.57249 -2.184425
2.657642 2.57249 -2.184425
2.657642 2.57249 -2.184425
2.657642 2.57249 -2.184425
2.657642 2.57249 -2.184425
2.657642 2.57249 -2.184425
2.657642 2.57249 -2.184425
2.657642 2.57249 -2.184425
2.657642 2.57249 -2.184425
2.657642 2.57249 -2.184425
2.657642 2.57249 -2.184425
2.657642 2.57249 -2.184425
2.657642 2.57249 -2.184425
2.657642 2.57249 -2.184425
2.657642 2.57249 -2.184425
2.657642 2.57249 -2.184425
2.657642 2.57249 -2.184425
2.657642 2.57249 -2.184425
2.657642 2.57249 -2.184425
2.657642 2.57249 -2.184425
2.657642 2.57249 -2.184425
2.657642 2.57249 -2.184425
2.657642 2.57249 -2.184425
2.657642 2.57249 -2.184425
2.657642 2.57249 -2.184425
2.657642 2.57249 -2.184425
2.657642 2.57249 -2.184425
2.657642 2.57249 -2.184425
2.657642 2.57249 -2.184425
2.657642 2.57249 -2.184425
2.657642 2.57249 -2.184425
2.657642 2.57249 -2.184425
2.657642 2.57249 -2.184425
2.657642 2.57249 -2.184425
2.657642 2.57249 -2.184425
2.657642 2.57249 -2.184425
2.657642 2.57249 -2.184425
2.657642 2.57249 -2.184425
2.657642 2.57249 -2.184425
2.657642 2.57249 -2.184425
2.657642 2.57249 -2.184425
2.657642 2.57249 -2.184425
2.657642 2.57249 -2.184425
2.657642 2.57249 -2.184425
2.657642 2.57249 -2.184425
2.657642 2.57249 -2.184425
2.657642 2.57249 -2.184425
2.657642 2.57249 -2.184425
2.58951 2.569809 -2.160236
2.58951 2.569809 -2.160236
2.58951 2.569809 -2.160236
2.58951 2.569809 -2.160236
2.58951 2.569809 -2.160236
2.58951 2.569809 -2.160236
2.58951 2.569809 -2.160236
2.58951 2.569809 -2.160236
2.58951 2.569809 -2.160236
2.58951 2.569809 -2.160236
2.58951 2.569809 -2.160236
2.58951 2.569809 -2.160236
2.58951 2.569809 -2.160236
2.58951 2.569809 -2.160236
2.58951 2.569809 -2.160236
2.58951 2.569809 -2.160236
2.58951 2.569809 -2.160236
2.58951 2.569809 -2.160236
2.302306 2.25474 -1.966623
2.302306 2.25474 -1.966623
2.302306 2.25474 -1.966623
2.302306 2.25474 -1.966623
2.302306 2.25474 -1.966623
2.302306 2.25474 -1.966623
2.302306 2.25474 -1.966623
2.302306 2.25474 -1.966623
2.302306 2.25474 -1.966623
2.302306 2.25474 -1.966623
2.302306 2.25474 -1.966623
2.302306 2.25474 -1.966623
2.302306 2.25474 -1.966623
2.302306 2.25474 -1.966623
2.302306 2.25474 -1.966623
2.302306 2.25474 -1.966623
2.302306 2.25474 -1.966623
2.302306 2.25474 -1.966623
2.302306 2.25474 -1.966623
2.302306 2.25474 -1.966623
2.302306 2.25474 -1.966623
2.302306 2.25474 -1.966623
2.302306 2.25474 -1.966623
2.302306 2.25474 -1.966623
2.302306 2.25474 -1.966623
2.302306 2.25474 -1.966623
2.302306 2.25474 -1.966623
2.302306 2.25474 -1.966623
2.302306 2.25474 -1.966623
2.302306 2.25474 -1.966623
2.302306 2.25474 -1.966623
2.302306 2.25474 -1.966623
2.302306 2.25474 -1.966623
2.302306 2.25474 -1.966623
2.302306 2.25474 -1.966623
2.302306 2.25474 -1.966623
2.302306 2.25474 -1.966623
2.302306 2.25474 -1.966623
2.302306 2.25474 -1.966623
2.302306 2.25474 -1.966623
2.302306 2.25474 -1.966623
2.302306 2.25474 -1.966623
2.334854 2.288558 -1.933994
2.334854 2.288558 -1.933994
2.334854 2.288558 -1.933994
2.334854 2.288558 -1.933994
2.334854 2.288558 -1.933994
2.334854 2.288558 -1.933994
2.334854 2.288558 -1.933994
2.334854 2.288558 -1.933994
2.334854 2.288558 -1.933994
2.334854 2.288558 -1.933994
2.334854 2.288558 -1.933994
2.334854 2.288558 -1.933994
2.334854 2.288558 -1.933994
2.334854 2.288558 -1.933994
2.334854 2.288558 -1.933994
2.334854 2.288558 -1.933994
2.334854 2.288558 -1.933994
2.334854 2.288558 -1.933994
2.334854 2.288558 -1.933994
2.334854 2.288558 -1.933994
2.334854 2.288558 -1.933994
2.334854 2.288558 -1.933994
2.334854 2.288558 -1.933994
2.334854 2.288558 -1.933994
2.334854 2.288558 -1.933994
2.334854 2.288558 -1.933994
2.458919 2.313408 -1.910943
2.458919 2.313408 -1.910943
2.458919 2.313408 -1.910943
2.458919 2.313408 -1.910943
2.458919 2.313408 -1.910943
2.458919 2.313408 -1.910943
2.458919 2.313408 -1.910943
2.458919 2.313408 -1.910943
2.458919 2.313408 -1.910943
2.458919 2.313408 -1.910943
2.458919 2.313408 -1.910943
2.458919 2.313408 -1.910943
2.458919 2.313408 -1.910943
2.458919 2.313408 -1.910943
2.458919 2.313408 -1.910943
2.458919 2.313408 -1.910943
2.458919 2.313408 -1.910943
2.458919 2.313408 -1.910943
2.458919 2.313408 -1.910943
2.458919 2.313408 -1.910943
2.458919 2.313408 -1.910943
2.458919 2.313408 -1.910943
2.458919 2.313408 -1.910943
2.458919 2.313408 -1.910943
2.458919 2.313408 -1.910943
2.458919 2.313408 -1.910943
2.458919 2.313408 -1.910943
2.458919 2.313408 -1.910943
2.458919 2.313408 -1.910943
2.458919 2.313408 -1.910943
2.458919 2.313408 -1.910943
2.458919 2.313408 -1.910943
2.458919 2.313408 -1.910943
2.458919 2.313408 -1.910943
2.644114 2.342649 -1.917198
2.644114 2.342649 -1.917198
2.644114 2.342649 -1.917198
2.644114 2.342649 -1.917198
2.644114 2.342649 -1.917198
2.644114 2.342649 -1.917198
2.644114 2.342649 -1.917198
2.644114 2.342649 -1.917198
2.644114 2.342649 -1.917198
2.644114 2.342649 -1.917198
2.644114 2.342649 -1.917198
2.644114 2.342649 -1.917198
2.644114 2.342649 -1.917198
2.644114 2.342649 -1.917198
2.644114 2.342649 -1.917198
2.644114 2.342649 -1.917198
2.644114 2.342649 -1.917198
2.644114 2.342649 -1.917198
2.644114 2.342649 -1.917198
2.644114 2.342649 -1.917198
2.644114 2.342649 -1.917198
2.644114 2.342649 -1.917198
2.644114 2.342649 -1.917198
2.644114 2.342649 -1.917198
2.644114 2.342649 -1.917198
2.644114 2.342649 -1.917198
2.644114 2.342649 -1.917198
2.644114 2.342649 -1.917198
2.644114 2.342649 -1.917198
2.644114 2.342649 -1.917198
2.644114 2.342649 -1.917198
2.644114 2.342649 -1.917198
2.644114 2.342649 -1.917198
2.644114 2.342649 -1.917198
2.644114 2.342649 -1.917198
2.644114 2.342649 -1.917198
2.644114 2.342649 -1.917198
2.644114 2.342649 -1.917198
2.644114 2.342649 -1.917198
2.644114 2.342649 -1.917198
2.644114 2.342649 -1.917198
2.644114 2.342649 -1.917198
2.644114 2.342649 -1.917198
2.644114 2.342649 -1.917198
2.644114 2.342649 -1.917198
2.644114 2.342649 -1.917198
2.644114 2.342649 -1.917198
2.644114 2.342649 -1.917198
2.644114 2.342649 -1.917198
2.644114 2.342649 -1.917198
2.644114 2.342649 -1.917198
2.644114 2.342649 -1.917198
2.644114 2.342649 -1.917198
2.644114 2.342649 -1.917198
2.644114 2.342649 -1.917198
2.644114 2.342649 -1.917198
2.644114 2.342649 -1.917198
2.644114 2.342649 -1.917198
2.644114 2.342649 -1.917198
2.644114 2.342649 -1.917198
2.703906 2.419024 -1.910957
2.703906 2.419024 -1.910957
2.703906 2.419024 -1.910957
2.703906 2.419024 -1.910957
2.703906 2.419024 -1.910957
2.703906 2.419024 -1.910957
2.703906 2.419024 -1.910957
2.703906 2.419024 -1.910957
2.703906 2.419024 -1.910957
2.703906 2.419024 -1.910957
2.703906 2.419024 -1.910957
2.703906 2.419024 -1.910957
2.703906 2.419024 -1.910957
2.703906 2.419024 -1.910957
2.703906 2.419024 -1.910957
2.703906 2.419024 -1.910957
2.703906 2.419024 -1.910957
2.703906 2.419024 -1.910957
2.703906 2.419024 -1.910957
2.703906 2.419024 -1.910957
2.703906 2.419024 -1.910957
2.703906 2.419024 -1.910957
2.703906 2.419024 -1.910957
2.703906 2.419024 -1.910957
2.703906 2.419024 -1.910957
2.703906 2.419024 -1.910957
2.703906 2.419024 -1.910957
2.703906 2.419024 -1.910957
2.703906 2.419024 -1.910957
2.703906 2.419024 -1.910957
2.703906 2.419024 -1.910957
2.703906 2.419024 -1.910957
2.703906 2.419024 -1.910957
2.703906 2.419024 -1.910957
2.703906 2.419024 -1.910957
2.703906 2.419024 -1.910957
2.703906 2.419024 -1.910957
2.703906 2.419024 -1.910957
2.703906 2.419024 -1.910957
2.703906 2.419024 -1.910957
2.703906 2.419024 -1.910957
2.703906 2.419024 -1.910957
2.703906 2.419024 -1.910957
2.703906 2.419024 -1.910957
2.703906 2.419024 -1.910957
2.703906 2.419024 -1.910957
2.703906 2.419024 -1.910957
2.703906 2.419024 -1.910957
2.703906 2.419024 -1.910957
2.703906 2.419024 -1.910957
2.703906 2.419024 -1.910957
2.703906 2.419024 -1.910957
2.703906 2.419024 -1.910957
2.703906 2.419024 -1.910957
2.703906 2.419024 -1.910957
2.703906 2.419024 -1.910957
2.703906 2.419024 -1.910957
2.703906 2.419024 -1.910957
2.703906 2.419024 -1.910957
2.703906 2.419024 -1.910957
2.867991 2.565609 -1.921405
2.867991 2.565609 -1.921405
2.867991 2.565609 -1.921405
2.867991 2.565609 -1.921405
2.867991 2.565609 -1.921405
2.867991 2.565609 -1.921405
2.867991 2.565609 -1.921405
2.867991 2.565609 -1.921405
2.867991 2.565609 -1.921405
2.867991 2.565609 -1.921405
2.867991 2.565609 -1.921405
2.867991 2.565609 -1.921405
2.867991 2.565609 -1.921405
2.867991 2.565609 -1.921405
2.867991 2.565609 -1.921405
2.867991 2.565609 -1.921405
2.867991 2.565609 -1.921405
2.867991 2.565609 -1.921405
2.867991 2.565609 -1.921405
2.867991 2.565609 -1.921405
2.867991 2.565609 -1.921405
2.867991 2.565609 -1.921405
2.867991 2.565609 -1.921405
2.867991 2.565609 -1.921405
2.867991 2.565609 -1.921405
2.867991 2.565609 -1.921405
2.867991 2.565609 -1.921405
2.867991 2.565609 -1.921405
2.867991 2.565609 -1.921405
2.867991 2.565609 -1.921405
2.867991 2.565609 -1.921405
2.867991 2.565609 -1.921405
2.867991 2.565609 -1.921405
2.867991 2.565609 -1.921405
2.867991 2.565609 -1.921405
2.867991 2.565609 -1.921405
2.867991 2.565609 -1.921405
2.867991 2.565609 -1.921405
2.867991 2.565609 -1.921405
2.867991 2.565609 -1.921405
2.33811 2.443548 -1.828071
2.33811 2.443548 -1.828071
2.33811 2.443548 -1.828071
2.33811 2.443548 -1.828071
2.33811 2.443548 -1.828071
2.33811 2.443548 -1.828071
2.33811 2.443548 -1.828071
2.33811 2.443548 -1.828071
2.33811 2.443548 -1.828071
2.33811 2.443548 -1.828071
2.33811 2.443548 -1.828071
2.33811 2.443548 -1.828071
2.33811 2.443548 -1.828071
2.33811 2.443548 -1.828071
2.33811 2.443548 -1.828071
2.33811 2.443548 -1.828071
2.33811 2.443548 -1.828071
2.33811 2.443548 -1.828071
2.33811 2.443548 -1.828071
2.33811 2.443548 -1.828071
