0.1696016 -0.08038683 -0.2362344
0.1696016 -0.08038683 -0.2362344
0.1696016 -0.08038683 -0.2362344
1.508795 -1.336882 -1.668503
0.6642292 -0.03644237 -0.3203726
0.6642292 -0.03644237 -0.3203726
0.6642292 -0.03644237 -0.3203726
0.6642292 -0.03644237 -0.3203726
0.6642292 -0.03644237 -0.3203726
0.6642292 -0.03644237 -0.3203726
0.6642292 -0.03644237 -0.3203726
0.6642292 -0.03644237 -0.3203726
0.6642292 -0.03644237 -0.3203726
0.6642292 -0.03644237 -0.3203726
0.6642292 -0.03644237 -0.3203726
1.344156 -0.04057883 0.4103773
1.344156 -0.04057883 0.4103773
1.663675 0.437184 -0.7626577
1.663675 0.437184 -0.7626577
1.663675 0.437184 -0.7626577
1.663675 0.437184 -0.7626577
1.663675 0.437184 -0.7626577
1.663675 0.437184 -0.7626577
1.663675 0.437184 -0.7626577
1.663675 0.437184 -0.7626577
1.663675 0.437184 -0.7626577
1.663675 0.437184 -0.7626577
1.663675 0.437184 -0.7626577
1.663675 0.437184 -0.7626577
1.663675 0.437184 -0.7626577
1.663675 0.437184 -0.7626577
1.663675 0.437184 -0.7626577
1.663675 0.437184 -0.7626577
1.663675 0.437184 -0.7626577
1.663675 0.437184 -0.7626577
1.663675 0.437184 -0.7626577
1.663675 0.437184 -0.7626577
1.663675 0.437184 -0.7626577
1.663675 0.437184 -0.7626577
1.663675 0.437184 -0.7626577
1.663675 0.437184 -0.7626577
1.663675 0.437184 -0.7626577
1.663675 0.437184 -0.7626577
1.663675 0.437184 -0.7626577
1.663675 0.437184 -0.7626577
1.663675 0.437184 -0.7626577
1.663675 0.437184 -0.7626577
1.663675 0.437184 -0.7626577
1.663675 0.437184 -0.7626577
1.663675 0.437184 -0.7626577
1.663675 0.437184 -0.7626577
1.663675 0.437184 -0.7626577
1.967074 1.246247 -0.4861156
1.967074 1.246247 -0.4861156
1.967074 1.246247 -0.4861156
1.967074 1.246247 -0.4861156
1.967074 1.246247 -0.4861156
1.967074 1.246247 -0.4861156
1.967074 1.246247 -0.4861156
1.967074 1.246247 -0.4861156
1.732245 -0.09063986 0.1099171
2.06253 1.006691 -0.5226476
2.06253 1.006691 -0.5226476
2.06253 1.006691 -0.5226476
2.06253 1.006691 -0.5226476
2.06253 1.006691 -0.5226476
2.06253 1.006691 -0.5226476
2.06253 1.006691 -0.5226476
1.887209 0.6344415 -0.5997312
1.887209 0.6344415 -0.5997312
1.887209 0.6344415 -0.5997312
1.887209 0.6344415 -0.5997312
1.887209 0.6344415 -0.5997312
1.887209 0.6344415 -0.5997312
1.887209 0.6344415 -0.5997312
1.887209 0.6344415 -0.5997312
1.887209 0.6344415 -0.5997312
1.887209 0.6344415 -0.5997312
1.887209 0.6344415 -0.5997312
1.887209 0.6344415 -0.5997312
1.887209 0.6344415 -0.5997312
1.887209 0.6344415 -0.5997312
1.887209 0.6344415 -0.5997312
1.887209 0.6344415 -0.5997312
1.887209 0.6344415 -0.5997312
1.887209 0.6344415 -0.5997312
1.887209 0.6344415 -0.5997312
1.887209 0.6344415 -0.5997312
1.887209 0.6344415 -0.5997312
1.887209 0.6344415 -0.5997312
1.887209 0.6344415 -0.5997312
1.887209 0.6344415 -0.5997312
1.887209 0.6344415 -0.5997312
1.887209 0.6344415 -0.5997312
1.887209 0.6344415 -0.5997312
1.887209 0.6344415 -0.5997312
1.887209 0.6344415 -0.5997312
1.887209 0.6344415 -0.5997312
1.887209 0.6344415 -0.5997312
1.887209 0.6344415 -0.5997312
1.887209 0.6344415 -0.5997312
1.887209 0.6344415 -0.5997312
1.887209 0.6344415 -0.5997312
1.887209 0.6344415 -0.5997312
1.887209 0.6344415 -0.5997312
1.887209 0.6344415 -0.5997312
1.887209 0.6344415 -0.5997312
1.887209 0.6344415 -0.5997312
1.887209 0.6344415 -0.5997312
1.887209 0.6344415 -0.5997312
1.887209 0.6344415 -0.5997312
1.887209 0.6344415 -0.5997312
1.887209 0.6344415 -0.5997312
1.887209 0.6344415 -0.5997312
1.887209 0.6344415 -0.5997312
1.887209 0.6344415 -0.5997312
1.887209 0.6344415 -0.5997312
1.887209 0.6344415 -0.5997312
1.887209 0.6344415 -0.5997312
1.887209 0.6344415 -0.5997312
2.336395 0.744109 -0.6313133
2.336395 0.744109 -0.6313133
2.336395 0.744109 -0.6313133
2.336395 0.744109 -0.6313133
2.336395 0.744109 -0.6313133
2.317234 1.652055 -1.300918
2.192937 0.7896818 -1.01976
2.192937 0.7896818 -1.01976
2.192937 0.7896818 -1.01976
2.192937 0.7896818 -1.01976
2.192937 0.7896818 -1.01976
2.192937 0.7896818 -1.01976
2.192937 0.7896818 -1.01976
2.192937 0.7896818 -1.01976
2.192937 0.7896818 -1.01976
2.192937 0.7896818 -1.01976
2.192937 0.7896818 -1.01976
2.192937 0.7896818 -1.01976
2.192937 0.7896818 -1.01976
2.192937 0.7896818 -1.01976
2.192937 0.7896818 -1.01976
2.192937 0.7896818 -1.01976
2.192937 0.7896818 -1.01976
2.192937 0.7896818 -1.01976
2.192937 0.7896818 -1.01976
2.192937 0.7896818 -1.01976
2.192937 0.7896818 -1.01976
2.192937 0.7896818 -1.01976
2.192937 0.7896818 -1.01976
2.192937 0.7896818 -1.01976
2.192937 0.7896818 -1.01976
2.192937 0.7896818 -1.01976
2.192937 0.7896818 -1.01976
2.192937 0.7896818 -1.01976
2.192937 0.7896818 -1.01976
2.192937 0.7896818 -1.01976
2.192937 0.7896818 -1.01976
2.192937 0.7896818 -1.01976
2.192937 0.7896818 -1.01976
2.192937 0.7896818 -1.01976
2.192937 0.7896818 -1.01976
2.192937 0.7896818 -1.01976
2.192937 0.7896818 -1.01976
2.192937 0.7896818 -1.01976
2.192937 0.7896818 -1.01976
2.192937 0.7896818 -1.01976
2.08455 1.183235 -0.8724675
2.08455 1.183235 -0.8724675
2.08455 1.183235 -0.8724675
2.08455 1.183235 -0.8724675
2.08455 1.183235 -0.8724675
2.08455 1.183235 -0.8724675
2.08455 1.183235 -0.8724675
2.08455 1.183235 -0.8724675
2.08455 1.183235 -0.8724675
2.08455 1.183235 -0.8724675
2.08455 1.183235 -0.8724675
2.08455 1.183235 -0.8724675
2.08455 1.183235 -0.8724675
2.08455 1.183235 -0.8724675
2.372111 1.35775 -0.8807223
2.372111 1.35775 -0.8807223
2.372111 1.35775 -0.8807223
2.372111 1.35775 -0.8807223
2.372111 1.35775 -0.8807223
2.372111 1.35775 -0.8807223
2.372111 1.35775 -0.8807223
1.694236 0.9812722 -0.2836155
1.694236 0.9812722 -0.2836155
1.694236 0.9812722 -0.2836155
1.694236 0.9812722 -0.2836155
1.694236 0.9812722 -0.2836155
1.694236 0.9812722 -0.2836155
1.694236 0.9812722 -0.2836155
1.694236 0.9812722 -0.2836155
1.694236 0.9812722 -0.2836155
1.694236 0.9812722 -0.2836155
1.810688 0.8800068 0.1073552
1.810688 0.8800068 0.1073552
1.810688 0.8800068 0.1073552
1.810688 0.8800068 0.1073552
1.810688 0.8800068 0.1073552
1.810688 0.8800068 0.1073552
1.810688 0.8800068 0.1073552
1.810688 0.8800068 0.1073552
1.810688 0.8800068 0.1073552
1.810688 0.8800068 0.1073552
1.810688 0.8800068 0.1073552
1.810688 0.8800068 0.1073552
1.810688 0.8800068 0.1073552
1.810688 0.8800068 0.1073552
1.810688 0.8800068 0.1073552
1.810688 0.8800068 0.1073552
1.810688 0.8800068 0.1073552
1.810688 0.8800068 0.1073552
1.810688 0.8800068 0.1073552
1.810688 0.8800068 0.1073552
1.810688 0.8800068 0.1073552
1.810688 0.8800068 0.1073552
1.810688 0.8800068 0.1073552
1.810688 0.8800068 0.1073552
1.810688 0.8800068 0.1073552
1.810688 0.8800068 0.1073552
1.810688 0.8800068 0.1073552
1.810688 0.8800068 0.1073552
1.810688 0.8800068 0.1073552
1.810688 0.8800068 0.1073552
1.810688 0.8800068 0.1073552
1.810688 0.8800068 0.1073552
1.810688 0.8800068 0.1073552
1.810688 0.8800068 0.1073552
1.810688 0.8800068 0.1073552
1.810688 0.8800068 0.1073552
1.810688 0.8800068 0.1073552
1.810688 0.8800068 0.1073552
1.810688 0.8800068 0.1073552
1.810688 0.8800068 0.1073552
1.810688 0.8800068 0.1073552
1.810688 0.8800068 0.1073552
1.810688 0.8800068 0.1073552
2.033955 1.02466 0.06835105
2.033955 1.02466 0.06835105
2.033955 1.02466 0.06835105
2.033955 1.02466 0.06835105
2.033955 1.02466 0.06835105
2.033955 1.02466 0.06835105
2.237661 1.511972 -0.5521028
2.237661 1.511972 -0.5521028
2.237661 1.511972 -0.5521028
2.237661 1.511972 -0.5521028
2.092257 1.827592 -0.1950591
2.092257 1.827592 -0.1950591
2.092257 1.827592 -0.1950591
2.092257 1.827592 -0.1950591
2.092257 1.827592 -0.1950591
2.092257 1.827592 -0.1950591
2.092257 1.827592 -0.1950591
2.092257 1.827592 -0.1950591
2.092257 1.827592 -0.1950591
2.092257 1.827592 -0.1950591
2.092257 1.827592 -0.1950591
2.092257 1.827592 -0.1950591
2.092257 1.827592 -0.1950591
2.092257 1.827592 -0.1950591
2.092257 1.827592 -0.1950591
2.092257 1.827592 -0.1950591
2.092257 1.827592 -0.1950591
2.092257 1.827592 -0.1950591
1.649028 1.347353 0.4772271
1.649028 1.347353 0.4772271
1.649028 1.347353 0.4772271
1.649028 1.347353 0.4772271
1.649028 1.347353 0.4772271
1.649028 1.347353 0.4772271
1.649028 1.347353 0.4772271
1.649028 1.347353 0.4772271
1.649028 1.347353 0.4772271
1.649028 1.347353 0.4772271
1.649028 1.347353 0.4772271
1.649028 1.347353 0.4772271
1.649028 1.347353 0.4772271
1.649028 1.347353 0.4772271
1.538932 0.06591662 0.3051985
1.538932 0.06591662 0.3051985
1.703734 0.5843016 -1.192435
1.703734 0.5843016 -1.192435
1.703734 0.5843016 -1.192435
1.703734 0.5843016 -1.192435
1.703734 0.5843016 -1.192435
1.703734 0.5843016 -1.192435
1.703734 0.5843016 -1.192435
1.703734 0.5843016 -1.192435
1.703734 0.5843016 -1.192435
1.703734 0.5843016 -1.192435
1.703734 0.5843016 -1.192435
2.079794 1.662657 0.0947833
2.079794 1.662657 0.0947833
2.079794 1.662657 0.0947833
2.079794 1.662657 0.0947833
2.079794 1.662657 0.0947833
2.220932 1.757714 0.04697744
2.220932 1.757714 0.04697744
2.144375 1.734721 -0.6485644
2.144375 1.734721 -0.6485644
2.144375 1.734721 -0.6485644
2.144375 1.734721 -0.6485644
2.144375 1.734721 -0.6485644
2.144375 1.734721 -0.6485644
2.144375 1.734721 -0.6485644
2.144375 1.734721 -0.6485644
2.144375 1.734721 -0.6485644
2.144375 1.734721 -0.6485644
2.144375 1.734721 -0.6485644
2.144375 1.734721 -0.6485644
2.144375 1.734721 -0.6485644
2.144375 1.734721 -0.6485644
2.144375 1.734721 -0.6485644
2.144375 1.734721 -0.6485644
2.144375 1.734721 -0.6485644
2.144375 1.734721 -0.6485644
2.144375 1.734721 -0.6485644
2.144375 1.734721 -0.6485644
2.144375 1.734721 -0.6485644
2.144375 1.734721 -0.6485644
2.144375 1.734721 -0.6485644
2.144375 1.734721 -0.6485644
2.194186 1.307185 -0.7615146
2.194186 1.307185 -0.7615146
2.194186 1.307185 -0.7615146
2.194186 1.307185 -0.7615146
2.194186 1.307185 -0.7615146
2.194186 1.307185 -0.7615146
2.194186 1.307185 -0.7615146
2.194186 1.307185 -0.7615146
2.194186 1.307185 -0.7615146
2.194186 1.307185 -0.7615146
2.194186 1.307185 -0.7615146
2.194186 1.307185 -0.7615146
2.194186 1.307185 -0.7615146
2.194186 1.307185 -0.7615146
2.194186 1.307185 -0.7615146
2.194186 1.307185 -0.7615146
2.194186 1.307185 -0.7615146
2.194186 1.307185 -0.7615146
2.194186 1.307185 -0.7615146
2.194186 1.307185 -0.7615146
2.194186 1.307185 -0.7615146
2.194186 1.307185 -0.7615146
2.194186 1.307185 -0.7615146
2.194186 1.307185 -0.7615146
2.194186 1.307185 -0.7615146
2.194186 1.307185 -0.7615146
2.194186 1.307185 -0.7615146
2.194186 1.307185 -0.7615146
2.194186 1.307185 -0.7615146
2.194186 1.307185 -0.7615146
2.194186 1.307185 -0.7615146
2.194186 1.307185 -0.7615146
2.194186 1.307185 -0.7615146
2.194186 1.307185 -0.7615146
2.313241 1.440558 -0.8096159
2.313241 1.440558 -0.8096159
2.313241 1.440558 -0.8096159
2.313241 1.440558 -0.8096159
2.313241 1.440558 -0.8096159
2.313241 1.440558 -0.8096159
2.313241 1.440558 -0.8096159
2.313241 1.440558 -0.8096159
2.313241 1.440558 -0.8096159
2.313241 1.440558 -0.8096159
2.313241 1.440558 -0.8096159
2.313241 1.440558 -0.8096159
2.313241 1.440558 -0.8096159
2.313241 1.440558 -0.8096159
2.313241 1.440558 -0.8096159
2.313241 1.440558 -0.8096159
2.313241 1.440558 -0.8096159
2.313241 1.440558 -0.8096159
2.313241 1.440558 -0.8096159
2.313241 1.440558 -0.8096159
2.313241 1.440558 -0.8096159
2.313241 1.440558 -0.8096159
2.313241 1.440558 -0.8096159
2.313241 1.440558 -0.8096159
2.313241 1.440558 -0.8096159
2.313241 1.440558 -0.8096159
2.313241 1.440558 -0.8096159
2.313241 1.440558 -0.8096159
2.313241 1.440558 -0.8096159
2.313241 1.440558 -0.8096159
2.313241 1.440558 -0.8096159
2.313241 1.440558 -0.8096159
2.313241 1.440558 -0.8096159
2.313241 1.440558 -0.8096159
2.313241 1.440558 -0.8096159
2.313241 1.440558 -0.8096159
2.313241 1.440558 -0.8096159
2.313241 1.440558 -0.8096159
2.313241 1.440558 -0.8096159
2.313241 1.440558 -0.8096159
2.313241 1.440558 -0.8096159
2.313241 1.440558 -0.8096159
2.313241 1.440558 -0.8096159
2.313241 1.440558 -0.8096159
2.313241 1.440558 -0.8096159
2.313241 1.440558 -0.8096159
1.937387 1.405605 -0.7244046
1.937387 1.405605 -0.7244046
1.937387 1.405605 -0.7244046
1.937387 1.405605 -0.7244046
1.937387 1.405605 -0.7244046
1.937387 1.405605 -0.7244046
1.937387 1.405605 -0.7244046
2.211742 1.673967 -0.6099149
2.211742 1.673967 -0.6099149
2.211742 1.673967 -0.6099149
2.211742 1.673967 -0.6099149
2.211742 1.673967 -0.6099149
2.211742 1.673967 -0.6099149
2.211742 1.673967 -0.6099149
2.318879 1.834138 -0.7159202
2.318879 1.834138 -0.7159202
2.318879 1.834138 -0.7159202
2.318879 1.834138 -0.7159202
2.318879 1.834138 -0.7159202
2.318879 1.834138 -0.7159202
2.318879 1.834138 -0.7159202
2.318879 1.834138 -0.7159202
2.318879 1.834138 -0.7159202
2.318879 1.834138 -0.7159202
2.318879 1.834138 -0.7159202
2.318879 1.834138 -0.7159202
2.318879 1.834138 -0.7159202
2.318879 1.834138 -0.7159202
2.318879 1.834138 -0.7159202
2.318879 1.834138 -0.7159202
2.318879 1.834138 -0.7159202
2.318879 1.834138 -0.7159202
2.318879 1.834138 -0.7159202
2.318879 1.834138 -0.7159202
2.318879 1.834138 -0.7159202
2.318879 1.834138 -0.7159202
2.318879 1.834138 -0.7159202
2.318879 1.834138 -0.7159202
2.318879 1.834138 -0.7159202
2.318879 1.834138 -0.7159202
2.318879 1.834138 -0.7159202
2.318879 1.834138 -0.7159202
2.318879 1.834138 -0.7159202
2.318879 1.834138 -0.7159202
2.318879 1.834138 -0.7159202
2.318879 1.834138 -0.7159202
2.318879 1.834138 -0.7159202
2.318879 1.834138 -0.7159202
2.318879 1.834138 -0.7159202
2.318879 1.834138 -0.7159202
2.318879 1.834138 -0.7159202
2.318879 1.834138 -0.7159202
2.169038 2.00754 -0.7408423
2.169038 2.00754 -0.7408423
2.169038 2.00754 -0.7408423
2.169038 2.00754 -0.7408423
2.169038 2.00754 -0.7408423
2.169038 2.00754 -0.7408423
2.169038 2.00754 -0.7408423
2.169038 2.00754 -0.7408423
2.169038 2.00754 -0.7408423
2.169038 2.00754 -0.7408423
2.169038 2.00754 -0.7408423
2.169038 2.00754 -0.7408423
2.169038 2.00754 -0.7408423
2.169038 2.00754 -0.7408423
2.169038 2.00754 -0.7408423
2.277258 1.562897 -0.4438627
2.277258 1.562897 -0.4438627
2.277258 1.562897 -0.4438627
2.277258 1.562897 -0.4438627
2.277258 1.562897 -0.4438627
2.277258 1.562897 -0.4438627
2.114322 1.34189 -0.8254889
2.199214 1.487435 -0.9259078
2.199214 1.487435 -0.9259078
2.199214 1.487435 -0.9259078
2.199214 1.487435 -0.9259078
2.199214 1.487435 -0.9259078
2.199214 1.487435 -0.9259078
2.199214 1.487435 -0.9259078
2.199214 1.487435 -0.9259078
2.199214 1.487435 -0.9259078
2.199214 1.487435 -0.9259078
2.199214 1.487435 -0.9259078
2.199214 1.487435 -0.9259078
2.199214 1.487435 -0.9259078
2.199214 1.487435 -0.9259078
2.199214 1.487435 -0.9259078
2.199214 1.487435 -0.9259078
2.199214 1.487435 -0.9259078
2.199214 1.487435 -0.9259078
2.199214 1.487435 -0.9259078
2.199214 1.487435 -0.9259078
2.199214 1.487435 -0.9259078
2.199214 1.487435 -0.9259078
2.199214 1.487435 -0.9259078
2.199214 1.487435 -0.9259078
2.199214 1.487435 -0.9259078
2.199214 1.487435 -0.9259078
2.199214 1.487435 -0.9259078
2.199214 1.487435 -0.9259078
2.199214 1.487435 -0.9259078
2.199214 1.487435 -0.9259078
2.199214 1.487435 -0.9259078
2.199214 1.487435 -0.9259078
2.199214 1.487435 -0.9259078
2.199214 1.487435 -0.9259078
2.199214 1.487435 -0.9259078
2.199214 1.487435 -0.9259078
2.199214 1.487435 -0.9259078
2.199214 1.487435 -0.9259078
2.199214 1.487435 -0.9259078
2.199214 1.487435 -0.9259078
2.199214 1.487435 -0.9259078
2.199214 1.487435 -0.9259078
2.199214 1.487435 -0.9259078
2.199214 1.487435 -0.9259078
2.199214 1.487435 -0.9259078
2.199214 1.487435 -0.9259078
2.199214 1.487435 -0.9259078
2.199214 1.487435 -0.9259078
2.199214 1.487435 -0.9259078
2.199214 1.487435 -0.9259078
2.199214 1.487435 -0.9259078
2.199214 1.487435 -0.9259078
2.199214 1.487435 -0.9259078
2.199214 1.487435 -0.9259078
2.199214 1.487435 -0.9259078
2.199214 1.487435 -0.9259078
2.199214 1.487435 -0.9259078
2.199214 1.487435 -0.9259078
2.199214 1.487435 -0.9259078
2.199214 1.487435 -0.9259078
2.274055 1.629763 -1.033997
2.274055 1.629763 -1.033997
2.274055 1.629763 -1.033997
2.274055 1.629763 -1.033997
2.274055 1.629763 -1.033997
2.274055 1.629763 -1.033997
2.274055 1.629763 -1.033997
2.274055 1.629763 -1.033997
2.274055 1.629763 -1.033997
2.274055 1.629763 -1.033997
2.274055 1.629763 -1.033997
2.274055 1.629763 -1.033997
2.274055 1.629763 -1.033997
2.274055 1.629763 -1.033997
2.274055 1.629763 -1.033997
2.274055 1.629763 -1.033997
2.274055 1.629763 -1.033997
2.274055 1.629763 -1.033997
2.179519 2.018227 -0.3792646
2.179519 2.018227 -0.3792646
2.179519 2.018227 -0.3792646
2.179519 2.018227 -0.3792646
2.179519 2.018227 -0.3792646
2.179519 2.018227 -0.3792646
2.179519 2.018227 -0.3792646
2.179519 2.018227 -0.3792646
2.179519 2.018227 -0.3792646
2.179519 2.018227 -0.3792646
2.179519 2.018227 -0.3792646
2.179519 2.018227 -0.3792646
2.358855 1.992317 -0.9566567
2.358855 1.992317 -0.9566567
2.358855 1.992317 -0.9566567
2.358855 1.992317 -0.9566567
2.358855 1.992317 -0.9566567
2.358855 1.992317 -0.9566567
2.358855 1.992317 -0.9566567
2.358855 1.992317 -0.9566567
2.358855 1.992317 -0.9566567
2.358855 1.992317 -0.9566567
2.358855 1.992317 -0.9566567
2.358855 1.992317 -0.9566567
2.358855 1.992317 -0.9566567
2.358855 1.992317 -0.9566567
2.358855 1.992317 -0.9566567
2.358855 1.992317 -0.9566567
2.358855 1.992317 -0.9566567
2.358855 1.992317 -0.9566567
2.358855 1.992317 -0.9566567
2.358855 1.992317 -0.9566567
2.358855 1.992317 -0.9566567
2.358855 1.992317 -0.9566567
2.358855 1.992317 -0.9566567
2.358855 1.992317 -0.9566567
2.358855 1.992317 -0.9566567
2.358855 1.992317 -0.9566567
2.358855 1.992317 -0.9566567
2.358855 1.992317 -0.9566567
2.358855 1.992317 -0.9566567
2.358855 1.992317 -0.9566567
2.4185 2.12402 -1.037416
2.4185 2.12402 -1.037416
2.4185 2.12402 -1.037416
2.4185 2.12402 -1.037416
2.4185 2.12402 -1.037416
2.4185 2.12402 -1.037416
2.4185 2.12402 -1.037416
2.4185 2.12402 -1.037416
2.4185 2.12402 -1.037416
2.4185 2.12402 -1.037416
2.4185 2.12402 -1.037416
2.4185 2.12402 -1.037416
2.4185 2.12402 -1.037416
2.4185 2.12402 -1.037416
2.4185 2.12402 -1.037416
2.4185 2.12402 -1.037416
2.4185 2.12402 -1.037416
2.4185 2.12402 -1.037416
2.4185 2.12402 -1.037416
2.4185 2.12402 -1.037416
2.4185 2.12402 -1.037416
2.4185 2.12402 -1.037416
2.4185 2.12402 -1.037416
2.4185 2.12402 -1.037416
2.4185 2.12402 -1.037416
2.4185 2.12402 -1.037416
2.4185 2.12402 -1.037416
2.4185 2.12402 -1.037416
2.4185 2.12402 -1.037416
2.4185 2.12402 -1.037416
2.4185 2.12402 -1.037416
2.4185 2.12402 -1.037416
2.4185 2.12402 -1.037416
2.4185 2.12402 -1.037416
2.4185 2.12402 -1.037416
2.4185 2.12402 -1.037416
2.4185 2.12402 -1.037416
2.4185 2.12402 -1.037416
2.4185 2.12402 -1.037416
2.4185 2.12402 -1.037416
2.4185 2.12402 -1.037416
2.4185 2.12402 -1.037416
2.4185 2.12402 -1.037416
2.493569 2.147035 -1.251826
2.493569 2.147035 -1.251826
2.493569 2.147035 -1.251826
2.493569 2.147035 -1.251826
2.493569 2.147035 -1.251826
2.493569 2.147035 -1.251826
2.493569 2.147035 -1.251826
2.493569 2.147035 -1.251826
2.493569 2.147035 -1.251826
2.493569 2.147035 -1.251826
2.493569 2.147035 -1.251826
2.493569 2.147035 -1.251826
2.493569 2.147035 -1.251826
2.493569 2.147035 -1.251826
2.493569 2.147035 -1.251826
2.493569 2.147035 -1.251826
2.493569 2.147035 -1.251826
2.512685 2.247452 -1.294468
2.512685 2.247452 -1.294468
2.512685 2.247452 -1.294468
2.512685 2.247452 -1.294468
2.512685 2.247452 -1.294468
2.512685 2.247452 -1.294468
2.512685 2.247452 -1.294468
2.512685 2.247452 -1.294468
2.512685 2.247452 -1.294468
2.512685 2.247452 -1.294468
2.512685 2.247452 -1.294468
2.512685 2.247452 -1.294468
2.512685 2.247452 -1.294468
2.512685 2.247452 -1.294468
2.512685 2.247452 -1.294468
2.512685 2.247452 -1.294468
2.512685 2.247452 -1.294468
2.512685 2.247452 -1.294468
2.512685 2.247452 -1.294468
2.512685 2.247452 -1.294468
2.512685 2.247452 -1.294468
2.512685 2.247452 -1.294468
2.512685 2.247452 -1.294468
2.512685 2.247452 -1.294468
2.512685 2.247452 -1.294468
2.512685 2.247452 -1.294468
2.512685 2.247452 -1.294468
2.512685 2.247452 -1.294468
2.512685 2.247452 -1.294468
2.512685 2.247452 -1.294468
2.512685 2.247452 -1.294468
2.512685 2.247452 -1.294468
2.512685 2.247452 -1.294468
2.512685 2.247452 -1.294468
2.512685 2.247452 -1.294468
2.512685 2.247452 -1.294468
2.512685 2.247452 -1.294468
2.512685 2.247452 -1.294468
2.512685 2.247452 -1.294468
2.512685 2.247452 -1.294468
2.512685 2.247452 -1.294468
2.512685 2.247452 -1.294468
2.512685 2.247452 -1.294468
2.512685 2.247452 -1.294468
2.512685 2.247452 -1.294468
2.512685 2.247452 -1.294468
2.512685 2.247452 -1.294468
2.512685 2.247452 -1.294468
2.512685 2.247452 -1.294468
2.512685 2.247452 -1.294468
2.512685 2.247452 -1.294468
2.512685 2.247452 -1.294468
2.512685 2.247452 -1.294468
2.512685 2.247452 -1.294468
2.512685 2.247452 -1.294468
2.512685 2.247452 -1.294468
2.512685 2.247452 -1.294468
2.512685 2.247452 -1.294468
2.512685 2.247452 -1.294468
2.512685 2.247452 -1.294468
2.525052 2.353932 -1.370687
2.525052 2.353932 -1.370687
2.525052 2.353932 -1.370687
2.525052 2.353932 -1.370687
2.525052 2.353932 -1.370687
2.525052 2.353932 -1.370687
2.525052 2.353932 -1.370687
2.525052 2.353932 -1.370687
2.525052 2.353932 -1.370687
2.525052 2.353932 -1.370687
2.525052 2.353932 -1.370687
2.525052 2.353932 -1.370687
2.525052 2.353932 -1.370687
2.525052 2.353932 -1.370687
2.525052 2.353932 -1.370687
2.525052 2.353932 -1.370687
2.525052 2.353932 -1.370687
2.525052 2.353932 -1.370687
2.525052 2.353932 -1.370687
2.525052 2.353932 -1.370687
2.525052 2.353932 -1.370687
2.525052 2.353932 -1.370687
2.525052 2.353932 -1.370687
2.525052 2.353932 -1.370687
2.525052 2.353932 -1.370687
2.525052 2.353932 -1.370687
2.525052 2.353932 -1.370687
2.525052 2.353932 -1.370687
2.047355 1.773498 -0.9380424
2.047355 1.773498 -0.9380424
2.047355 1.773498 -0.9380424
2.047355 1.773498 -0.9380424
2.047355 1.773498 -0.9380424
2.047355 1.773498 -0.9380424
2.047355 1.773498 -0.9380424
2.047355 1.773498 -0.9380424
2.047355 1.773498 -0.9380424
2.047355 1.773498 -0.9380424
2.047355 1.773498 -0.9380424
2.047355 1.773498 -0.9380424
2.047355 1.773498 -0.9380424
2.047355 1.773498 -0.9380424
2.047355 1.773498 -0.9380424
2.047355 1.773498 -0.9380424
2.047355 1.773498 -0.9380424
2.047355 1.773498 -0.9380424
2.047355 1.773498 -0.9380424
2.047355 1.773498 -0.9380424
2.047355 1.773498 -0.9380424
2.047355 1.773498 -0.9380424
2.047355 1.773498 -0.9380424
2.047355 1.773498 -0.9380424
2.047355 1.773498 -0.9380424
2.047355 1.773498 -0.9380424
2.047355 1.773498 -0.9380424
2.047355 1.773498 -0.9380424
2.047355 1.773498 -0.9380424
2.047355 1.773498 -0.9380424
2.047355 1.773498 -0.9380424
2.047355 1.773498 -0.9380424
2.056832 1.919625 -1.018951
2.056832 1.919625 -1.018951
2.056832 1.919625 -1.018951
2.056832 1.919625 -1.018951
2.056832 1.919625 -1.018951
2.056832 1.919625 -1.018951
2.056832 1.919625 -1.018951
2.056832 1.919625 -1.018951
2.056832 1.919625 -1.018951
2.056832 1.919625 -1.018951
2.056832 1.919625 -1.018951
2.056832 1.919625 -1.018951
2.056832 1.919625 -1.018951
2.056832 1.919625 -1.018951
2.056832 1.919625 -1.018951
2.056832 1.919625 -1.018951
2.056832 1.919625 -1.018951
2.056832 1.919625 -1.018951
2.056832 1.919625 -1.018951
2.056832 1.919625 -1.018951
2.056832 1.919625 -1.018951
2.056832 1.919625 -1.018951
2.056832 1.919625 -1.018951
2.056832 1.919625 -1.018951
2.056832 1.919625 -1.018951
2.056832 1.919625 -1.018951
2.056832 1.919625 -1.018951
2.056832 1.919625 -1.018951
2.056832 1.919625 -1.018951
2.056832 1.919625 -1.018951
2.056832 1.919625 -1.018951
2.056832 1.919625 -1.018951
2.056832 1.919625 -1.018951
2.056832 1.919625 -1.018951
2.056832 1.919625 -1.018951
2.056832 1.919625 -1.018951
2.056832 1.919625 -1.018951
2.056832 1.919625 -1.018951
2.056832 1.919625 -1.018951
2.056832 1.919625 -1.018951
2.056832 1.919625 -1.018951
2.056832 1.919625 -1.018951
2.056832 1.919625 -1.018951
2.056832 1.919625 -1.018951
2.056832 1.919625 -1.018951
1.96234 2.038066 -0.6342015
1.96234 2.038066 -0.6342015
1.96234 2.038066 -0.6342015
1.96234 2.038066 -0.6342015
1.96234 2.038066 -0.6342015
1.96234 2.038066 -0.6342015
1.96234 2.038066 -0.6342015
1.96234 2.038066 -0.6342015
1.96234 2.038066 -0.6342015
1.96234 2.038066 -0.6342015
1.96234 2.038066 -0.6342015
1.96234 2.038066 -0.6342015
1.96234 2.038066 -0.6342015
1.96234 2.038066 -0.6342015
1.96234 2.038066 -0.6342015
1.956188 2.058381 -0.7119641
1.956188 2.058381 -0.7119641
1.956188 2.058381 -0.7119641
1.956188 2.058381 -0.7119641
1.956188 2.058381 -0.7119641
1.956188 2.058381 -0.7119641
1.956188 2.058381 -0.7119641
1.956188 2.058381 -0.7119641
1.956188 2.058381 -0.7119641
1.956188 2.058381 -0.7119641
1.956188 2.058381 -0.7119641
1.956188 2.058381 -0.7119641
1.956188 2.058381 -0.7119641
1.956188 2.058381 -0.7119641
1.956188 2.058381 -0.7119641
1.956188 2.058381 -0.7119641
1.956188 2.058381 -0.7119641
1.956188 2.058381 -0.7119641
1.956188 2.058381 -0.7119641
1.956188 2.058381 -0.7119641
1.956188 2.058381 -0.7119641
1.956188 2.058381 -0.7119641
1.956188 2.058381 -0.7119641
1.956188 2.058381 -0.7119641
2.190668 1.921285 -0.495023
2.190668 1.921285 -0.495023
2.190668 1.921285 -0.495023
2.190668 1.921285 -0.495023
2.190668 1.921285 -0.495023
2.190668 1.921285 -0.495023
2.190668 1.921285 -0.495023
2.190668 1.921285 -0.495023
2.190668 1.921285 -0.495023
2.190668 1.921285 -0.495023
2.190668 1.921285 -0.495023
2.190668 1.921285 -0.495023
2.190668 1.921285 -0.495023
2.190668 1.921285 -0.495023
2.190668 1.921285 -0.495023
2.190668 1.921285 -0.495023
2.190668 1.921285 -0.495023
2.190668 1.921285 -0.495023
2.190668 1.921285 -0.495023
2.190668 1.921285 -0.495023
2.190668 1.921285 -0.495023
2.190668 1.921285 -0.495023
2.190668 1.921285 -0.495023
2.190668 1.921285 -0.495023
2.190668 1.921285 -0.495023
2.190668 1.921285 -0.495023
2.190668 1.921285 -0.495023
2.190668 1.921285 -0.495023
2.190668 1.921285 -0.495023
2.190668 1.921285 -0.495023
2.190668 1.921285 -0.495023
2.190668 1.921285 -0.495023
2.190668 1.921285 -0.495023
2.190668 1.921285 -0.495023
2.190668 1.921285 -0.495023
2.190668 1.921285 -0.495023
2.181663 1.938052 -0.5615082
2.181663 1.938052 -0.5615082
2.181663 1.938052 -0.5615082
2.181663 1.938052 -0.5615082
2.181663 1.938052 -0.5615082
2.181663 1.938052 -0.5615082
2.181663 1.938052 -0.5615082
2.181663 1.938052 -0.5615082
2.181663 1.938052 -0.5615082
2.181663 1.938052 -0.5615082
2.328588 2.30085 -0.8107373
2.328588 2.30085 -0.8107373
2.328588 2.30085 -0.8107373
2.328588 2.30085 -0.8107373
2.328588 2.30085 -0.8107373
2.328588 2.30085 -0.8107373
2.328588 2.30085 -0.8107373
2.328588 2.30085 -0.8107373
2.328588 2.30085 -0.8107373
2.328588 2.30085 -0.8107373
2.328588 2.30085 -0.8107373
2.328588 2.30085 -0.8107373
2.328588 2.30085 -0.8107373
2.328588 2.30085 -0.8107373
2.328588 2.30085 -0.8107373
2.328588 2.30085 -0.8107373
2.328588 2.30085 -0.8107373
2.328588 2.30085 -0.8107373
2.328588 2.30085 -0.8107373
2.480851 1.775856 -1.013796
2.480851 1.775856 -1.013796
2.480851 1.775856 -1.013796
2.480851 1.775856 -1.013796
2.480851 1.775856 -1.013796
2.480851 1.775856 -1.013796
2.480851 1.775856 -1.013796
2.480851 1.775856 -1.013796
2.480851 1.775856 -1.013796
2.480851 1.775856 -1.013796
2.480851 1.775856 -1.013796
2.480851 1.775856 -1.013796
2.480851 1.775856 -1.013796
2.480851 1.775856 -1.013796
2.480851 1.775856 -1.013796
2.480851 1.775856 -1.013796
2.480851 1.775856 -1.013796
2.480851 1.775856 -1.013796
2.480851 1.775856 -1.013796
2.480851 1.775856 -1.013796
2.480851 1.775856 -1.013796
2.480851 1.775856 -1.013796
2.480851 1.775856 -1.013796
2.480851 1.775856 -1.013796
2.480851 1.775856 -1.013796
2.480851 1.775856 -1.013796
2.480851 1.775856 -1.013796
2.480851 1.775856 -1.013796
2.480851 1.775856 -1.013796
2.480851 1.775856 -1.013796
2.480851 1.775856 -1.013796
2.511032 1.926007 -1.082359
2.511032 1.926007 -1.082359
2.511032 1.926007 -1.082359
2.511032 1.926007 -1.082359
2.511032 1.926007 -1.082359
2.511032 1.926007 -1.082359
2.511032 1.926007 -1.082359
2.511032 1.926007 -1.082359
2.511032 1.926007 -1.082359
2.511032 1.926007 -1.082359
2.511032 1.926007 -1.082359
2.511032 1.926007 -1.082359
2.511032 1.926007 -1.082359
2.511032 1.926007 -1.082359
2.511032 1.926007 -1.082359
2.262795 2.323536 -0.5596798
2.262795 2.323536 -0.5596798
2.262795 2.323536 -0.5596798
2.262795 2.323536 -0.5596798
2.262795 2.323536 -0.5596798
2.262795 2.323536 -0.5596798
2.262795 2.323536 -0.5596798
2.262795 2.323536 -0.5596798
2.262795 2.323536 -0.5596798
2.262795 2.323536 -0.5596798
2.262795 2.323536 -0.5596798
2.262795 2.323536 -0.5596798
2.262795 2.323536 -0.5596798
2.262795 2.323536 -0.5596798
2.262795 2.323536 -0.5596798
2.262795 2.323536 -0.5596798
2.262795 2.323536 -0.5596798
2.262795 2.323536 -0.5596798
2.262795 2.323536 -0.5596798
2.262795 2.323536 -0.5596798
2.262795 2.323536 -0.5596798
2.262795 2.323536 -0.5596798
2.38478 2.337477 -1.461996
2.38478 2.337477 -1.461996
2.38478 2.337477 -1.461996
2.38478 2.337477 -1.461996
2.38478 2.337477 -1.461996
2.38478 2.337477 -1.461996
2.38478 2.337477 -1.461996
2.38478 2.337477 -1.461996
2.38478 2.337477 -1.461996
2.38478 2.337477 -1.461996
2.367395 2.322593 -1.475658
2.367395 2.322593 -1.475658
2.367395 2.322593 -1.475658
2.367395 2.322593 -1.475658
2.367395 2.322593 -1.475658
2.367395 2.322593 -1.475658
2.367395 2.322593 -1.475658
2.367395 2.322593 -1.475658
2.367395 2.322593 -1.475658
2.367395 2.322593 -1.475658
2.367395 2.322593 -1.475658
2.367395 2.322593 -1.475658
2.367395 2.322593 -1.475658
2.456133 2.377612 -1.569702
2.456133 2.377612 -1.569702
2.456133 2.377612 -1.569702
2.456133 2.377612 -1.569702
2.456133 2.377612 -1.569702
2.456133 2.377612 -1.569702
2.456133 2.377612 -1.569702
2.456133 2.377612 -1.569702
2.456133 2.377612 -1.569702
2.456133 2.377612 -1.569702
2.456133 2.377612 -1.569702
2.456133 2.377612 -1.569702
2.456133 2.377612 -1.569702
2.456133 2.377612 -1.569702
2.456133 2.377612 -1.569702
2.456133 2.377612 -1.569702
2.456133 2.377612 -1.569702
2.456133 2.377612 -1.569702
2.456133 2.377612 -1.569702
2.456133 2.377612 -1.569702
2.456133 2.377612 -1.569702
2.456133 2.377612 -1.569702
2.456133 2.377612 -1.569702
2.456133 2.377612 -1.569702
2.456133 2.377612 -1.569702
2.456133 2.377612 -1.569702
2.456133 2.377612 -1.569702
2.456133 2.377612 -1.569702
2.456133 2.377612 -1.569702
2.456133 2.377612 -1.569702
2.456133 2.377612 -1.569702
2.456133 2.377612 -1.569702
2.456133 2.377612 -1.569702
2.456133 2.377612 -1.569702
2.456133 2.377612 -1.569702
2.456133 2.377612 -1.569702
2.456133 2.377612 -1.569702
2.456133 2.377612 -1.569702
2.456133 2.377612 -1.569702
2.456133 2.377612 -1.569702
2.456133 2.377612 -1.569702
2.456133 2.377612 -1.569702
2.456133 2.377612 -1.569702
2.456133 2.377612 -1.569702
2.456133 2.377612 -1.569702
2.456133 2.377612 -1.569702
2.456133 2.377612 -1.569702
2.456133 2.377612 -1.569702
2.456133 2.377612 -1.569702
2.456133 2.377612 -1.569702
2.456133 2.377612 -1.569702
2.456133 2.377612 -1.569702
2.456133 2.377612 -1.569702
2.615373 2.248455 -0.9728111
2.615373 2.248455 -0.9728111
2.615373 2.248455 -0.9728111
2.615373 2.248455 -0.9728111
2.615373 2.248455 -0.9728111
2.615373 2.248455 -0.9728111
2.615373 2.248455 -0.9728111
2.679465 2.056687 -1.054445
2.679465 2.056687 -1.054445
2.679465 2.056687 -1.054445
2.679465 2.056687 -1.054445
2.679465 2.056687 -1.054445
2.679465 2.056687 -1.054445
2.679465 2.056687 -1.054445
2.679465 2.056687 -1.054445
2.679465 2.056687 -1.054445
2.679465 2.056687 -1.054445
2.679465 2.056687 -1.054445
2.679465 2.056687 -1.054445
2.679465 2.056687 -1.054445
2.679465 2.056687 -1.054445
2.679465 2.056687 -1.054445
2.679465 2.056687 -1.054445
2.679465 2.056687 -1.054445
2.679465 2.056687 -1.054445
2.679465 2.056687 -1.054445
2.679465 2.056687 -1.054445
2.679465 2.056687 -1.054445
2.679465 2.056687 -1.054445
2.679465 2.056687 -1.054445
2.679465 2.056687 -1.054445
2.679465 2.056687 -1.054445
2.679465 2.056687 -1.054445
2.679465 2.056687 -1.054445
2.679465 2.056687 -1.054445
2.679465 2.056687 -1.054445
2.679465 2.056687 -1.054445
2.679465 2.056687 -1.054445
2.679465 2.056687 -1.054445
2.679465 2.056687 -1.054445
2.679465 2.056687 -1.054445
2.679465 2.056687 -1.054445
2.679465 2.056687 -1.054445
2.679465 2.056687 -1.054445
2.679465 2.056687 -1.054445
2.679465 2.056687 -1.054445
2.679465 2.056687 -1.054445
2.350412 1.93073 -1.537234
2.350412 1.93073 -1.537234
2.350412 1.93073 -1.537234
2.350412 1.93073 -1.537234
2.350412 1.93073 -1.537234
2.350412 1.93073 -1.537234
2.350412 1.93073 -1.537234
2.350412 1.93073 -1.537234
2.350412 1.93073 -1.537234
2.350412 1.93073 -1.537234
2.350412 1.93073 -1.537234
2.350412 1.93073 -1.537234
2.350412 1.93073 -1.537234
2.350412 1.93073 -1.537234
2.350412 1.93073 -1.537234
2.350412 1.93073 -1.537234
2.350412 1.93073 -1.537234
2.350412 1.93073 -1.537234
2.350412 1.93073 -1.537234
2.350412 1.93073 -1.537234
2.409071 1.836439 -1.595365
2.409071 1.836439 -1.595365
2.409071 1.836439 -1.595365
2.409071 1.836439 -1.595365
2.409071 1.836439 -1.595365
2.409071 1.836439 -1.595365
2.409071 1.836439 -1.595365
2.409071 1.836439 -1.595365
2.409071 1.836439 -1.595365
2.409071 1.836439 -1.595365
2.409071 1.836439 -1.595365
2.409071 1.836439 -1.595365
2.409071 1.836439 -1.595365
2.409071 1.836439 -1.595365
2.409071 1.836439 -1.595365
2.409071 1.836439 -1.595365
2.409071 1.836439 -1.595365
2.409071 1.836439 -1.595365
2.409071 1.836439 -1.595365
2.409071 1.836439 -1.595365
2.409071 1.836439 -1.595365
2.409071 1.836439 -1.595365
2.409071 1.836439 -1.595365
2.409071 1.836439 -1.595365
2.409071 1.836439 -1.595365
2.409071 1.836439 -1.595365
2.409071 1.836439 -1.595365
2.409071 1.836439 -1.595365
2.409071 1.836439 -1.595365
2.409071 1.836439 -1.595365
2.409071 1.836439 -1.595365
2.409071 1.836439 -1.595365
2.409071 1.836439 -1.595365
2.409071 1.836439 -1.595365
2.409071 1.836439 -1.595365
2.409071 1.836439 -1.595365
2.409071 1.836439 -1.595365
2.409071 1.836439 -1.595365
2.409071 1.836439 -1.595365
2.409071 1.836439 -1.595365
2.409071 1.836439 -1.595365
2.409071 1.836439 -1.595365
2.409071 1.836439 -1.595365
2.409071 1.836439 -1.595365
2.409071 1.836439 -1.595365
2.409071 1.836439 -1.595365
2.409071 1.836439 -1.595365
2.409071 1.836439 -1.595365
2.409071 1.836439 -1.595365
2.409071 1.836439 -1.595365
2.409071 1.836439 -1.595365
2.409071 1.836439 -1.595365
2.409071 1.836439 -1.595365
2.409071 1.836439 -1.595365
2.409071 1.836439 -1.595365
2.409071 1.836439 -1.595365
2.409071 1.836439 -1.595365
2.409071 1.836439 -1.595365
2.409071 1.836439 -1.595365
2.409071 1.836439 -1.595365
2.326685 1.807586 -1.593363
2.326685 1.807586 -1.593363
2.326685 1.807586 -1.593363
2.326685 1.807586 -1.593363
2.326685 1.807586 -1.593363
2.326685 1.807586 -1.593363
2.326685 1.807586 -1.593363
2.67183 2.090852 -1.363851
2.67183 2.090852 -1.363851
2.67183 2.090852 -1.363851
2.67183 2.090852 -1.363851
2.67183 2.090852 -1.363851
2.67183 2.090852 -1.363851
2.67183 2.090852 -1.363851
2.67183 2.090852 -1.363851
2.748819 2.395519 -1.681587
2.748819 2.395519 -1.681587
2.748819 2.395519 -1.681587
2.748819 2.395519 -1.681587
2.748819 2.395519 -1.681587
2.748819 2.395519 -1.681587
2.748819 2.395519 -1.681587
2.748819 2.395519 -1.681587
2.748819 2.395519 -1.681587
2.748819 2.395519 -1.681587
2.748819 2.395519 -1.681587
2.748819 2.395519 -1.681587
2.748819 2.395519 -1.681587
2.748819 2.395519 -1.681587
2.748819 2.395519 -1.681587
2.748819 2.395519 -1.681587
2.748819 2.395519 -1.681587
2.748819 2.395519 -1.681587
2.748819 2.395519 -1.681587
2.748819 2.395519 -1.681587
2.748819 2.395519 -1.681587
2.748819 2.395519 -1.681587
2.748819 2.395519 -1.681587
2.748819 2.395519 -1.681587
2.748819 2.395519 -1.681587
2.748819 2.395519 -1.681587
2.748819 2.395519 -1.681587
2.748819 2.395519 -1.681587
2.748819 2.395519 -1.681587
2.748819 2.395519 -1.681587
2.748819 2.395519 -1.681587
2.748819 2.395519 -1.681587
2.748819 2.395519 -1.681587
2.748819 2.395519 -1.681587
2.748819 2.395519 -1.681587
2.748819 2.395519 -1.681587
2.748819 2.395519 -1.681587
2.748819 2.395519 -1.681587
2.748819 2.395519 -1.681587
2.748819 2.395519 -1.681587
2.748819 2.395519 -1.681587
2.748819 2.395519 -1.681587
2.748819 2.395519 -1.681587
2.748819 2.395519 -1.681587
2.748819 2.395519 -1.681587
2.679793 2.426712 -1.72188
2.679793 2.426712 -1.72188
2.679793 2.426712 -1.72188
2.679793 2.426712 -1.72188
2.679793 2.426712 -1.72188
2.679793 2.426712 -1.72188
2.679793 2.426712 -1.72188
2.679793 2.426712 -1.72188
2.679793 2.426712 -1.72188
2.679793 2.426712 -1.72188
2.679793 2.426712 -1.72188
2.679793 2.426712 -1.72188
2.679793 2.426712 -1.72188
2.679793 2.426712 -1.72188
2.679793 2.426712 -1.72188
2.679793 2.426712 -1.72188
2.679793 2.426712 -1.72188
2.679793 2.426712 -1.72188
2.679793 2.426712 -1.72188
2.679793 2.426712 -1.72188
2.679793 2.426712 -1.72188
2.679793 2.426712 -1.72188
2.679793 2.426712 -1.72188
2.679793 2.426712 -1.72188
2.679793 2.426712 -1.72188
2.679793 2.426712 -1.72188
2.679793 2.426712 -1.72188
2.679793 2.426712 -1.72188
2.679793 2.426712 -1.72188
2.566153 1.819235 -1.708679
2.566153 1.819235 -1.708679
2.566153 1.819235 -1.708679
2.566153 1.819235 -1.708679
2.566153 1.819235 -1.708679
2.566153 1.819235 -1.708679
2.566153 1.819235 -1.708679
2.566153 1.819235 -1.708679
2.566153 1.819235 -1.708679
2.566153 1.819235 -1.708679
2.566153 1.819235 -1.708679
2.566153 1.819235 -1.708679
2.566153 1.819235 -1.708679
2.566153 1.819235 -1.708679
2.566153 1.819235 -1.708679
2.566153 1.819235 -1.708679
2.566153 1.819235 -1.708679
2.566153 1.819235 -1.708679
2.566153 1.819235 -1.708679
2.566153 1.819235 -1.708679
2.566153 1.819235 -1.708679
2.566153 1.819235 -1.708679
2.566153 1.819235 -1.708679
2.566153 1.819235 -1.708679
2.566153 1.819235 -1.708679
2.566153 1.819235 -1.708679
2.566153 1.819235 -1.708679
2.566153 1.819235 -1.708679
2.566153 1.819235 -1.708679
2.566153 1.819235 -1.708679
2.566153 1.819235 -1.708679
2.536869 1.934282 -1.771184
2.536869 1.934282 -1.771184
2.536869 1.934282 -1.771184
2.536869 1.934282 -1.771184
2.536869 1.934282 -1.771184
2.536869 1.934282 -1.771184
2.536869 1.934282 -1.771184
2.536869 1.934282 -1.771184
2.536869 1.934282 -1.771184
2.536869 1.934282 -1.771184
2.536869 1.934282 -1.771184
2.536869 1.934282 -1.771184
2.536869 1.934282 -1.771184
2.536869 1.934282 -1.771184
2.536869 1.934282 -1.771184
2.536869 1.934282 -1.771184
2.536869 1.934282 -1.771184
2.536869 1.934282 -1.771184
2.536869 1.934282 -1.771184
2.536869 1.934282 -1.771184
2.536869 1.934282 -1.771184
2.536869 1.934282 -1.771184
2.536869 1.934282 -1.771184
2.536869 1.934282 -1.771184
2.536869 1.934282 -1.771184
2.536869 1.934282 -1.771184
2.536869 1.934282 -1.771184
2.536869 1.934282 -1.771184
2.536869 1.934282 -1.771184
2.536869 1.934282 -1.771184
2.536869 1.934282 -1.771184
2.536869 1.934282 -1.771184
2.536869 1.934282 -1.771184
2.536869 1.934282 -1.771184
2.536869 1.934282 -1.771184
2.536869 1.934282 -1.771184
2.536869 1.934282 -1.771184
2.536869 1.934282 -1.771184
2.536869 1.934282 -1.771184
2.536869 1.934282 -1.771184
2.536869 1.934282 -1.771184
2.536869 1.934282 -1.771184
2.536869 1.934282 -1.771184
2.536869 1.934282 -1.771184
2.536869 1.934282 -1.771184
2.536869 1.934282 -1.771184
2.536869 1.934282 -1.771184
2.536869 1.934282 -1.771184
2.536869 1.934282 -1.771184
2.536869 1.934282 -1.771184
2.536869 1.934282 -1.771184
2.536869 1.934282 -1.771184
2.536869 1.934282 -1.771184
2.536869 1.934282 -1.771184
2.536869 1.934282 -1.771184
2.536869 1.934282 -1.771184
2.536869 1.934282 -1.771184
2.536869 1.934282 -1.771184
2.536869 1.934282 -1.771184
2.536869 1.934282 -1.771184
2.551162 2.051355 -1.823293
2.551162 2.051355 -1.823293
2.551162 2.051355 -1.823293
2.551162 2.051355 -1.823293
2.551162 2.051355 -1.823293
2.551162 2.051355 -1.823293
2.551162 2.051355 -1.823293
2.551162 2.051355 -1.823293
2.551162 2.051355 -1.823293
2.551162 2.051355 -1.823293
2.551162 2.051355 -1.823293
2.551162 2.051355 -1.823293
2.551162 2.051355 -1.823293
2.551162 2.051355 -1.823293
2.551162 2.051355 -1.823293
2.551162 2.051355 -1.823293
2.551162 2.051355 -1.823293
2.551162 2.051355 -1.823293
2.551162 2.051355 -1.823293
2.551162 2.051355 -1.823293
2.551162 2.051355 -1.823293
2.551162 2.051355 -1.823293
2.551162 2.051355 -1.823293
2.551162 2.051355 -1.823293
2.551162 2.051355 -1.823293
2.551162 2.051355 -1.823293
2.551162 2.051355 -1.823293
2.551162 2.051355 -1.823293
2.551162 2.051355 -1.823293
2.551162 2.051355 -1.823293
2.551162 2.051355 -1.823293
2.551162 2.051355 -1.823293
2.551162 2.051355 -1.823293
2.551162 2.051355 -1.823293
2.551162 2.051355 -1.823293
2.551162 2.051355 -1.823293
2.551162 2.051355 -1.823293
2.551162 2.051355 -1.823293
2.551162 2.051355 -1.823293
2.551162 2.051355 -1.823293
2.551162 2.051355 -1.823293
2.551162 2.051355 -1.823293
2.551162 2.051355 -1.823293
2.551162 2.051355 -1.823293
2.551162 2.051355 -1.823293
2.551162 2.051355 -1.823293
2.551162 2.051355 -1.823293
2.551162 2.051355 -1.823293
2.551162 2.051355 -1.823293
2.551162 2.051355 -1.823293
2.551162 2.051355 -1.823293
2.551162 2.051355 -1.823293
2.551162 2.051355 -1.823293
2.551162 2.051355 -1.823293
2.551162 2.051355 -1.823293
2.551162 2.051355 -1.823293
2.551162 2.051355 -1.823293
2.551162 2.051355 -1.823293
2.551162 2.051355 -1.823293
2.551162 2.051355 -1.823293
2.552805 2.09497 -1.875567
2.552805 2.09497 -1.875567
2.552805 2.09497 -1.875567
2.552805 2.09497 -1.875567
2.552805 2.09497 -1.875567
2.552805 2.09497 -1.875567
2.552805 2.09497 -1.875567
2.552805 2.09497 -1.875567
2.552805 2.09497 -1.875567
2.552805 2.09497 -1.875567
2.552805 2.09497 -1.875567
2.552805 2.09497 -1.875567
2.552805 2.09497 -1.875567
2.424744 1.943049 -1.411491
2.424744 1.943049 -1.411491
2.424744 1.943049 -1.411491
2.424744 1.943049 -1.411491
2.424744 1.943049 -1.411491
2.424744 1.943049 -1.411491
2.424744 1.943049 -1.411491
2.424744 1.943049 -1.411491
2.424744 1.943049 -1.411491
2.424744 1.943049 -1.411491
2.424744 1.943049 -1.411491
2.424744 1.943049 -1.411491
2.424744 1.943049 -1.411491
2.424744 1.943049 -1.411491
2.424744 1.943049 -1.411491
2.424744 1.943049 -1.411491
2.671542 2.223829 -1.462518
2.671542 2.223829 -1.462518
2.671542 2.223829 -1.462518
2.671542 2.223829 -1.462518
2.671542 2.223829 -1.462518
2.671542 2.223829 -1.462518
2.671542 2.223829 -1.462518
2.671542 2.223829 -1.462518
2.671542 2.223829 -1.462518
2.671542 2.223829 -1.462518
2.671542 2.223829 -1.462518
2.671542 2.223829 -1.462518
2.671542 2.223829 -1.462518
2.671542 2.223829 -1.462518
2.671542 2.223829 -1.462518
2.671542 2.223829 -1.462518
2.671542 2.223829 -1.462518
2.671542 2.223829 -1.462518
2.671542 2.223829 -1.462518
2.671542 2.223829 -1.462518
2.671542 2.223829 -1.462518
2.671542 2.223829 -1.462518
2.671542 2.223829 -1.462518
2.671542 2.223829 -1.462518
2.671542 2.223829 -1.462518
2.671542 2.223829 -1.462518
2.671542 2.223829 -1.462518
2.671542 2.223829 -1.462518
2.671542 2.223829 -1.462518
2.671542 2.223829 -1.462518
2.671542 2.223829 -1.462518
2.659232 2.24763 -1.498614
2.659232 2.24763 -1.498614
2.659232 2.24763 -1.498614
2.659232 2.24763 -1.498614
2.659232 2.24763 -1.498614
2.659232 2.24763 -1.498614
2.659232 2.24763 -1.498614
2.659232 2.24763 -1.498614
2.659232 2.24763 -1.498614
2.659232 2.24763 -1.498614
2.659232 2.24763 -1.498614
2.659232 2.24763 -1.498614
2.659232 2.24763 -1.498614
2.659232 2.24763 -1.498614
2.659232 2.24763 -1.498614
2.659232 2.24763 -1.498614
2.659232 2.24763 -1.498614
2.659232 2.24763 -1.498614
2.659232 2.24763 -1.498614
2.659232 2.24763 -1.498614
2.659232 2.24763 -1.498614
2.659232 2.24763 -1.498614
2.659232 2.24763 -1.498614
2.659232 2.24763 -1.498614
2.659232 2.24763 -1.498614
2.659232 2.24763 -1.498614
2.659232 2.24763 -1.498614
2.659232 2.24763 -1.498614
2.659232 2.24763 -1.498614
2.659232 2.24763 -1.498614
2.659232 2.24763 -1.498614
2.659232 2.24763 -1.498614
2.659232 2.24763 -1.498614
2.659232 2.24763 -1.498614
2.659232 2.24763 -1.498614
2.659232 2.24763 -1.498614
2.659232 2.24763 -1.498614
2.659232 2.24763 -1.498614
2.659232 2.24763 -1.498614
2.659232 2.24763 -1.498614
2.659232 2.24763 -1.498614
2.511617 2.475491 -1.32191
2.511617 2.475491 -1.32191
2.511617 2.475491 -1.32191
2.511617 2.475491 -1.32191
2.511617 2.475491 -1.32191
2.511617 2.475491 -1.32191
2.511617 2.475491 -1.32191
2.511617 2.475491 -1.32191
2.511617 2.475491 -1.32191
2.511617 2.475491 -1.32191
2.511617 2.475491 -1.32191
2.511617 2.475491 -1.32191
2.511617 2.475491 -1.32191
2.511617 2.475491 -1.32191
2.511617 2.475491 -1.32191
2.511617 2.475491 -1.32191
2.511617 2.475491 -1.32191
2.511617 2.475491 -1.32191
2.511617 2.475491 -1.32191
2.483123 2.540794 -1.363329
2.483123 2.540794 -1.363329
2.483123 2.540794 -1.363329
2.483123 2.540794 -1.363329
2.483123 2.540794 -1.363329
2.483123 2.540794 -1.363329
2.483123 2.540794 -1.363329
2.483123 2.540794 -1.363329
2.483123 2.540794 -1.363329
2.483123 2.540794 -1.363329
2.483123 2.540794 -1.363329
2.483123 2.540794 -1.363329
2.483123 2.540794 -1.363329
2.483123 2.540794 -1.363329
2.483123 2.540794 -1.363329
2.483123 2.540794 -1.363329
2.483123 2.540794 -1.363329
2.483123 2.540794 -1.363329
2.483123 2.540794 -1.363329
2.483123 2.540794 -1.363329
2.483123 2.540794 -1.363329
2.483123 2.540794 -1.363329
2.483123 2.540794 -1.363329
2.483123 2.540794 -1.363329
2.483123 2.540794 -1.363329
2.483123 2.540794 -1.363329
2.483123 2.540794 -1.363329
2.483123 2.540794 -1.363329
2.483123 2.540794 -1.363329
2.483123 2.540794 -1.363329
2.483123 2.540794 -1.363329
2.483123 2.540794 -1.363329
2.483123 2.540794 -1.363329
2.483123 2.540794 -1.363329
2.483123 2.540794 -1.363329
2.483123 2.540794 -1.363329
2.483123 2.540794 -1.363329
2.483123 2.540794 -1.363329
2.483123 2.540794 -1.363329
2.483123 2.540794 -1.363329
2.483123 2.540794 -1.363329
2.483123 2.540794 -1.363329
2.483123 2.540794 -1.363329
2.483123 2.540794 -1.363329
2.483123 2.540794 -1.363329
2.483123 2.540794 -1.363329
2.483123 2.540794 -1.363329
2.483123 2.540794 -1.363329
2.483123 2.540794 -1.363329
2.483123 2.540794 -1.363329
2.483123 2.540794 -1.363329
2.483123 2.540794 -1.363329
2.483123 2.540794 -1.363329
2.483123 2.540794 -1.363329
2.483123 2.540794 -1.363329
2.483123 2.540794 -1.363329
2.483123 2.540794 -1.363329
2.483123 2.540794 -1.363329
2.483123 2.540794 -1.363329
2.483123 2.540794 -1.363329
2.483032 2.576139 -1.432451
2.483032 2.576139 -1.432451
2.483032 2.576139 -1.432451
2.483032 2.576139 -1.432451
2.483032 2.576139 -1.432451
2.483032 2.576139 -1.432451
2.483032 2.576139 -1.432451
2.483032 2.576139 -1.432451
2.483032 2.576139 -1.432451
2.483032 2.576139 -1.432451
2.483032 2.576139 -1.432451
2.483032 2.576139 -1.432451
2.483032 2.576139 -1.432451
2.483032 2.576139 -1.432451
2.483032 2.576139 -1.432451
2.483032 2.576139 -1.432451
2.483032 2.576139 -1.432451
2.483032 2.576139 -1.432451
2.483032 2.576139 -1.432451
2.483032 2.576139 -1.432451
2.483032 2.576139 -1.432451
2.483032 2.576139 -1.432451
2.483032 2.576139 -1.432451
2.483032 2.576139 -1.432451
2.483032 2.576139 -1.432451
2.483032 2.576139 -1.432451
2.483032 2.576139 -1.432451
2.483032 2.576139 -1.432451
2.483032 2.576139 -1.432451
2.483032 2.576139 -1.432451
2.483032 2.576139 -1.432451
2.383372 2.223051 -1.520892
2.383372 2.223051 -1.520892
2.383372 2.223051 -1.520892
2.383372 2.223051 -1.520892
2.383372 2.223051 -1.520892
2.383372 2.223051 -1.520892
2.383372 2.223051 -1.520892
2.383372 2.223051 -1.520892
2.383372 2.223051 -1.520892
2.383372 2.223051 -1.520892
2.383372 2.223051 -1.520892
2.383372 2.223051 -1.520892
2.383372 2.223051 -1.520892
2.383372 2.223051 -1.520892
2.708065 1.958649 -1.742646
2.708065 1.958649 -1.742646
2.708065 1.958649 -1.742646
2.708065 1.958649 -1.742646
2.708065 1.958649 -1.742646
2.708065 1.958649 -1.742646
2.708065 1.958649 -1.742646
2.708065 1.958649 -1.742646
2.708065 1.958649 -1.742646
2.708065 1.958649 -1.742646
2.708065 1.958649 -1.742646
2.708065 1.958649 -1.742646
2.708065 1.958649 -1.742646
2.708065 1.958649 -1.742646
2.708065 1.958649 -1.742646
2.705465 1.981725 -1.854377
2.705465 1.981725 -1.854377
2.705465 1.981725 -1.854377
2.705465 1.981725 -1.854377
2.705465 1.981725 -1.854377
2.705465 1.981725 -1.854377
2.705465 1.981725 -1.854377
2.705465 1.981725 -1.854377
2.705465 1.981725 -1.854377
2.705465 1.981725 -1.854377
2.705465 1.981725 -1.854377
2.705465 1.981725 -1.854377
2.705465 1.981725 -1.854377
2.705465 1.981725 -1.854377
2.705465 1.981725 -1.854377
2.705465 1.981725 -1.854377
2.705465 1.981725 -1.854377
2.705465 1.981725 -1.854377
2.705465 1.981725 -1.854377
2.705465 1.981725 -1.854377
2.705465 1.981725 -1.854377
2.705465 1.981725 -1.854377
2.705465 1.981725 -1.854377
2.705465 1.981725 -1.854377
2.705465 1.981725 -1.854377
2.705465 1.981725 -1.854377
2.705465 1.981725 -1.854377
2.705465 1.981725 -1.854377
2.705465 1.981725 -1.854377
2.705465 1.981725 -1.854377
2.705465 1.981725 -1.854377
2.705465 1.981725 -1.854377
2.705465 1.981725 -1.854377
2.705465 1.981725 -1.854377
2.705465 1.981725 -1.854377
2.705465 1.981725 -1.854377
2.705465 1.981725 -1.854377
2.705465 1.981725 -1.854377
2.705465 1.981725 -1.854377
2.705465 1.981725 -1.854377
2.705465 1.981725 -1.854377
2.705465 1.981725 -1.854377
2.705465 1.981725 -1.854377
2.705465 1.981725 -1.854377
2.705465 1.981725 -1.854377
2.705465 1.981725 -1.854377
2.705465 1.981725 -1.854377
2.705465 1.981725 -1.854377
2.705465 1.981725 -1.854377
2.705465 1.981725 -1.854377
2.705465 1.981725 -1.854377
2.705465 1.981725 -1.854377
2.705465 1.981725 -1.854377
2.705465 1.981725 -1.854377
2.705465 1.981725 -1.854377
2.705465 1.981725 -1.854377
2.705465 1.981725 -1.854377
2.705465 1.981725 -1.854377
2.705465 1.981725 -1.854377
2.705465 1.981725 -1.854377
2.702703 1.979284 -1.919279
2.702703 1.979284 -1.919279
2.702703 1.979284 -1.919279
2.702703 1.979284 -1.919279
2.702703 1.979284 -1.919279
2.702703 1.979284 -1.919279
2.702703 1.979284 -1.919279
2.702703 1.979284 -1.919279
2.702703 1.979284 -1.919279
2.702703 1.979284 -1.919279
2.702703 1.979284 -1.919279
2.702703 1.979284 -1.919279
2.702703 1.979284 -1.919279
2.702703 1.979284 -1.919279
2.702703 1.979284 -1.919279
2.702703 1.979284 -1.919279
2.702703 1.979284 -1.919279
2.702703 1.979284 -1.919279
2.702703 1.979284 -1.919279
2.702703 1.979284 -1.919279
2.702703 1.979284 -1.919279
2.702703 1.979284 -1.919279
2.702703 1.979284 -1.919279
2.702703 1.979284 -1.919279
2.702703 1.979284 -1.919279
2.702703 1.979284 -1.919279
2.702703 1.979284 -1.919279
2.702703 1.979284 -1.919279
2.702703 1.979284 -1.919279
2.702703 1.979284 -1.919279
2.702703 1.979284 -1.919279
2.702703 1.979284 -1.919279
2.702703 1.979284 -1.919279
2.702703 1.979284 -1.919279
2.702703 1.979284 -1.919279
2.702703 1.979284 -1.919279
2.702703 1.979284 -1.919279
2.702703 1.979284 -1.919279
2.702703 1.979284 -1.919279
2.702703 1.979284 -1.919279
2.702703 1.979284 -1.919279
2.702703 1.979284 -1.919279
2.702703 1.979284 -1.919279
2.702703 1.979284 -1.919279
2.702703 1.979284 -1.919279
2.702703 1.979284 -1.919279
2.702703 1.979284 -1.919279
2.702703 1.979284 -1.919279
2.702703 1.979284 -1.919279
2.702703 1.979284 -1.919279
2.702703 1.979284 -1.919279
2.702703 1.979284 -1.919279
2.783583 2.687152 -1.635818
2.783583 2.687152 -1.635818
2.783583 2.687152 -1.635818
2.783583 2.687152 -1.635818
2.783583 2.687152 -1.635818
2.783583 2.687152 -1.635818
2.783583 2.687152 -1.635818
2.783583 2.687152 -1.635818
2.779362 2.695636 -1.668629
2.779362 2.695636 -1.668629
2.779362 2.695636 -1.668629
2.779362 2.695636 -1.668629
2.779362 2.695636 -1.668629
2.779362 2.695636 -1.668629
2.779362 2.695636 -1.668629
2.779362 2.695636 -1.668629
2.779362 2.695636 -1.668629
2.779362 2.695636 -1.668629
2.779362 2.695636 -1.668629
2.779362 2.695636 -1.668629
2.779362 2.695636 -1.668629
2.779362 2.695636 -1.668629
2.779362 2.695636 -1.668629
2.779362 2.695636 -1.668629
2.779362 2.695636 -1.668629
2.779362 2.695636 -1.668629
2.779362 2.695636 -1.668629
2.779362 2.695636 -1.668629
2.779362 2.695636 -1.668629
2.779362 2.695636 -1.668629
2.779362 2.695636 -1.668629
2.779362 2.695636 -1.668629
2.779362 2.695636 -1.668629
2.779362 2.695636 -1.668629
2.779362 2.695636 -1.668629
2.779362 2.695636 -1.668629
2.779362 2.695636 -1.668629
2.779362 2.695636 -1.668629
2.779362 2.695636 -1.668629
2.779362 2.695636 -1.668629
2.779362 2.695636 -1.668629
2.779362 2.695636 -1.668629
2.779362 2.695636 -1.668629
2.922472 2.327223 -1.958926
2.922472 2.327223 -1.958926
2.922472 2.327223 -1.958926
2.922472 2.327223 -1.958926
2.922472 2.327223 -1.958926
2.922472 2.327223 -1.958926
2.922472 2.327223 -1.958926
2.922472 2.327223 -1.958926
2.922472 2.327223 -1.958926
2.922472 2.327223 -1.958926
2.922472 2.327223 -1.958926
2.922472 2.327223 -1.958926
2.922472 2.327223 -1.958926
2.922472 2.327223 -1.958926
2.922472 2.327223 -1.958926
2.922472 2.327223 -1.958926
2.922472 2.327223 -1.958926
2.922472 2.327223 -1.958926
2.922472 2.327223 -1.958926
2.922472 2.327223 -1.958926
2.922472 2.327223 -1.958926
2.922472 2.327223 -1.958926
2.922472 2.327223 -1.958926
2.922472 2.327223 -1.958926
2.922472 2.327223 -1.958926
2.917824 2.410954 -1.965825
2.917824 2.410954 -1.965825
2.917824 2.410954 -1.965825
2.917824 2.410954 -1.965825
2.917824 2.410954 -1.965825
2.917824 2.410954 -1.965825
2.917824 2.410954 -1.965825
2.917824 2.410954 -1.965825
2.917824 2.410954 -1.965825
2.917824 2.410954 -1.965825
2.917824 2.410954 -1.965825
2.917824 2.410954 -1.965825
2.917824 2.410954 -1.965825
2.917824 2.410954 -1.965825
2.715411 2.041916 -1.887475
2.715411 2.041916 -1.887475
2.715411 2.041916 -1.887475
2.715411 2.041916 -1.887475
2.715411 2.041916 -1.887475
2.715411 2.041916 -1.887475
2.715411 2.041916 -1.887475
2.715411 2.041916 -1.887475
2.715411 2.041916 -1.887475
2.715411 2.041916 -1.887475
2.715411 2.041916 -1.887475
2.715411 2.041916 -1.887475
2.715411 2.041916 -1.887475
2.715411 2.041916 -1.887475
2.715411 2.041916 -1.887475
2.715411 2.041916 -1.887475
2.715411 2.041916 -1.887475
2.715411 2.041916 -1.887475
2.715411 2.041916 -1.887475
2.715411 2.041916 -1.887475
2.715411 2.041916 -1.887475
2.715411 2.041916 -1.887475
2.715411 2.041916 -1.887475
2.715411 2.041916 -1.887475
2.715411 2.041916 -1.887475
2.715411 2.041916 -1.887475
2.715411 2.041916 -1.887475
2.715411 2.041916 -1.887475
2.715411 2.041916 -1.887475
2.715411 2.041916 -1.887475
2.715411 2.041916 -1.887475
2.715411 2.041916 -1.887475
2.715411 2.041916 -1.887475
2.715411 2.041916 -1.887475
2.715411 2.041916 -1.887475
2.715411 2.041916 -1.887475
2.715411 2.041916 -1.887475
2.715411 2.041916 -1.887475
2.715411 2.041916 -1.887475
2.715411 2.041916 -1.887475
2.715411 2.041916 -1.887475
2.715411 2.041916 -1.887475
2.715411 2.041916 -1.887475
2.715411 2.041916 -1.887475
2.715411 2.041916 -1.887475
2.715411 2.041916 -1.887475
2.722373 2.228734 -1.925027
2.722373 2.228734 -1.925027
2.722373 2.228734 -1.925027
2.722373 2.228734 -1.925027
2.722373 2.228734 -1.925027
2.722373 2.228734 -1.925027
2.722373 2.228734 -1.925027
2.722373 2.228734 -1.925027
2.722373 2.228734 -1.925027
2.722373 2.228734 -1.925027
2.722373 2.228734 -1.925027
2.722373 2.228734 -1.925027
2.722373 2.228734 -1.925027
2.722373 2.228734 -1.925027
2.722373 2.228734 -1.925027
2.722373 2.228734 -1.925027
2.722373 2.228734 -1.925027
2.722373 2.228734 -1.925027
2.722373 2.228734 -1.925027
2.722373 2.228734 -1.925027
2.722373 2.228734 -1.925027
2.722373 2.228734 -1.925027
2.722373 2.228734 -1.925027
2.722373 2.228734 -1.925027
2.722373 2.228734 -1.925027
2.722373 2.228734 -1.925027
2.722373 2.228734 -1.925027
2.722373 2.228734 -1.925027
2.722373 2.228734 -1.925027
2.722373 2.228734 -1.925027
2.722373 2.228734 -1.925027
2.722373 2.228734 -1.925027
2.722373 2.228734 -1.925027
2.722373 2.228734 -1.925027
2.722373 2.228734 -1.925027
2.722373 2.228734 -1.925027
2.722373 2.228734 -1.925027
2.722373 2.228734 -1.925027
2.722373 2.228734 -1.925027
2.722373 2.228734 -1.925027
2.722373 2.228734 -1.925027
2.722373 2.228734 -1.925027
2.722373 2.228734 -1.925027
2.722373 2.228734 -1.925027
2.722373 2.228734 -1.925027
2.722373 2.228734 -1.925027
2.722373 2.228734 -1.925027
2.722373 2.228734 -1.925027
2.722373 2.228734 -1.925027
2.722373 2.228734 -1.925027
2.722373 2.228734 -1.925027
2.722373 2.228734 -1.925027
2.722373 2.228734 -1.925027
2.722373 2.228734 -1.925027
2.722373 2.228734 -1.925027
2.722373 2.228734 -1.925027
2.722373 2.228734 -1.925027
2.722373 2.228734 -1.925027
2.722373 2.228734 -1.925027
2.722373 2.228734 -1.925027
