2.763899 0.900651 0.3749113 -8.46459 -10.19885 -10.44785
4.990731 2.354062 0.05330077 -7.723192 -9.889815 -10.27189
6.819532 3.627005 -0.3977661 -7.525946 -9.801575 -10.1093
8.519343 4.603471 -0.5380893 -7.656473 -9.835672 -10.12587
10.02941 5.39799 -0.5884205 -7.936479 -9.975536 -10.32789
11.4778 6.579586 -1.153168 -8.283011 -9.997763 -10.41154
12.80909 7.894896 -1.731016 -8.631648 -10.06909 -10.27459
13.88783 8.666205 -2.321875 -8.985539 -10.31664 -10.23958
15.11798 9.581974 -3.078493 -9.371506 -10.43104 -10.33376
16.56255 10.70556 -3.891921 -9.846411 -10.63026 -10.56342
18.05899 11.91242 -4.757459 -10.36215 -10.98408 -10.76798
19.69291 13.48063 -5.64998 -10.90343 -11.5827 -10.81517
21.43053 15.94014 -6.012737 -11.54116 -12.42519 -10.60169
26.82479 19.59737 -7.064087 -13.32075 -13.67883 -10.82926
29.54553 20.15521 -8.472349 -14.25015 -13.52295 -11.17912
32.48808 20.68011 -10.23582 -15.3967 -13.50151 -11.87176
