1.38195 0.4503255 0.1874556 -9.732295 -10.59943 -10.72393
2.584877 1.084904 0.1427373 -9.062594 -10.36289 -10.57325
3.64354 1.720429 0.007611478 -8.678432 -10.22256 -10.45726
4.618701 2.297038 -0.1015287 -8.47404 -10.14518 -10.39098
5.520486 2.813863 -0.1826773 -8.384447 -10.11691 -10.38047
6.371531 3.351823 -0.3213188 -8.369956 -10.09989 -10.38491
7.176226 3.919707 -0.4975309 -8.402667 -10.09604 -10.37112
7.92196 4.447096 -0.7002358 -8.467431 -10.12055 -10.3565
8.641561 4.960584 -0.9380615 -8.557838 -10.1516 -10.35423
9.361651 5.482854 -1.206594 -8.674981 -10.19511 -10.37325
10.08643 6.018651 -1.5025 -8.815579 -10.26086 -10.40614
10.82539 6.59265 -1.821537 -8.976183 -10.36254 -10.4376
11.5829 7.260327 -2.120908 -9.159396 -10.50987 -10.44932
12.59903 8.082797 -2.450453 -9.436819 -10.72114 -10.47465
13.65818 8.837323 -2.826822 -9.737652 -10.89625 -10.51868
14.76582 9.533957 -3.262645 -10.07054 -11.0495 -10.59828
