1.327614 0.9820503 1.129039
0.8952743 -0.2559991 -0.09396073
0.890818 0.3291725 0.446104
1.076066 0.628824 -0.8571353
1.511254 1.104752 -0.6325342
1.511254 1.104752 -0.6325342
1.794543 0.6000711 -1.331768
1.348478 0.4443192 -1.311095
1.662268 0.9084856 -0.3596397
1.227701 0.7231408 -0.7728895
1.469311 0.4225219 -0.611911
1.539188 0.7616902 0.05576069
1.523493 0.5584662 -0.01999444
1.523493 0.5584662 -0.01999444
1.523493 0.5584662 -0.01999444
1.522656 0.7446229 0.06993473
1.369081 1.251117 0.0172611
1.369081 1.251117 0.0172611
1.494724 1.325514 -0.002498317
1.409937 0.2471399 -0.79671
1.798764 1.118921 -0.5756481
1.536101 1.15303 -1.01217
1.461468 1.1229 0.2545937
1.324332 1.256369 -0.103725
1.76056 1.69432 -0.267548
1.858095 1.373918 -0.8469357
1.858095 1.373918 -0.8469357
1.639412 1.128688 -0.384985
1.639412 1.128688 -0.384985
1.639412 1.128688 -0.384985
1.700749 1.194152 -0.4554013
1.700749 1.194152 -0.4554013
1.700749 1.194152 -0.4554013
1.75702 1.263586 -0.5117277
1.606381 0.9739907 -1.282255
1.646895 1.868936 -0.2253384
1.704146 1.930843 -0.2885303
1.865371 1.038516 -0.8038412
1.865371 1.038516 -0.8038412
1.914434 1.116678 -0.8491383
1.914434 1.116678 -0.8491383
1.865338 1.544429 -1.417437
1.901111 1.421772 -1.215732
1.901111 1.421772 -1.215732
1.901111 1.421772 -1.215732
1.788014 1.579863 -1.130715
1.788014 1.579863 -1.130715
2.134201 1.883826 -1.239691
2.170238 1.930221 -1.316641
