1.028677 0.4432894 0.4942004
1.196524 0.2166366 0.1000794
1.196524 0.2166366 0.1000794
1.263736 0.2426871 0.2942871
1.263736 0.2426871 0.2942871
1.397987 0.3939304 -0.8162669
1.539202 0.3902694 -0.03511976
1.28038 0.6559574 0.2907666
1.28038 0.6559574 0.2907666
1.56186 0.7880868 0.2482539
1.56186 0.7880868 0.2482539
1.651451 0.8127352 -0.005747387
1.858979 0.9095444 -0.0465538
1.880533 1.083237 0.0437455
1.793449 0.9726323 -0.1189952
1.92926 1.0389 -0.1036719
1.718621 0.8766808 -0.6804128
1.718621 0.8766808 -0.6804128
1.822101 0.9669309 -0.6928509
1.7798 1.013572 -0.6511258
1.7798 1.013572 -0.6511258
1.805352 0.7206016 -0.3
1.616397 0.8728763 -0.4638851
1.616397 0.8728763 -0.4638851
1.681272 0.9455697 -0.536347
1.681272 0.9455697 -0.536347
1.681272 0.9455697 -0.536347
1.741292 1.015401 -0.5997559
1.741292 1.015401 -0.5997559
1.741292 1.015401 -0.5997559
1.804205 1.098429 -0.6531436
1.804205 1.098429 -0.6531436
1.804205 1.098429 -0.6531436
1.854429 1.167199 -0.6980071
1.854429 1.167199 -0.6980071
1.854429 1.167199 -0.6980071
1.909266 1.226729 -0.7670132
1.909266 1.226729 -0.7670132
1.977451 1.867216 -0.4010326
2.151037 1.43437 -0.8565581
2.151037 1.43437 -0.8565581
2.151037 1.43437 -0.8565581
1.901083 1.757434 -1.106638
1.622591 1.512177 -0.5638391
1.622591 1.512177 -0.5638391
1.718337 1.043007 -1.013135
2.021405 2.186022 -0.4193222
1.75527 1.488339 -0.4810165
1.811009 1.522401 -0.5873076
