0.7387179 0.5913462 0.3206088
1.707115 0.4673737 -0.9158322
1.707115 0.4673737 -0.9158322
1.606008 0.1603929 -0.5132912
1.556476 0.710867 -0.1054786
1.556476 0.710867 -0.1054786
1.412931 1.197909 0.06416496
1.412931 1.197909 0.06416496
1.381369 0.3268393 -0.03615263
1.710181 0.4661367 -0.05763906
1.703574 1.142695 -0.474737
1.484454 0.993634 -0.04460336
1.458366 0.6383197 -0.5437164
1.458366 0.6383197 -0.5437164
1.649501 1.234737 -0.559159
1.819062 1.319313 -0.5673668
1.819062 1.319313 -0.5673668
1.819062 1.319313 -0.5673668
1.657645 1.668766 -0.3077929
1.402885 0.7795277 0.3003343
1.436204 1.520421 0.1792979
1.503213 0.6623901 -0.4005022
1.503213 0.6623901 -0.4005022
1.503213 0.6623901 -0.4005022
1.580625 0.7672043 -0.4594091
1.580625 0.7672043 -0.4594091
1.580625 0.7672043 -0.4594091
1.631591 0.816872 -0.5110419
1.631591 0.816872 -0.5110419
1.631591 0.816872 -0.5110419
1.689505 0.8951977 -0.5682855
1.689505 0.8951977 -0.5682855
1.689505 0.8951977 -0.5682855
1.80714 0.946468 -0.5033908
1.508278 0.8745722 -0.4909876
1.632437 1.428196 -0.05177155
1.68782 1.499298 -0.109419
1.68782 1.499298 -0.109419
2.072814 1.730398 -1.111159
2.127754 1.793206 -1.188622
2.127754 1.793206 -1.188622
2.127754 1.793206 -1.188622
2.169208 1.879045 -1.249398
2.169208 1.879045 -1.249398
2.169208 1.879045 -1.249398
2.289011 1.98498 -1.299281
2.289011 1.98498 -1.299281
2.289011 1.98498 -1.299281
2.279635 2.106519 -1.262091
