1.188229 0.6237333 0.1131235
1.188229 0.6237333 0.1131235
1.188229 0.6237333 0.1131235
1.511509 0.6872942 0.1507058
1.511509 0.6872942 0.1507058
1.511509 0.6872942 0.1507058
1.853783 0.7362562 -0.02794199
1.086743 0.5821198 0.4350657
1.086743 0.5821198 0.4350657
1.348778 0.7065029 0.3913632
1.429895 0.7746383 0.04998675
1.454086 0.3676555 -0.1260151
1.527956 0.5432595 0.1256022
1.527956 0.5432595 0.1256022
1.527956 0.5432595 0.1256022
1.673405 0.6201704 0.1389563
1.909455 1.11869 -0.7011954
1.617355 1.281432 -0.6812345
1.725134 1.381502 -0.7145208
1.835607 0.8634695 -0.3192456
1.474423 0.7451926 -0.3143733
1.568368 0.8433228 -0.3682899
1.568368 0.8433228 -0.3682899
1.568368 0.8433228 -0.3682899
1.657662 1.380033 -0.5157846
1.697804 1.065166 -0.3329634
1.697804 1.065166 -0.3329634
1.683971 1.307672 -0.421243
1.683971 1.307672 -0.421243
1.683971 1.307672 -0.421243
1.748798 1.3823 -0.4791196
1.98679 1.165832 -0.755384
1.98679 1.165832 -0.755384
2.033542 1.226748 -0.8037036
1.824879 1.223272 -0.4881396
1.723851 1.021719 -0.9550914
1.781718 1.078032 -1.02429
1.781718 1.078032 -1.02429
1.508852 0.725946 -0.3478057
1.644631 1.204554 -0.2344123
1.644631 1.204554 -0.2344123
1.644631 1.204554 -0.2344123
1.864082 1.633232 -0.9427589
1.864082 1.633232 -0.9427589
1.864082 1.633232 -0.9427589
1.931097 1.763268 -1.025163
2.037751 1.95924 -0.8638034
2.037751 1.95924 -0.8638034
2.080929 1.98784 -0.9531764
