1.670806 1.40874 0.2754539
1.235076 1.066461 0.2245162
1.376191 1.233011 0.13465
1.191296 0.6763863 0.3942579
1.191296 0.6763863 0.3942579
1.191296 0.6763863 0.3942579
1.502277 0.8879348 -0.615931
1.376782 0.5469671 -0.615503
1.361254 1.317184 -0.02705381
1.316409 0.2404727 -0.605198
1.316409 0.2404727 -0.605198
1.244496 0.4085899 0.003390273
1.485196 0.5176781 -0.0357868
1.485196 0.5176781 -0.0357868
1.485196 0.5176781 -0.0357868
1.161762 1.220168 0.06626033
1.412086 0.5266817 -0.4061137
1.412086 0.5266817 -0.4061137
1.766345 0.8305036 -0.4365461
1.569326 0.8817703 0.1387025
1.569326 0.8817703 0.1387025
1.420054 1.115038 -0.4333888
1.352074 0.6978856 -0.4171556
1.70594 0.806716 -0.4088372
1.778318 0.909573 -0.4742779
1.778318 0.909573 -0.4742779
1.778318 0.909573 -0.4742779
1.848905 1.299083 -0.9732269
1.892374 1.262007 -0.6533815
1.892374 1.262007 -0.6533815
1.674204 1.242274 -0.3137064
1.674204 1.242274 -0.3137064
1.674204 1.242274 -0.3137064
1.731845 1.318965 -0.37558
1.731845 1.318965 -0.37558
1.731845 1.318965 -0.37558
1.784466 1.382195 -0.438287
1.784466 1.382195 -0.438287
1.784466 1.382195 -0.438287
1.845083 1.457047 -0.4995499
1.845083 1.457047 -0.4995499
1.931697 2.065528 -0.2648534
1.993123 2.151271 -0.353416
1.443685 1.509573 -0.524094
1.443685 1.509573 -0.524094
1.626414 1.635022 -0.6187593
1.626414 1.635022 -0.6187593
2.203797 1.779943 -0.9988835
2.037592 1.757829 -0.8257729
