0.2687668 0.3917817 0.4097226
0.2687668 0.3917817 0.4097226
0.7775539 1.705825 -0.2514322
1.350869 1.818256 -0.5266467
1.350869 1.818256 -0.5266467
1.350869 1.818256 -0.5266467
1.350869 1.818256 -0.5266467
1.350869 1.818256 -0.5266467
1.350869 1.818256 -0.5266467
1.350869 1.818256 -0.5266467
2.075551 1.455216 -0.5640988
2.075551 1.455216 -0.5640988
2.075551 1.455216 -0.5640988
2.075551 1.455216 -0.5640988
2.075551 1.455216 -0.5640988
2.075551 1.455216 -0.5640988
2.075551 1.455216 -0.5640988
2.075551 1.455216 -0.5640988
2.075551 1.455216 -0.5640988
2.075551 1.455216 -0.5640988
2.075551 1.455216 -0.5640988
1.459775 0.6866541 -0.8545484
1.459775 0.6866541 -0.8545484
1.459775 0.6866541 -0.8545484
1.459775 0.6866541 -0.8545484
1.459775 0.6866541 -0.8545484
1.459775 0.6866541 -0.8545484
1.459775 0.6866541 -0.8545484
1.459775 0.6866541 -0.8545484
1.459775 0.6866541 -0.8545484
1.459775 0.6866541 -0.8545484
1.459775 0.6866541 -0.8545484
1.459775 0.6866541 -0.8545484
1.459775 0.6866541 -0.8545484
1.459775 0.6866541 -0.8545484
1.459775 0.6866541 -0.8545484
1.459775 0.6866541 -0.8545484
1.459775 0.6866541 -0.8545484
1.459775 0.6866541 -0.8545484
1.459775 0.6866541 -0.8545484
1.459775 0.6866541 -0.8545484
1.459775 0.6866541 -0.8545484
1.459775 0.6866541 -0.8545484
1.459775 0.6866541 -0.8545484
1.459775 0.6866541 -0.8545484
1.459775 0.6866541 -0.8545484
1.459775 0.6866541 -0.8545484
1.459775 0.6866541 -0.8545484
1.459775 0.6866541 -0.8545484
1.459775 0.6866541 -0.8545484
1.459775 0.6866541 -0.8545484
1.459775 0.6866541 -0.8545484
1.459775 0.6866541 -0.8545484
1.459775 0.6866541 -0.8545484
1.459775 0.6866541 -0.8545484
1.459775 0.6866541 -0.8545484
1.459775 0.6866541 -0.8545484
1.459775 0.6866541 -0.8545484
1.285781 0.484503 -0.9509483
1.285781 0.484503 -0.9509483
1.738612 0.5651048 -0.917698
1.738612 0.5651048 -0.917698
1.738612 0.5651048 -0.917698
1.738612 0.5651048 -0.917698
1.738612 0.5651048 -0.917698
1.738612 0.5651048 -0.917698
1.738612 0.5651048 -0.917698
1.738612 0.5651048 -0.917698
1.738612 0.5651048 -0.917698
1.484094 1.071075 0.7018402
1.484094 1.071075 0.7018402
1.484094 1.071075 0.7018402
1.484094 1.071075 0.7018402
1.484094 1.071075 0.7018402
1.484094 1.071075 0.7018402
1.484094 1.071075 0.7018402
1.484094 1.071075 0.7018402
1.484094 1.071075 0.7018402
1.484094 1.071075 0.7018402
1.484094 1.071075 0.7018402
1.484094 1.071075 0.7018402
1.484094 1.071075 0.7018402
1.484094 1.071075 0.7018402
1.484094 1.071075 0.7018402
1.484094 1.071075 0.7018402
1.484094 1.071075 0.7018402
1.484094 1.071075 0.7018402
1.471654 1.584978 -0.07846243
1.471654 1.584978 -0.07846243
1.471654 1.584978 -0.07846243
1.471654 1.584978 -0.07846243
1.471654 1.584978 -0.07846243
1.471654 1.584978 -0.07846243
1.471654 1.584978 -0.07846243
1.471087 1.270329 -0.6984299
1.471087 1.270329 -0.6984299
1.471087 1.270329 -0.6984299
1.471087 1.270329 -0.6984299
1.471087 1.270329 -0.6984299
1.471087 1.270329 -0.6984299
1.471087 1.270329 -0.6984299
0.8972361 -0.0303582 -0.6030124
0.8972361 -0.0303582 -0.6030124
0.8972361 -0.0303582 -0.6030124
0.929642 0.2045659 -0.0356571
0.929642 0.2045659 -0.0356571
0.929642 0.2045659 -0.0356571
1.123702 0.9727956 0.276213
1.123702 0.9727956 0.276213
1.123702 0.9727956 0.276213
1.123702 0.9727956 0.276213
1.123702 0.9727956 0.276213
1.123702 0.9727956 0.276213
1.123702 0.9727956 0.276213
1.668088 1.331559 -0.5042941
1.668088 1.331559 -0.5042941
1.668088 1.331559 -0.5042941
1.668088 1.331559 -0.5042941
1.668088 1.331559 -0.5042941
1.668088 1.331559 -0.5042941
2.021244 1.47777 -0.536904
2.021244 1.47777 -0.536904
2.021244 1.47777 -0.536904
2.021244 1.47777 -0.536904
2.021244 1.47777 -0.536904
2.021244 1.47777 -0.536904
2.021244 1.47777 -0.536904
2.021244 1.47777 -0.536904
2.021244 1.47777 -0.536904
2.021244 1.47777 -0.536904
2.021244 1.47777 -0.536904
2.021244 1.47777 -0.536904
2.021244 1.47777 -0.536904
1.917449 1.2085 -1.143509
1.917449 1.2085 -1.143509
1.917449 1.2085 -1.143509
1.917449 1.2085 -1.143509
1.917449 1.2085 -1.143509
1.917449 1.2085 -1.143509
1.917449 1.2085 -1.143509
1.917449 1.2085 -1.143509
1.917449 1.2085 -1.143509
1.917449 1.2085 -1.143509
1.917449 1.2085 -1.143509
1.917449 1.2085 -1.143509
1.917449 1.2085 -1.143509
1.917449 1.2085 -1.143509
1.917449 1.2085 -1.143509
1.917449 1.2085 -1.143509
1.917449 1.2085 -1.143509
1.917449 1.2085 -1.143509
1.917449 1.2085 -1.143509
1.917449 1.2085 -1.143509
1.917449 1.2085 -1.143509
1.917449 1.2085 -1.143509
1.917449 1.2085 -1.143509
1.917449 1.2085 -1.143509
1.917449 1.2085 -1.143509
1.917449 1.2085 -1.143509
1.633241 0.5110083 -0.2485358
1.633241 0.5110083 -0.2485358
1.633241 0.5110083 -0.2485358
1.633241 0.5110083 -0.2485358
1.591083 1.356734 0.2228166
1.591083 1.356734 0.2228166
1.591083 1.356734 0.2228166
1.591083 1.356734 0.2228166
1.591083 1.356734 0.2228166
1.591083 1.356734 0.2228166
1.591083 1.356734 0.2228166
1.591083 1.356734 0.2228166
1.591083 1.356734 0.2228166
1.591083 1.356734 0.2228166
1.591083 1.356734 0.2228166
1.591083 1.356734 0.2228166
1.591083 1.356734 0.2228166
1.591083 1.356734 0.2228166
1.591083 1.356734 0.2228166
1.591083 1.356734 0.2228166
1.591083 1.356734 0.2228166
1.835336 1.470324 0.1922667
1.835336 1.470324 0.1922667
1.835336 1.470324 0.1922667
1.835336 1.470324 0.1922667
1.835336 1.470324 0.1922667
1.835336 1.470324 0.1922667
1.835336 1.470324 0.1922667
1.835336 1.470324 0.1922667
1.835336 1.470324 0.1922667
1.835336 1.470324 0.1922667
1.835336 1.470324 0.1922667
1.835336 1.470324 0.1922667
1.835336 1.470324 0.1922667
1.835336 1.470324 0.1922667
1.835336 1.470324 0.1922667
1.835336 1.470324 0.1922667
1.835336 1.470324 0.1922667
1.835336 1.470324 0.1922667
1.835336 1.470324 0.1922667
1.835336 1.470324 0.1922667
1.835336 1.470324 0.1922667
1.835336 1.470324 0.1922667
1.835336 1.470324 0.1922667
1.835336 1.470324 0.1922667
1.835336 1.470324 0.1922667
1.835336 1.470324 0.1922667
1.835336 1.470324 0.1922667
1.835336 1.470324 0.1922667
1.835336 1.470324 0.1922667
1.835336 1.470324 0.1922667
1.835336 1.470324 0.1922667
1.835336 1.470324 0.1922667
1.835336 1.470324 0.1922667
1.469204 0.5905197 0.4314037
1.469204 0.5905197 0.4314037
1.469204 0.5905197 0.4314037
1.469204 0.5905197 0.4314037
1.469204 0.5905197 0.4314037
1.469204 0.5905197 0.4314037
1.469204 0.5905197 0.4314037
1.469204 0.5905197 0.4314037
1.565039 1.261268 0.2264904
1.565039 1.261268 0.2264904
1.386483 0.3365933 0.3255826
1.386483 0.3365933 0.3255826
1.386483 0.3365933 0.3255826
1.386483 0.3365933 0.3255826
1.386483 0.3365933 0.3255826
1.55737 0.9166342 -0.07122874
1.55737 0.9166342 -0.07122874
1.55737 0.9166342 -0.07122874
1.55737 0.9166342 -0.07122874
1.55737 0.9166342 -0.07122874
1.55737 0.9166342 -0.07122874
1.55737 0.9166342 -0.07122874
1.55737 0.9166342 -0.07122874
1.55737 0.9166342 -0.07122874
1.55737 0.9166342 -0.07122874
1.55737 0.9166342 -0.07122874
1.55737 0.9166342 -0.07122874
1.741578 0.9940776 -0.09102976
1.741578 0.9940776 -0.09102976
1.741578 0.9940776 -0.09102976
1.741578 0.9940776 -0.09102976
1.550547 0.824657 -0.4826887
1.550547 0.824657 -0.4826887
1.550547 0.824657 -0.4826887
1.550547 0.824657 -0.4826887
1.550547 0.824657 -0.4826887
1.550547 0.824657 -0.4826887
1.550547 0.824657 -0.4826887
1.550547 0.824657 -0.4826887
1.550547 0.824657 -0.4826887
1.550547 0.824657 -0.4826887
1.550547 0.824657 -0.4826887
1.550547 0.824657 -0.4826887
1.550547 0.824657 -0.4826887
1.550547 0.824657 -0.4826887
1.550547 0.824657 -0.4826887
1.550547 0.824657 -0.4826887
1.550547 0.824657 -0.4826887
1.550547 0.824657 -0.4826887
1.550547 0.824657 -0.4826887
1.550547 0.824657 -0.4826887
1.550547 0.824657 -0.4826887
1.550547 0.824657 -0.4826887
1.550547 0.824657 -0.4826887
1.550547 0.824657 -0.4826887
1.550547 0.824657 -0.4826887
1.550547 0.824657 -0.4826887
1.550547 0.824657 -0.4826887
1.550547 0.824657 -0.4826887
1.550547 0.824657 -0.4826887
1.550547 0.824657 -0.4826887
1.550547 0.824657 -0.4826887
1.550547 0.824657 -0.4826887
1.550547 0.824657 -0.4826887
1.550547 0.824657 -0.4826887
1.550547 0.824657 -0.4826887
1.550547 0.824657 -0.4826887
1.550547 0.824657 -0.4826887
1.550547 0.824657 -0.4826887
1.550547 0.824657 -0.4826887
1.550547 0.824657 -0.4826887
1.550547 0.824657 -0.4826887
1.550547 0.824657 -0.4826887
1.550547 0.824657 -0.4826887
1.550547 0.824657 -0.4826887
1.550547 0.824657 -0.4826887
1.550547 0.824657 -0.4826887
1.550547 0.824657 -0.4826887
1.550547 0.824657 -0.4826887
1.550547 0.824657 -0.4826887
1.550547 0.824657 -0.4826887
1.550547 0.824657 -0.4826887
1.550547 0.824657 -0.4826887
1.550547 0.824657 -0.4826887
1.550547 0.824657 -0.4826887
1.550547 0.824657 -0.4826887
1.550547 0.824657 -0.4826887
1.683886 0.8811121 -0.4722276
1.683886 0.8811121 -0.4722276
1.668983 0.9151379 -0.4430148
1.668983 0.9151379 -0.4430148
1.668983 0.9151379 -0.4430148
1.668983 0.9151379 -0.4430148
1.668983 0.9151379 -0.4430148
1.668983 0.9151379 -0.4430148
1.668983 0.9151379 -0.4430148
1.668983 0.9151379 -0.4430148
1.668983 0.9151379 -0.4430148
1.668983 0.9151379 -0.4430148
1.668983 0.9151379 -0.4430148
1.668983 0.9151379 -0.4430148
1.668983 0.9151379 -0.4430148
1.668983 0.9151379 -0.4430148
1.668983 0.9151379 -0.4430148
1.668983 0.9151379 -0.4430148
1.668983 0.9151379 -0.4430148
1.668983 0.9151379 -0.4430148
1.668983 0.9151379 -0.4430148
1.668983 0.9151379 -0.4430148
1.668983 0.9151379 -0.4430148
1.668983 0.9151379 -0.4430148
1.668983 0.9151379 -0.4430148
1.668983 0.9151379 -0.4430148
1.668983 0.9151379 -0.4430148
1.668983 0.9151379 -0.4430148
1.668983 0.9151379 -0.4430148
1.668983 0.9151379 -0.4430148
1.668983 0.9151379 -0.4430148
1.668983 0.9151379 -0.4430148
1.668983 0.9151379 -0.4430148
1.668983 0.9151379 -0.4430148
1.668983 0.9151379 -0.4430148
1.668983 0.9151379 -0.4430148
1.668983 0.9151379 -0.4430148
1.668983 0.9151379 -0.4430148
1.668983 0.9151379 -0.4430148
1.668983 0.9151379 -0.4430148
1.668983 0.9151379 -0.4430148
1.668983 0.9151379 -0.4430148
1.668983 0.9151379 -0.4430148
1.668983 0.9151379 -0.4430148
1.668983 0.9151379 -0.4430148
1.736931 1.039529 -0.4449385
1.736931 1.039529 -0.4449385
1.736931 1.039529 -0.4449385
1.736931 1.039529 -0.4449385
1.736931 1.039529 -0.4449385
1.736931 1.039529 -0.4449385
1.736931 1.039529 -0.4449385
1.736931 1.039529 -0.4449385
1.736931 1.039529 -0.4449385
1.736931 1.039529 -0.4449385
1.736931 1.039529 -0.4449385
1.736931 1.039529 -0.4449385
1.736931 1.039529 -0.4449385
1.736931 1.039529 -0.4449385
1.736931 1.039529 -0.4449385
1.839778 1.137999 -0.48577
1.839778 1.137999 -0.48577
1.839778 1.137999 -0.48577
1.839778 1.137999 -0.48577
1.839778 1.137999 -0.48577
1.839778 1.137999 -0.48577
1.839778 1.137999 -0.48577
1.839778 1.137999 -0.48577
1.839778 1.137999 -0.48577
1.839778 1.137999 -0.48577
1.839778 1.137999 -0.48577
1.839778 1.137999 -0.48577
1.839778 1.137999 -0.48577
1.839778 1.137999 -0.48577
1.839778 1.137999 -0.48577
1.839778 1.137999 -0.48577
1.839778 1.137999 -0.48577
1.839778 1.137999 -0.48577
1.839778 1.137999 -0.48577
1.839778 1.137999 -0.48577
1.839778 1.137999 -0.48577
1.839778 1.137999 -0.48577
1.839778 1.137999 -0.48577
1.839778 1.137999 -0.48577
1.839778 1.137999 -0.48577
1.839778 1.137999 -0.48577
1.839778 1.137999 -0.48577
1.839778 1.137999 -0.48577
1.839778 1.137999 -0.48577
1.352843 0.8334213 0.02776211
1.352843 0.8334213 0.02776211
1.352843 0.8334213 0.02776211
1.352843 0.8334213 0.02776211
1.352843 0.8334213 0.02776211
1.352843 0.8334213 0.02776211
1.352843 0.8334213 0.02776211
1.352843 0.8334213 0.02776211
1.352843 0.8334213 0.02776211
1.352843 0.8334213 0.02776211
1.352843 0.8334213 0.02776211
1.352843 0.8334213 0.02776211
1.352843 0.8334213 0.02776211
1.352843 0.8334213 0.02776211
1.352843 0.8334213 0.02776211
1.352843 0.8334213 0.02776211
1.352843 0.8334213 0.02776211
1.352843 0.8334213 0.02776211
1.352843 0.8334213 0.02776211
1.352843 0.8334213 0.02776211
1.352843 0.8334213 0.02776211
1.352843 0.8334213 0.02776211
1.352843 0.8334213 0.02776211
1.352843 0.8334213 0.02776211
1.352843 0.8334213 0.02776211
1.352843 0.8334213 0.02776211
1.352843 0.8334213 0.02776211
1.352843 0.8334213 0.02776211
1.352843 0.8334213 0.02776211
1.352843 0.8334213 0.02776211
1.352843 0.8334213 0.02776211
1.447097 0.9389944 -0.02456842
1.447097 0.9389944 -0.02456842
1.447097 0.9389944 -0.02456842
1.447097 0.9389944 -0.02456842
1.447097 0.9389944 -0.02456842
1.447097 0.9389944 -0.02456842
1.447097 0.9389944 -0.02456842
1.447097 0.9389944 -0.02456842
1.447097 0.9389944 -0.02456842
1.447097 0.9389944 -0.02456842
1.447097 0.9389944 -0.02456842
1.447097 0.9389944 -0.02456842
1.447097 0.9389944 -0.02456842
1.447097 0.9389944 -0.02456842
1.447097 0.9389944 -0.02456842
1.447097 0.9389944 -0.02456842
1.447097 0.9389944 -0.02456842
1.447097 0.9389944 -0.02456842
1.447097 0.9389944 -0.02456842
1.447097 0.9389944 -0.02456842
1.447097 0.9389944 -0.02456842
1.447097 0.9389944 -0.02456842
1.447097 0.9389944 -0.02456842
1.447097 0.9389944 -0.02456842
1.447097 0.9389944 -0.02456842
1.447097 0.9389944 -0.02456842
1.447097 0.9389944 -0.02456842
1.447097 0.9389944 -0.02456842
1.447097 0.9389944 -0.02456842
1.447097 0.9389944 -0.02456842
1.447097 0.9389944 -0.02456842
1.447097 0.9389944 -0.02456842
1.447097 0.9389944 -0.02456842
1.447097 0.9389944 -0.02456842
1.447097 0.9389944 -0.02456842
1.447097 0.9389944 -0.02456842
1.447097 0.9389944 -0.02456842
1.447097 0.9389944 -0.02456842
1.447097 0.9389944 -0.02456842
1.447097 0.9389944 -0.02456842
1.447097 0.9389944 -0.02456842
1.447097 0.9389944 -0.02456842
1.447097 0.9389944 -0.02456842
1.447097 0.9389944 -0.02456842
1.447097 0.9389944 -0.02456842
1.447097 0.9389944 -0.02456842
1.447097 0.9389944 -0.02456842
1.447097 0.9389944 -0.02456842
1.447097 0.9389944 -0.02456842
1.447097 0.9389944 -0.02456842
1.447097 0.9389944 -0.02456842
1.447097 0.9389944 -0.02456842
1.447097 0.9389944 -0.02456842
1.447097 0.9389944 -0.02456842
1.447097 0.9389944 -0.02456842
1.447097 0.9389944 -0.02456842
1.447097 0.9389944 -0.02456842
1.447097 0.9389944 -0.02456842
1.447097 0.9389944 -0.02456842
1.447097 0.9389944 -0.02456842
1.50993 0.9804652 -0.08701356
1.50993 0.9804652 -0.08701356
1.50993 0.9804652 -0.08701356
1.50993 0.9804652 -0.08701356
1.50993 0.9804652 -0.08701356
1.704316 1.336887 -0.06038057
1.704316 1.336887 -0.06038057
1.704316 1.336887 -0.06038057
1.704316 1.336887 -0.06038057
1.704316 1.336887 -0.06038057
1.524357 0.9323894 -0.04223461
1.524357 0.9323894 -0.04223461
1.524357 0.9323894 -0.04223461
1.524357 0.9323894 -0.04223461
1.524357 0.9323894 -0.04223461
1.524357 0.9323894 -0.04223461
1.524357 0.9323894 -0.04223461
1.524357 0.9323894 -0.04223461
1.524357 0.9323894 -0.04223461
1.524357 0.9323894 -0.04223461
1.524357 0.9323894 -0.04223461
1.524357 0.9323894 -0.04223461
1.524357 0.9323894 -0.04223461
1.524357 0.9323894 -0.04223461
1.524357 0.9323894 -0.04223461
1.524357 0.9323894 -0.04223461
1.524357 0.9323894 -0.04223461
1.524357 0.9323894 -0.04223461
1.524357 0.9323894 -0.04223461
1.524357 0.9323894 -0.04223461
1.524357 0.9323894 -0.04223461
1.524357 0.9323894 -0.04223461
1.524357 0.9323894 -0.04223461
1.524357 0.9323894 -0.04223461
1.524357 0.9323894 -0.04223461
1.524357 0.9323894 -0.04223461
1.524357 0.9323894 -0.04223461
1.524357 0.9323894 -0.04223461
1.524357 0.9323894 -0.04223461
1.524357 0.9323894 -0.04223461
1.524357 0.9323894 -0.04223461
1.524357 0.9323894 -0.04223461
1.524357 0.9323894 -0.04223461
1.524357 0.9323894 -0.04223461
1.524357 0.9323894 -0.04223461
1.524357 0.9323894 -0.04223461
1.524357 0.9323894 -0.04223461
1.524357 0.9323894 -0.04223461
1.524357 0.9323894 -0.04223461
1.524357 0.9323894 -0.04223461
1.524357 0.9323894 -0.04223461
1.524357 0.9323894 -0.04223461
1.524357 0.9323894 -0.04223461
1.524357 0.9323894 -0.04223461
1.524357 0.9323894 -0.04223461
1.524357 0.9323894 -0.04223461
1.524357 0.9323894 -0.04223461
1.524357 0.9323894 -0.04223461
1.524357 0.9323894 -0.04223461
1.524357 0.9323894 -0.04223461
1.59238 0.9982095 -0.1194449
1.59238 0.9982095 -0.1194449
1.59238 0.9982095 -0.1194449
1.59238 0.9982095 -0.1194449
1.59238 0.9982095 -0.1194449
1.59238 0.9982095 -0.1194449
1.59238 0.9982095 -0.1194449
1.59238 0.9982095 -0.1194449
1.59238 0.9982095 -0.1194449
1.59238 0.9982095 -0.1194449
1.59238 0.9982095 -0.1194449
1.59238 0.9982095 -0.1194449
1.59238 0.9982095 -0.1194449
1.59238 0.9982095 -0.1194449
1.59238 0.9982095 -0.1194449
1.59238 0.9982095 -0.1194449
1.59238 0.9982095 -0.1194449
1.59238 0.9982095 -0.1194449
1.59238 0.9982095 -0.1194449
1.59238 0.9982095 -0.1194449
1.59238 0.9982095 -0.1194449
1.59238 0.9982095 -0.1194449
1.59238 0.9982095 -0.1194449
1.59238 0.9982095 -0.1194449
1.59238 0.9982095 -0.1194449
1.711189 1.118571 -0.6665733
1.711189 1.118571 -0.6665733
1.711189 1.118571 -0.6665733
1.711189 1.118571 -0.6665733
1.711189 1.118571 -0.6665733
1.711189 1.118571 -0.6665733
1.711189 1.118571 -0.6665733
1.711189 1.118571 -0.6665733
1.711189 1.118571 -0.6665733
1.711189 1.118571 -0.6665733
1.711189 1.118571 -0.6665733
1.711189 1.118571 -0.6665733
1.711189 1.118571 -0.6665733
1.711189 1.118571 -0.6665733
1.711189 1.118571 -0.6665733
1.711189 1.118571 -0.6665733
1.711189 1.118571 -0.6665733
1.711189 1.118571 -0.6665733
1.711189 1.118571 -0.6665733
1.711189 1.118571 -0.6665733
1.711189 1.118571 -0.6665733
1.711189 1.118571 -0.6665733
1.711189 1.118571 -0.6665733
1.711189 1.118571 -0.6665733
1.711189 1.118571 -0.6665733
1.711189 1.118571 -0.6665733
1.711189 1.118571 -0.6665733
1.711189 1.118571 -0.6665733
1.711189 1.118571 -0.6665733
1.711189 1.118571 -0.6665733
1.711189 1.118571 -0.6665733
1.711189 1.118571 -0.6665733
1.711189 1.118571 -0.6665733
1.711189 1.118571 -0.6665733
1.711189 1.118571 -0.6665733
1.776724 1.19087 -0.7292583
1.776724 1.19087 -0.7292583
1.776724 1.19087 -0.7292583
1.776724 1.19087 -0.7292583
1.776724 1.19087 -0.7292583
1.776724 1.19087 -0.7292583
1.776724 1.19087 -0.7292583
1.776724 1.19087 -0.7292583
1.776724 1.19087 -0.7292583
1.776724 1.19087 -0.7292583
1.776724 1.19087 -0.7292583
1.776724 1.19087 -0.7292583
1.776724 1.19087 -0.7292583
1.776724 1.19087 -0.7292583
1.776724 1.19087 -0.7292583
1.776724 1.19087 -0.7292583
1.776724 1.19087 -0.7292583
1.776724 1.19087 -0.7292583
1.776724 1.19087 -0.7292583
1.776724 1.19087 -0.7292583
1.776724 1.19087 -0.7292583
1.776724 1.19087 -0.7292583
1.776724 1.19087 -0.7292583
1.776724 1.19087 -0.7292583
1.776724 1.19087 -0.7292583
1.776724 1.19087 -0.7292583
1.776724 1.19087 -0.7292583
1.776724 1.19087 -0.7292583
1.776724 1.19087 -0.7292583
1.776724 1.19087 -0.7292583
1.776724 1.19087 -0.7292583
1.776724 1.19087 -0.7292583
1.776724 1.19087 -0.7292583
1.776724 1.19087 -0.7292583
1.776724 1.19087 -0.7292583
1.776724 1.19087 -0.7292583
1.776724 1.19087 -0.7292583
1.776724 1.19087 -0.7292583
1.776724 1.19087 -0.7292583
1.776724 1.19087 -0.7292583
1.776724 1.19087 -0.7292583
1.776724 1.19087 -0.7292583
1.776724 1.19087 -0.7292583
1.776724 1.19087 -0.7292583
1.776724 1.19087 -0.7292583
1.776724 1.19087 -0.7292583
1.776724 1.19087 -0.7292583
1.776724 1.19087 -0.7292583
1.776724 1.19087 -0.7292583
1.776724 1.19087 -0.7292583
1.776724 1.19087 -0.7292583
1.776724 1.19087 -0.7292583
1.776724 1.19087 -0.7292583
1.776724 1.19087 -0.7292583
1.776724 1.19087 -0.7292583
1.776724 1.19087 -0.7292583
1.776724 1.19087 -0.7292583
1.776724 1.19087 -0.7292583
1.776724 1.19087 -0.7292583
1.776724 1.19087 -0.7292583
1.833267 1.247076 -0.7894765
1.833267 1.247076 -0.7894765
1.833267 1.247076 -0.7894765
1.833267 1.247076 -0.7894765
1.833267 1.247076 -0.7894765
1.833267 1.247076 -0.7894765
1.833267 1.247076 -0.7894765
1.833267 1.247076 -0.7894765
1.833267 1.247076 -0.7894765
1.833267 1.247076 -0.7894765
1.833267 1.247076 -0.7894765
1.833267 1.247076 -0.7894765
1.833267 1.247076 -0.7894765
1.833267 1.247076 -0.7894765
1.757912 1.327545 -0.9366272
1.757912 1.327545 -0.9366272
1.757912 1.327545 -0.9366272
1.757912 1.327545 -0.9366272
1.757912 1.327545 -0.9366272
1.757912 1.327545 -0.9366272
1.757912 1.327545 -0.9366272
1.757912 1.327545 -0.9366272
1.757912 1.327545 -0.9366272
1.757912 1.327545 -0.9366272
1.757912 1.327545 -0.9366272
1.757912 1.327545 -0.9366272
1.757912 1.327545 -0.9366272
1.757912 1.327545 -0.9366272
1.757912 1.327545 -0.9366272
1.757912 1.327545 -0.9366272
1.757912 1.327545 -0.9366272
1.757912 1.327545 -0.9366272
1.757912 1.327545 -0.9366272
1.757912 1.327545 -0.9366272
1.757912 1.327545 -0.9366272
2.126872 1.763329 -1.218333
2.126872 1.763329 -1.218333
2.126872 1.763329 -1.218333
2.126872 1.763329 -1.218333
2.126872 1.763329 -1.218333
2.126872 1.763329 -1.218333
2.126872 1.763329 -1.218333
2.126872 1.763329 -1.218333
2.126872 1.763329 -1.218333
2.126872 1.763329 -1.218333
2.126872 1.763329 -1.218333
2.126872 1.763329 -1.218333
2.126872 1.763329 -1.218333
2.126872 1.763329 -1.218333
1.656938 1.568101 -0.3049587
1.656938 1.568101 -0.3049587
1.656938 1.568101 -0.3049587
1.656938 1.568101 -0.3049587
1.656938 1.568101 -0.3049587
1.656938 1.568101 -0.3049587
1.656938 1.568101 -0.3049587
1.656938 1.568101 -0.3049587
1.656938 1.568101 -0.3049587
1.656938 1.568101 -0.3049587
1.656938 1.568101 -0.3049587
1.72057 1.604582 -0.3742353
1.72057 1.604582 -0.3742353
1.72057 1.604582 -0.3742353
1.72057 1.604582 -0.3742353
1.72057 1.604582 -0.3742353
1.72057 1.604582 -0.3742353
1.72057 1.604582 -0.3742353
1.72057 1.604582 -0.3742353
1.72057 1.604582 -0.3742353
1.72057 1.604582 -0.3742353
1.72057 1.604582 -0.3742353
1.72057 1.604582 -0.3742353
1.72057 1.604582 -0.3742353
1.72057 1.604582 -0.3742353
1.72057 1.604582 -0.3742353
1.72057 1.604582 -0.3742353
1.72057 1.604582 -0.3742353
1.72057 1.604582 -0.3742353
1.72057 1.604582 -0.3742353
1.72057 1.604582 -0.3742353
1.72057 1.604582 -0.3742353
1.72057 1.604582 -0.3742353
1.72057 1.604582 -0.3742353
1.72057 1.604582 -0.3742353
1.72057 1.604582 -0.3742353
1.72057 1.604582 -0.3742353
1.72057 1.604582 -0.3742353
1.72057 1.604582 -0.3742353
1.72057 1.604582 -0.3742353
1.72057 1.604582 -0.3742353
1.72057 1.604582 -0.3742353
1.72057 1.604582 -0.3742353
1.72057 1.604582 -0.3742353
1.72057 1.604582 -0.3742353
1.72057 1.604582 -0.3742353
1.72057 1.604582 -0.3742353
1.72057 1.604582 -0.3742353
1.72057 1.604582 -0.3742353
1.72057 1.604582 -0.3742353
1.72057 1.604582 -0.3742353
1.72057 1.604582 -0.3742353
1.72057 1.604582 -0.3742353
1.72057 1.604582 -0.3742353
1.72057 1.604582 -0.3742353
1.72057 1.604582 -0.3742353
1.72057 1.604582 -0.3742353
1.72057 1.604582 -0.3742353
1.72057 1.604582 -0.3742353
1.72057 1.604582 -0.3742353
1.72057 1.604582 -0.3742353
1.72057 1.604582 -0.3742353
1.72057 1.604582 -0.3742353
1.72057 1.604582 -0.3742353
1.72057 1.604582 -0.3742353
1.72057 1.604582 -0.3742353
1.72057 1.604582 -0.3742353
1.72057 1.604582 -0.3742353
1.72057 1.604582 -0.3742353
1.72057 1.604582 -0.3742353
1.72057 1.604582 -0.3742353
1.775276 1.656973 -0.4215451
1.775276 1.656973 -0.4215451
1.775276 1.656973 -0.4215451
1.775276 1.656973 -0.4215451
1.775276 1.656973 -0.4215451
1.775276 1.656973 -0.4215451
2.095382 1.970582 -0.701163
2.095382 1.970582 -0.701163
2.095382 1.970582 -0.701163
2.095382 1.970582 -0.701163
2.095382 1.970582 -0.701163
2.095382 1.970582 -0.701163
2.095382 1.970582 -0.701163
2.095382 1.970582 -0.701163
2.095382 1.970582 -0.701163
2.095382 1.970582 -0.701163
2.095382 1.970582 -0.701163
2.095382 1.970582 -0.701163
2.095382 1.970582 -0.701163
2.095382 1.970582 -0.701163
2.095382 1.970582 -0.701163
2.095382 1.970582 -0.701163
2.095382 1.970582 -0.701163
2.095382 1.970582 -0.701163
2.095382 1.970582 -0.701163
2.095382 1.970582 -0.701163
2.095382 1.970582 -0.701163
1.758126 1.590342 -0.2599236
1.758126 1.590342 -0.2599236
1.758126 1.590342 -0.2599236
1.758126 1.590342 -0.2599236
1.758126 1.590342 -0.2599236
1.758126 1.590342 -0.2599236
1.758126 1.590342 -0.2599236
1.758126 1.590342 -0.2599236
1.758126 1.590342 -0.2599236
1.758126 1.590342 -0.2599236
1.758126 1.590342 -0.2599236
1.758126 1.590342 -0.2599236
1.758126 1.590342 -0.2599236
1.758126 1.590342 -0.2599236
1.758126 1.590342 -0.2599236
1.758126 1.590342 -0.2599236
1.758126 1.590342 -0.2599236
1.758126 1.590342 -0.2599236
1.758126 1.590342 -0.2599236
1.758126 1.590342 -0.2599236
2.015333 1.464021 -0.8162533
2.015333 1.464021 -0.8162533
2.015333 1.464021 -0.8162533
2.015333 1.464021 -0.8162533
2.015333 1.464021 -0.8162533
2.015333 1.464021 -0.8162533
2.015333 1.464021 -0.8162533
2.015333 1.464021 -0.8162533
2.015333 1.464021 -0.8162533
2.015333 1.464021 -0.8162533
2.015333 1.464021 -0.8162533
2.015333 1.464021 -0.8162533
2.015333 1.464021 -0.8162533
2.160094 1.525777 -0.8991822
2.160094 1.525777 -0.8991822
2.160094 1.525777 -0.8991822
2.160094 1.525777 -0.8991822
2.160094 1.525777 -0.8991822
2.160094 1.525777 -0.8991822
2.160094 1.525777 -0.8991822
2.160094 1.525777 -0.8991822
2.160094 1.525777 -0.8991822
2.160094 1.525777 -0.8991822
2.160094 1.525777 -0.8991822
2.160094 1.525777 -0.8991822
2.160094 1.525777 -0.8991822
2.160094 1.525777 -0.8991822
2.160094 1.525777 -0.8991822
2.160094 1.525777 -0.8991822
2.160094 1.525777 -0.8991822
2.160094 1.525777 -0.8991822
2.160094 1.525777 -0.8991822
2.160094 1.525777 -0.8991822
2.160094 1.525777 -0.8991822
2.160094 1.525777 -0.8991822
2.160094 1.525777 -0.8991822
2.160094 1.525777 -0.8991822
2.160094 1.525777 -0.8991822
2.160094 1.525777 -0.8991822
2.160094 1.525777 -0.8991822
2.160094 1.525777 -0.8991822
2.160094 1.525777 -0.8991822
2.160094 1.525777 -0.8991822
2.160094 1.525777 -0.8991822
2.160094 1.525777 -0.8991822
2.160094 1.525777 -0.8991822
2.160094 1.525777 -0.8991822
2.160094 1.525777 -0.8991822
2.160094 1.525777 -0.8991822
2.160094 1.525777 -0.8991822
2.160094 1.525777 -0.8991822
2.160094 1.525777 -0.8991822
2.160094 1.525777 -0.8991822
2.160094 1.525777 -0.8991822
2.160094 1.525777 -0.8991822
2.160094 1.525777 -0.8991822
1.98914 1.054494 -1.198657
1.98914 1.054494 -1.198657
1.98914 1.054494 -1.198657
1.98914 1.054494 -1.198657
1.98914 1.054494 -1.198657
1.98914 1.054494 -1.198657
1.98914 1.054494 -1.198657
1.98914 1.054494 -1.198657
1.98914 1.054494 -1.198657
1.98914 1.054494 -1.198657
1.98914 1.054494 -1.198657
1.98914 1.054494 -1.198657
1.98914 1.054494 -1.198657
1.98914 1.054494 -1.198657
1.98914 1.054494 -1.198657
1.98914 1.054494 -1.198657
1.98914 1.054494 -1.198657
2.048134 1.123778 -1.286809
2.048134 1.123778 -1.286809
2.048134 1.123778 -1.286809
2.048134 1.123778 -1.286809
2.048134 1.123778 -1.286809
2.048134 1.123778 -1.286809
2.048134 1.123778 -1.286809
2.048134 1.123778 -1.286809
2.048134 1.123778 -1.286809
2.048134 1.123778 -1.286809
2.048134 1.123778 -1.286809
2.048134 1.123778 -1.286809
2.048134 1.123778 -1.286809
2.048134 1.123778 -1.286809
1.958712 1.444464 -1.203156
1.958712 1.444464 -1.203156
1.958712 1.444464 -1.203156
1.958712 1.444464 -1.203156
1.958712 1.444464 -1.203156
1.958712 1.444464 -1.203156
1.958712 1.444464 -1.203156
1.958712 1.444464 -1.203156
1.958712 1.444464 -1.203156
1.958712 1.444464 -1.203156
1.958712 1.444464 -1.203156
1.958712 1.444464 -1.203156
1.958712 1.444464 -1.203156
1.958712 1.444464 -1.203156
1.958712 1.444464 -1.203156
1.958712 1.444464 -1.203156
1.958712 1.444464 -1.203156
1.958712 1.444464 -1.203156
1.958712 1.444464 -1.203156
1.958712 1.444464 -1.203156
1.958712 1.444464 -1.203156
1.958712 1.444464 -1.203156
1.958712 1.444464 -1.203156
1.958712 1.444464 -1.203156
1.958712 1.444464 -1.203156
1.958712 1.444464 -1.203156
1.958712 1.444464 -1.203156
1.958712 1.444464 -1.203156
1.958712 1.444464 -1.203156
1.958712 1.444464 -1.203156
1.958712 1.444464 -1.203156
1.958712 1.444464 -1.203156
1.958712 1.444464 -1.203156
1.958712 1.444464 -1.203156
2.034783 1.72711 -1.335168
2.034783 1.72711 -1.335168
2.034783 1.72711 -1.335168
2.034783 1.72711 -1.335168
2.034783 1.72711 -1.335168
2.034783 1.72711 -1.335168
2.034783 1.72711 -1.335168
2.034783 1.72711 -1.335168
2.034783 1.72711 -1.335168
2.034783 1.72711 -1.335168
2.034783 1.72711 -1.335168
2.034783 1.72711 -1.335168
2.074368 1.774651 -1.409584
2.074368 1.774651 -1.409584
2.074368 1.774651 -1.409584
2.074368 1.774651 -1.409584
2.074368 1.774651 -1.409584
2.074368 1.774651 -1.409584
2.074368 1.774651 -1.409584
2.074368 1.774651 -1.409584
2.074368 1.774651 -1.409584
2.074368 1.774651 -1.409584
2.074368 1.774651 -1.409584
2.074368 1.774651 -1.409584
2.074368 1.774651 -1.409584
2.074368 1.774651 -1.409584
2.074368 1.774651 -1.409584
2.074368 1.774651 -1.409584
2.074368 1.774651 -1.409584
2.074368 1.774651 -1.409584
2.074368 1.774651 -1.409584
2.074368 1.774651 -1.409584
