1.534099 0.3987216 0.7192036
1.386521 0.616384 0.2964357
1.386521 0.616384 0.2964357
1.624593 0.7845972 -0.15198
1.624593 0.7845972 -0.15198
0.9771826 -0.0424069 0.29359
1.420127 0.4727125 0.08359846
1.420127 0.4727125 0.08359846
1.420127 0.4727125 0.08359846
1.660868 1.038736 -0.7151705
1.361544 -0.02712102 -0.5878693
1.430173 1.175436 0.3527688
1.454982 0.3511714 -0.08112684
1.454982 0.3511714 -0.08112684
1.454982 0.3511714 -0.08112684
1.610541 0.4317619 -0.06405797
1.60218 0.6499335 0.04367768
1.60218 0.6499335 0.04367768
1.717399 0.7349388 0.02286147
1.717399 0.7349388 0.02286147
1.582953 0.5092166 -0.3760066
1.676751 0.6287397 -0.4169606
1.676751 0.6287397 -0.4169606
1.676751 0.6287397 -0.4169606
1.743038 0.7250905 -0.4939394
1.743038 0.7250905 -0.4939394
1.743038 0.7250905 -0.4939394
1.636751 1.125507 -0.2038718
1.636751 1.125507 -0.2038718
1.636751 1.125507 -0.2038718
1.694909 1.203736 -0.2731146
1.694909 1.203736 -0.2731146
1.694909 1.203736 -0.2731146
1.797612 0.7058183 -0.6166363
1.797612 0.7058183 -0.6166363
1.797612 0.7058183 -0.6166363
2.112433 1.498668 -0.9150639
2.112433 1.498668 -0.9150639
1.999914 1.366352 -0.8176439
2.043887 1.455795 -0.8590682
2.043887 1.455795 -0.8590682
2.043887 1.455795 -0.8590682
2.10453 1.551323 -0.9412286
2.10453 1.551323 -0.9412286
2.10453 1.551323 -0.9412286
2.233558 1.685129 -1.021327
2.233558 1.685129 -1.021327
2.233558 1.685129 -1.021327
2.259104 1.729214 -1.110676
