1.607004 0.9221025 0.5171466
1.242077 -0.1076914 0.2330089
1.242077 -0.1076914 0.2330089
1.510595 0.6708719 -0.555587
1.510595 0.6708719 -0.555587
1.510595 0.6708719 -0.555587
1.469506 0.5832049 -0.1656964
1.469506 0.5832049 -0.1656964
1.469506 0.5832049 -0.1656964
1.71975 0.7038127 -0.1951854
1.523691 0.5045584 0.302664
1.523691 0.5045584 0.302664
1.719985 0.5991798 0.2659855
1.369521 0.3454667 -0.3548251
1.369521 0.3454667 -0.3548251
1.512191 0.4200832 -0.3372461
1.512191 0.4200832 -0.3372461
1.463975 1.140152 -0.2606352
1.576495 1.24846 -0.3060248
1.576495 1.24846 -0.3060248
1.576495 1.24846 -0.3060248
1.67092 1.353815 -0.3680456
1.67092 1.353815 -0.3680456
1.67092 1.353815 -0.3680456
1.729508 1.392678 -0.4297052
1.729508 1.392678 -0.4297052
1.729508 1.392678 -0.4297052
1.788892 1.456309 -0.4957907
1.788892 1.456309 -0.4957907
1.68883 1.230773 -0.4482566
2.019101 1.417026 -1.001377
1.915074 1.503527 -1.172899
2.198691 1.808596 -0.9371938
2.240164 1.859002 -0.9858632
2.240164 1.859002 -0.9858632
1.720011 0.9063227 -0.7854543
1.775143 0.9571227 -0.8511567
1.93823 1.230631 -1.194301
1.93823 1.230631 -1.194301
2.174741 1.670584 -1.180984
2.174741 1.670584 -1.180984
2.174741 1.670584 -1.180984
2.354536 1.756166 -1.382637
2.354536 1.756166 -1.382637
2.354536 1.756166 -1.382637
2.397343 1.879076 -1.450042
2.397343 1.879076 -1.450042
2.397343 1.879076 -1.450042
2.420074 1.911055 -1.510065
