1.026863 0.6909388 1.045242
1.404344 0.5006867 0.2688504
1.404344 0.5006867 0.2688504
1.270211 0.5131601 0.02910976
1.270211 0.5131601 0.02910976
1.543484 0.4158482 -0.389454
1.27081 0.5302473 0.02801311
1.56329 0.4135415 -0.03184295
1.56329 0.4135415 -0.03184295
1.412522 0.6341762 -0.3232332
1.412522 0.6341762 -0.3232332
1.576453 0.5467646 -0.09312704
1.510832 0.546448 0.0693267
1.510832 0.546448 0.0693267
1.510832 0.546448 0.0693267
1.676296 0.6341979 0.06340768
1.511189 0.4810987 0.05492093
1.630102 0.911935 -0.0225686
1.625325 1.194679 0.06113378
1.625325 1.194679 0.06113378
1.48441 0.7583346 0.07083839
1.816737 0.7096743 -0.2222073
1.816737 0.7096743 -0.2222073
1.557972 0.8244315 -0.02086075
1.819548 1.754399 -0.4577535
1.539946 1.00784 -0.03259336
1.69915 1.381927 -0.47493
1.750108 1.4202 -0.5385725
1.750108 1.4202 -0.5385725
1.605966 0.7401141 -0.1702772
1.665747 0.8100337 -0.241625
1.916116 1.347249 -0.9149732
1.916116 1.347249 -0.9149732
1.963195 1.418034 -0.9588891
1.963195 1.418034 -0.9588891
1.963195 1.418034 -0.9588891
1.666852 1.226232 -0.619374
1.666852 1.226232 -0.619374
1.666852 1.226232 -0.619374
2.124739 1.384105 -0.95748
2.124739 1.384105 -0.95748
2.124739 1.384105 -0.95748
2.182939 1.501701 -1.038952
2.182939 1.501701 -1.038952
1.877229 1.976198 -0.5495437
1.882808 1.556704 -0.6369077
1.882808 1.556704 -0.6369077
1.882808 1.556704 -0.6369077
2.054269 1.349657 -0.583436
