0.4868088 -0.5160728 0.3352501
0.4868088 -0.5160728 0.3352501
0.4868088 -0.5160728 0.3352501
0.4868088 -0.5160728 0.3352501
0.4868088 -0.5160728 0.3352501
0.4868088 -0.5160728 0.3352501
0.4868088 -0.5160728 0.3352501
0.4868088 -0.5160728 0.3352501
0.7904955 -0.4000968 -0.06405753
0.7904955 -0.4000968 -0.06405753
0.7904955 -0.4000968 -0.06405753
0.7904955 -0.4000968 -0.06405753
1.006823 -0.3002361 -0.9864915
1.006823 -0.3002361 -0.9864915
1.006823 -0.3002361 -0.9864915
1.863601 0.2674815 -0.3536424
1.863601 0.2674815 -0.3536424
1.026863 0.6909388 1.045242
1.026863 0.6909388 1.045242
1.026863 0.6909388 1.045242
1.026863 0.6909388 1.045242
1.026863 0.6909388 1.045242
1.026863 0.6909388 1.045242
1.404344 0.5006867 0.2688504
1.404344 0.5006867 0.2688504
1.404344 0.5006867 0.2688504
1.404344 0.5006867 0.2688504
1.404344 0.5006867 0.2688504
1.404344 0.5006867 0.2688504
1.404344 0.5006867 0.2688504
1.404344 0.5006867 0.2688504
1.404344 0.5006867 0.2688504
1.404344 0.5006867 0.2688504
1.404344 0.5006867 0.2688504
1.404344 0.5006867 0.2688504
1.404344 0.5006867 0.2688504
1.404344 0.5006867 0.2688504
1.404344 0.5006867 0.2688504
1.404344 0.5006867 0.2688504
1.404344 0.5006867 0.2688504
1.404344 0.5006867 0.2688504
1.404344 0.5006867 0.2688504
1.404344 0.5006867 0.2688504
1.404344 0.5006867 0.2688504
1.404344 0.5006867 0.2688504
1.404344 0.5006867 0.2688504
1.404344 0.5006867 0.2688504
1.404344 0.5006867 0.2688504
1.404344 0.5006867 0.2688504
1.404344 0.5006867 0.2688504
1.404344 0.5006867 0.2688504
1.404344 0.5006867 0.2688504
1.404344 0.5006867 0.2688504
1.404344 0.5006867 0.2688504
1.404344 0.5006867 0.2688504
1.404344 0.5006867 0.2688504
1.404344 0.5006867 0.2688504
1.404344 0.5006867 0.2688504
1.404344 0.5006867 0.2688504
1.404344 0.5006867 0.2688504
1.495291 0.5254673 0.2725675
1.495291 0.5254673 0.2725675
1.495291 0.5254673 0.2725675
1.495291 0.5254673 0.2725675
1.495291 0.5254673 0.2725675
1.495291 0.5254673 0.2725675
1.495291 0.5254673 0.2725675
1.495291 0.5254673 0.2725675
1.495291 0.5254673 0.2725675
1.495291 0.5254673 0.2725675
1.495291 0.5254673 0.2725675
1.495291 0.5254673 0.2725675
1.495291 0.5254673 0.2725675
1.223294 0.122401 -0.183747
1.223294 0.122401 -0.183747
1.223294 0.122401 -0.183747
1.223294 0.122401 -0.183747
1.223294 0.122401 -0.183747
1.223294 0.122401 -0.183747
1.270211 0.5131601 0.02910976
1.270211 0.5131601 0.02910976
1.270211 0.5131601 0.02910976
1.270211 0.5131601 0.02910976
1.270211 0.5131601 0.02910976
1.270211 0.5131601 0.02910976
1.270211 0.5131601 0.02910976
1.270211 0.5131601 0.02910976
1.270211 0.5131601 0.02910976
1.270211 0.5131601 0.02910976
1.270211 0.5131601 0.02910976
1.270211 0.5131601 0.02910976
1.270211 0.5131601 0.02910976
1.270211 0.5131601 0.02910976
1.270211 0.5131601 0.02910976
1.270211 0.5131601 0.02910976
1.270211 0.5131601 0.02910976
1.270211 0.5131601 0.02910976
1.270211 0.5131601 0.02910976
1.270211 0.5131601 0.02910976
1.270211 0.5131601 0.02910976
1.270211 0.5131601 0.02910976
1.270211 0.5131601 0.02910976
1.270211 0.5131601 0.02910976
1.270211 0.5131601 0.02910976
1.270211 0.5131601 0.02910976
1.270211 0.5131601 0.02910976
1.270211 0.5131601 0.02910976
1.270211 0.5131601 0.02910976
1.270211 0.5131601 0.02910976
1.270211 0.5131601 0.02910976
1.414713 0.8364235 0.5239449
1.414713 0.8364235 0.5239449
1.414713 0.8364235 0.5239449
1.543484 0.4158482 -0.389454
1.543484 0.4158482 -0.389454
1.543484 0.4158482 -0.389454
1.543484 0.4158482 -0.389454
1.543484 0.4158482 -0.389454
1.543484 0.4158482 -0.389454
1.543484 0.4158482 -0.389454
2.0148 0.5216035 -0.3690737
2.029833 0.7054478 -0.819608
2.029833 0.7054478 -0.819608
2.029833 0.7054478 -0.819608
2.029833 0.7054478 -0.819608
2.029833 0.7054478 -0.819608
2.029833 0.7054478 -0.819608
2.029833 0.7054478 -0.819608
1.27081 0.5302473 0.02801311
1.27081 0.5302473 0.02801311
1.27081 0.5302473 0.02801311
1.27081 0.5302473 0.02801311
1.27081 0.5302473 0.02801311
1.27081 0.5302473 0.02801311
1.27081 0.5302473 0.02801311
1.27081 0.5302473 0.02801311
1.27081 0.5302473 0.02801311
1.27081 0.5302473 0.02801311
1.27081 0.5302473 0.02801311
1.27081 0.5302473 0.02801311
1.27081 0.5302473 0.02801311
1.27081 0.5302473 0.02801311
1.27081 0.5302473 0.02801311
1.27081 0.5302473 0.02801311
1.27081 0.5302473 0.02801311
1.27081 0.5302473 0.02801311
1.27081 0.5302473 0.02801311
1.27081 0.5302473 0.02801311
1.27081 0.5302473 0.02801311
1.27081 0.5302473 0.02801311
1.27081 0.5302473 0.02801311
1.27081 0.5302473 0.02801311
1.27081 0.5302473 0.02801311
1.56329 0.4135415 -0.03184295
1.56329 0.4135415 -0.03184295
1.56329 0.4135415 -0.03184295
1.56329 0.4135415 -0.03184295
1.56329 0.4135415 -0.03184295
1.56329 0.4135415 -0.03184295
1.56329 0.4135415 -0.03184295
1.56329 0.4135415 -0.03184295
1.56329 0.4135415 -0.03184295
1.56329 0.4135415 -0.03184295
1.56329 0.4135415 -0.03184295
1.56329 0.4135415 -0.03184295
1.56329 0.4135415 -0.03184295
1.56329 0.4135415 -0.03184295
1.56329 0.4135415 -0.03184295
1.56329 0.4135415 -0.03184295
1.56329 0.4135415 -0.03184295
1.56329 0.4135415 -0.03184295
1.56329 0.4135415 -0.03184295
1.56329 0.4135415 -0.03184295
1.56329 0.4135415 -0.03184295
1.56329 0.4135415 -0.03184295
1.56329 0.4135415 -0.03184295
1.56329 0.4135415 -0.03184295
1.56329 0.4135415 -0.03184295
1.56329 0.4135415 -0.03184295
1.56329 0.4135415 -0.03184295
1.882245 0.5571198 -0.07516844
1.882245 0.5571198 -0.07516844
1.882245 0.5571198 -0.07516844
1.882245 0.5571198 -0.07516844
1.882245 0.5571198 -0.07516844
1.882245 0.5571198 -0.07516844
1.882245 0.5571198 -0.07516844
1.882245 0.5571198 -0.07516844
1.882245 0.5571198 -0.07516844
1.882245 0.5571198 -0.07516844
1.882245 0.5571198 -0.07516844
1.882245 0.5571198 -0.07516844
1.882245 0.5571198 -0.07516844
1.882245 0.5571198 -0.07516844
1.882245 0.5571198 -0.07516844
1.882245 0.5571198 -0.07516844
1.882245 0.5571198 -0.07516844
1.882245 0.5571198 -0.07516844
1.412522 0.6341762 -0.3232332
1.412522 0.6341762 -0.3232332
1.412522 0.6341762 -0.3232332
1.412522 0.6341762 -0.3232332
1.412522 0.6341762 -0.3232332
1.412522 0.6341762 -0.3232332
1.412522 0.6341762 -0.3232332
1.412522 0.6341762 -0.3232332
1.412522 0.6341762 -0.3232332
1.412522 0.6341762 -0.3232332
1.412522 0.6341762 -0.3232332
1.412522 0.6341762 -0.3232332
1.412522 0.6341762 -0.3232332
1.412522 0.6341762 -0.3232332
1.412522 0.6341762 -0.3232332
1.412522 0.6341762 -0.3232332
1.412522 0.6341762 -0.3232332
1.412522 0.6341762 -0.3232332
1.412522 0.6341762 -0.3232332
1.412522 0.6341762 -0.3232332
1.412522 0.6341762 -0.3232332
1.412522 0.6341762 -0.3232332
1.412522 0.6341762 -0.3232332
1.412522 0.6341762 -0.3232332
1.412522 0.6341762 -0.3232332
1.412522 0.6341762 -0.3232332
1.576453 0.5467646 -0.09312704
1.576453 0.5467646 -0.09312704
1.576453 0.5467646 -0.09312704
1.576453 0.5467646 -0.09312704
1.576453 0.5467646 -0.09312704
1.576453 0.5467646 -0.09312704
1.576453 0.5467646 -0.09312704
1.576453 0.5467646 -0.09312704
1.576453 0.5467646 -0.09312704
1.576453 0.5467646 -0.09312704
1.576453 0.5467646 -0.09312704
1.576453 0.5467646 -0.09312704
1.576453 0.5467646 -0.09312704
1.576453 0.5467646 -0.09312704
1.576453 0.5467646 -0.09312704
1.576453 0.5467646 -0.09312704
1.811109 0.6520811 -0.1378526
1.811109 0.6520811 -0.1378526
1.811109 0.6520811 -0.1378526
1.811109 0.6520811 -0.1378526
1.811109 0.6520811 -0.1378526
1.811109 0.6520811 -0.1378526
1.811109 0.6520811 -0.1378526
1.811109 0.6520811 -0.1378526
1.811109 0.6520811 -0.1378526
1.590574 0.2545122 -0.4339794
1.510832 0.546448 0.0693267
1.510832 0.546448 0.0693267
1.510832 0.546448 0.0693267
1.510832 0.546448 0.0693267
1.510832 0.546448 0.0693267
1.510832 0.546448 0.0693267
1.510832 0.546448 0.0693267
1.510832 0.546448 0.0693267
1.510832 0.546448 0.0693267
1.510832 0.546448 0.0693267
1.510832 0.546448 0.0693267
1.510832 0.546448 0.0693267
1.510832 0.546448 0.0693267
1.510832 0.546448 0.0693267
1.510832 0.546448 0.0693267
1.510832 0.546448 0.0693267
1.510832 0.546448 0.0693267
1.510832 0.546448 0.0693267
1.510832 0.546448 0.0693267
1.510832 0.546448 0.0693267
1.510832 0.546448 0.0693267
1.510832 0.546448 0.0693267
1.510832 0.546448 0.0693267
1.510832 0.546448 0.0693267
1.510832 0.546448 0.0693267
1.510832 0.546448 0.0693267
1.510832 0.546448 0.0693267
1.510832 0.546448 0.0693267
1.510832 0.546448 0.0693267
1.510832 0.546448 0.0693267
1.510832 0.546448 0.0693267
1.510832 0.546448 0.0693267
1.510832 0.546448 0.0693267
1.510832 0.546448 0.0693267
1.510832 0.546448 0.0693267
1.510832 0.546448 0.0693267
1.510832 0.546448 0.0693267
1.510832 0.546448 0.0693267
1.510832 0.546448 0.0693267
1.510832 0.546448 0.0693267
1.510832 0.546448 0.0693267
1.510832 0.546448 0.0693267
1.510832 0.546448 0.0693267
1.510832 0.546448 0.0693267
1.510832 0.546448 0.0693267
1.510832 0.546448 0.0693267
1.510832 0.546448 0.0693267
1.510832 0.546448 0.0693267
1.510832 0.546448 0.0693267
1.510832 0.546448 0.0693267
1.676296 0.6341979 0.06340768
1.676296 0.6341979 0.06340768
1.676296 0.6341979 0.06340768
1.676296 0.6341979 0.06340768
1.676296 0.6341979 0.06340768
1.676296 0.6341979 0.06340768
1.676296 0.6341979 0.06340768
1.676296 0.6341979 0.06340768
1.676296 0.6341979 0.06340768
1.676296 0.6341979 0.06340768
1.676296 0.6341979 0.06340768
1.676296 0.6341979 0.06340768
1.676296 0.6341979 0.06340768
1.676296 0.6341979 0.06340768
1.676296 0.6341979 0.06340768
1.676296 0.6341979 0.06340768
1.676296 0.6341979 0.06340768
1.676296 0.6341979 0.06340768
1.676296 0.6341979 0.06340768
1.676296 0.6341979 0.06340768
1.511189 0.4810987 0.05492093
1.511189 0.4810987 0.05492093
1.511189 0.4810987 0.05492093
1.511189 0.4810987 0.05492093
1.511189 0.4810987 0.05492093
1.511189 0.4810987 0.05492093
1.511189 0.4810987 0.05492093
1.511189 0.4810987 0.05492093
1.511189 0.4810987 0.05492093
1.511189 0.4810987 0.05492093
1.511189 0.4810987 0.05492093
1.511189 0.4810987 0.05492093
1.511189 0.4810987 0.05492093
1.511189 0.4810987 0.05492093
1.511189 0.4810987 0.05492093
1.511189 0.4810987 0.05492093
1.511189 0.4810987 0.05492093
1.511189 0.4810987 0.05492093
1.511189 0.4810987 0.05492093
1.511189 0.4810987 0.05492093
1.511189 0.4810987 0.05492093
1.511189 0.4810987 0.05492093
1.511189 0.4810987 0.05492093
1.511189 0.4810987 0.05492093
1.511189 0.4810987 0.05492093
1.511189 0.4810987 0.05492093
1.630102 0.911935 -0.0225686
1.630102 0.911935 -0.0225686
1.630102 0.911935 -0.0225686
1.630102 0.911935 -0.0225686
1.630102 0.911935 -0.0225686
1.630102 0.911935 -0.0225686
1.630102 0.911935 -0.0225686
1.630102 0.911935 -0.0225686
1.630102 0.911935 -0.0225686
1.630102 0.911935 -0.0225686
1.630102 0.911935 -0.0225686
1.630102 0.911935 -0.0225686
1.630102 0.911935 -0.0225686
1.630102 0.911935 -0.0225686
1.750552 0.9893377 -0.04025414
1.750552 0.9893377 -0.04025414
1.750552 0.9893377 -0.04025414
1.750552 0.9893377 -0.04025414
1.750552 0.9893377 -0.04025414
1.750552 0.9893377 -0.04025414
1.750552 0.9893377 -0.04025414
1.750552 0.9893377 -0.04025414
1.750552 0.9893377 -0.04025414
1.750552 0.9893377 -0.04025414
1.750552 0.9893377 -0.04025414
1.750552 0.9893377 -0.04025414
1.750552 0.9893377 -0.04025414
1.750552 0.9893377 -0.04025414
1.750552 0.9893377 -0.04025414
1.750552 0.9893377 -0.04025414
1.625325 1.194679 0.06113378
1.625325 1.194679 0.06113378
1.625325 1.194679 0.06113378
1.625325 1.194679 0.06113378
1.625325 1.194679 0.06113378
1.625325 1.194679 0.06113378
1.625325 1.194679 0.06113378
1.625325 1.194679 0.06113378
1.625325 1.194679 0.06113378
1.625325 1.194679 0.06113378
1.625325 1.194679 0.06113378
1.625325 1.194679 0.06113378
1.625325 1.194679 0.06113378
1.625325 1.194679 0.06113378
1.625325 1.194679 0.06113378
1.625325 1.194679 0.06113378
1.625325 1.194679 0.06113378
1.625325 1.194679 0.06113378
1.625325 1.194679 0.06113378
1.625325 1.194679 0.06113378
1.625325 1.194679 0.06113378
1.625325 1.194679 0.06113378
1.625325 1.194679 0.06113378
1.625325 1.194679 0.06113378
1.625325 1.194679 0.06113378
1.48441 0.7583346 0.07083839
1.48441 0.7583346 0.07083839
1.48441 0.7583346 0.07083839
1.48441 0.7583346 0.07083839
1.48441 0.7583346 0.07083839
1.48441 0.7583346 0.07083839
1.48441 0.7583346 0.07083839
1.48441 0.7583346 0.07083839
1.48441 0.7583346 0.07083839
1.48441 0.7583346 0.07083839
1.48441 0.7583346 0.07083839
1.48441 0.7583346 0.07083839
1.48441 0.7583346 0.07083839
1.48441 0.7583346 0.07083839
1.48441 0.7583346 0.07083839
1.48441 0.7583346 0.07083839
1.48441 0.7583346 0.07083839
1.48441 0.7583346 0.07083839
1.48441 0.7583346 0.07083839
1.58211 0.8709489 0.03586179
1.58211 0.8709489 0.03586179
1.58211 0.8709489 0.03586179
1.58211 0.8709489 0.03586179
1.784144 1.616877 -0.100177
1.784144 1.616877 -0.100177
1.784144 1.616877 -0.100177
1.784144 1.616877 -0.100177
1.816737 0.7096743 -0.2222073
1.816737 0.7096743 -0.2222073
1.816737 0.7096743 -0.2222073
1.816737 0.7096743 -0.2222073
1.816737 0.7096743 -0.2222073
1.816737 0.7096743 -0.2222073
1.816737 0.7096743 -0.2222073
1.816737 0.7096743 -0.2222073
1.816737 0.7096743 -0.2222073
1.816737 0.7096743 -0.2222073
1.816737 0.7096743 -0.2222073
1.816737 0.7096743 -0.2222073
1.816737 0.7096743 -0.2222073
1.816737 0.7096743 -0.2222073
1.816737 0.7096743 -0.2222073
1.816737 0.7096743 -0.2222073
1.816737 0.7096743 -0.2222073
1.816737 0.7096743 -0.2222073
1.816737 0.7096743 -0.2222073
1.816737 0.7096743 -0.2222073
1.816737 0.7096743 -0.2222073
1.816737 0.7096743 -0.2222073
1.816737 0.7096743 -0.2222073
1.816737 0.7096743 -0.2222073
1.816737 0.7096743 -0.2222073
1.816737 0.7096743 -0.2222073
1.816737 0.7096743 -0.2222073
1.816737 0.7096743 -0.2222073
1.816737 0.7096743 -0.2222073
1.816737 0.7096743 -0.2222073
1.816737 0.7096743 -0.2222073
1.816737 0.7096743 -0.2222073
1.816737 0.7096743 -0.2222073
1.816737 0.7096743 -0.2222073
1.816737 0.7096743 -0.2222073
1.816737 0.7096743 -0.2222073
1.816737 0.7096743 -0.2222073
1.816737 0.7096743 -0.2222073
1.816737 0.7096743 -0.2222073
1.816737 0.7096743 -0.2222073
1.816737 0.7096743 -0.2222073
1.816737 0.7096743 -0.2222073
1.816737 0.7096743 -0.2222073
1.816737 0.7096743 -0.2222073
1.816737 0.7096743 -0.2222073
1.816737 0.7096743 -0.2222073
1.816737 0.7096743 -0.2222073
1.816737 0.7096743 -0.2222073
1.816737 0.7096743 -0.2222073
1.816737 0.7096743 -0.2222073
1.557972 0.8244315 -0.02086075
1.557972 0.8244315 -0.02086075
1.625454 0.9201594 -0.094341
1.625454 0.9201594 -0.094341
1.625454 0.9201594 -0.094341
1.625454 0.9201594 -0.094341
1.625454 0.9201594 -0.094341
1.625454 0.9201594 -0.094341
1.625454 0.9201594 -0.094341
1.625454 0.9201594 -0.094341
1.625454 0.9201594 -0.094341
1.625454 0.9201594 -0.094341
1.625454 0.9201594 -0.094341
1.625454 0.9201594 -0.094341
1.625454 0.9201594 -0.094341
1.625454 0.9201594 -0.094341
1.625454 0.9201594 -0.094341
1.625454 0.9201594 -0.094341
1.625454 0.9201594 -0.094341
1.625454 0.9201594 -0.094341
1.625454 0.9201594 -0.094341
1.819548 1.754399 -0.4577535
1.819548 1.754399 -0.4577535
1.819548 1.754399 -0.4577535
1.819548 1.754399 -0.4577535
1.819548 1.754399 -0.4577535
1.819548 1.754399 -0.4577535
1.819548 1.754399 -0.4577535
1.819548 1.754399 -0.4577535
1.819548 1.754399 -0.4577535
1.819548 1.754399 -0.4577535
1.819548 1.754399 -0.4577535
1.819548 1.754399 -0.4577535
1.819548 1.754399 -0.4577535
1.819548 1.754399 -0.4577535
1.573308 1.372595 -0.3722481
1.573308 1.372595 -0.3722481
1.573308 1.372595 -0.3722481
1.573308 1.372595 -0.3722481
1.539946 1.00784 -0.03259336
1.539946 1.00784 -0.03259336
1.539946 1.00784 -0.03259336
1.69915 1.381927 -0.47493
1.69915 1.381927 -0.47493
1.69915 1.381927 -0.47493
1.69915 1.381927 -0.47493
1.69915 1.381927 -0.47493
1.69915 1.381927 -0.47493
1.69915 1.381927 -0.47493
1.69915 1.381927 -0.47493
1.69915 1.381927 -0.47493
1.69915 1.381927 -0.47493
1.69915 1.381927 -0.47493
1.69915 1.381927 -0.47493
1.69915 1.381927 -0.47493
1.69915 1.381927 -0.47493
1.69915 1.381927 -0.47493
1.69915 1.381927 -0.47493
1.69915 1.381927 -0.47493
1.69915 1.381927 -0.47493
1.69915 1.381927 -0.47493
1.69915 1.381927 -0.47493
1.750108 1.4202 -0.5385725
1.750108 1.4202 -0.5385725
1.750108 1.4202 -0.5385725
1.750108 1.4202 -0.5385725
1.750108 1.4202 -0.5385725
1.750108 1.4202 -0.5385725
1.750108 1.4202 -0.5385725
1.750108 1.4202 -0.5385725
1.750108 1.4202 -0.5385725
1.750108 1.4202 -0.5385725
1.750108 1.4202 -0.5385725
1.750108 1.4202 -0.5385725
1.750108 1.4202 -0.5385725
1.750108 1.4202 -0.5385725
1.750108 1.4202 -0.5385725
1.750108 1.4202 -0.5385725
1.750108 1.4202 -0.5385725
1.750108 1.4202 -0.5385725
1.750108 1.4202 -0.5385725
1.750108 1.4202 -0.5385725
1.750108 1.4202 -0.5385725
1.750108 1.4202 -0.5385725
1.750108 1.4202 -0.5385725
1.750108 1.4202 -0.5385725
1.750108 1.4202 -0.5385725
1.750108 1.4202 -0.5385725
1.750108 1.4202 -0.5385725
1.750108 1.4202 -0.5385725
1.750108 1.4202 -0.5385725
1.750108 1.4202 -0.5385725
1.750108 1.4202 -0.5385725
1.750108 1.4202 -0.5385725
1.750108 1.4202 -0.5385725
1.750108 1.4202 -0.5385725
1.750108 1.4202 -0.5385725
1.750108 1.4202 -0.5385725
1.750108 1.4202 -0.5385725
1.750108 1.4202 -0.5385725
1.750108 1.4202 -0.5385725
1.750108 1.4202 -0.5385725
1.750108 1.4202 -0.5385725
1.750108 1.4202 -0.5385725
1.750108 1.4202 -0.5385725
1.750108 1.4202 -0.5385725
1.750108 1.4202 -0.5385725
1.750108 1.4202 -0.5385725
1.750108 1.4202 -0.5385725
1.750108 1.4202 -0.5385725
1.750108 1.4202 -0.5385725
1.750108 1.4202 -0.5385725
1.750108 1.4202 -0.5385725
1.750108 1.4202 -0.5385725
1.750108 1.4202 -0.5385725
1.750108 1.4202 -0.5385725
1.750108 1.4202 -0.5385725
1.750108 1.4202 -0.5385725
1.605966 0.7401141 -0.1702772
1.605966 0.7401141 -0.1702772
1.605966 0.7401141 -0.1702772
1.605966 0.7401141 -0.1702772
1.665747 0.8100337 -0.241625
1.665747 0.8100337 -0.241625
1.665747 0.8100337 -0.241625
1.665747 0.8100337 -0.241625
1.665747 0.8100337 -0.241625
1.665747 0.8100337 -0.241625
1.665747 0.8100337 -0.241625
1.665747 0.8100337 -0.241625
1.665747 0.8100337 -0.241625
1.665747 0.8100337 -0.241625
1.665747 0.8100337 -0.241625
1.665747 0.8100337 -0.241625
1.665747 0.8100337 -0.241625
1.665747 0.8100337 -0.241625
1.665747 0.8100337 -0.241625
1.665747 0.8100337 -0.241625
1.665747 0.8100337 -0.241625
1.665747 0.8100337 -0.241625
1.665747 0.8100337 -0.241625
1.665747 0.8100337 -0.241625
1.665747 0.8100337 -0.241625
1.916116 1.347249 -0.9149732
1.916116 1.347249 -0.9149732
1.916116 1.347249 -0.9149732
1.916116 1.347249 -0.9149732
1.916116 1.347249 -0.9149732
1.916116 1.347249 -0.9149732
1.916116 1.347249 -0.9149732
1.916116 1.347249 -0.9149732
1.916116 1.347249 -0.9149732
1.916116 1.347249 -0.9149732
1.916116 1.347249 -0.9149732
1.916116 1.347249 -0.9149732
1.916116 1.347249 -0.9149732
1.916116 1.347249 -0.9149732
1.916116 1.347249 -0.9149732
1.916116 1.347249 -0.9149732
1.916116 1.347249 -0.9149732
1.916116 1.347249 -0.9149732
1.916116 1.347249 -0.9149732
1.916116 1.347249 -0.9149732
1.916116 1.347249 -0.9149732
1.916116 1.347249 -0.9149732
1.916116 1.347249 -0.9149732
1.916116 1.347249 -0.9149732
1.916116 1.347249 -0.9149732
1.916116 1.347249 -0.9149732
1.916116 1.347249 -0.9149732
1.916116 1.347249 -0.9149732
1.916116 1.347249 -0.9149732
1.916116 1.347249 -0.9149732
1.916116 1.347249 -0.9149732
1.916116 1.347249 -0.9149732
1.916116 1.347249 -0.9149732
1.916116 1.347249 -0.9149732
1.916116 1.347249 -0.9149732
1.916116 1.347249 -0.9149732
1.916116 1.347249 -0.9149732
1.916116 1.347249 -0.9149732
1.916116 1.347249 -0.9149732
1.963195 1.418034 -0.9588891
1.963195 1.418034 -0.9588891
1.963195 1.418034 -0.9588891
1.963195 1.418034 -0.9588891
1.963195 1.418034 -0.9588891
1.963195 1.418034 -0.9588891
1.963195 1.418034 -0.9588891
1.963195 1.418034 -0.9588891
1.963195 1.418034 -0.9588891
1.963195 1.418034 -0.9588891
1.963195 1.418034 -0.9588891
1.963195 1.418034 -0.9588891
1.963195 1.418034 -0.9588891
1.963195 1.418034 -0.9588891
1.963195 1.418034 -0.9588891
1.963195 1.418034 -0.9588891
1.963195 1.418034 -0.9588891
1.963195 1.418034 -0.9588891
1.963195 1.418034 -0.9588891
1.963195 1.418034 -0.9588891
1.963195 1.418034 -0.9588891
1.963195 1.418034 -0.9588891
1.963195 1.418034 -0.9588891
1.963195 1.418034 -0.9588891
1.963195 1.418034 -0.9588891
1.963195 1.418034 -0.9588891
1.963195 1.418034 -0.9588891
1.963195 1.418034 -0.9588891
1.963195 1.418034 -0.9588891
1.963195 1.418034 -0.9588891
1.963195 1.418034 -0.9588891
1.963195 1.418034 -0.9588891
1.963195 1.418034 -0.9588891
1.963195 1.418034 -0.9588891
1.963195 1.418034 -0.9588891
1.963195 1.418034 -0.9588891
1.963195 1.418034 -0.9588891
1.963195 1.418034 -0.9588891
1.963195 1.418034 -0.9588891
1.963195 1.418034 -0.9588891
1.963195 1.418034 -0.9588891
1.963195 1.418034 -0.9588891
1.963195 1.418034 -0.9588891
1.963195 1.418034 -0.9588891
1.963195 1.418034 -0.9588891
1.963195 1.418034 -0.9588891
1.963195 1.418034 -0.9588891
1.963195 1.418034 -0.9588891
1.963195 1.418034 -0.9588891
1.963195 1.418034 -0.9588891
1.963195 1.418034 -0.9588891
1.963195 1.418034 -0.9588891
1.963195 1.418034 -0.9588891
1.963195 1.418034 -0.9588891
1.963195 1.418034 -0.9588891
1.963195 1.418034 -0.9588891
1.963195 1.418034 -0.9588891
1.963195 1.418034 -0.9588891
1.963195 1.418034 -0.9588891
1.963195 1.418034 -0.9588891
2.005087 1.483226 -1.003741
2.005087 1.483226 -1.003741
2.005087 1.483226 -1.003741
2.005087 1.483226 -1.003741
2.005087 1.483226 -1.003741
1.666852 1.226232 -0.619374
1.666852 1.226232 -0.619374
1.666852 1.226232 -0.619374
1.666852 1.226232 -0.619374
1.666852 1.226232 -0.619374
1.666852 1.226232 -0.619374
1.666852 1.226232 -0.619374
1.666852 1.226232 -0.619374
1.666852 1.226232 -0.619374
1.666852 1.226232 -0.619374
1.666852 1.226232 -0.619374
1.666852 1.226232 -0.619374
1.666852 1.226232 -0.619374
1.666852 1.226232 -0.619374
1.666852 1.226232 -0.619374
1.666852 1.226232 -0.619374
1.666852 1.226232 -0.619374
1.666852 1.226232 -0.619374
1.666852 1.226232 -0.619374
1.666852 1.226232 -0.619374
1.666852 1.226232 -0.619374
1.666852 1.226232 -0.619374
1.666852 1.226232 -0.619374
1.666852 1.226232 -0.619374
1.666852 1.226232 -0.619374
1.666852 1.226232 -0.619374
1.666852 1.226232 -0.619374
1.666852 1.226232 -0.619374
1.666852 1.226232 -0.619374
1.666852 1.226232 -0.619374
1.666852 1.226232 -0.619374
1.666852 1.226232 -0.619374
1.666852 1.226232 -0.619374
1.666852 1.226232 -0.619374
1.666852 1.226232 -0.619374
1.666852 1.226232 -0.619374
1.666852 1.226232 -0.619374
1.666852 1.226232 -0.619374
1.666852 1.226232 -0.619374
1.666852 1.226232 -0.619374
1.666852 1.226232 -0.619374
1.666852 1.226232 -0.619374
1.666852 1.226232 -0.619374
1.666852 1.226232 -0.619374
1.666852 1.226232 -0.619374
1.666852 1.226232 -0.619374
1.666852 1.226232 -0.619374
1.666852 1.226232 -0.619374
1.666852 1.226232 -0.619374
1.666852 1.226232 -0.619374
1.666852 1.226232 -0.619374
1.666852 1.226232 -0.619374
1.666852 1.226232 -0.619374
1.666852 1.226232 -0.619374
1.666852 1.226232 -0.619374
1.721631 1.304488 -0.6646208
1.721631 1.304488 -0.6646208
1.721631 1.304488 -0.6646208
1.721631 1.304488 -0.6646208
1.721631 1.304488 -0.6646208
1.721631 1.304488 -0.6646208
1.721631 1.304488 -0.6646208
1.721631 1.304488 -0.6646208
1.721631 1.304488 -0.6646208
1.721631 1.304488 -0.6646208
1.721631 1.304488 -0.6646208
1.721631 1.304488 -0.6646208
1.721631 1.304488 -0.6646208
1.721631 1.304488 -0.6646208
1.721631 1.304488 -0.6646208
1.721631 1.304488 -0.6646208
1.721631 1.304488 -0.6646208
1.721631 1.304488 -0.6646208
1.721631 1.304488 -0.6646208
2.124739 1.384105 -0.95748
2.124739 1.384105 -0.95748
2.124739 1.384105 -0.95748
2.124739 1.384105 -0.95748
2.124739 1.384105 -0.95748
2.124739 1.384105 -0.95748
2.124739 1.384105 -0.95748
2.124739 1.384105 -0.95748
2.124739 1.384105 -0.95748
2.124739 1.384105 -0.95748
2.124739 1.384105 -0.95748
2.124739 1.384105 -0.95748
2.124739 1.384105 -0.95748
2.124739 1.384105 -0.95748
2.124739 1.384105 -0.95748
2.124739 1.384105 -0.95748
2.124739 1.384105 -0.95748
2.124739 1.384105 -0.95748
2.124739 1.384105 -0.95748
2.124739 1.384105 -0.95748
2.124739 1.384105 -0.95748
2.124739 1.384105 -0.95748
2.124739 1.384105 -0.95748
2.124739 1.384105 -0.95748
2.124739 1.384105 -0.95748
2.124739 1.384105 -0.95748
2.124739 1.384105 -0.95748
2.124739 1.384105 -0.95748
2.124739 1.384105 -0.95748
2.124739 1.384105 -0.95748
2.124739 1.384105 -0.95748
2.124739 1.384105 -0.95748
2.124739 1.384105 -0.95748
2.124739 1.384105 -0.95748
2.124739 1.384105 -0.95748
2.124739 1.384105 -0.95748
2.124739 1.384105 -0.95748
2.124739 1.384105 -0.95748
2.124739 1.384105 -0.95748
2.124739 1.384105 -0.95748
2.124739 1.384105 -0.95748
2.182939 1.501701 -1.038952
2.182939 1.501701 -1.038952
2.182939 1.501701 -1.038952
2.182939 1.501701 -1.038952
2.182939 1.501701 -1.038952
2.182939 1.501701 -1.038952
2.182939 1.501701 -1.038952
2.182939 1.501701 -1.038952
2.182939 1.501701 -1.038952
2.182939 1.501701 -1.038952
2.182939 1.501701 -1.038952
2.182939 1.501701 -1.038952
2.182939 1.501701 -1.038952
2.182939 1.501701 -1.038952
2.182939 1.501701 -1.038952
2.182939 1.501701 -1.038952
2.182939 1.501701 -1.038952
2.182939 1.501701 -1.038952
2.182939 1.501701 -1.038952
2.182939 1.501701 -1.038952
2.182939 1.501701 -1.038952
2.182939 1.501701 -1.038952
2.182939 1.501701 -1.038952
2.182939 1.501701 -1.038952
2.182939 1.501701 -1.038952
2.182939 1.501701 -1.038952
2.182939 1.501701 -1.038952
2.182939 1.501701 -1.038952
2.182939 1.501701 -1.038952
2.182939 1.501701 -1.038952
2.182939 1.501701 -1.038952
2.182939 1.501701 -1.038952
2.182939 1.501701 -1.038952
2.182939 1.501701 -1.038952
2.182939 1.501701 -1.038952
2.182939 1.501701 -1.038952
2.182939 1.501701 -1.038952
2.182939 1.501701 -1.038952
2.182939 1.501701 -1.038952
2.182939 1.501701 -1.038952
2.182939 1.501701 -1.038952
2.182939 1.501701 -1.038952
2.182939 1.501701 -1.038952
2.182939 1.501701 -1.038952
2.182939 1.501701 -1.038952
2.182939 1.501701 -1.038952
2.234747 1.835459 -0.8451416
2.234747 1.835459 -0.8451416
2.234747 1.835459 -0.8451416
2.234747 1.835459 -0.8451416
2.234747 1.835459 -0.8451416
2.234747 1.835459 -0.8451416
2.234747 1.835459 -0.8451416
2.234747 1.835459 -0.8451416
2.234747 1.835459 -0.8451416
2.234747 1.835459 -0.8451416
2.234747 1.835459 -0.8451416
1.877229 1.976198 -0.5495437
1.877229 1.976198 -0.5495437
1.877229 1.976198 -0.5495437
1.882808 1.556704 -0.6369077
1.882808 1.556704 -0.6369077
1.882808 1.556704 -0.6369077
1.882808 1.556704 -0.6369077
1.882808 1.556704 -0.6369077
1.882808 1.556704 -0.6369077
1.882808 1.556704 -0.6369077
1.882808 1.556704 -0.6369077
1.882808 1.556704 -0.6369077
1.882808 1.556704 -0.6369077
1.882808 1.556704 -0.6369077
1.882808 1.556704 -0.6369077
1.882808 1.556704 -0.6369077
1.882808 1.556704 -0.6369077
1.882808 1.556704 -0.6369077
1.882808 1.556704 -0.6369077
1.882808 1.556704 -0.6369077
1.882808 1.556704 -0.6369077
1.882808 1.556704 -0.6369077
1.882808 1.556704 -0.6369077
1.882808 1.556704 -0.6369077
1.882808 1.556704 -0.6369077
1.882808 1.556704 -0.6369077
1.882808 1.556704 -0.6369077
1.882808 1.556704 -0.6369077
1.882808 1.556704 -0.6369077
1.882808 1.556704 -0.6369077
1.882808 1.556704 -0.6369077
1.882808 1.556704 -0.6369077
1.882808 1.556704 -0.6369077
1.882808 1.556704 -0.6369077
1.882808 1.556704 -0.6369077
1.882808 1.556704 -0.6369077
1.882808 1.556704 -0.6369077
1.882808 1.556704 -0.6369077
1.882808 1.556704 -0.6369077
1.882808 1.556704 -0.6369077
1.882808 1.556704 -0.6369077
1.882808 1.556704 -0.6369077
1.882808 1.556704 -0.6369077
1.882808 1.556704 -0.6369077
1.882808 1.556704 -0.6369077
1.882808 1.556704 -0.6369077
1.882808 1.556704 -0.6369077
1.882808 1.556704 -0.6369077
1.882808 1.556704 -0.6369077
1.882808 1.556704 -0.6369077
1.882808 1.556704 -0.6369077
1.882808 1.556704 -0.6369077
1.882808 1.556704 -0.6369077
1.882808 1.556704 -0.6369077
1.882808 1.556704 -0.6369077
1.882808 1.556704 -0.6369077
1.882808 1.556704 -0.6369077
1.882808 1.556704 -0.6369077
1.882808 1.556704 -0.6369077
1.882808 1.556704 -0.6369077
1.882808 1.556704 -0.6369077
1.882808 1.556704 -0.6369077
1.882808 1.556704 -0.6369077
1.930271 1.603762 -0.7483822
1.930271 1.603762 -0.7483822
1.930271 1.603762 -0.7483822
2.054269 1.349657 -0.583436
2.054269 1.349657 -0.583436
2.054269 1.349657 -0.583436
2.054269 1.349657 -0.583436
2.054269 1.349657 -0.583436
2.054269 1.349657 -0.583436
2.054269 1.349657 -0.583436
2.054269 1.349657 -0.583436
2.054269 1.349657 -0.583436
2.054269 1.349657 -0.583436
2.054269 1.349657 -0.583436
2.054269 1.349657 -0.583436
2.054269 1.349657 -0.583436
2.054269 1.349657 -0.583436
2.054269 1.349657 -0.583436
2.054269 1.349657 -0.583436
2.054269 1.349657 -0.583436
