2.214167 1.551441 -0.5864463
1.492445 -0.2990457 0.5366196
1.495536 0.8560373 -0.1059245
1.732489 0.9108016 -0.08124422
1.444601 0.406341 -0.07344826
1.444601 0.406341 -0.07344826
1.859284 0.5395987 -0.08501422
1.933877 0.857911 -0.3393586
1.543261 0.05645624 0.008636761
1.893295 0.5772828 -0.07347327
1.893295 0.5772828 -0.07347327
1.590941 0.3301643 0.4418864
1.555531 0.3902185 0.1764423
1.663482 0.0667641 -0.1033985
1.527459 1.244807 0.03840412
1.67061 1.322308 0.05507463
1.67061 1.322308 0.05507463
1.67061 1.322308 0.05507463
1.929219 1.182753 -0.8778378
1.719955 1.128721 -0.2765938
1.994659 0.6132833 -0.8152886
1.846529 0.9113345 -0.9005273
1.846529 0.9113345 -0.9005273
1.846529 0.9113345 -0.9005273
1.900047 0.991316 -0.9706802
2.085638 1.573989 -0.818541
2.085638 1.573989 -0.818541
2.121484 1.631652 -0.8684582
2.031188 1.26515 -0.6421888
2.031188 1.26515 -0.6421888
1.949395 1.224994 -0.6458598
1.949395 1.224994 -0.6458598
1.949395 1.224994 -0.6458598
1.971294 1.29012 -0.6903378
1.971294 1.29012 -0.6903378
1.971294 1.29012 -0.6903378
1.994356 1.345817 -0.7584651
1.994356 1.345817 -0.7584651
2.308484 2.067831 -0.8294956
2.327257 2.152178 -0.8806779
2.327257 2.152178 -0.8806779
2.250953 2.076371 -0.9363753
2.27401 2.154394 -1.01918
1.735403 1.627229 -0.396059
2.101385 1.257791 -0.6409884
2.128487 1.397498 -0.7226491
2.128487 1.397498 -0.7226491
2.128487 1.397498 -0.7226491
2.125517 1.438684 -0.8219444
