-0.1322319 -0.007143052 -0.4469384
-0.1322319 -0.007143052 -0.4469384
-0.1322319 -0.007143052 -0.4469384
-0.1322319 -0.007143052 -0.4469384
-0.1322319 -0.007143052 -0.4469384
-0.02761163 -0.5688172 -0.220117
0.8926033 -1.415505 -0.3174352
0.8926033 -1.415505 -0.3174352
1.621926 -0.898247 -0.337846
1.621926 -0.898247 -0.337846
2.063557 -0.3678354 0.08636712
0.921414 -0.4808582 0.9435517
0.921414 -0.4808582 0.9435517
0.921414 -0.4808582 0.9435517
0.921414 -0.4808582 0.9435517
1.534099 0.3987216 0.7192036
1.534099 0.3987216 0.7192036
1.534099 0.3987216 0.7192036
1.534099 0.3987216 0.7192036
1.534099 0.3987216 0.7192036
1.757656 0.9231325 0.3180348
1.194047 0.1115674 0.6464872
1.194047 0.1115674 0.6464872
1.386521 0.616384 0.2964357
1.386521 0.616384 0.2964357
1.386521 0.616384 0.2964357
1.386521 0.616384 0.2964357
1.386521 0.616384 0.2964357
1.386521 0.616384 0.2964357
1.386521 0.616384 0.2964357
1.386521 0.616384 0.2964357
1.386521 0.616384 0.2964357
1.386521 0.616384 0.2964357
1.386521 0.616384 0.2964357
1.386521 0.616384 0.2964357
1.386521 0.616384 0.2964357
1.386521 0.616384 0.2964357
1.386521 0.616384 0.2964357
1.386521 0.616384 0.2964357
1.386521 0.616384 0.2964357
1.386521 0.616384 0.2964357
1.386521 0.616384 0.2964357
1.386521 0.616384 0.2964357
1.386521 0.616384 0.2964357
1.386521 0.616384 0.2964357
1.386521 0.616384 0.2964357
1.386521 0.616384 0.2964357
1.386521 0.616384 0.2964357
1.386521 0.616384 0.2964357
1.386521 0.616384 0.2964357
1.386521 0.616384 0.2964357
1.386521 0.616384 0.2964357
1.386521 0.616384 0.2964357
1.386521 0.616384 0.2964357
1.386521 0.616384 0.2964357
1.386521 0.616384 0.2964357
1.386521 0.616384 0.2964357
1.386521 0.616384 0.2964357
1.386521 0.616384 0.2964357
1.386521 0.616384 0.2964357
1.563236 0.6560199 0.3187861
1.563236 0.6560199 0.3187861
1.563236 0.6560199 0.3187861
1.563236 0.6560199 0.3187861
1.563236 0.6560199 0.3187861
1.563236 0.6560199 0.3187861
1.563236 0.6560199 0.3187861
1.563236 0.6560199 0.3187861
1.563236 0.6560199 0.3187861
1.130852 0.3180688 0.1467984
1.371901 0.2255557 -0.501129
1.371901 0.2255557 -0.501129
1.371901 0.2255557 -0.501129
1.371901 0.2255557 -0.501129
1.371901 0.2255557 -0.501129
1.624593 0.7845972 -0.15198
1.624593 0.7845972 -0.15198
1.624593 0.7845972 -0.15198
1.624593 0.7845972 -0.15198
1.624593 0.7845972 -0.15198
1.624593 0.7845972 -0.15198
1.624593 0.7845972 -0.15198
1.624593 0.7845972 -0.15198
1.624593 0.7845972 -0.15198
1.624593 0.7845972 -0.15198
1.624593 0.7845972 -0.15198
1.624593 0.7845972 -0.15198
1.624593 0.7845972 -0.15198
1.624593 0.7845972 -0.15198
1.624593 0.7845972 -0.15198
1.624593 0.7845972 -0.15198
1.624593 0.7845972 -0.15198
1.624593 0.7845972 -0.15198
1.624593 0.7845972 -0.15198
1.624593 0.7845972 -0.15198
1.624593 0.7845972 -0.15198
1.624593 0.7845972 -0.15198
1.624593 0.7845972 -0.15198
1.624593 0.7845972 -0.15198
1.624593 0.7845972 -0.15198
1.624593 0.7845972 -0.15198
1.624593 0.7845972 -0.15198
1.624593 0.7845972 -0.15198
1.170001 0.1704397 -0.04404653
1.170001 0.1704397 -0.04404653
1.170001 0.1704397 -0.04404653
1.170001 0.1704397 -0.04404653
1.170001 0.1704397 -0.04404653
1.170001 0.1704397 -0.04404653
1.170001 0.1704397 -0.04404653
1.170001 0.1704397 -0.04404653
1.170001 0.1704397 -0.04404653
1.170001 0.1704397 -0.04404653
1.170001 0.1704397 -0.04404653
1.170001 0.1704397 -0.04404653
1.170001 0.1704397 -0.04404653
0.9771826 -0.0424069 0.29359
0.9771826 -0.0424069 0.29359
0.9771826 -0.0424069 0.29359
0.9771826 -0.0424069 0.29359
1.376432 0.07012692 0.2931024
1.376432 0.07012692 0.2931024
1.376432 0.07012692 0.2931024
1.376432 0.07012692 0.2931024
1.376432 0.07012692 0.2931024
1.376432 0.07012692 0.2931024
1.376432 0.07012692 0.2931024
1.31872 0.3958447 0.03132254
1.31872 0.3958447 0.03132254
1.31872 0.3958447 0.03132254
1.31872 0.3958447 0.03132254
1.31872 0.3958447 0.03132254
1.31872 0.3958447 0.03132254
1.31872 0.3958447 0.03132254
1.31872 0.3958447 0.03132254
1.31872 0.3958447 0.03132254
1.31872 0.3958447 0.03132254
1.31872 0.3958447 0.03132254
1.420127 0.4727125 0.08359846
1.420127 0.4727125 0.08359846
1.420127 0.4727125 0.08359846
1.420127 0.4727125 0.08359846
1.420127 0.4727125 0.08359846
1.420127 0.4727125 0.08359846
1.420127 0.4727125 0.08359846
1.420127 0.4727125 0.08359846
1.420127 0.4727125 0.08359846
1.420127 0.4727125 0.08359846
1.420127 0.4727125 0.08359846
1.420127 0.4727125 0.08359846
1.420127 0.4727125 0.08359846
1.420127 0.4727125 0.08359846
1.420127 0.4727125 0.08359846
1.420127 0.4727125 0.08359846
1.420127 0.4727125 0.08359846
1.420127 0.4727125 0.08359846
1.420127 0.4727125 0.08359846
1.420127 0.4727125 0.08359846
1.420127 0.4727125 0.08359846
1.420127 0.4727125 0.08359846
1.420127 0.4727125 0.08359846
1.420127 0.4727125 0.08359846
1.420127 0.4727125 0.08359846
1.420127 0.4727125 0.08359846
1.420127 0.4727125 0.08359846
1.420127 0.4727125 0.08359846
1.420127 0.4727125 0.08359846
1.420127 0.4727125 0.08359846
1.420127 0.4727125 0.08359846
1.420127 0.4727125 0.08359846
1.420127 0.4727125 0.08359846
1.420127 0.4727125 0.08359846
1.420127 0.4727125 0.08359846
1.420127 0.4727125 0.08359846
1.420127 0.4727125 0.08359846
1.420127 0.4727125 0.08359846
1.420127 0.4727125 0.08359846
1.420127 0.4727125 0.08359846
1.420127 0.4727125 0.08359846
1.420127 0.4727125 0.08359846
1.724154 0.6118456 0.03508264
1.724154 0.6118456 0.03508264
1.724154 0.6118456 0.03508264
1.724154 0.6118456 0.03508264
1.724154 0.6118456 0.03508264
1.724154 0.6118456 0.03508264
1.724154 0.6118456 0.03508264
1.724154 0.6118456 0.03508264
1.724154 0.6118456 0.03508264
1.724154 0.6118456 0.03508264
1.724154 0.6118456 0.03508264
1.724154 0.6118456 0.03508264
1.724154 0.6118456 0.03508264
1.724154 0.6118456 0.03508264
1.724154 0.6118456 0.03508264
1.724154 0.6118456 0.03508264
1.724154 0.6118456 0.03508264
1.724154 0.6118456 0.03508264
1.660868 1.038736 -0.7151705
1.660868 1.038736 -0.7151705
1.660868 1.038736 -0.7151705
1.660868 1.038736 -0.7151705
1.660868 1.038736 -0.7151705
1.660868 1.038736 -0.7151705
1.599547 0.2390873 -0.6577009
1.599547 0.2390873 -0.6577009
1.599547 0.2390873 -0.6577009
1.599547 0.2390873 -0.6577009
1.599547 0.2390873 -0.6577009
1.599547 0.2390873 -0.6577009
1.599547 0.2390873 -0.6577009
1.599547 0.2390873 -0.6577009
1.599547 0.2390873 -0.6577009
1.361544 -0.02712102 -0.5878693
1.361544 -0.02712102 -0.5878693
1.361544 -0.02712102 -0.5878693
1.361544 -0.02712102 -0.5878693
1.361544 -0.02712102 -0.5878693
1.361544 -0.02712102 -0.5878693
1.361544 -0.02712102 -0.5878693
1.361544 -0.02712102 -0.5878693
1.361544 -0.02712102 -0.5878693
1.361544 -0.02712102 -0.5878693
1.361544 -0.02712102 -0.5878693
1.583088 1.181279 0.5929885
1.583088 1.181279 0.5929885
1.583088 1.181279 0.5929885
1.583088 1.181279 0.5929885
1.583088 1.181279 0.5929885
1.583088 1.181279 0.5929885
1.583088 1.181279 0.5929885
1.583088 1.181279 0.5929885
1.583088 1.181279 0.5929885
1.583088 1.181279 0.5929885
1.430173 1.175436 0.3527688
1.430173 1.175436 0.3527688
1.430173 1.175436 0.3527688
1.430173 1.175436 0.3527688
1.430173 1.175436 0.3527688
1.430173 1.175436 0.3527688
1.64884 1.275601 0.3093215
1.64884 1.275601 0.3093215
1.64884 1.275601 0.3093215
1.64884 1.275601 0.3093215
1.64884 1.275601 0.3093215
1.64884 1.275601 0.3093215
1.64884 1.275601 0.3093215
1.64884 1.275601 0.3093215
1.64884 1.275601 0.3093215
1.64884 1.275601 0.3093215
1.64884 1.275601 0.3093215
1.64884 1.275601 0.3093215
1.64884 1.275601 0.3093215
1.64884 1.275601 0.3093215
1.64884 1.275601 0.3093215
1.64884 1.275601 0.3093215
1.64884 1.275601 0.3093215
1.64884 1.275601 0.3093215
1.454982 0.3511714 -0.08112684
1.454982 0.3511714 -0.08112684
1.454982 0.3511714 -0.08112684
1.454982 0.3511714 -0.08112684
1.454982 0.3511714 -0.08112684
1.454982 0.3511714 -0.08112684
1.454982 0.3511714 -0.08112684
1.454982 0.3511714 -0.08112684
1.454982 0.3511714 -0.08112684
1.454982 0.3511714 -0.08112684
1.454982 0.3511714 -0.08112684
1.454982 0.3511714 -0.08112684
1.454982 0.3511714 -0.08112684
1.454982 0.3511714 -0.08112684
1.454982 0.3511714 -0.08112684
1.454982 0.3511714 -0.08112684
1.454982 0.3511714 -0.08112684
1.454982 0.3511714 -0.08112684
1.454982 0.3511714 -0.08112684
1.454982 0.3511714 -0.08112684
1.454982 0.3511714 -0.08112684
1.454982 0.3511714 -0.08112684
1.454982 0.3511714 -0.08112684
1.454982 0.3511714 -0.08112684
1.454982 0.3511714 -0.08112684
1.454982 0.3511714 -0.08112684
1.454982 0.3511714 -0.08112684
1.454982 0.3511714 -0.08112684
1.454982 0.3511714 -0.08112684
1.454982 0.3511714 -0.08112684
1.454982 0.3511714 -0.08112684
1.454982 0.3511714 -0.08112684
1.454982 0.3511714 -0.08112684
1.454982 0.3511714 -0.08112684
1.454982 0.3511714 -0.08112684
1.454982 0.3511714 -0.08112684
1.454982 0.3511714 -0.08112684
1.454982 0.3511714 -0.08112684
1.454982 0.3511714 -0.08112684
1.454982 0.3511714 -0.08112684
1.454982 0.3511714 -0.08112684
1.454982 0.3511714 -0.08112684
1.610541 0.4317619 -0.06405797
1.610541 0.4317619 -0.06405797
1.610541 0.4317619 -0.06405797
1.610541 0.4317619 -0.06405797
1.610541 0.4317619 -0.06405797
1.610541 0.4317619 -0.06405797
1.610541 0.4317619 -0.06405797
1.610541 0.4317619 -0.06405797
1.610541 0.4317619 -0.06405797
1.610541 0.4317619 -0.06405797
1.610541 0.4317619 -0.06405797
1.610541 0.4317619 -0.06405797
1.610541 0.4317619 -0.06405797
1.610541 0.4317619 -0.06405797
1.610541 0.4317619 -0.06405797
1.610541 0.4317619 -0.06405797
1.610541 0.4317619 -0.06405797
1.610541 0.4317619 -0.06405797
1.610541 0.4317619 -0.06405797
1.610541 0.4317619 -0.06405797
1.610541 0.4317619 -0.06405797
1.610541 0.4317619 -0.06405797
1.610541 0.4317619 -0.06405797
1.610541 0.4317619 -0.06405797
1.610541 0.4317619 -0.06405797
1.610541 0.4317619 -0.06405797
1.610541 0.4317619 -0.06405797
1.610541 0.4317619 -0.06405797
1.610541 0.4317619 -0.06405797
1.610541 0.4317619 -0.06405797
1.610541 0.4317619 -0.06405797
1.610541 0.4317619 -0.06405797
1.60218 0.6499335 0.04367768
1.60218 0.6499335 0.04367768
1.60218 0.6499335 0.04367768
1.60218 0.6499335 0.04367768
1.60218 0.6499335 0.04367768
1.60218 0.6499335 0.04367768
1.60218 0.6499335 0.04367768
1.60218 0.6499335 0.04367768
1.60218 0.6499335 0.04367768
1.60218 0.6499335 0.04367768
1.60218 0.6499335 0.04367768
1.60218 0.6499335 0.04367768
1.60218 0.6499335 0.04367768
1.60218 0.6499335 0.04367768
1.60218 0.6499335 0.04367768
1.60218 0.6499335 0.04367768
1.60218 0.6499335 0.04367768
1.60218 0.6499335 0.04367768
1.60218 0.6499335 0.04367768
1.60218 0.6499335 0.04367768
1.60218 0.6499335 0.04367768
1.60218 0.6499335 0.04367768
1.60218 0.6499335 0.04367768
1.60218 0.6499335 0.04367768
1.60218 0.6499335 0.04367768
1.60218 0.6499335 0.04367768
1.60218 0.6499335 0.04367768
1.60218 0.6499335 0.04367768
1.717399 0.7349388 0.02286147
1.717399 0.7349388 0.02286147
1.717399 0.7349388 0.02286147
1.717399 0.7349388 0.02286147
1.717399 0.7349388 0.02286147
1.717399 0.7349388 0.02286147
1.717399 0.7349388 0.02286147
1.717399 0.7349388 0.02286147
1.717399 0.7349388 0.02286147
1.717399 0.7349388 0.02286147
1.717399 0.7349388 0.02286147
1.717399 0.7349388 0.02286147
1.717399 0.7349388 0.02286147
1.717399 0.7349388 0.02286147
1.717399 0.7349388 0.02286147
1.717399 0.7349388 0.02286147
1.717399 0.7349388 0.02286147
1.717399 0.7349388 0.02286147
1.717399 0.7349388 0.02286147
1.717399 0.7349388 0.02286147
1.717399 0.7349388 0.02286147
1.717399 0.7349388 0.02286147
1.717399 0.7349388 0.02286147
1.717399 0.7349388 0.02286147
1.717399 0.7349388 0.02286147
1.717399 0.7349388 0.02286147
1.717399 0.7349388 0.02286147
1.717399 0.7349388 0.02286147
1.717399 0.7349388 0.02286147
1.717399 0.7349388 0.02286147
1.717399 0.7349388 0.02286147
1.717399 0.7349388 0.02286147
1.717399 0.7349388 0.02286147
1.717399 0.7349388 0.02286147
1.717399 0.7349388 0.02286147
1.717399 0.7349388 0.02286147
1.717399 0.7349388 0.02286147
1.717399 0.7349388 0.02286147
1.717399 0.7349388 0.02286147
1.717399 0.7349388 0.02286147
1.897379 0.9875017 0.1286677
1.897379 0.9875017 0.1286677
1.897379 0.9875017 0.1286677
1.897379 0.9875017 0.1286677
1.897379 0.9875017 0.1286677
1.582953 0.5092166 -0.3760066
1.582953 0.5092166 -0.3760066
1.582953 0.5092166 -0.3760066
1.582953 0.5092166 -0.3760066
1.582953 0.5092166 -0.3760066
1.582953 0.5092166 -0.3760066
1.582953 0.5092166 -0.3760066
1.582953 0.5092166 -0.3760066
1.582953 0.5092166 -0.3760066
1.582953 0.5092166 -0.3760066
1.582953 0.5092166 -0.3760066
1.582953 0.5092166 -0.3760066
1.582953 0.5092166 -0.3760066
1.582953 0.5092166 -0.3760066
1.582953 0.5092166 -0.3760066
1.676751 0.6287397 -0.4169606
1.676751 0.6287397 -0.4169606
1.676751 0.6287397 -0.4169606
1.676751 0.6287397 -0.4169606
1.676751 0.6287397 -0.4169606
1.676751 0.6287397 -0.4169606
1.676751 0.6287397 -0.4169606
1.676751 0.6287397 -0.4169606
1.676751 0.6287397 -0.4169606
1.676751 0.6287397 -0.4169606
1.676751 0.6287397 -0.4169606
1.676751 0.6287397 -0.4169606
1.676751 0.6287397 -0.4169606
1.676751 0.6287397 -0.4169606
1.676751 0.6287397 -0.4169606
1.676751 0.6287397 -0.4169606
1.676751 0.6287397 -0.4169606
1.676751 0.6287397 -0.4169606
1.676751 0.6287397 -0.4169606
1.676751 0.6287397 -0.4169606
1.676751 0.6287397 -0.4169606
1.676751 0.6287397 -0.4169606
1.676751 0.6287397 -0.4169606
1.676751 0.6287397 -0.4169606
1.676751 0.6287397 -0.4169606
1.676751 0.6287397 -0.4169606
1.676751 0.6287397 -0.4169606
1.676751 0.6287397 -0.4169606
1.676751 0.6287397 -0.4169606
1.676751 0.6287397 -0.4169606
1.676751 0.6287397 -0.4169606
1.676751 0.6287397 -0.4169606
1.676751 0.6287397 -0.4169606
1.676751 0.6287397 -0.4169606
1.676751 0.6287397 -0.4169606
1.676751 0.6287397 -0.4169606
1.676751 0.6287397 -0.4169606
1.676751 0.6287397 -0.4169606
1.676751 0.6287397 -0.4169606
1.676751 0.6287397 -0.4169606
1.676751 0.6287397 -0.4169606
1.676751 0.6287397 -0.4169606
1.676751 0.6287397 -0.4169606
1.676751 0.6287397 -0.4169606
1.676751 0.6287397 -0.4169606
1.676751 0.6287397 -0.4169606
1.676751 0.6287397 -0.4169606
1.676751 0.6287397 -0.4169606
1.676751 0.6287397 -0.4169606
1.676751 0.6287397 -0.4169606
1.676751 0.6287397 -0.4169606
1.676751 0.6287397 -0.4169606
1.676751 0.6287397 -0.4169606
1.676751 0.6287397 -0.4169606
1.676751 0.6287397 -0.4169606
1.676751 0.6287397 -0.4169606
1.676751 0.6287397 -0.4169606
1.676751 0.6287397 -0.4169606
1.676751 0.6287397 -0.4169606
1.676751 0.6287397 -0.4169606
1.743038 0.7250905 -0.4939394
1.743038 0.7250905 -0.4939394
1.743038 0.7250905 -0.4939394
1.743038 0.7250905 -0.4939394
1.743038 0.7250905 -0.4939394
1.743038 0.7250905 -0.4939394
1.743038 0.7250905 -0.4939394
1.743038 0.7250905 -0.4939394
1.743038 0.7250905 -0.4939394
1.743038 0.7250905 -0.4939394
1.743038 0.7250905 -0.4939394
1.743038 0.7250905 -0.4939394
1.743038 0.7250905 -0.4939394
1.743038 0.7250905 -0.4939394
1.743038 0.7250905 -0.4939394
1.743038 0.7250905 -0.4939394
1.743038 0.7250905 -0.4939394
1.743038 0.7250905 -0.4939394
1.743038 0.7250905 -0.4939394
1.743038 0.7250905 -0.4939394
1.743038 0.7250905 -0.4939394
1.743038 0.7250905 -0.4939394
1.743038 0.7250905 -0.4939394
1.743038 0.7250905 -0.4939394
1.743038 0.7250905 -0.4939394
1.743038 0.7250905 -0.4939394
1.743038 0.7250905 -0.4939394
1.743038 0.7250905 -0.4939394
1.743038 0.7250905 -0.4939394
1.743038 0.7250905 -0.4939394
1.743038 0.7250905 -0.4939394
1.743038 0.7250905 -0.4939394
1.743038 0.7250905 -0.4939394
1.743038 0.7250905 -0.4939394
1.743038 0.7250905 -0.4939394
1.743038 0.7250905 -0.4939394
1.743038 0.7250905 -0.4939394
1.743038 0.7250905 -0.4939394
1.743038 0.7250905 -0.4939394
1.743038 0.7250905 -0.4939394
1.743038 0.7250905 -0.4939394
1.743038 0.7250905 -0.4939394
1.743038 0.7250905 -0.4939394
1.743038 0.7250905 -0.4939394
1.743038 0.7250905 -0.4939394
1.743038 0.7250905 -0.4939394
1.743038 0.7250905 -0.4939394
1.743038 0.7250905 -0.4939394
1.743038 0.7250905 -0.4939394
1.743038 0.7250905 -0.4939394
1.743038 0.7250905 -0.4939394
1.743038 0.7250905 -0.4939394
1.743038 0.7250905 -0.4939394
1.743038 0.7250905 -0.4939394
1.743038 0.7250905 -0.4939394
1.743038 0.7250905 -0.4939394
1.743038 0.7250905 -0.4939394
1.743038 0.7250905 -0.4939394
1.743038 0.7250905 -0.4939394
1.743038 0.7250905 -0.4939394
1.795085 0.7942969 -0.5568462
1.795085 0.7942969 -0.5568462
1.795085 0.7942969 -0.5568462
1.795085 0.7942969 -0.5568462
1.795085 0.7942969 -0.5568462
1.795085 0.7942969 -0.5568462
1.636751 1.125507 -0.2038718
1.636751 1.125507 -0.2038718
1.636751 1.125507 -0.2038718
1.636751 1.125507 -0.2038718
1.636751 1.125507 -0.2038718
1.636751 1.125507 -0.2038718
1.636751 1.125507 -0.2038718
1.636751 1.125507 -0.2038718
1.636751 1.125507 -0.2038718
1.636751 1.125507 -0.2038718
1.636751 1.125507 -0.2038718
1.636751 1.125507 -0.2038718
1.636751 1.125507 -0.2038718
1.636751 1.125507 -0.2038718
1.636751 1.125507 -0.2038718
1.636751 1.125507 -0.2038718
1.636751 1.125507 -0.2038718
1.636751 1.125507 -0.2038718
1.636751 1.125507 -0.2038718
1.636751 1.125507 -0.2038718
1.636751 1.125507 -0.2038718
1.636751 1.125507 -0.2038718
1.636751 1.125507 -0.2038718
1.636751 1.125507 -0.2038718
1.636751 1.125507 -0.2038718
1.636751 1.125507 -0.2038718
1.636751 1.125507 -0.2038718
1.636751 1.125507 -0.2038718
1.636751 1.125507 -0.2038718
1.636751 1.125507 -0.2038718
1.636751 1.125507 -0.2038718
1.636751 1.125507 -0.2038718
1.636751 1.125507 -0.2038718
1.636751 1.125507 -0.2038718
1.636751 1.125507 -0.2038718
1.636751 1.125507 -0.2038718
1.636751 1.125507 -0.2038718
1.636751 1.125507 -0.2038718
1.636751 1.125507 -0.2038718
1.636751 1.125507 -0.2038718
1.636751 1.125507 -0.2038718
1.636751 1.125507 -0.2038718
1.636751 1.125507 -0.2038718
1.636751 1.125507 -0.2038718
1.636751 1.125507 -0.2038718
1.636751 1.125507 -0.2038718
1.636751 1.125507 -0.2038718
1.636751 1.125507 -0.2038718
1.636751 1.125507 -0.2038718
1.636751 1.125507 -0.2038718
1.636751 1.125507 -0.2038718
1.636751 1.125507 -0.2038718
1.636751 1.125507 -0.2038718
1.636751 1.125507 -0.2038718
1.694909 1.203736 -0.2731146
1.694909 1.203736 -0.2731146
1.694909 1.203736 -0.2731146
1.694909 1.203736 -0.2731146
1.694909 1.203736 -0.2731146
1.694909 1.203736 -0.2731146
1.694909 1.203736 -0.2731146
1.694909 1.203736 -0.2731146
1.694909 1.203736 -0.2731146
1.694909 1.203736 -0.2731146
1.694909 1.203736 -0.2731146
1.694909 1.203736 -0.2731146
1.694909 1.203736 -0.2731146
1.694909 1.203736 -0.2731146
1.694909 1.203736 -0.2731146
1.694909 1.203736 -0.2731146
1.694909 1.203736 -0.2731146
1.694909 1.203736 -0.2731146
1.694909 1.203736 -0.2731146
1.694909 1.203736 -0.2731146
1.694909 1.203736 -0.2731146
1.694909 1.203736 -0.2731146
1.694909 1.203736 -0.2731146
1.694909 1.203736 -0.2731146
1.694909 1.203736 -0.2731146
1.694909 1.203736 -0.2731146
1.694909 1.203736 -0.2731146
1.694909 1.203736 -0.2731146
1.694909 1.203736 -0.2731146
1.694909 1.203736 -0.2731146
1.694909 1.203736 -0.2731146
1.694909 1.203736 -0.2731146
1.694909 1.203736 -0.2731146
1.694909 1.203736 -0.2731146
1.694909 1.203736 -0.2731146
1.694909 1.203736 -0.2731146
1.694909 1.203736 -0.2731146
1.694909 1.203736 -0.2731146
1.694909 1.203736 -0.2731146
1.694909 1.203736 -0.2731146
1.694909 1.203736 -0.2731146
1.694909 1.203736 -0.2731146
1.694909 1.203736 -0.2731146
1.694909 1.203736 -0.2731146
1.694909 1.203736 -0.2731146
1.694909 1.203736 -0.2731146
1.694909 1.203736 -0.2731146
1.694909 1.203736 -0.2731146
1.694909 1.203736 -0.2731146
1.694909 1.203736 -0.2731146
1.694909 1.203736 -0.2731146
1.694909 1.203736 -0.2731146
1.694909 1.203736 -0.2731146
1.694909 1.203736 -0.2731146
1.694909 1.203736 -0.2731146
1.694909 1.203736 -0.2731146
1.694909 1.203736 -0.2731146
1.694909 1.203736 -0.2731146
1.694909 1.203736 -0.2731146
1.694909 1.203736 -0.2731146
1.750371 1.272798 -0.3365517
1.750371 1.272798 -0.3365517
1.750371 1.272798 -0.3365517
1.750371 1.272798 -0.3365517
1.750371 1.272798 -0.3365517
1.750371 1.272798 -0.3365517
1.750371 1.272798 -0.3365517
1.750371 1.272798 -0.3365517
1.750371 1.272798 -0.3365517
1.750371 1.272798 -0.3365517
1.797612 0.7058183 -0.6166363
1.797612 0.7058183 -0.6166363
1.797612 0.7058183 -0.6166363
1.797612 0.7058183 -0.6166363
1.797612 0.7058183 -0.6166363
1.797612 0.7058183 -0.6166363
1.797612 0.7058183 -0.6166363
1.797612 0.7058183 -0.6166363
1.797612 0.7058183 -0.6166363
1.797612 0.7058183 -0.6166363
1.797612 0.7058183 -0.6166363
1.797612 0.7058183 -0.6166363
1.797612 0.7058183 -0.6166363
1.797612 0.7058183 -0.6166363
1.797612 0.7058183 -0.6166363
1.797612 0.7058183 -0.6166363
1.797612 0.7058183 -0.6166363
1.797612 0.7058183 -0.6166363
1.797612 0.7058183 -0.6166363
1.797612 0.7058183 -0.6166363
1.797612 0.7058183 -0.6166363
1.797612 0.7058183 -0.6166363
1.797612 0.7058183 -0.6166363
1.797612 0.7058183 -0.6166363
1.797612 0.7058183 -0.6166363
1.797612 0.7058183 -0.6166363
1.797612 0.7058183 -0.6166363
1.797612 0.7058183 -0.6166363
1.797612 0.7058183 -0.6166363
1.797612 0.7058183 -0.6166363
1.797612 0.7058183 -0.6166363
1.797612 0.7058183 -0.6166363
1.797612 0.7058183 -0.6166363
1.797612 0.7058183 -0.6166363
1.797612 0.7058183 -0.6166363
1.797612 0.7058183 -0.6166363
1.797612 0.7058183 -0.6166363
1.797612 0.7058183 -0.6166363
1.797612 0.7058183 -0.6166363
1.797612 0.7058183 -0.6166363
1.797612 0.7058183 -0.6166363
1.797612 0.7058183 -0.6166363
1.797612 0.7058183 -0.6166363
1.797612 0.7058183 -0.6166363
1.797612 0.7058183 -0.6166363
1.797612 0.7058183 -0.6166363
1.797612 0.7058183 -0.6166363
1.797612 0.7058183 -0.6166363
1.797612 0.7058183 -0.6166363
1.797612 0.7058183 -0.6166363
1.849813 0.7851869 -0.6873561
1.849813 0.7851869 -0.6873561
1.849813 0.7851869 -0.6873561
2.156855 1.237412 -1.586671
2.156855 1.237412 -1.586671
2.156855 1.237412 -1.586671
2.112433 1.498668 -0.9150639
2.112433 1.498668 -0.9150639
2.112433 1.498668 -0.9150639
2.112433 1.498668 -0.9150639
2.112433 1.498668 -0.9150639
2.112433 1.498668 -0.9150639
2.112433 1.498668 -0.9150639
2.112433 1.498668 -0.9150639
2.112433 1.498668 -0.9150639
2.112433 1.498668 -0.9150639
2.112433 1.498668 -0.9150639
2.112433 1.498668 -0.9150639
2.112433 1.498668 -0.9150639
2.112433 1.498668 -0.9150639
2.112433 1.498668 -0.9150639
2.112433 1.498668 -0.9150639
2.112433 1.498668 -0.9150639
2.112433 1.498668 -0.9150639
2.112433 1.498668 -0.9150639
2.112433 1.498668 -0.9150639
2.112433 1.498668 -0.9150639
2.112433 1.498668 -0.9150639
2.112433 1.498668 -0.9150639
2.112433 1.498668 -0.9150639
2.112433 1.498668 -0.9150639
2.112433 1.498668 -0.9150639
2.112433 1.498668 -0.9150639
2.112433 1.498668 -0.9150639
2.112433 1.498668 -0.9150639
2.112433 1.498668 -0.9150639
2.112433 1.498668 -0.9150639
2.112433 1.498668 -0.9150639
2.112433 1.498668 -0.9150639
2.112433 1.498668 -0.9150639
2.112433 1.498668 -0.9150639
2.112433 1.498668 -0.9150639
2.112433 1.498668 -0.9150639
2.112433 1.498668 -0.9150639
2.112433 1.498668 -0.9150639
2.112433 1.498668 -0.9150639
2.112433 1.498668 -0.9150639
2.112433 1.498668 -0.9150639
2.112433 1.498668 -0.9150639
2.112433 1.498668 -0.9150639
2.112433 1.498668 -0.9150639
2.112433 1.498668 -0.9150639
2.112433 1.498668 -0.9150639
2.112433 1.498668 -0.9150639
2.112433 1.498668 -0.9150639
2.112433 1.498668 -0.9150639
1.999914 1.366352 -0.8176439
1.999914 1.366352 -0.8176439
1.999914 1.366352 -0.8176439
1.999914 1.366352 -0.8176439
2.043887 1.455795 -0.8590682
2.043887 1.455795 -0.8590682
2.043887 1.455795 -0.8590682
2.043887 1.455795 -0.8590682
2.043887 1.455795 -0.8590682
2.043887 1.455795 -0.8590682
2.043887 1.455795 -0.8590682
2.043887 1.455795 -0.8590682
2.043887 1.455795 -0.8590682
2.043887 1.455795 -0.8590682
2.043887 1.455795 -0.8590682
2.043887 1.455795 -0.8590682
2.043887 1.455795 -0.8590682
2.043887 1.455795 -0.8590682
2.043887 1.455795 -0.8590682
2.043887 1.455795 -0.8590682
2.043887 1.455795 -0.8590682
2.043887 1.455795 -0.8590682
2.043887 1.455795 -0.8590682
2.043887 1.455795 -0.8590682
2.043887 1.455795 -0.8590682
2.043887 1.455795 -0.8590682
2.043887 1.455795 -0.8590682
2.043887 1.455795 -0.8590682
2.043887 1.455795 -0.8590682
2.043887 1.455795 -0.8590682
2.043887 1.455795 -0.8590682
2.043887 1.455795 -0.8590682
2.043887 1.455795 -0.8590682
2.043887 1.455795 -0.8590682
2.043887 1.455795 -0.8590682
2.043887 1.455795 -0.8590682
2.043887 1.455795 -0.8590682
2.043887 1.455795 -0.8590682
2.043887 1.455795 -0.8590682
2.043887 1.455795 -0.8590682
2.043887 1.455795 -0.8590682
2.043887 1.455795 -0.8590682
2.043887 1.455795 -0.8590682
2.043887 1.455795 -0.8590682
2.043887 1.455795 -0.8590682
2.043887 1.455795 -0.8590682
2.043887 1.455795 -0.8590682
2.043887 1.455795 -0.8590682
2.043887 1.455795 -0.8590682
2.043887 1.455795 -0.8590682
2.043887 1.455795 -0.8590682
2.043887 1.455795 -0.8590682
2.043887 1.455795 -0.8590682
2.043887 1.455795 -0.8590682
2.043887 1.455795 -0.8590682
2.043887 1.455795 -0.8590682
2.043887 1.455795 -0.8590682
2.043887 1.455795 -0.8590682
2.043887 1.455795 -0.8590682
2.043887 1.455795 -0.8590682
2.043887 1.455795 -0.8590682
2.043887 1.455795 -0.8590682
2.043887 1.455795 -0.8590682
2.043887 1.455795 -0.8590682
2.10453 1.551323 -0.9412286
2.10453 1.551323 -0.9412286
2.10453 1.551323 -0.9412286
2.10453 1.551323 -0.9412286
2.10453 1.551323 -0.9412286
2.10453 1.551323 -0.9412286
2.10453 1.551323 -0.9412286
2.10453 1.551323 -0.9412286
2.10453 1.551323 -0.9412286
2.10453 1.551323 -0.9412286
2.10453 1.551323 -0.9412286
2.10453 1.551323 -0.9412286
2.10453 1.551323 -0.9412286
2.10453 1.551323 -0.9412286
2.10453 1.551323 -0.9412286
2.10453 1.551323 -0.9412286
2.10453 1.551323 -0.9412286
2.10453 1.551323 -0.9412286
2.10453 1.551323 -0.9412286
2.10453 1.551323 -0.9412286
2.10453 1.551323 -0.9412286
2.10453 1.551323 -0.9412286
2.10453 1.551323 -0.9412286
2.10453 1.551323 -0.9412286
2.10453 1.551323 -0.9412286
2.10453 1.551323 -0.9412286
2.10453 1.551323 -0.9412286
2.10453 1.551323 -0.9412286
2.10453 1.551323 -0.9412286
2.10453 1.551323 -0.9412286
2.10453 1.551323 -0.9412286
2.10453 1.551323 -0.9412286
2.10453 1.551323 -0.9412286
2.10453 1.551323 -0.9412286
2.10453 1.551323 -0.9412286
2.10453 1.551323 -0.9412286
2.10453 1.551323 -0.9412286
2.10453 1.551323 -0.9412286
2.10453 1.551323 -0.9412286
2.10453 1.551323 -0.9412286
2.10453 1.551323 -0.9412286
2.10453 1.551323 -0.9412286
2.10453 1.551323 -0.9412286
2.10453 1.551323 -0.9412286
2.10453 1.551323 -0.9412286
2.10453 1.551323 -0.9412286
2.10453 1.551323 -0.9412286
2.10453 1.551323 -0.9412286
2.10453 1.551323 -0.9412286
2.10453 1.551323 -0.9412286
2.10453 1.551323 -0.9412286
2.10453 1.551323 -0.9412286
2.10453 1.551323 -0.9412286
2.10453 1.551323 -0.9412286
2.10453 1.551323 -0.9412286
2.10453 1.551323 -0.9412286
2.10453 1.551323 -0.9412286
2.10453 1.551323 -0.9412286
2.10453 1.551323 -0.9412286
2.10453 1.551323 -0.9412286
2.233558 1.685129 -1.021327
2.233558 1.685129 -1.021327
2.233558 1.685129 -1.021327
2.233558 1.685129 -1.021327
2.233558 1.685129 -1.021327
2.233558 1.685129 -1.021327
2.233558 1.685129 -1.021327
2.233558 1.685129 -1.021327
2.233558 1.685129 -1.021327
2.233558 1.685129 -1.021327
2.233558 1.685129 -1.021327
2.233558 1.685129 -1.021327
2.233558 1.685129 -1.021327
2.233558 1.685129 -1.021327
2.233558 1.685129 -1.021327
2.233558 1.685129 -1.021327
2.233558 1.685129 -1.021327
2.233558 1.685129 -1.021327
2.233558 1.685129 -1.021327
2.233558 1.685129 -1.021327
2.233558 1.685129 -1.021327
2.233558 1.685129 -1.021327
2.233558 1.685129 -1.021327
2.233558 1.685129 -1.021327
2.233558 1.685129 -1.021327
2.233558 1.685129 -1.021327
2.233558 1.685129 -1.021327
2.233558 1.685129 -1.021327
2.233558 1.685129 -1.021327
2.233558 1.685129 -1.021327
2.233558 1.685129 -1.021327
2.233558 1.685129 -1.021327
2.233558 1.685129 -1.021327
2.233558 1.685129 -1.021327
2.233558 1.685129 -1.021327
2.233558 1.685129 -1.021327
2.233558 1.685129 -1.021327
2.233558 1.685129 -1.021327
2.233558 1.685129 -1.021327
2.233558 1.685129 -1.021327
2.233558 1.685129 -1.021327
2.233558 1.685129 -1.021327
2.233558 1.685129 -1.021327
2.233558 1.685129 -1.021327
2.233558 1.685129 -1.021327
2.233558 1.685129 -1.021327
2.233558 1.685129 -1.021327
2.233558 1.685129 -1.021327
2.233558 1.685129 -1.021327
2.233558 1.685129 -1.021327
2.233558 1.685129 -1.021327
2.233558 1.685129 -1.021327
2.233558 1.685129 -1.021327
2.233558 1.685129 -1.021327
2.233558 1.685129 -1.021327
2.233558 1.685129 -1.021327
2.233558 1.685129 -1.021327
2.233558 1.685129 -1.021327
2.233558 1.685129 -1.021327
2.233558 1.685129 -1.021327
2.259104 1.729214 -1.110676
2.259104 1.729214 -1.110676
2.259104 1.729214 -1.110676
2.259104 1.729214 -1.110676
2.259104 1.729214 -1.110676
2.259104 1.729214 -1.110676
2.259104 1.729214 -1.110676
2.259104 1.729214 -1.110676
2.259104 1.729214 -1.110676
2.259104 1.729214 -1.110676
2.259104 1.729214 -1.110676
2.259104 1.729214 -1.110676
2.259104 1.729214 -1.110676
2.259104 1.729214 -1.110676
2.259104 1.729214 -1.110676
2.259104 1.729214 -1.110676
2.259104 1.729214 -1.110676
2.259104 1.729214 -1.110676
2.259104 1.729214 -1.110676
2.259104 1.729214 -1.110676
