-0.08254601 0.09818353 -0.04616179
-0.08254601 0.09818353 -0.04616179
-0.007655411 -0.538406 0.03500809
-0.007655411 -0.538406 0.03500809
1.524854 -0.5764837 0.6876226
1.524854 -0.5764837 0.6876226
1.524854 -0.5764837 0.6876226
1.524854 -0.5764837 0.6876226
1.524854 -0.5764837 0.6876226
1.524854 -0.5764837 0.6876226
1.524854 -0.5764837 0.6876226
1.524854 -0.5764837 0.6876226
1.524854 -0.5764837 0.6876226
1.327614 0.9820503 1.129039
1.327614 0.9820503 1.129039
1.327614 0.9820503 1.129039
1.327614 0.9820503 1.129039
1.327614 0.9820503 1.129039
1.327614 0.9820503 1.129039
1.327614 0.9820503 1.129039
1.327614 0.9820503 1.129039
1.327614 0.9820503 1.129039
1.327614 0.9820503 1.129039
1.327614 0.9820503 1.129039
1.327614 0.9820503 1.129039
0.967589 1.188081 0.9530773
0.967589 1.188081 0.9530773
0.6767394 -0.09981023 -0.1177351
0.6767394 -0.09981023 -0.1177351
0.6767394 -0.09981023 -0.1177351
0.6767394 -0.09981023 -0.1177351
0.8952743 -0.2559991 -0.09396073
0.8952743 -0.2559991 -0.09396073
0.8952743 -0.2559991 -0.09396073
0.8952743 -0.2559991 -0.09396073
0.8952743 -0.2559991 -0.09396073
0.8952743 -0.2559991 -0.09396073
0.8952743 -0.2559991 -0.09396073
0.8952743 -0.2559991 -0.09396073
0.8952743 -0.2559991 -0.09396073
0.8952743 -0.2559991 -0.09396073
0.8952743 -0.2559991 -0.09396073
0.8952743 -0.2559991 -0.09396073
0.8952743 -0.2559991 -0.09396073
0.8952743 -0.2559991 -0.09396073
0.8952743 -0.2559991 -0.09396073
0.8952743 -0.2559991 -0.09396073
0.8952743 -0.2559991 -0.09396073
0.8952743 -0.2559991 -0.09396073
0.8952743 -0.2559991 -0.09396073
0.890818 0.3291725 0.446104
0.890818 0.3291725 0.446104
0.890818 0.3291725 0.446104
0.890818 0.3291725 0.446104
0.890818 0.3291725 0.446104
0.890818 0.3291725 0.446104
0.890818 0.3291725 0.446104
0.890818 0.3291725 0.446104
0.890818 0.3291725 0.446104
0.890818 0.3291725 0.446104
1.007792 0.3603802 0.4586141
1.007792 0.3603802 0.4586141
1.007792 0.3603802 0.4586141
1.007792 0.3603802 0.4586141
0.9376911 0.07929515 0.1625731
0.9376911 0.07929515 0.1625731
0.9376911 0.07929515 0.1625731
0.9376911 0.07929515 0.1625731
0.9376911 0.07929515 0.1625731
0.7126196 -0.1043695 0.0584811
1.076066 0.628824 -0.8571353
1.076066 0.628824 -0.8571353
1.076066 0.628824 -0.8571353
1.076066 0.628824 -0.8571353
1.076066 0.628824 -0.8571353
1.076066 0.628824 -0.8571353
1.076066 0.628824 -0.8571353
1.076066 0.628824 -0.8571353
1.076066 0.628824 -0.8571353
1.076066 0.628824 -0.8571353
1.076066 0.628824 -0.8571353
1.076066 0.628824 -0.8571353
1.076066 0.628824 -0.8571353
1.076066 0.628824 -0.8571353
1.076066 0.628824 -0.8571353
1.076066 0.628824 -0.8571353
1.076066 0.628824 -0.8571353
1.076066 0.628824 -0.8571353
1.076066 0.628824 -0.8571353
1.076066 0.628824 -0.8571353
1.076066 0.628824 -0.8571353
1.076066 0.628824 -0.8571353
1.076066 0.628824 -0.8571353
1.076066 0.628824 -0.8571353
1.076066 0.628824 -0.8571353
1.076066 0.628824 -0.8571353
1.076066 0.628824 -0.8571353
1.076066 0.628824 -0.8571353
1.076066 0.628824 -0.8571353
1.511254 1.104752 -0.6325342
1.511254 1.104752 -0.6325342
1.511254 1.104752 -0.6325342
1.511254 1.104752 -0.6325342
1.511254 1.104752 -0.6325342
1.511254 1.104752 -0.6325342
1.511254 1.104752 -0.6325342
1.511254 1.104752 -0.6325342
1.511254 1.104752 -0.6325342
1.511254 1.104752 -0.6325342
1.511254 1.104752 -0.6325342
1.511254 1.104752 -0.6325342
1.511254 1.104752 -0.6325342
1.511254 1.104752 -0.6325342
1.511254 1.104752 -0.6325342
1.511254 1.104752 -0.6325342
1.511254 1.104752 -0.6325342
1.511254 1.104752 -0.6325342
1.511254 1.104752 -0.6325342
1.511254 1.104752 -0.6325342
1.511254 1.104752 -0.6325342
1.974635 1.238033 -0.6233629
1.974635 1.238033 -0.6233629
1.974635 1.238033 -0.6233629
1.974635 1.238033 -0.6233629
1.974635 1.238033 -0.6233629
1.974635 1.238033 -0.6233629
1.974635 1.238033 -0.6233629
1.974635 1.238033 -0.6233629
1.974635 1.238033 -0.6233629
1.974635 1.238033 -0.6233629
1.974635 1.238033 -0.6233629
1.794543 0.6000711 -1.331768
1.794543 0.6000711 -1.331768
1.794543 0.6000711 -1.331768
1.794543 0.6000711 -1.331768
1.794543 0.6000711 -1.331768
1.794543 0.6000711 -1.331768
1.794543 0.6000711 -1.331768
1.794543 0.6000711 -1.331768
1.794543 0.6000711 -1.331768
1.794543 0.6000711 -1.331768
1.794543 0.6000711 -1.331768
1.794543 0.6000711 -1.331768
1.794543 0.6000711 -1.331768
1.794543 0.6000711 -1.331768
1.794543 0.6000711 -1.331768
1.794543 0.6000711 -1.331768
1.794543 0.6000711 -1.331768
1.794543 0.6000711 -1.331768
1.465915 1.020944 -1.065201
1.465915 1.020944 -1.065201
1.465915 1.020944 -1.065201
1.465915 1.020944 -1.065201
1.465915 1.020944 -1.065201
1.348478 0.4443192 -1.311095
1.348478 0.4443192 -1.311095
1.348478 0.4443192 -1.311095
1.348478 0.4443192 -1.311095
1.348478 0.4443192 -1.311095
1.348478 0.4443192 -1.311095
1.348478 0.4443192 -1.311095
1.348478 0.4443192 -1.311095
1.348478 0.4443192 -1.311095
1.348478 0.4443192 -1.311095
1.348478 0.4443192 -1.311095
1.348478 0.4443192 -1.311095
1.348478 0.4443192 -1.311095
1.324114 1.402066 -0.4183291
1.324114 1.402066 -0.4183291
1.324114 1.402066 -0.4183291
1.324114 1.402066 -0.4183291
1.324114 1.402066 -0.4183291
1.324114 1.402066 -0.4183291
1.324114 1.402066 -0.4183291
1.324114 1.402066 -0.4183291
1.324114 1.402066 -0.4183291
1.324114 1.402066 -0.4183291
0.615957 -0.1740802 -0.3217144
1.662268 0.9084856 -0.3596397
1.662268 0.9084856 -0.3596397
1.979621 1.049015 -0.3942285
1.283342 0.95384 -1.234602
1.283342 0.95384 -1.234602
1.283342 0.95384 -1.234602
1.796564 0.9308457 -0.1242989
1.796564 0.9308457 -0.1242989
1.796564 0.9308457 -0.1242989
1.796564 0.9308457 -0.1242989
1.796564 0.9308457 -0.1242989
1.796564 0.9308457 -0.1242989
1.796564 0.9308457 -0.1242989
1.796564 0.9308457 -0.1242989
1.796564 0.9308457 -0.1242989
1.796564 0.9308457 -0.1242989
1.796564 0.9308457 -0.1242989
1.796564 0.9308457 -0.1242989
1.796564 0.9308457 -0.1242989
1.227701 0.7231408 -0.7728895
1.227701 0.7231408 -0.7728895
1.227701 0.7231408 -0.7728895
1.227701 0.7231408 -0.7728895
1.227701 0.7231408 -0.7728895
1.227701 0.7231408 -0.7728895
1.227701 0.7231408 -0.7728895
1.429315 1.293793 -0.3633496
1.429315 1.293793 -0.3633496
1.429315 1.293793 -0.3633496
1.429315 1.293793 -0.3633496
1.429315 1.293793 -0.3633496
1.429315 1.293793 -0.3633496
1.357407 0.5230248 -0.8213947
1.357407 0.5230248 -0.8213947
1.357407 0.5230248 -0.8213947
1.357407 0.5230248 -0.8213947
1.357407 0.5230248 -0.8213947
1.357407 0.5230248 -0.8213947
1.469311 0.4225219 -0.611911
1.469311 0.4225219 -0.611911
1.469311 0.4225219 -0.611911
1.469311 0.4225219 -0.611911
1.469311 0.4225219 -0.611911
1.469311 0.4225219 -0.611911
1.469311 0.4225219 -0.611911
1.469311 0.4225219 -0.611911
1.469311 0.4225219 -0.611911
1.469311 0.4225219 -0.611911
1.469311 0.4225219 -0.611911
1.469311 0.4225219 -0.611911
1.469311 0.4225219 -0.611911
1.469311 0.4225219 -0.611911
1.469311 0.4225219 -0.611911
1.469311 0.4225219 -0.611911
1.469311 0.4225219 -0.611911
1.469311 0.4225219 -0.611911
1.469311 0.4225219 -0.611911
1.469311 0.4225219 -0.611911
1.469311 0.4225219 -0.611911
1.539188 0.7616902 0.05576069
1.539188 0.7616902 0.05576069
1.539188 0.7616902 0.05576069
1.360209 1.000062 0.6360653
1.360209 1.000062 0.6360653
1.360209 1.000062 0.6360653
1.360209 1.000062 0.6360653
1.360209 1.000062 0.6360653
1.360209 1.000062 0.6360653
1.360209 1.000062 0.6360653
1.360209 1.000062 0.6360653
1.360209 1.000062 0.6360653
1.360209 1.000062 0.6360653
1.360209 1.000062 0.6360653
1.360209 1.000062 0.6360653
1.523493 0.5584662 -0.01999444
1.523493 0.5584662 -0.01999444
1.523493 0.5584662 -0.01999444
1.523493 0.5584662 -0.01999444
1.523493 0.5584662 -0.01999444
1.523493 0.5584662 -0.01999444
1.523493 0.5584662 -0.01999444
1.523493 0.5584662 -0.01999444
1.523493 0.5584662 -0.01999444
1.523493 0.5584662 -0.01999444
1.523493 0.5584662 -0.01999444
1.523493 0.5584662 -0.01999444
1.523493 0.5584662 -0.01999444
1.523493 0.5584662 -0.01999444
1.523493 0.5584662 -0.01999444
1.523493 0.5584662 -0.01999444
1.523493 0.5584662 -0.01999444
1.523493 0.5584662 -0.01999444
1.523493 0.5584662 -0.01999444
1.523493 0.5584662 -0.01999444
1.523493 0.5584662 -0.01999444
1.523493 0.5584662 -0.01999444
1.523493 0.5584662 -0.01999444
1.523493 0.5584662 -0.01999444
1.523493 0.5584662 -0.01999444
1.523493 0.5584662 -0.01999444
1.523493 0.5584662 -0.01999444
1.523493 0.5584662 -0.01999444
1.523493 0.5584662 -0.01999444
1.523493 0.5584662 -0.01999444
1.523493 0.5584662 -0.01999444
1.523493 0.5584662 -0.01999444
1.523493 0.5584662 -0.01999444
1.523493 0.5584662 -0.01999444
1.523493 0.5584662 -0.01999444
1.523493 0.5584662 -0.01999444
1.523493 0.5584662 -0.01999444
1.523493 0.5584662 -0.01999444
1.523493 0.5584662 -0.01999444
1.523493 0.5584662 -0.01999444
1.523493 0.5584662 -0.01999444
1.523493 0.5584662 -0.01999444
1.523493 0.5584662 -0.01999444
1.523493 0.5584662 -0.01999444
1.523493 0.5584662 -0.01999444
1.523493 0.5584662 -0.01999444
1.523493 0.5584662 -0.01999444
1.523493 0.5584662 -0.01999444
1.686142 0.6406921 -0.0115647
1.686142 0.6406921 -0.0115647
1.686142 0.6406921 -0.0115647
1.686142 0.6406921 -0.0115647
1.686142 0.6406921 -0.0115647
1.686142 0.6406921 -0.0115647
1.585685 1.347999 0.3086753
1.585685 1.347999 0.3086753
1.585685 1.347999 0.3086753
1.585685 1.347999 0.3086753
1.585685 1.347999 0.3086753
1.585685 1.347999 0.3086753
1.585685 1.347999 0.3086753
1.318252 0.5133326 0.06200377
1.318252 0.5133326 0.06200377
1.318252 0.5133326 0.06200377
1.318252 0.5133326 0.06200377
1.318252 0.5133326 0.06200377
1.318252 0.5133326 0.06200377
1.522656 0.7446229 0.06993473
1.522656 0.7446229 0.06993473
1.522656 0.7446229 0.06993473
1.522656 0.7446229 0.06993473
1.522656 0.7446229 0.06993473
1.522656 0.7446229 0.06993473
1.369081 1.251117 0.0172611
1.369081 1.251117 0.0172611
1.369081 1.251117 0.0172611
1.369081 1.251117 0.0172611
1.369081 1.251117 0.0172611
1.369081 1.251117 0.0172611
1.369081 1.251117 0.0172611
1.369081 1.251117 0.0172611
1.369081 1.251117 0.0172611
1.369081 1.251117 0.0172611
1.369081 1.251117 0.0172611
1.369081 1.251117 0.0172611
1.369081 1.251117 0.0172611
1.369081 1.251117 0.0172611
1.369081 1.251117 0.0172611
1.369081 1.251117 0.0172611
1.369081 1.251117 0.0172611
1.369081 1.251117 0.0172611
1.369081 1.251117 0.0172611
1.369081 1.251117 0.0172611
1.369081 1.251117 0.0172611
1.369081 1.251117 0.0172611
1.369081 1.251117 0.0172611
1.369081 1.251117 0.0172611
1.369081 1.251117 0.0172611
1.369081 1.251117 0.0172611
1.369081 1.251117 0.0172611
1.369081 1.251117 0.0172611
1.369081 1.251117 0.0172611
1.369081 1.251117 0.0172611
1.369081 1.251117 0.0172611
1.369081 1.251117 0.0172611
1.369081 1.251117 0.0172611
1.369081 1.251117 0.0172611
1.369081 1.251117 0.0172611
1.494724 1.325514 -0.002498317
1.494724 1.325514 -0.002498317
1.494724 1.325514 -0.002498317
1.494724 1.325514 -0.002498317
1.494724 1.325514 -0.002498317
1.494724 1.325514 -0.002498317
1.494724 1.325514 -0.002498317
1.494724 1.325514 -0.002498317
1.494724 1.325514 -0.002498317
1.494724 1.325514 -0.002498317
1.494724 1.325514 -0.002498317
1.494724 1.325514 -0.002498317
1.494724 1.325514 -0.002498317
1.494724 1.325514 -0.002498317
1.494724 1.325514 -0.002498317
1.494724 1.325514 -0.002498317
1.494724 1.325514 -0.002498317
1.494724 1.325514 -0.002498317
1.494724 1.325514 -0.002498317
1.494724 1.325514 -0.002498317
1.494724 1.325514 -0.002498317
1.494724 1.325514 -0.002498317
1.494724 1.325514 -0.002498317
1.494724 1.325514 -0.002498317
1.494724 1.325514 -0.002498317
1.494724 1.325514 -0.002498317
1.494724 1.325514 -0.002498317
1.494724 1.325514 -0.002498317
1.494724 1.325514 -0.002498317
1.494724 1.325514 -0.002498317
1.494724 1.325514 -0.002498317
1.756493 0.6520734 0.0283946
1.756493 0.6520734 0.0283946
1.409937 0.2471399 -0.79671
1.409937 0.2471399 -0.79671
1.409937 0.2471399 -0.79671
1.409937 0.2471399 -0.79671
1.409937 0.2471399 -0.79671
1.409937 0.2471399 -0.79671
1.409937 0.2471399 -0.79671
1.409937 0.2471399 -0.79671
1.409937 0.2471399 -0.79671
1.409937 0.2471399 -0.79671
1.409937 0.2471399 -0.79671
1.409937 0.2471399 -0.79671
1.409937 0.2471399 -0.79671
1.409937 0.2471399 -0.79671
1.409937 0.2471399 -0.79671
1.409937 0.2471399 -0.79671
1.409937 0.2471399 -0.79671
1.409937 0.2471399 -0.79671
1.409937 0.2471399 -0.79671
1.798764 1.118921 -0.5756481
1.798764 1.118921 -0.5756481
1.798764 1.118921 -0.5756481
1.798764 1.118921 -0.5756481
1.798764 1.118921 -0.5756481
1.798764 1.118921 -0.5756481
1.798764 1.118921 -0.5756481
1.798764 1.118921 -0.5756481
1.894421 1.229973 -0.6087956
1.894421 1.229973 -0.6087956
1.894421 1.229973 -0.6087956
1.894421 1.229973 -0.6087956
1.894421 1.229973 -0.6087956
1.894421 1.229973 -0.6087956
1.894421 1.229973 -0.6087956
1.894421 1.229973 -0.6087956
1.894421 1.229973 -0.6087956
1.894421 1.229973 -0.6087956
1.894421 1.229973 -0.6087956
1.894421 1.229973 -0.6087956
1.894421 1.229973 -0.6087956
1.536101 1.15303 -1.01217
1.536101 1.15303 -1.01217
1.536101 1.15303 -1.01217
1.536101 1.15303 -1.01217
1.536101 1.15303 -1.01217
1.536101 1.15303 -1.01217
1.536101 1.15303 -1.01217
1.536101 1.15303 -1.01217
1.536101 1.15303 -1.01217
1.536101 1.15303 -1.01217
1.484806 0.3471573 -0.3825629
1.484806 0.3471573 -0.3825629
1.484806 0.3471573 -0.3825629
1.484806 0.3471573 -0.3825629
1.484806 0.3471573 -0.3825629
1.484806 0.3471573 -0.3825629
1.484806 0.3471573 -0.3825629
1.484806 0.3471573 -0.3825629
1.484806 0.3471573 -0.3825629
1.803649 0.9135487 -0.5179086
1.461468 1.1229 0.2545937
1.461468 1.1229 0.2545937
1.461468 1.1229 0.2545937
1.461468 1.1229 0.2545937
1.461468 1.1229 0.2545937
1.461468 1.1229 0.2545937
1.461468 1.1229 0.2545937
1.461468 1.1229 0.2545937
1.461468 1.1229 0.2545937
1.461468 1.1229 0.2545937
1.461468 1.1229 0.2545937
1.461468 1.1229 0.2545937
1.461468 1.1229 0.2545937
1.461468 1.1229 0.2545937
1.461468 1.1229 0.2545937
1.461468 1.1229 0.2545937
1.461468 1.1229 0.2545937
1.461468 1.1229 0.2545937
1.461468 1.1229 0.2545937
1.324332 1.256369 -0.103725
1.324332 1.256369 -0.103725
1.324332 1.256369 -0.103725
1.324332 1.256369 -0.103725
1.324332 1.256369 -0.103725
1.324332 1.256369 -0.103725
1.324332 1.256369 -0.103725
1.324332 1.256369 -0.103725
1.403348 1.344195 -0.1741478
1.403348 1.344195 -0.1741478
1.403348 1.344195 -0.1741478
1.403348 1.344195 -0.1741478
1.403348 1.344195 -0.1741478
1.403348 1.344195 -0.1741478
1.403348 1.344195 -0.1741478
1.403348 1.344195 -0.1741478
1.403348 1.344195 -0.1741478
1.403348 1.344195 -0.1741478
1.403348 1.344195 -0.1741478
1.403348 1.344195 -0.1741478
1.403348 1.344195 -0.1741478
1.403348 1.344195 -0.1741478
1.403348 1.344195 -0.1741478
1.403348 1.344195 -0.1741478
1.403348 1.344195 -0.1741478
1.403348 1.344195 -0.1741478
1.403348 1.344195 -0.1741478
1.76056 1.69432 -0.267548
1.76056 1.69432 -0.267548
1.76056 1.69432 -0.267548
1.76056 1.69432 -0.267548
1.76056 1.69432 -0.267548
1.76056 1.69432 -0.267548
1.76056 1.69432 -0.267548
1.76056 1.69432 -0.267548
1.858095 1.373918 -0.8469357
1.858095 1.373918 -0.8469357
1.858095 1.373918 -0.8469357
1.858095 1.373918 -0.8469357
1.858095 1.373918 -0.8469357
1.858095 1.373918 -0.8469357
1.858095 1.373918 -0.8469357
1.858095 1.373918 -0.8469357
1.858095 1.373918 -0.8469357
1.858095 1.373918 -0.8469357
1.858095 1.373918 -0.8469357
1.858095 1.373918 -0.8469357
1.858095 1.373918 -0.8469357
1.858095 1.373918 -0.8469357
1.858095 1.373918 -0.8469357
1.858095 1.373918 -0.8469357
1.858095 1.373918 -0.8469357
1.858095 1.373918 -0.8469357
1.858095 1.373918 -0.8469357
1.858095 1.373918 -0.8469357
1.858095 1.373918 -0.8469357
1.858095 1.373918 -0.8469357
1.858095 1.373918 -0.8469357
1.858095 1.373918 -0.8469357
1.858095 1.373918 -0.8469357
1.858095 1.373918 -0.8469357
1.858095 1.373918 -0.8469357
1.858095 1.373918 -0.8469357
1.858095 1.373918 -0.8469357
1.858095 1.373918 -0.8469357
1.858095 1.373918 -0.8469357
1.858095 1.373918 -0.8469357
1.858095 1.373918 -0.8469357
1.909705 1.421547 -0.9113481
1.909705 1.421547 -0.9113481
1.909705 1.421547 -0.9113481
1.909705 1.421547 -0.9113481
1.909705 1.421547 -0.9113481
1.909705 1.421547 -0.9113481
1.909705 1.421547 -0.9113481
1.909705 1.421547 -0.9113481
1.909705 1.421547 -0.9113481
1.909705 1.421547 -0.9113481
1.909705 1.421547 -0.9113481
1.909705 1.421547 -0.9113481
1.909705 1.421547 -0.9113481
1.909705 1.421547 -0.9113481
1.909705 1.421547 -0.9113481
1.909705 1.421547 -0.9113481
1.447184 0.7823217 -0.4059573
1.447184 0.7823217 -0.4059573
1.447184 0.7823217 -0.4059573
1.639412 1.128688 -0.384985
1.639412 1.128688 -0.384985
1.639412 1.128688 -0.384985
1.639412 1.128688 -0.384985
1.639412 1.128688 -0.384985
1.639412 1.128688 -0.384985
1.639412 1.128688 -0.384985
1.639412 1.128688 -0.384985
1.639412 1.128688 -0.384985
1.639412 1.128688 -0.384985
1.639412 1.128688 -0.384985
1.639412 1.128688 -0.384985
1.639412 1.128688 -0.384985
1.639412 1.128688 -0.384985
1.639412 1.128688 -0.384985
1.639412 1.128688 -0.384985
1.639412 1.128688 -0.384985
1.639412 1.128688 -0.384985
1.639412 1.128688 -0.384985
1.639412 1.128688 -0.384985
1.639412 1.128688 -0.384985
1.639412 1.128688 -0.384985
1.639412 1.128688 -0.384985
1.639412 1.128688 -0.384985
1.639412 1.128688 -0.384985
1.639412 1.128688 -0.384985
1.639412 1.128688 -0.384985
1.639412 1.128688 -0.384985
1.639412 1.128688 -0.384985
1.639412 1.128688 -0.384985
1.639412 1.128688 -0.384985
1.639412 1.128688 -0.384985
1.639412 1.128688 -0.384985
1.639412 1.128688 -0.384985
1.639412 1.128688 -0.384985
1.639412 1.128688 -0.384985
1.639412 1.128688 -0.384985
1.639412 1.128688 -0.384985
1.639412 1.128688 -0.384985
1.639412 1.128688 -0.384985
1.639412 1.128688 -0.384985
1.700749 1.194152 -0.4554013
1.700749 1.194152 -0.4554013
1.700749 1.194152 -0.4554013
1.700749 1.194152 -0.4554013
1.700749 1.194152 -0.4554013
1.700749 1.194152 -0.4554013
1.700749 1.194152 -0.4554013
1.700749 1.194152 -0.4554013
1.700749 1.194152 -0.4554013
1.700749 1.194152 -0.4554013
1.700749 1.194152 -0.4554013
1.700749 1.194152 -0.4554013
1.700749 1.194152 -0.4554013
1.700749 1.194152 -0.4554013
1.700749 1.194152 -0.4554013
1.700749 1.194152 -0.4554013
1.700749 1.194152 -0.4554013
1.700749 1.194152 -0.4554013
1.700749 1.194152 -0.4554013
1.700749 1.194152 -0.4554013
1.700749 1.194152 -0.4554013
1.700749 1.194152 -0.4554013
1.700749 1.194152 -0.4554013
1.700749 1.194152 -0.4554013
1.700749 1.194152 -0.4554013
1.700749 1.194152 -0.4554013
1.700749 1.194152 -0.4554013
1.700749 1.194152 -0.4554013
1.700749 1.194152 -0.4554013
1.700749 1.194152 -0.4554013
1.700749 1.194152 -0.4554013
1.700749 1.194152 -0.4554013
1.700749 1.194152 -0.4554013
1.700749 1.194152 -0.4554013
1.700749 1.194152 -0.4554013
1.700749 1.194152 -0.4554013
1.700749 1.194152 -0.4554013
1.700749 1.194152 -0.4554013
1.700749 1.194152 -0.4554013
1.700749 1.194152 -0.4554013
1.700749 1.194152 -0.4554013
1.700749 1.194152 -0.4554013
1.700749 1.194152 -0.4554013
1.700749 1.194152 -0.4554013
1.700749 1.194152 -0.4554013
1.700749 1.194152 -0.4554013
1.700749 1.194152 -0.4554013
1.700749 1.194152 -0.4554013
1.700749 1.194152 -0.4554013
1.700749 1.194152 -0.4554013
1.700749 1.194152 -0.4554013
1.700749 1.194152 -0.4554013
1.700749 1.194152 -0.4554013
1.700749 1.194152 -0.4554013
1.700749 1.194152 -0.4554013
1.700749 1.194152 -0.4554013
1.700749 1.194152 -0.4554013
1.700749 1.194152 -0.4554013
1.700749 1.194152 -0.4554013
1.700749 1.194152 -0.4554013
1.75702 1.263586 -0.5117277
1.75702 1.263586 -0.5117277
1.75702 1.263586 -0.5117277
1.75702 1.263586 -0.5117277
1.75702 1.263586 -0.5117277
1.75702 1.263586 -0.5117277
1.75702 1.263586 -0.5117277
1.75702 1.263586 -0.5117277
1.75702 1.263586 -0.5117277
1.75702 1.263586 -0.5117277
1.75702 1.263586 -0.5117277
1.75702 1.263586 -0.5117277
1.75702 1.263586 -0.5117277
1.75702 1.263586 -0.5117277
1.75702 1.263586 -0.5117277
1.75702 1.263586 -0.5117277
1.75702 1.263586 -0.5117277
1.75702 1.263586 -0.5117277
1.75702 1.263586 -0.5117277
1.75702 1.263586 -0.5117277
1.75702 1.263586 -0.5117277
1.75702 1.263586 -0.5117277
1.75702 1.263586 -0.5117277
1.75702 1.263586 -0.5117277
1.75702 1.263586 -0.5117277
1.75702 1.263586 -0.5117277
1.75702 1.263586 -0.5117277
1.75702 1.263586 -0.5117277
1.75702 1.263586 -0.5117277
1.75702 1.263586 -0.5117277
1.75702 1.263586 -0.5117277
1.75702 1.263586 -0.5117277
1.75702 1.263586 -0.5117277
1.75702 1.263586 -0.5117277
1.75702 1.263586 -0.5117277
1.75702 1.263586 -0.5117277
1.606381 0.9739907 -1.282255
1.606381 0.9739907 -1.282255
1.606381 0.9739907 -1.282255
1.606381 0.9739907 -1.282255
1.606381 0.9739907 -1.282255
1.606381 0.9739907 -1.282255
1.606381 0.9739907 -1.282255
1.606381 0.9739907 -1.282255
1.606381 0.9739907 -1.282255
1.606381 0.9739907 -1.282255
1.606381 0.9739907 -1.282255
1.603955 0.8220152 -1.295416
1.646895 1.868936 -0.2253384
1.646895 1.868936 -0.2253384
1.646895 1.868936 -0.2253384
1.646895 1.868936 -0.2253384
1.646895 1.868936 -0.2253384
1.646895 1.868936 -0.2253384
1.646895 1.868936 -0.2253384
1.646895 1.868936 -0.2253384
1.646895 1.868936 -0.2253384
1.646895 1.868936 -0.2253384
1.646895 1.868936 -0.2253384
1.646895 1.868936 -0.2253384
1.704146 1.930843 -0.2885303
1.704146 1.930843 -0.2885303
1.704146 1.930843 -0.2885303
1.704146 1.930843 -0.2885303
1.704146 1.930843 -0.2885303
1.704146 1.930843 -0.2885303
1.704146 1.930843 -0.2885303
1.704146 1.930843 -0.2885303
1.704146 1.930843 -0.2885303
1.704146 1.930843 -0.2885303
1.704146 1.930843 -0.2885303
1.704146 1.930843 -0.2885303
1.704146 1.930843 -0.2885303
1.704146 1.930843 -0.2885303
1.704146 1.930843 -0.2885303
1.704146 1.930843 -0.2885303
1.704146 1.930843 -0.2885303
1.704146 1.930843 -0.2885303
1.704146 1.930843 -0.2885303
1.704146 1.930843 -0.2885303
1.704146 1.930843 -0.2885303
1.704146 1.930843 -0.2885303
1.704146 1.930843 -0.2885303
1.704146 1.930843 -0.2885303
1.704146 1.930843 -0.2885303
1.704146 1.930843 -0.2885303
1.704146 1.930843 -0.2885303
1.704146 1.930843 -0.2885303
1.704146 1.930843 -0.2885303
1.704146 1.930843 -0.2885303
1.704146 1.930843 -0.2885303
1.704146 1.930843 -0.2885303
1.704146 1.930843 -0.2885303
1.865371 1.038516 -0.8038412
1.865371 1.038516 -0.8038412
1.865371 1.038516 -0.8038412
1.865371 1.038516 -0.8038412
1.865371 1.038516 -0.8038412
1.865371 1.038516 -0.8038412
1.865371 1.038516 -0.8038412
1.865371 1.038516 -0.8038412
1.865371 1.038516 -0.8038412
1.865371 1.038516 -0.8038412
1.865371 1.038516 -0.8038412
1.865371 1.038516 -0.8038412
1.865371 1.038516 -0.8038412
1.865371 1.038516 -0.8038412
1.865371 1.038516 -0.8038412
1.865371 1.038516 -0.8038412
1.865371 1.038516 -0.8038412
1.865371 1.038516 -0.8038412
1.865371 1.038516 -0.8038412
1.865371 1.038516 -0.8038412
1.865371 1.038516 -0.8038412
1.865371 1.038516 -0.8038412
1.865371 1.038516 -0.8038412
1.865371 1.038516 -0.8038412
1.865371 1.038516 -0.8038412
1.865371 1.038516 -0.8038412
1.865371 1.038516 -0.8038412
1.914434 1.116678 -0.8491383
1.914434 1.116678 -0.8491383
1.914434 1.116678 -0.8491383
1.914434 1.116678 -0.8491383
1.914434 1.116678 -0.8491383
1.914434 1.116678 -0.8491383
1.914434 1.116678 -0.8491383
1.914434 1.116678 -0.8491383
1.914434 1.116678 -0.8491383
1.914434 1.116678 -0.8491383
1.914434 1.116678 -0.8491383
1.914434 1.116678 -0.8491383
1.914434 1.116678 -0.8491383
1.914434 1.116678 -0.8491383
1.914434 1.116678 -0.8491383
1.914434 1.116678 -0.8491383
1.914434 1.116678 -0.8491383
1.914434 1.116678 -0.8491383
1.914434 1.116678 -0.8491383
1.914434 1.116678 -0.8491383
1.914434 1.116678 -0.8491383
1.914434 1.116678 -0.8491383
1.914434 1.116678 -0.8491383
1.914434 1.116678 -0.8491383
1.914434 1.116678 -0.8491383
1.914434 1.116678 -0.8491383
1.914434 1.116678 -0.8491383
1.914434 1.116678 -0.8491383
1.914434 1.116678 -0.8491383
1.914434 1.116678 -0.8491383
1.914434 1.116678 -0.8491383
1.914434 1.116678 -0.8491383
1.914434 1.116678 -0.8491383
1.914434 1.116678 -0.8491383
1.914434 1.116678 -0.8491383
1.914434 1.116678 -0.8491383
1.914434 1.116678 -0.8491383
1.914434 1.116678 -0.8491383
1.914434 1.116678 -0.8491383
1.914434 1.116678 -0.8491383
1.914434 1.116678 -0.8491383
1.914434 1.116678 -0.8491383
1.914434 1.116678 -0.8491383
1.914434 1.116678 -0.8491383
1.914434 1.116678 -0.8491383
1.914434 1.116678 -0.8491383
1.914434 1.116678 -0.8491383
1.914434 1.116678 -0.8491383
1.914434 1.116678 -0.8491383
1.914434 1.116678 -0.8491383
1.914434 1.116678 -0.8491383
1.914434 1.116678 -0.8491383
1.865338 1.544429 -1.417437
1.865338 1.544429 -1.417437
1.865338 1.544429 -1.417437
1.865338 1.544429 -1.417437
1.865338 1.544429 -1.417437
1.865338 1.544429 -1.417437
1.865338 1.544429 -1.417437
1.865338 1.544429 -1.417437
1.937703 1.650588 -1.506909
1.798062 1.796303 -1.187835
1.798062 1.796303 -1.187835
1.798062 1.796303 -1.187835
1.798062 1.796303 -1.187835
1.798062 1.796303 -1.187835
1.798062 1.796303 -1.187835
1.798062 1.796303 -1.187835
1.798062 1.796303 -1.187835
1.911778 1.411235 -1.448033
1.911778 1.411235 -1.448033
1.911778 1.411235 -1.448033
1.911778 1.411235 -1.448033
1.911778 1.411235 -1.448033
1.911778 1.411235 -1.448033
1.911778 1.411235 -1.448033
1.911778 1.411235 -1.448033
1.901111 1.421772 -1.215732
1.901111 1.421772 -1.215732
1.901111 1.421772 -1.215732
1.901111 1.421772 -1.215732
1.901111 1.421772 -1.215732
1.901111 1.421772 -1.215732
1.901111 1.421772 -1.215732
1.901111 1.421772 -1.215732
1.901111 1.421772 -1.215732
1.901111 1.421772 -1.215732
1.901111 1.421772 -1.215732
1.901111 1.421772 -1.215732
1.901111 1.421772 -1.215732
1.901111 1.421772 -1.215732
1.901111 1.421772 -1.215732
1.901111 1.421772 -1.215732
1.901111 1.421772 -1.215732
1.901111 1.421772 -1.215732
1.901111 1.421772 -1.215732
1.901111 1.421772 -1.215732
1.901111 1.421772 -1.215732
1.901111 1.421772 -1.215732
1.901111 1.421772 -1.215732
1.901111 1.421772 -1.215732
1.901111 1.421772 -1.215732
1.901111 1.421772 -1.215732
1.901111 1.421772 -1.215732
1.901111 1.421772 -1.215732
1.901111 1.421772 -1.215732
1.901111 1.421772 -1.215732
1.901111 1.421772 -1.215732
1.901111 1.421772 -1.215732
1.901111 1.421772 -1.215732
1.901111 1.421772 -1.215732
1.901111 1.421772 -1.215732
1.901111 1.421772 -1.215732
1.901111 1.421772 -1.215732
1.901111 1.421772 -1.215732
1.901111 1.421772 -1.215732
1.901111 1.421772 -1.215732
1.901111 1.421772 -1.215732
1.901111 1.421772 -1.215732
1.901111 1.421772 -1.215732
2.049883 1.564751 -1.283547
2.049883 1.564751 -1.283547
2.049883 1.564751 -1.283547
1.788014 1.579863 -1.130715
1.788014 1.579863 -1.130715
1.788014 1.579863 -1.130715
1.788014 1.579863 -1.130715
1.788014 1.579863 -1.130715
1.788014 1.579863 -1.130715
1.788014 1.579863 -1.130715
1.788014 1.579863 -1.130715
1.788014 1.579863 -1.130715
1.788014 1.579863 -1.130715
1.788014 1.579863 -1.130715
1.788014 1.579863 -1.130715
1.788014 1.579863 -1.130715
1.788014 1.579863 -1.130715
1.788014 1.579863 -1.130715
1.788014 1.579863 -1.130715
1.788014 1.579863 -1.130715
1.788014 1.579863 -1.130715
1.788014 1.579863 -1.130715
1.788014 1.579863 -1.130715
1.788014 1.579863 -1.130715
1.788014 1.579863 -1.130715
1.788014 1.579863 -1.130715
1.788014 1.579863 -1.130715
1.788014 1.579863 -1.130715
1.788014 1.579863 -1.130715
1.788014 1.579863 -1.130715
1.788014 1.579863 -1.130715
1.788014 1.579863 -1.130715
1.788014 1.579863 -1.130715
1.788014 1.579863 -1.130715
1.788014 1.579863 -1.130715
1.788014 1.579863 -1.130715
1.788014 1.579863 -1.130715
1.788014 1.579863 -1.130715
1.788014 1.579863 -1.130715
1.788014 1.579863 -1.130715
1.788014 1.579863 -1.130715
2.134201 1.883826 -1.239691
2.134201 1.883826 -1.239691
2.134201 1.883826 -1.239691
2.134201 1.883826 -1.239691
2.134201 1.883826 -1.239691
2.134201 1.883826 -1.239691
2.134201 1.883826 -1.239691
2.134201 1.883826 -1.239691
2.134201 1.883826 -1.239691
2.134201 1.883826 -1.239691
2.134201 1.883826 -1.239691
2.134201 1.883826 -1.239691
2.134201 1.883826 -1.239691
2.134201 1.883826 -1.239691
2.134201 1.883826 -1.239691
2.134201 1.883826 -1.239691
2.134201 1.883826 -1.239691
2.134201 1.883826 -1.239691
2.134201 1.883826 -1.239691
2.170238 1.930221 -1.316641
2.170238 1.930221 -1.316641
2.170238 1.930221 -1.316641
2.170238 1.930221 -1.316641
2.170238 1.930221 -1.316641
2.170238 1.930221 -1.316641
2.170238 1.930221 -1.316641
2.170238 1.930221 -1.316641
2.170238 1.930221 -1.316641
2.170238 1.930221 -1.316641
2.170238 1.930221 -1.316641
2.170238 1.930221 -1.316641
2.170238 1.930221 -1.316641
2.170238 1.930221 -1.316641
2.170238 1.930221 -1.316641
2.170238 1.930221 -1.316641
2.170238 1.930221 -1.316641
2.170238 1.930221 -1.316641
2.170238 1.930221 -1.316641
2.170238 1.930221 -1.316641
