0.1265274 -0.1300119 0.4929345
1.219513 -0.9426221 0.1696617
1.219513 -0.9426221 0.1696617
1.219513 -0.9426221 0.1696617
1.219513 -0.9426221 0.1696617
1.219513 -0.9426221 0.1696617
1.76801 -0.2762728 -0.2478102
1.76801 -0.2762728 -0.2478102
1.76801 -0.2762728 -0.2478102
1.935041 0.5416387 0.08229573
1.935041 0.5416387 0.08229573
0.9410277 0.1925561 -1.222804
0.7387179 0.5913462 0.3206088
0.7387179 0.5913462 0.3206088
0.7387179 0.5913462 0.3206088
0.7387179 0.5913462 0.3206088
0.7387179 0.5913462 0.3206088
0.7387179 0.5913462 0.3206088
0.7387179 0.5913462 0.3206088
0.7387179 0.5913462 0.3206088
0.7387179 0.5913462 0.3206088
0.7387179 0.5913462 0.3206088
0.7387179 0.5913462 0.3206088
0.7387179 0.5913462 0.3206088
0.7387179 0.5913462 0.3206088
0.8657819 -0.005199116 0.2489796
0.8969312 0.197622 -0.2946681
1.471436 -0.2080241 -0.4352585
1.471436 -0.2080241 -0.4352585
1.471436 -0.2080241 -0.4352585
1.471436 -0.2080241 -0.4352585
1.471436 -0.2080241 -0.4352585
1.471436 -0.2080241 -0.4352585
1.471436 -0.2080241 -0.4352585
1.471436 -0.2080241 -0.4352585
1.471436 -0.2080241 -0.4352585
1.471436 -0.2080241 -0.4352585
1.471436 -0.2080241 -0.4352585
1.471436 -0.2080241 -0.4352585
1.707115 0.4673737 -0.9158322
1.707115 0.4673737 -0.9158322
1.707115 0.4673737 -0.9158322
1.707115 0.4673737 -0.9158322
1.707115 0.4673737 -0.9158322
1.707115 0.4673737 -0.9158322
1.707115 0.4673737 -0.9158322
1.707115 0.4673737 -0.9158322
1.707115 0.4673737 -0.9158322
1.707115 0.4673737 -0.9158322
1.707115 0.4673737 -0.9158322
1.707115 0.4673737 -0.9158322
1.707115 0.4673737 -0.9158322
1.707115 0.4673737 -0.9158322
1.707115 0.4673737 -0.9158322
1.707115 0.4673737 -0.9158322
1.707115 0.4673737 -0.9158322
1.707115 0.4673737 -0.9158322
1.707115 0.4673737 -0.9158322
1.707115 0.4673737 -0.9158322
1.707115 0.4673737 -0.9158322
1.707115 0.4673737 -0.9158322
1.707115 0.4673737 -0.9158322
1.707115 0.4673737 -0.9158322
1.707115 0.4673737 -0.9158322
1.707115 0.4673737 -0.9158322
1.707115 0.4673737 -0.9158322
1.707115 0.4673737 -0.9158322
1.707115 0.4673737 -0.9158322
1.707115 0.4673737 -0.9158322
1.707115 0.4673737 -0.9158322
1.707115 0.4673737 -0.9158322
1.707115 0.4673737 -0.9158322
1.707115 0.4673737 -0.9158322
1.707115 0.4673737 -0.9158322
1.707115 0.4673737 -0.9158322
1.707115 0.4673737 -0.9158322
1.707115 0.4673737 -0.9158322
1.707115 0.4673737 -0.9158322
1.606008 0.1603929 -0.5132912
1.606008 0.1603929 -0.5132912
1.606008 0.1603929 -0.5132912
0.8952044 0.07508343 0.08858723
0.8952044 0.07508343 0.08858723
0.8952044 0.07508343 0.08858723
0.8952044 0.07508343 0.08858723
1.364703 0.4657353 -0.7120051
1.364703 0.4657353 -0.7120051
1.364703 0.4657353 -0.7120051
1.364703 0.4657353 -0.7120051
1.556476 0.710867 -0.1054786
1.556476 0.710867 -0.1054786
1.556476 0.710867 -0.1054786
1.556476 0.710867 -0.1054786
1.556476 0.710867 -0.1054786
1.556476 0.710867 -0.1054786
1.556476 0.710867 -0.1054786
1.556476 0.710867 -0.1054786
1.556476 0.710867 -0.1054786
1.556476 0.710867 -0.1054786
1.556476 0.710867 -0.1054786
1.556476 0.710867 -0.1054786
1.556476 0.710867 -0.1054786
1.556476 0.710867 -0.1054786
1.556476 0.710867 -0.1054786
1.556476 0.710867 -0.1054786
1.556476 0.710867 -0.1054786
1.556476 0.710867 -0.1054786
1.556476 0.710867 -0.1054786
1.556476 0.710867 -0.1054786
1.556476 0.710867 -0.1054786
1.556476 0.710867 -0.1054786
1.556476 0.710867 -0.1054786
1.556476 0.710867 -0.1054786
1.556476 0.710867 -0.1054786
1.556476 0.710867 -0.1054786
1.556476 0.710867 -0.1054786
1.556476 0.710867 -0.1054786
1.556476 0.710867 -0.1054786
1.556476 0.710867 -0.1054786
1.556476 0.710867 -0.1054786
2.054085 0.8210645 -0.06309355
2.054085 0.8210645 -0.06309355
2.054085 0.8210645 -0.06309355
2.054085 0.8210645 -0.06309355
1.274582 0.05571333 0.7096781
1.274582 0.05571333 0.7096781
1.274582 0.05571333 0.7096781
1.274582 0.05571333 0.7096781
1.274582 0.05571333 0.7096781
1.288837 -0.225013 0.510774
1.288837 -0.225013 0.510774
1.412931 1.197909 0.06416496
1.412931 1.197909 0.06416496
1.412931 1.197909 0.06416496
1.412931 1.197909 0.06416496
1.412931 1.197909 0.06416496
1.412931 1.197909 0.06416496
1.412931 1.197909 0.06416496
1.412931 1.197909 0.06416496
1.412931 1.197909 0.06416496
1.412931 1.197909 0.06416496
1.412931 1.197909 0.06416496
1.412931 1.197909 0.06416496
1.412931 1.197909 0.06416496
1.412931 1.197909 0.06416496
1.412931 1.197909 0.06416496
1.412931 1.197909 0.06416496
1.412931 1.197909 0.06416496
1.412931 1.197909 0.06416496
1.412931 1.197909 0.06416496
1.412931 1.197909 0.06416496
1.412931 1.197909 0.06416496
1.412931 1.197909 0.06416496
1.412931 1.197909 0.06416496
1.412931 1.197909 0.06416496
1.412931 1.197909 0.06416496
1.412931 1.197909 0.06416496
1.412931 1.197909 0.06416496
1.412931 1.197909 0.06416496
1.412931 1.197909 0.06416496
1.412931 1.197909 0.06416496
1.412931 1.197909 0.06416496
1.494465 1.04162 0.01190838
1.494465 1.04162 0.01190838
1.494465 1.04162 0.01190838
1.494465 1.04162 0.01190838
1.494465 1.04162 0.01190838
1.494465 1.04162 0.01190838
1.494465 1.04162 0.01190838
1.494465 1.04162 0.01190838
1.381369 0.3268393 -0.03615263
1.381369 0.3268393 -0.03615263
1.381369 0.3268393 -0.03615263
1.381369 0.3268393 -0.03615263
1.381369 0.3268393 -0.03615263
1.381369 0.3268393 -0.03615263
1.381369 0.3268393 -0.03615263
1.381369 0.3268393 -0.03615263
1.381369 0.3268393 -0.03615263
1.381369 0.3268393 -0.03615263
1.710181 0.4661367 -0.05763906
1.710181 0.4661367 -0.05763906
1.710181 0.4661367 -0.05763906
1.710181 0.4661367 -0.05763906
1.710181 0.4661367 -0.05763906
1.710181 0.4661367 -0.05763906
1.710181 0.4661367 -0.05763906
1.710181 0.4661367 -0.05763906
1.710181 0.4661367 -0.05763906
1.710181 0.4661367 -0.05763906
1.710181 0.4661367 -0.05763906
1.710181 0.4661367 -0.05763906
1.710181 0.4661367 -0.05763906
1.710181 0.4661367 -0.05763906
1.710181 0.4661367 -0.05763906
1.710181 0.4661367 -0.05763906
1.710181 0.4661367 -0.05763906
1.710181 0.4661367 -0.05763906
1.710181 0.4661367 -0.05763906
1.710181 0.4661367 -0.05763906
1.710181 0.4661367 -0.05763906
1.710181 0.4661367 -0.05763906
1.710181 0.4661367 -0.05763906
1.710181 0.4661367 -0.05763906
1.710181 0.4661367 -0.05763906
1.710181 0.4661367 -0.05763906
1.710181 0.4661367 -0.05763906
1.710181 0.4661367 -0.05763906
1.710181 0.4661367 -0.05763906
1.710181 0.4661367 -0.05763906
1.710181 0.4661367 -0.05763906
1.710181 0.4661367 -0.05763906
1.703574 1.142695 -0.474737
1.703574 1.142695 -0.474737
1.703574 1.142695 -0.474737
1.703574 1.142695 -0.474737
1.703574 1.142695 -0.474737
1.703574 1.142695 -0.474737
1.703574 1.142695 -0.474737
1.703574 1.142695 -0.474737
1.703574 1.142695 -0.474737
1.703574 1.142695 -0.474737
1.703574 1.142695 -0.474737
1.703574 1.142695 -0.474737
1.703574 1.142695 -0.474737
1.703574 1.142695 -0.474737
1.703574 1.142695 -0.474737
1.703574 1.142695 -0.474737
1.703574 1.142695 -0.474737
1.481425 0.3119021 -0.3804809
1.481425 0.3119021 -0.3804809
1.481425 0.3119021 -0.3804809
1.484454 0.993634 -0.04460336
1.484454 0.993634 -0.04460336
1.484454 0.993634 -0.04460336
1.484454 0.993634 -0.04460336
1.484454 0.993634 -0.04460336
1.484454 0.993634 -0.04460336
1.484454 0.993634 -0.04460336
1.484454 0.993634 -0.04460336
1.725748 1.106122 -0.09133872
1.725748 1.106122 -0.09133872
1.725748 1.106122 -0.09133872
1.725748 1.106122 -0.09133872
1.725748 1.106122 -0.09133872
1.725748 1.106122 -0.09133872
1.725748 1.106122 -0.09133872
1.725748 1.106122 -0.09133872
1.725748 1.106122 -0.09133872
1.725748 1.106122 -0.09133872
1.725748 1.106122 -0.09133872
1.458366 0.6383197 -0.5437164
1.458366 0.6383197 -0.5437164
1.458366 0.6383197 -0.5437164
1.458366 0.6383197 -0.5437164
1.458366 0.6383197 -0.5437164
1.458366 0.6383197 -0.5437164
1.458366 0.6383197 -0.5437164
1.458366 0.6383197 -0.5437164
1.458366 0.6383197 -0.5437164
1.458366 0.6383197 -0.5437164
1.458366 0.6383197 -0.5437164
1.458366 0.6383197 -0.5437164
1.458366 0.6383197 -0.5437164
1.458366 0.6383197 -0.5437164
1.458366 0.6383197 -0.5437164
1.458366 0.6383197 -0.5437164
1.458366 0.6383197 -0.5437164
1.458366 0.6383197 -0.5437164
1.458366 0.6383197 -0.5437164
1.458366 0.6383197 -0.5437164
1.458366 0.6383197 -0.5437164
1.458366 0.6383197 -0.5437164
1.458366 0.6383197 -0.5437164
1.458366 0.6383197 -0.5437164
1.458366 0.6383197 -0.5437164
1.458366 0.6383197 -0.5437164
1.458366 0.6383197 -0.5437164
1.458366 0.6383197 -0.5437164
1.458366 0.6383197 -0.5437164
1.458366 0.6383197 -0.5437164
1.649501 1.234737 -0.559159
1.649501 1.234737 -0.559159
1.649501 1.234737 -0.559159
1.649501 1.234737 -0.559159
1.649501 1.234737 -0.559159
1.649501 1.234737 -0.559159
1.649501 1.234737 -0.559159
1.649501 1.234737 -0.559159
1.649501 1.234737 -0.559159
1.649501 1.234737 -0.559159
1.649501 1.234737 -0.559159
1.649501 1.234737 -0.559159
1.649501 1.234737 -0.559159
1.649501 1.234737 -0.559159
1.649501 1.234737 -0.559159
1.649501 1.234737 -0.559159
1.649501 1.234737 -0.559159
1.649501 1.234737 -0.559159
1.649501 1.234737 -0.559159
1.819062 1.319313 -0.5673668
1.819062 1.319313 -0.5673668
1.819062 1.319313 -0.5673668
1.819062 1.319313 -0.5673668
1.819062 1.319313 -0.5673668
1.819062 1.319313 -0.5673668
1.819062 1.319313 -0.5673668
1.819062 1.319313 -0.5673668
1.819062 1.319313 -0.5673668
1.819062 1.319313 -0.5673668
1.819062 1.319313 -0.5673668
1.819062 1.319313 -0.5673668
1.819062 1.319313 -0.5673668
1.819062 1.319313 -0.5673668
1.819062 1.319313 -0.5673668
1.819062 1.319313 -0.5673668
1.819062 1.319313 -0.5673668
1.819062 1.319313 -0.5673668
1.819062 1.319313 -0.5673668
1.819062 1.319313 -0.5673668
1.819062 1.319313 -0.5673668
1.819062 1.319313 -0.5673668
1.819062 1.319313 -0.5673668
1.819062 1.319313 -0.5673668
1.819062 1.319313 -0.5673668
1.819062 1.319313 -0.5673668
1.819062 1.319313 -0.5673668
1.819062 1.319313 -0.5673668
1.819062 1.319313 -0.5673668
1.819062 1.319313 -0.5673668
1.819062 1.319313 -0.5673668
1.819062 1.319313 -0.5673668
1.819062 1.319313 -0.5673668
1.819062 1.319313 -0.5673668
1.819062 1.319313 -0.5673668
1.819062 1.319313 -0.5673668
1.819062 1.319313 -0.5673668
1.819062 1.319313 -0.5673668
1.819062 1.319313 -0.5673668
1.819062 1.319313 -0.5673668
1.819062 1.319313 -0.5673668
1.819062 1.319313 -0.5673668
1.819062 1.319313 -0.5673668
1.819062 1.319313 -0.5673668
1.819062 1.319313 -0.5673668
1.819062 1.319313 -0.5673668
1.819062 1.319313 -0.5673668
1.819062 1.319313 -0.5673668
1.819062 1.319313 -0.5673668
1.819062 1.319313 -0.5673668
1.819062 1.319313 -0.5673668
1.819062 1.319313 -0.5673668
1.819062 1.319313 -0.5673668
1.819062 1.319313 -0.5673668
1.819062 1.319313 -0.5673668
1.819062 1.319313 -0.5673668
1.819062 1.319313 -0.5673668
1.819062 1.319313 -0.5673668
1.819062 1.319313 -0.5673668
1.819062 1.319313 -0.5673668
1.934875 1.372743 -0.5544352
1.934875 1.372743 -0.5544352
1.934875 1.372743 -0.5544352
1.934875 1.372743 -0.5544352
1.934875 1.372743 -0.5544352
1.934875 1.372743 -0.5544352
1.934875 1.372743 -0.5544352
1.934875 1.372743 -0.5544352
1.934875 1.372743 -0.5544352
1.934875 1.372743 -0.5544352
1.934875 1.372743 -0.5544352
1.934875 1.372743 -0.5544352
1.934875 1.372743 -0.5544352
1.934875 1.372743 -0.5544352
1.934875 1.372743 -0.5544352
1.934875 1.372743 -0.5544352
1.657645 1.668766 -0.3077929
1.657645 1.668766 -0.3077929
1.657645 1.668766 -0.3077929
1.657645 1.668766 -0.3077929
1.657645 1.668766 -0.3077929
1.657645 1.668766 -0.3077929
1.657645 1.668766 -0.3077929
1.657645 1.668766 -0.3077929
1.657645 1.668766 -0.3077929
1.657645 1.668766 -0.3077929
1.657645 1.668766 -0.3077929
1.657645 1.668766 -0.3077929
1.657645 1.668766 -0.3077929
1.657645 1.668766 -0.3077929
1.657645 1.668766 -0.3077929
1.402885 0.7795277 0.3003343
1.402885 0.7795277 0.3003343
1.402885 0.7795277 0.3003343
1.402885 0.7795277 0.3003343
1.402885 0.7795277 0.3003343
1.402885 0.7795277 0.3003343
1.402885 0.7795277 0.3003343
1.402885 0.7795277 0.3003343
1.402885 0.7795277 0.3003343
1.402885 0.7795277 0.3003343
1.402885 0.7795277 0.3003343
1.402885 0.7795277 0.3003343
1.402885 0.7795277 0.3003343
1.402885 0.7795277 0.3003343
1.402885 0.7795277 0.3003343
1.402885 0.7795277 0.3003343
1.402885 0.7795277 0.3003343
1.402885 0.7795277 0.3003343
1.402885 0.7795277 0.3003343
1.402885 0.7795277 0.3003343
1.436204 1.520421 0.1792979
1.436204 1.520421 0.1792979
1.436204 1.520421 0.1792979
1.436204 1.520421 0.1792979
1.436204 1.520421 0.1792979
1.436204 1.520421 0.1792979
1.436204 1.520421 0.1792979
1.436204 1.520421 0.1792979
1.436204 1.520421 0.1792979
1.524131 1.614411 0.142388
1.524131 1.614411 0.142388
1.524131 1.614411 0.142388
1.524131 1.614411 0.142388
1.524131 1.614411 0.142388
1.524131 1.614411 0.142388
1.524131 1.614411 0.142388
1.524131 1.614411 0.142388
1.524131 1.614411 0.142388
1.524131 1.614411 0.142388
1.524131 1.614411 0.142388
1.524131 1.614411 0.142388
1.524131 1.614411 0.142388
1.503213 0.6623901 -0.4005022
1.503213 0.6623901 -0.4005022
1.503213 0.6623901 -0.4005022
1.503213 0.6623901 -0.4005022
1.503213 0.6623901 -0.4005022
1.503213 0.6623901 -0.4005022
1.503213 0.6623901 -0.4005022
1.503213 0.6623901 -0.4005022
1.503213 0.6623901 -0.4005022
1.503213 0.6623901 -0.4005022
1.503213 0.6623901 -0.4005022
1.503213 0.6623901 -0.4005022
1.503213 0.6623901 -0.4005022
1.503213 0.6623901 -0.4005022
1.503213 0.6623901 -0.4005022
1.503213 0.6623901 -0.4005022
1.503213 0.6623901 -0.4005022
1.503213 0.6623901 -0.4005022
1.503213 0.6623901 -0.4005022
1.503213 0.6623901 -0.4005022
1.503213 0.6623901 -0.4005022
1.503213 0.6623901 -0.4005022
1.503213 0.6623901 -0.4005022
1.503213 0.6623901 -0.4005022
1.503213 0.6623901 -0.4005022
1.503213 0.6623901 -0.4005022
1.503213 0.6623901 -0.4005022
1.503213 0.6623901 -0.4005022
1.503213 0.6623901 -0.4005022
1.503213 0.6623901 -0.4005022
1.503213 0.6623901 -0.4005022
1.503213 0.6623901 -0.4005022
1.503213 0.6623901 -0.4005022
1.503213 0.6623901 -0.4005022
1.503213 0.6623901 -0.4005022
1.503213 0.6623901 -0.4005022
1.503213 0.6623901 -0.4005022
1.503213 0.6623901 -0.4005022
1.503213 0.6623901 -0.4005022
1.503213 0.6623901 -0.4005022
1.503213 0.6623901 -0.4005022
1.503213 0.6623901 -0.4005022
1.503213 0.6623901 -0.4005022
1.503213 0.6623901 -0.4005022
1.503213 0.6623901 -0.4005022
1.503213 0.6623901 -0.4005022
1.503213 0.6623901 -0.4005022
1.580625 0.7672043 -0.4594091
1.580625 0.7672043 -0.4594091
1.580625 0.7672043 -0.4594091
1.580625 0.7672043 -0.4594091
1.580625 0.7672043 -0.4594091
1.580625 0.7672043 -0.4594091
1.580625 0.7672043 -0.4594091
1.580625 0.7672043 -0.4594091
1.580625 0.7672043 -0.4594091
1.580625 0.7672043 -0.4594091
1.580625 0.7672043 -0.4594091
1.580625 0.7672043 -0.4594091
1.580625 0.7672043 -0.4594091
1.580625 0.7672043 -0.4594091
1.580625 0.7672043 -0.4594091
1.580625 0.7672043 -0.4594091
1.580625 0.7672043 -0.4594091
1.580625 0.7672043 -0.4594091
1.580625 0.7672043 -0.4594091
1.580625 0.7672043 -0.4594091
1.580625 0.7672043 -0.4594091
1.580625 0.7672043 -0.4594091
1.580625 0.7672043 -0.4594091
1.580625 0.7672043 -0.4594091
1.580625 0.7672043 -0.4594091
1.580625 0.7672043 -0.4594091
1.580625 0.7672043 -0.4594091
1.580625 0.7672043 -0.4594091
1.580625 0.7672043 -0.4594091
1.580625 0.7672043 -0.4594091
1.580625 0.7672043 -0.4594091
1.580625 0.7672043 -0.4594091
1.580625 0.7672043 -0.4594091
1.580625 0.7672043 -0.4594091
1.580625 0.7672043 -0.4594091
1.580625 0.7672043 -0.4594091
1.580625 0.7672043 -0.4594091
1.580625 0.7672043 -0.4594091
1.580625 0.7672043 -0.4594091
1.580625 0.7672043 -0.4594091
1.580625 0.7672043 -0.4594091
1.580625 0.7672043 -0.4594091
1.580625 0.7672043 -0.4594091
1.580625 0.7672043 -0.4594091
1.580625 0.7672043 -0.4594091
1.580625 0.7672043 -0.4594091
1.580625 0.7672043 -0.4594091
1.580625 0.7672043 -0.4594091
1.580625 0.7672043 -0.4594091
1.580625 0.7672043 -0.4594091
1.580625 0.7672043 -0.4594091
1.580625 0.7672043 -0.4594091
1.580625 0.7672043 -0.4594091
1.580625 0.7672043 -0.4594091
1.580625 0.7672043 -0.4594091
1.580625 0.7672043 -0.4594091
1.580625 0.7672043 -0.4594091
1.580625 0.7672043 -0.4594091
1.580625 0.7672043 -0.4594091
1.580625 0.7672043 -0.4594091
1.631591 0.816872 -0.5110419
1.631591 0.816872 -0.5110419
1.631591 0.816872 -0.5110419
1.631591 0.816872 -0.5110419
1.631591 0.816872 -0.5110419
1.631591 0.816872 -0.5110419
1.631591 0.816872 -0.5110419
1.631591 0.816872 -0.5110419
1.631591 0.816872 -0.5110419
1.631591 0.816872 -0.5110419
1.631591 0.816872 -0.5110419
1.631591 0.816872 -0.5110419
1.631591 0.816872 -0.5110419
1.631591 0.816872 -0.5110419
1.631591 0.816872 -0.5110419
1.631591 0.816872 -0.5110419
1.631591 0.816872 -0.5110419
1.631591 0.816872 -0.5110419
1.631591 0.816872 -0.5110419
1.631591 0.816872 -0.5110419
1.631591 0.816872 -0.5110419
1.631591 0.816872 -0.5110419
1.631591 0.816872 -0.5110419
1.631591 0.816872 -0.5110419
1.631591 0.816872 -0.5110419
1.631591 0.816872 -0.5110419
1.631591 0.816872 -0.5110419
1.631591 0.816872 -0.5110419
1.631591 0.816872 -0.5110419
1.631591 0.816872 -0.5110419
1.631591 0.816872 -0.5110419
1.631591 0.816872 -0.5110419
1.631591 0.816872 -0.5110419
1.631591 0.816872 -0.5110419
1.631591 0.816872 -0.5110419
1.631591 0.816872 -0.5110419
1.631591 0.816872 -0.5110419
1.631591 0.816872 -0.5110419
1.631591 0.816872 -0.5110419
1.631591 0.816872 -0.5110419
1.631591 0.816872 -0.5110419
1.631591 0.816872 -0.5110419
1.631591 0.816872 -0.5110419
1.631591 0.816872 -0.5110419
1.631591 0.816872 -0.5110419
1.631591 0.816872 -0.5110419
1.631591 0.816872 -0.5110419
1.631591 0.816872 -0.5110419
1.631591 0.816872 -0.5110419
1.631591 0.816872 -0.5110419
1.631591 0.816872 -0.5110419
1.631591 0.816872 -0.5110419
1.631591 0.816872 -0.5110419
1.631591 0.816872 -0.5110419
1.631591 0.816872 -0.5110419
1.631591 0.816872 -0.5110419
1.631591 0.816872 -0.5110419
1.631591 0.816872 -0.5110419
1.631591 0.816872 -0.5110419
1.631591 0.816872 -0.5110419
1.689505 0.8951977 -0.5682855
1.689505 0.8951977 -0.5682855
1.689505 0.8951977 -0.5682855
1.689505 0.8951977 -0.5682855
1.689505 0.8951977 -0.5682855
1.689505 0.8951977 -0.5682855
1.689505 0.8951977 -0.5682855
1.689505 0.8951977 -0.5682855
1.689505 0.8951977 -0.5682855
1.689505 0.8951977 -0.5682855
1.689505 0.8951977 -0.5682855
1.689505 0.8951977 -0.5682855
1.689505 0.8951977 -0.5682855
1.689505 0.8951977 -0.5682855
1.689505 0.8951977 -0.5682855
1.689505 0.8951977 -0.5682855
1.689505 0.8951977 -0.5682855
1.689505 0.8951977 -0.5682855
1.689505 0.8951977 -0.5682855
1.689505 0.8951977 -0.5682855
1.689505 0.8951977 -0.5682855
1.689505 0.8951977 -0.5682855
1.689505 0.8951977 -0.5682855
1.689505 0.8951977 -0.5682855
1.689505 0.8951977 -0.5682855
1.689505 0.8951977 -0.5682855
1.689505 0.8951977 -0.5682855
1.689505 0.8951977 -0.5682855
1.689505 0.8951977 -0.5682855
1.689505 0.8951977 -0.5682855
1.689505 0.8951977 -0.5682855
1.689505 0.8951977 -0.5682855
1.689505 0.8951977 -0.5682855
1.689505 0.8951977 -0.5682855
1.689505 0.8951977 -0.5682855
1.689505 0.8951977 -0.5682855
1.689505 0.8951977 -0.5682855
1.689505 0.8951977 -0.5682855
1.689505 0.8951977 -0.5682855
1.689505 0.8951977 -0.5682855
1.689505 0.8951977 -0.5682855
1.689505 0.8951977 -0.5682855
1.689505 0.8951977 -0.5682855
1.689505 0.8951977 -0.5682855
1.689505 0.8951977 -0.5682855
1.689505 0.8951977 -0.5682855
1.689505 0.8951977 -0.5682855
1.689505 0.8951977 -0.5682855
1.689505 0.8951977 -0.5682855
1.689505 0.8951977 -0.5682855
1.689505 0.8951977 -0.5682855
1.689505 0.8951977 -0.5682855
1.689505 0.8951977 -0.5682855
1.689505 0.8951977 -0.5682855
1.689505 0.8951977 -0.5682855
1.689505 0.8951977 -0.5682855
1.689505 0.8951977 -0.5682855
1.689505 0.8951977 -0.5682855
1.689505 0.8951977 -0.5682855
1.689505 0.8951977 -0.5682855
1.749302 0.9836404 -0.6219811
1.749302 0.9836404 -0.6219811
1.80714 0.946468 -0.5033908
1.80714 0.946468 -0.5033908
1.80714 0.946468 -0.5033908
1.80714 0.946468 -0.5033908
1.80714 0.946468 -0.5033908
1.80714 0.946468 -0.5033908
1.80714 0.946468 -0.5033908
1.80714 0.946468 -0.5033908
1.80714 0.946468 -0.5033908
1.80714 0.946468 -0.5033908
1.80714 0.946468 -0.5033908
1.80714 0.946468 -0.5033908
1.80714 0.946468 -0.5033908
1.80714 0.946468 -0.5033908
1.80714 0.946468 -0.5033908
1.80714 0.946468 -0.5033908
1.80714 0.946468 -0.5033908
1.80714 0.946468 -0.5033908
1.80714 0.946468 -0.5033908
1.80714 0.946468 -0.5033908
1.80714 0.946468 -0.5033908
1.80714 0.946468 -0.5033908
1.80714 0.946468 -0.5033908
1.80714 0.946468 -0.5033908
1.80714 0.946468 -0.5033908
1.80714 0.946468 -0.5033908
1.80714 0.946468 -0.5033908
1.80714 0.946468 -0.5033908
1.508278 0.8745722 -0.4909876
1.508278 0.8745722 -0.4909876
1.508278 0.8745722 -0.4909876
1.508278 0.8745722 -0.4909876
1.508278 0.8745722 -0.4909876
1.508278 0.8745722 -0.4909876
1.508278 0.8745722 -0.4909876
1.508278 0.8745722 -0.4909876
1.508278 0.8745722 -0.4909876
1.508278 0.8745722 -0.4909876
1.508278 0.8745722 -0.4909876
1.508278 0.8745722 -0.4909876
1.508278 0.8745722 -0.4909876
1.508278 0.8745722 -0.4909876
1.508278 0.8745722 -0.4909876
1.508278 0.8745722 -0.4909876
1.508278 0.8745722 -0.4909876
1.508278 0.8745722 -0.4909876
1.508278 0.8745722 -0.4909876
1.508278 0.8745722 -0.4909876
1.508278 0.8745722 -0.4909876
1.508278 0.8745722 -0.4909876
1.632437 1.428196 -0.05177155
1.632437 1.428196 -0.05177155
1.632437 1.428196 -0.05177155
1.632437 1.428196 -0.05177155
1.632437 1.428196 -0.05177155
1.632437 1.428196 -0.05177155
1.632437 1.428196 -0.05177155
1.632437 1.428196 -0.05177155
1.68782 1.499298 -0.109419
1.68782 1.499298 -0.109419
1.68782 1.499298 -0.109419
1.68782 1.499298 -0.109419
1.68782 1.499298 -0.109419
1.68782 1.499298 -0.109419
1.68782 1.499298 -0.109419
1.68782 1.499298 -0.109419
1.68782 1.499298 -0.109419
1.68782 1.499298 -0.109419
1.68782 1.499298 -0.109419
1.68782 1.499298 -0.109419
1.68782 1.499298 -0.109419
1.68782 1.499298 -0.109419
1.68782 1.499298 -0.109419
1.68782 1.499298 -0.109419
1.68782 1.499298 -0.109419
1.68782 1.499298 -0.109419
1.68782 1.499298 -0.109419
1.68782 1.499298 -0.109419
1.68782 1.499298 -0.109419
1.68782 1.499298 -0.109419
1.68782 1.499298 -0.109419
1.68782 1.499298 -0.109419
1.68782 1.499298 -0.109419
1.68782 1.499298 -0.109419
1.68782 1.499298 -0.109419
1.68782 1.499298 -0.109419
1.68782 1.499298 -0.109419
1.68782 1.499298 -0.109419
1.68782 1.499298 -0.109419
1.68782 1.499298 -0.109419
1.68782 1.499298 -0.109419
1.68782 1.499298 -0.109419
1.68782 1.499298 -0.109419
1.68782 1.499298 -0.109419
1.68782 1.499298 -0.109419
1.68782 1.499298 -0.109419
1.68782 1.499298 -0.109419
1.68782 1.499298 -0.109419
1.68782 1.499298 -0.109419
1.68782 1.499298 -0.109419
1.68782 1.499298 -0.109419
1.68782 1.499298 -0.109419
1.68782 1.499298 -0.109419
1.68782 1.499298 -0.109419
1.68782 1.499298 -0.109419
1.68782 1.499298 -0.109419
1.68782 1.499298 -0.109419
1.68782 1.499298 -0.109419
1.68782 1.499298 -0.109419
1.68782 1.499298 -0.109419
1.68782 1.499298 -0.109419
1.68782 1.499298 -0.109419
1.68782 1.499298 -0.109419
2.072814 1.730398 -1.111159
2.072814 1.730398 -1.111159
2.072814 1.730398 -1.111159
2.072814 1.730398 -1.111159
2.072814 1.730398 -1.111159
2.127754 1.793206 -1.188622
2.127754 1.793206 -1.188622
2.127754 1.793206 -1.188622
2.127754 1.793206 -1.188622
2.127754 1.793206 -1.188622
2.127754 1.793206 -1.188622
2.127754 1.793206 -1.188622
2.127754 1.793206 -1.188622
2.127754 1.793206 -1.188622
2.127754 1.793206 -1.188622
2.127754 1.793206 -1.188622
2.127754 1.793206 -1.188622
2.127754 1.793206 -1.188622
2.127754 1.793206 -1.188622
2.127754 1.793206 -1.188622
2.127754 1.793206 -1.188622
2.127754 1.793206 -1.188622
2.127754 1.793206 -1.188622
2.127754 1.793206 -1.188622
2.127754 1.793206 -1.188622
2.127754 1.793206 -1.188622
2.127754 1.793206 -1.188622
2.127754 1.793206 -1.188622
2.127754 1.793206 -1.188622
2.127754 1.793206 -1.188622
2.127754 1.793206 -1.188622
2.127754 1.793206 -1.188622
2.127754 1.793206 -1.188622
2.127754 1.793206 -1.188622
2.127754 1.793206 -1.188622
2.127754 1.793206 -1.188622
2.127754 1.793206 -1.188622
2.127754 1.793206 -1.188622
2.127754 1.793206 -1.188622
2.127754 1.793206 -1.188622
2.127754 1.793206 -1.188622
2.127754 1.793206 -1.188622
2.127754 1.793206 -1.188622
2.127754 1.793206 -1.188622
2.127754 1.793206 -1.188622
2.127754 1.793206 -1.188622
2.127754 1.793206 -1.188622
2.127754 1.793206 -1.188622
2.127754 1.793206 -1.188622
2.127754 1.793206 -1.188622
2.127754 1.793206 -1.188622
2.127754 1.793206 -1.188622
2.127754 1.793206 -1.188622
2.127754 1.793206 -1.188622
2.127754 1.793206 -1.188622
2.127754 1.793206 -1.188622
2.127754 1.793206 -1.188622
2.127754 1.793206 -1.188622
2.127754 1.793206 -1.188622
2.127754 1.793206 -1.188622
2.127754 1.793206 -1.188622
2.127754 1.793206 -1.188622
2.127754 1.793206 -1.188622
2.127754 1.793206 -1.188622
2.127754 1.793206 -1.188622
2.169208 1.879045 -1.249398
2.169208 1.879045 -1.249398
2.169208 1.879045 -1.249398
2.169208 1.879045 -1.249398
2.169208 1.879045 -1.249398
2.169208 1.879045 -1.249398
2.169208 1.879045 -1.249398
2.169208 1.879045 -1.249398
2.169208 1.879045 -1.249398
2.169208 1.879045 -1.249398
2.169208 1.879045 -1.249398
2.169208 1.879045 -1.249398
2.169208 1.879045 -1.249398
2.169208 1.879045 -1.249398
2.169208 1.879045 -1.249398
2.169208 1.879045 -1.249398
2.169208 1.879045 -1.249398
2.169208 1.879045 -1.249398
2.169208 1.879045 -1.249398
2.169208 1.879045 -1.249398
2.169208 1.879045 -1.249398
2.169208 1.879045 -1.249398
2.169208 1.879045 -1.249398
2.169208 1.879045 -1.249398
2.169208 1.879045 -1.249398
2.169208 1.879045 -1.249398
2.169208 1.879045 -1.249398
2.169208 1.879045 -1.249398
2.169208 1.879045 -1.249398
2.169208 1.879045 -1.249398
2.169208 1.879045 -1.249398
2.169208 1.879045 -1.249398
2.169208 1.879045 -1.249398
2.169208 1.879045 -1.249398
2.169208 1.879045 -1.249398
2.169208 1.879045 -1.249398
2.169208 1.879045 -1.249398
2.169208 1.879045 -1.249398
2.169208 1.879045 -1.249398
2.169208 1.879045 -1.249398
2.169208 1.879045 -1.249398
2.169208 1.879045 -1.249398
2.169208 1.879045 -1.249398
2.169208 1.879045 -1.249398
2.169208 1.879045 -1.249398
2.169208 1.879045 -1.249398
2.169208 1.879045 -1.249398
2.169208 1.879045 -1.249398
2.169208 1.879045 -1.249398
2.169208 1.879045 -1.249398
2.169208 1.879045 -1.249398
2.169208 1.879045 -1.249398
2.169208 1.879045 -1.249398
2.169208 1.879045 -1.249398
2.169208 1.879045 -1.249398
2.169208 1.879045 -1.249398
2.169208 1.879045 -1.249398
2.169208 1.879045 -1.249398
2.169208 1.879045 -1.249398
2.169208 1.879045 -1.249398
2.289011 1.98498 -1.299281
2.289011 1.98498 -1.299281
2.289011 1.98498 -1.299281
2.289011 1.98498 -1.299281
2.289011 1.98498 -1.299281
2.289011 1.98498 -1.299281
2.289011 1.98498 -1.299281
2.289011 1.98498 -1.299281
2.289011 1.98498 -1.299281
2.289011 1.98498 -1.299281
2.289011 1.98498 -1.299281
2.289011 1.98498 -1.299281
2.289011 1.98498 -1.299281
2.289011 1.98498 -1.299281
2.289011 1.98498 -1.299281
2.289011 1.98498 -1.299281
2.289011 1.98498 -1.299281
2.289011 1.98498 -1.299281
2.289011 1.98498 -1.299281
2.289011 1.98498 -1.299281
2.289011 1.98498 -1.299281
2.289011 1.98498 -1.299281
2.289011 1.98498 -1.299281
2.289011 1.98498 -1.299281
2.289011 1.98498 -1.299281
2.289011 1.98498 -1.299281
2.289011 1.98498 -1.299281
2.289011 1.98498 -1.299281
2.289011 1.98498 -1.299281
2.289011 1.98498 -1.299281
2.289011 1.98498 -1.299281
2.289011 1.98498 -1.299281
2.289011 1.98498 -1.299281
2.289011 1.98498 -1.299281
2.289011 1.98498 -1.299281
2.289011 1.98498 -1.299281
2.289011 1.98498 -1.299281
2.289011 1.98498 -1.299281
2.289011 1.98498 -1.299281
2.289011 1.98498 -1.299281
2.289011 1.98498 -1.299281
2.289011 1.98498 -1.299281
2.289011 1.98498 -1.299281
2.289011 1.98498 -1.299281
2.289011 1.98498 -1.299281
2.289011 1.98498 -1.299281
2.289011 1.98498 -1.299281
2.289011 1.98498 -1.299281
2.289011 1.98498 -1.299281
2.289011 1.98498 -1.299281
2.289011 1.98498 -1.299281
2.289011 1.98498 -1.299281
2.289011 1.98498 -1.299281
2.289011 1.98498 -1.299281
2.289011 1.98498 -1.299281
2.289011 1.98498 -1.299281
2.289011 1.98498 -1.299281
2.289011 1.98498 -1.299281
2.289011 1.98498 -1.299281
2.289011 1.98498 -1.299281
2.327388 2.032263 -1.362846
2.327388 2.032263 -1.362846
2.327388 2.032263 -1.362846
2.327388 2.032263 -1.362846
2.327388 2.032263 -1.362846
2.327388 2.032263 -1.362846
2.327388 2.032263 -1.362846
2.327388 2.032263 -1.362846
2.327388 2.032263 -1.362846
2.327388 2.032263 -1.362846
2.327388 2.032263 -1.362846
2.327388 2.032263 -1.362846
2.327388 2.032263 -1.362846
2.327388 2.032263 -1.362846
2.327388 2.032263 -1.362846
2.279635 2.106519 -1.262091
2.279635 2.106519 -1.262091
2.279635 2.106519 -1.262091
2.279635 2.106519 -1.262091
2.279635 2.106519 -1.262091
