1 145.8107 0.02916214 2.718373 5.511232 -3.663709 0.2760772 0.7461752 -0.7009548 0.7461752 3.397842 -2.238745 -0.7009548 -2.238745 4.622598
2 120.7708 0.02415416 2.550717 4.243536 -1.857874 0.1155994 0.2965822 -0.1314596 0.2965822 3.102563 0.2451752 -0.1314596 0.2451752 0.4038006
3 276.2791 0.05525582 2.595482 4.352018 -1.933561 0.07686711 0.1027084 -0.1106254 0.1027084 1.417726 0.18919 -0.1106254 0.18919 0.2989968
4 286.2221 0.05724442 2.612339 4.227381 -1.981896 0.05955127 0.05463854 -0.09044879 0.05463854 1.206943 0.2349247 -0.09044879 0.2349247 0.2597012
5 272.3744 0.05447487 2.636429 4.055474 -2.069579 0.05385657 0.03060262 -0.08646794 0.03060262 1.080913 0.2518654 -0.08646794 0.2518654 0.252782
6 268.6031 0.05372061 2.659581 3.906294 -2.154035 0.05082466 0.01891265 -0.08524818 0.01891265 0.9284119 0.2409574 -0.08524818 0.2409574 0.2490759
7 249.8683 0.04997366 2.681279 3.736248 -2.238205 0.04912647 0.004072493 -0.08539116 0.004072493 0.7685673 0.2347596 -0.08539116 0.2347596 0.2467635
8 235.3397 0.04706793 2.697696 3.52896 -2.331405 0.04956931 -0.0006370924 -0.08876354 -0.0006370924 0.6277632 0.2078552 -0.08876354 0.2078552 0.2492415
9 232.0938 0.04641876 2.70997 3.410695 -2.390154 0.0520648 0.001234057 -0.09203094 0.001234057 0.5077462 0.173477 -0.09203094 0.173477 0.246216
10 239.5667 0.04791333 2.721016 3.262954 -2.452356 0.04925876 0.007684966 -0.08325051 0.007684966 0.411104 0.1332087 -0.08325051 0.1332087 0.2136805
11 233.9044 0.04678087 2.752764 3.16935 -2.544438 0.05026107 0.02069565 -0.0817965 0.02069565 0.3327666 0.08521541 -0.0817965 0.08521541 0.1960018
12 233.733 0.04674661 2.769935 3.10413 -2.608422 0.05063879 0.02355248 -0.08007494 0.02355248 0.2773934 0.06230009 -0.08007494 0.06230009 0.1836091
13 237.4865 0.0474973 2.810307 3.04963 -2.698799 0.05521584 0.02273608 -0.08913694 0.02273608 0.2166419 0.04239401 -0.08913694 0.04239401 0.1921352
14 221.9094 0.04438188 2.827656 2.979564 -2.765135 0.05402055 0.02392092 -0.08909078 0.02392092 0.1825049 0.02740224 -0.08909078 0.02740224 0.1918487
15 234.4456 0.04688912 2.851927 2.928672 -2.836068 0.05358128 0.02478376 -0.08910331 0.02478376 0.1593823 0.01433002 -0.08910331 0.01433002 0.1883576
16 222.4679 0.04449359 2.854574 2.884794 -2.856527 0.05224777 0.02838356 -0.08428455 0.02838356 0.1438082 0.004852277 -0.08428455 0.004852277 0.1760869
17 230.6028 0.04612055 2.871867 2.856753 -2.896639 0.04781368 0.03004328 -0.07442153 0.03004328 0.1298881 -0.001242005 -0.07442153 -0.001242005 0.1547027
18 240.0664 0.04801327 2.875794 2.839442 -2.913482 0.04957882 0.03307749 -0.07693483 0.03307749 0.1121417 -0.01620512 -0.07693483 -0.01620512 0.1541223
19 231.2555 0.0462511 2.885893 2.836344 -2.933055 0.05032395 0.0350323 -0.07636708 0.0350323 0.1111009 -0.01804789 -0.07636708 -0.01804789 0.1506781
20 239.9515 0.0479903 2.89694 2.815373 -2.972473 0.0544136 0.03336388 -0.08565108 0.03336388 0.1036338 -0.01743523 -0.08565108 -0.01743523 0.1712087
21 229.7667 0.04595335 2.928536 2.834031 -3.018774 0.05480074 0.0381256 -0.08430592 0.0381256 0.0999806 -0.027313 -0.08430592 -0.027313 0.1655844
22 235.865 0.04717299 2.923474 2.825434 -3.018003 0.05403814 0.03930151 -0.08310764 0.03930151 0.1056939 -0.02714921 -0.08310764 -0.02714921 0.1635753
23 210.7604 0.04215207 2.922063 2.814869 -3.026808 0.06401526 0.04587836 -0.09787081 0.04587836 0.1062321 -0.03765546 -0.09787081 -0.03765546 0.1853044
24 213.7936 0.04275871 2.906753 2.794898 -3.002385 0.06840489 0.05162275 -0.1012431 0.05162275 0.1119382 -0.04306452 -0.1012431 -0.04306452 0.1883412
25 224.0141 0.04480282 2.909688 2.800397 -3.007102 0.06600816 0.04826156 -0.09625525 0.04826156 0.105271 -0.03884011 -0.09625525 -0.03884011 0.1771677
26 208.2523 0.04165047 2.919511 2.79981 -3.027331 0.06057311 0.04310505 -0.09039411 0.04310505 0.09846787 -0.03387346 -0.09039411 -0.03387346 0.170508
27 224.6282 0.04492565 2.924768 2.80502 -3.040699 0.05899218 0.04125535 -0.08829527 0.04125535 0.1006774 -0.02922293 -0.08829527 -0.02922293 0.1685856
28 215.2964 0.04305928 2.925999 2.806094 -3.048993 0.06083945 0.04334054 -0.08915544 0.04334054 0.09729016 -0.03309679 -0.08915544 -0.03309679 0.1650113
29 207.1627 0.04143255 2.937317 2.8021 -3.058338 0.06475667 0.04970936 -0.09345045 0.04970936 0.1105007 -0.04003378 -0.09345045 -0.04003378 0.1694565
30 206.4107 0.04128214 2.924786 2.801898 -3.044444 0.06528823 0.05004003 -0.09521669 0.05004003 0.1126082 -0.04174663 -0.09521669 -0.04174663 0.174846
31 216.0054 0.04320108 2.943256 2.802049 -3.077085 0.06447346 0.05108427 -0.09294207 0.05108427 0.1136033 -0.0421679 -0.09294207 -0.0421679 0.1716286
32 208.3438 0.04166875 2.936746 2.806167 -3.073888 0.06810104 0.05299216 -0.09890878 0.05299216 0.1149 -0.04500289 -0.09890878 -0.04500289 0.1827547
33 212.2331 0.04244662 2.938852 2.811441 -3.06886 0.06292032 0.04982785 -0.09126954 0.04982785 0.1095733 -0.03960811 -0.09126954 -0.03960811 0.1726605
34 232.2851 0.04645703 2.94578 2.815948 -3.077372 0.06423648 0.0489845 -0.09376793 0.0489845 0.1028519 -0.04017187 -0.09376793 -0.04017187 0.176376
35 228.5429 0.04570858 2.941224 2.81121 -3.070604 0.05987827 0.04631758 -0.08542947 0.04631758 0.09768277 -0.03793626 -0.08542947 -0.03793626 0.1597741
36 224.1793 0.04483587 2.935338 2.790418 -3.0672 0.06347395 0.04748367 -0.08969558 0.04748367 0.09491928 -0.04157048 -0.08969558 -0.04157048 0.1609766
37 219.4009 0.04388017 2.947057 2.804812 -3.081359 0.06800924 0.05211793 -0.09558836 0.05211793 0.09897431 -0.0473165 -0.09558836 -0.0473165 0.1685582
38 214.0014 0.04280028 2.925451 2.789697 -3.05168 0.06863616 0.05217773 -0.09742363 0.05217773 0.1016869 -0.04558693 -0.09742363 -0.04558693 0.1745938
39 204.5447 0.04090894 2.937445 2.785716 -3.070188 0.06933966 0.05638616 -0.0964276 0.05638616 0.1093834 -0.04822844 -0.0964276 -0.04822844 0.1711965
40 208.6086 0.04172173 2.961317 2.800962 -3.115473 0.0749459 0.06007787 -0.1036197 0.06007787 0.1145769 -0.05107751 -0.1036197 -0.05107751 0.1831074
41 200.9527 0.04019053 2.955017 2.801798 -3.102641 0.07344594 0.05930735 -0.1037552 0.05930735 0.1116623 -0.0531819 -0.1037552 -0.0531819 0.1864433
42 189.2198 0.03784395 2.964828 2.821781 -3.108346 0.07498261 0.0598875 -0.1049263 0.0598875 0.1146025 -0.05253794 -0.1049263 -0.05253794 0.186612
43 184.2342 0.03684684 2.975085 2.823568 -3.133523 0.07652847 0.06363803 -0.1059724 0.06363803 0.1221665 -0.05698491 -0.1059724 -0.05698491 0.1846226
44 204.234 0.04084679 2.993174 2.834257 -3.169763 0.0797923 0.06490164 -0.1114459 0.06490164 0.1227396 -0.0597921 -0.1114459 -0.0597921 0.1953805
45 192.0031 0.03840062 2.977338 2.8267 -3.13915 0.07259953 0.06602147 -0.09716403 0.06602147 0.1316784 -0.05576377 -0.09716403 -0.05576377 0.1713411
46 210.6579 0.04213157 2.962828 2.806342 -3.118397 0.07032883 0.06207742 -0.09767881 0.06207742 0.1257321 -0.05460027 -0.09767881 -0.05460027 0.1757702
47 218.8263 0.04376527 2.943592 2.780876 -3.091786 0.07259519 0.06565321 -0.09875809 0.06565321 0.1310887 -0.05683859 -0.09875809 -0.05683859 0.174518
48 204.0035 0.0408007 2.944954 2.787513 -3.08678 0.07251394 0.06340351 -0.09961445 0.06340351 0.1283967 -0.05501983 -0.09961445 -0.05501983 0.1760048
49 210.1219 0.04202437 2.955426 2.793762 -3.10685 0.07348096 0.06627419 -0.09819676 0.06627419 0.1318903 -0.05632313 -0.09819676 -0.05632313 0.1700123
50 201.7208 0.04034415 2.979474 2.826226 -3.139045 0.0807834 0.07513342 -0.1073908 0.07513342 0.1445131 -0.06666462 -0.1073908 -0.06666462 0.1822816
51 199.1092 0.03982183 2.990296 2.837216 -3.163426 0.07915 0.07454661 -0.1067045 0.07454661 0.1445683 -0.06791563 -0.1067045 -0.06791563 0.1833529
52 194.2554 0.03885109 2.996021 2.833367 -3.176384 0.07494496 0.0653029 -0.102546 0.0653029 0.1264979 -0.05826382 -0.102546 -0.05826382 0.1780045
53 186.3364 0.03726728 3.016942 2.861285 -3.192828 0.07167331 0.06343629 -0.09964215 0.06343629 0.1248678 -0.05713544 -0.09964215 -0.05713544 0.1755413
54 196.1353 0.03922706 2.972233 2.833181 -3.12759 0.08682954 0.07596109 -0.1222561 0.07596109 0.1410396 -0.0720685 -0.1222561 -0.0720685 0.2136159
55 183.1868 0.03663737 2.971195 2.834954 -3.120662 0.08250019 0.0671432 -0.1172464 0.0671432 0.1286011 -0.06030375 -0.1172464 -0.06030375 0.2080375
56 185.2758 0.03705517 2.965974 2.82346 -3.119381 0.08441798 0.07215765 -0.1168916 0.07215765 0.1353683 -0.06569224 -0.1168916 -0.06569224 0.2036023
57 195.4476 0.03908952 2.94783 2.807061 -3.074823 0.08708654 0.07588576 -0.1196186 0.07588576 0.140172 -0.06950644 -0.1196186 -0.06950644 0.2067046
58 189.1228 0.03782455 2.965463 2.84297 -3.101841 0.09490978 0.0813253 -0.1289402 0.0813253 0.1541514 -0.07156242 -0.1289402 -0.07156242 0.22131
59 185.7643 0.03715286 2.952744 2.812725 -3.105103 0.09413951 0.08014671 -0.1317955 0.08014671 0.1503659 -0.07680145 -0.1317955 -0.07680145 0.224563
60 175.562 0.0351124 2.973365 2.839861 -3.136986 0.1024638 0.08467244 -0.1475093 0.08467244 0.1522942 -0.08550293 -0.1475093 -0.08550293 0.253048
61 168.5437 0.03370875 2.964545 2.822528 -3.120731 0.1108986 0.09476969 -0.1590896 0.09476969 0.1807099 -0.09146124 -0.1590896 -0.09146124 0.2780364
62 187.4087 0.03748175 2.953065 2.821491 -3.097574 0.09818447 0.08260941 -0.1391431 0.08260941 0.1635278 -0.07356852 -0.1391431 -0.07356852 0.2454366
63 185.134 0.03702679 2.946351 2.819751 -3.102694 0.09477784 0.07778539 -0.1323338 0.07778539 0.1562145 -0.06828698 -0.1323338 -0.06828698 0.2346392
64 206.6446 0.04132893 2.95159 2.837101 -3.09098 0.09449687 0.08050698 -0.1301136 0.08050698 0.1539138 -0.07387404 -0.1301136 -0.07387404 0.2251547
65 193.6195 0.03872391 2.973108 2.845927 -3.110424 0.08753846 0.07385403 -0.1203938 0.07385403 0.1405453 -0.06536314 -0.1203938 -0.06536314 0.2096335
66 191.9209 0.03838418 2.981195 2.844676 -3.116614 0.08181465 0.06406446 -0.1170616 0.06406446 0.1227415 -0.05664789 -0.1170616 -0.05664789 0.2113989
67 189.0765 0.0378153 2.982385 2.824775 -3.138914 0.08001852 0.06279109 -0.1156975 0.06279109 0.1166599 -0.05943702 -0.1156975 -0.05943702 0.2079352
68 188.1987 0.03763973 2.976472 2.821017 -3.12886 0.08807417 0.06569332 -0.1300071 0.06569332 0.1212087 -0.06257958 -0.1300071 -0.06257958 0.2357426
69 190.31 0.038062 2.975864 2.826024 -3.133598 0.09566638 0.07093289 -0.1431804 0.07093289 0.1336859 -0.06768519 -0.1431804 -0.06768519 0.2593796
70 175.1528 0.03503056 2.995045 2.832775 -3.174197 0.08866837 0.06824484 -0.1309755 0.06824484 0.1316891 -0.06362447 -0.1309755 -0.06362447 0.2375053
71 187.0417 0.03740835 2.981672 2.833509 -3.148528 0.07648338 0.05892991 -0.113332 0.05892991 0.1224898 -0.05279848 -0.113332 -0.05279848 0.2123323
72 195.3964 0.03907928 2.984501 2.821349 -3.149664 0.07856735 0.05992228 -0.113259 0.05992228 0.1210783 -0.05140719 -0.113259 -0.05140719 0.206733
73 199.9138 0.03998275 2.962828 2.812241 -3.100163 0.08181884 0.06391749 -0.1166221 0.06391749 0.1150451 -0.06261451 -0.1166221 -0.06261451 0.2027736
74 191.5857 0.03831714 2.971937 2.83159 -3.120099 0.08086451 0.0659241 -0.1173808 0.0659241 0.1195836 -0.0670158 -0.1173808 -0.0670158 0.2118653
75 194.8744 0.03897489 3.006767 2.859447 -3.16379 0.1003104 0.08348694 -0.1419915 0.08348694 0.1424479 -0.08546178 -0.1419915 -0.08546178 0.24474
76 172.6449 0.03452898 3.012924 2.854176 -3.190093 0.1007123 0.08086147 -0.1452694 0.08086147 0.1478237 -0.07808957 -0.1452694 -0.07808957 0.2605547
77 183.9248 0.03678496 2.99637 2.844455 -3.154712 0.1042832 0.08525873 -0.1482199 0.08525873 0.1517731 -0.0819639 -0.1482199 -0.0819639 0.2592539
78 172.192 0.03443839 2.981556 2.807739 -3.145845 0.105768 0.07926319 -0.1569737 0.07926319 0.1420698 -0.07480018 -0.1569737 -0.07480018 0.2861558
79 185.1374 0.03702747 2.995017 2.836917 -3.14799 0.1061826 0.08696616 -0.1533064 0.08696616 0.154006 -0.08165992 -0.1533064 -0.08165992 0.2751725
80 172.4284 0.03448567 3.01122 2.871725 -3.169662 0.1017773 0.08380383 -0.1487763 0.08380383 0.1476626 -0.08471698 -0.1487763 -0.08471698 0.266388
81 175.3232 0.03506465 3.000574 2.862179 -3.152199 0.08865171 0.0774149 -0.1248241 0.0774149 0.1426151 -0.07334791 -0.1248241 -0.07334791 0.2224316
82 189.1289 0.03782578 2.989821 2.86231 -3.120786 0.08324994 0.07037496 -0.1160731 0.07037496 0.1390605 -0.06014901 -0.1160731 -0.06014901 0.2076856
83 191.7258 0.03834515 2.996124 2.863682 -3.136066 0.08984977 0.07552396 -0.1237266 0.07552396 0.1572168 -0.05804471 -0.1237266 -0.05804471 0.221751
84 185.5794 0.03711588 2.96254 2.819096 -3.104071 0.08809174 0.08080794 -0.1133718 0.08080794 0.1650665 -0.05628672 -0.1133718 -0.05628672 0.2001292
85 193.6266 0.03872531 2.960591 2.825148 -3.097869 0.08181307 0.07397458 -0.1099396 0.07397458 0.1584041 -0.05446891 -0.1099396 -0.05446891 0.1972238
86 199.7333 0.03994666 2.952632 2.809152 -3.094104 0.07688707 0.06559258 -0.1063897 0.06559258 0.1391499 -0.04941394 -0.1063897 -0.04941394 0.1935615
87 194.6602 0.03893203 2.948131 2.797671 -3.093909 0.07923706 0.06952054 -0.1085091 0.06952054 0.139448 -0.0578647 -0.1085091 -0.0578647 0.1930164
88 207.7419 0.04154838 2.936607 2.806266 -3.082475 0.07593768 0.06332374 -0.1068242 0.06332374 0.1293262 -0.05602208 -0.1068242 -0.05602208 0.1928643
89 210.7319 0.04214638 2.94931 2.83062 -3.098336 0.0821339 0.06848223 -0.1142542 0.06848223 0.1361132 -0.05905191 -0.1142542 -0.05905191 0.2043639
90 204.4689 0.04089378 2.961898 2.82842 -3.120499 0.08206432 0.06678068 -0.1142112 0.06678068 0.1366701 -0.05532464 -0.1142112 -0.05532464 0.2033023
91 205.0857 0.04101713 2.969246 2.820336 -3.131831 0.08301864 0.06861211 -0.1158288 0.06861211 0.1394932 -0.05826437 -0.1158288 -0.05826437 0.2028991
92 191.2988 0.03825975 2.958992 2.810077 -3.118163 0.08042541 0.06495375 -0.113611 0.06495375 0.1392925 -0.05136981 -0.113611 -0.05136981 0.2033643
93 187.143 0.0374286 2.959689 2.828395 -3.118406 0.08332639 0.07188492 -0.1158395 0.07188492 0.1428899 -0.06173188 -0.1158395 -0.06173188 0.2037404
