1003272351
988048912
-1175348987
-1875662205
-872210967
-462196421
1028519674
1845079269
-614959978
-1930871302
-830634324
-1933375378
1025035345
1875200924
58333778
1556438996
-1126448929
715641582
139508321
1045375608
358507894
1926982535
-75670640
-2009278339
-1232818368
758245912
-969362325
1349636660
-1797518634
80763213
1439093391
1542603472
427390655
-1734852001
169738603
1960624176
-1037496846
-1007948391
616354732
902226717
-191080216
-1876303438
-855063780
-829863119
969022385
-549159597
-1651560850
-1879227152
1654604081
-652714934
1980114030
-1595017220
-409855246
1821949229
1094425141
-303037344
214755038
-1623657551
-1578937565
593672869
-308348664
-64591019
-539257024
1165933417
1758498730
1809200877
417855538
238812888
-460524798
1660221152
-1531087442
-547459404
-488960489
2110001474
-401690849
931745041
-943761752
-633817042
579201276
-1459356058
-1232685617
1540390026
-1480382031
623560269
-2021537344
1574192792
28658906
1515419095
49742054
-2020161932
651659506
-63606693
335545686
-1435829861
1623816116
-2104464564
2129353246
-1259274909
75
