445854158
1047172242
-2105268988
-2043902586
-1684449630
-1708605845
-901133033
-418438276
-1846804602
228595154
-915319925
-123853633
1654604128
824603842
1273764747
-554615216
-627128149
-356323944
-1595619758
1726661805
2042659668
-1384644030
779171320
537326019
-1487541916
-462605012
-1296006598
1495586586
-1105194060
-54507526
-689203691
86726078
176398728
-1901448518
843271769
-141900235
947411520
79744741
736453830
-1432033281
-475224294
1082187888
-1061420019
1068095180
-806574025
1486722314
-1726429741
1273133891
825611488
-2038223430
-418417925
1860770685
-366122779
-347940792
-446355723
-1704570020
1002367409
-1473065387
113773815
1688719541
-1984093920
1544531528
1030708770
1658796373
-1941234624
-517717153
-1400260693
1438982382
1254402053
1630629849
-281412037
-399926077
-2086246976
927048266
1539170529
1675489456
443643068
746922988
-471010758
-749038836
134716172
1208036368
1272128242
263960020
-1633206581
-1716745961
-455997366
683113235
-118809741
-1783405726
-462854934
-635363563
894773368
2105084660
1872611038
1799209236
-590501687
-2031189067
75
