-1291265941
2006513585
1204095678
-1054047315
-1947371083
2092500667
1507285877
-1190459488
1503337741
750689869
1824973027
-1657773807
-407279256
-1939728662
392351074
1451565740
-845184211
-955610302
-1373221322
-861055240
941277266
1799448182
-139060348
-1931591071
-2053897097
389441427
-1075006643
2044425333
1961451450
1807897529
1368722987
-701031348
157387774
1970562927
-976275987
1297545827
2090233746
-1880120180
-2018481836
-1122782992
-1776315126
1171189442
1964927155
-1063405457
1155479146
658777449
-132063283
-988479576
1277164886
-1111169797
-1922427136
584234450
-1492920471
-1024224225
1444211859
1743645784
-398046375
262368868
536179121
-2096679821
-88034609
-696955669
1729928031
-401287410
1594840895
-1403678635
1093208382
-1862135660
1231349183
87469705
-1178123109
-1720843972
-914223425
-1553338009
-199580874
-179572570
-772984584
403151934
371344445
1975219074
492411886
-1577320209
1621036932
735805878
-1902611087
1704936712
1788984700
843399677
-998821627
1389989298
-1666274968
1364928231
-1818988071
367590904
648077326
-760569153
1843764067
-1481920203
33
