947611743
200923294
-573752487
905347614
1541812424
151975172
1441593589
484363892
-1022299323
-1984918596
2030757894
-1150910600
-2137525581
-97647396
-1728507587
1739512413
1023126356
-2113318159
1378067664
-423196217
206289193
-601737082
1678601880
954899423
1356839255
1015543489
-1517454707
127232441
-2145090062
-745397289
-1302030279
2023342750
2043148803
-1949563590
896682947
790658149
417385331
-1908804429
-1917592505
744683300
935969141
-1195059274
-1102244991
1622353223
-1616454848
426069461
-1896258268
-1811086545
-2076421316
1249977729
-1746847924
519596518
1511147457
-1625726066
110594502
-647884633
1720493072
-1286286027
1042663049
1159622540
1384891366
-1474967827
-2065342346
-738523184
-1092763001
1481293662
-766988295
-697492107
-304163614
-377159386
112320674
1742912454
2040000250
2092883324
-1349785370
-73374551
-1654789017
2036109600
1915231814
-1613466012
1918107070
-477907773
1976493717
-274006390
-717965868
427854043
-503503743
-2095905547
389204585
371325631
882159136
1343146616
-1701167677
-1130903015
2063287935
-739070338
1454018272
2038516603
19
