-81015780
912776578
1380098499
-960349220
-800805728
1817783218
-526799510
1151175546
-1418655686
-801550013
-1515284091
-1323331584
819826815
-344913445
2035126874
1304335248
256671706
538281901
-1703100091
-1576889066
1339791526
64329357
563143942
69578924
-929382315
1692876633
1393693565
853630152
1850372672
1902600909
1510533501
352885583
2119904637
-1082792982
-540508968
-403453936
1941218845
-144855830
-19103447
1069406457
-2086150824
-1411104030
-729333571
434421079
1039839804
619283826
1439005868
-71673238
-486234125
-1861551668
183003183
988293232
-1897823441
875395962
1823188858
2126421979
-2040907023
-155997188
-2028447032
-851209460
-75224390
-2128417646
-311962771
-1152297383
57302954
-1903934854
-484094955
-1296042262
702563404
-1787053554
785484442
-881966809
1803134896
-925596815
-668089828
312328618
-1861345795
-619025461
-1497200579
359338019
-274744539
-1916500237
1985767172
-469508956
926505383
-703257854
850630591
191174316
2139299895
1011369099
-1627937140
1325517213
1147998557
928857566
436155005
-1324055712
-1963124051
1500174918
39
