-96807022
1024629458
761429523
968192076
-1036236510
854702605
1581379062
97283793
-741518889
693136905
957316946
1744476789
-945033747
-653793604
-1548929489
600711880
-22986729
1254931992
432284933
-1843504757
-1426510779
1809945310
-1127023833
837735733
710881357
-1687034956
-1434415092
-1539719004
1117606961
485797566
-2139911113
-1269502447
-1080786419
-1444670235
1086491731
598961089
-123422842
905044686
90956939
636001908
664790700
-1581529894
-79274117
-2040534327
-2111951494
418258729
-814870814
157875522
1311858938
1171843503
369660267
1722046211
-1448389366
235295596
684156207
1600811695
1269648840
-1459479291
80902133
-541359401
6958440
396778798
-327833845
-1026456398
1778440853
1375987961
-1537914046
-1936046566
1460133869
1906979970
1583448919
1718521205
345219948
66181304
-446204732
-1188571041
-1998270873
-552585990
2008833380
-279361929
235224217
-332293757
-1780167786
664734394
1070321035
379479445
-1372985398
960981008
-458874509
-1037792366
-1185589244
-524749797
1418335570
-1226149189
106158386
320089067
-399291060
-1240125192
95
