1990435150
-2138149867
-457456084
1948428394
-1364313251
-1972429229
-846683490
275350541
574208180
855195706
-270288768
-1953998241
989239915
167230537
-1459955890
1092695995
-524840198
1780483912
-1016725763
904751519
-410503049
-253618160
-1633349395
-589355486
733600720
1256701981
-1812053744
-1868226840
1186087183
-174288822
-356322008
-1230543820
648745006
-60557913
2044347568
1831183015
1680350060
2058545219
-1227082956
979157859
-1610495841
-641147597
-308756979
-2110885688
2096026115
1740861183
978508440
-1649880356
1616724211
-909205855
-434581115
865523887
1306451684
1301852752
1176843163
-2040699852
-760318452
1627871846
-851983187
823100665
939934706
1106861033
219246229
-1848406045
-2063666952
-272940816
93519384
790314612
-1597796634
-714106330
173987449
291698158
-1566191820
1268612181
-1938818022
2125179787
71578536
1322292130
576511600
1110706868
1259029002
-1755910969
-1200859727
301558172
969355065
-392751351
-468488347
1203683395
-1370236455
770076528
278202432
-1551597384
-1284522935
1653022267
464936831
3614990
1775750857
-1965157110
33
