0 1 : 13 19 12  0
0 2 : 17 13 19 12  0
0 1 : 16 13 19 12  0
0 1 : 14  7 19 12  0
0 1 : 22 14  7 19 12  0
0 1 : 11 14  7 19 12  0
0 1 :  9 14  7 19 12  0
0 1 : 18  4 19 12  0
0 1 :  3 13 19 12  0
0 5 : 20 15  2  0
0 1 : 21 20 15  2  0
0 1 : 10  8 20 15  2  0
0 1 :  6 20 15  2  0
0 1 :  5 20 15  2  0
0 1 :  1 20 15  2  0

1 j o 
2 i2 15 
3 a i 
4 i1 18 
5 j n 
6 j m 
7 i1 14 
8 j 10 
9 d g 
10 8 l 
11 d f 
12 i2 19 
13 i1 a 
14 7 d 
15 2 20 
16 a c 
17 a b 
18 4 h 
19 12 i1 
20 15 j 
21 j k 
22 d e 
a 13 17 16 3 
b 17 
c 16 
d 14 22 11 9 
e 22 
f 11 
g 9 
h 18 
i 3 
j 20 21 8 6 5 1 
k 21 
l 10 
m 6 
n 5 
o 1 
i1 19 13 7 4 
i2 2 12 
