-750214060
55569600
658915755
-663032263
282189513
49329437
-776775886
-1272938630
-372827579
-1277824536
-846655470
-595048346
816036149
1930543311
-1519707708
103701133
1545806867
-2094572172
1048515507
-534358044
-1041301315
-856845672
-1030152475
-1012479055
483914604
-1298501443
1508107694
1908839787
1701730967
-1695362684
-1593576203
-2130940953
-148055558
178166366
-1157352621
830198437
2114254347
77914523
1751483455
915530425
2111282029
-1671811432
-1204099086
2135681393
228518638
612057207
2059893457
-1759880779
-153104574
2109001679
-730200252
1308333774
1194883891
361386169
-423698447
1754604373
695991160
-1747645998
-319562560
-1402863665
-122024311
-658696608
-1329026409
-1160011109
1845148075
1915683438
-701448271
1264701220
817294746
-1707698906
-117495065
62401247
2134497609
-1436942875
-191573986
-1231810681
-1911966883
108499261
1368494728
-1884744539
393299050
1207832092
575759852
-276318682
-1181149822
-1779050904
-1219893466
-919537350
254343691
-347758006
654933429
-1831400629
439948772
1111996382
994847528
867541505
-162283071
-812967285
25
