425215637
-109451261
491230603
-588878071
1636980109
686897939
-583205059
-408211621
2129724445
-991961183
-1432325908
-1467005955
-1645218496
1624115500
-1126885522
526041054
1088907467
509131696
1198357974
1531248402
1583235531
-126907975
445888236
1890298931
-1500297816
-1730252480
-1490790468
1970666359
-1630694993
1323709066
-1869466943
892069137
-1161289392
999580057
1460487272
-1034638290
1891009139
-2061982355
852428143
693918710
1557576574
-1574968909
1545780129
-543311521
1608370893
-1555836547
-2127608325
-1518738107
964835723
1230844021
738873977
1061618891
2118915908
-1690711966
-1521164440
-14276916
674887446
864719921
886693170
-1248558144
1331331480
1545261687
-1608058266
-246725255
-1957200519
1261734083
-1636952698
-1009098128
-1514092270
-1666119526
-360975929
-1408088859
50205919
-1966036061
-78090479
1679230019
-1106673679
-2015527800
1154377590
78586610
687502206
916552334
-1318030054
-798149055
2142982103
89428869
951929011
-2125682079
246871327
-1295859844
1527931187
1991572955
2040610489
-1392712153
-1413431015
-671594309
-507502099
498944464
53
