1030924561
351872485
-1508999094
-1178988858
-1869575061
1712536951
2003250504
1769690246
-1157421330
1562749151
-1354776117
1119690626
-1028379515
-1139105719
-133883179
-1526988437
536061890
-522924378
557635408
38333614
-899259701
546807211
-1870276673
-704956289
799327933
-87490772
-485114219
1072954739
-159348590
-1276622701
-144991012
-583077195
-1118361627
1380193504
1525420798
-225881865
-1021246266
-772051996
-1982157660
-1981051310
191134113
399140540
782513362
1473418527
-972071647
-1868055976
285034074
-938727949
-1257110491
401585943
2145789101
1426561189
-263128811
-1744286974
-627629892
1232962906
-2091154816
1247324137
-584024075
-1709156618
1435575597
44171480
616984976
-923699715
-1986094204
-1947398436
-1043711568
-1878796719
1643924648
-1036291399
-1277245486
-154645347
821220948
394831167
-718053090
672458462
91831997
335942739
86230140
-1298563078
-2022438492
1339428957
1379610782
1890487671
419899384
2123958044
1097166478
-1551410224
-2066157618
-95103667
-886296732
-2135436147
-1826180332
332682166
-285293029
-495675421
827467540
1609752866
15
