525265501
1592056663
799462311
364381011
-1623689127
856029070
-1565016579
-548617641
-666576664
-562454290
-431504573
1287447008
-626469045
-1895245977
1629533338
-2053207872
-2028654481
-2033581922
2106229688
64394295
2045728004
2001826784
498540374
-544439026
-985047080
-841768549
-422395775
-1338163671
-30923884
1879587002
1058174752
1909931908
-1253047731
964669375
-412732421
-1922066199
-1314037955
1642032920
-1181323084
-489350944
-1819891031
970789859
-606805280
1674134222
2119415242
-17991141
1685796360
-661940920
1881431542
-656900904
-1829711864
1087698613
1741605554
767093040
-803403145
-2119392531
-119686287
-1638154507
-1960154270
661915708
377085023
1031353166
2115031892
2122391566
-1898375358
162822872
-543711561
398581814
-277904259
1061716372
187723436
1493753070
1785254917
-273246502
-1598850323
13100197
-431186915
580020254
-56887340
415245967
-72659288
-1031609459
-622343946
-1878901809
83539180
-1400650811
1024407715
87247863
1931848581
604507058
1806524708
1049180569
2022564848
-279900362
-778534875
1589661987
-1344933731
1335520008
93
