-1105487658
813475096
821035945
-1402592795
253830231
-1164245116
756930869
1141229009
826790296
-1237705506
-1001175880
-1232086043
2141061259
-1590516651
415355286
1379825509
561575234
1494436471
1267551164
-252899493
249654134
1954299718
530663073
974550448
647144650
746465739
1290104675
12565902
-1436171239
1308204615
754740981
775515151
-1210299594
1764879841
-1275223507
-897156321
1146647200
-80815876
1838384287
933071625
-1245005388
-694697551
-962227774
-1024312124
-1894703858
1218922839
-544369924
1497710165
1416373503
1229667183
418257382
1902038217
-25301026
-37707234
-533180677
-1678516189
1185645142
-194842097
-2068630734
1673833209
-1464648001
-1350409913
-55126416
302735825
-1625678049
2049977603
-1323815387
-1490073508
510885480
-470241874
-521933168
381059878
-1030224621
1051614555
396314258
218960701
-1264651704
-684690546
-1652956046
342138812
-294438016
-1630674629
1661530128
417804744
2124386239
1755193718
216517780
-1897521629
-1776695689
925754263
2067831339
1138244447
-667970992
-1518980995
1308593651
843008655
-1374666778
836826614
81
