-2110113873
21707533
1273097102
1089008801
115383568
1696737124
-1758730376
-1372411570
648444216
1234182197
654265751
549736100
-632742559
-1172292091
-1189685387
60021298
644262005
348284661
1735771960
1198742119
-1321808686
-1175151617
-1886355705
743859494
630248114
-2092028749
-803749206
1991563999
-16593860
1084851537
-141096532
480553465
-987424644
-1973531708
-164410944
851989029
-1569250013
143282200
273406120
-785785127
2136998208
1600047936
1034509743
2138019213
-269972748
-880728850
-1239295802
-1931973908
201021562
60012846
790023191
-412278087
1663605946
963277421
889717084
-292797681
-1233913433
1270157021
1152449221
1755623273
1593600303
1935481150
1648530200
-784710876
1738036882
-1477750423
-211092925
1065827124
-1843062266
1185297492
1460753491
1378194465
-1100631643
2038648079
1857171684
-447234240
-437489291
-1856649576
1457151562
1260015563
-274739795
1429903532
2089792729
718915700
497364511
-384497292
-1820746492
69277326
1470300719
-1287190852
-1407834860
1547413917
-240593849
1332170910
692105447
1819756797
191245749
1408339354
51
