972610026
2010245242
-938713087
1951662114
-448951161
770609712
181687087
-105617746
965208279
1729316176
-932362714
-1138006575
-1444685754
-1892616064
-846107746
-1330238375
1914995630
-933280560
2088463725
588904154
1692958345
-1191605409
1997723034
-1327742511
-739201824
1883326731
246693635
1147113191
-33926491
28034844
1061278315
1375461541
521188545
-1674790839
1615005571
-1456046851
391165583
-481380473
-1679289927
497504897
1714887654
-1725831101
-542529767
-424211930
-1197236508
730923642
-1031345084
231167466
1152323973
1403917677
1322378082
1428425171
-1335461070
1904005803
-865787182
1752539087
1015001065
-506049984
-1037905331
538859552
-1245949966
-704396346
4116822
-1020710361
-1222279948
-1992252837
1212125481
-835306276
1473266417
-620232969
-1290666681
-83258784
-1955524252
-1707157151
2079853169
1529676997
2030851983
1149458998
-264478243
-1024649014
-890883864
-1818329699
594818903
1759168069
-1016035308
1711890322
1323693788
-309193034
1987004111
-1028693401
-73097553
-988285579
1906762339
-1219191168
1395172608
215950244
186466158
-2076882399
93
