-778423759
-1185031416
-771497591
1897149501
1275717015
-1459445706
655532832
-1696100282
919348695
-507174363
1325223665
131870815
-1196260745
-379935358
-342603131
1006649859
-125991962
1997106798
1114166765
-1025410624
572917486
-2055115172
68880247
-2130394669
-70517696
467145477
2141017988
918102667
-1655445154
86625068
-583053146
-1315249320
1063980320
-1863821611
-172474025
796080233
1147313576
-1914922685
-770515358
1744780481
377785308
-931660913
-97987144
-758587871
1553674947
157192907
-306193076
-1993751662
298931703
-1692233774
1977881052
-1171334466
-1910372790
-1855449166
-1577467870
892505078
-818063862
-858017204
-898126314
178754214
-1815706072
-1682168897
-1290196349
227866910
-708285674
-53877927
884362909
1325725004
-1951804032
2007891540
673488881
-2143275139
1737614111
1843814383
-458406756
-104908254
597354234
-1205374898
-477071568
606765746
536394656
-636278028
-562241688
-1092241089
-1363261113
2084971261
1808519832
-690248483
-958355860
1901943892
1629072428
1392035315
1440928196
829568953
1616974266
-710420565
249937901
-394495952
85
