138159734
1541883843
1244089778
-81104546
233612063
-293096151
455605940
-1676791357
1094472917
1283345802
1715640616
1380698703
1741074718
165095896
-2135744397
-760915682
1158846558
865509043
341354874
-622075364
2128522087
-2135893178
1809221334
847091792
-500007660
-1040751972
-1688893232
-2011703625
-527731137
203266723
-876683999
-124414232
542138784
683704241
833876856
1954517445
-379212674
50794573
1071493554
69087076
-1064551294
678118213
741672261
-1523454967
932020133
974675669
637279366
-1297624440
1134276934
-938792490
2048504983
80019772
1312516444
548562253
384532985
-124973912
-998874322
46356766
-5422830
-578942234
1872685355
-597384698
-1143507945
1079979063
69176941
1055681814
688209472
663822560
596373028
-292988450
-184670440
-335240061
-2010139504
547999721
645441512
-41437667
-1537927291
-1898046487
937424782
1084296786
1175537876
-184144052
-2092830555
-1560353480
1452237677
718518567
1067417141
791658070
-1805050640
345199262
414880677
-940845718
1239352060
-435112358
-52476199
-1989756036
417566991
-1837312934
5
