427985725
410740979
584973550
-1711053203
-1347570710
2064056534
-1556406897
995795514
-1916084571
2018639121
-222886046
1919441228
248735042
1139370035
-635335958
-1598099840
152126759
-1481868498
-1411667234
1935558826
663094745
-2087648398
1564736771
1853610872
-1957755706
840158714
354684797
671376504
-426621698
1750755143
677607025
-1726398036
-1757957973
604103475
-41748800
-5526847
67961436
547470458
-1544545371
2138495056
-2071028884
-2087371480
329610396
1230266909
-1589322914
-1382718206
1626255309
-2103685798
1904089178
489253137
-2123866783
-1894572524
1126191237
-1198448356
1263041325
-313968967
564285678
420350873
-1398317633
2080449172
716784126
-1447023117
-1758190677
-734444659
749810395
-140617030
-1707709117
-971001998
-127546274
894634842
435395197
-821855523
176254031
1764515932
-1406823567
38162856
-2138907645
-8239537
-87921205
587149443
1947846269
1087661896
-1654164610
1830843392
1054981278
-743872840
-585620458
-1149222746
-569697201
-98252680
1415454452
-776587503
778523493
407650595
-237398912
-215113543
-18635480
-364062932
85
