-1296259858
-1589049567
-1709173798
-1869635935
1770883598
544702928
-404831878
1512368273
-2065428906
-720124456
960527954
-930661238
-1246958243
-2137688859
-1962877048
-1872473933
-1487054305
-1703732443
-1291942877
2086769042
-1420026183
100511848
1249364248
-1682866907
843389341
1804414373
-206252119
1242464905
-793047470
-1518534706
-683464496
1196611652
1893961619
919182784
863639165
-1780453885
-1697636875
-1191472904
620900651
-409776304
2074474673
-492701304
-1150733291
1448065319
-613521025
1282456285
-72557590
-1924123104
-536135568
668605515
-911366147
-2021246939
-341576319
300990721
128398533
142176863
1406272159
1695835718
1634264050
-1692844341
-656036076
-982207872
483030459
170934137
995921911
-575549587
-1231443090
81986049
1220962247
-13060513
1149679806
-702391583
-674438600
1289150544
-1127228453
1573297787
-523149036
-127031231
-1508146365
2069698589
-258915921
494392301
-1146066471
-1506926988
1133704159
-623206244
-416647172
-378038792
866547858
-924561764
-1029433768
56563885
314186662
-975575732
-1973819624
-1003346376
-527994010
-885056150
75
