-56548092
1759367508
848744702
-1457462683
-436641714
1446930114
1064750260
501615994
-2102303366
-831382933
-489179836
1696080199
125887415
-1830915026
-1009308868
-243680980
945827562
1809900202
-128275411
-2140609026
500350425
1743856023
-651677946
-2131581566
1165139637
1847944476
1617174908
117488170
-1575879764
-426403951
-799018577
736951756
685853446
1122228723
1976969622
-721529486
982057805
-575428900
-705156562
-1123467392
-1094025796
-1755313129
-1268612574
771690770
-1918686548
265647745
309833622
144610135
171972527
-2123197416
1019172607
172378653
1964565129
-1456955001
1669614348
428941096
-1695220480
-834995063
1379481245
281317241
2001647669
-1109873430
-1576142534
545382471
-240864546
-1860901264
871997983
-1437377918
-121817961
936465705
964325543
-2009683445
1935602614
2089731801
-1242681582
361640163
-120534511
1786027270
-314405199
1309176654
-200398166
-461729475
-668315779
-2001833797
1436440090
-117201573
-1528674321
144285129
-15559325
714134289
1922138333
-399595126
-226178371
1300969082
-1162933548
-2072312566
-5713637
1255559348
49
