0 5 : 00011000000001100010100100000010000111001000
0 1 : 00011000000001100010100100000010000111001001
0 3 : 00011000000001100010100100000010001111001000
0 1 : 00011000000001100010100110000010000111001010
0 1 : 00100000001110000000011000111101010000000000
0 3 : 00100010001110000001011000110101010000110000
0 2 : 00100100001000010100010000110000010000000100
0 1 : 00100100101000000000010000110000010000000100
0 1 : 01011001000001101010100100000010001111001000
0 2 : 10100100011000000000010001110000110000000000
