1982203868
-558467173
-144162299
-2080782924
-774756922
153051576
-510374331
2110853852
-1321714969
872017000
-1224661841
1117171624
-1212758371
1964154488
-216218328
-1257464365
1829330425
29876715
1066646773
-812172823
661970976
398470416
-1967257375
428882922
-46704450
-937321528
914553004
1235404983
858874787
1552749715
2057313472
-686779062
1252970952
1780045668
-1963477977
173183028
324498921
907599841
2100254908
-1173248211
1084340092
817097598
304385692
2114532730
1338718471
78860253
-1722854321
838012574
1960873574
-1483669644
-103220374
904382163
-1646573861
1789841329
212072936
-1672135008
-1903774922
420136806
1672738113
-2108846544
-1334947804
-875802669
-783649337
-349666816
754485909
-1455175599
1946869701
225698827
-1750371036
-1607273646
-30931565
-1445804576
1016061820
429871948
1124682699
-576328965
-1140686503
1294999507
575820952
-803070172
83709622
1655873780
1396007911
-2104742538
-435997510
-1647041043
-477554849
1805742218
-1007924362
574944241
-1655827315
494711254
-1681308049
1847674897
-109324181
1890193654
1618302105
-383396102
77
