-1945214086
-149943331
-747119972
805892790
1968181007
-315666786
-1383912668
35367987
-801688062
1563294935
1050480193
-812476592
-2013201842
2012791491
-1888285023
1030310844
1442528080
1721189335
-1884792087
-1111863948
490562140
1728123885
548853552
-2144077390
1694300142
789776310
-1642222656
-404284835
2016499504
-543053948
495325475
-1299310598
-268143957
789208224
2086048279
-589571329
-186648967
-2058836596
1956574230
-1049034029
-1768246846
-1037247429
-1430897487
-1096289403
1433877560
-960906389
1210551563
-2010956721
617726689
-188894122
-1840566326
-712276232
-513412636
-1776929487
1772611137
-2081505800
1320639264
1502765794
1910098222
631570826
359271136
-1891384563
-1185503925
-1708048349
1516682533
-2093133638
1367813806
403230026
-868334552
35437117
138815159
348769638
-1549607437
-692812335
1437971958
1266535550
-1205817267
237191023
-51316957
1335098767
852711161
-714334905
-487502214
-373096094
-151388471
578859064
-954786893
36264740
-1324534638
-1948041163
1870179785
803180299
977526826
-701733551
-1171448498
2059468602
-1290898618
1609138978
81
