-632651835
1442672202
614017359
-906173855
100134404
1462678331
260357385
-1483683009
996871001
-1194816006
154530496
-1885140467
1674187826
1248300729
-1792555868
1517737469
-1481826367
1568652139
-1114686934
-1518574952
1429236556
-474132100
-1338831892
-252840867
-1429894026
1856017685
-1648717091
1912367913
209330494
-1506840276
-559571510
123934004
1452867600
-1913596144
-394339070
-1862924598
-249941383
-1029241780
-786802998
536011561
-954334024
1860649249
-1327928432
-1777417069
2000610119
-733668659
-1019305681
-991582117
-652956438
189505757
570232192
-813241722
887549848
2097248292
-1555142536
-1909817216
-1144740428
696573719
1121289790
14105755
-1444504572
821583909
-302924473
1363963788
-541977981
871958826
788258339
2144323635
-1869672686
864355546
2069740355
-1647445511
-588091875
-1463892216
960344274
940318778
2067782013
-874735639
652172961
1113176135
292762202
-2105892939
649211382
1935189678
234027588
451835061
693561345
-1569499943
-1776945403
-82926609
464171134
392416761
1172914952
88877312
1416056644
-1995320726
552726833
584970085
21
