-313714781
-899587739
-1426268967
-875772604
1719444321
-2077168005
-1847435170
2069865853
-889563789
-866724300
-1631824808
23437462
-1743370206
-2040077800
710764397
228250959
-1647531277
832431522
-499433933
-1191218077
1396733961
1937671141
614674902
674644977
-1323040576
-298175940
1018247149
623337458
434662679
-42743966
-543077884
1566869301
-1927518254
-1977165496
-2020166838
1262821108
748830459
32008753
462905246
-1054412909
1780586684
-1016987721
-1111042518
-949338350
-1475807745
-1963984034
-623707737
739204242
1443772189
180940544
2128270882
1171166748
557093925
325479081
-1283131296
-625574394
1191758254
2044672508
1238994621
1348746389
394781163
-1343251710
1252372103
-2019347237
-2131037359
-1395906520
-803152898
-443362955
2027728107
1735518445
2095069306
1799460314
577139558
2004016368
-458236231
-847799136
1059161560
317773308
-1631713450
-607668270
2041325928
1626097102
-1114745465
266735318
1919843849
-1489296042
-1997977822
369141794
1161704879
394607424
177200185
272172538
1761207608
-1856851180
-754746764
-1568333976
-1016131227
1555962115
23
