-220483099
804706303
473370110
612349569
1643754281
-1473071542
-303869360
-1853217115
-2021930796
-1970432446
1948964015
1848592708
-64874645
-284946318
-617918531
-1375849693
-1543998221
613783573
283640183
1817297345
13913558
-908347333
-370700131
2129022320
799842529
-1816100592
1890249146
1305449414
-1725186991
-1684737001
782126032
1625895487
-1566556931
1404180705
-1592546093
-1429183647
1424077518
-1426152550
1427501133
-1252282973
-777268874
-653309629
1603082279
-905107039
799911962
-1182974859
-1694407561
926446618
-46990050
116323499
334411990
576082729
-855650659
-1880302749
1134356943
-744648017
-1771038633
-651799534
2051706188
-228092879
-1272640042
424121358
-829017849
1364404045
1571378353
623358539
316670065
-537359646
-1544712745
-889114109
-619483069
-870683795
638796070
778219409
-1853194085
1812796599
1199968989
-1396834599
860983312
-765382507
-1954134738
181834003
-867779679
892474274
1759451497
-1584943626
766398970
641239539
1977476143
-393163569
-1183229427
1062705703
-83566615
1851440638
-427850898
1205634376
-353782018
-1229822338
39
