0.6007888 0.4895605 -0.1951724 -2.058162 0.425478 -0.1818822 0.425478 -2.142332 -0.1302186 -0.1818822 -0.1302186 -2.416608
0.8875085 0.7490529 -0.3332505 -1.945219 0.58726 -0.2753448 0.58726 -2.042258 -0.209092 -0.2753448 -0.209092 -2.421332
1.085738 0.9236251 -0.4772918 -1.922529 0.6629594 -0.3608265 0.6629594 -2.0291 -0.2689593 -0.3608265 -0.2689593 -2.377808
1.281391 1.084284 -0.6001786 -1.926907 0.7086185 -0.4259059 0.7086185 -2.047597 -0.3029134 -0.4259059 -0.3029134 -2.350532
1.501764 1.303875 -0.7418172 -1.965788 0.7430084 -0.4540265 0.7430084 -2.057368 -0.3247462 -0.4540265 -0.3247462 -2.382963
1.778362 1.578972 -0.9167919 -2.018023 0.7651513 -0.4732417 0.7651513 -2.077363 -0.332235 -0.4732417 -0.332235 -2.420698
2.123886 1.912187 -1.155419 -2.079607 0.7783896 -0.493783 0.7783896 -2.118787 -0.3448761 -0.493783 -0.3448761 -2.434643
2.597616 2.402206 -1.494238 -2.156029 0.7831963 -0.4976811 0.7831963 -2.177667 -0.3482011 -0.4976811 -0.3482011 -2.466667
3.268179 3.047271 -1.932758 -2.245829 0.7766498 -0.5016589 0.7766498 -2.260952 -0.3388064 -0.5016589 -0.3388064 -2.488908
4.225295 3.870701 -2.722197 -2.35693 0.7517776 -0.4983575 0.7517776 -2.346442 -0.2876812 -0.4983575 -0.2876812 -2.532298
5.492531 5.037821 -3.839113 -2.497107 0.7164414 -0.4709947 0.7164414 -2.462741 -0.2364979 -0.4709947 -0.2364979 -2.63267
7.065812 6.847165 -5.340403 -2.653871 0.646462 -0.4382472 0.646462 -2.600242 -0.1483933 -0.4382472 -0.1483933 -2.769933
9.012961 9.717697 -7.79086 -2.834433 0.5633436 -0.3815736 0.5633436 -2.854273 -0.01313745 -0.3815736 -0.01313745 -2.995207
11.394 14.36432 -11.59612 -3.03227 0.4498553 -0.3102686 0.4498553 -3.253051 0.2274087 -0.3102686 0.2274087 -3.335446
13.79208 20.81767 -16.57514 -3.224885 0.3287219 -0.2561145 0.3287219 -3.822786 0.5985219 -0.2561145 0.5985219 -3.758272
15.71532 27.74524 -21.20024 -3.395816 0.2433509 -0.2306085 0.2433509 -4.495269 0.9615089 -0.2306085 0.9615089 -4.157226
17.4282 35.12245 -27.91771 -3.568003 0.2394172 -0.149218 0.2394172 -5.209339 1.491954 -0.149218 1.491954 -4.65509
16.29106 24.23878 -17.72387 -3.705796 0.480413 -0.2760076 0.480413 -4.504107 0.6167956 -0.2760076 0.6167956 -3.935942
17.46778 29.68635 -21.48538 -3.876638 0.5780676 -0.2022823 0.5780676 -5.244033 0.8390441 -0.2022823 0.8390441 -4.222779
19.30981 23.78288 -20.00089 -4.1623 0.7346309 -0.08125758 0.7346309 -4.892914 0.3890118 -0.08125758 0.3890118 -4.307364
20.58726 15.49051 -17.98659 -4.450902 0.9768536 0.02970905 0.9768536 -4.384337 -0.1731536 0.02970905 -0.1731536 -4.442147
18.63752 19.34274 -15.45384 -4.32535 0.8291955 -0.3288026 0.8291955 -4.57173 0.07170235 -0.3288026 0.07170235 -4.133821
17.95125 18.44799 -13.75844 -4.330417 0.7829006 -0.4911921 0.7829006 -4.39034 0.05416738 -0.4911921 0.05416738 -4.041669
18.81781 25.85178 -20.65458 -4.479695 0.8970094 -0.4009759 0.8970094 -5.287667 0.5012148 -0.4009759 0.5012148 -4.541396
19.19053 23.37036 -17.24606 -4.636964 0.9660843 -0.4434428 0.9660843 -5.23556 0.1551635 -0.4434428 0.1551635 -4.355069
17.13978 28.62096 -15.19971 -4.560954 0.7967113 -0.8829706 0.7967113 -5.429907 0.6273605 -0.8829706 0.6273605 -4.068029
17.56327 36.74336 -20.99379 -4.758358 0.8920183 -0.9549291 0.8920183 -6.285672 1.247179 -0.9549291 1.247179 -4.462275
17.698 40.7191 -22.40004 -4.926994 1.015083 -1.008237 1.015083 -6.815907 1.414785 -1.008237 1.414785 -4.491316
17.43525 41.67783 -23.89792 -5.057503 1.177201 -1.038988 1.177201 -7.069883 1.523603 -1.038988 1.523603 -4.65838
17.56056 57.01778 -32.09191 -5.292922 1.402221 -1.081971 1.402221 -8.902308 2.329178 -1.081971 2.329178 -5.152365
19.16063 34.63672 -21.7376 -5.535571 1.433325 -1.102722 1.433325 -6.67394 1.188366 -1.102722 1.188366 -4.728322
17.34368 55.0857 -33.89118 -5.79153 1.813091 -1.346149 1.813091 -9.066628 2.537574 -1.346149 2.537574 -5.569561
