0.3735578 0.299861 -0.1152368 -2.201432 0.2732974 -0.1126717 0.2732974 -2.264861 -0.075862 -0.1126717 -0.075862 -2.438179
0.5915699 0.4911569 -0.2084527 -2.049686 0.4371452 -0.1966171 0.4371452 -2.133638 -0.1474194 -0.1966171 -0.1474194 -2.415837
0.7318857 0.6155567 -0.2852359 -1.974966 0.5321625 -0.2623223 0.5321625 -2.069877 -0.2014953 -0.2623223 -0.2014953 -2.390396
0.8375862 0.7058679 -0.3490427 -1.933342 0.593761 -0.3160269 0.593761 -2.039343 -0.2401423 -0.3160269 -0.2401423 -2.367233
0.9234502 0.78163 -0.4023924 -1.914053 0.6385298 -0.3581292 0.6385298 -2.021316 -0.2712838 -0.3581292 -0.2712838 -2.350236
1.001105 0.8532047 -0.4494446 -1.90955 0.6730506 -0.3878568 0.6730506 -2.009892 -0.2939637 -0.3878568 -0.2939637 -2.346994
1.07382 0.9199854 -0.4933214 -1.913341 0.7004634 -0.4132925 0.7004634 -2.004762 -0.3140133 -0.4132925 -0.3140133 -2.344283
1.144643 0.9856785 -0.5354106 -1.923223 0.7232081 -0.4347004 0.7232081 -2.004517 -0.3319807 -0.4347004 -0.3319807 -2.341515
1.215784 1.051064 -0.5756487 -1.93687 0.7426497 -0.4534663 0.7426497 -2.009348 -0.348177 -0.4534663 -0.348177 -2.338229
1.288977 1.116193 -0.6159501 -1.952179 0.759227 -0.4714199 0.759227 -2.019479 -0.3606548 -0.4714199 -0.3606548 -2.334662
1.363939 1.180795 -0.658951 -1.9693 0.7734575 -0.4885768 0.7734575 -2.032848 -0.3699522 -0.4885768 -0.3699522 -2.331166
1.439914 1.245379 -0.7031625 -1.988223 0.7861574 -0.5037535 0.7861574 -2.046547 -0.3778129 -0.5037535 -0.3778129 -2.331886
1.515805 1.310341 -0.747323 -2.008711 0.7977718 -0.5172884 0.7977718 -2.060433 -0.3848147 -0.5172884 -0.3848147 -2.335544
1.591479 1.375214 -0.7907082 -2.030368 0.8089151 -0.5295734 0.8089151 -2.075145 -0.3914369 -0.5295734 -0.3914369 -2.342082
1.667663 1.44085 -0.8321016 -2.052852 0.8199257 -0.5408114 0.8199257 -2.09065 -0.3970435 -0.5408114 -0.3970435 -2.352314
1.744447 1.507392 -0.8723157 -2.07594 0.8302583 -0.5517289 0.8302583 -2.105931 -0.400574 -0.5517289 -0.400574 -2.364094
1.822139 1.573805 -0.9123055 -2.099495 0.8402194 -0.5626875 0.8402194 -2.122142 -0.4025738 -0.5626875 -0.4025738 -2.377196
1.900661 1.640608 -0.9517936 -2.123597 0.8503415 -0.5738456 0.8503415 -2.140397 -0.4030349 -0.5738456 -0.4030349 -2.390415
1.979329 1.707316 -0.9895284 -2.148278 0.8606545 -0.5848751 0.8606545 -2.159819 -0.4030024 -0.5848751 -0.4030024 -2.40499
2.058891 1.771207 -1.025686 -2.173298 0.8709161 -0.5957357 0.8709161 -2.17972 -0.4031647 -0.5957357 -0.4031647 -2.420014
2.139209 1.833128 -1.061719 -2.198621 0.8809865 -0.6067359 0.8809865 -2.199938 -0.4030497 -0.6067359 -0.4030497 -2.435741
2.219411 1.894148 -1.095617 -2.22419 0.8906445 -0.6173964 0.8906445 -2.219666 -0.4033567 -0.6173964 -0.4033567 -2.451913
2.299593 1.954981 -1.126334 -2.249973 0.8999132 -0.6274588 0.8999132 -2.238589 -0.4043079 -0.6274588 -0.4043079 -2.467726
2.379596 2.014087 -1.156518 -2.275882 0.9089165 -0.6373886 0.9089165 -2.257617 -0.4053269 -0.6373886 -0.4053269 -2.48152
2.458941 2.073094 -1.185504 -2.302008 0.9178707 -0.6472052 0.9178707 -2.27677 -0.4060588 -0.6472052 -0.4060588 -2.493479
2.537449 2.134393 -1.21221 -2.328277 0.9266375 -0.6571845 0.9266375 -2.295202 -0.4063995 -0.6571845 -0.4063995 -2.506819
2.615764 2.195395 -1.239696 -2.354846 0.9356718 -0.66761 0.9356718 -2.313827 -0.4055747 -0.66761 -0.4055747 -2.519887
2.693886 2.255992 -1.264926 -2.381653 0.9449896 -0.6784242 0.9449896 -2.333015 -0.4042061 -0.6784242 -0.4042061 -2.531834
2.772532 2.314688 -1.291137 -2.408694 0.9545425 -0.689231 0.9545425 -2.35294 -0.4028314 -0.689231 -0.4028314 -2.543761
2.851062 2.372557 -1.317342 -2.43608 0.9645341 -0.7001856 0.9645341 -2.373736 -0.4012039 -0.7001856 -0.4012039 -2.555448
2.930044 2.429011 -1.344587 -2.463757 0.9748397 -0.7114661 0.9748397 -2.395011 -0.3990881 -0.7114661 -0.3990881 -2.567633
3.008574 2.485825 -1.37294 -2.491895 0.9857802 -0.7230098 0.9857802 -2.41777 -0.396279 -0.7230098 -0.396279 -2.579356
