2.058537 1.987784 -0.4604467
2.058537 1.987784 -0.4604467
2.058537 1.987784 -0.4604467
1.857996 1.721302 -0.4382136
1.857996 1.721302 -0.4382136
2.265051 2.125623 -1.111307
2.265051 2.125623 -1.111307
1.998287 1.57328 -0.9951776
1.998287 1.57328 -0.9951776
2.192545 1.633061 -1.076139
2.192545 1.633061 -1.076139
2.285331 1.747938 -1.384469
2.285331 1.747938 -1.384469
2.285909 1.98463 -1.223667
2.285909 1.98463 -1.223667
2.285909 1.98463 -1.223667
2.285909 1.98463 -1.223667
2.285909 1.98463 -1.223667
2.285909 1.98463 -1.223667
2.285909 1.98463 -1.223667
2.490546 2.302607 -1.5565
2.490546 2.302607 -1.5565
2.490546 2.302607 -1.5565
2.490546 2.302607 -1.5565
2.553417 2.239357 -1.721525
2.553417 2.239357 -1.721525
2.553417 2.239357 -1.721525
2.553417 2.239357 -1.721525
2.553417 2.239357 -1.721525
2.553417 2.239357 -1.721525
2.553417 2.239357 -1.721525
2.553417 2.239357 -1.721525
2.553417 2.239357 -1.721525
2.553417 2.239357 -1.721525
2.744489 2.077129 -2.035283
2.55074 2.578977 -1.604222
2.55074 2.578977 -1.604222
2.792054 2.681721 -1.88834
2.792054 2.681721 -1.88834
2.792054 2.681721 -1.88834
2.792054 2.681721 -1.88834
2.73126 2.518853 -1.721233
2.282359 2.239002 -0.7709358
2.616591 2.248805 -1.455163
2.903465 2.293382 -2.407193
2.458822 2.163283 -1.587472
2.696674 2.680581 -1.776063
2.787005 2.837586 -1.748103
2.787005 2.837586 -1.748103
2.648364 2.742351 -1.709794
2.648364 2.742351 -1.709794
2.648364 2.742351 -1.709794
3.05653 2.576533 -2.554467
2.611334 2.513982 -1.909012
2.628938 2.49495 -1.937357
2.628938 2.49495 -1.937357
2.628938 2.49495 -1.937357
2.628938 2.49495 -1.937357
2.652435 2.472144 -1.632101
2.652435 2.472144 -1.632101
3.14725 2.557218 -2.618377
2.623502 3.011985 -1.591788
2.623502 3.011985 -1.591788
3.018158 2.990001 -2.310501
3.018158 2.990001 -2.310501
3.018158 2.990001 -2.310501
3.067062 3.157638 -2.335653
3.067062 3.157638 -2.335653
3.067062 3.157638 -2.335653
2.969362 2.579662 -2.386214
2.969362 2.579662 -2.386214
2.969362 2.579662 -2.386214
2.813863 2.803324 -2.014173
2.813863 2.803324 -2.014173
2.813863 2.803324 -2.014173
2.813863 2.803324 -2.014173
2.713681 2.332798 -1.949958
2.713681 2.332798 -1.949958
2.675468 2.178123 -2.095591
2.675468 2.178123 -2.095591
2.639276 2.789452 -1.511315
2.92476 2.684063 -2.281062
2.92476 2.684063 -2.281062
2.92476 2.684063 -2.281062
2.92476 2.684063 -2.281062
2.92476 2.684063 -2.281062
2.92476 2.684063 -2.281062
2.92476 2.684063 -2.281062
2.92476 2.684063 -2.281062
2.92476 2.684063 -2.281062
2.92476 2.684063 -2.281062
2.92476 2.684063 -2.281062
2.92476 2.684063 -2.281062
2.92476 2.684063 -2.281062
2.92476 2.684063 -2.281062
2.92476 2.684063 -2.281062
2.92476 2.684063 -2.281062
