1.520321 1.295188 -0.4732704
1.520321 1.295188 -0.4732704
2.124104 1.673332 -1.172612
2.124104 1.673332 -1.172612
2.124104 1.673332 -1.172612
1.92462 1.981577 -0.6460951
2.13476 1.697662 -1.725803
2.071532 1.470525 -1.676287
2.100444 2.05794 -0.8971439
2.518805 1.892339 -1.820907
2.656038 2.348881 -2.001777
2.396018 2.35385 -1.529654
2.396018 2.35385 -1.529654
2.396018 2.35385 -1.529654
2.396018 2.35385 -1.529654
2.14478 1.831202 -1.290448
2.14478 1.831202 -1.290448
2.530721 1.740624 -2.150377
2.682928 2.410503 -1.913057
2.682928 2.410503 -1.913057
2.497651 2.184007 -2.218576
2.497651 2.184007 -2.218576
2.497651 2.184007 -2.218576
2.497651 2.184007 -2.218576
2.497651 2.184007 -2.218576
2.146657 1.807737 -1.193894
2.263632 1.922857 -1.154268
2.263632 1.922857 -1.154268
2.534774 1.875733 -2.079375
2.534774 1.875733 -2.079375
2.534774 1.875733 -2.079375
2.534774 1.875733 -2.079375
2.042846 1.492858 -1.457363
2.428195 2.609504 -1.781299
2.428195 2.609504 -1.781299
2.06509 1.455647 -1.283561
2.573862 1.959721 -2.275493
2.573862 1.959721 -2.275493
2.573862 1.959721 -2.275493
2.594857 2.384704 -1.850312
2.594857 2.384704 -1.850312
2.594857 2.384704 -1.850312
2.594857 2.384704 -1.850312
2.594857 2.384704 -1.850312
2.794127 2.419763 -2.279982
2.794127 2.419763 -2.279982
2.794127 2.419763 -2.279982
2.794127 2.419763 -2.279982
2.794127 2.419763 -2.279982
2.794127 2.419763 -2.279982
2.794127 2.419763 -2.279982
2.794127 2.419763 -2.279982
2.794127 2.419763 -2.279982
3.191642 3.112574 -2.796831
3.191642 3.112574 -2.796831
3.191642 3.112574 -2.796831
3.191642 3.112574 -2.796831
3.191642 3.112574 -2.796831
3.191642 3.112574 -2.796831
2.808203 2.428697 -2.386991
2.808203 2.428697 -2.386991
2.808203 2.428697 -2.386991
2.791447 2.170831 -2.566052
3.418267 3.067824 -3.144542
2.845172 2.4548 -2.045837
2.328577 2.633148 -1.296728
2.524719 2.33418 -1.633101
2.524719 2.33418 -1.633101
2.632687 2.250967 -2.447045
2.972194 2.319572 -2.397143
2.449922 2.473524 -2.12297
2.948155 2.663686 -2.522616
2.948155 2.663686 -2.522616
2.948155 2.663686 -2.522616
2.478672 2.726741 -1.58268
2.478672 2.726741 -1.58268
2.478672 2.726741 -1.58268
2.739291 2.662082 -1.8635
2.739291 2.662082 -1.8635
2.739291 2.662082 -1.8635
2.739291 2.662082 -1.8635
2.739291 2.662082 -1.8635
2.622943 2.812668 -1.881081
2.92529 2.946895 -2.455416
2.92529 2.946895 -2.455416
2.92529 2.946895 -2.455416
2.546537 2.744659 -1.857363
3.239148 2.957008 -2.647992
2.985322 3.155751 -2.163493
2.833071 2.960159 -2.180165
2.833071 2.960159 -2.180165
2.597363 2.322639 -2.199148
2.597363 2.322639 -2.199148
2.669342 2.515285 -2.054114
2.669342 2.515285 -2.054114
2.669342 2.515285 -2.054114
2.669342 2.515285 -2.054114
