2.092106 1.196642 -1.395153
2.205573 2.346236 -0.7853207
2.196866 2.365603 -1.297562
2.196866 2.365603 -1.297562
2.196866 2.365603 -1.297562
2.386736 2.278318 -1.765262
2.336901 2.505271 -1.432813
2.336901 2.505271 -1.432813
2.336901 2.505271 -1.432813
2.336901 2.505271 -1.432813
2.336901 2.505271 -1.432813
2.336901 2.505271 -1.432813
2.336901 2.505271 -1.432813
2.470518 2.389965 -1.588126
2.388688 2.641959 -1.579861
2.388688 2.641959 -1.579861
2.388688 2.641959 -1.579861
2.388688 2.641959 -1.579861
2.949415 3.353529 -2.010473
2.813356 2.6734 -2.443718
2.401504 2.55327 -1.440032
2.401504 2.55327 -1.440032
2.401504 2.55327 -1.440032
2.401504 2.55327 -1.440032
2.401504 2.55327 -1.440032
2.261427 2.172383 -1.436808
2.617448 2.289878 -2.057138
2.617448 2.289878 -2.057138
2.617448 2.289878 -2.057138
2.617448 2.289878 -2.057138
2.392582 2.35576 -1.573041
2.392582 2.35576 -1.573041
2.77248 3.187326 -1.685122
2.690462 2.21418 -1.984598
2.7662 2.931126 -2.185808
2.7662 2.931126 -2.185808
2.7662 2.931126 -2.185808
2.7662 2.931126 -2.185808
2.685409 2.377335 -2.241214
3.070908 3.310472 -2.212442
3.070908 3.310472 -2.212442
3.070908 3.310472 -2.212442
3.070908 3.310472 -2.212442
2.71213 2.890085 -2.14205
2.71213 2.890085 -2.14205
2.575695 3.15439 -1.818224
2.575695 3.15439 -1.818224
2.575695 3.15439 -1.818224
2.575695 3.15439 -1.818224
2.928073 2.950633 -2.618015
2.824735 2.802096 -2.461815
2.425899 2.796333 -1.499203
2.425899 2.796333 -1.499203
2.425899 2.796333 -1.499203
2.976122 3.251365 -2.278895
2.940087 3.103525 -2.536659
2.81186 2.623876 -1.767832
2.857971 3.040722 -1.824645
2.734246 2.503358 -2.066583
2.734246 2.503358 -2.066583
2.734246 2.503358 -2.066583
2.374606 2.064477 -1.757438
2.374606 2.064477 -1.757438
3.094858 3.118007 -2.686954
2.940759 2.528541 -2.188779
2.47012 2.366654 -1.933867
2.770234 3.190292 -2.189247
2.719332 2.128067 -2.115817
2.659285 2.402332 -2.118342
3.127818 2.941294 -2.670664
3.127818 2.941294 -2.670664
3.127818 2.941294 -2.670664
2.514773 2.809175 -1.6558
2.514773 2.809175 -1.6558
2.638681 2.599435 -1.996727
2.834196 2.937626 -1.927799
2.840935 2.61521 -2.482324
2.840935 2.61521 -2.482324
2.840935 2.61521 -2.482324
3.12619 3.141428 -2.398907
3.12619 3.141428 -2.398907
3.553386 3.505761 -3.112909
2.625708 2.715795 -2.086499
2.826064 2.801675 -1.976842
2.826064 2.801675 -1.976842
2.79597 2.969313 -2.372303
2.79597 2.969313 -2.372303
3.217831 3.13485 -2.848641
2.903784 3.735192 -2.262682
2.972847 2.922285 -2.079656
2.705506 2.463918 -2.23983
2.705506 2.463918 -2.23983
2.984892 2.981593 -2.650472
2.984892 2.981593 -2.650472
2.984892 2.981593 -2.650472
2.984892 2.981593 -2.650472
2.984892 2.981593 -2.650472
