470012402
-1773072712
-2130106810
1477995246
1148647673
1739951401
-1602335311
-139642918
526866995
-1144655973
1737457225
1585479822
-111592749
-1328190173
1542456913
-1472859944
-1243471328
-1320928861
1562889988
-446936756
-2075291816
-934856476
1689748502
-1448487312
821883136
1018762780
1356911700
-1539563923
705116205
-452831786
212763816
161750712
1736820861
-2054015094
-525853212
-1034038755
1845153066
910011293
2016498789
-1256485467
935178849
1093268009
986878307
827234668
-319121234
-540870686
1742552640
-271219964
-2034567213
-1932400106
-1590026499
-1628661466
-1169764222
1971649863
130488177
43905141
547758648
1399057250
-1366081159
-70975830
-914537867
1015496200
-1307398658
-618186644
-317934754
360412875
-447512317
1478623817
844224716
-160120874
198771394
1320339962
1342455143
-327838846
623237765
-1002532978
517821535
-1321018633
-1910947941
882338066
-92709764
1953684388
-303413352
1448460989
354287249
1021336513
-1735009001
1911530812
-686331500
741002398
1616226616
-9493020
-1289741597
842883747
-617745265
-1413104205
-1106858860
-812489429
95
