1103873929
-1418586882
1252052773
-267466660
926229329
878384672
213779610
-2106066325
1275299179
1315970052
322328431
1956603039
1222619007
1276530487
-774870954
1385199020
469932974
392063676
1341061755
-1542657697
-1817234488
436463725
-1801035703
934309469
216875673
-1235770282
390213749
73925391
2070784476
1907615946
-596821179
-450134941
1394870008
-1187189704
-887902460
554219512
1219805330
-464504966
-1720723938
-1013352417
2015736111
-2109535253
1879686222
-674752703
120176525
-1532757661
484130424
-1903887451
-1546856121
1744367921
-431958974
-108686460
770211861
1709593499
2094798679
-1366577857
2045524917
986711531
260076018
77841223
770530413
-176004161
1395477064
-96694121
-2058205073
-1964062956
86441042
-1028388549
-1488009756
409301956
-1264805459
541844270
2009101285
2109789465
-784101851
-1377391007
-299281999
-2023978084
1516645620
-604381845
424134444
-896959672
1763034586
-1020381486
1637174835
-2078718933
-1434636704
-1342662376
1208473818
-1266782548
1487231302
-139548227
-523072426
-766163808
-1756989429
-871721443
-2007891451
-1418718726
85
