1.320875 0.4794378 0.06624201 -3.69393 0.3333923 0.002905214 0.3333923 -4.320314 -0.0735 0.002905214 -0.0735 -4.333954
2.198099 0.9556617 -0.03219927 -3.350138 0.5714296 -0.05152958 0.5714296 -4.205657 -0.1035882 -0.05152958 -0.1035882 -4.364005
2.833821 1.292016 -0.1707954 -3.174769 0.7167251 -0.1349032 0.7167251 -4.157422 -0.1686089 -0.1349032 -0.1686089 -4.355921
3.375534 1.589168 -0.2984522 -3.090004 0.8105634 -0.1834867 0.8105634 -4.141737 -0.1939657 -0.1834867 -0.1939657 -4.346598
3.848074 1.893932 -0.569606 -3.054926 0.8881333 -0.2722094 0.8881333 -4.106388 -0.2509427 -0.2722094 -0.2509427 -4.292788
4.283714 2.286747 -0.7767733 -3.059033 0.9679559 -0.3120876 0.9679559 -4.035492 -0.2936867 -0.3120876 -0.2936867 -4.302055
4.713651 2.67921 -1.035894 -3.091809 1.013482 -0.3465554 1.013482 -4.023038 -0.342586 -0.3465554 -0.342586 -4.290591
5.165564 3.068145 -1.270502 -3.134899 1.041604 -0.3645389 1.041604 -4.004242 -0.3555247 -0.3645389 -0.3555247 -4.299874
5.668665 3.467865 -1.58204 -3.186615 1.059903 -0.3900634 1.059903 -4.055745 -0.3655896 -0.3900634 -0.3655896 -4.273111
6.178857 3.945374 -1.855411 -3.248865 1.080357 -0.4138397 1.080357 -4.06281 -0.3900043 -0.4138397 -0.3900043 -4.232074
6.700672 4.584367 -2.152604 -3.321767 1.077899 -0.425534 1.077899 -4.04057 -0.3781094 -0.425534 -0.3781094 -4.236442
7.261988 5.338434 -2.482904 -3.398719 1.067862 -0.4434583 1.067862 -4.061693 -0.3570582 -0.4434583 -0.3570582 -4.236376
7.923326 6.125688 -2.918812 -3.486805 1.061248 -0.4604872 1.061248 -4.114745 -0.3544694 -0.4604872 -0.3544694 -4.257851
8.738889 6.961295 -3.597331 -3.591646 1.045369 -0.4642706 1.045369 -4.191257 -0.3298276 -0.4642706 -0.3298276 -4.268081
9.548515 8.042192 -4.374698 -3.699004 1.016438 -0.4563796 1.016438 -4.279961 -0.2791317 -0.4563796 -0.2791317 -4.342344
