0.6604377 0.2397189 0.03312101 -4.096965 0.1666962 0.001452607 0.1666962 -4.410157 -0.03675 0.001452607 -0.03675 -4.416977
1.172991 0.4783665 0.01134758 -3.848023 0.3016073 -0.01620812 0.3016073 -4.34199 -0.0590294 -0.01620812 -0.0590294 -4.39932
1.588199 0.6817789 -0.03418817 -3.679709 0.4053868 -0.0458819 0.4053868 -4.295848 -0.08642427 -0.0458819 -0.08642427 -4.38847
1.945666 0.8632566 -0.08704097 -3.561768 0.4864221 -0.07340287 0.4864221 -4.265026 -0.1079326 -0.07340287 -0.1079326 -4.380096
2.262734 1.035036 -0.1674685 -3.477295 0.5533739 -0.1065373 0.5533739 -4.238586 -0.1317676 -0.1065373 -0.1317676 -4.365544
2.551445 1.213852 -0.254512 -3.417543 0.6125999 -0.1359016 0.6125999 -4.209573 -0.1548989 -0.1359016 -0.1548989 -4.356474
2.821721 1.397022 -0.3521847 -3.376826 0.6627102 -0.1622333 0.6627102 -4.186256 -0.1783598 -0.1622333 -0.1783598 -4.348239
3.082148 1.582702 -0.45422 -3.349945 0.7048095 -0.1847117 0.7048095 -4.166032 -0.1980448 -0.1847117 -0.1980448 -4.342865
3.3408 1.771218 -0.5670019 -3.333612 0.7403189 -0.2052469 0.7403189 -4.155004 -0.2147992 -0.2052469 -0.2147992 -4.33589
3.598805 1.968869 -0.68413 -3.325908 0.7712315 -0.2242099 0.7712315 -4.146622 -0.230727 -0.2242099 -0.230727 -4.326452
3.857294 2.186827 -0.8065029 -3.325563 0.7967871 -0.2409869 0.7967871 -4.137785 -0.2430088 -0.2409869 -0.2430088 -4.318951
4.119193 2.429258 -0.9354568 -3.33119 0.817639 -0.2565616 0.817639 -4.131931 -0.2517819 -0.2565616 -0.2517819 -4.312599
4.390917 2.693289 -1.077125 -3.342306 0.8350396 -0.2711277 0.8350396 -4.130704 -0.2591167 -0.2711277 -0.2591167 -4.308689
4.680782 2.977823 -1.245139 -3.358928 0.8490616 -0.2840039 0.8490616 -4.134741 -0.2638308 -0.2840039 -0.2638308 -4.305981
4.985015 3.294346 -1.440736 -3.380183 0.8595226 -0.2947774 0.8595226 -4.143817 -0.2647871 -0.2947774 -0.2647871 -4.308254
