0.7362856 0.2280859 0.06817867 -4.012861 0.1705207 0.02165064 0.1705207 -4.404551 -0.04417476 0.02165064 -0.04417476 -4.381705
1.298606 0.51735 0.03272189 -3.691758 0.3614222 -0.00953486 0.3614222 -4.301764 -0.06984907 -0.00953486 -0.06984907 -4.367995
1.731972 0.7415182 -0.02699468 -3.472842 0.4997707 -0.05559647 0.4997707 -4.235932 -0.1030729 -0.05559647 -0.1030729 -4.359194
2.077222 0.9223438 -0.08587719 -3.322674 0.602964 -0.09786675 0.602964 -4.192283 -0.132308 -0.09786675 -0.132308 -4.349011
2.363279 1.082779 -0.1608225 -3.213504 0.6898403 -0.146158 0.6898403 -4.152138 -0.1650489 -0.146158 -0.1650489 -4.331794
2.605032 1.234468 -0.2413173 -3.134406 0.7682882 -0.1933961 0.7682882 -4.107012 -0.2006756 -0.1933961 -0.2006756 -4.314706
2.812236 1.378405 -0.3192973 -3.080078 0.8376445 -0.2352871 0.8376445 -4.060132 -0.2374761 -0.2352871 -0.2374761 -4.298957
2.994701 1.51105 -0.3946535 -3.044521 0.8960823 -0.2723006 0.8960823 -4.017174 -0.2736465 -0.2723006 -0.2736465 -4.282731
3.162643 1.632919 -0.4673651 -3.020451 0.9442714 -0.3050898 0.9442714 -3.986464 -0.3039084 -0.3050898 -0.3039084 -4.266757
3.316768 1.746976 -0.5362697 -3.004745 0.987434 -0.3374776 0.987434 -3.960104 -0.3342044 -0.3374776 -0.3342044 -4.244393
3.456952 1.855721 -0.5968127 -2.997622 1.026483 -0.3663582 1.026483 -3.927687 -0.3638288 -0.3663582 -0.3638288 -4.219794
3.587379 1.96072 -0.6502432 -2.997293 1.060476 -0.3909525 1.060476 -3.894962 -0.3900055 -0.3909525 -0.3900055 -4.199264
3.710408 2.061763 -0.701166 -3.00132 1.090948 -0.4141723 1.090948 -3.864844 -0.4162112 -0.4141723 -0.4162112 -4.180277
3.828257 2.157558 -0.7505965 -3.008475 1.118236 -0.4370164 1.118236 -3.840166 -0.4422928 -0.4370164 -0.4422928 -4.159417
3.941685 2.250583 -0.7990346 -3.019185 1.142002 -0.457591 1.142002 -3.819094 -0.4667441 -0.457591 -0.4667441 -4.141126
