-0.2066266 -0.02076552 -0.06744384
-0.2066266 -0.02076552 -0.06744384
0.03043058 -0.2444968 0.2064769
0.03043058 -0.2444968 0.2064769
0.5687406 -0.4978561 -0.7849332
0.5687406 -0.4978561 -0.7849332
0.5687406 -0.4978561 -0.7849332
1.564123 -0.276836 0.1822913
1.564123 -0.276836 0.1822913
1.564123 -0.276836 0.1822913
1.564123 -0.276836 0.1822913
1.564123 -0.276836 0.1822913
1.564123 -0.276836 0.1822913
1.564123 -0.276836 0.1822913
1.564123 -0.276836 0.1822913
1.564123 -0.276836 0.1822913
1.564123 -0.276836 0.1822913
1.564123 -0.276836 0.1822913
1.407391 0.6200727 0.3907374
1.407391 0.6200727 0.3907374
1.407391 0.6200727 0.3907374
1.407391 0.6200727 0.3907374
1.407391 0.6200727 0.3907374
1.407391 0.6200727 0.3907374
1.407391 0.6200727 0.3907374
1.407391 0.6200727 0.3907374
1.407391 0.6200727 0.3907374
1.407391 0.6200727 0.3907374
1.407391 0.6200727 0.3907374
1.407391 0.6200727 0.3907374
1.407391 0.6200727 0.3907374
1.407391 0.6200727 0.3907374
1.407391 0.6200727 0.3907374
1.407391 0.6200727 0.3907374
1.407391 0.6200727 0.3907374
1.407391 0.6200727 0.3907374
1.407391 0.6200727 0.3907374
1.407391 0.6200727 0.3907374
1.407391 0.6200727 0.3907374
1.407391 0.6200727 0.3907374
1.407391 0.6200727 0.3907374
1.407391 0.6200727 0.3907374
1.407391 0.6200727 0.3907374
1.407391 0.6200727 0.3907374
1.407391 0.6200727 0.3907374
1.407391 0.6200727 0.3907374
1.407391 0.6200727 0.3907374
1.407391 0.6200727 0.3907374
1.407391 0.6200727 0.3907374
1.666056 1.334793 -0.942132
1.666056 1.334793 -0.942132
1.666056 1.334793 -0.942132
1.666056 1.334793 -0.942132
1.487467 0.847301 -0.8569584
1.487467 0.847301 -0.8569584
1.487467 0.847301 -0.8569584
1.487467 0.847301 -0.8569584
1.487467 0.847301 -0.8569584
1.487467 0.847301 -0.8569584
1.487467 0.847301 -0.8569584
1.487467 0.847301 -0.8569584
1.487467 0.847301 -0.8569584
1.487467 0.847301 -0.8569584
1.487467 0.847301 -0.8569584
1.487467 0.847301 -0.8569584
1.487467 0.847301 -0.8569584
1.487467 0.847301 -0.8569584
1.487467 0.847301 -0.8569584
1.637968 1.265368 -0.1623251
1.637968 1.265368 -0.1623251
1.637968 1.265368 -0.1623251
1.637968 1.265368 -0.1623251
1.637968 1.265368 -0.1623251
1.580823 0.8994022 -0.1221538
1.580823 0.8994022 -0.1221538
1.580823 0.8994022 -0.1221538
1.580823 0.8994022 -0.1221538
1.580823 0.8994022 -0.1221538
1.580823 0.8994022 -0.1221538
1.580823 0.8994022 -0.1221538
1.580823 0.8994022 -0.1221538
1.580823 0.8994022 -0.1221538
1.580823 0.8994022 -0.1221538
1.580823 0.8994022 -0.1221538
1.580823 0.8994022 -0.1221538
1.580823 0.8994022 -0.1221538
1.580823 0.8994022 -0.1221538
1.580823 0.8994022 -0.1221538
1.580823 0.8994022 -0.1221538
1.580823 0.8994022 -0.1221538
1.580823 0.8994022 -0.1221538
1.580823 0.8994022 -0.1221538
1.580823 0.8994022 -0.1221538
1.580823 0.8994022 -0.1221538
1.580823 0.8994022 -0.1221538
1.580823 0.8994022 -0.1221538
1.580823 0.8994022 -0.1221538
1.580823 0.8994022 -0.1221538
1.580823 0.8994022 -0.1221538
1.580823 0.8994022 -0.1221538
1.580823 0.8994022 -0.1221538
1.580823 0.8994022 -0.1221538
1.580823 0.8994022 -0.1221538
1.580823 0.8994022 -0.1221538
1.580823 0.8994022 -0.1221538
1.580823 0.8994022 -0.1221538
1.580823 0.8994022 -0.1221538
1.580823 0.8994022 -0.1221538
1.580823 0.8994022 -0.1221538
1.580823 0.8994022 -0.1221538
1.580823 0.8994022 -0.1221538
1.580823 0.8994022 -0.1221538
1.580823 0.8994022 -0.1221538
1.580823 0.8994022 -0.1221538
1.580823 0.8994022 -0.1221538
1.580823 0.8994022 -0.1221538
1.580823 0.8994022 -0.1221538
1.580823 0.8994022 -0.1221538
1.580823 0.8994022 -0.1221538
1.580823 0.8994022 -0.1221538
1.580823 0.8994022 -0.1221538
1.580823 0.8994022 -0.1221538
1.580823 0.8994022 -0.1221538
1.580823 0.8994022 -0.1221538
1.580823 0.8994022 -0.1221538
1.580823 0.8994022 -0.1221538
1.580823 0.8994022 -0.1221538
1.580823 0.8994022 -0.1221538
1.580823 0.8994022 -0.1221538
1.580823 0.8994022 -0.1221538
1.580823 0.8994022 -0.1221538
1.580823 0.8994022 -0.1221538
1.580823 0.8994022 -0.1221538
1.580823 0.8994022 -0.1221538
1.580823 0.8994022 -0.1221538
1.580823 0.8994022 -0.1221538
1.580823 0.8994022 -0.1221538
1.580823 0.8994022 -0.1221538
1.580823 0.8994022 -0.1221538
1.580823 0.8994022 -0.1221538
1.580823 0.8994022 -0.1221538
1.580823 0.8994022 -0.1221538
1.580823 0.8994022 -0.1221538
1.580823 0.8994022 -0.1221538
1.580823 0.8994022 -0.1221538
1.580823 0.8994022 -0.1221538
1.580823 0.8994022 -0.1221538
1.580823 0.8994022 -0.1221538
1.580823 0.8994022 -0.1221538
1.580823 0.8994022 -0.1221538
1.580823 0.8994022 -0.1221538
1.580823 0.8994022 -0.1221538
1.580823 0.8994022 -0.1221538
1.580823 0.8994022 -0.1221538
1.580823 0.8994022 -0.1221538
1.580823 0.8994022 -0.1221538
1.580823 0.8994022 -0.1221538
1.580823 0.8994022 -0.1221538
1.580823 0.8994022 -0.1221538
1.580823 0.8994022 -0.1221538
1.580823 0.8994022 -0.1221538
1.580823 0.8994022 -0.1221538
1.580823 0.8994022 -0.1221538
1.580823 0.8994022 -0.1221538
1.580823 0.8994022 -0.1221538
1.580823 0.8994022 -0.1221538
1.580823 0.8994022 -0.1221538
1.580823 0.8994022 -0.1221538
1.580823 0.8994022 -0.1221538
1.580823 0.8994022 -0.1221538
1.580823 0.8994022 -0.1221538
1.580823 0.8994022 -0.1221538
1.580823 0.8994022 -0.1221538
1.390574 0.4404471 -0.1695424
1.390574 0.4404471 -0.1695424
1.390574 0.4404471 -0.1695424
1.390574 0.4404471 -0.1695424
1.390574 0.4404471 -0.1695424
1.390574 0.4404471 -0.1695424
1.390574 0.4404471 -0.1695424
1.390574 0.4404471 -0.1695424
1.390574 0.4404471 -0.1695424
1.390574 0.4404471 -0.1695424
1.390574 0.4404471 -0.1695424
1.390574 0.4404471 -0.1695424
1.390574 0.4404471 -0.1695424
1.390574 0.4404471 -0.1695424
1.390574 0.4404471 -0.1695424
1.390574 0.4404471 -0.1695424
1.390574 0.4404471 -0.1695424
1.390574 0.4404471 -0.1695424
1.390574 0.4404471 -0.1695424
1.390574 0.4404471 -0.1695424
1.390574 0.4404471 -0.1695424
1.390574 0.4404471 -0.1695424
1.390574 0.4404471 -0.1695424
1.390574 0.4404471 -0.1695424
1.390574 0.4404471 -0.1695424
1.390574 0.4404471 -0.1695424
1.390574 0.4404471 -0.1695424
1.390574 0.4404471 -0.1695424
1.390574 0.4404471 -0.1695424
1.390574 0.4404471 -0.1695424
1.390574 0.4404471 -0.1695424
1.390574 0.4404471 -0.1695424
1.390574 0.4404471 -0.1695424
1.390574 0.4404471 -0.1695424
1.390574 0.4404471 -0.1695424
1.390574 0.4404471 -0.1695424
1.390574 0.4404471 -0.1695424
1.390574 0.4404471 -0.1695424
1.390574 0.4404471 -0.1695424
1.390574 0.4404471 -0.1695424
1.390574 0.4404471 -0.1695424
1.390574 0.4404471 -0.1695424
1.390574 0.4404471 -0.1695424
1.390574 0.4404471 -0.1695424
1.390574 0.4404471 -0.1695424
1.390574 0.4404471 -0.1695424
1.390574 0.4404471 -0.1695424
1.390574 0.4404471 -0.1695424
1.390574 0.4404471 -0.1695424
1.390574 0.4404471 -0.1695424
1.722397 1.196766 -0.5722454
1.722397 1.196766 -0.5722454
1.722397 1.196766 -0.5722454
1.722397 1.196766 -0.5722454
1.722397 1.196766 -0.5722454
1.722397 1.196766 -0.5722454
1.722397 1.196766 -0.5722454
1.722397 1.196766 -0.5722454
1.722397 1.196766 -0.5722454
1.722397 1.196766 -0.5722454
1.471144 1.165139 0.1115748
1.471144 1.165139 0.1115748
1.471144 1.165139 0.1115748
1.81487 1.098804 -0.80497
1.81487 1.098804 -0.80497
1.81487 1.098804 -0.80497
1.81487 1.098804 -0.80497
1.81487 1.098804 -0.80497
1.81487 1.098804 -0.80497
1.81487 1.098804 -0.80497
1.81487 1.098804 -0.80497
1.81487 1.098804 -0.80497
1.81487 1.098804 -0.80497
1.81487 1.098804 -0.80497
1.81487 1.098804 -0.80497
1.81487 1.098804 -0.80497
1.81487 1.098804 -0.80497
1.81487 1.098804 -0.80497
1.81487 1.098804 -0.80497
1.81487 1.098804 -0.80497
1.81487 1.098804 -0.80497
1.81487 1.098804 -0.80497
1.81487 1.098804 -0.80497
1.81487 1.098804 -0.80497
1.81487 1.098804 -0.80497
1.81487 1.098804 -0.80497
1.81487 1.098804 -0.80497
1.81487 1.098804 -0.80497
1.81487 1.098804 -0.80497
1.81487 1.098804 -0.80497
1.81487 1.098804 -0.80497
1.81487 1.098804 -0.80497
1.81487 1.098804 -0.80497
1.81487 1.098804 -0.80497
1.81487 1.098804 -0.80497
1.81487 1.098804 -0.80497
1.81487 1.098804 -0.80497
1.81487 1.098804 -0.80497
1.81487 1.098804 -0.80497
1.81487 1.098804 -0.80497
1.81487 1.098804 -0.80497
1.81487 1.098804 -0.80497
1.81487 1.098804 -0.80497
1.81487 1.098804 -0.80497
1.81487 1.098804 -0.80497
1.81487 1.098804 -0.80497
1.81487 1.098804 -0.80497
1.81487 1.098804 -0.80497
1.81487 1.098804 -0.80497
1.81487 1.098804 -0.80497
1.81487 1.098804 -0.80497
1.81487 1.098804 -0.80497
1.81487 1.098804 -0.80497
1.81487 1.098804 -0.80497
1.81487 1.098804 -0.80497
1.81487 1.098804 -0.80497
1.81487 1.098804 -0.80497
1.81487 1.098804 -0.80497
1.81487 1.098804 -0.80497
1.81487 1.098804 -0.80497
1.81487 1.098804 -0.80497
1.81487 1.098804 -0.80497
1.81487 1.098804 -0.80497
1.81487 1.098804 -0.80497
1.81487 1.098804 -0.80497
1.81487 1.098804 -0.80497
1.81487 1.098804 -0.80497
1.81487 1.098804 -0.80497
1.81487 1.098804 -0.80497
1.81487 1.098804 -0.80497
1.81487 1.098804 -0.80497
1.81487 1.098804 -0.80497
1.81487 1.098804 -0.80497
1.81487 1.098804 -0.80497
1.81487 1.098804 -0.80497
1.81487 1.098804 -0.80497
1.81487 1.098804 -0.80497
1.81487 1.098804 -0.80497
1.81487 1.098804 -0.80497
1.81487 1.098804 -0.80497
1.81487 1.098804 -0.80497
1.81487 1.098804 -0.80497
1.81487 1.098804 -0.80497
1.81487 1.098804 -0.80497
1.81487 1.098804 -0.80497
1.81487 1.098804 -0.80497
1.81487 1.098804 -0.80497
1.81487 1.098804 -0.80497
1.81487 1.098804 -0.80497
1.81487 1.098804 -0.80497
1.81487 1.098804 -0.80497
1.81487 1.098804 -0.80497
1.81487 1.098804 -0.80497
1.81487 1.098804 -0.80497
1.81487 1.098804 -0.80497
1.81487 1.098804 -0.80497
1.81487 1.098804 -0.80497
1.81487 1.098804 -0.80497
1.81487 1.098804 -0.80497
1.81487 1.098804 -0.80497
1.81487 1.098804 -0.80497
1.541045 1.08168 -0.09755257
1.541045 1.08168 -0.09755257
1.541045 1.08168 -0.09755257
1.541045 1.08168 -0.09755257
1.541045 1.08168 -0.09755257
1.541045 1.08168 -0.09755257
1.541045 1.08168 -0.09755257
1.541045 1.08168 -0.09755257
1.541045 1.08168 -0.09755257
1.541045 1.08168 -0.09755257
1.541045 1.08168 -0.09755257
1.541045 1.08168 -0.09755257
1.541045 1.08168 -0.09755257
1.541045 1.08168 -0.09755257
1.541045 1.08168 -0.09755257
1.541045 1.08168 -0.09755257
1.541045 1.08168 -0.09755257
1.541045 1.08168 -0.09755257
1.541045 1.08168 -0.09755257
1.541045 1.08168 -0.09755257
1.541045 1.08168 -0.09755257
1.541045 1.08168 -0.09755257
1.541045 1.08168 -0.09755257
1.541045 1.08168 -0.09755257
1.541045 1.08168 -0.09755257
1.541045 1.08168 -0.09755257
1.541045 1.08168 -0.09755257
1.541045 1.08168 -0.09755257
1.541045 1.08168 -0.09755257
1.541045 1.08168 -0.09755257
1.541045 1.08168 -0.09755257
1.541045 1.08168 -0.09755257
1.541045 1.08168 -0.09755257
1.541045 1.08168 -0.09755257
1.541045 1.08168 -0.09755257
1.541045 1.08168 -0.09755257
1.541045 1.08168 -0.09755257
1.541045 1.08168 -0.09755257
1.541045 1.08168 -0.09755257
1.541045 1.08168 -0.09755257
1.541045 1.08168 -0.09755257
1.541045 1.08168 -0.09755257
1.541045 1.08168 -0.09755257
1.541045 1.08168 -0.09755257
1.541045 1.08168 -0.09755257
1.541045 1.08168 -0.09755257
1.541045 1.08168 -0.09755257
1.541045 1.08168 -0.09755257
1.541045 1.08168 -0.09755257
1.541045 1.08168 -0.09755257
1.541045 1.08168 -0.09755257
1.541045 1.08168 -0.09755257
1.541045 1.08168 -0.09755257
1.541045 1.08168 -0.09755257
1.541045 1.08168 -0.09755257
1.541045 1.08168 -0.09755257
1.541045 1.08168 -0.09755257
1.541045 1.08168 -0.09755257
1.541045 1.08168 -0.09755257
1.541045 1.08168 -0.09755257
1.541045 1.08168 -0.09755257
1.541045 1.08168 -0.09755257
1.541045 1.08168 -0.09755257
1.541045 1.08168 -0.09755257
1.541045 1.08168 -0.09755257
1.541045 1.08168 -0.09755257
1.541045 1.08168 -0.09755257
1.541045 1.08168 -0.09755257
1.541045 1.08168 -0.09755257
1.541045 1.08168 -0.09755257
1.541045 1.08168 -0.09755257
1.541045 1.08168 -0.09755257
1.541045 1.08168 -0.09755257
1.541045 1.08168 -0.09755257
1.541045 1.08168 -0.09755257
1.541045 1.08168 -0.09755257
1.541045 1.08168 -0.09755257
1.541045 1.08168 -0.09755257
1.541045 1.08168 -0.09755257
1.541045 1.08168 -0.09755257
1.541045 1.08168 -0.09755257
1.541045 1.08168 -0.09755257
1.541045 1.08168 -0.09755257
1.541045 1.08168 -0.09755257
1.541045 1.08168 -0.09755257
1.541045 1.08168 -0.09755257
1.541045 1.08168 -0.09755257
1.541045 1.08168 -0.09755257
1.541045 1.08168 -0.09755257
1.541045 1.08168 -0.09755257
1.541045 1.08168 -0.09755257
1.541045 1.08168 -0.09755257
1.541045 1.08168 -0.09755257
1.541045 1.08168 -0.09755257
1.541045 1.08168 -0.09755257
1.541045 1.08168 -0.09755257
1.541045 1.08168 -0.09755257
1.541045 1.08168 -0.09755257
1.541045 1.08168 -0.09755257
1.541045 1.08168 -0.09755257
1.541045 1.08168 -0.09755257
1.541045 1.08168 -0.09755257
1.541045 1.08168 -0.09755257
1.541045 1.08168 -0.09755257
1.541045 1.08168 -0.09755257
1.541045 1.08168 -0.09755257
1.541045 1.08168 -0.09755257
1.541045 1.08168 -0.09755257
1.541045 1.08168 -0.09755257
1.541045 1.08168 -0.09755257
1.541045 1.08168 -0.09755257
1.541045 1.08168 -0.09755257
1.541045 1.08168 -0.09755257
1.541045 1.08168 -0.09755257
1.541045 1.08168 -0.09755257
1.541045 1.08168 -0.09755257
1.541045 1.08168 -0.09755257
1.541045 1.08168 -0.09755257
1.541045 1.08168 -0.09755257
1.541045 1.08168 -0.09755257
1.541045 1.08168 -0.09755257
1.541045 1.08168 -0.09755257
1.541045 1.08168 -0.09755257
1.541045 1.08168 -0.09755257
1.541045 1.08168 -0.09755257
1.541045 1.08168 -0.09755257
1.541045 1.08168 -0.09755257
1.541045 1.08168 -0.09755257
1.541045 1.08168 -0.09755257
1.541045 1.08168 -0.09755257
1.541045 1.08168 -0.09755257
1.541045 1.08168 -0.09755257
1.541045 1.08168 -0.09755257
1.541045 1.08168 -0.09755257
1.541045 1.08168 -0.09755257
1.541045 1.08168 -0.09755257
1.541045 1.08168 -0.09755257
1.541045 1.08168 -0.09755257
1.541045 1.08168 -0.09755257
1.541045 1.08168 -0.09755257
1.541045 1.08168 -0.09755257
1.541045 1.08168 -0.09755257
1.541045 1.08168 -0.09755257
1.541045 1.08168 -0.09755257
1.541045 1.08168 -0.09755257
1.541045 1.08168 -0.09755257
1.541045 1.08168 -0.09755257
1.541045 1.08168 -0.09755257
1.541045 1.08168 -0.09755257
1.541045 1.08168 -0.09755257
1.541045 1.08168 -0.09755257
1.541045 1.08168 -0.09755257
1.541045 1.08168 -0.09755257
1.541045 1.08168 -0.09755257
1.541045 1.08168 -0.09755257
1.541045 1.08168 -0.09755257
1.541045 1.08168 -0.09755257
1.541045 1.08168 -0.09755257
1.541045 1.08168 -0.09755257
1.483322 0.824402 -0.9501478
1.483322 0.824402 -0.9501478
1.483322 0.824402 -0.9501478
1.483322 0.824402 -0.9501478
1.483322 0.824402 -0.9501478
1.483322 0.824402 -0.9501478
1.483322 0.824402 -0.9501478
1.483322 0.824402 -0.9501478
1.483322 0.824402 -0.9501478
1.483322 0.824402 -0.9501478
1.483322 0.824402 -0.9501478
1.483322 0.824402 -0.9501478
1.483322 0.824402 -0.9501478
1.483322 0.824402 -0.9501478
1.483322 0.824402 -0.9501478
1.483322 0.824402 -0.9501478
1.483322 0.824402 -0.9501478
1.483322 0.824402 -0.9501478
1.483322 0.824402 -0.9501478
1.483322 0.824402 -0.9501478
1.483322 0.824402 -0.9501478
1.483322 0.824402 -0.9501478
1.483322 0.824402 -0.9501478
1.483322 0.824402 -0.9501478
1.483322 0.824402 -0.9501478
1.483322 0.824402 -0.9501478
1.483322 0.824402 -0.9501478
1.483322 0.824402 -0.9501478
1.483322 0.824402 -0.9501478
1.483322 0.824402 -0.9501478
1.483322 0.824402 -0.9501478
1.483322 0.824402 -0.9501478
1.483322 0.824402 -0.9501478
1.483322 0.824402 -0.9501478
1.483322 0.824402 -0.9501478
1.483322 0.824402 -0.9501478
1.483143 1.356656 -0.649822
1.483143 1.356656 -0.649822
1.483143 1.356656 -0.649822
1.483143 1.356656 -0.649822
1.483143 1.356656 -0.649822
1.483143 1.356656 -0.649822
1.483143 1.356656 -0.649822
1.483143 1.356656 -0.649822
1.748634 1.652596 -0.4193198
1.748634 1.652596 -0.4193198
1.748634 1.652596 -0.4193198
1.748634 1.652596 -0.4193198
1.748634 1.652596 -0.4193198
1.748634 1.652596 -0.4193198
1.748634 1.652596 -0.4193198
1.748634 1.652596 -0.4193198
1.748634 1.652596 -0.4193198
1.748634 1.652596 -0.4193198
1.748634 1.652596 -0.4193198
1.748634 1.652596 -0.4193198
1.748634 1.652596 -0.4193198
1.748634 1.652596 -0.4193198
1.748634 1.652596 -0.4193198
1.748634 1.652596 -0.4193198
1.748634 1.652596 -0.4193198
1.748634 1.652596 -0.4193198
1.748634 1.652596 -0.4193198
1.748634 1.652596 -0.4193198
1.748634 1.652596 -0.4193198
1.748634 1.652596 -0.4193198
1.748634 1.652596 -0.4193198
1.748634 1.652596 -0.4193198
1.748634 1.652596 -0.4193198
1.748634 1.652596 -0.4193198
1.748634 1.652596 -0.4193198
1.748634 1.652596 -0.4193198
1.748634 1.652596 -0.4193198
1.748634 1.652596 -0.4193198
1.748634 1.652596 -0.4193198
1.748634 1.652596 -0.4193198
1.748634 1.652596 -0.4193198
1.748634 1.652596 -0.4193198
1.748634 1.652596 -0.4193198
1.748634 1.652596 -0.4193198
1.748634 1.652596 -0.4193198
1.748634 1.652596 -0.4193198
1.748634 1.652596 -0.4193198
1.748634 1.652596 -0.4193198
1.748634 1.652596 -0.4193198
1.748634 1.652596 -0.4193198
1.748634 1.652596 -0.4193198
1.748634 1.652596 -0.4193198
1.748634 1.652596 -0.4193198
1.748634 1.652596 -0.4193198
1.748634 1.652596 -0.4193198
1.748634 1.652596 -0.4193198
1.748634 1.652596 -0.4193198
1.748634 1.652596 -0.4193198
1.748634 1.652596 -0.4193198
1.748634 1.652596 -0.4193198
1.748634 1.652596 -0.4193198
1.748634 1.652596 -0.4193198
1.748634 1.652596 -0.4193198
1.748634 1.652596 -0.4193198
1.748634 1.652596 -0.4193198
1.748634 1.652596 -0.4193198
1.748634 1.652596 -0.4193198
1.748634 1.652596 -0.4193198
1.748634 1.652596 -0.4193198
1.748634 1.652596 -0.4193198
1.748634 1.652596 -0.4193198
1.748634 1.652596 -0.4193198
1.748634 1.652596 -0.4193198
1.748634 1.652596 -0.4193198
1.748634 1.652596 -0.4193198
1.748634 1.652596 -0.4193198
1.748634 1.652596 -0.4193198
1.748634 1.652596 -0.4193198
1.748634 1.652596 -0.4193198
1.748634 1.652596 -0.4193198
1.748634 1.652596 -0.4193198
1.748634 1.652596 -0.4193198
1.748634 1.652596 -0.4193198
1.748634 1.652596 -0.4193198
1.748634 1.652596 -0.4193198
1.748634 1.652596 -0.4193198
1.748634 1.652596 -0.4193198
1.748634 1.652596 -0.4193198
1.748634 1.652596 -0.4193198
1.748634 1.652596 -0.4193198
1.748634 1.652596 -0.4193198
1.748634 1.652596 -0.4193198
1.748634 1.652596 -0.4193198
1.748634 1.652596 -0.4193198
1.748634 1.652596 -0.4193198
1.748634 1.652596 -0.4193198
1.748634 1.652596 -0.4193198
1.748634 1.652596 -0.4193198
1.748634 1.652596 -0.4193198
1.748634 1.652596 -0.4193198
1.748634 1.652596 -0.4193198
1.748634 1.652596 -0.4193198
1.748634 1.652596 -0.4193198
1.748634 1.652596 -0.4193198
1.748634 1.652596 -0.4193198
1.748634 1.652596 -0.4193198
1.748634 1.652596 -0.4193198
1.748634 1.652596 -0.4193198
1.748634 1.652596 -0.4193198
1.748634 1.652596 -0.4193198
1.748634 1.652596 -0.4193198
1.748634 1.652596 -0.4193198
1.748634 1.652596 -0.4193198
1.748634 1.652596 -0.4193198
1.748634 1.652596 -0.4193198
1.748634 1.652596 -0.4193198
1.748634 1.652596 -0.4193198
1.748634 1.652596 -0.4193198
1.748634 1.652596 -0.4193198
1.748634 1.652596 -0.4193198
1.748634 1.652596 -0.4193198
1.748634 1.652596 -0.4193198
1.748634 1.652596 -0.4193198
1.748634 1.652596 -0.4193198
1.748634 1.652596 -0.4193198
1.748634 1.652596 -0.4193198
1.748634 1.652596 -0.4193198
1.748634 1.652596 -0.4193198
1.748634 1.652596 -0.4193198
1.748634 1.652596 -0.4193198
1.748634 1.652596 -0.4193198
1.748634 1.652596 -0.4193198
1.748634 1.652596 -0.4193198
1.748634 1.652596 -0.4193198
1.748634 1.652596 -0.4193198
1.748634 1.652596 -0.4193198
1.748634 1.652596 -0.4193198
1.748634 1.652596 -0.4193198
1.748634 1.652596 -0.4193198
1.748634 1.652596 -0.4193198
1.748634 1.652596 -0.4193198
1.748634 1.652596 -0.4193198
1.748634 1.652596 -0.4193198
1.748634 1.652596 -0.4193198
1.748634 1.652596 -0.4193198
1.748634 1.652596 -0.4193198
1.748634 1.652596 -0.4193198
1.748634 1.652596 -0.4193198
1.748634 1.652596 -0.4193198
1.748634 1.652596 -0.4193198
1.748634 1.652596 -0.4193198
1.748634 1.652596 -0.4193198
1.748634 1.652596 -0.4193198
1.748634 1.652596 -0.4193198
1.748634 1.652596 -0.4193198
1.748634 1.652596 -0.4193198
1.748634 1.652596 -0.4193198
1.748634 1.652596 -0.4193198
1.748634 1.652596 -0.4193198
1.748634 1.652596 -0.4193198
1.748634 1.652596 -0.4193198
1.748634 1.652596 -0.4193198
1.748634 1.652596 -0.4193198
1.748634 1.652596 -0.4193198
1.748634 1.652596 -0.4193198
1.748634 1.652596 -0.4193198
1.748634 1.652596 -0.4193198
1.748634 1.652596 -0.4193198
1.748634 1.652596 -0.4193198
1.748634 1.652596 -0.4193198
1.748634 1.652596 -0.4193198
1.748634 1.652596 -0.4193198
1.748634 1.652596 -0.4193198
1.748634 1.652596 -0.4193198
1.748634 1.652596 -0.4193198
1.748634 1.652596 -0.4193198
1.748634 1.652596 -0.4193198
1.748634 1.652596 -0.4193198
1.748634 1.652596 -0.4193198
1.715195 1.541509 -0.2284816
1.715195 1.541509 -0.2284816
1.715195 1.541509 -0.2284816
1.715195 1.541509 -0.2284816
1.715195 1.541509 -0.2284816
1.715195 1.541509 -0.2284816
1.715195 1.541509 -0.2284816
1.715195 1.541509 -0.2284816
1.715195 1.541509 -0.2284816
1.715195 1.541509 -0.2284816
1.715195 1.541509 -0.2284816
1.715195 1.541509 -0.2284816
1.715195 1.541509 -0.2284816
1.715195 1.541509 -0.2284816
1.715195 1.541509 -0.2284816
1.715195 1.541509 -0.2284816
1.715195 1.541509 -0.2284816
1.715195 1.541509 -0.2284816
1.715195 1.541509 -0.2284816
1.715195 1.541509 -0.2284816
1.715195 1.541509 -0.2284816
1.715195 1.541509 -0.2284816
1.715195 1.541509 -0.2284816
1.715195 1.541509 -0.2284816
1.715195 1.541509 -0.2284816
1.715195 1.541509 -0.2284816
1.715195 1.541509 -0.2284816
1.715195 1.541509 -0.2284816
1.715195 1.541509 -0.2284816
1.715195 1.541509 -0.2284816
1.715195 1.541509 -0.2284816
1.715195 1.541509 -0.2284816
1.715195 1.541509 -0.2284816
1.715195 1.541509 -0.2284816
1.715195 1.541509 -0.2284816
1.715195 1.541509 -0.2284816
1.715195 1.541509 -0.2284816
1.715195 1.541509 -0.2284816
1.715195 1.541509 -0.2284816
1.715195 1.541509 -0.2284816
1.715195 1.541509 -0.2284816
1.715195 1.541509 -0.2284816
1.715195 1.541509 -0.2284816
1.715195 1.541509 -0.2284816
1.715195 1.541509 -0.2284816
1.715195 1.541509 -0.2284816
1.715195 1.541509 -0.2284816
1.814373 1.6762 -0.9709454
1.727994 1.635245 -0.8676719
1.727994 1.635245 -0.8676719
1.727994 1.635245 -0.8676719
1.727994 1.635245 -0.8676719
1.727994 1.635245 -0.8676719
1.727994 1.635245 -0.8676719
1.727994 1.635245 -0.8676719
1.727994 1.635245 -0.8676719
1.727994 1.635245 -0.8676719
1.727994 1.635245 -0.8676719
1.727994 1.635245 -0.8676719
1.727994 1.635245 -0.8676719
1.727994 1.635245 -0.8676719
1.727994 1.635245 -0.8676719
1.727994 1.635245 -0.8676719
1.727994 1.635245 -0.8676719
1.727994 1.635245 -0.8676719
1.727994 1.635245 -0.8676719
1.727994 1.635245 -0.8676719
1.727994 1.635245 -0.8676719
1.727994 1.635245 -0.8676719
1.727994 1.635245 -0.8676719
1.727994 1.635245 -0.8676719
1.727994 1.635245 -0.8676719
1.727994 1.635245 -0.8676719
1.727994 1.635245 -0.8676719
1.727994 1.635245 -0.8676719
1.727994 1.635245 -0.8676719
1.727994 1.635245 -0.8676719
1.727994 1.635245 -0.8676719
1.727994 1.635245 -0.8676719
1.727994 1.635245 -0.8676719
1.727994 1.635245 -0.8676719
1.727994 1.635245 -0.8676719
1.727994 1.635245 -0.8676719
1.727994 1.635245 -0.8676719
1.727994 1.635245 -0.8676719
1.727994 1.635245 -0.8676719
1.727994 1.635245 -0.8676719
1.727994 1.635245 -0.8676719
1.727994 1.635245 -0.8676719
1.727994 1.635245 -0.8676719
1.727994 1.635245 -0.8676719
1.727994 1.635245 -0.8676719
1.727994 1.635245 -0.8676719
1.727994 1.635245 -0.8676719
1.727994 1.635245 -0.8676719
1.727994 1.635245 -0.8676719
1.727994 1.635245 -0.8676719
1.727994 1.635245 -0.8676719
1.727994 1.635245 -0.8676719
1.727994 1.635245 -0.8676719
1.727994 1.635245 -0.8676719
1.727994 1.635245 -0.8676719
1.727994 1.635245 -0.8676719
1.727994 1.635245 -0.8676719
1.727994 1.635245 -0.8676719
1.727994 1.635245 -0.8676719
1.727994 1.635245 -0.8676719
1.727994 1.635245 -0.8676719
1.727994 1.635245 -0.8676719
1.727994 1.635245 -0.8676719
1.727994 1.635245 -0.8676719
1.727994 1.635245 -0.8676719
1.727994 1.635245 -0.8676719
1.727994 1.635245 -0.8676719
1.727994 1.635245 -0.8676719
1.727994 1.635245 -0.8676719
1.727994 1.635245 -0.8676719
1.727994 1.635245 -0.8676719
1.727994 1.635245 -0.8676719
1.727994 1.635245 -0.8676719
1.727994 1.635245 -0.8676719
1.727994 1.635245 -0.8676719
1.727994 1.635245 -0.8676719
1.727994 1.635245 -0.8676719
1.727994 1.635245 -0.8676719
1.727994 1.635245 -0.8676719
1.727994 1.635245 -0.8676719
1.727994 1.635245 -0.8676719
1.727994 1.635245 -0.8676719
1.727994 1.635245 -0.8676719
1.727994 1.635245 -0.8676719
1.727994 1.635245 -0.8676719
1.727994 1.635245 -0.8676719
1.727994 1.635245 -0.8676719
1.727994 1.635245 -0.8676719
1.727994 1.635245 -0.8676719
1.727994 1.635245 -0.8676719
1.727994 1.635245 -0.8676719
1.727994 1.635245 -0.8676719
1.727994 1.635245 -0.8676719
1.727994 1.635245 -0.8676719
1.727994 1.635245 -0.8676719
1.727994 1.635245 -0.8676719
1.727994 1.635245 -0.8676719
1.727994 1.635245 -0.8676719
1.727994 1.635245 -0.8676719
1.727994 1.635245 -0.8676719
1.727994 1.635245 -0.8676719
1.727994 1.635245 -0.8676719
1.727994 1.635245 -0.8676719
1.727994 1.635245 -0.8676719
1.727994 1.635245 -0.8676719
1.727994 1.635245 -0.8676719
1.727994 1.635245 -0.8676719
1.727994 1.635245 -0.8676719
1.735602 1.486187 -0.9940394
1.735602 1.486187 -0.9940394
1.735602 1.486187 -0.9940394
1.735602 1.486187 -0.9940394
1.735602 1.486187 -0.9940394
1.735602 1.486187 -0.9940394
1.735602 1.486187 -0.9940394
1.735602 1.486187 -0.9940394
1.735602 1.486187 -0.9940394
1.822022 1.051153 -0.9098838
1.822022 1.051153 -0.9098838
1.822022 1.051153 -0.9098838
1.822022 1.051153 -0.9098838
1.822022 1.051153 -0.9098838
1.822022 1.051153 -0.9098838
1.822022 1.051153 -0.9098838
1.822022 1.051153 -0.9098838
1.822022 1.051153 -0.9098838
1.822022 1.051153 -0.9098838
1.822022 1.051153 -0.9098838
1.822022 1.051153 -0.9098838
1.822022 1.051153 -0.9098838
1.822022 1.051153 -0.9098838
1.822022 1.051153 -0.9098838
1.822022 1.051153 -0.9098838
1.822022 1.051153 -0.9098838
1.822022 1.051153 -0.9098838
1.822022 1.051153 -0.9098838
1.822022 1.051153 -0.9098838
1.822022 1.051153 -0.9098838
1.822022 1.051153 -0.9098838
1.822022 1.051153 -0.9098838
1.822022 1.051153 -0.9098838
1.822022 1.051153 -0.9098838
1.822022 1.051153 -0.9098838
1.8878 1.399681 -0.7862939
1.8878 1.399681 -0.7862939
1.8878 1.399681 -0.7862939
1.8878 1.399681 -0.7862939
1.8878 1.399681 -0.7862939
1.8878 1.399681 -0.7862939
1.8878 1.399681 -0.7862939
1.8878 1.399681 -0.7862939
1.8878 1.399681 -0.7862939
1.8878 1.399681 -0.7862939
1.8878 1.399681 -0.7862939
1.8878 1.399681 -0.7862939
1.8878 1.399681 -0.7862939
1.8878 1.399681 -0.7862939
1.8878 1.399681 -0.7862939
1.8878 1.399681 -0.7862939
1.8878 1.399681 -0.7862939
1.8878 1.399681 -0.7862939
1.8878 1.399681 -0.7862939
1.8878 1.399681 -0.7862939
1.8878 1.399681 -0.7862939
1.8878 1.399681 -0.7862939
1.8878 1.399681 -0.7862939
1.8878 1.399681 -0.7862939
1.8878 1.399681 -0.7862939
1.8878 1.399681 -0.7862939
1.8878 1.399681 -0.7862939
1.8878 1.399681 -0.7862939
1.8878 1.399681 -0.7862939
1.8878 1.399681 -0.7862939
1.8878 1.399681 -0.7862939
1.8878 1.399681 -0.7862939
1.8878 1.399681 -0.7862939
1.8878 1.399681 -0.7862939
1.8878 1.399681 -0.7862939
1.8878 1.399681 -0.7862939
1.8878 1.399681 -0.7862939
1.8878 1.399681 -0.7862939
1.8878 1.399681 -0.7862939
1.8878 1.399681 -0.7862939
1.8878 1.399681 -0.7862939
1.8878 1.399681 -0.7862939
1.8878 1.399681 -0.7862939
1.8878 1.399681 -0.7862939
1.8878 1.399681 -0.7862939
1.8878 1.399681 -0.7862939
1.8878 1.399681 -0.7862939
1.8878 1.399681 -0.7862939
1.8878 1.399681 -0.7862939
1.8878 1.399681 -0.7862939
1.8878 1.399681 -0.7862939
1.8878 1.399681 -0.7862939
1.8878 1.399681 -0.7862939
1.8878 1.399681 -0.7862939
1.8878 1.399681 -0.7862939
1.8878 1.399681 -0.7862939
1.8878 1.399681 -0.7862939
1.8878 1.399681 -0.7862939
1.8878 1.399681 -0.7862939
1.8878 1.399681 -0.7862939
1.8878 1.399681 -0.7862939
1.8878 1.399681 -0.7862939
1.8878 1.399681 -0.7862939
1.8878 1.399681 -0.7862939
1.8878 1.399681 -0.7862939
1.8878 1.399681 -0.7862939
1.8878 1.399681 -0.7862939
1.8878 1.399681 -0.7862939
1.8878 1.399681 -0.7862939
1.8878 1.399681 -0.7862939
1.8878 1.399681 -0.7862939
1.8878 1.399681 -0.7862939
1.8878 1.399681 -0.7862939
1.8878 1.399681 -0.7862939
1.8878 1.399681 -0.7862939
1.8878 1.399681 -0.7862939
1.8878 1.399681 -0.7862939
1.8878 1.399681 -0.7862939
1.8878 1.399681 -0.7862939
1.8878 1.399681 -0.7862939
1.8878 1.399681 -0.7862939
1.8878 1.399681 -0.7862939
1.8878 1.399681 -0.7862939
1.8878 1.399681 -0.7862939
1.8878 1.399681 -0.7862939
1.8878 1.399681 -0.7862939
1.8878 1.399681 -0.7862939
1.8878 1.399681 -0.7862939
1.8878 1.399681 -0.7862939
1.8878 1.399681 -0.7862939
1.8878 1.399681 -0.7862939
1.8878 1.399681 -0.7862939
1.8878 1.399681 -0.7862939
1.8878 1.399681 -0.7862939
1.8878 1.399681 -0.7862939
1.8878 1.399681 -0.7862939
1.8878 1.399681 -0.7862939
1.8878 1.399681 -0.7862939
1.8878 1.399681 -0.7862939
1.8878 1.399681 -0.7862939
1.8878 1.399681 -0.7862939
1.8878 1.399681 -0.7862939
1.8878 1.399681 -0.7862939
1.8878 1.399681 -0.7862939
1.8878 1.399681 -0.7862939
1.8878 1.399681 -0.7862939
1.8878 1.399681 -0.7862939
1.8878 1.399681 -0.7862939
1.8878 1.399681 -0.7862939
1.8878 1.399681 -0.7862939
1.8878 1.399681 -0.7862939
1.8878 1.399681 -0.7862939
1.8878 1.399681 -0.7862939
1.8878 1.399681 -0.7862939
1.8878 1.399681 -0.7862939
1.8878 1.399681 -0.7862939
1.8878 1.399681 -0.7862939
1.8878 1.399681 -0.7862939
1.8878 1.399681 -0.7862939
1.8878 1.399681 -0.7862939
1.8878 1.399681 -0.7862939
1.8878 1.399681 -0.7862939
1.8878 1.399681 -0.7862939
1.8878 1.399681 -0.7862939
1.8878 1.399681 -0.7862939
1.8878 1.399681 -0.7862939
1.8878 1.399681 -0.7862939
1.8878 1.399681 -0.7862939
1.8878 1.399681 -0.7862939
1.8878 1.399681 -0.7862939
1.8878 1.399681 -0.7862939
1.8878 1.399681 -0.7862939
1.8878 1.399681 -0.7862939
1.8878 1.399681 -0.7862939
1.8878 1.399681 -0.7862939
1.8878 1.399681 -0.7862939
1.8878 1.399681 -0.7862939
1.8878 1.399681 -0.7862939
1.8878 1.399681 -0.7862939
1.8878 1.399681 -0.7862939
1.8878 1.399681 -0.7862939
1.8878 1.399681 -0.7862939
1.8878 1.399681 -0.7862939
1.8878 1.399681 -0.7862939
1.8878 1.399681 -0.7862939
1.8878 1.399681 -0.7862939
1.8878 1.399681 -0.7862939
1.8878 1.399681 -0.7862939
1.8878 1.399681 -0.7862939
1.8878 1.399681 -0.7862939
1.8878 1.399681 -0.7862939
1.8878 1.399681 -0.7862939
1.8878 1.399681 -0.7862939
1.8878 1.399681 -0.7862939
1.8878 1.399681 -0.7862939
1.8878 1.399681 -0.7862939
1.8878 1.399681 -0.7862939
1.8878 1.399681 -0.7862939
1.8878 1.399681 -0.7862939
1.8878 1.399681 -0.7862939
1.8878 1.399681 -0.7862939
1.8878 1.399681 -0.7862939
1.8878 1.399681 -0.7862939
1.8878 1.399681 -0.7862939
1.8878 1.399681 -0.7862939
1.8878 1.399681 -0.7862939
1.8878 1.399681 -0.7862939
1.8878 1.399681 -0.7862939
1.8878 1.399681 -0.7862939
1.8878 1.399681 -0.7862939
1.8878 1.399681 -0.7862939
1.8878 1.399681 -0.7862939
1.8878 1.399681 -0.7862939
1.8878 1.399681 -0.7862939
1.8878 1.399681 -0.7862939
1.8878 1.399681 -0.7862939
1.8878 1.399681 -0.7862939
1.8878 1.399681 -0.7862939
1.8878 1.399681 -0.7862939
1.8878 1.399681 -0.7862939
1.8878 1.399681 -0.7862939
1.8878 1.399681 -0.7862939
1.8878 1.399681 -0.7862939
1.8878 1.399681 -0.7862939
1.8878 1.399681 -0.7862939
1.8878 1.399681 -0.7862939
1.8878 1.399681 -0.7862939
1.8878 1.399681 -0.7862939
1.8878 1.399681 -0.7862939
1.8878 1.399681 -0.7862939
1.8878 1.399681 -0.7862939
1.8878 1.399681 -0.7862939
1.8878 1.399681 -0.7862939
1.8878 1.399681 -0.7862939
1.8878 1.399681 -0.7862939
1.8878 1.399681 -0.7862939
1.8878 1.399681 -0.7862939
1.8878 1.399681 -0.7862939
1.8878 1.399681 -0.7862939
1.8878 1.399681 -0.7862939
1.8878 1.399681 -0.7862939
1.8878 1.399681 -0.7862939
1.8878 1.399681 -0.7862939
1.8878 1.399681 -0.7862939
1.8878 1.399681 -0.7862939
1.68591 1.61946 -0.05247506
1.68591 1.61946 -0.05247506
1.68591 1.61946 -0.05247506
1.68591 1.61946 -0.05247506
1.68591 1.61946 -0.05247506
1.68591 1.61946 -0.05247506
1.68591 1.61946 -0.05247506
1.68591 1.61946 -0.05247506
1.68591 1.61946 -0.05247506
1.68591 1.61946 -0.05247506
1.68591 1.61946 -0.05247506
1.68591 1.61946 -0.05247506
1.68591 1.61946 -0.05247506
1.68591 1.61946 -0.05247506
1.68591 1.61946 -0.05247506
1.68591 1.61946 -0.05247506
1.68591 1.61946 -0.05247506
1.68591 1.61946 -0.05247506
1.68591 1.61946 -0.05247506
1.68591 1.61946 -0.05247506
1.68591 1.61946 -0.05247506
1.68591 1.61946 -0.05247506
1.68591 1.61946 -0.05247506
1.68591 1.61946 -0.05247506
1.68591 1.61946 -0.05247506
1.68591 1.61946 -0.05247506
1.68591 1.61946 -0.05247506
1.68591 1.61946 -0.05247506
1.68591 1.61946 -0.05247506
1.68591 1.61946 -0.05247506
1.68591 1.61946 -0.05247506
1.68591 1.61946 -0.05247506
1.68591 1.61946 -0.05247506
1.68591 1.61946 -0.05247506
1.68591 1.61946 -0.05247506
1.68591 1.61946 -0.05247506
1.68591 1.61946 -0.05247506
2.081656 1.484665 -1.356298
2.081656 1.484665 -1.356298
2.081656 1.484665 -1.356298
2.081656 1.484665 -1.356298
2.081656 1.484665 -1.356298
2.081656 1.484665 -1.356298
2.081656 1.484665 -1.356298
2.081656 1.484665 -1.356298
2.081656 1.484665 -1.356298
2.081656 1.484665 -1.356298
2.081656 1.484665 -1.356298
2.081656 1.484665 -1.356298
2.081656 1.484665 -1.356298
2.081656 1.484665 -1.356298
2.081656 1.484665 -1.356298
2.081656 1.484665 -1.356298
2.081656 1.484665 -1.356298
2.081656 1.484665 -1.356298
2.081656 1.484665 -1.356298
2.081656 1.484665 -1.356298
2.081656 1.484665 -1.356298
2.081656 1.484665 -1.356298
2.081656 1.484665 -1.356298
2.081656 1.484665 -1.356298
2.081656 1.484665 -1.356298
2.081656 1.484665 -1.356298
2.081656 1.484665 -1.356298
2.081656 1.484665 -1.356298
2.081656 1.484665 -1.356298
2.081656 1.484665 -1.356298
2.081656 1.484665 -1.356298
2.081656 1.484665 -1.356298
2.081656 1.484665 -1.356298
2.081656 1.484665 -1.356298
2.081656 1.484665 -1.356298
2.081656 1.484665 -1.356298
2.081656 1.484665 -1.356298
2.081656 1.484665 -1.356298
2.081656 1.484665 -1.356298
2.081656 1.484665 -1.356298
2.081656 1.484665 -1.356298
2.081656 1.484665 -1.356298
2.081656 1.484665 -1.356298
2.081656 1.484665 -1.356298
2.081656 1.484665 -1.356298
2.081656 1.484665 -1.356298
2.081656 1.484665 -1.356298
2.081656 1.484665 -1.356298
2.081656 1.484665 -1.356298
2.081656 1.484665 -1.356298
2.081656 1.484665 -1.356298
2.081656 1.484665 -1.356298
2.081656 1.484665 -1.356298
2.071425 1.798395 -1.524154
2.071425 1.798395 -1.524154
2.071425 1.798395 -1.524154
2.071425 1.798395 -1.524154
2.071425 1.798395 -1.524154
2.071425 1.798395 -1.524154
2.071425 1.798395 -1.524154
2.071425 1.798395 -1.524154
2.071425 1.798395 -1.524154
2.071425 1.798395 -1.524154
2.071425 1.798395 -1.524154
2.071425 1.798395 -1.524154
2.071425 1.798395 -1.524154
2.071425 1.798395 -1.524154
2.071425 1.798395 -1.524154
2.071425 1.798395 -1.524154
2.071425 1.798395 -1.524154
2.071425 1.798395 -1.524154
2.071425 1.798395 -1.524154
2.071425 1.798395 -1.524154
2.071425 1.798395 -1.524154
2.071425 1.798395 -1.524154
2.071425 1.798395 -1.524154
2.071425 1.798395 -1.524154
2.071425 1.798395 -1.524154
2.071425 1.798395 -1.524154
2.071425 1.798395 -1.524154
2.071425 1.798395 -1.524154
2.071425 1.798395 -1.524154
2.148225 1.778227 -1.604743
2.148225 1.778227 -1.604743
2.148225 1.778227 -1.604743
2.148225 1.778227 -1.604743
2.148225 1.778227 -1.604743
2.148225 1.778227 -1.604743
2.148225 1.778227 -1.604743
2.148225 1.778227 -1.604743
2.148225 1.778227 -1.604743
2.148225 1.778227 -1.604743
2.148225 1.778227 -1.604743
2.148225 1.778227 -1.604743
2.148225 1.778227 -1.604743
2.148225 1.778227 -1.604743
2.148225 1.778227 -1.604743
2.148225 1.778227 -1.604743
2.148225 1.778227 -1.604743
2.148225 1.778227 -1.604743
2.148225 1.778227 -1.604743
2.148225 1.778227 -1.604743
1.841841 1.499707 -1.074241
1.841841 1.499707 -1.074241
1.841841 1.499707 -1.074241
1.841841 1.499707 -1.074241
1.841841 1.499707 -1.074241
1.841841 1.499707 -1.074241
1.841841 1.499707 -1.074241
1.841841 1.499707 -1.074241
1.841841 1.499707 -1.074241
1.841841 1.499707 -1.074241
1.841841 1.499707 -1.074241
1.841841 1.499707 -1.074241
1.841841 1.499707 -1.074241
1.841841 1.499707 -1.074241
1.841841 1.499707 -1.074241
1.841841 1.499707 -1.074241
1.841841 1.499707 -1.074241
1.841841 1.499707 -1.074241
1.841841 1.499707 -1.074241
1.841841 1.499707 -1.074241
1.841841 1.499707 -1.074241
1.841841 1.499707 -1.074241
1.841841 1.499707 -1.074241
1.841841 1.499707 -1.074241
1.841841 1.499707 -1.074241
1.841841 1.499707 -1.074241
1.841841 1.499707 -1.074241
1.841841 1.499707 -1.074241
1.841841 1.499707 -1.074241
1.841841 1.499707 -1.074241
1.841841 1.499707 -1.074241
1.841841 1.499707 -1.074241
1.841841 1.499707 -1.074241
1.841841 1.499707 -1.074241
1.841841 1.499707 -1.074241
1.841841 1.499707 -1.074241
1.841841 1.499707 -1.074241
1.841841 1.499707 -1.074241
1.841841 1.499707 -1.074241
1.841841 1.499707 -1.074241
1.841841 1.499707 -1.074241
1.841841 1.499707 -1.074241
1.841841 1.499707 -1.074241
1.841841 1.499707 -1.074241
1.841841 1.499707 -1.074241
1.841841 1.499707 -1.074241
1.841841 1.499707 -1.074241
1.841841 1.499707 -1.074241
1.841841 1.499707 -1.074241
1.841841 1.499707 -1.074241
2.03929 2.059554 -1.046124
2.03929 2.059554 -1.046124
2.03929 2.059554 -1.046124
2.03929 2.059554 -1.046124
2.03929 2.059554 -1.046124
2.03929 2.059554 -1.046124
2.03929 2.059554 -1.046124
2.03929 2.059554 -1.046124
2.03929 2.059554 -1.046124
2.03929 2.059554 -1.046124
2.03929 2.059554 -1.046124
2.03929 2.059554 -1.046124
2.03929 2.059554 -1.046124
2.03929 2.059554 -1.046124
2.03929 2.059554 -1.046124
2.03929 2.059554 -1.046124
2.03929 2.059554 -1.046124
2.03929 2.059554 -1.046124
2.03929 2.059554 -1.046124
2.03929 2.059554 -1.046124
2.03929 2.059554 -1.046124
2.03929 2.059554 -1.046124
2.03929 2.059554 -1.046124
2.03929 2.059554 -1.046124
2.03929 2.059554 -1.046124
2.03929 2.059554 -1.046124
2.03929 2.059554 -1.046124
2.03929 2.059554 -1.046124
2.03929 2.059554 -1.046124
2.03929 2.059554 -1.046124
2.03929 2.059554 -1.046124
2.03929 2.059554 -1.046124
2.03929 2.059554 -1.046124
2.03929 2.059554 -1.046124
2.03929 2.059554 -1.046124
2.305182 2.155927 -1.294545
2.305182 2.155927 -1.294545
2.305182 2.155927 -1.294545
2.305182 2.155927 -1.294545
2.305182 2.155927 -1.294545
2.305182 2.155927 -1.294545
2.305182 2.155927 -1.294545
2.305182 2.155927 -1.294545
2.305182 2.155927 -1.294545
2.305182 2.155927 -1.294545
2.305182 2.155927 -1.294545
2.305182 2.155927 -1.294545
2.305182 2.155927 -1.294545
2.305182 2.155927 -1.294545
2.305182 2.155927 -1.294545
2.305182 2.155927 -1.294545
2.305182 2.155927 -1.294545
2.305182 2.155927 -1.294545
2.305182 2.155927 -1.294545
2.305182 2.155927 -1.294545
2.305182 2.155927 -1.294545
2.305182 2.155927 -1.294545
2.305182 2.155927 -1.294545
2.305182 2.155927 -1.294545
2.305182 2.155927 -1.294545
2.305182 2.155927 -1.294545
2.305182 2.155927 -1.294545
2.305182 2.155927 -1.294545
2.305182 2.155927 -1.294545
2.305182 2.155927 -1.294545
2.305182 2.155927 -1.294545
2.305182 2.155927 -1.294545
2.305182 2.155927 -1.294545
2.434139 2.216363 -1.453907
2.434139 2.216363 -1.453907
2.434139 2.216363 -1.453907
2.434139 2.216363 -1.453907
2.434139 2.216363 -1.453907
2.434139 2.216363 -1.453907
2.434139 2.216363 -1.453907
2.434139 2.216363 -1.453907
2.434139 2.216363 -1.453907
2.434139 2.216363 -1.453907
2.434139 2.216363 -1.453907
2.434139 2.216363 -1.453907
2.434139 2.216363 -1.453907
2.434139 2.216363 -1.453907
2.434139 2.216363 -1.453907
2.434139 2.216363 -1.453907
2.434139 2.216363 -1.453907
2.434139 2.216363 -1.453907
2.434139 2.216363 -1.453907
2.434139 2.216363 -1.453907
2.434139 2.216363 -1.453907
2.434139 2.216363 -1.453907
2.434139 2.216363 -1.453907
2.434139 2.216363 -1.453907
2.434139 2.216363 -1.453907
2.434139 2.216363 -1.453907
2.434139 2.216363 -1.453907
2.434139 2.216363 -1.453907
2.434139 2.216363 -1.453907
2.434139 2.216363 -1.453907
2.434139 2.216363 -1.453907
2.434139 2.216363 -1.453907
2.434139 2.216363 -1.453907
2.434139 2.216363 -1.453907
2.434139 2.216363 -1.453907
2.434139 2.216363 -1.453907
2.434139 2.216363 -1.453907
2.434139 2.216363 -1.453907
2.434139 2.216363 -1.453907
2.434139 2.216363 -1.453907
2.434139 2.216363 -1.453907
2.434139 2.216363 -1.453907
2.434139 2.216363 -1.453907
2.434139 2.216363 -1.453907
2.434139 2.216363 -1.453907
2.434139 2.216363 -1.453907
2.434139 2.216363 -1.453907
2.434139 2.216363 -1.453907
2.434139 2.216363 -1.453907
2.434139 2.216363 -1.453907
2.434139 2.216363 -1.453907
2.434139 2.216363 -1.453907
2.434139 2.216363 -1.453907
2.434139 2.216363 -1.453907
2.434139 2.216363 -1.453907
2.434139 2.216363 -1.453907
2.434139 2.216363 -1.453907
2.434139 2.216363 -1.453907
2.434139 2.216363 -1.453907
2.434139 2.216363 -1.453907
2.434139 2.216363 -1.453907
2.434139 2.216363 -1.453907
2.434139 2.216363 -1.453907
2.434139 2.216363 -1.453907
2.434139 2.216363 -1.453907
2.434139 2.216363 -1.453907
2.434139 2.216363 -1.453907
2.434139 2.216363 -1.453907
2.434139 2.216363 -1.453907
2.434139 2.216363 -1.453907
2.434139 2.216363 -1.453907
2.434139 2.216363 -1.453907
2.434139 2.216363 -1.453907
2.434139 2.216363 -1.453907
2.434139 2.216363 -1.453907
2.222178 1.716802 -1.073537
1.740777 1.213431 -0.6313075
1.740777 1.213431 -0.6313075
1.796368 1.589735 -0.7311073
1.796368 1.589735 -0.7311073
1.796368 1.589735 -0.7311073
1.796368 1.589735 -0.7311073
1.796368 1.589735 -0.7311073
1.796368 1.589735 -0.7311073
1.796368 1.589735 -0.7311073
1.796368 1.589735 -0.7311073
1.796368 1.589735 -0.7311073
1.796368 1.589735 -0.7311073
1.796368 1.589735 -0.7311073
1.796368 1.589735 -0.7311073
1.796368 1.589735 -0.7311073
1.796368 1.589735 -0.7311073
1.796368 1.589735 -0.7311073
1.796368 1.589735 -0.7311073
1.796368 1.589735 -0.7311073
1.796368 1.589735 -0.7311073
2.085473 1.922032 -0.8389726
2.085473 1.922032 -0.8389726
2.085473 1.922032 -0.8389726
2.085473 1.922032 -0.8389726
2.085473 1.922032 -0.8389726
2.085473 1.922032 -0.8389726
2.085473 1.922032 -0.8389726
2.085473 1.922032 -0.8389726
2.085473 1.922032 -0.8389726
2.085473 1.922032 -0.8389726
2.085473 1.922032 -0.8389726
2.085473 1.922032 -0.8389726
2.085473 1.922032 -0.8389726
2.085473 1.922032 -0.8389726
2.085473 1.922032 -0.8389726
2.085473 1.922032 -0.8389726
1.747311 1.144669 -0.9313189
1.747311 1.144669 -0.9313189
1.747311 1.144669 -0.9313189
1.747311 1.144669 -0.9313189
1.747311 1.144669 -0.9313189
1.747311 1.144669 -0.9313189
1.747311 1.144669 -0.9313189
1.747311 1.144669 -0.9313189
1.747311 1.144669 -0.9313189
1.747311 1.144669 -0.9313189
1.747311 1.144669 -0.9313189
1.747311 1.144669 -0.9313189
1.747311 1.144669 -0.9313189
1.747311 1.144669 -0.9313189
1.747311 1.144669 -0.9313189
1.747311 1.144669 -0.9313189
1.747311 1.144669 -0.9313189
1.747311 1.144669 -0.9313189
1.747311 1.144669 -0.9313189
1.747311 1.144669 -0.9313189
1.747311 1.144669 -0.9313189
1.747311 1.144669 -0.9313189
1.747311 1.144669 -0.9313189
1.747311 1.144669 -0.9313189
1.747311 1.144669 -0.9313189
1.747311 1.144669 -0.9313189
1.747311 1.144669 -0.9313189
1.747311 1.144669 -0.9313189
1.747311 1.144669 -0.9313189
1.747311 1.144669 -0.9313189
2.074797 2.131874 -0.5917347
2.074797 2.131874 -0.5917347
2.074797 2.131874 -0.5917347
2.074797 2.131874 -0.5917347
2.074797 2.131874 -0.5917347
2.074797 2.131874 -0.5917347
2.074797 2.131874 -0.5917347
2.074797 2.131874 -0.5917347
2.074797 2.131874 -0.5917347
2.074797 2.131874 -0.5917347
2.074797 2.131874 -0.5917347
2.074797 2.131874 -0.5917347
2.074797 2.131874 -0.5917347
2.074797 2.131874 -0.5917347
2.074797 2.131874 -0.5917347
2.074797 2.131874 -0.5917347
2.074797 2.131874 -0.5917347
2.074797 2.131874 -0.5917347
2.074797 2.131874 -0.5917347
2.074797 2.131874 -0.5917347
2.074797 2.131874 -0.5917347
2.074797 2.131874 -0.5917347
2.074797 2.131874 -0.5917347
2.074797 2.131874 -0.5917347
2.074797 2.131874 -0.5917347
2.074797 2.131874 -0.5917347
1.816068 2.114847 -0.8457831
1.816068 2.114847 -0.8457831
1.816068 2.114847 -0.8457831
1.816068 2.114847 -0.8457831
1.816068 2.114847 -0.8457831
1.816068 2.114847 -0.8457831
1.816068 2.114847 -0.8457831
1.816068 2.114847 -0.8457831
1.816068 2.114847 -0.8457831
1.816068 2.114847 -0.8457831
1.816068 2.114847 -0.8457831
1.816068 2.114847 -0.8457831
1.816068 2.114847 -0.8457831
1.816068 2.114847 -0.8457831
1.736253 1.701309 -0.1659412
1.736253 1.701309 -0.1659412
1.736253 1.701309 -0.1659412
1.736253 1.701309 -0.1659412
1.736253 1.701309 -0.1659412
1.736253 1.701309 -0.1659412
1.736253 1.701309 -0.1659412
2.381925 2.555652 -1.05469
2.381925 2.555652 -1.05469
2.381925 2.555652 -1.05469
2.381925 2.555652 -1.05469
2.381925 2.555652 -1.05469
2.381925 2.555652 -1.05469
2.381925 2.555652 -1.05469
2.381925 2.555652 -1.05469
2.381925 2.555652 -1.05469
2.381925 2.555652 -1.05469
2.381925 2.555652 -1.05469
2.381925 2.555652 -1.05469
1.988351 1.423904 -1.448907
1.988351 1.423904 -1.448907
1.988351 1.423904 -1.448907
1.988351 1.423904 -1.448907
1.988351 1.423904 -1.448907
1.988351 1.423904 -1.448907
1.988351 1.423904 -1.448907
1.988351 1.423904 -1.448907
1.988351 1.423904 -1.448907
1.988351 1.423904 -1.448907
1.988351 1.423904 -1.448907
1.988351 1.423904 -1.448907
1.988351 1.423904 -1.448907
1.988351 1.423904 -1.448907
1.988351 1.423904 -1.448907
1.988351 1.423904 -1.448907
1.988351 1.423904 -1.448907
1.988351 1.423904 -1.448907
1.988351 1.423904 -1.448907
1.988351 1.423904 -1.448907
1.988351 1.423904 -1.448907
1.988351 1.423904 -1.448907
1.988351 1.423904 -1.448907
1.988351 1.423904 -1.448907
1.988351 1.423904 -1.448907
1.988351 1.423904 -1.448907
1.988351 1.423904 -1.448907
1.988351 1.423904 -1.448907
1.988351 1.423904 -1.448907
1.988351 1.423904 -1.448907
1.988351 1.423904 -1.448907
1.988351 1.423904 -1.448907
1.988351 1.423904 -1.448907
1.988351 1.423904 -1.448907
1.988351 1.423904 -1.448907
1.988351 1.423904 -1.448907
1.988351 1.423904 -1.448907
1.988351 1.423904 -1.448907
1.988351 1.423904 -1.448907
1.988351 1.423904 -1.448907
1.988351 1.423904 -1.448907
1.988351 1.423904 -1.448907
1.988351 1.423904 -1.448907
1.988351 1.423904 -1.448907
1.988351 1.423904 -1.448907
1.988351 1.423904 -1.448907
1.988351 1.423904 -1.448907
1.988351 1.423904 -1.448907
1.988351 1.423904 -1.448907
1.988351 1.423904 -1.448907
1.988351 1.423904 -1.448907
1.988351 1.423904 -1.448907
1.988351 1.423904 -1.448907
1.988351 1.423904 -1.448907
1.988351 1.423904 -1.448907
1.988351 1.423904 -1.448907
1.988351 1.423904 -1.448907
1.988351 1.423904 -1.448907
1.988351 1.423904 -1.448907
1.988351 1.423904 -1.448907
1.988351 1.423904 -1.448907
1.988351 1.423904 -1.448907
1.988351 1.423904 -1.448907
1.988351 1.423904 -1.448907
1.988351 1.423904 -1.448907
1.988351 1.423904 -1.448907
1.988351 1.423904 -1.448907
1.988351 1.423904 -1.448907
1.988351 1.423904 -1.448907
1.988351 1.423904 -1.448907
1.988351 1.423904 -1.448907
1.988351 1.423904 -1.448907
1.988351 1.423904 -1.448907
1.988351 1.423904 -1.448907
1.988351 1.423904 -1.448907
2.094537 1.937239 -1.051954
2.094537 1.937239 -1.051954
2.094537 1.937239 -1.051954
2.094537 1.937239 -1.051954
2.094537 1.937239 -1.051954
2.094537 1.937239 -1.051954
2.094537 1.937239 -1.051954
2.094537 1.937239 -1.051954
2.094537 1.937239 -1.051954
2.094537 1.937239 -1.051954
2.094537 1.937239 -1.051954
2.094537 1.937239 -1.051954
2.094537 1.937239 -1.051954
2.094537 1.937239 -1.051954
2.094537 1.937239 -1.051954
2.094537 1.937239 -1.051954
2.094537 1.937239 -1.051954
2.094537 1.937239 -1.051954
2.094537 1.937239 -1.051954
2.094537 1.937239 -1.051954
2.094537 1.937239 -1.051954
2.094537 1.937239 -1.051954
2.094537 1.937239 -1.051954
2.094537 1.937239 -1.051954
2.094537 1.937239 -1.051954
2.094537 1.937239 -1.051954
2.094537 1.937239 -1.051954
2.094537 1.937239 -1.051954
2.094537 1.937239 -1.051954
2.094537 1.937239 -1.051954
2.094537 1.937239 -1.051954
2.094537 1.937239 -1.051954
2.094537 1.937239 -1.051954
2.094537 1.937239 -1.051954
2.094537 1.937239 -1.051954
2.094537 1.937239 -1.051954
2.094537 1.937239 -1.051954
2.094537 1.937239 -1.051954
2.094537 1.937239 -1.051954
2.094537 1.937239 -1.051954
2.094537 1.937239 -1.051954
2.094537 1.937239 -1.051954
2.094537 1.937239 -1.051954
2.094537 1.937239 -1.051954
2.094537 1.937239 -1.051954
2.094537 1.937239 -1.051954
2.094537 1.937239 -1.051954
2.094537 1.937239 -1.051954
2.094537 1.937239 -1.051954
2.094537 1.937239 -1.051954
2.094537 1.937239 -1.051954
2.094537 1.937239 -1.051954
2.094537 1.937239 -1.051954
2.094537 1.937239 -1.051954
2.094537 1.937239 -1.051954
2.094537 1.937239 -1.051954
2.094537 1.937239 -1.051954
2.094537 1.937239 -1.051954
2.094537 1.937239 -1.051954
2.094537 1.937239 -1.051954
2.094537 1.937239 -1.051954
2.094537 1.937239 -1.051954
2.094537 1.937239 -1.051954
2.094537 1.937239 -1.051954
2.094537 1.937239 -1.051954
2.094537 1.937239 -1.051954
2.094537 1.937239 -1.051954
2.094537 1.937239 -1.051954
2.094537 1.937239 -1.051954
2.094537 1.937239 -1.051954
2.094537 1.937239 -1.051954
2.094537 1.937239 -1.051954
2.094537 1.937239 -1.051954
2.094537 1.937239 -1.051954
2.094537 1.937239 -1.051954
2.094537 1.937239 -1.051954
2.094537 1.937239 -1.051954
2.094537 1.937239 -1.051954
2.094537 1.937239 -1.051954
2.094537 1.937239 -1.051954
2.094537 1.937239 -1.051954
2.094537 1.937239 -1.051954
2.094537 1.937239 -1.051954
2.094537 1.937239 -1.051954
2.094537 1.937239 -1.051954
2.094537 1.937239 -1.051954
2.094537 1.937239 -1.051954
2.094537 1.937239 -1.051954
2.094537 1.937239 -1.051954
2.094537 1.937239 -1.051954
2.094537 1.937239 -1.051954
2.094537 1.937239 -1.051954
2.094537 1.937239 -1.051954
2.094537 1.937239 -1.051954
2.094537 1.937239 -1.051954
2.094537 1.937239 -1.051954
2.094537 1.937239 -1.051954
2.094537 1.937239 -1.051954
2.094537 1.937239 -1.051954
2.094537 1.937239 -1.051954
2.094537 1.937239 -1.051954
2.094537 1.937239 -1.051954
2.094537 1.937239 -1.051954
2.514157 2.434097 -1.641692
2.514157 2.434097 -1.641692
2.514157 2.434097 -1.641692
2.514157 2.434097 -1.641692
2.514157 2.434097 -1.641692
2.514157 2.434097 -1.641692
2.514157 2.434097 -1.641692
2.514157 2.434097 -1.641692
2.514157 2.434097 -1.641692
2.514157 2.434097 -1.641692
2.514157 2.434097 -1.641692
2.514157 2.434097 -1.641692
2.514157 2.434097 -1.641692
2.514157 2.434097 -1.641692
2.514157 2.434097 -1.641692
2.514157 2.434097 -1.641692
2.514157 2.434097 -1.641692
2.514157 2.434097 -1.641692
2.514157 2.434097 -1.641692
2.514157 2.434097 -1.641692
2.514157 2.434097 -1.641692
2.514157 2.434097 -1.641692
2.514157 2.434097 -1.641692
2.514157 2.434097 -1.641692
2.408792 1.610333 -1.591645
2.408792 1.610333 -1.591645
2.408792 1.610333 -1.591645
2.408792 1.610333 -1.591645
2.408792 1.610333 -1.591645
2.408792 1.610333 -1.591645
2.408792 1.610333 -1.591645
2.408792 1.610333 -1.591645
2.408792 1.610333 -1.591645
2.408792 1.610333 -1.591645
2.408792 1.610333 -1.591645
2.408792 1.610333 -1.591645
2.408792 1.610333 -1.591645
2.408792 1.610333 -1.591645
2.408792 1.610333 -1.591645
2.408792 1.610333 -1.591645
2.408792 1.610333 -1.591645
2.408792 1.610333 -1.591645
2.408792 1.610333 -1.591645
2.408792 1.610333 -1.591645
2.408792 1.610333 -1.591645
2.408792 1.610333 -1.591645
2.408792 1.610333 -1.591645
2.408792 1.610333 -1.591645
2.408792 1.610333 -1.591645
2.408792 1.610333 -1.591645
2.408792 1.610333 -1.591645
2.408792 1.610333 -1.591645
2.408792 1.610333 -1.591645
2.408792 1.610333 -1.591645
2.408792 1.610333 -1.591645
2.408792 1.610333 -1.591645
2.270458 2.028571 -1.136266
2.270458 2.028571 -1.136266
2.270458 2.028571 -1.136266
2.270458 2.028571 -1.136266
2.270458 2.028571 -1.136266
