1.517124 0.9180232 -0.9207077
1.602075 0.7821503 -0.8266789
1.56471 1.057369 -0.3223707
1.466811 1.090587 -0.4320296
1.526389 0.951742 -0.2177964
1.526389 0.951742 -0.2177964
1.526389 0.951742 -0.2177964
1.526389 0.951742 -0.2177964
1.526389 0.951742 -0.2177964
1.508714 0.6067709 -0.6224844
1.508714 0.6067709 -0.6224844
1.508714 0.6067709 -0.6224844
1.836704 1.037485 -0.9314528
1.836704 1.037485 -0.9314528
1.620362 1.229002 -0.2138897
1.620362 1.229002 -0.2138897
1.806999 1.474214 -0.414121
1.829447 1.871206 -0.864178
1.844999 1.449193 -1.053567
1.777283 1.34654 -0.993316
1.777283 1.34654 -0.993316
2.14992 1.494499 -1.373061
2.044828 2.286646 -0.7590231
1.865108 1.462696 -0.4127489
1.619668 1.170959 -0.7357008
1.611946 1.285533 -0.3105494
2.153112 1.832424 -0.9497478
2.153112 1.832424 -0.9497478
2.153112 1.832424 -0.9497478
2.35766 2.2702 -1.425275
2.35766 2.2702 -1.425275
2.35766 2.2702 -1.425275
2.163438 2.419477 -1.100886
1.958216 2.028129 -1.022542
1.958216 2.028129 -1.022542
1.958216 2.028129 -1.022542
1.958216 2.028129 -1.022542
2.313876 2.439156 -1.339699
2.521258 2.203327 -1.361424
2.089963 1.578469 -1.079323
2.089963 1.578469 -1.079323
2.026267 2.444914 -0.8672879
2.026267 2.444914 -0.8672879
2.246272 1.574408 -1.504096
2.312842 2.033852 -1.860907
