1.636232 -0.04080433 0.7759305
1.488531 0.7025868 0.2075258
1.758539 1.365937 0.2360039
2.050691 1.393329 -0.5185424
1.63442 0.4079996 -0.09090963
1.529271 0.3544336 0.3754919
2.13735 1.393063 -0.7614292
2.118214 1.116792 -0.8648173
2.118214 1.116792 -0.8648173
2.118214 1.116792 -0.8648173
2.184872 1.209597 -0.9171071
1.943986 0.5873899 -0.750196
1.900729 0.9948577 -0.5138524
1.900729 0.9948577 -0.5138524
1.900729 0.9948577 -0.5138524
1.900729 0.9948577 -0.5138524
2.01486 1.57159 -0.6404508
2.01486 1.57159 -0.6404508
2.01486 1.57159 -0.6404508
2.01486 1.57159 -0.6404508
1.974527 1.596904 -0.1510679
2.187399 2.175906 -0.516362
2.187399 2.175906 -0.516362
1.961991 1.502146 -0.8250288
1.939058 1.134518 -0.8131019
1.939058 1.134518 -0.8131019
1.939058 1.134518 -0.8131019
2.081555 1.162004 -1.070938
2.310799 2.055425 -0.7857015
2.310799 2.055425 -0.7857015
1.882002 1.816602 -0.1815124
2.140719 1.797233 -0.3261493
2.080657 1.615711 -0.03349147
2.329297 2.716249 -0.4974372
2.295854 2.153915 -0.3419341
2.34784 1.694377 -1.166011
2.34784 1.694377 -1.166011
2.205449 1.767471 -0.4997459
2.205449 1.767471 -0.4997459
2.574878 1.910056 -1.698751
2.339535 2.276313 -0.600431
2.457811 1.398787 -1.233288
2.217416 1.746526 -1.257336
2.217416 1.746526 -1.257336
2.047829 1.153692 -1.022576
