1.313547 0.733118 -0.1084228
1.682302 0.8346477 -0.2608036
1.034217 0.1326456 0.1717948
1.425933 1.094045 -0.07318527
1.425933 1.094045 -0.07318527
1.187661 0.263958 -0.01224877
1.187661 0.263958 -0.01224877
1.187661 0.263958 -0.01224877
1.187661 0.263958 -0.01224877
1.35726 0.3998837 0.1768842
1.541245 0.7642024 0.1663307
1.541245 0.7642024 0.1663307
1.428125 1.309278 0.227697
1.617356 0.8334534 -0.6689087
1.617356 0.8334534 -0.6689087
1.617356 0.8334534 -0.6689087
1.617356 0.8334534 -0.6689087
1.617356 0.8334534 -0.6689087
1.425305 0.8462337 -0.2140505
1.425305 0.8462337 -0.2140505
1.685414 1.169623 -0.08400676
1.685414 1.169623 -0.08400676
1.650295 0.8479924 -0.6916033
1.650295 0.8479924 -0.6916033
1.650295 0.8479924 -0.6916033
1.828355 1.204725 -1.185552
1.828355 1.204725 -1.185552
2.201957 1.78709 -1.299438
2.201957 1.78709 -1.299438
1.842954 1.427374 -1.46165
1.743952 1.509733 -0.4391843
1.743952 1.509733 -0.4391843
1.743952 1.509733 -0.4391843
1.743952 1.509733 -0.4391843
1.743952 1.509733 -0.4391843
1.825847 2.292766 -0.2616931
2.155258 1.915642 -1.315708
2.155258 1.915642 -1.315708
2.155258 1.915642 -1.315708
2.155258 1.915642 -1.315708
2.155258 1.915642 -1.315708
2.155258 1.915642 -1.315708
2.155258 1.915642 -1.315708
1.871751 1.763558 -0.7648761
1.871751 1.763558 -0.7648761
