1.622946 0.4788582 -0.4584311
1.360863 0.4054451 0.1425197
1.568724 0.6847678 -0.6509738
1.39901 1.141846 0.06419898
1.25834 0.5131401 -0.1178121
1.25834 0.5131401 -0.1178121
1.21672 0.7836338 -0.07787831
1.21672 0.7836338 -0.07787831
1.304698 0.279541 0.3322781
1.513236 0.6656245 -1.341624
1.47054 0.9851385 -0.6463161
1.47054 0.9851385 -0.6463161
1.426647 0.3723143 -0.5638425
1.437693 0.5044171 -0.8826425
1.588932 1.206162 -1.078883
1.742887 1.560503 -0.4226458
1.701297 1.501765 -0.765446
1.701297 1.501765 -0.765446
1.722291 1.102496 -0.7984341
1.862162 1.337115 -0.5788001
1.675784 1.326378 -1.060807
1.675784 1.326378 -1.060807
1.636254 1.187639 -0.3523386
1.631592 1.324852 -0.3145904
1.631592 1.324852 -0.3145904
1.631592 1.324852 -0.3145904
1.631592 1.324852 -0.3145904
1.570338 1.295711 -0.4437092
1.605272 1.231199 -0.2434245
1.305954 1.493482 0.383828
1.832756 2.059598 -0.4714564
1.832756 2.059598 -0.4714564
1.902243 1.357357 -1.468921
1.902243 1.357357 -1.468921
1.902243 1.357357 -1.468921
2.085709 1.638905 -1.190846
2.085709 1.638905 -1.190846
1.925251 1.268629 -1.283888
1.739656 1.690564 -0.7389769
1.739656 1.690564 -0.7389769
1.775888 1.612995 -1.055722
1.775888 1.612995 -1.055722
1.775888 1.612995 -1.055722
1.775888 1.612995 -1.055722
1.918338 1.30811 -1.340666
