1.447015 2.944643 -0.971257
1.447015 2.944643 -0.971257
1.447015 2.944643 -0.971257
1.447015 2.944643 -0.971257
2.096993 1.488306 -0.6433999
2.096993 1.488306 -0.6433999
2.096993 1.488306 -0.6433999
1.311359 1.087684 -0.182454
1.311359 1.087684 -0.182454
1.311359 1.087684 -0.182454
1.311359 1.087684 -0.182454
1.311359 1.087684 -0.182454
1.367983 0.5764596 0.2398657
1.367983 0.5764596 0.2398657
1.367983 0.5764596 0.2398657
1.367983 0.5764596 0.2398657
1.367983 0.5764596 0.2398657
1.367983 0.5764596 0.2398657
1.367983 0.5764596 0.2398657
1.367983 0.5764596 0.2398657
1.367983 0.5764596 0.2398657
1.367983 0.5764596 0.2398657
1.367983 0.5764596 0.2398657
1.367983 0.5764596 0.2398657
1.367983 0.5764596 0.2398657
1.367983 0.5764596 0.2398657
1.367983 0.5764596 0.2398657
1.367983 0.5764596 0.2398657
1.367983 0.5764596 0.2398657
1.367983 0.5764596 0.2398657
1.367983 0.5764596 0.2398657
1.367983 0.5764596 0.2398657
1.367983 0.5764596 0.2398657
1.367983 0.5764596 0.2398657
1.367983 0.5764596 0.2398657
1.367983 0.5764596 0.2398657
1.367983 0.5764596 0.2398657
1.367983 0.5764596 0.2398657
1.367983 0.5764596 0.2398657
1.367983 0.5764596 0.2398657
1.367983 0.5764596 0.2398657
1.367983 0.5764596 0.2398657
1.367983 0.5764596 0.2398657
1.367983 0.5764596 0.2398657
1.367983 0.5764596 0.2398657
1.367983 0.5764596 0.2398657
1.367983 0.5764596 0.2398657
1.367983 0.5764596 0.2398657
1.367983 0.5764596 0.2398657
1.367983 0.5764596 0.2398657
1.367983 0.5764596 0.2398657
1.367983 0.5764596 0.2398657
1.367983 0.5764596 0.2398657
1.367983 0.5764596 0.2398657
1.403522 0.6929907 -0.7559974
1.403522 0.6929907 -0.7559974
1.403522 0.6929907 -0.7559974
1.403522 0.6929907 -0.7559974
1.403522 0.6929907 -0.7559974
1.403522 0.6929907 -0.7559974
1.403522 0.6929907 -0.7559974
1.403522 0.6929907 -0.7559974
1.403522 0.6929907 -0.7559974
1.403522 0.6929907 -0.7559974
1.403522 0.6929907 -0.7559974
1.403522 0.6929907 -0.7559974
1.403522 0.6929907 -0.7559974
1.403522 0.6929907 -0.7559974
1.403522 0.6929907 -0.7559974
1.403522 0.6929907 -0.7559974
1.403522 0.6929907 -0.7559974
1.403522 0.6929907 -0.7559974
1.403522 0.6929907 -0.7559974
1.403522 0.6929907 -0.7559974
1.403522 0.6929907 -0.7559974
1.371178 0.8529268 0.004365272
1.371178 0.8529268 0.004365272
1.371178 0.8529268 0.004365272
1.371178 0.8529268 0.004365272
1.371178 0.8529268 0.004365272
1.371178 0.8529268 0.004365272
1.371178 0.8529268 0.004365272
1.371178 0.8529268 0.004365272
1.371178 0.8529268 0.004365272
1.371178 0.8529268 0.004365272
1.371178 0.8529268 0.004365272
1.371178 0.8529268 0.004365272
1.371178 0.8529268 0.004365272
1.371178 0.8529268 0.004365272
1.371178 0.8529268 0.004365272
1.371178 0.8529268 0.004365272
1.371178 0.8529268 0.004365272
1.371178 0.8529268 0.004365272
1.371178 0.8529268 0.004365272
1.371178 0.8529268 0.004365272
1.371178 0.8529268 0.004365272
1.371178 0.8529268 0.004365272
1.371178 0.8529268 0.004365272
1.371178 0.8529268 0.004365272
1.371178 0.8529268 0.004365272
1.371178 0.8529268 0.004365272
1.371178 0.8529268 0.004365272
1.371178 0.8529268 0.004365272
1.371178 0.8529268 0.004365272
1.371178 0.8529268 0.004365272
1.371178 0.8529268 0.004365272
1.371178 0.8529268 0.004365272
1.371178 0.8529268 0.004365272
1.371178 0.8529268 0.004365272
1.371178 0.8529268 0.004365272
1.371178 0.8529268 0.004365272
1.371178 0.8529268 0.004365272
1.371178 0.8529268 0.004365272
1.371178 0.8529268 0.004365272
1.371178 0.8529268 0.004365272
1.371178 0.8529268 0.004365272
1.371178 0.8529268 0.004365272
1.371178 0.8529268 0.004365272
1.371178 0.8529268 0.004365272
1.371178 0.8529268 0.004365272
1.6065 0.7249768 -0.2494628
1.6065 0.7249768 -0.2494628
1.6065 0.7249768 -0.2494628
1.6065 0.7249768 -0.2494628
1.6065 0.7249768 -0.2494628
1.6065 0.7249768 -0.2494628
1.6065 0.7249768 -0.2494628
1.6065 0.7249768 -0.2494628
1.6065 0.7249768 -0.2494628
1.6065 0.7249768 -0.2494628
1.6065 0.7249768 -0.2494628
1.6065 0.7249768 -0.2494628
1.6065 0.7249768 -0.2494628
1.6065 0.7249768 -0.2494628
1.6065 0.7249768 -0.2494628
1.6065 0.7249768 -0.2494628
1.6065 0.7249768 -0.2494628
1.6065 0.7249768 -0.2494628
1.6065 0.7249768 -0.2494628
1.6065 0.7249768 -0.2494628
1.6065 0.7249768 -0.2494628
1.6065 0.7249768 -0.2494628
1.6065 0.7249768 -0.2494628
1.6065 0.7249768 -0.2494628
1.6065 0.7249768 -0.2494628
1.6065 0.7249768 -0.2494628
1.6065 0.7249768 -0.2494628
1.6065 0.7249768 -0.2494628
1.6065 0.7249768 -0.2494628
1.6065 0.7249768 -0.2494628
1.6065 0.7249768 -0.2494628
1.6065 0.7249768 -0.2494628
1.6065 0.7249768 -0.2494628
1.6065 0.7249768 -0.2494628
1.6065 0.7249768 -0.2494628
1.6065 0.7249768 -0.2494628
1.6065 0.7249768 -0.2494628
1.6065 0.7249768 -0.2494628
1.6065 0.7249768 -0.2494628
1.6065 0.7249768 -0.2494628
1.6065 0.7249768 -0.2494628
1.6065 0.7249768 -0.2494628
1.6065 0.7249768 -0.2494628
1.6065 0.7249768 -0.2494628
1.6065 0.7249768 -0.2494628
1.6065 0.7249768 -0.2494628
1.6065 0.7249768 -0.2494628
1.6065 0.7249768 -0.2494628
1.6065 0.7249768 -0.2494628
1.6065 0.7249768 -0.2494628
1.6065 0.7249768 -0.2494628
1.6065 0.7249768 -0.2494628
1.6065 0.7249768 -0.2494628
1.6065 0.7249768 -0.2494628
1.6065 0.7249768 -0.2494628
1.6065 0.7249768 -0.2494628
1.6065 0.7249768 -0.2494628
1.6065 0.7249768 -0.2494628
1.6065 0.7249768 -0.2494628
1.6065 0.7249768 -0.2494628
1.6065 0.7249768 -0.2494628
1.6065 0.7249768 -0.2494628
1.6065 0.7249768 -0.2494628
1.6065 0.7249768 -0.2494628
1.6065 0.7249768 -0.2494628
1.6065 0.7249768 -0.2494628
1.6065 0.7249768 -0.2494628
1.6065 0.7249768 -0.2494628
1.6065 0.7249768 -0.2494628
1.6065 0.7249768 -0.2494628
1.6065 0.7249768 -0.2494628
1.6065 0.7249768 -0.2494628
1.6065 0.7249768 -0.2494628
1.6065 0.7249768 -0.2494628
1.6065 0.7249768 -0.2494628
1.6065 0.7249768 -0.2494628
1.6065 0.7249768 -0.2494628
1.6065 0.7249768 -0.2494628
1.6065 0.7249768 -0.2494628
1.6065 0.7249768 -0.2494628
1.6065 0.7249768 -0.2494628
1.6065 0.7249768 -0.2494628
1.6065 0.7249768 -0.2494628
1.6065 0.7249768 -0.2494628
1.6065 0.7249768 -0.2494628
1.6065 0.7249768 -0.2494628
1.6065 0.7249768 -0.2494628
1.6065 0.7249768 -0.2494628
1.6065 0.7249768 -0.2494628
1.6065 0.7249768 -0.2494628
1.6065 0.7249768 -0.2494628
1.6065 0.7249768 -0.2494628
1.6065 0.7249768 -0.2494628
1.6065 0.7249768 -0.2494628
1.6065 0.7249768 -0.2494628
1.6065 0.7249768 -0.2494628
1.6065 0.7249768 -0.2494628
1.6065 0.7249768 -0.2494628
1.6065 0.7249768 -0.2494628
1.6065 0.7249768 -0.2494628
1.6065 0.7249768 -0.2494628
1.6065 0.7249768 -0.2494628
1.6065 0.7249768 -0.2494628
1.6065 0.7249768 -0.2494628
1.6065 0.7249768 -0.2494628
1.6065 0.7249768 -0.2494628
1.6065 0.7249768 -0.2494628
1.6065 0.7249768 -0.2494628
1.6065 0.7249768 -0.2494628
1.6065 0.7249768 -0.2494628
1.6065 0.7249768 -0.2494628
1.6065 0.7249768 -0.2494628
1.6065 0.7249768 -0.2494628
1.6065 0.7249768 -0.2494628
1.6065 0.7249768 -0.2494628
1.6065 0.7249768 -0.2494628
1.6065 0.7249768 -0.2494628
1.6065 0.7249768 -0.2494628
1.6065 0.7249768 -0.2494628
1.6065 0.7249768 -0.2494628
1.6065 0.7249768 -0.2494628
1.6065 0.7249768 -0.2494628
1.6065 0.7249768 -0.2494628
1.6065 0.7249768 -0.2494628
1.6065 0.7249768 -0.2494628
1.6065 0.7249768 -0.2494628
1.6065 0.7249768 -0.2494628
1.6065 0.7249768 -0.2494628
1.6065 0.7249768 -0.2494628
1.514303 0.8580982 -0.3010978
1.514303 0.8580982 -0.3010978
1.514303 0.8580982 -0.3010978
1.514303 0.8580982 -0.3010978
1.514303 0.8580982 -0.3010978
1.623899 1.080613 -0.4754788
1.623899 1.080613 -0.4754788
1.623899 1.080613 -0.4754788
1.623899 1.080613 -0.4754788
1.623899 1.080613 -0.4754788
1.623899 1.080613 -0.4754788
1.623899 1.080613 -0.4754788
1.623899 1.080613 -0.4754788
1.623899 1.080613 -0.4754788
1.623899 1.080613 -0.4754788
1.623899 1.080613 -0.4754788
1.623899 1.080613 -0.4754788
1.623899 1.080613 -0.4754788
1.623899 1.080613 -0.4754788
1.623899 1.080613 -0.4754788
1.623899 1.080613 -0.4754788
1.623899 1.080613 -0.4754788
1.623899 1.080613 -0.4754788
1.623899 1.080613 -0.4754788
1.623899 1.080613 -0.4754788
1.623899 1.080613 -0.4754788
1.623899 1.080613 -0.4754788
1.623899 1.080613 -0.4754788
1.623899 1.080613 -0.4754788
1.623899 1.080613 -0.4754788
1.623899 1.080613 -0.4754788
1.623899 1.080613 -0.4754788
1.623899 1.080613 -0.4754788
1.623899 1.080613 -0.4754788
1.623899 1.080613 -0.4754788
1.623899 1.080613 -0.4754788
1.623899 1.080613 -0.4754788
1.623899 1.080613 -0.4754788
1.623899 1.080613 -0.4754788
1.623899 1.080613 -0.4754788
1.623899 1.080613 -0.4754788
1.623899 1.080613 -0.4754788
1.623899 1.080613 -0.4754788
1.623899 1.080613 -0.4754788
1.623899 1.080613 -0.4754788
1.623899 1.080613 -0.4754788
1.623899 1.080613 -0.4754788
1.623899 1.080613 -0.4754788
1.623899 1.080613 -0.4754788
1.623899 1.080613 -0.4754788
1.623899 1.080613 -0.4754788
1.623899 1.080613 -0.4754788
1.623899 1.080613 -0.4754788
1.623899 1.080613 -0.4754788
1.623899 1.080613 -0.4754788
1.623899 1.080613 -0.4754788
1.623899 1.080613 -0.4754788
1.623899 1.080613 -0.4754788
1.623899 1.080613 -0.4754788
1.623899 1.080613 -0.4754788
1.623899 1.080613 -0.4754788
1.623899 1.080613 -0.4754788
1.623899 1.080613 -0.4754788
1.623899 1.080613 -0.4754788
1.623899 1.080613 -0.4754788
1.623899 1.080613 -0.4754788
1.623899 1.080613 -0.4754788
1.623899 1.080613 -0.4754788
1.623899 1.080613 -0.4754788
1.623899 1.080613 -0.4754788
1.623899 1.080613 -0.4754788
1.623899 1.080613 -0.4754788
1.623899 1.080613 -0.4754788
1.623899 1.080613 -0.4754788
1.623899 1.080613 -0.4754788
1.623899 1.080613 -0.4754788
1.623899 1.080613 -0.4754788
1.623899 1.080613 -0.4754788
1.623899 1.080613 -0.4754788
1.623899 1.080613 -0.4754788
1.623899 1.080613 -0.4754788
1.623899 1.080613 -0.4754788
1.623899 1.080613 -0.4754788
1.623899 1.080613 -0.4754788
1.623899 1.080613 -0.4754788
1.623899 1.080613 -0.4754788
1.623899 1.080613 -0.4754788
1.623899 1.080613 -0.4754788
1.623899 1.080613 -0.4754788
1.623899 1.080613 -0.4754788
1.623899 1.080613 -0.4754788
1.623899 1.080613 -0.4754788
1.623899 1.080613 -0.4754788
1.623899 1.080613 -0.4754788
1.623899 1.080613 -0.4754788
1.623899 1.080613 -0.4754788
1.623899 1.080613 -0.4754788
1.623899 1.080613 -0.4754788
1.623899 1.080613 -0.4754788
1.623899 1.080613 -0.4754788
1.623899 1.080613 -0.4754788
1.623899 1.080613 -0.4754788
1.623899 1.080613 -0.4754788
1.623899 1.080613 -0.4754788
1.623899 1.080613 -0.4754788
1.623899 1.080613 -0.4754788
1.623899 1.080613 -0.4754788
1.623899 1.080613 -0.4754788
1.623899 1.080613 -0.4754788
1.623899 1.080613 -0.4754788
1.623899 1.080613 -0.4754788
1.623899 1.080613 -0.4754788
1.623899 1.080613 -0.4754788
1.623899 1.080613 -0.4754788
1.623899 1.080613 -0.4754788
1.623899 1.080613 -0.4754788
1.623899 1.080613 -0.4754788
1.623899 1.080613 -0.4754788
1.623899 1.080613 -0.4754788
1.623899 1.080613 -0.4754788
1.623899 1.080613 -0.4754788
1.623899 1.080613 -0.4754788
1.623899 1.080613 -0.4754788
1.623899 1.080613 -0.4754788
1.623899 1.080613 -0.4754788
1.623899 1.080613 -0.4754788
1.623899 1.080613 -0.4754788
1.623899 1.080613 -0.4754788
1.623899 1.080613 -0.4754788
1.623899 1.080613 -0.4754788
1.623899 1.080613 -0.4754788
1.623899 1.080613 -0.4754788
1.623899 1.080613 -0.4754788
1.623899 1.080613 -0.4754788
1.623899 1.080613 -0.4754788
1.623899 1.080613 -0.4754788
1.623899 1.080613 -0.4754788
1.623899 1.080613 -0.4754788
1.623899 1.080613 -0.4754788
1.623899 1.080613 -0.4754788
1.623899 1.080613 -0.4754788
1.623899 1.080613 -0.4754788
1.623899 1.080613 -0.4754788
1.623899 1.080613 -0.4754788
1.623899 1.080613 -0.4754788
1.623899 1.080613 -0.4754788
1.623899 1.080613 -0.4754788
1.623899 1.080613 -0.4754788
1.623899 1.080613 -0.4754788
1.623899 1.080613 -0.4754788
1.623899 1.080613 -0.4754788
1.623899 1.080613 -0.4754788
1.623899 1.080613 -0.4754788
1.623899 1.080613 -0.4754788
1.623899 1.080613 -0.4754788
1.623899 1.080613 -0.4754788
1.623899 1.080613 -0.4754788
1.623899 1.080613 -0.4754788
1.623899 1.080613 -0.4754788
1.623899 1.080613 -0.4754788
1.873685 1.394554 -0.1645437
1.873685 1.394554 -0.1645437
1.873685 1.394554 -0.1645437
1.873685 1.394554 -0.1645437
1.873685 1.394554 -0.1645437
1.873685 1.394554 -0.1645437
1.873685 1.394554 -0.1645437
1.873685 1.394554 -0.1645437
1.873685 1.394554 -0.1645437
1.873685 1.394554 -0.1645437
1.873685 1.394554 -0.1645437
1.873685 1.394554 -0.1645437
1.873685 1.394554 -0.1645437
1.873685 1.394554 -0.1645437
1.873685 1.394554 -0.1645437
1.873685 1.394554 -0.1645437
1.873685 1.394554 -0.1645437
1.873685 1.394554 -0.1645437
1.873685 1.394554 -0.1645437
1.873685 1.394554 -0.1645437
1.873685 1.394554 -0.1645437
1.873685 1.394554 -0.1645437
1.873685 1.394554 -0.1645437
1.873685 1.394554 -0.1645437
1.873685 1.394554 -0.1645437
1.873685 1.394554 -0.1645437
1.873685 1.394554 -0.1645437
1.873685 1.394554 -0.1645437
1.873685 1.394554 -0.1645437
1.873685 1.394554 -0.1645437
1.873685 1.394554 -0.1645437
1.873685 1.394554 -0.1645437
1.873685 1.394554 -0.1645437
1.873685 1.394554 -0.1645437
1.873685 1.394554 -0.1645437
1.873685 1.394554 -0.1645437
1.873685 1.394554 -0.1645437
1.873685 1.394554 -0.1645437
1.873685 1.394554 -0.1645437
1.873685 1.394554 -0.1645437
1.873685 1.394554 -0.1645437
1.873685 1.394554 -0.1645437
1.873685 1.394554 -0.1645437
1.873685 1.394554 -0.1645437
1.873685 1.394554 -0.1645437
1.873685 1.394554 -0.1645437
1.873685 1.394554 -0.1645437
1.873685 1.394554 -0.1645437
1.873685 1.394554 -0.1645437
1.873685 1.394554 -0.1645437
1.873685 1.394554 -0.1645437
1.873685 1.394554 -0.1645437
1.873685 1.394554 -0.1645437
1.873685 1.394554 -0.1645437
1.873685 1.394554 -0.1645437
1.873685 1.394554 -0.1645437
1.873685 1.394554 -0.1645437
1.873685 1.394554 -0.1645437
1.873685 1.394554 -0.1645437
1.873685 1.394554 -0.1645437
1.873685 1.394554 -0.1645437
1.873685 1.394554 -0.1645437
1.873685 1.394554 -0.1645437
1.912162 1.52743 -1.007217
1.912162 1.52743 -1.007217
1.912162 1.52743 -1.007217
1.912162 1.52743 -1.007217
1.912162 1.52743 -1.007217
1.912162 1.52743 -1.007217
1.912162 1.52743 -1.007217
1.912162 1.52743 -1.007217
1.912162 1.52743 -1.007217
1.912162 1.52743 -1.007217
1.912162 1.52743 -1.007217
1.912162 1.52743 -1.007217
1.912162 1.52743 -1.007217
1.912162 1.52743 -1.007217
1.912162 1.52743 -1.007217
1.912162 1.52743 -1.007217
1.912162 1.52743 -1.007217
1.912162 1.52743 -1.007217
1.912162 1.52743 -1.007217
1.912162 1.52743 -1.007217
1.912162 1.52743 -1.007217
1.912162 1.52743 -1.007217
1.912162 1.52743 -1.007217
1.912162 1.52743 -1.007217
1.912162 1.52743 -1.007217
1.912162 1.52743 -1.007217
1.912162 1.52743 -1.007217
1.912162 1.52743 -1.007217
1.912162 1.52743 -1.007217
1.912162 1.52743 -1.007217
1.912162 1.52743 -1.007217
1.912162 1.52743 -1.007217
1.912162 1.52743 -1.007217
1.912162 1.52743 -1.007217
1.912162 1.52743 -1.007217
1.912162 1.52743 -1.007217
1.912162 1.52743 -1.007217
1.912162 1.52743 -1.007217
1.912162 1.52743 -1.007217
1.912162 1.52743 -1.007217
1.912162 1.52743 -1.007217
1.912162 1.52743 -1.007217
1.912162 1.52743 -1.007217
1.846285 1.732781 -0.7232783
1.846285 1.732781 -0.7232783
1.846285 1.732781 -0.7232783
1.846285 1.732781 -0.7232783
1.846285 1.732781 -0.7232783
1.846285 1.732781 -0.7232783
1.683401 1.79797 -0.7741009
1.683401 1.79797 -0.7741009
1.683401 1.79797 -0.7741009
1.683401 1.79797 -0.7741009
1.683401 1.79797 -0.7741009
1.683401 1.79797 -0.7741009
1.683401 1.79797 -0.7741009
1.683401 1.79797 -0.7741009
1.683401 1.79797 -0.7741009
1.683401 1.79797 -0.7741009
1.683401 1.79797 -0.7741009
1.683401 1.79797 -0.7741009
1.683401 1.79797 -0.7741009
1.683401 1.79797 -0.7741009
1.683401 1.79797 -0.7741009
1.683401 1.79797 -0.7741009
1.683401 1.79797 -0.7741009
1.683401 1.79797 -0.7741009
1.683401 1.79797 -0.7741009
1.683401 1.79797 -0.7741009
1.683401 1.79797 -0.7741009
1.683401 1.79797 -0.7741009
1.683401 1.79797 -0.7741009
1.683401 1.79797 -0.7741009
1.683401 1.79797 -0.7741009
1.683401 1.79797 -0.7741009
1.683401 1.79797 -0.7741009
2.188891 1.41072 -1.22667
2.188891 1.41072 -1.22667
2.188891 1.41072 -1.22667
2.188891 1.41072 -1.22667
2.188891 1.41072 -1.22667
2.188891 1.41072 -1.22667
2.188891 1.41072 -1.22667
2.188891 1.41072 -1.22667
2.188891 1.41072 -1.22667
1.786858 1.037629 -0.6796222
1.786858 1.037629 -0.6796222
1.786858 1.037629 -0.6796222
1.786858 1.037629 -0.6796222
1.786858 1.037629 -0.6796222
1.786858 1.037629 -0.6796222
1.786858 1.037629 -0.6796222
1.786858 1.037629 -0.6796222
1.786858 1.037629 -0.6796222
1.786858 1.037629 -0.6796222
1.786858 1.037629 -0.6796222
1.786858 1.037629 -0.6796222
1.786858 1.037629 -0.6796222
1.786858 1.037629 -0.6796222
1.786858 1.037629 -0.6796222
1.786858 1.037629 -0.6796222
1.786858 1.037629 -0.6796222
1.786858 1.037629 -0.6796222
1.786858 1.037629 -0.6796222
1.786858 1.037629 -0.6796222
1.739874 1.310988 -0.6699472
1.739874 1.310988 -0.6699472
1.739874 1.310988 -0.6699472
1.739874 1.310988 -0.6699472
1.739874 1.310988 -0.6699472
1.739874 1.310988 -0.6699472
1.739874 1.310988 -0.6699472
1.739874 1.310988 -0.6699472
1.739874 1.310988 -0.6699472
1.739874 1.310988 -0.6699472
1.739874 1.310988 -0.6699472
1.739874 1.310988 -0.6699472
1.739874 1.310988 -0.6699472
1.739874 1.310988 -0.6699472
1.739874 1.310988 -0.6699472
1.739874 1.310988 -0.6699472
1.739874 1.310988 -0.6699472
1.739874 1.310988 -0.6699472
1.739874 1.310988 -0.6699472
1.739874 1.310988 -0.6699472
1.739874 1.310988 -0.6699472
1.739874 1.310988 -0.6699472
1.739874 1.310988 -0.6699472
1.739874 1.310988 -0.6699472
1.739874 1.310988 -0.6699472
1.739874 1.310988 -0.6699472
1.739874 1.310988 -0.6699472
1.739874 1.310988 -0.6699472
1.739874 1.310988 -0.6699472
1.739874 1.310988 -0.6699472
1.739874 1.310988 -0.6699472
1.739874 1.310988 -0.6699472
1.739874 1.310988 -0.6699472
1.739874 1.310988 -0.6699472
1.739874 1.310988 -0.6699472
1.739874 1.310988 -0.6699472
1.739874 1.310988 -0.6699472
1.739874 1.310988 -0.6699472
1.739874 1.310988 -0.6699472
1.739874 1.310988 -0.6699472
1.739874 1.310988 -0.6699472
1.739874 1.310988 -0.6699472
1.739874 1.310988 -0.6699472
1.739874 1.310988 -0.6699472
1.739874 1.310988 -0.6699472
1.739874 1.310988 -0.6699472
1.739874 1.310988 -0.6699472
1.739874 1.310988 -0.6699472
1.739874 1.310988 -0.6699472
1.739874 1.310988 -0.6699472
1.739874 1.310988 -0.6699472
1.739874 1.310988 -0.6699472
1.739874 1.310988 -0.6699472
1.739874 1.310988 -0.6699472
1.739874 1.310988 -0.6699472
1.739874 1.310988 -0.6699472
1.739874 1.310988 -0.6699472
1.739874 1.310988 -0.6699472
1.739874 1.310988 -0.6699472
1.739874 1.310988 -0.6699472
1.739874 1.310988 -0.6699472
1.739874 1.310988 -0.6699472
1.739874 1.310988 -0.6699472
1.739874 1.310988 -0.6699472
1.739874 1.310988 -0.6699472
1.739874 1.310988 -0.6699472
1.739874 1.310988 -0.6699472
1.739874 1.310988 -0.6699472
1.739874 1.310988 -0.6699472
1.739874 1.310988 -0.6699472
1.739874 1.310988 -0.6699472
1.739874 1.310988 -0.6699472
1.739874 1.310988 -0.6699472
1.739874 1.310988 -0.6699472
1.739874 1.310988 -0.6699472
1.739874 1.310988 -0.6699472
1.739874 1.310988 -0.6699472
1.739874 1.310988 -0.6699472
1.739874 1.310988 -0.6699472
1.739874 1.310988 -0.6699472
1.739874 1.310988 -0.6699472
1.739874 1.310988 -0.6699472
1.739874 1.310988 -0.6699472
1.739874 1.310988 -0.6699472
1.739874 1.310988 -0.6699472
1.739874 1.310988 -0.6699472
1.739874 1.310988 -0.6699472
1.739874 1.310988 -0.6699472
1.739874 1.310988 -0.6699472
1.739874 1.310988 -0.6699472
1.739874 1.310988 -0.6699472
1.739874 1.310988 -0.6699472
1.739874 1.310988 -0.6699472
1.739874 1.310988 -0.6699472
1.739874 1.310988 -0.6699472
1.739874 1.310988 -0.6699472
1.739874 1.310988 -0.6699472
1.739874 1.310988 -0.6699472
1.739874 1.310988 -0.6699472
1.739874 1.310988 -0.6699472
1.739874 1.310988 -0.6699472
1.739874 1.310988 -0.6699472
1.739874 1.310988 -0.6699472
1.739874 1.310988 -0.6699472
1.739874 1.310988 -0.6699472
1.739874 1.310988 -0.6699472
1.739874 1.310988 -0.6699472
1.739874 1.310988 -0.6699472
1.739874 1.310988 -0.6699472
1.739874 1.310988 -0.6699472
1.739874 1.310988 -0.6699472
1.739874 1.310988 -0.6699472
1.739874 1.310988 -0.6699472
1.739874 1.310988 -0.6699472
1.739874 1.310988 -0.6699472
1.739874 1.310988 -0.6699472
1.739874 1.310988 -0.6699472
1.739874 1.310988 -0.6699472
1.739874 1.310988 -0.6699472
1.739874 1.310988 -0.6699472
1.739874 1.310988 -0.6699472
1.739874 1.310988 -0.6699472
1.739874 1.310988 -0.6699472
1.739874 1.310988 -0.6699472
1.739874 1.310988 -0.6699472
1.739874 1.310988 -0.6699472
1.739874 1.310988 -0.6699472
1.739874 1.310988 -0.6699472
1.739874 1.310988 -0.6699472
1.739874 1.310988 -0.6699472
1.739874 1.310988 -0.6699472
1.739874 1.310988 -0.6699472
1.739874 1.310988 -0.6699472
1.739874 1.310988 -0.6699472
1.739874 1.310988 -0.6699472
1.739874 1.310988 -0.6699472
1.739874 1.310988 -0.6699472
1.739874 1.310988 -0.6699472
1.739874 1.310988 -0.6699472
1.739874 1.310988 -0.6699472
1.739874 1.310988 -0.6699472
1.739874 1.310988 -0.6699472
1.739874 1.310988 -0.6699472
1.739874 1.310988 -0.6699472
1.739874 1.310988 -0.6699472
1.739874 1.310988 -0.6699472
1.739874 1.310988 -0.6699472
1.739874 1.310988 -0.6699472
1.739874 1.310988 -0.6699472
1.739874 1.310988 -0.6699472
1.739874 1.310988 -0.6699472
1.739874 1.310988 -0.6699472
1.739874 1.310988 -0.6699472
1.739874 1.310988 -0.6699472
1.739874 1.310988 -0.6699472
1.739874 1.310988 -0.6699472
1.739874 1.310988 -0.6699472
1.739874 1.310988 -0.6699472
1.739874 1.310988 -0.6699472
1.739874 1.310988 -0.6699472
1.739874 1.310988 -0.6699472
1.739874 1.310988 -0.6699472
1.739874 1.310988 -0.6699472
1.739874 1.310988 -0.6699472
1.739874 1.310988 -0.6699472
1.739874 1.310988 -0.6699472
1.739874 1.310988 -0.6699472
1.739874 1.310988 -0.6699472
1.739874 1.310988 -0.6699472
1.739874 1.310988 -0.6699472
1.739874 1.310988 -0.6699472
1.739874 1.310988 -0.6699472
1.739874 1.310988 -0.6699472
1.739874 1.310988 -0.6699472
1.739874 1.310988 -0.6699472
1.739874 1.310988 -0.6699472
1.739874 1.310988 -0.6699472
1.739874 1.310988 -0.6699472
1.739874 1.310988 -0.6699472
1.739874 1.310988 -0.6699472
1.739874 1.310988 -0.6699472
1.739874 1.310988 -0.6699472
1.739874 1.310988 -0.6699472
1.739874 1.310988 -0.6699472
1.739874 1.310988 -0.6699472
1.739874 1.310988 -0.6699472
1.739874 1.310988 -0.6699472
1.739874 1.310988 -0.6699472
1.739874 1.310988 -0.6699472
1.739874 1.310988 -0.6699472
1.739874 1.310988 -0.6699472
1.739874 1.310988 -0.6699472
1.739874 1.310988 -0.6699472
1.739874 1.310988 -0.6699472
1.739874 1.310988 -0.6699472
1.739874 1.310988 -0.6699472
1.739874 1.310988 -0.6699472
1.739874 1.310988 -0.6699472
1.739874 1.310988 -0.6699472
1.739874 1.310988 -0.6699472
1.739874 1.310988 -0.6699472
1.739874 1.310988 -0.6699472
1.739874 1.310988 -0.6699472
1.739874 1.310988 -0.6699472
1.739874 1.310988 -0.6699472
1.739874 1.310988 -0.6699472
1.739874 1.310988 -0.6699472
1.739874 1.310988 -0.6699472
1.739874 1.310988 -0.6699472
1.739874 1.310988 -0.6699472
1.739874 1.310988 -0.6699472
1.739874 1.310988 -0.6699472
1.739874 1.310988 -0.6699472
1.739874 1.310988 -0.6699472
1.739874 1.310988 -0.6699472
1.739874 1.310988 -0.6699472
1.739874 1.310988 -0.6699472
1.739874 1.310988 -0.6699472
1.739874 1.310988 -0.6699472
1.739874 1.310988 -0.6699472
1.739874 1.310988 -0.6699472
1.739874 1.310988 -0.6699472
1.739874 1.310988 -0.6699472
1.739874 1.310988 -0.6699472
1.739874 1.310988 -0.6699472
1.739874 1.310988 -0.6699472
1.739874 1.310988 -0.6699472
1.739874 1.310988 -0.6699472
1.739874 1.310988 -0.6699472
1.739874 1.310988 -0.6699472
1.739874 1.310988 -0.6699472
1.739874 1.310988 -0.6699472
1.739874 1.310988 -0.6699472
1.739874 1.310988 -0.6699472
1.739874 1.310988 -0.6699472
1.739874 1.310988 -0.6699472
1.739874 1.310988 -0.6699472
1.739874 1.310988 -0.6699472
1.739874 1.310988 -0.6699472
1.739874 1.310988 -0.6699472
1.739874 1.310988 -0.6699472
1.739874 1.310988 -0.6699472
1.739874 1.310988 -0.6699472
1.739874 1.310988 -0.6699472
1.739874 1.310988 -0.6699472
1.739874 1.310988 -0.6699472
1.739874 1.310988 -0.6699472
1.739874 1.310988 -0.6699472
1.739874 1.310988 -0.6699472
1.739874 1.310988 -0.6699472
1.739874 1.310988 -0.6699472
1.739874 1.310988 -0.6699472
1.739874 1.310988 -0.6699472
1.739874 1.310988 -0.6699472
1.739874 1.310988 -0.6699472
1.739874 1.310988 -0.6699472
1.739874 1.310988 -0.6699472
1.739874 1.310988 -0.6699472
1.739874 1.310988 -0.6699472
1.739874 1.310988 -0.6699472
1.739874 1.310988 -0.6699472
1.739874 1.310988 -0.6699472
1.739874 1.310988 -0.6699472
1.739874 1.310988 -0.6699472
1.739874 1.310988 -0.6699472
1.739874 1.310988 -0.6699472
1.739874 1.310988 -0.6699472
1.739874 1.310988 -0.6699472
1.739874 1.310988 -0.6699472
1.739874 1.310988 -0.6699472
1.739874 1.310988 -0.6699472
1.739874 1.310988 -0.6699472
1.739874 1.310988 -0.6699472
1.739874 1.310988 -0.6699472
1.739874 1.310988 -0.6699472
1.739874 1.310988 -0.6699472
1.739874 1.310988 -0.6699472
1.739874 1.310988 -0.6699472
1.739874 1.310988 -0.6699472
1.739874 1.310988 -0.6699472
1.739874 1.310988 -0.6699472
1.739874 1.310988 -0.6699472
1.739874 1.310988 -0.6699472
1.739874 1.310988 -0.6699472
1.739874 1.310988 -0.6699472
1.739874 1.310988 -0.6699472
1.739874 1.310988 -0.6699472
1.739874 1.310988 -0.6699472
1.739874 1.310988 -0.6699472
1.739874 1.310988 -0.6699472
1.739874 1.310988 -0.6699472
1.739874 1.310988 -0.6699472
1.739874 1.310988 -0.6699472
1.739874 1.310988 -0.6699472
1.739874 1.310988 -0.6699472
1.739874 1.310988 -0.6699472
1.739874 1.310988 -0.6699472
1.739874 1.310988 -0.6699472
1.739874 1.310988 -0.6699472
1.739874 1.310988 -0.6699472
1.739874 1.310988 -0.6699472
1.739874 1.310988 -0.6699472
1.739874 1.310988 -0.6699472
1.739874 1.310988 -0.6699472
1.739874 1.310988 -0.6699472
1.739874 1.310988 -0.6699472
1.739874 1.310988 -0.6699472
1.739874 1.310988 -0.6699472
1.739874 1.310988 -0.6699472
1.739874 1.310988 -0.6699472
1.739874 1.310988 -0.6699472
1.739874 1.310988 -0.6699472
1.739874 1.310988 -0.6699472
1.739874 1.310988 -0.6699472
1.739874 1.310988 -0.6699472
1.739874 1.310988 -0.6699472
1.739874 1.310988 -0.6699472
1.739874 1.310988 -0.6699472
1.739874 1.310988 -0.6699472
1.739874 1.310988 -0.6699472
1.739874 1.310988 -0.6699472
1.739874 1.310988 -0.6699472
1.739874 1.310988 -0.6699472
1.739874 1.310988 -0.6699472
1.739874 1.310988 -0.6699472
1.739874 1.310988 -0.6699472
1.739874 1.310988 -0.6699472
1.739874 1.310988 -0.6699472
1.739874 1.310988 -0.6699472
1.739874 1.310988 -0.6699472
1.739874 1.310988 -0.6699472
1.739874 1.310988 -0.6699472
1.739874 1.310988 -0.6699472
1.739874 1.310988 -0.6699472
1.739874 1.310988 -0.6699472
1.739874 1.310988 -0.6699472
1.739874 1.310988 -0.6699472
1.739874 1.310988 -0.6699472
1.662452 1.30265 -0.7165401
1.662452 1.30265 -0.7165401
1.662452 1.30265 -0.7165401
1.984589 1.476013 -0.2866533
1.984589 1.476013 -0.2866533
1.984589 1.476013 -0.2866533
1.984589 1.476013 -0.2866533
1.984589 1.476013 -0.2866533
1.984589 1.476013 -0.2866533
1.984589 1.476013 -0.2866533
1.984589 1.476013 -0.2866533
1.984589 1.476013 -0.2866533
1.984589 1.476013 -0.2866533
1.984589 1.476013 -0.2866533
1.984589 1.476013 -0.2866533
1.984589 1.476013 -0.2866533
1.984589 1.476013 -0.2866533
1.984589 1.476013 -0.2866533
1.984589 1.476013 -0.2866533
1.984589 1.476013 -0.2866533
1.984589 1.476013 -0.2866533
1.984589 1.476013 -0.2866533
1.984589 1.476013 -0.2866533
1.984589 1.476013 -0.2866533
1.984589 1.476013 -0.2866533
1.984589 1.476013 -0.2866533
1.984589 1.476013 -0.2866533
1.984589 1.476013 -0.2866533
1.984589 1.476013 -0.2866533
1.984589 1.476013 -0.2866533
1.984589 1.476013 -0.2866533
1.984589 1.476013 -0.2866533
1.984589 1.476013 -0.2866533
1.984589 1.476013 -0.2866533
1.984589 1.476013 -0.2866533
1.984589 1.476013 -0.2866533
1.984589 1.476013 -0.2866533
1.984589 1.476013 -0.2866533
1.984589 1.476013 -0.2866533
1.984589 1.476013 -0.2866533
1.984589 1.476013 -0.2866533
1.984589 1.476013 -0.2866533
1.984589 1.476013 -0.2866533
1.984589 1.476013 -0.2866533
1.984589 1.476013 -0.2866533
1.984589 1.476013 -0.2866533
1.984589 1.476013 -0.2866533
1.984589 1.476013 -0.2866533
1.984589 1.476013 -0.2866533
1.984589 1.476013 -0.2866533
1.984589 1.476013 -0.2866533
1.984589 1.476013 -0.2866533
1.984589 1.476013 -0.2866533
1.984589 1.476013 -0.2866533
1.984589 1.476013 -0.2866533
1.984589 1.476013 -0.2866533
1.984589 1.476013 -0.2866533
1.984589 1.476013 -0.2866533
1.984589 1.476013 -0.2866533
1.984589 1.476013 -0.2866533
1.984589 1.476013 -0.2866533
1.783725 1.795311 -1.221373
1.783725 1.795311 -1.221373
1.783725 1.795311 -1.221373
1.783725 1.795311 -1.221373
1.783725 1.795311 -1.221373
1.783725 1.795311 -1.221373
1.783725 1.795311 -1.221373
1.783725 1.795311 -1.221373
1.783725 1.795311 -1.221373
1.783725 1.795311 -1.221373
1.783725 1.795311 -1.221373
1.783725 1.795311 -1.221373
1.783725 1.795311 -1.221373
1.783725 1.795311 -1.221373
1.783725 1.795311 -1.221373
1.783725 1.795311 -1.221373
1.783725 1.795311 -1.221373
1.783725 1.795311 -1.221373
1.783725 1.795311 -1.221373
1.783725 1.795311 -1.221373
1.783725 1.795311 -1.221373
1.783725 1.795311 -1.221373
1.783725 1.795311 -1.221373
1.783725 1.795311 -1.221373
1.783725 1.795311 -1.221373
1.783725 1.795311 -1.221373
2.174156 1.255596 -1.454463
2.174156 1.255596 -1.454463
2.174156 1.255596 -1.454463
2.174156 1.255596 -1.454463
2.174156 1.255596 -1.454463
2.174156 1.255596 -1.454463
2.174156 1.255596 -1.454463
2.174156 1.255596 -1.454463
2.174156 1.255596 -1.454463
2.174156 1.255596 -1.454463
2.194573 1.488843 -1.410847
2.194573 1.488843 -1.410847
2.194573 1.488843 -1.410847
2.194573 1.488843 -1.410847
2.194573 1.488843 -1.410847
2.194573 1.488843 -1.410847
2.194573 1.488843 -1.410847
2.194573 1.488843 -1.410847
2.194573 1.488843 -1.410847
2.194573 1.488843 -1.410847
2.194573 1.488843 -1.410847
2.194573 1.488843 -1.410847
2.194573 1.488843 -1.410847
2.194573 1.488843 -1.410847
2.194573 1.488843 -1.410847
2.194573 1.488843 -1.410847
2.194573 1.488843 -1.410847
2.194573 1.488843 -1.410847
2.194573 1.488843 -1.410847
2.194573 1.488843 -1.410847
2.194573 1.488843 -1.410847
2.194573 1.488843 -1.410847
2.194573 1.488843 -1.410847
2.194573 1.488843 -1.410847
2.194573 1.488843 -1.410847
2.194573 1.488843 -1.410847
2.194573 1.488843 -1.410847
2.194573 1.488843 -1.410847
2.194573 1.488843 -1.410847
2.194573 1.488843 -1.410847
2.194573 1.488843 -1.410847
2.194573 1.488843 -1.410847
2.194573 1.488843 -1.410847
2.194573 1.488843 -1.410847
2.194573 1.488843 -1.410847
2.194573 1.488843 -1.410847
2.194573 1.488843 -1.410847
2.194573 1.488843 -1.410847
2.194573 1.488843 -1.410847
2.194573 1.488843 -1.410847
2.194573 1.488843 -1.410847
2.194573 1.488843 -1.410847
2.194573 1.488843 -1.410847
2.194573 1.488843 -1.410847
2.194573 1.488843 -1.410847
2.194573 1.488843 -1.410847
2.194573 1.488843 -1.410847
2.194573 1.488843 -1.410847
2.194573 1.488843 -1.410847
2.194573 1.488843 -1.410847
2.194573 1.488843 -1.410847
2.194573 1.488843 -1.410847
2.194573 1.488843 -1.410847
2.194573 1.488843 -1.410847
2.194573 1.488843 -1.410847
2.194573 1.488843 -1.410847
2.194573 1.488843 -1.410847
2.194573 1.488843 -1.410847
2.194573 1.488843 -1.410847
2.194573 1.488843 -1.410847
2.194573 1.488843 -1.410847
2.194573 1.488843 -1.410847
2.194573 1.488843 -1.410847
2.194573 1.488843 -1.410847
2.194573 1.488843 -1.410847
2.194573 1.488843 -1.410847
2.194573 1.488843 -1.410847
2.194573 1.488843 -1.410847
2.194573 1.488843 -1.410847
2.194573 1.488843 -1.410847
2.194573 1.488843 -1.410847
2.194573 1.488843 -1.410847
2.194573 1.488843 -1.410847
2.194573 1.488843 -1.410847
2.194573 1.488843 -1.410847
2.194573 1.488843 -1.410847
2.194573 1.488843 -1.410847
2.194573 1.488843 -1.410847
2.194573 1.488843 -1.410847
2.194573 1.488843 -1.410847
2.194573 1.488843 -1.410847
2.194573 1.488843 -1.410847
2.194573 1.488843 -1.410847
2.194573 1.488843 -1.410847
2.194573 1.488843 -1.410847
2.194573 1.488843 -1.410847
2.194573 1.488843 -1.410847
2.194573 1.488843 -1.410847
2.194573 1.488843 -1.410847
2.194573 1.488843 -1.410847
2.194573 1.488843 -1.410847
2.194573 1.488843 -1.410847
2.194573 1.488843 -1.410847
2.194573 1.488843 -1.410847
2.194573 1.488843 -1.410847
2.194573 1.488843 -1.410847
2.194573 1.488843 -1.410847
2.194573 1.488843 -1.410847
2.194573 1.488843 -1.410847
2.194573 1.488843 -1.410847
2.194573 1.488843 -1.410847
2.194573 1.488843 -1.410847
2.194573 1.488843 -1.410847
2.194573 1.488843 -1.410847
2.194573 1.488843 -1.410847
2.194573 1.488843 -1.410847
2.194573 1.488843 -1.410847
2.194573 1.488843 -1.410847
2.194573 1.488843 -1.410847
2.194573 1.488843 -1.410847
2.194573 1.488843 -1.410847
2.194573 1.488843 -1.410847
2.194573 1.488843 -1.410847
2.194573 1.488843 -1.410847
2.194573 1.488843 -1.410847
2.194573 1.488843 -1.410847
2.194573 1.488843 -1.410847
2.194573 1.488843 -1.410847
2.194573 1.488843 -1.410847
2.194573 1.488843 -1.410847
2.194573 1.488843 -1.410847
2.194573 1.488843 -1.410847
2.194573 1.488843 -1.410847
2.194573 1.488843 -1.410847
2.194573 1.488843 -1.410847
2.194573 1.488843 -1.410847
2.194573 1.488843 -1.410847
2.194573 1.488843 -1.410847
2.194573 1.488843 -1.410847
2.194573 1.488843 -1.410847
2.194573 1.488843 -1.410847
2.194573 1.488843 -1.410847
2.194573 1.488843 -1.410847
2.194573 1.488843 -1.410847
2.194573 1.488843 -1.410847
2.194573 1.488843 -1.410847
2.194573 1.488843 -1.410847
2.194573 1.488843 -1.410847
2.194573 1.488843 -1.410847
2.194573 1.488843 -1.410847
2.194573 1.488843 -1.410847
2.194573 1.488843 -1.410847
2.194573 1.488843 -1.410847
2.194573 1.488843 -1.410847
2.194573 1.488843 -1.410847
2.194573 1.488843 -1.410847
2.194573 1.488843 -1.410847
2.194573 1.488843 -1.410847
2.194573 1.488843 -1.410847
2.194573 1.488843 -1.410847
2.194573 1.488843 -1.410847
2.194573 1.488843 -1.410847
2.194573 1.488843 -1.410847
2.194573 1.488843 -1.410847
2.194573 1.488843 -1.410847
2.194573 1.488843 -1.410847
2.194573 1.488843 -1.410847
2.194573 1.488843 -1.410847
2.194573 1.488843 -1.410847
2.194573 1.488843 -1.410847
2.194573 1.488843 -1.410847
2.194573 1.488843 -1.410847
2.194573 1.488843 -1.410847
2.194573 1.488843 -1.410847
2.194573 1.488843 -1.410847
2.194573 1.488843 -1.410847
2.194573 1.488843 -1.410847
2.194573 1.488843 -1.410847
2.194573 1.488843 -1.410847
2.194573 1.488843 -1.410847
2.194573 1.488843 -1.410847
2.194573 1.488843 -1.410847
2.194573 1.488843 -1.410847
2.194573 1.488843 -1.410847
2.194573 1.488843 -1.410847
2.194573 1.488843 -1.410847
2.194573 1.488843 -1.410847
2.194573 1.488843 -1.410847
2.194573 1.488843 -1.410847
2.194573 1.488843 -1.410847
2.194573 1.488843 -1.410847
2.194573 1.488843 -1.410847
2.194573 1.488843 -1.410847
2.194573 1.488843 -1.410847
2.194573 1.488843 -1.410847
2.194573 1.488843 -1.410847
2.194573 1.488843 -1.410847
2.194573 1.488843 -1.410847
2.194573 1.488843 -1.410847
2.194573 1.488843 -1.410847
2.194573 1.488843 -1.410847
2.194573 1.488843 -1.410847
2.194573 1.488843 -1.410847
2.194573 1.488843 -1.410847
2.194573 1.488843 -1.410847
2.194573 1.488843 -1.410847
2.194573 1.488843 -1.410847
2.194573 1.488843 -1.410847
2.194573 1.488843 -1.410847
2.194573 1.488843 -1.410847
2.194573 1.488843 -1.410847
2.194573 1.488843 -1.410847
2.194573 1.488843 -1.410847
2.194573 1.488843 -1.410847
2.194573 1.488843 -1.410847
2.194573 1.488843 -1.410847
2.194573 1.488843 -1.410847
2.194573 1.488843 -1.410847
2.194573 1.488843 -1.410847
2.194573 1.488843 -1.410847
2.194573 1.488843 -1.410847
2.194573 1.488843 -1.410847
2.194573 1.488843 -1.410847
2.194573 1.488843 -1.410847
2.194573 1.488843 -1.410847
2.194573 1.488843 -1.410847
2.194573 1.488843 -1.410847
2.194573 1.488843 -1.410847
2.194573 1.488843 -1.410847
2.194573 1.488843 -1.410847
2.107198 2.469567 -0.693902
2.107198 2.469567 -0.693902
2.107198 2.469567 -0.693902
2.107198 2.469567 -0.693902
2.107198 2.469567 -0.693902
2.107198 2.469567 -0.693902
2.107198 2.469567 -0.693902
2.107198 2.469567 -0.693902
2.107198 2.469567 -0.693902
2.107198 2.469567 -0.693902
2.107198 2.469567 -0.693902
2.107198 2.469567 -0.693902
2.107198 2.469567 -0.693902
2.121039 1.903186 -1.465587
2.121039 1.903186 -1.465587
2.121039 1.903186 -1.465587
2.121039 1.903186 -1.465587
2.121039 1.903186 -1.465587
2.121039 1.903186 -1.465587
2.121039 1.903186 -1.465587
2.121039 1.903186 -1.465587
2.121039 1.903186 -1.465587
2.121039 1.903186 -1.465587
2.121039 1.903186 -1.465587
2.121039 1.903186 -1.465587
2.121039 1.903186 -1.465587
2.121039 1.903186 -1.465587
2.285047 1.511183 -1.308163
2.285047 1.511183 -1.308163
2.285047 1.511183 -1.308163
2.285047 1.511183 -1.308163
2.285047 1.511183 -1.308163
2.285047 1.511183 -1.308163
2.285047 1.511183 -1.308163
1.841982 1.583113 -0.4296236
1.841982 1.583113 -0.4296236
1.841982 1.583113 -0.4296236
2.107178 1.595975 -1.021287
2.107178 1.595975 -1.021287
2.107178 1.595975 -1.021287
2.107178 1.595975 -1.021287
2.107178 1.595975 -1.021287
2.107178 1.595975 -1.021287
2.107178 1.595975 -1.021287
2.107178 1.595975 -1.021287
2.107178 1.595975 -1.021287
2.107178 1.595975 -1.021287
2.107178 1.595975 -1.021287
2.107178 1.595975 -1.021287
2.107178 1.595975 -1.021287
2.107178 1.595975 -1.021287
2.107178 1.595975 -1.021287
2.107178 1.595975 -1.021287
2.107178 1.595975 -1.021287
2.107178 1.595975 -1.021287
2.107178 1.595975 -1.021287
2.107178 1.595975 -1.021287
2.107178 1.595975 -1.021287
2.107178 1.595975 -1.021287
2.107178 1.595975 -1.021287
2.107178 1.595975 -1.021287
2.107178 1.595975 -1.021287
2.107178 1.595975 -1.021287
2.107178 1.595975 -1.021287
2.107178 1.595975 -1.021287
2.107178 1.595975 -1.021287
2.107178 1.595975 -1.021287
2.107178 1.595975 -1.021287
2.107178 1.595975 -1.021287
2.107178 1.595975 -1.021287
2.107178 1.595975 -1.021287
2.107178 1.595975 -1.021287
2.107178 1.595975 -1.021287
2.107178 1.595975 -1.021287
2.107178 1.595975 -1.021287
2.107178 1.595975 -1.021287
2.107178 1.595975 -1.021287
2.107178 1.595975 -1.021287
2.107178 1.595975 -1.021287
2.107178 1.595975 -1.021287
2.107178 1.595975 -1.021287
2.107178 1.595975 -1.021287
2.107178 1.595975 -1.021287
2.107178 1.595975 -1.021287
2.107178 1.595975 -1.021287
2.107178 1.595975 -1.021287
2.107178 1.595975 -1.021287
2.107178 1.595975 -1.021287
2.107178 1.595975 -1.021287
2.107178 1.595975 -1.021287
2.107178 1.595975 -1.021287
2.107178 1.595975 -1.021287
2.107178 1.595975 -1.021287
2.107178 1.595975 -1.021287
2.107178 1.595975 -1.021287
2.107178 1.595975 -1.021287
2.107178 1.595975 -1.021287
2.107178 1.595975 -1.021287
2.107178 1.595975 -1.021287
2.107178 1.595975 -1.021287
2.107178 1.595975 -1.021287
2.107178 1.595975 -1.021287
2.107178 1.595975 -1.021287
2.107178 1.595975 -1.021287
2.107178 1.595975 -1.021287
2.107178 1.595975 -1.021287
2.107178 1.595975 -1.021287
2.107178 1.595975 -1.021287
2.107178 1.595975 -1.021287
2.107178 1.595975 -1.021287
2.107178 1.595975 -1.021287
2.107178 1.595975 -1.021287
2.107178 1.595975 -1.021287
2.107178 1.595975 -1.021287
2.107178 1.595975 -1.021287
2.107178 1.595975 -1.021287
2.107178 1.595975 -1.021287
2.107178 1.595975 -1.021287
2.107178 1.595975 -1.021287
2.107178 1.595975 -1.021287
2.107178 1.595975 -1.021287
2.107178 1.595975 -1.021287
2.107178 1.595975 -1.021287
2.107178 1.595975 -1.021287
2.107178 1.595975 -1.021287
2.107178 1.595975 -1.021287
2.107178 1.595975 -1.021287
2.107178 1.595975 -1.021287
2.107178 1.595975 -1.021287
2.107178 1.595975 -1.021287
2.107178 1.595975 -1.021287
1.991797 1.779166 -0.9845694
1.991797 1.779166 -0.9845694
1.991797 1.779166 -0.9845694
1.991797 1.779166 -0.9845694
1.991797 1.779166 -0.9845694
1.991797 1.779166 -0.9845694
1.991797 1.779166 -0.9845694
1.991797 1.779166 -0.9845694
1.991797 1.779166 -0.9845694
1.991797 1.779166 -0.9845694
1.991797 1.779166 -0.9845694
1.991797 1.779166 -0.9845694
1.991797 1.779166 -0.9845694
1.991797 1.779166 -0.9845694
1.991797 1.779166 -0.9845694
1.991797 1.779166 -0.9845694
1.991797 1.779166 -0.9845694
1.991797 1.779166 -0.9845694
1.991797 1.779166 -0.9845694
1.991797 1.779166 -0.9845694
1.991797 1.779166 -0.9845694
1.991797 1.779166 -0.9845694
1.991797 1.779166 -0.9845694
1.991797 1.779166 -0.9845694
1.991797 1.779166 -0.9845694
1.991797 1.779166 -0.9845694
1.991797 1.779166 -0.9845694
1.991797 1.779166 -0.9845694
1.991797 1.779166 -0.9845694
1.991797 1.779166 -0.9845694
1.991797 1.779166 -0.9845694
1.991797 1.779166 -0.9845694
1.991797 1.779166 -0.9845694
1.991797 1.779166 -0.9845694
1.991797 1.779166 -0.9845694
1.991797 1.779166 -0.9845694
1.991797 1.779166 -0.9845694
1.991797 1.779166 -0.9845694
1.991797 1.779166 -0.9845694
1.991797 1.779166 -0.9845694
1.991797 1.779166 -0.9845694
1.991797 1.779166 -0.9845694
1.991797 1.779166 -0.9845694
1.991797 1.779166 -0.9845694
1.991797 1.779166 -0.9845694
1.991797 1.779166 -0.9845694
1.991797 1.779166 -0.9845694
1.991797 1.779166 -0.9845694
1.991797 1.779166 -0.9845694
1.991797 1.779166 -0.9845694
1.991797 1.779166 -0.9845694
1.991797 1.779166 -0.9845694
1.991797 1.779166 -0.9845694
1.991797 1.779166 -0.9845694
1.991797 1.779166 -0.9845694
1.991797 1.779166 -0.9845694
1.991797 1.779166 -0.9845694
1.991797 1.779166 -0.9845694
1.991797 1.779166 -0.9845694
1.991797 1.779166 -0.9845694
1.991797 1.779166 -0.9845694
1.991797 1.779166 -0.9845694
1.991797 1.779166 -0.9845694
1.991797 1.779166 -0.9845694
1.991797 1.779166 -0.9845694
1.991797 1.779166 -0.9845694
1.991797 1.779166 -0.9845694
1.991797 1.779166 -0.9845694
1.991797 1.779166 -0.9845694
1.991797 1.779166 -0.9845694
1.991797 1.779166 -0.9845694
1.991797 1.779166 -0.9845694
1.991797 1.779166 -0.9845694
1.991797 1.779166 -0.9845694
1.991797 1.779166 -0.9845694
1.991797 1.779166 -0.9845694
1.991797 1.779166 -0.9845694
1.991797 1.779166 -0.9845694
1.991797 1.779166 -0.9845694
1.991797 1.779166 -0.9845694
1.991797 1.779166 -0.9845694
1.991797 1.779166 -0.9845694
1.991797 1.779166 -0.9845694
1.991797 1.779166 -0.9845694
1.991797 1.779166 -0.9845694
1.991797 1.779166 -0.9845694
1.991797 1.779166 -0.9845694
1.991797 1.779166 -0.9845694
1.991797 1.779166 -0.9845694
1.991797 1.779166 -0.9845694
1.991797 1.779166 -0.9845694
1.991797 1.779166 -0.9845694
1.991797 1.779166 -0.9845694
1.991797 1.779166 -0.9845694
1.991797 1.779166 -0.9845694
1.991797 1.779166 -0.9845694
1.991797 1.779166 -0.9845694
1.991797 1.779166 -0.9845694
1.991797 1.779166 -0.9845694
1.991797 1.779166 -0.9845694
1.991797 1.779166 -0.9845694
1.991797 1.779166 -0.9845694
1.991797 1.779166 -0.9845694
1.991797 1.779166 -0.9845694
1.991797 1.779166 -0.9845694
1.991797 1.779166 -0.9845694
1.991797 1.779166 -0.9845694
1.991797 1.779166 -0.9845694
1.991797 1.779166 -0.9845694
1.991797 1.779166 -0.9845694
1.991797 1.779166 -0.9845694
1.991797 1.779166 -0.9845694
1.991797 1.779166 -0.9845694
1.991797 1.779166 -0.9845694
1.991797 1.779166 -0.9845694
1.991797 1.779166 -0.9845694
1.991797 1.779166 -0.9845694
1.991797 1.779166 -0.9845694
2.141188 1.700887 -1.097243
2.141188 1.700887 -1.097243
2.141188 1.700887 -1.097243
2.141188 1.700887 -1.097243
2.141188 1.700887 -1.097243
2.141188 1.700887 -1.097243
2.141188 1.700887 -1.097243
2.141188 1.700887 -1.097243
2.141188 1.700887 -1.097243
2.141188 1.700887 -1.097243
2.141188 1.700887 -1.097243
2.141188 1.700887 -1.097243
2.141188 1.700887 -1.097243
2.141188 1.700887 -1.097243
2.141188 1.700887 -1.097243
2.141188 1.700887 -1.097243
2.141188 1.700887 -1.097243
2.141188 1.700887 -1.097243
2.141188 1.700887 -1.097243
2.141188 1.700887 -1.097243
2.141188 1.700887 -1.097243
2.141188 1.700887 -1.097243
2.141188 1.700887 -1.097243
2.141188 1.700887 -1.097243
2.141188 1.700887 -1.097243
2.141188 1.700887 -1.097243
2.141188 1.700887 -1.097243
2.141188 1.700887 -1.097243
2.141188 1.700887 -1.097243
2.141188 1.700887 -1.097243
2.141188 1.700887 -1.097243
2.141188 1.700887 -1.097243
2.141188 1.700887 -1.097243
2.141188 1.700887 -1.097243
2.141188 1.700887 -1.097243
2.141188 1.700887 -1.097243
2.141188 1.700887 -1.097243
2.141188 1.700887 -1.097243
2.141188 1.700887 -1.097243
2.141188 1.700887 -1.097243
2.141188 1.700887 -1.097243
2.141188 1.700887 -1.097243
2.141188 1.700887 -1.097243
2.141188 1.700887 -1.097243
2.141188 1.700887 -1.097243
2.141188 1.700887 -1.097243
2.141188 1.700887 -1.097243
2.141188 1.700887 -1.097243
2.141188 1.700887 -1.097243
2.141188 1.700887 -1.097243
2.141188 1.700887 -1.097243
2.141188 1.700887 -1.097243
2.141188 1.700887 -1.097243
2.141188 1.700887 -1.097243
2.141188 1.700887 -1.097243
2.141188 1.700887 -1.097243
2.141188 1.700887 -1.097243
2.141188 1.700887 -1.097243
2.141188 1.700887 -1.097243
1.7145 1.244429 -0.6485901
1.7145 1.244429 -0.6485901
1.7145 1.244429 -0.6485901
1.7145 1.244429 -0.6485901
1.7145 1.244429 -0.6485901
1.7145 1.244429 -0.6485901
1.7145 1.244429 -0.6485901
1.7145 1.244429 -0.6485901
1.7145 1.244429 -0.6485901
1.7145 1.244429 -0.6485901
1.7145 1.244429 -0.6485901
1.7145 1.244429 -0.6485901
1.7145 1.244429 -0.6485901
1.7145 1.244429 -0.6485901
1.7145 1.244429 -0.6485901
1.7145 1.244429 -0.6485901
1.756052 1.454727 -0.7064891
1.756052 1.454727 -0.7064891
1.756052 1.454727 -0.7064891
1.756052 1.454727 -0.7064891
1.756052 1.454727 -0.7064891
1.756052 1.454727 -0.7064891
1.756052 1.454727 -0.7064891
1.756052 1.454727 -0.7064891
1.756052 1.454727 -0.7064891
1.756052 1.454727 -0.7064891
1.756052 1.454727 -0.7064891
2.127007 1.296742 -1.145341
2.127007 1.296742 -1.145341
2.127007 1.296742 -1.145341
2.127007 1.296742 -1.145341
2.127007 1.296742 -1.145341
2.452952 1.810881 -1.517919
2.452952 1.810881 -1.517919
2.452952 1.810881 -1.517919
2.452952 1.810881 -1.517919
2.452952 1.810881 -1.517919
2.452952 1.810881 -1.517919
2.452952 1.810881 -1.517919
2.452952 1.810881 -1.517919
2.452952 1.810881 -1.517919
2.452952 1.810881 -1.517919
2.452952 1.810881 -1.517919
2.452952 1.810881 -1.517919
2.452952 1.810881 -1.517919
2.452952 1.810881 -1.517919
2.452952 1.810881 -1.517919
2.452952 1.810881 -1.517919
2.452952 1.810881 -1.517919
2.452952 1.810881 -1.517919
2.452952 1.810881 -1.517919
2.452952 1.810881 -1.517919
2.452952 1.810881 -1.517919
2.452952 1.810881 -1.517919
2.452952 1.810881 -1.517919
2.53745 2.111882 -1.621695
2.53745 2.111882 -1.621695
2.53745 2.111882 -1.621695
2.419544 2.090251 -1.251774
2.419544 2.090251 -1.251774
2.419544 2.090251 -1.251774
2.419544 2.090251 -1.251774
2.419544 2.090251 -1.251774
2.419544 2.090251 -1.251774
2.419544 2.090251 -1.251774
2.419544 2.090251 -1.251774
2.419544 2.090251 -1.251774
2.419544 2.090251 -1.251774
2.419544 2.090251 -1.251774
2.46984 2.095319 -1.640094
2.46984 2.095319 -1.640094
2.46984 2.095319 -1.640094
2.46984 2.095319 -1.640094
2.46984 2.095319 -1.640094
2.46984 2.095319 -1.640094
2.46984 2.095319 -1.640094
2.46984 2.095319 -1.640094
2.46984 2.095319 -1.640094
2.46984 2.095319 -1.640094
2.46984 2.095319 -1.640094
2.46984 2.095319 -1.640094
2.46984 2.095319 -1.640094
2.46984 2.095319 -1.640094
2.46984 2.095319 -1.640094
2.46984 2.095319 -1.640094
2.46984 2.095319 -1.640094
2.46984 2.095319 -1.640094
2.46984 2.095319 -1.640094
2.46984 2.095319 -1.640094
2.46984 2.095319 -1.640094
2.46984 2.095319 -1.640094
2.46984 2.095319 -1.640094
2.46984 2.095319 -1.640094
2.46984 2.095319 -1.640094
2.46984 2.095319 -1.640094
2.46984 2.095319 -1.640094
2.46984 2.095319 -1.640094
2.46984 2.095319 -1.640094
2.46984 2.095319 -1.640094
2.46984 2.095319 -1.640094
2.46984 2.095319 -1.640094
2.46984 2.095319 -1.640094
2.46984 2.095319 -1.640094
2.46984 2.095319 -1.640094
2.46984 2.095319 -1.640094
2.46984 2.095319 -1.640094
2.46984 2.095319 -1.640094
2.46984 2.095319 -1.640094
2.46984 2.095319 -1.640094
2.46984 2.095319 -1.640094
2.46984 2.095319 -1.640094
2.46984 2.095319 -1.640094
2.46984 2.095319 -1.640094
2.46984 2.095319 -1.640094
2.46984 2.095319 -1.640094
2.46984 2.095319 -1.640094
2.46984 2.095319 -1.640094
2.46984 2.095319 -1.640094
2.46984 2.095319 -1.640094
2.46984 2.095319 -1.640094
2.46984 2.095319 -1.640094
2.46984 2.095319 -1.640094
2.46984 2.095319 -1.640094
2.46984 2.095319 -1.640094
2.46984 2.095319 -1.640094
2.46984 2.095319 -1.640094
2.46984 2.095319 -1.640094
2.46984 2.095319 -1.640094
2.46984 2.095319 -1.640094
2.46984 2.095319 -1.640094
2.46984 2.095319 -1.640094
2.46984 2.095319 -1.640094
2.46984 2.095319 -1.640094
2.46984 2.095319 -1.640094
2.46984 2.095319 -1.640094
2.46984 2.095319 -1.640094
2.46984 2.095319 -1.640094
2.46984 2.095319 -1.640094
2.46984 2.095319 -1.640094
2.46984 2.095319 -1.640094
2.46984 2.095319 -1.640094
2.46984 2.095319 -1.640094
2.46984 2.095319 -1.640094
2.46984 2.095319 -1.640094
2.46984 2.095319 -1.640094
2.46984 2.095319 -1.640094
2.46984 2.095319 -1.640094
2.46984 2.095319 -1.640094
2.46984 2.095319 -1.640094
2.46984 2.095319 -1.640094
2.46984 2.095319 -1.640094
2.46984 2.095319 -1.640094
2.46984 2.095319 -1.640094
2.46984 2.095319 -1.640094
2.46984 2.095319 -1.640094
2.46984 2.095319 -1.640094
2.46984 2.095319 -1.640094
2.46984 2.095319 -1.640094
2.46984 2.095319 -1.640094
2.46984 2.095319 -1.640094
2.46984 2.095319 -1.640094
2.46984 2.095319 -1.640094
2.46984 2.095319 -1.640094
2.46984 2.095319 -1.640094
2.46984 2.095319 -1.640094
2.46984 2.095319 -1.640094
2.46984 2.095319 -1.640094
2.46984 2.095319 -1.640094
2.46984 2.095319 -1.640094
2.46984 2.095319 -1.640094
2.46984 2.095319 -1.640094
2.46984 2.095319 -1.640094
2.46984 2.095319 -1.640094
2.46984 2.095319 -1.640094
2.46984 2.095319 -1.640094
2.46984 2.095319 -1.640094
2.46984 2.095319 -1.640094
2.46984 2.095319 -1.640094
2.46984 2.095319 -1.640094
2.46984 2.095319 -1.640094
2.344651 2.067205 -1.303628
2.344651 2.067205 -1.303628
2.344651 2.067205 -1.303628
2.344651 2.067205 -1.303628
2.344651 2.067205 -1.303628
2.344651 2.067205 -1.303628
2.344651 2.067205 -1.303628
2.344651 2.067205 -1.303628
2.344651 2.067205 -1.303628
2.344651 2.067205 -1.303628
2.344651 2.067205 -1.303628
2.344651 2.067205 -1.303628
2.344651 2.067205 -1.303628
2.344651 2.067205 -1.303628
2.344651 2.067205 -1.303628
2.344651 2.067205 -1.303628
2.344651 2.067205 -1.303628
2.344651 2.067205 -1.303628
2.344651 2.067205 -1.303628
2.344651 2.067205 -1.303628
2.344651 2.067205 -1.303628
2.344651 2.067205 -1.303628
2.344651 2.067205 -1.303628
2.344651 2.067205 -1.303628
2.344651 2.067205 -1.303628
2.344651 2.067205 -1.303628
2.344651 2.067205 -1.303628
2.344651 2.067205 -1.303628
2.344651 2.067205 -1.303628
2.344651 2.067205 -1.303628
2.344651 2.067205 -1.303628
2.344651 2.067205 -1.303628
2.344651 2.067205 -1.303628
2.344651 2.067205 -1.303628
2.344651 2.067205 -1.303628
2.344651 2.067205 -1.303628
2.344651 2.067205 -1.303628
2.344651 2.067205 -1.303628
2.344651 2.067205 -1.303628
2.344651 2.067205 -1.303628
2.344651 2.067205 -1.303628
2.344651 2.067205 -1.303628
2.344651 2.067205 -1.303628
2.344651 2.067205 -1.303628
2.344651 2.067205 -1.303628
2.344651 2.067205 -1.303628
2.433198 2.418789 -1.459779
2.433198 2.418789 -1.459779
2.433198 2.418789 -1.459779
2.433198 2.418789 -1.459779
2.433198 2.418789 -1.459779
2.433198 2.418789 -1.459779
2.433198 2.418789 -1.459779
2.433198 2.418789 -1.459779
2.061262 1.791328 -0.8146755
2.061262 1.791328 -0.8146755
2.061262 1.791328 -0.8146755
2.061262 1.791328 -0.8146755
2.061262 1.791328 -0.8146755
2.061262 1.791328 -0.8146755
2.061262 1.791328 -0.8146755
2.061262 1.791328 -0.8146755
2.061262 1.791328 -0.8146755
2.061262 1.791328 -0.8146755
2.061262 1.791328 -0.8146755
2.061262 1.791328 -0.8146755
1.965075 1.918238 -0.9537488
1.965075 1.918238 -0.9537488
1.965075 1.918238 -0.9537488
1.965075 1.918238 -0.9537488
1.965075 1.918238 -0.9537488
1.965075 1.918238 -0.9537488
1.965075 1.918238 -0.9537488
1.965075 1.918238 -0.9537488
1.965075 1.918238 -0.9537488
1.965075 1.918238 -0.9537488
1.965075 1.918238 -0.9537488
1.965075 1.918238 -0.9537488
1.965075 1.918238 -0.9537488
1.965075 1.918238 -0.9537488
