1.407391 0.6200727 0.3907374
1.580823 0.8994022 -0.1221538
1.580823 0.8994022 -0.1221538
1.580823 0.8994022 -0.1221538
1.390574 0.4404471 -0.1695424
1.81487 1.098804 -0.80497
1.81487 1.098804 -0.80497
1.81487 1.098804 -0.80497
1.541045 1.08168 -0.09755257
1.541045 1.08168 -0.09755257
1.541045 1.08168 -0.09755257
1.541045 1.08168 -0.09755257
1.483322 0.824402 -0.9501478
1.748634 1.652596 -0.4193198
1.748634 1.652596 -0.4193198
1.748634 1.652596 -0.4193198
1.748634 1.652596 -0.4193198
1.715195 1.541509 -0.2284816
1.727994 1.635245 -0.8676719
1.727994 1.635245 -0.8676719
1.727994 1.635245 -0.8676719
1.822022 1.051153 -0.9098838
1.8878 1.399681 -0.7862939
1.8878 1.399681 -0.7862939
1.8878 1.399681 -0.7862939
1.8878 1.399681 -0.7862939
1.8878 1.399681 -0.7862939
1.68591 1.61946 -0.05247506
2.081656 1.484665 -1.356298
2.071425 1.798395 -1.524154
2.148225 1.778227 -1.604743
1.841841 1.499707 -1.074241
2.03929 2.059554 -1.046124
2.305182 2.155927 -1.294545
2.434139 2.216363 -1.453907
1.796368 1.589735 -0.7311073
1.747311 1.144669 -0.9313189
2.074797 2.131874 -0.5917347
2.381925 2.555652 -1.05469
1.988351 1.423904 -1.448907
2.094537 1.937239 -1.051954
2.094537 1.937239 -1.051954
2.094537 1.937239 -1.051954
2.514157 2.434097 -1.641692
2.270458 2.028571 -1.136266
