1.367983 0.5764596 0.2398657
1.371178 0.8529268 0.004365272
1.371178 0.8529268 0.004365272
1.6065 0.7249768 -0.2494628
1.6065 0.7249768 -0.2494628
1.6065 0.7249768 -0.2494628
1.623899 1.080613 -0.4754788
1.623899 1.080613 -0.4754788
1.623899 1.080613 -0.4754788
1.623899 1.080613 -0.4754788
1.873685 1.394554 -0.1645437
1.912162 1.52743 -1.007217
1.846285 1.732781 -0.7232783
1.786858 1.037629 -0.6796222
1.739874 1.310988 -0.6699472
1.739874 1.310988 -0.6699472
1.739874 1.310988 -0.6699472
1.739874 1.310988 -0.6699472
1.739874 1.310988 -0.6699472
1.739874 1.310988 -0.6699472
1.739874 1.310988 -0.6699472
1.739874 1.310988 -0.6699472
1.984589 1.476013 -0.2866533
1.984589 1.476013 -0.2866533
1.783725 1.795311 -1.221373
2.194573 1.488843 -1.410847
2.194573 1.488843 -1.410847
2.194573 1.488843 -1.410847
2.194573 1.488843 -1.410847
2.194573 1.488843 -1.410847
2.107198 2.469567 -0.693902
2.107178 1.595975 -1.021287
2.107178 1.595975 -1.021287
2.107178 1.595975 -1.021287
1.991797 1.779166 -0.9845694
1.991797 1.779166 -0.9845694
1.991797 1.779166 -0.9845694
2.141188 1.700887 -1.097243
1.756052 1.454727 -0.7064891
2.419544 2.090251 -1.251774
2.46984 2.095319 -1.640094
2.46984 2.095319 -1.640094
2.46984 2.095319 -1.640094
2.344651 2.067205 -1.303628
1.965075 1.918238 -0.9537488
