0.5853042 0.02587156 0.7551232
0.5853042 0.02587156 0.7551232
1.209528 -0.3880142 1.732943
1.209528 -0.3880142 1.732943
1.209528 -0.3880142 1.732943
1.209528 -0.3880142 1.732943
1.209528 -0.3880142 1.732943
1.209528 -0.3880142 1.732943
1.209528 -0.3880142 1.732943
1.209528 -0.3880142 1.732943
1.209528 -0.3880142 1.732943
1.209528 -0.3880142 1.732943
1.209528 -0.3880142 1.732943
1.209528 -0.3880142 1.732943
1.209528 -0.3880142 1.732943
1.209528 -0.3880142 1.732943
1.209528 -0.3880142 1.732943
1.209528 -0.3880142 1.732943
1.209528 -0.3880142 1.732943
1.209528 -0.3880142 1.732943
1.209528 -0.3880142 1.732943
1.209528 -0.3880142 1.732943
1.209528 -0.3880142 1.732943
1.209528 -0.3880142 1.732943
1.209528 -0.3880142 1.732943
1.530602 -0.4247132 0.2063408
1.530602 -0.4247132 0.2063408
1.530602 -0.4247132 0.2063408
1.530602 -0.4247132 0.2063408
1.530602 -0.4247132 0.2063408
1.167226 0.1967919 -0.1481622
1.167226 0.1967919 -0.1481622
1.167226 0.1967919 -0.1481622
1.313547 0.733118 -0.1084228
1.313547 0.733118 -0.1084228
1.313547 0.733118 -0.1084228
1.313547 0.733118 -0.1084228
1.313547 0.733118 -0.1084228
1.313547 0.733118 -0.1084228
1.313547 0.733118 -0.1084228
1.313547 0.733118 -0.1084228
1.554338 0.3512016 0.1557834
1.554338 0.3512016 0.1557834
1.554338 0.3512016 0.1557834
1.554338 0.3512016 0.1557834
1.554338 0.3512016 0.1557834
1.190988 0.4850411 0.7076486
1.190988 0.4850411 0.7076486
1.190988 0.4850411 0.7076486
1.190988 0.4850411 0.7076486
1.190988 0.4850411 0.7076486
1.190988 0.4850411 0.7076486
1.190988 0.4850411 0.7076486
1.190988 0.4850411 0.7076486
1.190988 0.4850411 0.7076486
1.190988 0.4850411 0.7076486
1.190988 0.4850411 0.7076486
1.190988 0.4850411 0.7076486
1.190988 0.4850411 0.7076486
1.190988 0.4850411 0.7076486
1.190988 0.4850411 0.7076486
1.682302 0.8346477 -0.2608036
1.682302 0.8346477 -0.2608036
1.682302 0.8346477 -0.2608036
1.682302 0.8346477 -0.2608036
1.682302 0.8346477 -0.2608036
1.682302 0.8346477 -0.2608036
1.682302 0.8346477 -0.2608036
1.682302 0.8346477 -0.2608036
1.682302 0.8346477 -0.2608036
1.682302 0.8346477 -0.2608036
1.682302 0.8346477 -0.2608036
1.682302 0.8346477 -0.2608036
1.682302 0.8346477 -0.2608036
1.682302 0.8346477 -0.2608036
1.682302 0.8346477 -0.2608036
1.682302 0.8346477 -0.2608036
1.682302 0.8346477 -0.2608036
1.682302 0.8346477 -0.2608036
1.682302 0.8346477 -0.2608036
1.682302 0.8346477 -0.2608036
1.682302 0.8346477 -0.2608036
1.682302 0.8346477 -0.2608036
1.682302 0.8346477 -0.2608036
1.682302 0.8346477 -0.2608036
1.682302 0.8346477 -0.2608036
1.682302 0.8346477 -0.2608036
1.682302 0.8346477 -0.2608036
1.682302 0.8346477 -0.2608036
1.682302 0.8346477 -0.2608036
1.682302 0.8346477 -0.2608036
1.682302 0.8346477 -0.2608036
1.682302 0.8346477 -0.2608036
1.682302 0.8346477 -0.2608036
1.682302 0.8346477 -0.2608036
1.682302 0.8346477 -0.2608036
1.682302 0.8346477 -0.2608036
1.682302 0.8346477 -0.2608036
1.682302 0.8346477 -0.2608036
1.682302 0.8346477 -0.2608036
1.682302 0.8346477 -0.2608036
1.682302 0.8346477 -0.2608036
1.682302 0.8346477 -0.2608036
1.682302 0.8346477 -0.2608036
1.631044 1.261421 0.05405714
1.631044 1.261421 0.05405714
1.631044 1.261421 0.05405714
1.328408 0.8281745 0.6485998
1.328408 0.8281745 0.6485998
1.328408 0.8281745 0.6485998
1.328408 0.8281745 0.6485998
1.328408 0.8281745 0.6485998
1.328408 0.8281745 0.6485998
1.328408 0.8281745 0.6485998
1.328408 0.8281745 0.6485998
1.328408 0.8281745 0.6485998
1.328408 0.8281745 0.6485998
1.328408 0.8281745 0.6485998
1.034217 0.1326456 0.1717948
1.034217 0.1326456 0.1717948
1.034217 0.1326456 0.1717948
1.034217 0.1326456 0.1717948
1.034217 0.1326456 0.1717948
1.034217 0.1326456 0.1717948
1.034217 0.1326456 0.1717948
1.034217 0.1326456 0.1717948
1.034217 0.1326456 0.1717948
1.034217 0.1326456 0.1717948
1.034217 0.1326456 0.1717948
1.034217 0.1326456 0.1717948
1.034217 0.1326456 0.1717948
1.034217 0.1326456 0.1717948
1.034217 0.1326456 0.1717948
1.034217 0.1326456 0.1717948
1.034217 0.1326456 0.1717948
1.034217 0.1326456 0.1717948
1.190625 -0.01825789 -0.07233238
1.190625 -0.01825789 -0.07233238
1.190625 -0.01825789 -0.07233238
1.64286 0.3832078 -0.7343424
1.64286 0.3832078 -0.7343424
1.64286 0.3832078 -0.7343424
1.64286 0.3832078 -0.7343424
1.64286 0.3832078 -0.7343424
1.64286 0.3832078 -0.7343424
1.64286 0.3832078 -0.7343424
1.64286 0.3832078 -0.7343424
1.52998 1.171053 -0.6825622
1.52998 1.171053 -0.6825622
1.52998 1.171053 -0.6825622
1.425933 1.094045 -0.07318527
1.425933 1.094045 -0.07318527
1.425933 1.094045 -0.07318527
1.425933 1.094045 -0.07318527
1.425933 1.094045 -0.07318527
1.425933 1.094045 -0.07318527
1.425933 1.094045 -0.07318527
1.425933 1.094045 -0.07318527
1.425933 1.094045 -0.07318527
1.425933 1.094045 -0.07318527
1.425933 1.094045 -0.07318527
1.425933 1.094045 -0.07318527
1.425933 1.094045 -0.07318527
1.425933 1.094045 -0.07318527
1.425933 1.094045 -0.07318527
1.425933 1.094045 -0.07318527
1.425933 1.094045 -0.07318527
1.425933 1.094045 -0.07318527
1.425933 1.094045 -0.07318527
1.425933 1.094045 -0.07318527
1.425933 1.094045 -0.07318527
1.425933 1.094045 -0.07318527
1.425933 1.094045 -0.07318527
1.425933 1.094045 -0.07318527
1.425933 1.094045 -0.07318527
1.425933 1.094045 -0.07318527
1.425933 1.094045 -0.07318527
1.425933 1.094045 -0.07318527
1.425933 1.094045 -0.07318527
1.425933 1.094045 -0.07318527
1.425933 1.094045 -0.07318527
1.425933 1.094045 -0.07318527
1.425933 1.094045 -0.07318527
1.425933 1.094045 -0.07318527
1.425933 1.094045 -0.07318527
1.425933 1.094045 -0.07318527
1.425933 1.094045 -0.07318527
1.425933 1.094045 -0.07318527
1.425933 1.094045 -0.07318527
1.425933 1.094045 -0.07318527
1.425933 1.094045 -0.07318527
1.425933 1.094045 -0.07318527
1.425933 1.094045 -0.07318527
1.425933 1.094045 -0.07318527
1.425933 1.094045 -0.07318527
1.425933 1.094045 -0.07318527
1.425933 1.094045 -0.07318527
1.425933 1.094045 -0.07318527
1.425933 1.094045 -0.07318527
1.425933 1.094045 -0.07318527
1.425933 1.094045 -0.07318527
1.425933 1.094045 -0.07318527
1.425933 1.094045 -0.07318527
1.425933 1.094045 -0.07318527
1.425933 1.094045 -0.07318527
1.425933 1.094045 -0.07318527
1.425933 1.094045 -0.07318527
1.425933 1.094045 -0.07318527
1.425933 1.094045 -0.07318527
1.425933 1.094045 -0.07318527
1.425933 1.094045 -0.07318527
1.425933 1.094045 -0.07318527
1.425933 1.094045 -0.07318527
1.425933 1.094045 -0.07318527
1.425933 1.094045 -0.07318527
1.425933 1.094045 -0.07318527
1.425933 1.094045 -0.07318527
1.425933 1.094045 -0.07318527
1.425933 1.094045 -0.07318527
1.425933 1.094045 -0.07318527
1.425933 1.094045 -0.07318527
1.425933 1.094045 -0.07318527
1.425933 1.094045 -0.07318527
1.425933 1.094045 -0.07318527
1.425933 1.094045 -0.07318527
1.425933 1.094045 -0.07318527
1.425933 1.094045 -0.07318527
1.425933 1.094045 -0.07318527
1.187661 0.263958 -0.01224877
1.187661 0.263958 -0.01224877
1.187661 0.263958 -0.01224877
1.187661 0.263958 -0.01224877
1.187661 0.263958 -0.01224877
1.187661 0.263958 -0.01224877
1.187661 0.263958 -0.01224877
1.187661 0.263958 -0.01224877
1.187661 0.263958 -0.01224877
1.187661 0.263958 -0.01224877
1.187661 0.263958 -0.01224877
1.187661 0.263958 -0.01224877
1.187661 0.263958 -0.01224877
1.187661 0.263958 -0.01224877
1.187661 0.263958 -0.01224877
1.187661 0.263958 -0.01224877
1.187661 0.263958 -0.01224877
1.187661 0.263958 -0.01224877
1.187661 0.263958 -0.01224877
1.187661 0.263958 -0.01224877
1.187661 0.263958 -0.01224877
1.187661 0.263958 -0.01224877
1.187661 0.263958 -0.01224877
1.187661 0.263958 -0.01224877
1.187661 0.263958 -0.01224877
1.187661 0.263958 -0.01224877
1.187661 0.263958 -0.01224877
1.187661 0.263958 -0.01224877
1.187661 0.263958 -0.01224877
1.187661 0.263958 -0.01224877
1.187661 0.263958 -0.01224877
1.187661 0.263958 -0.01224877
1.187661 0.263958 -0.01224877
1.187661 0.263958 -0.01224877
1.187661 0.263958 -0.01224877
1.187661 0.263958 -0.01224877
1.187661 0.263958 -0.01224877
1.187661 0.263958 -0.01224877
1.187661 0.263958 -0.01224877
1.187661 0.263958 -0.01224877
1.187661 0.263958 -0.01224877
1.187661 0.263958 -0.01224877
1.187661 0.263958 -0.01224877
1.187661 0.263958 -0.01224877
1.187661 0.263958 -0.01224877
1.187661 0.263958 -0.01224877
1.187661 0.263958 -0.01224877
1.187661 0.263958 -0.01224877
1.187661 0.263958 -0.01224877
1.187661 0.263958 -0.01224877
1.187661 0.263958 -0.01224877
1.187661 0.263958 -0.01224877
1.187661 0.263958 -0.01224877
1.187661 0.263958 -0.01224877
1.187661 0.263958 -0.01224877
1.187661 0.263958 -0.01224877
1.187661 0.263958 -0.01224877
1.187661 0.263958 -0.01224877
1.187661 0.263958 -0.01224877
1.187661 0.263958 -0.01224877
1.187661 0.263958 -0.01224877
1.187661 0.263958 -0.01224877
1.187661 0.263958 -0.01224877
1.187661 0.263958 -0.01224877
1.187661 0.263958 -0.01224877
1.187661 0.263958 -0.01224877
1.187661 0.263958 -0.01224877
1.187661 0.263958 -0.01224877
1.187661 0.263958 -0.01224877
1.187661 0.263958 -0.01224877
1.187661 0.263958 -0.01224877
1.187661 0.263958 -0.01224877
1.187661 0.263958 -0.01224877
1.187661 0.263958 -0.01224877
1.187661 0.263958 -0.01224877
1.187661 0.263958 -0.01224877
1.187661 0.263958 -0.01224877
1.187661 0.263958 -0.01224877
1.187661 0.263958 -0.01224877
1.187661 0.263958 -0.01224877
1.187661 0.263958 -0.01224877
1.187661 0.263958 -0.01224877
1.187661 0.263958 -0.01224877
1.187661 0.263958 -0.01224877
1.187661 0.263958 -0.01224877
1.187661 0.263958 -0.01224877
1.187661 0.263958 -0.01224877
1.187661 0.263958 -0.01224877
1.187661 0.263958 -0.01224877
1.187661 0.263958 -0.01224877
1.187661 0.263958 -0.01224877
1.187661 0.263958 -0.01224877
1.187661 0.263958 -0.01224877
1.187661 0.263958 -0.01224877
1.187661 0.263958 -0.01224877
1.187661 0.263958 -0.01224877
1.187661 0.263958 -0.01224877
1.187661 0.263958 -0.01224877
1.187661 0.263958 -0.01224877
1.187661 0.263958 -0.01224877
1.187661 0.263958 -0.01224877
1.187661 0.263958 -0.01224877
1.187661 0.263958 -0.01224877
1.187661 0.263958 -0.01224877
1.187661 0.263958 -0.01224877
1.187661 0.263958 -0.01224877
1.187661 0.263958 -0.01224877
1.187661 0.263958 -0.01224877
1.187661 0.263958 -0.01224877
1.187661 0.263958 -0.01224877
1.187661 0.263958 -0.01224877
1.187661 0.263958 -0.01224877
1.187661 0.263958 -0.01224877
1.187661 0.263958 -0.01224877
1.187661 0.263958 -0.01224877
1.187661 0.263958 -0.01224877
1.187661 0.263958 -0.01224877
1.187661 0.263958 -0.01224877
1.187661 0.263958 -0.01224877
1.187661 0.263958 -0.01224877
1.187661 0.263958 -0.01224877
1.187661 0.263958 -0.01224877
1.187661 0.263958 -0.01224877
1.187661 0.263958 -0.01224877
1.187661 0.263958 -0.01224877
1.187661 0.263958 -0.01224877
1.187661 0.263958 -0.01224877
1.187661 0.263958 -0.01224877
1.187661 0.263958 -0.01224877
1.187661 0.263958 -0.01224877
1.187661 0.263958 -0.01224877
1.187661 0.263958 -0.01224877
1.187661 0.263958 -0.01224877
1.187661 0.263958 -0.01224877
1.187661 0.263958 -0.01224877
1.187661 0.263958 -0.01224877
1.187661 0.263958 -0.01224877
1.187661 0.263958 -0.01224877
1.187661 0.263958 -0.01224877
1.187661 0.263958 -0.01224877
1.187661 0.263958 -0.01224877
1.187661 0.263958 -0.01224877
1.323647 0.4808113 0.7074142
1.323647 0.4808113 0.7074142
1.323647 0.4808113 0.7074142
1.323647 0.4808113 0.7074142
1.323647 0.4808113 0.7074142
1.323647 0.4808113 0.7074142
1.323647 0.4808113 0.7074142
1.323647 0.4808113 0.7074142
1.323647 0.4808113 0.7074142
1.323647 0.4808113 0.7074142
1.323647 0.4808113 0.7074142
1.323647 0.4808113 0.7074142
1.323647 0.4808113 0.7074142
1.323647 0.4808113 0.7074142
1.323647 0.4808113 0.7074142
1.323647 0.4808113 0.7074142
1.323647 0.4808113 0.7074142
1.323647 0.4808113 0.7074142
1.323647 0.4808113 0.7074142
1.323647 0.4808113 0.7074142
1.323647 0.4808113 0.7074142
1.323647 0.4808113 0.7074142
1.323647 0.4808113 0.7074142
1.35726 0.3998837 0.1768842
1.35726 0.3998837 0.1768842
1.35726 0.3998837 0.1768842
1.35726 0.3998837 0.1768842
1.35726 0.3998837 0.1768842
1.35726 0.3998837 0.1768842
1.35726 0.3998837 0.1768842
1.35726 0.3998837 0.1768842
1.35726 0.3998837 0.1768842
1.35726 0.3998837 0.1768842
1.772301 1.417518 -0.4130267
1.772301 1.417518 -0.4130267
1.772301 1.417518 -0.4130267
1.772301 1.417518 -0.4130267
1.772301 1.417518 -0.4130267
1.772301 1.417518 -0.4130267
1.772301 1.417518 -0.4130267
1.772301 1.417518 -0.4130267
1.772301 1.417518 -0.4130267
1.772301 1.417518 -0.4130267
1.772301 1.417518 -0.4130267
1.772301 1.417518 -0.4130267
1.772301 1.417518 -0.4130267
1.772301 1.417518 -0.4130267
1.772301 1.417518 -0.4130267
1.772301 1.417518 -0.4130267
1.541245 0.7642024 0.1663307
1.541245 0.7642024 0.1663307
1.541245 0.7642024 0.1663307
1.541245 0.7642024 0.1663307
1.541245 0.7642024 0.1663307
1.541245 0.7642024 0.1663307
1.541245 0.7642024 0.1663307
1.541245 0.7642024 0.1663307
1.541245 0.7642024 0.1663307
1.541245 0.7642024 0.1663307
1.541245 0.7642024 0.1663307
1.541245 0.7642024 0.1663307
1.541245 0.7642024 0.1663307
1.541245 0.7642024 0.1663307
1.541245 0.7642024 0.1663307
1.541245 0.7642024 0.1663307
1.541245 0.7642024 0.1663307
1.541245 0.7642024 0.1663307
1.541245 0.7642024 0.1663307
1.541245 0.7642024 0.1663307
1.541245 0.7642024 0.1663307
1.541245 0.7642024 0.1663307
1.541245 0.7642024 0.1663307
1.541245 0.7642024 0.1663307
1.541245 0.7642024 0.1663307
1.541245 0.7642024 0.1663307
1.541245 0.7642024 0.1663307
1.541245 0.7642024 0.1663307
1.541245 0.7642024 0.1663307
1.541245 0.7642024 0.1663307
1.541245 0.7642024 0.1663307
1.541245 0.7642024 0.1663307
1.541245 0.7642024 0.1663307
1.541245 0.7642024 0.1663307
1.541245 0.7642024 0.1663307
1.541245 0.7642024 0.1663307
1.541245 0.7642024 0.1663307
1.541245 0.7642024 0.1663307
1.541245 0.7642024 0.1663307
1.541245 0.7642024 0.1663307
1.541245 0.7642024 0.1663307
1.541245 0.7642024 0.1663307
1.541245 0.7642024 0.1663307
1.541245 0.7642024 0.1663307
1.541245 0.7642024 0.1663307
1.541245 0.7642024 0.1663307
1.541245 0.7642024 0.1663307
1.541245 0.7642024 0.1663307
1.541245 0.7642024 0.1663307
1.541245 0.7642024 0.1663307
1.541245 0.7642024 0.1663307
1.541245 0.7642024 0.1663307
1.541245 0.7642024 0.1663307
1.541245 0.7642024 0.1663307
1.541245 0.7642024 0.1663307
1.541245 0.7642024 0.1663307
1.541245 0.7642024 0.1663307
1.541245 0.7642024 0.1663307
1.541245 0.7642024 0.1663307
1.541245 0.7642024 0.1663307
1.541245 0.7642024 0.1663307
1.541245 0.7642024 0.1663307
1.541245 0.7642024 0.1663307
1.541245 0.7642024 0.1663307
1.541245 0.7642024 0.1663307
1.541245 0.7642024 0.1663307
1.541245 0.7642024 0.1663307
1.541245 0.7642024 0.1663307
1.541245 0.7642024 0.1663307
1.541245 0.7642024 0.1663307
1.541245 0.7642024 0.1663307
1.541245 0.7642024 0.1663307
1.541245 0.7642024 0.1663307
1.541245 0.7642024 0.1663307
1.541245 0.7642024 0.1663307
1.541245 0.7642024 0.1663307
1.87539 1.190753 -0.3416043
1.87539 1.190753 -0.3416043
1.87539 1.190753 -0.3416043
1.87539 1.190753 -0.3416043
1.87539 1.190753 -0.3416043
1.87539 1.190753 -0.3416043
1.428125 1.309278 0.227697
1.428125 1.309278 0.227697
1.428125 1.309278 0.227697
1.428125 1.309278 0.227697
1.428125 1.309278 0.227697
1.428125 1.309278 0.227697
1.428125 1.309278 0.227697
1.428125 1.309278 0.227697
1.428125 1.309278 0.227697
1.428125 1.309278 0.227697
1.428125 1.309278 0.227697
1.428125 1.309278 0.227697
1.428125 1.309278 0.227697
1.428125 1.309278 0.227697
1.428125 1.309278 0.227697
1.428125 1.309278 0.227697
1.428125 1.309278 0.227697
1.428125 1.309278 0.227697
1.428125 1.309278 0.227697
1.428125 1.309278 0.227697
1.428125 1.309278 0.227697
1.428125 1.309278 0.227697
1.428125 1.309278 0.227697
1.428125 1.309278 0.227697
1.428125 1.309278 0.227697
1.428125 1.309278 0.227697
1.428125 1.309278 0.227697
1.617356 0.8334534 -0.6689087
1.617356 0.8334534 -0.6689087
1.617356 0.8334534 -0.6689087
1.617356 0.8334534 -0.6689087
1.617356 0.8334534 -0.6689087
1.617356 0.8334534 -0.6689087
1.617356 0.8334534 -0.6689087
1.617356 0.8334534 -0.6689087
1.617356 0.8334534 -0.6689087
1.617356 0.8334534 -0.6689087
1.617356 0.8334534 -0.6689087
1.617356 0.8334534 -0.6689087
1.617356 0.8334534 -0.6689087
1.617356 0.8334534 -0.6689087
1.617356 0.8334534 -0.6689087
1.617356 0.8334534 -0.6689087
1.617356 0.8334534 -0.6689087
1.617356 0.8334534 -0.6689087
1.617356 0.8334534 -0.6689087
1.617356 0.8334534 -0.6689087
1.617356 0.8334534 -0.6689087
1.617356 0.8334534 -0.6689087
1.617356 0.8334534 -0.6689087
1.617356 0.8334534 -0.6689087
1.617356 0.8334534 -0.6689087
1.617356 0.8334534 -0.6689087
1.617356 0.8334534 -0.6689087
1.617356 0.8334534 -0.6689087
1.617356 0.8334534 -0.6689087
1.617356 0.8334534 -0.6689087
1.617356 0.8334534 -0.6689087
1.617356 0.8334534 -0.6689087
1.617356 0.8334534 -0.6689087
1.617356 0.8334534 -0.6689087
1.617356 0.8334534 -0.6689087
1.617356 0.8334534 -0.6689087
1.617356 0.8334534 -0.6689087
1.617356 0.8334534 -0.6689087
1.617356 0.8334534 -0.6689087
1.617356 0.8334534 -0.6689087
1.617356 0.8334534 -0.6689087
1.617356 0.8334534 -0.6689087
1.617356 0.8334534 -0.6689087
1.617356 0.8334534 -0.6689087
1.617356 0.8334534 -0.6689087
1.617356 0.8334534 -0.6689087
1.617356 0.8334534 -0.6689087
1.617356 0.8334534 -0.6689087
1.617356 0.8334534 -0.6689087
1.617356 0.8334534 -0.6689087
1.617356 0.8334534 -0.6689087
1.617356 0.8334534 -0.6689087
1.617356 0.8334534 -0.6689087
1.617356 0.8334534 -0.6689087
1.617356 0.8334534 -0.6689087
1.617356 0.8334534 -0.6689087
1.617356 0.8334534 -0.6689087
1.617356 0.8334534 -0.6689087
1.617356 0.8334534 -0.6689087
1.617356 0.8334534 -0.6689087
1.617356 0.8334534 -0.6689087
1.617356 0.8334534 -0.6689087
1.617356 0.8334534 -0.6689087
1.617356 0.8334534 -0.6689087
1.617356 0.8334534 -0.6689087
1.617356 0.8334534 -0.6689087
1.617356 0.8334534 -0.6689087
1.617356 0.8334534 -0.6689087
1.617356 0.8334534 -0.6689087
1.617356 0.8334534 -0.6689087
1.617356 0.8334534 -0.6689087
1.617356 0.8334534 -0.6689087
1.617356 0.8334534 -0.6689087
1.617356 0.8334534 -0.6689087
1.617356 0.8334534 -0.6689087
1.617356 0.8334534 -0.6689087
1.617356 0.8334534 -0.6689087
1.617356 0.8334534 -0.6689087
1.617356 0.8334534 -0.6689087
1.617356 0.8334534 -0.6689087
1.617356 0.8334534 -0.6689087
1.617356 0.8334534 -0.6689087
1.617356 0.8334534 -0.6689087
1.617356 0.8334534 -0.6689087
1.617356 0.8334534 -0.6689087
1.617356 0.8334534 -0.6689087
1.617356 0.8334534 -0.6689087
1.617356 0.8334534 -0.6689087
1.617356 0.8334534 -0.6689087
1.617356 0.8334534 -0.6689087
1.617356 0.8334534 -0.6689087
1.617356 0.8334534 -0.6689087
1.617356 0.8334534 -0.6689087
1.617356 0.8334534 -0.6689087
1.617356 0.8334534 -0.6689087
1.617356 0.8334534 -0.6689087
1.617356 0.8334534 -0.6689087
1.617356 0.8334534 -0.6689087
1.617356 0.8334534 -0.6689087
1.617356 0.8334534 -0.6689087
1.617356 0.8334534 -0.6689087
1.617356 0.8334534 -0.6689087
1.617356 0.8334534 -0.6689087
1.617356 0.8334534 -0.6689087
1.617356 0.8334534 -0.6689087
1.617356 0.8334534 -0.6689087
1.617356 0.8334534 -0.6689087
1.617356 0.8334534 -0.6689087
1.617356 0.8334534 -0.6689087
1.617356 0.8334534 -0.6689087
1.617356 0.8334534 -0.6689087
1.617356 0.8334534 -0.6689087
1.617356 0.8334534 -0.6689087
1.617356 0.8334534 -0.6689087
1.617356 0.8334534 -0.6689087
1.617356 0.8334534 -0.6689087
1.617356 0.8334534 -0.6689087
1.617356 0.8334534 -0.6689087
1.617356 0.8334534 -0.6689087
1.617356 0.8334534 -0.6689087
1.617356 0.8334534 -0.6689087
1.617356 0.8334534 -0.6689087
1.617356 0.8334534 -0.6689087
1.617356 0.8334534 -0.6689087
1.617356 0.8334534 -0.6689087
1.617356 0.8334534 -0.6689087
1.617356 0.8334534 -0.6689087
1.617356 0.8334534 -0.6689087
1.617356 0.8334534 -0.6689087
1.617356 0.8334534 -0.6689087
1.617356 0.8334534 -0.6689087
1.617356 0.8334534 -0.6689087
1.617356 0.8334534 -0.6689087
1.617356 0.8334534 -0.6689087
1.617356 0.8334534 -0.6689087
1.617356 0.8334534 -0.6689087
1.617356 0.8334534 -0.6689087
1.617356 0.8334534 -0.6689087
1.617356 0.8334534 -0.6689087
1.617356 0.8334534 -0.6689087
1.617356 0.8334534 -0.6689087
1.617356 0.8334534 -0.6689087
1.617356 0.8334534 -0.6689087
1.617356 0.8334534 -0.6689087
1.617356 0.8334534 -0.6689087
1.617356 0.8334534 -0.6689087
1.617356 0.8334534 -0.6689087
1.617356 0.8334534 -0.6689087
1.617356 0.8334534 -0.6689087
1.617356 0.8334534 -0.6689087
1.617356 0.8334534 -0.6689087
1.617356 0.8334534 -0.6689087
1.617356 0.8334534 -0.6689087
1.617356 0.8334534 -0.6689087
1.617356 0.8334534 -0.6689087
1.617356 0.8334534 -0.6689087
1.617356 0.8334534 -0.6689087
1.617356 0.8334534 -0.6689087
1.617356 0.8334534 -0.6689087
1.617356 0.8334534 -0.6689087
1.617356 0.8334534 -0.6689087
1.617356 0.8334534 -0.6689087
1.617356 0.8334534 -0.6689087
1.617356 0.8334534 -0.6689087
1.617356 0.8334534 -0.6689087
1.617356 0.8334534 -0.6689087
1.617356 0.8334534 -0.6689087
1.617356 0.8334534 -0.6689087
1.617356 0.8334534 -0.6689087
1.617356 0.8334534 -0.6689087
1.617356 0.8334534 -0.6689087
1.617356 0.8334534 -0.6689087
1.617356 0.8334534 -0.6689087
1.617356 0.8334534 -0.6689087
1.617356 0.8334534 -0.6689087
1.617356 0.8334534 -0.6689087
1.617356 0.8334534 -0.6689087
1.617356 0.8334534 -0.6689087
1.617356 0.8334534 -0.6689087
1.617356 0.8334534 -0.6689087
1.617356 0.8334534 -0.6689087
1.617356 0.8334534 -0.6689087
1.617356 0.8334534 -0.6689087
1.617356 0.8334534 -0.6689087
1.617356 0.8334534 -0.6689087
1.617356 0.8334534 -0.6689087
1.617356 0.8334534 -0.6689087
1.617356 0.8334534 -0.6689087
1.617356 0.8334534 -0.6689087
1.617356 0.8334534 -0.6689087
1.617356 0.8334534 -0.6689087
1.617356 0.8334534 -0.6689087
1.617356 0.8334534 -0.6689087
1.617356 0.8334534 -0.6689087
1.617356 0.8334534 -0.6689087
1.617356 0.8334534 -0.6689087
1.617356 0.8334534 -0.6689087
1.617356 0.8334534 -0.6689087
1.617356 0.8334534 -0.6689087
1.617356 0.8334534 -0.6689087
1.617356 0.8334534 -0.6689087
1.617356 0.8334534 -0.6689087
1.617356 0.8334534 -0.6689087
1.617356 0.8334534 -0.6689087
1.617356 0.8334534 -0.6689087
1.617356 0.8334534 -0.6689087
1.697062 0.9683177 -0.459552
1.697062 0.9683177 -0.459552
1.697062 0.9683177 -0.459552
1.697062 0.9683177 -0.459552
1.697062 0.9683177 -0.459552
1.697062 0.9683177 -0.459552
1.697062 0.9683177 -0.459552
1.697062 0.9683177 -0.459552
1.697062 0.9683177 -0.459552
1.697062 0.9683177 -0.459552
1.697062 0.9683177 -0.459552
1.697062 0.9683177 -0.459552
1.697062 0.9683177 -0.459552
1.697062 0.9683177 -0.459552
1.697062 0.9683177 -0.459552
1.697062 0.9683177 -0.459552
1.697062 0.9683177 -0.459552
1.697062 0.9683177 -0.459552
1.697062 0.9683177 -0.459552
1.697062 0.9683177 -0.459552
1.697062 0.9683177 -0.459552
1.697062 0.9683177 -0.459552
1.425305 0.8462337 -0.2140505
1.425305 0.8462337 -0.2140505
1.425305 0.8462337 -0.2140505
1.425305 0.8462337 -0.2140505
1.425305 0.8462337 -0.2140505
1.425305 0.8462337 -0.2140505
1.425305 0.8462337 -0.2140505
1.425305 0.8462337 -0.2140505
1.425305 0.8462337 -0.2140505
1.425305 0.8462337 -0.2140505
1.425305 0.8462337 -0.2140505
1.425305 0.8462337 -0.2140505
1.425305 0.8462337 -0.2140505
1.425305 0.8462337 -0.2140505
1.425305 0.8462337 -0.2140505
1.425305 0.8462337 -0.2140505
1.425305 0.8462337 -0.2140505
1.425305 0.8462337 -0.2140505
1.425305 0.8462337 -0.2140505
1.425305 0.8462337 -0.2140505
1.425305 0.8462337 -0.2140505
1.425305 0.8462337 -0.2140505
1.425305 0.8462337 -0.2140505
1.425305 0.8462337 -0.2140505
1.425305 0.8462337 -0.2140505
1.425305 0.8462337 -0.2140505
1.425305 0.8462337 -0.2140505
1.425305 0.8462337 -0.2140505
1.425305 0.8462337 -0.2140505
1.425305 0.8462337 -0.2140505
1.425305 0.8462337 -0.2140505
1.425305 0.8462337 -0.2140505
1.425305 0.8462337 -0.2140505
1.425305 0.8462337 -0.2140505
1.425305 0.8462337 -0.2140505
1.425305 0.8462337 -0.2140505
1.425305 0.8462337 -0.2140505
1.425305 0.8462337 -0.2140505
1.425305 0.8462337 -0.2140505
1.425305 0.8462337 -0.2140505
1.425305 0.8462337 -0.2140505
1.425305 0.8462337 -0.2140505
1.425305 0.8462337 -0.2140505
1.425305 0.8462337 -0.2140505
1.425305 0.8462337 -0.2140505
1.774084 1.134641 -0.5876161
1.774084 1.134641 -0.5876161
1.774084 1.134641 -0.5876161
1.821885 1.329684 -0.9584925
1.821885 1.329684 -0.9584925
1.821885 1.329684 -0.9584925
1.821885 1.329684 -0.9584925
1.821885 1.329684 -0.9584925
1.821885 1.329684 -0.9584925
1.821885 1.329684 -0.9584925
1.821885 1.329684 -0.9584925
1.821885 1.329684 -0.9584925
1.821885 1.329684 -0.9584925
1.821885 1.329684 -0.9584925
1.821885 1.329684 -0.9584925
1.821885 1.329684 -0.9584925
1.821885 1.329684 -0.9584925
1.821885 1.329684 -0.9584925
1.821885 1.329684 -0.9584925
1.821885 1.329684 -0.9584925
1.821885 1.329684 -0.9584925
1.821885 1.329684 -0.9584925
1.821885 1.329684 -0.9584925
1.821885 1.329684 -0.9584925
1.821885 1.329684 -0.9584925
1.821885 1.329684 -0.9584925
1.821885 1.329684 -0.9584925
1.821885 1.329684 -0.9584925
1.821885 1.329684 -0.9584925
1.565552 0.7835059 -0.7919467
1.565552 0.7835059 -0.7919467
1.565552 0.7835059 -0.7919467
1.565552 0.7835059 -0.7919467
1.565552 0.7835059 -0.7919467
1.565552 0.7835059 -0.7919467
1.685414 1.169623 -0.08400676
1.685414 1.169623 -0.08400676
1.685414 1.169623 -0.08400676
1.685414 1.169623 -0.08400676
1.685414 1.169623 -0.08400676
1.685414 1.169623 -0.08400676
1.685414 1.169623 -0.08400676
1.685414 1.169623 -0.08400676
1.685414 1.169623 -0.08400676
1.685414 1.169623 -0.08400676
1.685414 1.169623 -0.08400676
1.685414 1.169623 -0.08400676
1.685414 1.169623 -0.08400676
1.685414 1.169623 -0.08400676
1.685414 1.169623 -0.08400676
1.685414 1.169623 -0.08400676
1.685414 1.169623 -0.08400676
1.685414 1.169623 -0.08400676
1.685414 1.169623 -0.08400676
1.685414 1.169623 -0.08400676
1.685414 1.169623 -0.08400676
1.685414 1.169623 -0.08400676
1.685414 1.169623 -0.08400676
1.685414 1.169623 -0.08400676
1.685414 1.169623 -0.08400676
1.685414 1.169623 -0.08400676
1.685414 1.169623 -0.08400676
1.685414 1.169623 -0.08400676
1.685414 1.169623 -0.08400676
1.685414 1.169623 -0.08400676
1.685414 1.169623 -0.08400676
1.685414 1.169623 -0.08400676
1.685414 1.169623 -0.08400676
1.685414 1.169623 -0.08400676
1.685414 1.169623 -0.08400676
1.685414 1.169623 -0.08400676
1.685414 1.169623 -0.08400676
1.685414 1.169623 -0.08400676
1.685414 1.169623 -0.08400676
1.685414 1.169623 -0.08400676
1.685414 1.169623 -0.08400676
1.685414 1.169623 -0.08400676
1.685414 1.169623 -0.08400676
1.685414 1.169623 -0.08400676
1.685414 1.169623 -0.08400676
1.685414 1.169623 -0.08400676
1.685414 1.169623 -0.08400676
1.685414 1.169623 -0.08400676
1.685414 1.169623 -0.08400676
1.685414 1.169623 -0.08400676
1.685414 1.169623 -0.08400676
1.685414 1.169623 -0.08400676
1.685414 1.169623 -0.08400676
1.685414 1.169623 -0.08400676
1.650295 0.8479924 -0.6916033
1.650295 0.8479924 -0.6916033
1.650295 0.8479924 -0.6916033
1.650295 0.8479924 -0.6916033
1.650295 0.8479924 -0.6916033
1.650295 0.8479924 -0.6916033
1.650295 0.8479924 -0.6916033
1.650295 0.8479924 -0.6916033
1.650295 0.8479924 -0.6916033
1.650295 0.8479924 -0.6916033
1.650295 0.8479924 -0.6916033
1.650295 0.8479924 -0.6916033
1.650295 0.8479924 -0.6916033
1.650295 0.8479924 -0.6916033
1.650295 0.8479924 -0.6916033
1.650295 0.8479924 -0.6916033
1.650295 0.8479924 -0.6916033
1.650295 0.8479924 -0.6916033
1.650295 0.8479924 -0.6916033
1.650295 0.8479924 -0.6916033
1.650295 0.8479924 -0.6916033
1.650295 0.8479924 -0.6916033
1.650295 0.8479924 -0.6916033
1.650295 0.8479924 -0.6916033
1.650295 0.8479924 -0.6916033
1.650295 0.8479924 -0.6916033
1.650295 0.8479924 -0.6916033
1.650295 0.8479924 -0.6916033
1.650295 0.8479924 -0.6916033
1.650295 0.8479924 -0.6916033
1.650295 0.8479924 -0.6916033
1.650295 0.8479924 -0.6916033
1.650295 0.8479924 -0.6916033
1.650295 0.8479924 -0.6916033
1.650295 0.8479924 -0.6916033
1.650295 0.8479924 -0.6916033
1.650295 0.8479924 -0.6916033
1.650295 0.8479924 -0.6916033
1.650295 0.8479924 -0.6916033
1.650295 0.8479924 -0.6916033
1.650295 0.8479924 -0.6916033
1.650295 0.8479924 -0.6916033
1.650295 0.8479924 -0.6916033
1.650295 0.8479924 -0.6916033
1.650295 0.8479924 -0.6916033
1.650295 0.8479924 -0.6916033
1.650295 0.8479924 -0.6916033
1.650295 0.8479924 -0.6916033
1.650295 0.8479924 -0.6916033
1.650295 0.8479924 -0.6916033
1.650295 0.8479924 -0.6916033
1.650295 0.8479924 -0.6916033
1.650295 0.8479924 -0.6916033
1.650295 0.8479924 -0.6916033
1.650295 0.8479924 -0.6916033
1.650295 0.8479924 -0.6916033
1.650295 0.8479924 -0.6916033
1.650295 0.8479924 -0.6916033
1.650295 0.8479924 -0.6916033
1.650295 0.8479924 -0.6916033
1.650295 0.8479924 -0.6916033
1.650295 0.8479924 -0.6916033
1.650295 0.8479924 -0.6916033
1.650295 0.8479924 -0.6916033
1.650295 0.8479924 -0.6916033
1.650295 0.8479924 -0.6916033
1.650295 0.8479924 -0.6916033
1.650295 0.8479924 -0.6916033
1.650295 0.8479924 -0.6916033
1.650295 0.8479924 -0.6916033
1.650295 0.8479924 -0.6916033
1.650295 0.8479924 -0.6916033
1.650295 0.8479924 -0.6916033
1.650295 0.8479924 -0.6916033
1.650295 0.8479924 -0.6916033
1.650295 0.8479924 -0.6916033
1.650295 0.8479924 -0.6916033
1.650295 0.8479924 -0.6916033
1.650295 0.8479924 -0.6916033
1.650295 0.8479924 -0.6916033
1.650295 0.8479924 -0.6916033
1.650295 0.8479924 -0.6916033
1.650295 0.8479924 -0.6916033
1.650295 0.8479924 -0.6916033
1.650295 0.8479924 -0.6916033
1.650295 0.8479924 -0.6916033
1.650295 0.8479924 -0.6916033
1.650295 0.8479924 -0.6916033
1.650295 0.8479924 -0.6916033
1.650295 0.8479924 -0.6916033
1.650295 0.8479924 -0.6916033
1.650295 0.8479924 -0.6916033
1.650295 0.8479924 -0.6916033
1.650295 0.8479924 -0.6916033
1.650295 0.8479924 -0.6916033
1.650295 0.8479924 -0.6916033
1.650295 0.8479924 -0.6916033
1.650295 0.8479924 -0.6916033
1.650295 0.8479924 -0.6916033
1.650295 0.8479924 -0.6916033
1.650295 0.8479924 -0.6916033
1.650295 0.8479924 -0.6916033
1.650295 0.8479924 -0.6916033
1.650295 0.8479924 -0.6916033
1.650295 0.8479924 -0.6916033
1.650295 0.8479924 -0.6916033
1.650295 0.8479924 -0.6916033
1.650295 0.8479924 -0.6916033
1.650295 0.8479924 -0.6916033
1.650295 0.8479924 -0.6916033
1.650295 0.8479924 -0.6916033
1.650295 0.8479924 -0.6916033
1.650295 0.8479924 -0.6916033
1.650295 0.8479924 -0.6916033
1.650295 0.8479924 -0.6916033
1.650295 0.8479924 -0.6916033
1.650295 0.8479924 -0.6916033
1.650295 0.8479924 -0.6916033
1.650295 0.8479924 -0.6916033
1.650295 0.8479924 -0.6916033
1.650295 0.8479924 -0.6916033
1.650295 0.8479924 -0.6916033
1.650295 0.8479924 -0.6916033
1.650295 0.8479924 -0.6916033
1.650295 0.8479924 -0.6916033
1.828355 1.204725 -1.185552
1.828355 1.204725 -1.185552
1.828355 1.204725 -1.185552
1.828355 1.204725 -1.185552
1.828355 1.204725 -1.185552
1.828355 1.204725 -1.185552
1.828355 1.204725 -1.185552
1.828355 1.204725 -1.185552
1.828355 1.204725 -1.185552
1.828355 1.204725 -1.185552
1.828355 1.204725 -1.185552
1.828355 1.204725 -1.185552
1.828355 1.204725 -1.185552
1.828355 1.204725 -1.185552
1.828355 1.204725 -1.185552
1.828355 1.204725 -1.185552
1.828355 1.204725 -1.185552
1.828355 1.204725 -1.185552
1.828355 1.204725 -1.185552
1.828355 1.204725 -1.185552
1.828355 1.204725 -1.185552
1.828355 1.204725 -1.185552
1.828355 1.204725 -1.185552
1.828355 1.204725 -1.185552
1.828355 1.204725 -1.185552
1.828355 1.204725 -1.185552
1.828355 1.204725 -1.185552
1.828355 1.204725 -1.185552
1.828355 1.204725 -1.185552
1.828355 1.204725 -1.185552
1.828355 1.204725 -1.185552
1.828355 1.204725 -1.185552
1.828355 1.204725 -1.185552
1.828355 1.204725 -1.185552
1.828355 1.204725 -1.185552
1.828355 1.204725 -1.185552
1.828355 1.204725 -1.185552
1.828355 1.204725 -1.185552
1.828355 1.204725 -1.185552
1.828355 1.204725 -1.185552
1.828355 1.204725 -1.185552
1.828355 1.204725 -1.185552
1.828355 1.204725 -1.185552
1.828355 1.204725 -1.185552
1.828355 1.204725 -1.185552
1.828355 1.204725 -1.185552
1.828355 1.204725 -1.185552
1.828355 1.204725 -1.185552
1.828355 1.204725 -1.185552
1.828355 1.204725 -1.185552
1.828355 1.204725 -1.185552
1.828355 1.204725 -1.185552
1.828355 1.204725 -1.185552
1.828355 1.204725 -1.185552
1.828355 1.204725 -1.185552
1.828355 1.204725 -1.185552
1.828355 1.204725 -1.185552
1.828355 1.204725 -1.185552
1.828355 1.204725 -1.185552
1.828355 1.204725 -1.185552
1.828355 1.204725 -1.185552
1.828355 1.204725 -1.185552
1.828355 1.204725 -1.185552
1.828355 1.204725 -1.185552
1.828355 1.204725 -1.185552
1.828355 1.204725 -1.185552
1.828355 1.204725 -1.185552
1.828355 1.204725 -1.185552
1.828355 1.204725 -1.185552
1.828355 1.204725 -1.185552
1.828355 1.204725 -1.185552
2.049377 1.674509 -1.240888
2.049377 1.674509 -1.240888
2.049377 1.674509 -1.240888
2.049377 1.674509 -1.240888
2.049377 1.674509 -1.240888
2.049377 1.674509 -1.240888
2.049377 1.674509 -1.240888
2.049377 1.674509 -1.240888
2.049377 1.674509 -1.240888
2.049377 1.674509 -1.240888
2.049377 1.674509 -1.240888
2.049377 1.674509 -1.240888
2.049377 1.674509 -1.240888
2.049377 1.674509 -1.240888
2.049377 1.674509 -1.240888
2.049377 1.674509 -1.240888
2.049377 1.674509 -1.240888
2.049377 1.674509 -1.240888
2.049377 1.674509 -1.240888
2.049377 1.674509 -1.240888
2.049377 1.674509 -1.240888
2.201957 1.78709 -1.299438
2.201957 1.78709 -1.299438
2.201957 1.78709 -1.299438
2.201957 1.78709 -1.299438
2.201957 1.78709 -1.299438
2.201957 1.78709 -1.299438
2.201957 1.78709 -1.299438
2.201957 1.78709 -1.299438
2.201957 1.78709 -1.299438
2.201957 1.78709 -1.299438
2.201957 1.78709 -1.299438
2.201957 1.78709 -1.299438
2.201957 1.78709 -1.299438
2.201957 1.78709 -1.299438
2.201957 1.78709 -1.299438
2.201957 1.78709 -1.299438
2.201957 1.78709 -1.299438
2.201957 1.78709 -1.299438
2.201957 1.78709 -1.299438
2.201957 1.78709 -1.299438
2.201957 1.78709 -1.299438
2.201957 1.78709 -1.299438
2.201957 1.78709 -1.299438
2.201957 1.78709 -1.299438
2.201957 1.78709 -1.299438
2.201957 1.78709 -1.299438
2.201957 1.78709 -1.299438
2.201957 1.78709 -1.299438
2.201957 1.78709 -1.299438
2.201957 1.78709 -1.299438
2.201957 1.78709 -1.299438
2.201957 1.78709 -1.299438
2.201957 1.78709 -1.299438
2.201957 1.78709 -1.299438
2.201957 1.78709 -1.299438
2.201957 1.78709 -1.299438
2.201957 1.78709 -1.299438
2.201957 1.78709 -1.299438
2.201957 1.78709 -1.299438
2.201957 1.78709 -1.299438
2.201957 1.78709 -1.299438
2.201957 1.78709 -1.299438
2.201957 1.78709 -1.299438
2.201957 1.78709 -1.299438
2.201957 1.78709 -1.299438
2.201957 1.78709 -1.299438
2.201957 1.78709 -1.299438
2.201957 1.78709 -1.299438
2.201957 1.78709 -1.299438
2.201957 1.78709 -1.299438
2.201957 1.78709 -1.299438
2.201957 1.78709 -1.299438
2.201957 1.78709 -1.299438
2.201957 1.78709 -1.299438
2.201957 1.78709 -1.299438
2.201957 1.78709 -1.299438
2.201957 1.78709 -1.299438
2.201957 1.78709 -1.299438
2.201957 1.78709 -1.299438
2.201957 1.78709 -1.299438
2.201957 1.78709 -1.299438
2.201957 1.78709 -1.299438
2.201957 1.78709 -1.299438
2.201957 1.78709 -1.299438
2.201957 1.78709 -1.299438
2.201957 1.78709 -1.299438
2.201957 1.78709 -1.299438
2.201957 1.78709 -1.299438
2.201957 1.78709 -1.299438
2.201957 1.78709 -1.299438
1.842954 1.427374 -1.46165
1.842954 1.427374 -1.46165
1.842954 1.427374 -1.46165
1.842954 1.427374 -1.46165
1.842954 1.427374 -1.46165
1.842954 1.427374 -1.46165
1.842954 1.427374 -1.46165
1.842954 1.427374 -1.46165
1.842954 1.427374 -1.46165
1.842954 1.427374 -1.46165
1.842954 1.427374 -1.46165
1.842954 1.427374 -1.46165
1.842954 1.427374 -1.46165
1.842954 1.427374 -1.46165
1.842954 1.427374 -1.46165
1.842954 1.427374 -1.46165
1.842954 1.427374 -1.46165
1.842954 1.427374 -1.46165
1.842954 1.427374 -1.46165
1.842954 1.427374 -1.46165
1.842954 1.427374 -1.46165
1.842954 1.427374 -1.46165
1.842954 1.427374 -1.46165
1.842954 1.427374 -1.46165
1.842954 1.427374 -1.46165
1.842954 1.427374 -1.46165
1.842954 1.427374 -1.46165
1.842954 1.427374 -1.46165
1.842954 1.427374 -1.46165
1.842954 1.427374 -1.46165
1.842954 1.427374 -1.46165
1.842954 1.427374 -1.46165
1.842954 1.427374 -1.46165
1.842954 1.427374 -1.46165
1.842954 1.427374 -1.46165
1.842954 1.427374 -1.46165
1.842954 1.427374 -1.46165
1.842954 1.427374 -1.46165
1.842954 1.427374 -1.46165
1.842954 1.427374 -1.46165
1.842954 1.427374 -1.46165
1.842954 1.427374 -1.46165
1.842954 1.427374 -1.46165
1.842954 1.427374 -1.46165
1.842954 1.427374 -1.46165
1.842954 1.427374 -1.46165
1.743952 1.509733 -0.4391843
1.743952 1.509733 -0.4391843
1.743952 1.509733 -0.4391843
1.743952 1.509733 -0.4391843
1.743952 1.509733 -0.4391843
1.743952 1.509733 -0.4391843
1.743952 1.509733 -0.4391843
1.743952 1.509733 -0.4391843
1.743952 1.509733 -0.4391843
1.743952 1.509733 -0.4391843
1.743952 1.509733 -0.4391843
1.743952 1.509733 -0.4391843
1.743952 1.509733 -0.4391843
1.743952 1.509733 -0.4391843
1.743952 1.509733 -0.4391843
1.743952 1.509733 -0.4391843
1.743952 1.509733 -0.4391843
1.743952 1.509733 -0.4391843
1.743952 1.509733 -0.4391843
1.743952 1.509733 -0.4391843
1.743952 1.509733 -0.4391843
1.743952 1.509733 -0.4391843
1.743952 1.509733 -0.4391843
1.743952 1.509733 -0.4391843
1.743952 1.509733 -0.4391843
1.743952 1.509733 -0.4391843
1.743952 1.509733 -0.4391843
1.743952 1.509733 -0.4391843
1.743952 1.509733 -0.4391843
1.743952 1.509733 -0.4391843
1.743952 1.509733 -0.4391843
1.743952 1.509733 -0.4391843
1.743952 1.509733 -0.4391843
1.743952 1.509733 -0.4391843
1.743952 1.509733 -0.4391843
1.743952 1.509733 -0.4391843
1.743952 1.509733 -0.4391843
1.743952 1.509733 -0.4391843
1.743952 1.509733 -0.4391843
1.743952 1.509733 -0.4391843
1.743952 1.509733 -0.4391843
1.743952 1.509733 -0.4391843
1.743952 1.509733 -0.4391843
1.743952 1.509733 -0.4391843
1.743952 1.509733 -0.4391843
1.743952 1.509733 -0.4391843
1.743952 1.509733 -0.4391843
1.743952 1.509733 -0.4391843
1.743952 1.509733 -0.4391843
1.743952 1.509733 -0.4391843
1.743952 1.509733 -0.4391843
1.743952 1.509733 -0.4391843
1.743952 1.509733 -0.4391843
1.743952 1.509733 -0.4391843
1.743952 1.509733 -0.4391843
1.743952 1.509733 -0.4391843
1.743952 1.509733 -0.4391843
1.743952 1.509733 -0.4391843
1.743952 1.509733 -0.4391843
1.743952 1.509733 -0.4391843
1.743952 1.509733 -0.4391843
1.743952 1.509733 -0.4391843
1.743952 1.509733 -0.4391843
1.743952 1.509733 -0.4391843
1.743952 1.509733 -0.4391843
1.743952 1.509733 -0.4391843
1.743952 1.509733 -0.4391843
1.743952 1.509733 -0.4391843
1.743952 1.509733 -0.4391843
1.743952 1.509733 -0.4391843
1.743952 1.509733 -0.4391843
1.743952 1.509733 -0.4391843
1.743952 1.509733 -0.4391843
1.743952 1.509733 -0.4391843
1.743952 1.509733 -0.4391843
1.743952 1.509733 -0.4391843
1.743952 1.509733 -0.4391843
1.743952 1.509733 -0.4391843
1.743952 1.509733 -0.4391843
1.743952 1.509733 -0.4391843
1.743952 1.509733 -0.4391843
1.743952 1.509733 -0.4391843
1.743952 1.509733 -0.4391843
1.743952 1.509733 -0.4391843
1.743952 1.509733 -0.4391843
1.743952 1.509733 -0.4391843
1.743952 1.509733 -0.4391843
1.743952 1.509733 -0.4391843
1.743952 1.509733 -0.4391843
1.743952 1.509733 -0.4391843
1.743952 1.509733 -0.4391843
1.743952 1.509733 -0.4391843
1.743952 1.509733 -0.4391843
1.743952 1.509733 -0.4391843
1.743952 1.509733 -0.4391843
1.743952 1.509733 -0.4391843
1.743952 1.509733 -0.4391843
1.743952 1.509733 -0.4391843
1.743952 1.509733 -0.4391843
1.743952 1.509733 -0.4391843
1.743952 1.509733 -0.4391843
1.743952 1.509733 -0.4391843
1.743952 1.509733 -0.4391843
1.743952 1.509733 -0.4391843
1.743952 1.509733 -0.4391843
1.743952 1.509733 -0.4391843
1.743952 1.509733 -0.4391843
1.743952 1.509733 -0.4391843
1.743952 1.509733 -0.4391843
1.743952 1.509733 -0.4391843
1.743952 1.509733 -0.4391843
1.743952 1.509733 -0.4391843
1.743952 1.509733 -0.4391843
1.743952 1.509733 -0.4391843
1.743952 1.509733 -0.4391843
1.743952 1.509733 -0.4391843
1.743952 1.509733 -0.4391843
1.743952 1.509733 -0.4391843
1.743952 1.509733 -0.4391843
1.743952 1.509733 -0.4391843
1.743952 1.509733 -0.4391843
1.743952 1.509733 -0.4391843
1.743952 1.509733 -0.4391843
1.743952 1.509733 -0.4391843
1.743952 1.509733 -0.4391843
1.743952 1.509733 -0.4391843
1.743952 1.509733 -0.4391843
1.743952 1.509733 -0.4391843
1.743952 1.509733 -0.4391843
1.743952 1.509733 -0.4391843
1.743952 1.509733 -0.4391843
1.743952 1.509733 -0.4391843
1.743952 1.509733 -0.4391843
1.743952 1.509733 -0.4391843
1.743952 1.509733 -0.4391843
1.743952 1.509733 -0.4391843
1.743952 1.509733 -0.4391843
1.743952 1.509733 -0.4391843
1.743952 1.509733 -0.4391843
1.743952 1.509733 -0.4391843
1.743952 1.509733 -0.4391843
1.743952 1.509733 -0.4391843
1.743952 1.509733 -0.4391843
1.743952 1.509733 -0.4391843
1.743952 1.509733 -0.4391843
1.743952 1.509733 -0.4391843
1.743952 1.509733 -0.4391843
1.743952 1.509733 -0.4391843
1.743952 1.509733 -0.4391843
1.743952 1.509733 -0.4391843
1.743952 1.509733 -0.4391843
1.743952 1.509733 -0.4391843
1.743952 1.509733 -0.4391843
1.743952 1.509733 -0.4391843
1.743952 1.509733 -0.4391843
1.743952 1.509733 -0.4391843
1.743952 1.509733 -0.4391843
1.743952 1.509733 -0.4391843
1.743952 1.509733 -0.4391843
1.743952 1.509733 -0.4391843
1.743952 1.509733 -0.4391843
1.743952 1.509733 -0.4391843
1.743952 1.509733 -0.4391843
1.743952 1.509733 -0.4391843
1.743952 1.509733 -0.4391843
1.743952 1.509733 -0.4391843
1.743952 1.509733 -0.4391843
1.743952 1.509733 -0.4391843
1.743952 1.509733 -0.4391843
1.743952 1.509733 -0.4391843
1.743952 1.509733 -0.4391843
1.743952 1.509733 -0.4391843
1.743952 1.509733 -0.4391843
1.743952 1.509733 -0.4391843
1.743952 1.509733 -0.4391843
1.743952 1.509733 -0.4391843
1.743952 1.509733 -0.4391843
1.743952 1.509733 -0.4391843
1.743952 1.509733 -0.4391843
1.743952 1.509733 -0.4391843
1.743952 1.509733 -0.4391843
1.743952 1.509733 -0.4391843
1.743952 1.509733 -0.4391843
1.743952 1.509733 -0.4391843
1.743952 1.509733 -0.4391843
1.743952 1.509733 -0.4391843
1.743952 1.509733 -0.4391843
1.743952 1.509733 -0.4391843
1.743952 1.509733 -0.4391843
1.743952 1.509733 -0.4391843
1.743952 1.509733 -0.4391843
1.743952 1.509733 -0.4391843
1.743952 1.509733 -0.4391843
1.743952 1.509733 -0.4391843
1.743952 1.509733 -0.4391843
1.743952 1.509733 -0.4391843
1.743952 1.509733 -0.4391843
1.743952 1.509733 -0.4391843
1.743952 1.509733 -0.4391843
1.743952 1.509733 -0.4391843
1.743952 1.509733 -0.4391843
1.743952 1.509733 -0.4391843
1.743952 1.509733 -0.4391843
1.743952 1.509733 -0.4391843
1.743952 1.509733 -0.4391843
1.743952 1.509733 -0.4391843
1.743952 1.509733 -0.4391843
1.743952 1.509733 -0.4391843
1.825847 2.292766 -0.2616931
1.825847 2.292766 -0.2616931
1.825847 2.292766 -0.2616931
1.825847 2.292766 -0.2616931
1.825847 2.292766 -0.2616931
1.825847 2.292766 -0.2616931
1.825847 2.292766 -0.2616931
1.825847 2.292766 -0.2616931
1.825847 2.292766 -0.2616931
1.825847 2.292766 -0.2616931
1.825847 2.292766 -0.2616931
1.825847 2.292766 -0.2616931
1.825847 2.292766 -0.2616931
1.825847 2.292766 -0.2616931
1.825847 2.292766 -0.2616931
1.825847 2.292766 -0.2616931
2.471897 2.47979 -1.541919
2.471897 2.47979 -1.541919
2.471897 2.47979 -1.541919
2.155258 1.915642 -1.315708
2.155258 1.915642 -1.315708
2.155258 1.915642 -1.315708
2.155258 1.915642 -1.315708
2.155258 1.915642 -1.315708
2.155258 1.915642 -1.315708
2.155258 1.915642 -1.315708
2.155258 1.915642 -1.315708
2.155258 1.915642 -1.315708
2.155258 1.915642 -1.315708
2.155258 1.915642 -1.315708
2.155258 1.915642 -1.315708
2.155258 1.915642 -1.315708
2.155258 1.915642 -1.315708
2.155258 1.915642 -1.315708
2.155258 1.915642 -1.315708
2.155258 1.915642 -1.315708
2.155258 1.915642 -1.315708
2.155258 1.915642 -1.315708
2.155258 1.915642 -1.315708
2.155258 1.915642 -1.315708
2.155258 1.915642 -1.315708
2.155258 1.915642 -1.315708
2.155258 1.915642 -1.315708
2.155258 1.915642 -1.315708
2.155258 1.915642 -1.315708
2.155258 1.915642 -1.315708
2.155258 1.915642 -1.315708
2.155258 1.915642 -1.315708
2.155258 1.915642 -1.315708
2.155258 1.915642 -1.315708
2.155258 1.915642 -1.315708
2.155258 1.915642 -1.315708
2.155258 1.915642 -1.315708
2.155258 1.915642 -1.315708
2.155258 1.915642 -1.315708
2.155258 1.915642 -1.315708
2.155258 1.915642 -1.315708
2.155258 1.915642 -1.315708
2.155258 1.915642 -1.315708
2.155258 1.915642 -1.315708
2.155258 1.915642 -1.315708
2.155258 1.915642 -1.315708
2.155258 1.915642 -1.315708
2.155258 1.915642 -1.315708
2.155258 1.915642 -1.315708
2.155258 1.915642 -1.315708
2.155258 1.915642 -1.315708
2.155258 1.915642 -1.315708
2.155258 1.915642 -1.315708
2.155258 1.915642 -1.315708
2.155258 1.915642 -1.315708
2.155258 1.915642 -1.315708
2.155258 1.915642 -1.315708
2.155258 1.915642 -1.315708
2.155258 1.915642 -1.315708
2.155258 1.915642 -1.315708
2.155258 1.915642 -1.315708
2.155258 1.915642 -1.315708
2.155258 1.915642 -1.315708
2.155258 1.915642 -1.315708
2.155258 1.915642 -1.315708
2.155258 1.915642 -1.315708
2.155258 1.915642 -1.315708
2.155258 1.915642 -1.315708
2.155258 1.915642 -1.315708
2.155258 1.915642 -1.315708
2.155258 1.915642 -1.315708
2.155258 1.915642 -1.315708
2.155258 1.915642 -1.315708
2.155258 1.915642 -1.315708
2.155258 1.915642 -1.315708
2.155258 1.915642 -1.315708
2.155258 1.915642 -1.315708
2.155258 1.915642 -1.315708
2.155258 1.915642 -1.315708
2.155258 1.915642 -1.315708
2.155258 1.915642 -1.315708
2.155258 1.915642 -1.315708
2.155258 1.915642 -1.315708
2.155258 1.915642 -1.315708
2.155258 1.915642 -1.315708
2.155258 1.915642 -1.315708
2.155258 1.915642 -1.315708
2.155258 1.915642 -1.315708
2.155258 1.915642 -1.315708
2.155258 1.915642 -1.315708
2.155258 1.915642 -1.315708
2.155258 1.915642 -1.315708
2.155258 1.915642 -1.315708
2.155258 1.915642 -1.315708
2.155258 1.915642 -1.315708
2.155258 1.915642 -1.315708
2.155258 1.915642 -1.315708
2.155258 1.915642 -1.315708
2.155258 1.915642 -1.315708
2.155258 1.915642 -1.315708
2.155258 1.915642 -1.315708
2.155258 1.915642 -1.315708
2.155258 1.915642 -1.315708
2.155258 1.915642 -1.315708
2.155258 1.915642 -1.315708
2.155258 1.915642 -1.315708
2.155258 1.915642 -1.315708
2.155258 1.915642 -1.315708
2.155258 1.915642 -1.315708
2.155258 1.915642 -1.315708
2.155258 1.915642 -1.315708
2.155258 1.915642 -1.315708
2.155258 1.915642 -1.315708
2.155258 1.915642 -1.315708
2.155258 1.915642 -1.315708
2.155258 1.915642 -1.315708
2.155258 1.915642 -1.315708
2.155258 1.915642 -1.315708
2.155258 1.915642 -1.315708
2.155258 1.915642 -1.315708
2.155258 1.915642 -1.315708
2.155258 1.915642 -1.315708
2.155258 1.915642 -1.315708
2.155258 1.915642 -1.315708
2.155258 1.915642 -1.315708
2.155258 1.915642 -1.315708
2.155258 1.915642 -1.315708
2.155258 1.915642 -1.315708
2.155258 1.915642 -1.315708
2.155258 1.915642 -1.315708
2.155258 1.915642 -1.315708
2.155258 1.915642 -1.315708
2.155258 1.915642 -1.315708
2.155258 1.915642 -1.315708
2.155258 1.915642 -1.315708
2.155258 1.915642 -1.315708
2.155258 1.915642 -1.315708
2.155258 1.915642 -1.315708
2.155258 1.915642 -1.315708
2.155258 1.915642 -1.315708
2.155258 1.915642 -1.315708
2.155258 1.915642 -1.315708
2.155258 1.915642 -1.315708
2.155258 1.915642 -1.315708
2.155258 1.915642 -1.315708
2.155258 1.915642 -1.315708
2.155258 1.915642 -1.315708
2.155258 1.915642 -1.315708
2.155258 1.915642 -1.315708
2.155258 1.915642 -1.315708
2.155258 1.915642 -1.315708
2.155258 1.915642 -1.315708
2.155258 1.915642 -1.315708
2.155258 1.915642 -1.315708
2.155258 1.915642 -1.315708
2.155258 1.915642 -1.315708
2.155258 1.915642 -1.315708
2.155258 1.915642 -1.315708
2.155258 1.915642 -1.315708
2.155258 1.915642 -1.315708
2.155258 1.915642 -1.315708
2.155258 1.915642 -1.315708
2.155258 1.915642 -1.315708
2.155258 1.915642 -1.315708
2.155258 1.915642 -1.315708
2.155258 1.915642 -1.315708
2.155258 1.915642 -1.315708
2.155258 1.915642 -1.315708
2.155258 1.915642 -1.315708
2.155258 1.915642 -1.315708
2.155258 1.915642 -1.315708
2.155258 1.915642 -1.315708
2.155258 1.915642 -1.315708
2.155258 1.915642 -1.315708
2.155258 1.915642 -1.315708
2.155258 1.915642 -1.315708
2.155258 1.915642 -1.315708
2.155258 1.915642 -1.315708
2.155258 1.915642 -1.315708
2.155258 1.915642 -1.315708
2.155258 1.915642 -1.315708
2.155258 1.915642 -1.315708
2.155258 1.915642 -1.315708
2.155258 1.915642 -1.315708
2.155258 1.915642 -1.315708
2.155258 1.915642 -1.315708
2.155258 1.915642 -1.315708
2.155258 1.915642 -1.315708
2.155258 1.915642 -1.315708
2.155258 1.915642 -1.315708
2.155258 1.915642 -1.315708
2.155258 1.915642 -1.315708
2.155258 1.915642 -1.315708
2.155258 1.915642 -1.315708
2.155258 1.915642 -1.315708
2.155258 1.915642 -1.315708
2.155258 1.915642 -1.315708
2.155258 1.915642 -1.315708
2.155258 1.915642 -1.315708
2.155258 1.915642 -1.315708
2.155258 1.915642 -1.315708
2.155258 1.915642 -1.315708
2.155258 1.915642 -1.315708
2.155258 1.915642 -1.315708
2.155258 1.915642 -1.315708
2.155258 1.915642 -1.315708
2.155258 1.915642 -1.315708
2.155258 1.915642 -1.315708
2.155258 1.915642 -1.315708
2.155258 1.915642 -1.315708
2.155258 1.915642 -1.315708
2.155258 1.915642 -1.315708
2.155258 1.915642 -1.315708
2.155258 1.915642 -1.315708
2.155258 1.915642 -1.315708
2.155258 1.915642 -1.315708
2.155258 1.915642 -1.315708
2.155258 1.915642 -1.315708
2.155258 1.915642 -1.315708
2.155258 1.915642 -1.315708
2.155258 1.915642 -1.315708
2.155258 1.915642 -1.315708
2.155258 1.915642 -1.315708
2.155258 1.915642 -1.315708
2.155258 1.915642 -1.315708
2.155258 1.915642 -1.315708
2.155258 1.915642 -1.315708
2.155258 1.915642 -1.315708
2.155258 1.915642 -1.315708
2.155258 1.915642 -1.315708
2.155258 1.915642 -1.315708
2.155258 1.915642 -1.315708
2.155258 1.915642 -1.315708
2.155258 1.915642 -1.315708
2.155258 1.915642 -1.315708
2.155258 1.915642 -1.315708
2.155258 1.915642 -1.315708
2.155258 1.915642 -1.315708
2.155258 1.915642 -1.315708
2.155258 1.915642 -1.315708
2.155258 1.915642 -1.315708
2.155258 1.915642 -1.315708
2.155258 1.915642 -1.315708
2.155258 1.915642 -1.315708
2.155258 1.915642 -1.315708
2.155258 1.915642 -1.315708
2.155258 1.915642 -1.315708
2.155258 1.915642 -1.315708
2.155258 1.915642 -1.315708
2.155258 1.915642 -1.315708
2.155258 1.915642 -1.315708
2.155258 1.915642 -1.315708
2.155258 1.915642 -1.315708
2.155258 1.915642 -1.315708
2.155258 1.915642 -1.315708
2.155258 1.915642 -1.315708
2.155258 1.915642 -1.315708
2.155258 1.915642 -1.315708
2.155258 1.915642 -1.315708
2.155258 1.915642 -1.315708
2.155258 1.915642 -1.315708
2.155258 1.915642 -1.315708
2.155258 1.915642 -1.315708
2.155258 1.915642 -1.315708
2.155258 1.915642 -1.315708
2.155258 1.915642 -1.315708
2.155258 1.915642 -1.315708
2.155258 1.915642 -1.315708
2.155258 1.915642 -1.315708
2.155258 1.915642 -1.315708
2.155258 1.915642 -1.315708
2.155258 1.915642 -1.315708
2.155258 1.915642 -1.315708
2.155258 1.915642 -1.315708
2.155258 1.915642 -1.315708
2.155258 1.915642 -1.315708
2.155258 1.915642 -1.315708
2.155258 1.915642 -1.315708
2.155258 1.915642 -1.315708
2.155258 1.915642 -1.315708
2.155258 1.915642 -1.315708
2.155258 1.915642 -1.315708
2.155258 1.915642 -1.315708
2.155258 1.915642 -1.315708
2.155258 1.915642 -1.315708
2.155258 1.915642 -1.315708
2.155258 1.915642 -1.315708
2.155258 1.915642 -1.315708
2.155258 1.915642 -1.315708
2.155258 1.915642 -1.315708
1.871751 1.763558 -0.7648761
1.871751 1.763558 -0.7648761
1.871751 1.763558 -0.7648761
1.871751 1.763558 -0.7648761
1.871751 1.763558 -0.7648761
1.871751 1.763558 -0.7648761
1.871751 1.763558 -0.7648761
1.871751 1.763558 -0.7648761
1.871751 1.763558 -0.7648761
1.871751 1.763558 -0.7648761
1.871751 1.763558 -0.7648761
1.871751 1.763558 -0.7648761
1.871751 1.763558 -0.7648761
1.871751 1.763558 -0.7648761
1.871751 1.763558 -0.7648761
1.871751 1.763558 -0.7648761
1.871751 1.763558 -0.7648761
1.871751 1.763558 -0.7648761
1.871751 1.763558 -0.7648761
1.871751 1.763558 -0.7648761
1.871751 1.763558 -0.7648761
1.871751 1.763558 -0.7648761
1.871751 1.763558 -0.7648761
1.871751 1.763558 -0.7648761
1.871751 1.763558 -0.7648761
1.871751 1.763558 -0.7648761
1.871751 1.763558 -0.7648761
1.871751 1.763558 -0.7648761
1.871751 1.763558 -0.7648761
1.871751 1.763558 -0.7648761
1.871751 1.763558 -0.7648761
1.871751 1.763558 -0.7648761
1.871751 1.763558 -0.7648761
1.871751 1.763558 -0.7648761
1.871751 1.763558 -0.7648761
1.871751 1.763558 -0.7648761
1.871751 1.763558 -0.7648761
1.871751 1.763558 -0.7648761
1.871751 1.763558 -0.7648761
1.871751 1.763558 -0.7648761
1.871751 1.763558 -0.7648761
1.871751 1.763558 -0.7648761
1.871751 1.763558 -0.7648761
1.871751 1.763558 -0.7648761
1.871751 1.763558 -0.7648761
1.871751 1.763558 -0.7648761
1.871751 1.763558 -0.7648761
1.871751 1.763558 -0.7648761
1.871751 1.763558 -0.7648761
1.871751 1.763558 -0.7648761
1.871751 1.763558 -0.7648761
1.871751 1.763558 -0.7648761
1.871751 1.763558 -0.7648761
1.871751 1.763558 -0.7648761
1.871751 1.763558 -0.7648761
1.871751 1.763558 -0.7648761
1.871751 1.763558 -0.7648761
1.871751 1.763558 -0.7648761
1.871751 1.763558 -0.7648761
1.871751 1.763558 -0.7648761
1.871751 1.763558 -0.7648761
1.871751 1.763558 -0.7648761
1.871751 1.763558 -0.7648761
