0.8140816 1.035329 0.2806741
2.240176 1.028595 -1.63301
1.841931 0.08665471 -1.186908
1.841931 0.08665471 -1.186908
1.841931 0.08665471 -1.186908
1.841931 0.08665471 -1.186908
1.841931 0.08665471 -1.186908
1.841931 0.08665471 -1.186908
1.841931 0.08665471 -1.186908
1.841931 0.08665471 -1.186908
2.196134 0.5772455 -0.350697
2.196134 0.5772455 -0.350697
2.196134 0.5772455 -0.350697
2.196134 0.5772455 -0.350697
2.196134 0.5772455 -0.350697
2.196134 0.5772455 -0.350697
2.196134 0.5772455 -0.350697
2.196134 0.5772455 -0.350697
2.196134 0.5772455 -0.350697
2.196134 0.5772455 -0.350697
2.196134 0.5772455 -0.350697
2.196134 0.5772455 -0.350697
2.196134 0.5772455 -0.350697
2.196134 0.5772455 -0.350697
2.196134 0.5772455 -0.350697
2.196134 0.5772455 -0.350697
2.196134 0.5772455 -0.350697
2.196134 0.5772455 -0.350697
2.196134 0.5772455 -0.350697
1.636232 -0.04080433 0.7759305
1.636232 -0.04080433 0.7759305
1.636232 -0.04080433 0.7759305
1.636232 -0.04080433 0.7759305
1.636232 -0.04080433 0.7759305
1.636232 -0.04080433 0.7759305
1.636232 -0.04080433 0.7759305
1.636232 -0.04080433 0.7759305
1.636232 -0.04080433 0.7759305
1.636232 -0.04080433 0.7759305
1.636232 -0.04080433 0.7759305
1.636232 -0.04080433 0.7759305
1.636232 -0.04080433 0.7759305
1.636232 -0.04080433 0.7759305
1.636232 -0.04080433 0.7759305
1.636232 -0.04080433 0.7759305
1.636232 -0.04080433 0.7759305
1.636232 -0.04080433 0.7759305
1.636232 -0.04080433 0.7759305
1.636232 -0.04080433 0.7759305
1.636232 -0.04080433 0.7759305
1.636232 -0.04080433 0.7759305
1.636232 -0.04080433 0.7759305
1.636232 -0.04080433 0.7759305
1.636232 -0.04080433 0.7759305
1.636232 -0.04080433 0.7759305
1.636232 -0.04080433 0.7759305
1.636232 -0.04080433 0.7759305
1.636232 -0.04080433 0.7759305
1.636232 -0.04080433 0.7759305
1.636232 -0.04080433 0.7759305
1.636232 -0.04080433 0.7759305
1.636232 -0.04080433 0.7759305
1.636232 -0.04080433 0.7759305
1.567692 0.1122443 -0.6924756
1.567692 0.1122443 -0.6924756
1.567692 0.1122443 -0.6924756
1.567692 0.1122443 -0.6924756
1.567692 0.1122443 -0.6924756
1.567692 0.1122443 -0.6924756
1.567692 0.1122443 -0.6924756
1.567692 0.1122443 -0.6924756
1.567692 0.1122443 -0.6924756
1.567692 0.1122443 -0.6924756
1.567692 0.1122443 -0.6924756
1.567692 0.1122443 -0.6924756
1.567692 0.1122443 -0.6924756
1.567692 0.1122443 -0.6924756
1.567692 0.1122443 -0.6924756
1.567692 0.1122443 -0.6924756
1.488531 0.7025868 0.2075258
1.488531 0.7025868 0.2075258
1.488531 0.7025868 0.2075258
1.488531 0.7025868 0.2075258
1.488531 0.7025868 0.2075258
1.488531 0.7025868 0.2075258
1.488531 0.7025868 0.2075258
1.488531 0.7025868 0.2075258
1.488531 0.7025868 0.2075258
1.488531 0.7025868 0.2075258
1.488531 0.7025868 0.2075258
1.488531 0.7025868 0.2075258
1.488531 0.7025868 0.2075258
1.488531 0.7025868 0.2075258
1.488531 0.7025868 0.2075258
1.488531 0.7025868 0.2075258
1.488531 0.7025868 0.2075258
1.488531 0.7025868 0.2075258
1.851696 1.35323 0.1955767
1.851696 1.35323 0.1955767
1.851696 1.35323 0.1955767
1.851696 1.35323 0.1955767
1.851696 1.35323 0.1955767
1.851696 1.35323 0.1955767
1.851696 1.35323 0.1955767
1.842544 1.327541 0.2163449
1.842544 1.327541 0.2163449
1.842544 1.327541 0.2163449
1.842544 1.327541 0.2163449
1.842544 1.327541 0.2163449
1.842544 1.327541 0.2163449
1.842544 1.327541 0.2163449
1.842544 1.327541 0.2163449
1.842544 1.327541 0.2163449
1.842544 1.327541 0.2163449
1.758539 1.365937 0.2360039
1.758539 1.365937 0.2360039
1.758539 1.365937 0.2360039
1.758539 1.365937 0.2360039
1.758539 1.365937 0.2360039
1.758539 1.365937 0.2360039
1.758539 1.365937 0.2360039
1.758539 1.365937 0.2360039
1.758539 1.365937 0.2360039
1.758539 1.365937 0.2360039
1.758539 1.365937 0.2360039
1.758539 1.365937 0.2360039
1.758539 1.365937 0.2360039
1.758539 1.365937 0.2360039
1.758539 1.365937 0.2360039
1.758539 1.365937 0.2360039
1.758539 1.365937 0.2360039
1.758539 1.365937 0.2360039
1.758539 1.365937 0.2360039
1.758539 1.365937 0.2360039
1.758539 1.365937 0.2360039
1.758539 1.365937 0.2360039
1.758539 1.365937 0.2360039
1.758539 1.365937 0.2360039
1.758539 1.365937 0.2360039
1.758539 1.365937 0.2360039
1.758539 1.365937 0.2360039
1.758539 1.365937 0.2360039
1.758539 1.365937 0.2360039
1.758539 1.365937 0.2360039
1.758539 1.365937 0.2360039
1.758539 1.365937 0.2360039
1.758539 1.365937 0.2360039
1.758539 1.365937 0.2360039
1.758539 1.365937 0.2360039
1.758539 1.365937 0.2360039
1.758539 1.365937 0.2360039
1.758539 1.365937 0.2360039
1.758539 1.365937 0.2360039
1.758539 1.365937 0.2360039
1.758539 1.365937 0.2360039
1.758539 1.365937 0.2360039
1.758539 1.365937 0.2360039
1.758539 1.365937 0.2360039
2.050691 1.393329 -0.5185424
2.050691 1.393329 -0.5185424
2.050691 1.393329 -0.5185424
2.050691 1.393329 -0.5185424
2.050691 1.393329 -0.5185424
2.050691 1.393329 -0.5185424
2.050691 1.393329 -0.5185424
2.050691 1.393329 -0.5185424
1.63442 0.4079996 -0.09090963
1.63442 0.4079996 -0.09090963
1.63442 0.4079996 -0.09090963
1.63442 0.4079996 -0.09090963
1.63442 0.4079996 -0.09090963
1.63442 0.4079996 -0.09090963
1.63442 0.4079996 -0.09090963
1.63442 0.4079996 -0.09090963
1.63442 0.4079996 -0.09090963
1.63442 0.4079996 -0.09090963
1.63442 0.4079996 -0.09090963
1.63442 0.4079996 -0.09090963
1.63442 0.4079996 -0.09090963
1.63442 0.4079996 -0.09090963
1.63442 0.4079996 -0.09090963
1.63442 0.4079996 -0.09090963
1.63442 0.4079996 -0.09090963
1.63442 0.4079996 -0.09090963
1.63442 0.4079996 -0.09090963
1.63442 0.4079996 -0.09090963
1.63442 0.4079996 -0.09090963
1.63442 0.4079996 -0.09090963
1.63442 0.4079996 -0.09090963
1.63442 0.4079996 -0.09090963
1.63442 0.4079996 -0.09090963
1.63442 0.4079996 -0.09090963
1.63442 0.4079996 -0.09090963
1.63442 0.4079996 -0.09090963
1.63442 0.4079996 -0.09090963
1.63442 0.4079996 -0.09090963
1.63442 0.4079996 -0.09090963
1.63442 0.4079996 -0.09090963
1.63442 0.4079996 -0.09090963
1.63442 0.4079996 -0.09090963
1.63442 0.4079996 -0.09090963
1.63442 0.4079996 -0.09090963
1.63442 0.4079996 -0.09090963
1.63442 0.4079996 -0.09090963
1.63442 0.4079996 -0.09090963
1.63442 0.4079996 -0.09090963
1.63442 0.4079996 -0.09090963
1.63442 0.4079996 -0.09090963
1.63442 0.4079996 -0.09090963
1.63442 0.4079996 -0.09090963
1.63442 0.4079996 -0.09090963
1.63442 0.4079996 -0.09090963
1.63442 0.4079996 -0.09090963
1.63442 0.4079996 -0.09090963
1.63442 0.4079996 -0.09090963
1.63442 0.4079996 -0.09090963
1.63442 0.4079996 -0.09090963
1.63442 0.4079996 -0.09090963
1.63442 0.4079996 -0.09090963
1.63442 0.4079996 -0.09090963
1.63442 0.4079996 -0.09090963
1.63442 0.4079996 -0.09090963
1.63442 0.4079996 -0.09090963
1.63442 0.4079996 -0.09090963
1.63442 0.4079996 -0.09090963
1.63442 0.4079996 -0.09090963
1.63442 0.4079996 -0.09090963
1.63442 0.4079996 -0.09090963
1.63442 0.4079996 -0.09090963
1.63442 0.4079996 -0.09090963
1.63442 0.4079996 -0.09090963
1.63442 0.4079996 -0.09090963
1.63442 0.4079996 -0.09090963
1.63442 0.4079996 -0.09090963
1.63442 0.4079996 -0.09090963
1.63442 0.4079996 -0.09090963
1.63442 0.4079996 -0.09090963
1.63442 0.4079996 -0.09090963
1.63442 0.4079996 -0.09090963
1.529271 0.3544336 0.3754919
1.529271 0.3544336 0.3754919
1.529271 0.3544336 0.3754919
1.60591 0.552389 -0.8085537
1.60591 0.552389 -0.8085537
1.60591 0.552389 -0.8085537
1.60591 0.552389 -0.8085537
1.60591 0.552389 -0.8085537
1.60591 0.552389 -0.8085537
1.60591 0.552389 -0.8085537
1.60591 0.552389 -0.8085537
1.60591 0.552389 -0.8085537
1.60591 0.552389 -0.8085537
1.60591 0.552389 -0.8085537
2.13735 1.393063 -0.7614292
2.13735 1.393063 -0.7614292
2.13735 1.393063 -0.7614292
2.13735 1.393063 -0.7614292
2.13735 1.393063 -0.7614292
2.13735 1.393063 -0.7614292
2.13735 1.393063 -0.7614292
2.13735 1.393063 -0.7614292
2.13735 1.393063 -0.7614292
2.13735 1.393063 -0.7614292
2.13735 1.393063 -0.7614292
2.13735 1.393063 -0.7614292
2.13735 1.393063 -0.7614292
2.13735 1.393063 -0.7614292
2.13735 1.393063 -0.7614292
2.13735 1.393063 -0.7614292
2.13735 1.393063 -0.7614292
2.13735 1.393063 -0.7614292
2.13735 1.393063 -0.7614292
2.13735 1.393063 -0.7614292
2.13735 1.393063 -0.7614292
2.13735 1.393063 -0.7614292
2.13735 1.393063 -0.7614292
2.13735 1.393063 -0.7614292
2.13735 1.393063 -0.7614292
2.13735 1.393063 -0.7614292
2.13735 1.393063 -0.7614292
2.13735 1.393063 -0.7614292
2.13735 1.393063 -0.7614292
2.13735 1.393063 -0.7614292
2.13735 1.393063 -0.7614292
2.13735 1.393063 -0.7614292
2.13735 1.393063 -0.7614292
2.13735 1.393063 -0.7614292
2.13735 1.393063 -0.7614292
2.13735 1.393063 -0.7614292
2.13735 1.393063 -0.7614292
2.13735 1.393063 -0.7614292
2.13735 1.393063 -0.7614292
2.13735 1.393063 -0.7614292
2.13735 1.393063 -0.7614292
2.13735 1.393063 -0.7614292
2.13735 1.393063 -0.7614292
2.13735 1.393063 -0.7614292
2.13735 1.393063 -0.7614292
2.13735 1.393063 -0.7614292
2.13735 1.393063 -0.7614292
2.13735 1.393063 -0.7614292
2.13735 1.393063 -0.7614292
2.13735 1.393063 -0.7614292
2.13735 1.393063 -0.7614292
2.13735 1.393063 -0.7614292
2.13735 1.393063 -0.7614292
2.118214 1.116792 -0.8648173
2.118214 1.116792 -0.8648173
2.118214 1.116792 -0.8648173
2.118214 1.116792 -0.8648173
2.118214 1.116792 -0.8648173
2.118214 1.116792 -0.8648173
2.118214 1.116792 -0.8648173
2.118214 1.116792 -0.8648173
2.118214 1.116792 -0.8648173
2.118214 1.116792 -0.8648173
2.118214 1.116792 -0.8648173
2.118214 1.116792 -0.8648173
2.118214 1.116792 -0.8648173
2.118214 1.116792 -0.8648173
2.118214 1.116792 -0.8648173
2.118214 1.116792 -0.8648173
2.118214 1.116792 -0.8648173
2.118214 1.116792 -0.8648173
2.118214 1.116792 -0.8648173
2.118214 1.116792 -0.8648173
2.118214 1.116792 -0.8648173
2.118214 1.116792 -0.8648173
2.118214 1.116792 -0.8648173
2.118214 1.116792 -0.8648173
2.118214 1.116792 -0.8648173
2.118214 1.116792 -0.8648173
2.118214 1.116792 -0.8648173
2.118214 1.116792 -0.8648173
2.118214 1.116792 -0.8648173
2.118214 1.116792 -0.8648173
2.118214 1.116792 -0.8648173
2.118214 1.116792 -0.8648173
2.118214 1.116792 -0.8648173
2.118214 1.116792 -0.8648173
2.118214 1.116792 -0.8648173
2.118214 1.116792 -0.8648173
2.118214 1.116792 -0.8648173
2.118214 1.116792 -0.8648173
2.118214 1.116792 -0.8648173
2.118214 1.116792 -0.8648173
2.118214 1.116792 -0.8648173
2.118214 1.116792 -0.8648173
2.118214 1.116792 -0.8648173
2.118214 1.116792 -0.8648173
2.118214 1.116792 -0.8648173
2.118214 1.116792 -0.8648173
2.118214 1.116792 -0.8648173
2.118214 1.116792 -0.8648173
2.118214 1.116792 -0.8648173
2.118214 1.116792 -0.8648173
2.118214 1.116792 -0.8648173
2.118214 1.116792 -0.8648173
2.118214 1.116792 -0.8648173
2.118214 1.116792 -0.8648173
2.118214 1.116792 -0.8648173
2.118214 1.116792 -0.8648173
2.118214 1.116792 -0.8648173
2.118214 1.116792 -0.8648173
2.118214 1.116792 -0.8648173
2.118214 1.116792 -0.8648173
2.118214 1.116792 -0.8648173
2.118214 1.116792 -0.8648173
2.118214 1.116792 -0.8648173
2.118214 1.116792 -0.8648173
2.118214 1.116792 -0.8648173
2.118214 1.116792 -0.8648173
2.118214 1.116792 -0.8648173
2.118214 1.116792 -0.8648173
2.118214 1.116792 -0.8648173
2.118214 1.116792 -0.8648173
2.118214 1.116792 -0.8648173
2.118214 1.116792 -0.8648173
2.118214 1.116792 -0.8648173
2.118214 1.116792 -0.8648173
2.118214 1.116792 -0.8648173
2.118214 1.116792 -0.8648173
2.118214 1.116792 -0.8648173
2.118214 1.116792 -0.8648173
2.118214 1.116792 -0.8648173
2.118214 1.116792 -0.8648173
2.118214 1.116792 -0.8648173
2.118214 1.116792 -0.8648173
2.118214 1.116792 -0.8648173
2.118214 1.116792 -0.8648173
2.118214 1.116792 -0.8648173
2.118214 1.116792 -0.8648173
2.118214 1.116792 -0.8648173
2.118214 1.116792 -0.8648173
2.118214 1.116792 -0.8648173
2.118214 1.116792 -0.8648173
2.118214 1.116792 -0.8648173
2.118214 1.116792 -0.8648173
2.118214 1.116792 -0.8648173
2.118214 1.116792 -0.8648173
2.118214 1.116792 -0.8648173
2.118214 1.116792 -0.8648173
2.118214 1.116792 -0.8648173
2.118214 1.116792 -0.8648173
2.118214 1.116792 -0.8648173
2.118214 1.116792 -0.8648173
2.118214 1.116792 -0.8648173
2.118214 1.116792 -0.8648173
2.118214 1.116792 -0.8648173
2.118214 1.116792 -0.8648173
2.118214 1.116792 -0.8648173
2.118214 1.116792 -0.8648173
2.118214 1.116792 -0.8648173
2.118214 1.116792 -0.8648173
2.118214 1.116792 -0.8648173
2.118214 1.116792 -0.8648173
2.118214 1.116792 -0.8648173
2.118214 1.116792 -0.8648173
2.118214 1.116792 -0.8648173
2.118214 1.116792 -0.8648173
2.118214 1.116792 -0.8648173
2.118214 1.116792 -0.8648173
2.118214 1.116792 -0.8648173
2.118214 1.116792 -0.8648173
2.118214 1.116792 -0.8648173
2.118214 1.116792 -0.8648173
2.118214 1.116792 -0.8648173
2.118214 1.116792 -0.8648173
2.118214 1.116792 -0.8648173
2.118214 1.116792 -0.8648173
2.118214 1.116792 -0.8648173
2.118214 1.116792 -0.8648173
2.118214 1.116792 -0.8648173
2.184872 1.209597 -0.9171071
2.184872 1.209597 -0.9171071
2.184872 1.209597 -0.9171071
2.184872 1.209597 -0.9171071
2.184872 1.209597 -0.9171071
2.184872 1.209597 -0.9171071
2.184872 1.209597 -0.9171071
2.184872 1.209597 -0.9171071
1.973357 0.7418707 -0.5751022
1.973357 0.7418707 -0.5751022
1.973357 0.7418707 -0.5751022
1.973357 0.7418707 -0.5751022
1.973357 0.7418707 -0.5751022
1.973357 0.7418707 -0.5751022
1.973357 0.7418707 -0.5751022
1.973357 0.7418707 -0.5751022
1.973357 0.7418707 -0.5751022
1.973357 0.7418707 -0.5751022
1.973357 0.7418707 -0.5751022
1.973357 0.7418707 -0.5751022
1.973357 0.7418707 -0.5751022
1.973357 0.7418707 -0.5751022
1.973357 0.7418707 -0.5751022
1.973357 0.7418707 -0.5751022
1.973357 0.7418707 -0.5751022
1.973357 0.7418707 -0.5751022
1.973357 0.7418707 -0.5751022
1.973357 0.7418707 -0.5751022
1.973357 0.7418707 -0.5751022
1.973357 0.7418707 -0.5751022
1.973357 0.7418707 -0.5751022
1.973357 0.7418707 -0.5751022
1.973357 0.7418707 -0.5751022
1.973357 0.7418707 -0.5751022
1.973357 0.7418707 -0.5751022
1.973357 0.7418707 -0.5751022
1.973357 0.7418707 -0.5751022
1.973357 0.7418707 -0.5751022
2.15702 1.235147 -1.047039
2.15702 1.235147 -1.047039
2.15702 1.235147 -1.047039
2.15702 1.235147 -1.047039
2.15702 1.235147 -1.047039
1.943986 0.5873899 -0.750196
1.943986 0.5873899 -0.750196
1.943986 0.5873899 -0.750196
1.943986 0.5873899 -0.750196
1.943986 0.5873899 -0.750196
1.943986 0.5873899 -0.750196
1.943986 0.5873899 -0.750196
1.943986 0.5873899 -0.750196
1.943986 0.5873899 -0.750196
1.943986 0.5873899 -0.750196
1.943986 0.5873899 -0.750196
1.943986 0.5873899 -0.750196
1.64103 0.04102818 -0.2044236
1.64103 0.04102818 -0.2044236
1.82494 0.6454875 -0.8251258
1.82494 0.6454875 -0.8251258
1.82494 0.6454875 -0.8251258
1.82494 0.6454875 -0.8251258
1.82494 0.6454875 -0.8251258
1.82494 0.6454875 -0.8251258
1.82494 0.6454875 -0.8251258
1.82494 0.6454875 -0.8251258
1.82494 0.6454875 -0.8251258
1.82494 0.6454875 -0.8251258
1.82494 0.6454875 -0.8251258
1.82494 0.6454875 -0.8251258
1.82494 0.6454875 -0.8251258
1.82494 0.6454875 -0.8251258
1.82494 0.6454875 -0.8251258
1.82494 0.6454875 -0.8251258
1.82494 0.6454875 -0.8251258
1.82494 0.6454875 -0.8251258
1.82494 0.6454875 -0.8251258
1.82494 0.6454875 -0.8251258
1.82494 0.6454875 -0.8251258
1.900729 0.9948577 -0.5138524
1.900729 0.9948577 -0.5138524
1.900729 0.9948577 -0.5138524
1.900729 0.9948577 -0.5138524
1.900729 0.9948577 -0.5138524
1.900729 0.9948577 -0.5138524
1.900729 0.9948577 -0.5138524
1.900729 0.9948577 -0.5138524
1.900729 0.9948577 -0.5138524
1.900729 0.9948577 -0.5138524
1.900729 0.9948577 -0.5138524
1.900729 0.9948577 -0.5138524
1.900729 0.9948577 -0.5138524
1.900729 0.9948577 -0.5138524
1.900729 0.9948577 -0.5138524
1.900729 0.9948577 -0.5138524
1.900729 0.9948577 -0.5138524
1.900729 0.9948577 -0.5138524
1.900729 0.9948577 -0.5138524
1.900729 0.9948577 -0.5138524
1.900729 0.9948577 -0.5138524
1.900729 0.9948577 -0.5138524
1.900729 0.9948577 -0.5138524
1.900729 0.9948577 -0.5138524
1.900729 0.9948577 -0.5138524
1.900729 0.9948577 -0.5138524
1.900729 0.9948577 -0.5138524
1.900729 0.9948577 -0.5138524
1.900729 0.9948577 -0.5138524
1.900729 0.9948577 -0.5138524
1.900729 0.9948577 -0.5138524
1.900729 0.9948577 -0.5138524
1.900729 0.9948577 -0.5138524
1.900729 0.9948577 -0.5138524
1.900729 0.9948577 -0.5138524
1.900729 0.9948577 -0.5138524
1.900729 0.9948577 -0.5138524
1.900729 0.9948577 -0.5138524
1.900729 0.9948577 -0.5138524
1.900729 0.9948577 -0.5138524
1.900729 0.9948577 -0.5138524
1.900729 0.9948577 -0.5138524
1.900729 0.9948577 -0.5138524
1.900729 0.9948577 -0.5138524
1.900729 0.9948577 -0.5138524
1.900729 0.9948577 -0.5138524
1.900729 0.9948577 -0.5138524
1.900729 0.9948577 -0.5138524
1.900729 0.9948577 -0.5138524
1.900729 0.9948577 -0.5138524
1.900729 0.9948577 -0.5138524
1.900729 0.9948577 -0.5138524
1.900729 0.9948577 -0.5138524
1.900729 0.9948577 -0.5138524
1.900729 0.9948577 -0.5138524
1.900729 0.9948577 -0.5138524
1.900729 0.9948577 -0.5138524
1.900729 0.9948577 -0.5138524
1.900729 0.9948577 -0.5138524
1.900729 0.9948577 -0.5138524
1.900729 0.9948577 -0.5138524
1.900729 0.9948577 -0.5138524
1.900729 0.9948577 -0.5138524
1.900729 0.9948577 -0.5138524
1.900729 0.9948577 -0.5138524
1.900729 0.9948577 -0.5138524
1.900729 0.9948577 -0.5138524
1.900729 0.9948577 -0.5138524
1.900729 0.9948577 -0.5138524
1.900729 0.9948577 -0.5138524
1.900729 0.9948577 -0.5138524
1.900729 0.9948577 -0.5138524
1.900729 0.9948577 -0.5138524
1.900729 0.9948577 -0.5138524
1.900729 0.9948577 -0.5138524
1.900729 0.9948577 -0.5138524
1.900729 0.9948577 -0.5138524
1.900729 0.9948577 -0.5138524
1.900729 0.9948577 -0.5138524
1.900729 0.9948577 -0.5138524
1.900729 0.9948577 -0.5138524
1.900729 0.9948577 -0.5138524
1.900729 0.9948577 -0.5138524
1.900729 0.9948577 -0.5138524
1.900729 0.9948577 -0.5138524
1.900729 0.9948577 -0.5138524
1.900729 0.9948577 -0.5138524
1.900729 0.9948577 -0.5138524
1.900729 0.9948577 -0.5138524
1.900729 0.9948577 -0.5138524
1.900729 0.9948577 -0.5138524
1.900729 0.9948577 -0.5138524
1.900729 0.9948577 -0.5138524
1.900729 0.9948577 -0.5138524
1.900729 0.9948577 -0.5138524
1.900729 0.9948577 -0.5138524
1.900729 0.9948577 -0.5138524
1.900729 0.9948577 -0.5138524
1.900729 0.9948577 -0.5138524
1.900729 0.9948577 -0.5138524
1.900729 0.9948577 -0.5138524
1.900729 0.9948577 -0.5138524
1.900729 0.9948577 -0.5138524
1.900729 0.9948577 -0.5138524
1.900729 0.9948577 -0.5138524
1.900729 0.9948577 -0.5138524
1.900729 0.9948577 -0.5138524
1.900729 0.9948577 -0.5138524
1.900729 0.9948577 -0.5138524
1.900729 0.9948577 -0.5138524
1.900729 0.9948577 -0.5138524
1.900729 0.9948577 -0.5138524
1.900729 0.9948577 -0.5138524
1.900729 0.9948577 -0.5138524
1.900729 0.9948577 -0.5138524
1.900729 0.9948577 -0.5138524
1.900729 0.9948577 -0.5138524
1.900729 0.9948577 -0.5138524
1.900729 0.9948577 -0.5138524
1.900729 0.9948577 -0.5138524
1.900729 0.9948577 -0.5138524
1.900729 0.9948577 -0.5138524
1.900729 0.9948577 -0.5138524
1.900729 0.9948577 -0.5138524
1.900729 0.9948577 -0.5138524
1.900729 0.9948577 -0.5138524
1.900729 0.9948577 -0.5138524
1.900729 0.9948577 -0.5138524
1.900729 0.9948577 -0.5138524
1.900729 0.9948577 -0.5138524
1.900729 0.9948577 -0.5138524
1.900729 0.9948577 -0.5138524
1.900729 0.9948577 -0.5138524
1.900729 0.9948577 -0.5138524
1.900729 0.9948577 -0.5138524
2.01486 1.57159 -0.6404508
2.01486 1.57159 -0.6404508
2.01486 1.57159 -0.6404508
2.01486 1.57159 -0.6404508
2.01486 1.57159 -0.6404508
2.01486 1.57159 -0.6404508
2.01486 1.57159 -0.6404508
2.01486 1.57159 -0.6404508
2.01486 1.57159 -0.6404508
2.01486 1.57159 -0.6404508
2.01486 1.57159 -0.6404508
2.01486 1.57159 -0.6404508
2.01486 1.57159 -0.6404508
2.01486 1.57159 -0.6404508
2.01486 1.57159 -0.6404508
2.01486 1.57159 -0.6404508
2.01486 1.57159 -0.6404508
2.01486 1.57159 -0.6404508
2.01486 1.57159 -0.6404508
2.01486 1.57159 -0.6404508
2.01486 1.57159 -0.6404508
2.01486 1.57159 -0.6404508
2.01486 1.57159 -0.6404508
2.01486 1.57159 -0.6404508
2.01486 1.57159 -0.6404508
2.01486 1.57159 -0.6404508
2.01486 1.57159 -0.6404508
2.01486 1.57159 -0.6404508
2.01486 1.57159 -0.6404508
2.01486 1.57159 -0.6404508
2.01486 1.57159 -0.6404508
2.01486 1.57159 -0.6404508
2.01486 1.57159 -0.6404508
2.01486 1.57159 -0.6404508
2.01486 1.57159 -0.6404508
2.01486 1.57159 -0.6404508
2.01486 1.57159 -0.6404508
2.01486 1.57159 -0.6404508
2.01486 1.57159 -0.6404508
2.01486 1.57159 -0.6404508
2.01486 1.57159 -0.6404508
2.01486 1.57159 -0.6404508
2.01486 1.57159 -0.6404508
2.01486 1.57159 -0.6404508
2.01486 1.57159 -0.6404508
2.01486 1.57159 -0.6404508
2.01486 1.57159 -0.6404508
2.01486 1.57159 -0.6404508
2.01486 1.57159 -0.6404508
2.01486 1.57159 -0.6404508
2.01486 1.57159 -0.6404508
2.01486 1.57159 -0.6404508
2.01486 1.57159 -0.6404508
2.01486 1.57159 -0.6404508
2.01486 1.57159 -0.6404508
2.01486 1.57159 -0.6404508
2.01486 1.57159 -0.6404508
2.01486 1.57159 -0.6404508
2.01486 1.57159 -0.6404508
2.01486 1.57159 -0.6404508
2.01486 1.57159 -0.6404508
2.01486 1.57159 -0.6404508
2.01486 1.57159 -0.6404508
2.01486 1.57159 -0.6404508
2.01486 1.57159 -0.6404508
2.01486 1.57159 -0.6404508
2.01486 1.57159 -0.6404508
2.01486 1.57159 -0.6404508
2.01486 1.57159 -0.6404508
2.01486 1.57159 -0.6404508
2.01486 1.57159 -0.6404508
2.01486 1.57159 -0.6404508
2.01486 1.57159 -0.6404508
2.01486 1.57159 -0.6404508
2.01486 1.57159 -0.6404508
2.01486 1.57159 -0.6404508
2.01486 1.57159 -0.6404508
2.01486 1.57159 -0.6404508
2.01486 1.57159 -0.6404508
2.01486 1.57159 -0.6404508
2.01486 1.57159 -0.6404508
2.01486 1.57159 -0.6404508
2.01486 1.57159 -0.6404508
2.01486 1.57159 -0.6404508
2.01486 1.57159 -0.6404508
2.01486 1.57159 -0.6404508
2.01486 1.57159 -0.6404508
2.01486 1.57159 -0.6404508
2.01486 1.57159 -0.6404508
2.01486 1.57159 -0.6404508
2.01486 1.57159 -0.6404508
2.01486 1.57159 -0.6404508
2.01486 1.57159 -0.6404508
2.01486 1.57159 -0.6404508
2.01486 1.57159 -0.6404508
2.01486 1.57159 -0.6404508
2.01486 1.57159 -0.6404508
2.01486 1.57159 -0.6404508
2.01486 1.57159 -0.6404508
2.01486 1.57159 -0.6404508
2.01486 1.57159 -0.6404508
2.01486 1.57159 -0.6404508
2.01486 1.57159 -0.6404508
2.01486 1.57159 -0.6404508
2.01486 1.57159 -0.6404508
2.01486 1.57159 -0.6404508
2.01486 1.57159 -0.6404508
2.01486 1.57159 -0.6404508
2.01486 1.57159 -0.6404508
2.01486 1.57159 -0.6404508
2.01486 1.57159 -0.6404508
2.01486 1.57159 -0.6404508
2.01486 1.57159 -0.6404508
2.01486 1.57159 -0.6404508
2.01486 1.57159 -0.6404508
2.01486 1.57159 -0.6404508
2.01486 1.57159 -0.6404508
2.01486 1.57159 -0.6404508
2.01486 1.57159 -0.6404508
2.01486 1.57159 -0.6404508
2.01486 1.57159 -0.6404508
2.01486 1.57159 -0.6404508
2.01486 1.57159 -0.6404508
2.01486 1.57159 -0.6404508
2.01486 1.57159 -0.6404508
2.01486 1.57159 -0.6404508
2.01486 1.57159 -0.6404508
2.01486 1.57159 -0.6404508
2.01486 1.57159 -0.6404508
2.01486 1.57159 -0.6404508
2.01486 1.57159 -0.6404508
2.01486 1.57159 -0.6404508
2.01486 1.57159 -0.6404508
2.01486 1.57159 -0.6404508
2.01486 1.57159 -0.6404508
2.01486 1.57159 -0.6404508
2.01486 1.57159 -0.6404508
2.01486 1.57159 -0.6404508
2.01486 1.57159 -0.6404508
2.01486 1.57159 -0.6404508
2.01486 1.57159 -0.6404508
2.01486 1.57159 -0.6404508
2.01486 1.57159 -0.6404508
2.01486 1.57159 -0.6404508
2.01486 1.57159 -0.6404508
2.01486 1.57159 -0.6404508
2.01486 1.57159 -0.6404508
2.01486 1.57159 -0.6404508
2.01486 1.57159 -0.6404508
2.01486 1.57159 -0.6404508
2.01486 1.57159 -0.6404508
2.01486 1.57159 -0.6404508
2.01486 1.57159 -0.6404508
2.01486 1.57159 -0.6404508
2.01486 1.57159 -0.6404508
2.01486 1.57159 -0.6404508
2.01486 1.57159 -0.6404508
2.01486 1.57159 -0.6404508
2.01486 1.57159 -0.6404508
2.01486 1.57159 -0.6404508
2.01486 1.57159 -0.6404508
2.01486 1.57159 -0.6404508
2.01486 1.57159 -0.6404508
2.01486 1.57159 -0.6404508
2.01486 1.57159 -0.6404508
2.01486 1.57159 -0.6404508
2.01486 1.57159 -0.6404508
2.01486 1.57159 -0.6404508
2.01486 1.57159 -0.6404508
2.01486 1.57159 -0.6404508
2.01486 1.57159 -0.6404508
2.01486 1.57159 -0.6404508
2.01486 1.57159 -0.6404508
2.01486 1.57159 -0.6404508
2.01486 1.57159 -0.6404508
2.01486 1.57159 -0.6404508
2.01486 1.57159 -0.6404508
2.01486 1.57159 -0.6404508
2.01486 1.57159 -0.6404508
2.01486 1.57159 -0.6404508
2.01486 1.57159 -0.6404508
2.01486 1.57159 -0.6404508
2.01486 1.57159 -0.6404508
2.01486 1.57159 -0.6404508
2.01486 1.57159 -0.6404508
2.01486 1.57159 -0.6404508
2.01486 1.57159 -0.6404508
2.01486 1.57159 -0.6404508
2.01486 1.57159 -0.6404508
2.01486 1.57159 -0.6404508
2.01486 1.57159 -0.6404508
1.974527 1.596904 -0.1510679
1.974527 1.596904 -0.1510679
1.974527 1.596904 -0.1510679
1.974527 1.596904 -0.1510679
1.974527 1.596904 -0.1510679
1.974527 1.596904 -0.1510679
1.974527 1.596904 -0.1510679
1.974527 1.596904 -0.1510679
1.974527 1.596904 -0.1510679
1.974527 1.596904 -0.1510679
1.974527 1.596904 -0.1510679
1.974527 1.596904 -0.1510679
1.974527 1.596904 -0.1510679
1.974527 1.596904 -0.1510679
1.974527 1.596904 -0.1510679
2.393705 2.093511 -1.054704
2.393705 2.093511 -1.054704
2.393705 2.093511 -1.054704
2.393705 2.093511 -1.054704
2.393705 2.093511 -1.054704
2.393705 2.093511 -1.054704
2.393705 2.093511 -1.054704
2.393705 2.093511 -1.054704
2.393705 2.093511 -1.054704
2.393705 2.093511 -1.054704
2.393705 2.093511 -1.054704
2.393705 2.093511 -1.054704
2.393705 2.093511 -1.054704
2.393705 2.093511 -1.054704
2.393705 2.093511 -1.054704
2.393705 2.093511 -1.054704
2.393705 2.093511 -1.054704
2.393705 2.093511 -1.054704
2.393705 2.093511 -1.054704
2.393705 2.093511 -1.054704
2.393705 2.093511 -1.054704
2.393705 2.093511 -1.054704
2.187399 2.175906 -0.516362
2.187399 2.175906 -0.516362
2.187399 2.175906 -0.516362
2.187399 2.175906 -0.516362
2.187399 2.175906 -0.516362
2.187399 2.175906 -0.516362
2.187399 2.175906 -0.516362
2.187399 2.175906 -0.516362
2.187399 2.175906 -0.516362
2.187399 2.175906 -0.516362
2.187399 2.175906 -0.516362
2.187399 2.175906 -0.516362
2.187399 2.175906 -0.516362
2.187399 2.175906 -0.516362
2.187399 2.175906 -0.516362
2.187399 2.175906 -0.516362
2.187399 2.175906 -0.516362
2.187399 2.175906 -0.516362
2.187399 2.175906 -0.516362
2.187399 2.175906 -0.516362
2.187399 2.175906 -0.516362
2.187399 2.175906 -0.516362
2.187399 2.175906 -0.516362
2.187399 2.175906 -0.516362
2.187399 2.175906 -0.516362
2.187399 2.175906 -0.516362
2.187399 2.175906 -0.516362
2.187399 2.175906 -0.516362
2.187399 2.175906 -0.516362
2.187399 2.175906 -0.516362
2.187399 2.175906 -0.516362
2.187399 2.175906 -0.516362
2.187399 2.175906 -0.516362
2.187399 2.175906 -0.516362
2.187399 2.175906 -0.516362
2.187399 2.175906 -0.516362
2.187399 2.175906 -0.516362
2.187399 2.175906 -0.516362
2.187399 2.175906 -0.516362
2.187399 2.175906 -0.516362
2.187399 2.175906 -0.516362
2.187399 2.175906 -0.516362
2.187399 2.175906 -0.516362
2.187399 2.175906 -0.516362
2.187399 2.175906 -0.516362
2.187399 2.175906 -0.516362
2.187399 2.175906 -0.516362
2.187399 2.175906 -0.516362
2.187399 2.175906 -0.516362
2.187399 2.175906 -0.516362
2.187399 2.175906 -0.516362
2.187399 2.175906 -0.516362
2.187399 2.175906 -0.516362
2.187399 2.175906 -0.516362
2.187399 2.175906 -0.516362
2.187399 2.175906 -0.516362
2.187399 2.175906 -0.516362
2.187399 2.175906 -0.516362
2.187399 2.175906 -0.516362
2.187399 2.175906 -0.516362
2.187399 2.175906 -0.516362
2.187399 2.175906 -0.516362
2.187399 2.175906 -0.516362
1.91919 1.623949 -0.1877627
1.91919 1.623949 -0.1877627
1.91919 1.623949 -0.1877627
1.91919 1.623949 -0.1877627
1.91919 1.623949 -0.1877627
1.961991 1.502146 -0.8250288
1.961991 1.502146 -0.8250288
1.961991 1.502146 -0.8250288
1.961991 1.502146 -0.8250288
1.961991 1.502146 -0.8250288
1.961991 1.502146 -0.8250288
1.961991 1.502146 -0.8250288
1.961991 1.502146 -0.8250288
1.961991 1.502146 -0.8250288
1.961991 1.502146 -0.8250288
1.961991 1.502146 -0.8250288
1.961991 1.502146 -0.8250288
1.961991 1.502146 -0.8250288
1.961991 1.502146 -0.8250288
1.961991 1.502146 -0.8250288
1.961991 1.502146 -0.8250288
1.961991 1.502146 -0.8250288
1.961991 1.502146 -0.8250288
1.961991 1.502146 -0.8250288
1.961991 1.502146 -0.8250288
1.961991 1.502146 -0.8250288
1.961991 1.502146 -0.8250288
1.961991 1.502146 -0.8250288
1.961991 1.502146 -0.8250288
2.111052 1.135243 -0.5839641
2.111052 1.135243 -0.5839641
2.111052 1.135243 -0.5839641
2.111052 1.135243 -0.5839641
2.111052 1.135243 -0.5839641
2.111052 1.135243 -0.5839641
2.111052 1.135243 -0.5839641
2.111052 1.135243 -0.5839641
1.927393 1.058676 -0.85936
1.927393 1.058676 -0.85936
1.927393 1.058676 -0.85936
1.927393 1.058676 -0.85936
1.927393 1.058676 -0.85936
1.927393 1.058676 -0.85936
1.927393 1.058676 -0.85936
1.939058 1.134518 -0.8131019
1.939058 1.134518 -0.8131019
1.939058 1.134518 -0.8131019
1.939058 1.134518 -0.8131019
1.939058 1.134518 -0.8131019
1.939058 1.134518 -0.8131019
1.939058 1.134518 -0.8131019
1.939058 1.134518 -0.8131019
1.939058 1.134518 -0.8131019
1.939058 1.134518 -0.8131019
1.939058 1.134518 -0.8131019
1.939058 1.134518 -0.8131019
1.939058 1.134518 -0.8131019
1.939058 1.134518 -0.8131019
1.939058 1.134518 -0.8131019
1.939058 1.134518 -0.8131019
1.939058 1.134518 -0.8131019
1.939058 1.134518 -0.8131019
1.939058 1.134518 -0.8131019
1.939058 1.134518 -0.8131019
1.939058 1.134518 -0.8131019
1.939058 1.134518 -0.8131019
1.939058 1.134518 -0.8131019
1.939058 1.134518 -0.8131019
1.939058 1.134518 -0.8131019
1.939058 1.134518 -0.8131019
1.939058 1.134518 -0.8131019
1.939058 1.134518 -0.8131019
1.939058 1.134518 -0.8131019
1.939058 1.134518 -0.8131019
1.939058 1.134518 -0.8131019
1.939058 1.134518 -0.8131019
1.939058 1.134518 -0.8131019
1.939058 1.134518 -0.8131019
1.939058 1.134518 -0.8131019
1.939058 1.134518 -0.8131019
1.939058 1.134518 -0.8131019
1.939058 1.134518 -0.8131019
1.939058 1.134518 -0.8131019
1.939058 1.134518 -0.8131019
1.939058 1.134518 -0.8131019
1.939058 1.134518 -0.8131019
1.939058 1.134518 -0.8131019
1.939058 1.134518 -0.8131019
1.939058 1.134518 -0.8131019
1.939058 1.134518 -0.8131019
1.939058 1.134518 -0.8131019
1.939058 1.134518 -0.8131019
1.939058 1.134518 -0.8131019
1.939058 1.134518 -0.8131019
1.939058 1.134518 -0.8131019
1.939058 1.134518 -0.8131019
1.939058 1.134518 -0.8131019
1.939058 1.134518 -0.8131019
1.939058 1.134518 -0.8131019
1.939058 1.134518 -0.8131019
1.939058 1.134518 -0.8131019
1.939058 1.134518 -0.8131019
1.939058 1.134518 -0.8131019
1.939058 1.134518 -0.8131019
1.939058 1.134518 -0.8131019
1.939058 1.134518 -0.8131019
1.939058 1.134518 -0.8131019
1.939058 1.134518 -0.8131019
1.939058 1.134518 -0.8131019
1.939058 1.134518 -0.8131019
1.939058 1.134518 -0.8131019
1.939058 1.134518 -0.8131019
1.939058 1.134518 -0.8131019
1.939058 1.134518 -0.8131019
1.939058 1.134518 -0.8131019
1.939058 1.134518 -0.8131019
1.939058 1.134518 -0.8131019
1.939058 1.134518 -0.8131019
1.939058 1.134518 -0.8131019
1.939058 1.134518 -0.8131019
1.939058 1.134518 -0.8131019
1.939058 1.134518 -0.8131019
1.939058 1.134518 -0.8131019
1.939058 1.134518 -0.8131019
1.939058 1.134518 -0.8131019
1.939058 1.134518 -0.8131019
1.939058 1.134518 -0.8131019
1.939058 1.134518 -0.8131019
1.939058 1.134518 -0.8131019
1.939058 1.134518 -0.8131019
1.939058 1.134518 -0.8131019
1.939058 1.134518 -0.8131019
1.939058 1.134518 -0.8131019
1.939058 1.134518 -0.8131019
1.939058 1.134518 -0.8131019
1.939058 1.134518 -0.8131019
1.939058 1.134518 -0.8131019
1.939058 1.134518 -0.8131019
1.939058 1.134518 -0.8131019
1.939058 1.134518 -0.8131019
1.939058 1.134518 -0.8131019
1.939058 1.134518 -0.8131019
1.939058 1.134518 -0.8131019
1.939058 1.134518 -0.8131019
1.939058 1.134518 -0.8131019
1.939058 1.134518 -0.8131019
1.939058 1.134518 -0.8131019
1.939058 1.134518 -0.8131019
1.939058 1.134518 -0.8131019
1.939058 1.134518 -0.8131019
1.9585 1.372907 -0.1917926
1.9585 1.372907 -0.1917926
1.9585 1.372907 -0.1917926
1.9585 1.372907 -0.1917926
1.9585 1.372907 -0.1917926
1.9585 1.372907 -0.1917926
1.9585 1.372907 -0.1917926
1.9585 1.372907 -0.1917926
1.9585 1.372907 -0.1917926
1.9585 1.372907 -0.1917926
1.9585 1.372907 -0.1917926
1.9585 1.372907 -0.1917926
1.9585 1.372907 -0.1917926
1.9585 1.372907 -0.1917926
2.081555 1.162004 -1.070938
2.081555 1.162004 -1.070938
2.081555 1.162004 -1.070938
2.081555 1.162004 -1.070938
2.081555 1.162004 -1.070938
2.081555 1.162004 -1.070938
2.081555 1.162004 -1.070938
2.081555 1.162004 -1.070938
2.081555 1.162004 -1.070938
2.081555 1.162004 -1.070938
2.081555 1.162004 -1.070938
2.081555 1.162004 -1.070938
2.081555 1.162004 -1.070938
2.081555 1.162004 -1.070938
2.081555 1.162004 -1.070938
2.081555 1.162004 -1.070938
2.081555 1.162004 -1.070938
2.081555 1.162004 -1.070938
2.081555 1.162004 -1.070938
2.081555 1.162004 -1.070938
2.081555 1.162004 -1.070938
2.081555 1.162004 -1.070938
2.081555 1.162004 -1.070938
2.310799 2.055425 -0.7857015
2.310799 2.055425 -0.7857015
2.310799 2.055425 -0.7857015
2.310799 2.055425 -0.7857015
2.310799 2.055425 -0.7857015
2.310799 2.055425 -0.7857015
2.310799 2.055425 -0.7857015
2.310799 2.055425 -0.7857015
2.310799 2.055425 -0.7857015
2.310799 2.055425 -0.7857015
2.310799 2.055425 -0.7857015
2.310799 2.055425 -0.7857015
2.310799 2.055425 -0.7857015
2.310799 2.055425 -0.7857015
2.310799 2.055425 -0.7857015
2.310799 2.055425 -0.7857015
2.310799 2.055425 -0.7857015
2.310799 2.055425 -0.7857015
2.310799 2.055425 -0.7857015
2.310799 2.055425 -0.7857015
2.310799 2.055425 -0.7857015
2.310799 2.055425 -0.7857015
2.310799 2.055425 -0.7857015
2.310799 2.055425 -0.7857015
2.310799 2.055425 -0.7857015
2.310799 2.055425 -0.7857015
2.310799 2.055425 -0.7857015
2.310799 2.055425 -0.7857015
2.310799 2.055425 -0.7857015
2.310799 2.055425 -0.7857015
2.310799 2.055425 -0.7857015
2.310799 2.055425 -0.7857015
2.310799 2.055425 -0.7857015
2.310799 2.055425 -0.7857015
2.310799 2.055425 -0.7857015
2.310799 2.055425 -0.7857015
2.310799 2.055425 -0.7857015
2.310799 2.055425 -0.7857015
2.310799 2.055425 -0.7857015
2.310799 2.055425 -0.7857015
2.310799 2.055425 -0.7857015
2.310799 2.055425 -0.7857015
2.310799 2.055425 -0.7857015
2.310799 2.055425 -0.7857015
2.310799 2.055425 -0.7857015
2.310799 2.055425 -0.7857015
2.310799 2.055425 -0.7857015
2.310799 2.055425 -0.7857015
2.310799 2.055425 -0.7857015
2.310799 2.055425 -0.7857015
2.310799 2.055425 -0.7857015
2.310799 2.055425 -0.7857015
2.310799 2.055425 -0.7857015
2.310799 2.055425 -0.7857015
2.310799 2.055425 -0.7857015
2.310799 2.055425 -0.7857015
2.310799 2.055425 -0.7857015
2.310799 2.055425 -0.7857015
2.310799 2.055425 -0.7857015
2.310799 2.055425 -0.7857015
2.310799 2.055425 -0.7857015
2.310799 2.055425 -0.7857015
2.310799 2.055425 -0.7857015
2.310799 2.055425 -0.7857015
2.310799 2.055425 -0.7857015
2.310799 2.055425 -0.7857015
2.310799 2.055425 -0.7857015
2.310799 2.055425 -0.7857015
2.310799 2.055425 -0.7857015
2.310799 2.055425 -0.7857015
2.310799 2.055425 -0.7857015
2.310799 2.055425 -0.7857015
2.310799 2.055425 -0.7857015
2.310799 2.055425 -0.7857015
2.310799 2.055425 -0.7857015
2.310799 2.055425 -0.7857015
2.310799 2.055425 -0.7857015
2.156113 2.256604 -0.2879791
2.156113 2.256604 -0.2879791
2.156113 2.256604 -0.2879791
2.156113 2.256604 -0.2879791
2.156113 2.256604 -0.2879791
2.156113 2.256604 -0.2879791
2.156113 2.256604 -0.2879791
2.156113 2.256604 -0.2879791
2.156113 2.256604 -0.2879791
2.156113 2.256604 -0.2879791
2.156113 2.256604 -0.2879791
2.156113 2.256604 -0.2879791
2.156113 2.256604 -0.2879791
2.156113 2.256604 -0.2879791
2.156113 2.256604 -0.2879791
2.156113 2.256604 -0.2879791
2.156113 2.256604 -0.2879791
2.156113 2.256604 -0.2879791
2.156113 2.256604 -0.2879791
2.156113 2.256604 -0.2879791
2.156113 2.256604 -0.2879791
2.156113 2.256604 -0.2879791
2.156113 2.256604 -0.2879791
2.156113 2.256604 -0.2879791
2.156113 2.256604 -0.2879791
2.156113 2.256604 -0.2879791
2.156113 2.256604 -0.2879791
2.156113 2.256604 -0.2879791
2.156113 2.256604 -0.2879791
2.156113 2.256604 -0.2879791
2.156113 2.256604 -0.2879791
2.156113 2.256604 -0.2879791
2.156113 2.256604 -0.2879791
1.882002 1.816602 -0.1815124
1.882002 1.816602 -0.1815124
1.882002 1.816602 -0.1815124
1.882002 1.816602 -0.1815124
1.882002 1.816602 -0.1815124
1.882002 1.816602 -0.1815124
1.882002 1.816602 -0.1815124
1.882002 1.816602 -0.1815124
1.882002 1.816602 -0.1815124
1.882002 1.816602 -0.1815124
1.882002 1.816602 -0.1815124
1.882002 1.816602 -0.1815124
1.882002 1.816602 -0.1815124
1.882002 1.816602 -0.1815124
1.882002 1.816602 -0.1815124
1.882002 1.816602 -0.1815124
2.328185 1.518471 -1.394499
2.328185 1.518471 -1.394499
2.328185 1.518471 -1.394499
2.328185 1.518471 -1.394499
2.328185 1.518471 -1.394499
2.328185 1.518471 -1.394499
2.21052 1.485888 -1.306608
2.21052 1.485888 -1.306608
2.21052 1.485888 -1.306608
2.21052 1.485888 -1.306608
2.21052 1.485888 -1.306608
2.21052 1.485888 -1.306608
2.21052 1.485888 -1.306608
2.21052 1.485888 -1.306608
2.21052 1.485888 -1.306608
2.21052 1.485888 -1.306608
2.21052 1.485888 -1.306608
2.21052 1.485888 -1.306608
2.21052 1.485888 -1.306608
2.21052 1.485888 -1.306608
2.21052 1.485888 -1.306608
2.21052 1.485888 -1.306608
2.21052 1.485888 -1.306608
2.21052 1.485888 -1.306608
2.21052 1.485888 -1.306608
2.367648 1.555304 -1.192296
2.367648 1.555304 -1.192296
2.367648 1.555304 -1.192296
2.367648 1.555304 -1.192296
2.140719 1.797233 -0.3261493
2.140719 1.797233 -0.3261493
2.140719 1.797233 -0.3261493
2.140719 1.797233 -0.3261493
2.140719 1.797233 -0.3261493
2.140719 1.797233 -0.3261493
2.140719 1.797233 -0.3261493
2.140719 1.797233 -0.3261493
2.140719 1.797233 -0.3261493
2.140719 1.797233 -0.3261493
2.140719 1.797233 -0.3261493
2.140719 1.797233 -0.3261493
2.140719 1.797233 -0.3261493
2.140719 1.797233 -0.3261493
2.140719 1.797233 -0.3261493
2.140719 1.797233 -0.3261493
2.140719 1.797233 -0.3261493
2.140719 1.797233 -0.3261493
2.140719 1.797233 -0.3261493
2.140719 1.797233 -0.3261493
2.140719 1.797233 -0.3261493
2.140719 1.797233 -0.3261493
1.969712 1.193224 -1.032356
1.969712 1.193224 -1.032356
1.969712 1.193224 -1.032356
1.969712 1.193224 -1.032356
1.969712 1.193224 -1.032356
1.969712 1.193224 -1.032356
1.969712 1.193224 -1.032356
1.969712 1.193224 -1.032356
1.969712 1.193224 -1.032356
1.969712 1.193224 -1.032356
1.969712 1.193224 -1.032356
1.969712 1.193224 -1.032356
2.080657 1.615711 -0.03349147
2.080657 1.615711 -0.03349147
2.080657 1.615711 -0.03349147
2.080657 1.615711 -0.03349147
2.080657 1.615711 -0.03349147
2.080657 1.615711 -0.03349147
2.080657 1.615711 -0.03349147
2.080657 1.615711 -0.03349147
2.080657 1.615711 -0.03349147
2.080657 1.615711 -0.03349147
2.080657 1.615711 -0.03349147
2.080657 1.615711 -0.03349147
1.892114 1.96965 0.1641701
1.892114 1.96965 0.1641701
1.892114 1.96965 0.1641701
1.892114 1.96965 0.1641701
1.892114 1.96965 0.1641701
1.892114 1.96965 0.1641701
1.892114 1.96965 0.1641701
1.892114 1.96965 0.1641701
1.892114 1.96965 0.1641701
1.892114 1.96965 0.1641701
1.892114 1.96965 0.1641701
1.892114 1.96965 0.1641701
1.892114 1.96965 0.1641701
1.892114 1.96965 0.1641701
1.892114 1.96965 0.1641701
1.892114 1.96965 0.1641701
1.892114 1.96965 0.1641701
1.892114 1.96965 0.1641701
1.892114 1.96965 0.1641701
1.892114 1.96965 0.1641701
1.892114 1.96965 0.1641701
1.892114 1.96965 0.1641701
1.892114 1.96965 0.1641701
1.892114 1.96965 0.1641701
1.892114 1.96965 0.1641701
2.329297 2.716249 -0.4974372
2.329297 2.716249 -0.4974372
2.329297 2.716249 -0.4974372
2.329297 2.716249 -0.4974372
2.329297 2.716249 -0.4974372
2.329297 2.716249 -0.4974372
2.329297 2.716249 -0.4974372
2.329297 2.716249 -0.4974372
2.329297 2.716249 -0.4974372
2.329297 2.716249 -0.4974372
2.329297 2.716249 -0.4974372
2.329297 2.716249 -0.4974372
2.329297 2.716249 -0.4974372
2.329297 2.716249 -0.4974372
2.329297 2.716249 -0.4974372
2.329297 2.716249 -0.4974372
2.295854 2.153915 -0.3419341
2.295854 2.153915 -0.3419341
2.295854 2.153915 -0.3419341
2.295854 2.153915 -0.3419341
2.295854 2.153915 -0.3419341
2.295854 2.153915 -0.3419341
2.295854 2.153915 -0.3419341
2.295854 2.153915 -0.3419341
2.295854 2.153915 -0.3419341
2.295854 2.153915 -0.3419341
2.295854 2.153915 -0.3419341
2.295854 2.153915 -0.3419341
2.295854 2.153915 -0.3419341
2.295854 2.153915 -0.3419341
2.295854 2.153915 -0.3419341
2.295854 2.153915 -0.3419341
2.295854 2.153915 -0.3419341
2.295854 2.153915 -0.3419341
2.295854 2.153915 -0.3419341
2.295854 2.153915 -0.3419341
2.295854 2.153915 -0.3419341
2.295854 2.153915 -0.3419341
2.295854 2.153915 -0.3419341
2.295854 2.153915 -0.3419341
2.295854 2.153915 -0.3419341
2.295854 2.153915 -0.3419341
2.295854 2.153915 -0.3419341
2.295854 2.153915 -0.3419341
2.295854 2.153915 -0.3419341
2.295854 2.153915 -0.3419341
2.295854 2.153915 -0.3419341
2.295854 2.153915 -0.3419341
2.295854 2.153915 -0.3419341
2.295854 2.153915 -0.3419341
2.295854 2.153915 -0.3419341
2.34784 1.694377 -1.166011
2.34784 1.694377 -1.166011
2.34784 1.694377 -1.166011
2.34784 1.694377 -1.166011
2.34784 1.694377 -1.166011
2.34784 1.694377 -1.166011
2.34784 1.694377 -1.166011
2.34784 1.694377 -1.166011
2.34784 1.694377 -1.166011
2.34784 1.694377 -1.166011
2.34784 1.694377 -1.166011
2.34784 1.694377 -1.166011
2.34784 1.694377 -1.166011
2.34784 1.694377 -1.166011
2.34784 1.694377 -1.166011
2.34784 1.694377 -1.166011
2.34784 1.694377 -1.166011
2.34784 1.694377 -1.166011
2.34784 1.694377 -1.166011
2.34784 1.694377 -1.166011
2.34784 1.694377 -1.166011
2.34784 1.694377 -1.166011
2.34784 1.694377 -1.166011
2.34784 1.694377 -1.166011
2.34784 1.694377 -1.166011
2.34784 1.694377 -1.166011
2.34784 1.694377 -1.166011
2.34784 1.694377 -1.166011
2.34784 1.694377 -1.166011
2.34784 1.694377 -1.166011
2.34784 1.694377 -1.166011
2.34784 1.694377 -1.166011
2.34784 1.694377 -1.166011
2.34784 1.694377 -1.166011
2.34784 1.694377 -1.166011
2.34784 1.694377 -1.166011
2.34784 1.694377 -1.166011
2.34784 1.694377 -1.166011
2.34784 1.694377 -1.166011
2.34784 1.694377 -1.166011
2.34784 1.694377 -1.166011
2.34784 1.694377 -1.166011
2.34784 1.694377 -1.166011
2.34784 1.694377 -1.166011
2.34784 1.694377 -1.166011
2.34784 1.694377 -1.166011
2.34784 1.694377 -1.166011
2.34784 1.694377 -1.166011
2.34784 1.694377 -1.166011
2.34784 1.694377 -1.166011
2.34784 1.694377 -1.166011
2.34784 1.694377 -1.166011
2.34784 1.694377 -1.166011
2.34784 1.694377 -1.166011
2.34784 1.694377 -1.166011
2.34784 1.694377 -1.166011
2.34784 1.694377 -1.166011
2.34784 1.694377 -1.166011
2.34784 1.694377 -1.166011
2.34784 1.694377 -1.166011
2.34784 1.694377 -1.166011
2.34784 1.694377 -1.166011
2.34784 1.694377 -1.166011
2.34784 1.694377 -1.166011
2.34784 1.694377 -1.166011
2.34784 1.694377 -1.166011
2.34784 1.694377 -1.166011
2.34784 1.694377 -1.166011
2.34784 1.694377 -1.166011
2.34784 1.694377 -1.166011
2.34784 1.694377 -1.166011
2.34784 1.694377 -1.166011
2.34784 1.694377 -1.166011
2.34784 1.694377 -1.166011
2.34784 1.694377 -1.166011
2.34784 1.694377 -1.166011
2.34784 1.694377 -1.166011
2.34784 1.694377 -1.166011
2.34784 1.694377 -1.166011
2.183002 1.777128 -0.8059636
2.183002 1.777128 -0.8059636
2.183002 1.777128 -0.8059636
2.183002 1.777128 -0.8059636
2.183002 1.777128 -0.8059636
2.183002 1.777128 -0.8059636
2.183002 1.777128 -0.8059636
2.183002 1.777128 -0.8059636
2.183002 1.777128 -0.8059636
2.183002 1.777128 -0.8059636
2.183002 1.777128 -0.8059636
2.183002 1.777128 -0.8059636
2.183002 1.777128 -0.8059636
2.183002 1.777128 -0.8059636
2.183002 1.777128 -0.8059636
2.183002 1.777128 -0.8059636
2.183002 1.777128 -0.8059636
2.183002 1.777128 -0.8059636
2.183002 1.777128 -0.8059636
2.183002 1.777128 -0.8059636
2.183002 1.777128 -0.8059636
2.205449 1.767471 -0.4997459
2.205449 1.767471 -0.4997459
2.205449 1.767471 -0.4997459
2.205449 1.767471 -0.4997459
2.205449 1.767471 -0.4997459
2.205449 1.767471 -0.4997459
2.205449 1.767471 -0.4997459
2.205449 1.767471 -0.4997459
2.205449 1.767471 -0.4997459
2.205449 1.767471 -0.4997459
2.205449 1.767471 -0.4997459
2.205449 1.767471 -0.4997459
2.205449 1.767471 -0.4997459
2.205449 1.767471 -0.4997459
2.205449 1.767471 -0.4997459
2.205449 1.767471 -0.4997459
2.205449 1.767471 -0.4997459
2.205449 1.767471 -0.4997459
2.205449 1.767471 -0.4997459
2.205449 1.767471 -0.4997459
2.205449 1.767471 -0.4997459
2.205449 1.767471 -0.4997459
2.205449 1.767471 -0.4997459
2.205449 1.767471 -0.4997459
2.205449 1.767471 -0.4997459
2.205449 1.767471 -0.4997459
2.205449 1.767471 -0.4997459
2.205449 1.767471 -0.4997459
2.205449 1.767471 -0.4997459
2.205449 1.767471 -0.4997459
2.205449 1.767471 -0.4997459
2.205449 1.767471 -0.4997459
2.205449 1.767471 -0.4997459
2.205449 1.767471 -0.4997459
2.205449 1.767471 -0.4997459
2.205449 1.767471 -0.4997459
2.205449 1.767471 -0.4997459
2.205449 1.767471 -0.4997459
2.205449 1.767471 -0.4997459
2.205449 1.767471 -0.4997459
2.205449 1.767471 -0.4997459
2.205449 1.767471 -0.4997459
2.205449 1.767471 -0.4997459
2.205449 1.767471 -0.4997459
2.205449 1.767471 -0.4997459
2.205449 1.767471 -0.4997459
2.205449 1.767471 -0.4997459
2.205449 1.767471 -0.4997459
2.205449 1.767471 -0.4997459
2.205449 1.767471 -0.4997459
2.205449 1.767471 -0.4997459
2.205449 1.767471 -0.4997459
2.205449 1.767471 -0.4997459
2.205449 1.767471 -0.4997459
2.205449 1.767471 -0.4997459
2.205449 1.767471 -0.4997459
2.205449 1.767471 -0.4997459
2.205449 1.767471 -0.4997459
2.205449 1.767471 -0.4997459
2.205449 1.767471 -0.4997459
2.205449 1.767471 -0.4997459
2.205449 1.767471 -0.4997459
2.300716 2.164615 -0.9326348
2.300716 2.164615 -0.9326348
2.300716 2.164615 -0.9326348
2.300716 2.164615 -0.9326348
2.300716 2.164615 -0.9326348
2.300716 2.164615 -0.9326348
2.300716 2.164615 -0.9326348
2.300716 2.164615 -0.9326348
2.300716 2.164615 -0.9326348
2.300716 2.164615 -0.9326348
2.300716 2.164615 -0.9326348
2.574878 1.910056 -1.698751
2.574878 1.910056 -1.698751
2.574878 1.910056 -1.698751
2.574878 1.910056 -1.698751
2.574878 1.910056 -1.698751
2.574878 1.910056 -1.698751
2.574878 1.910056 -1.698751
2.574878 1.910056 -1.698751
2.574878 1.910056 -1.698751
2.574878 1.910056 -1.698751
2.574878 1.910056 -1.698751
2.574878 1.910056 -1.698751
2.574878 1.910056 -1.698751
2.574878 1.910056 -1.698751
2.574878 1.910056 -1.698751
2.574878 1.910056 -1.698751
2.574878 1.910056 -1.698751
2.574878 1.910056 -1.698751
2.574878 1.910056 -1.698751
2.574878 1.910056 -1.698751
2.574878 1.910056 -1.698751
2.574878 1.910056 -1.698751
2.574878 1.910056 -1.698751
2.574878 1.910056 -1.698751
2.574878 1.910056 -1.698751
2.574878 1.910056 -1.698751
2.574878 1.910056 -1.698751
2.574878 1.910056 -1.698751
2.574878 1.910056 -1.698751
2.574878 1.910056 -1.698751
2.574878 1.910056 -1.698751
2.574878 1.910056 -1.698751
2.574878 1.910056 -1.698751
2.574878 1.910056 -1.698751
2.574878 1.910056 -1.698751
2.574878 1.910056 -1.698751
2.574878 1.910056 -1.698751
2.574878 1.910056 -1.698751
2.574878 1.910056 -1.698751
2.574878 1.910056 -1.698751
2.574878 1.910056 -1.698751
2.574878 1.910056 -1.698751
2.574878 1.910056 -1.698751
2.574878 1.910056 -1.698751
2.574878 1.910056 -1.698751
2.574878 1.910056 -1.698751
2.574878 1.910056 -1.698751
2.574878 1.910056 -1.698751
2.574878 1.910056 -1.698751
2.574878 1.910056 -1.698751
2.574878 1.910056 -1.698751
2.574878 1.910056 -1.698751
2.574878 1.910056 -1.698751
2.574878 1.910056 -1.698751
2.574878 1.910056 -1.698751
2.574878 1.910056 -1.698751
2.574878 1.910056 -1.698751
2.574878 1.910056 -1.698751
2.574878 1.910056 -1.698751
2.574878 1.910056 -1.698751
2.574878 1.910056 -1.698751
2.339535 2.276313 -0.600431
2.339535 2.276313 -0.600431
2.339535 2.276313 -0.600431
2.339535 2.276313 -0.600431
2.339535 2.276313 -0.600431
2.339535 2.276313 -0.600431
2.339535 2.276313 -0.600431
2.339535 2.276313 -0.600431
2.339535 2.276313 -0.600431
2.339535 2.276313 -0.600431
2.339535 2.276313 -0.600431
2.457811 1.398787 -1.233288
2.457811 1.398787 -1.233288
2.457811 1.398787 -1.233288
2.457811 1.398787 -1.233288
2.457811 1.398787 -1.233288
2.457811 1.398787 -1.233288
2.457811 1.398787 -1.233288
2.457811 1.398787 -1.233288
2.457811 1.398787 -1.233288
2.457811 1.398787 -1.233288
2.457811 1.398787 -1.233288
2.457811 1.398787 -1.233288
2.457811 1.398787 -1.233288
2.457811 1.398787 -1.233288
2.457811 1.398787 -1.233288
2.457811 1.398787 -1.233288
2.457811 1.398787 -1.233288
2.457811 1.398787 -1.233288
2.457811 1.398787 -1.233288
2.457811 1.398787 -1.233288
2.457811 1.398787 -1.233288
2.457811 1.398787 -1.233288
2.457811 1.398787 -1.233288
2.457811 1.398787 -1.233288
2.457811 1.398787 -1.233288
2.457811 1.398787 -1.233288
2.457811 1.398787 -1.233288
2.457811 1.398787 -1.233288
2.457811 1.398787 -1.233288
2.457811 1.398787 -1.233288
2.457811 1.398787 -1.233288
2.457811 1.398787 -1.233288
2.457811 1.398787 -1.233288
2.457811 1.398787 -1.233288
2.457811 1.398787 -1.233288
2.457811 1.398787 -1.233288
2.457811 1.398787 -1.233288
2.457811 1.398787 -1.233288
2.055893 1.256339 -1.096906
2.055893 1.256339 -1.096906
2.055893 1.256339 -1.096906
2.055893 1.256339 -1.096906
2.055893 1.256339 -1.096906
2.055893 1.256339 -1.096906
2.055893 1.256339 -1.096906
2.055893 1.256339 -1.096906
2.055893 1.256339 -1.096906
2.055893 1.256339 -1.096906
2.055893 1.256339 -1.096906
2.055893 1.256339 -1.096906
2.055893 1.256339 -1.096906
2.055893 1.256339 -1.096906
2.055893 1.256339 -1.096906
2.217416 1.746526 -1.257336
2.217416 1.746526 -1.257336
2.217416 1.746526 -1.257336
2.217416 1.746526 -1.257336
2.217416 1.746526 -1.257336
2.217416 1.746526 -1.257336
2.217416 1.746526 -1.257336
2.217416 1.746526 -1.257336
2.217416 1.746526 -1.257336
2.217416 1.746526 -1.257336
2.217416 1.746526 -1.257336
2.217416 1.746526 -1.257336
2.217416 1.746526 -1.257336
2.217416 1.746526 -1.257336
2.217416 1.746526 -1.257336
2.217416 1.746526 -1.257336
2.217416 1.746526 -1.257336
2.217416 1.746526 -1.257336
2.217416 1.746526 -1.257336
2.217416 1.746526 -1.257336
2.217416 1.746526 -1.257336
2.217416 1.746526 -1.257336
2.217416 1.746526 -1.257336
2.217416 1.746526 -1.257336
2.217416 1.746526 -1.257336
2.217416 1.746526 -1.257336
2.217416 1.746526 -1.257336
2.217416 1.746526 -1.257336
2.217416 1.746526 -1.257336
2.217416 1.746526 -1.257336
2.217416 1.746526 -1.257336
2.217416 1.746526 -1.257336
2.217416 1.746526 -1.257336
2.217416 1.746526 -1.257336
2.217416 1.746526 -1.257336
2.217416 1.746526 -1.257336
2.217416 1.746526 -1.257336
2.217416 1.746526 -1.257336
2.217416 1.746526 -1.257336
2.217416 1.746526 -1.257336
2.217416 1.746526 -1.257336
2.217416 1.746526 -1.257336
2.217416 1.746526 -1.257336
2.217416 1.746526 -1.257336
2.217416 1.746526 -1.257336
2.217416 1.746526 -1.257336
2.217416 1.746526 -1.257336
2.217416 1.746526 -1.257336
2.217416 1.746526 -1.257336
2.217416 1.746526 -1.257336
2.217416 1.746526 -1.257336
2.217416 1.746526 -1.257336
2.217416 1.746526 -1.257336
2.217416 1.746526 -1.257336
2.217416 1.746526 -1.257336
2.217416 1.746526 -1.257336
2.217416 1.746526 -1.257336
2.217416 1.746526 -1.257336
2.217416 1.746526 -1.257336
2.217416 1.746526 -1.257336
2.217416 1.746526 -1.257336
2.217416 1.746526 -1.257336
2.217416 1.746526 -1.257336
2.217416 1.746526 -1.257336
2.217416 1.746526 -1.257336
2.217416 1.746526 -1.257336
2.217416 1.746526 -1.257336
2.217416 1.746526 -1.257336
2.217416 1.746526 -1.257336
2.217416 1.746526 -1.257336
2.217416 1.746526 -1.257336
2.217416 1.746526 -1.257336
2.217416 1.746526 -1.257336
2.217416 1.746526 -1.257336
2.217416 1.746526 -1.257336
2.217416 1.746526 -1.257336
2.217416 1.746526 -1.257336
2.217416 1.746526 -1.257336
2.217416 1.746526 -1.257336
2.217416 1.746526 -1.257336
2.217416 1.746526 -1.257336
2.217416 1.746526 -1.257336
2.217416 1.746526 -1.257336
2.217416 1.746526 -1.257336
2.217416 1.746526 -1.257336
2.217416 1.746526 -1.257336
2.217416 1.746526 -1.257336
2.217416 1.746526 -1.257336
2.047829 1.153692 -1.022576
2.047829 1.153692 -1.022576
2.047829 1.153692 -1.022576
2.047829 1.153692 -1.022576
2.047829 1.153692 -1.022576
2.047829 1.153692 -1.022576
2.047829 1.153692 -1.022576
2.047829 1.153692 -1.022576
2.047829 1.153692 -1.022576
2.047829 1.153692 -1.022576
2.047829 1.153692 -1.022576
2.047829 1.153692 -1.022576
2.047829 1.153692 -1.022576
