1.340956 0.2408152 -0.4097591
1.370438 0.6460063 -0.03912074
1.817553 1.233446 -0.4197704
1.402532 0.8809429 -0.1580351
1.788846 0.7757158 0.1634982
1.788846 0.7757158 0.1634982
1.788846 0.7757158 0.1634982
1.677546 0.9016535 -0.2423008
1.677546 0.9016535 -0.2423008
1.677546 0.9016535 -0.2423008
1.677546 0.9016535 -0.2423008
1.677546 0.9016535 -0.2423008
1.97918 0.9215859 -0.851928
1.97918 0.9215859 -0.851928
2.028495 1.088957 -0.4630056
2.028495 1.088957 -0.4630056
2.028495 1.088957 -0.4630056
2.004365 1.17496 -1.024815
2.004365 1.17496 -1.024815
2.004365 1.17496 -1.024815
2.004365 1.17496 -1.024815
1.552428 1.01719 -0.6655979
1.992282 1.148204 -0.9832774
1.992282 1.148204 -0.9832774
1.992282 1.148204 -0.9832774
1.992282 1.148204 -0.9832774
1.992282 1.148204 -0.9832774
2.095005 1.350608 -1.029799
2.095005 1.350608 -1.029799
2.095005 1.350608 -1.029799
1.907339 1.602918 -0.6258793
1.907339 1.602918 -0.6258793
1.907339 1.602918 -0.6258793
1.907339 1.602918 -0.6258793
1.907339 1.602918 -0.6258793
1.907339 1.602918 -0.6258793
1.907339 1.602918 -0.6258793
2.116757 1.611295 -0.7356759
2.116757 1.611295 -0.7356759
2.116757 1.611295 -0.7356759
2.116757 1.611295 -0.7356759
2.116757 1.611295 -0.7356759
2.116757 1.611295 -0.7356759
2.116757 1.611295 -0.7356759
2.116757 1.611295 -0.7356759
