-2083686991
-1126783548
1050571123
1729483241
102223582
1710986130
-1776556829
1434480853
2061422104
669861962
79965642
1373885035
-245251895
470211809
1426855777
-697877125
1706644364
-252635449
-1228307098
2067416385
1716335412
-1218701377
-1265317497
-37332832
1592233856
-2092396156
883081563
936415859
555976486
-354693514
-824260803
957368084
-1152891413
-2121524341
-1544085993
1237121889
1084125398
1486175757
819736750
97906332
-509291891
1813492931
1432369982
-195345484
-161896462
-1749001717
-457243218
1271857523
753727500
-990522103
-1232258134
454286187
1980232859
1503363189
1518693651
-1321851524
579846733
-1077066165
1153456024
-640871392
61944289
1412127332
-682258622
559449505
-532921300
1251976689
2066269204
-734254688
-1786669604
1865879604
209753777
-160022372
-1698259212
327089416
317025168
1399024651
-493133803
1472188406
371602793
1957769904
401948286
330624801
932088379
1409746927
1258941400
-685698934
1326845651
-294540382
-276600632
-1819400622
992364113
69375173
-713289158
1187923594
-1499501297
63320087
-425416283
754461391
71
