1159122217
149241808
1701101004
1204732926
-2017658120
1246560893
641834896
1607039121
1797984113
1520192046
-2057597233
1066444922
1224796452
-617385549
2095484369
449888224
-1450382200
492302904
-70920150
-298222352
1220776560
-1410817279
-102725213
265401160
-2103451128
1046400925
-441004832
-1498615403
-1526623505
1680004137
122655764
1136827209
-1468005185
-1638621346
1733027131
-11564125
455727238
-1747722847
1673970563
237228412
882917666
-1678832130
920207879
157833517
-1386117078
352131003
790016106
-2019994382
761130753
-588975136
184436593
632686795
100854946
-1564765702
-1759981330
985462334
1139368215
1659039510
-867314627
574164260
1093211176
-1525221513
341438973
993920950
-173331630
469969745
703477939
581010045
-1678516357
-1052209862
2060652400
-1874028045
83645035
-461118344
-904926781
-1393300678
-1670137320
-855146967
-1179502036
1237955562
724845330
-1178749415
2063136602
-1146376717
-1224924733
2055283412
-126702319
-1217074369
50899569
-731344251
714813426
-1909571234
193424814
-552431719
-285913813
2066440364
103892978
972594894
23
