2.36379 1.450928 -0.05198829 -6.732406 -8.035298 -8.631822
4.190696 2.672983 -0.7079525 -6.087547 -7.815508 -8.406712
5.759061 3.814866 -1.384886 -6.032093 -7.628451 -8.361968
7.21049 5.14147 -1.497395 -6.211444 -7.595109 -8.209104
8.721728 6.499333 -2.171027 -6.474565 -7.559113 -8.170142
10.32633 8.042964 -3.052828 -6.862595 -7.844537 -8.289501
12.02986 9.882618 -4.164892 -7.344189 -8.311657 -8.436863
13.96897 12.32918 -5.509317 -7.93104 -9.060492 -8.708607
15.75601 13.59941 -6.635017 -8.540052 -9.437103 -9.114423
18.27038 15.16735 -8.358362 -9.340972 -9.871027 -9.838363
21.13626 17.64005 -11.38334 -10.26453 -10.59202 -11.34142
23.49057 20.83023 -15.7153 -11.06839 -11.73299 -13.74348
26.74071 25.04015 -21.00052 -12.15085 -13.24343 -16.63659
31.02821 29.75546 -25.78044 -13.61734 -14.91899 -19.30029
35.98788 35.20718 -29.46096 -15.30957 -16.84916 -21.43631
44.05403 42.63276 -33.1997 -17.99116 -19.45906 -23.57895
