1.181895 0.7254641 -0.02599415 -7.866203 -8.517649 -8.815911
2.184828 1.374637 -0.2533136 -7.273318 -8.283602 -8.679512
3.078387 1.984694 -0.5362068 -6.963012 -8.119814 -8.600126
3.904807 2.616049 -0.7284445 -6.812698 -8.014873 -8.521921
4.707627 3.263263 -0.9688749 -6.756342 -7.938913 -8.463292
5.510299 3.946078 -1.266582 -6.771521 -7.925431 -8.438464
6.325244 4.688145 -1.628871 -6.843105 -7.973709 -8.438264
7.174547 5.53715 -2.060032 -6.963987 -8.094463 -8.468302
8.032693 6.343376 -2.51753 -7.121593 -8.228727 -8.532914
8.963392 7.145555 -3.048515 -7.323355 -8.378027 -8.651592
9.977798 8.020096 -3.743084 -7.568453 -8.562526 -8.875744
11.01724 9.005492 -4.664023 -7.837678 -8.806408 -9.250185
12.14035 10.15082 -5.830916 -8.145762 -9.123338 -9.777786
13.39954 11.4578 -7.160884 -8.510533 -9.509715 -10.41262
14.81131 12.94214 -8.554639 -8.935473 -9.96843 -11.1016
16.53147 14.68864 -10.00435 -9.468161 -10.5267 -11.83556
