1.334844 0.7556124 -0.3624835
1.85249 1.038541 -0.8658181
1.85249 1.038541 -0.8658181
1.645738 0.5386826 0.7390681
1.469588 -0.1024158 0.5236174
1.913733 0.9107049 -0.4495522
1.472388 0.7561375 -0.2724314
1.472388 0.7561375 -0.2724314
1.472388 0.7561375 -0.2724314
1.791126 0.8874748 -0.3805678
1.791126 0.8874748 -0.3805678
1.791126 0.8874748 -0.3805678
1.836012 1.121908 -0.617852
1.836012 1.121908 -0.617852
1.836012 1.121908 -0.617852
1.990375 1.277396 -0.6597056
1.903563 1.141401 -0.1731327
1.903563 1.141401 -0.1731327
2.024309 1.29303 -0.2392136
2.024309 1.29303 -0.2392136
2.024309 1.29303 -0.2392136
2.231048 1.484371 -1.34966
2.231048 1.484371 -1.34966
1.790588 1.222983 -0.750396
1.886028 1.398121 -0.8687081
1.886028 1.398121 -0.8687081
1.886028 1.398121 -0.8687081
2.215804 1.865772 -0.8962533
2.215804 1.865772 -0.8962533
2.215804 1.865772 -0.8962533
2.272571 1.930172 -0.9877014
2.243451 1.806506 -1.234105
2.243451 1.806506 -1.234105
2.30727 1.905579 -1.338778
2.30727 1.905579 -1.338778
2.30727 1.905579 -1.338778
2.228366 2.1964 -1.253883
2.228366 2.1964 -1.253883
2.228366 2.1964 -1.253883
2.257267 2.273989 -1.369139
2.257267 2.273989 -1.369139
2.257267 2.273989 -1.369139
2.297671 2.337391 -1.458287
2.297671 2.337391 -1.458287
2.561535 2.359348 -1.560891
2.403455 2.221518 -1.536699
2.403455 2.221518 -1.536699
2.403455 2.221518 -1.536699
2.449321 2.292302 -1.565617
