1.907101 -0.4875435 -0.3890218
1.907101 -0.4875435 -0.3890218
1.907101 -0.4875435 -0.3890218
1.907101 -0.4875435 -0.3890218
1.907101 -0.4875435 -0.3890218
0.9680802 0.03583353 -0.1880081
0.9680802 0.03583353 -0.1880081
1.251276 0.1383782 0.5693198
1.251276 0.1383782 0.5693198
1.251276 0.1383782 0.5693198
1.251276 0.1383782 0.5693198
1.251276 0.1383782 0.5693198
1.480494 0.8430457 0.344305
1.480494 0.8430457 0.344305
1.480494 0.8430457 0.344305
1.480494 0.8430457 0.344305
1.480494 0.8430457 0.344305
1.480494 0.8430457 0.344305
1.480494 0.8430457 0.344305
1.480494 0.8430457 0.344305
1.480494 0.8430457 0.344305
1.480494 0.8430457 0.344305
1.480494 0.8430457 0.344305
1.480494 0.8430457 0.344305
1.480494 0.8430457 0.344305
1.480494 0.8430457 0.344305
1.480494 0.8430457 0.344305
1.480494 0.8430457 0.344305
1.480494 0.8430457 0.344305
1.480494 0.8430457 0.344305
1.480494 0.8430457 0.344305
1.480494 0.8430457 0.344305
1.480494 0.8430457 0.344305
1.480494 0.8430457 0.344305
1.480494 0.8430457 0.344305
1.480494 0.8430457 0.344305
1.480494 0.8430457 0.344305
1.480494 0.8430457 0.344305
1.480494 0.8430457 0.344305
1.480494 0.8430457 0.344305
1.480494 0.8430457 0.344305
1.480494 0.8430457 0.344305
1.480494 0.8430457 0.344305
1.480494 0.8430457 0.344305
1.480494 0.8430457 0.344305
1.480494 0.8430457 0.344305
1.480494 0.8430457 0.344305
1.480494 0.8430457 0.344305
1.950718 0.7642006 0.2699329
1.950718 0.7642006 0.2699329
1.950718 0.7642006 0.2699329
1.950718 0.7642006 0.2699329
1.950718 0.7642006 0.2699329
1.564185 0.1102192 -0.1770638
1.564185 0.1102192 -0.1770638
1.564185 0.1102192 -0.1770638
1.564185 0.1102192 -0.1770638
1.564185 0.1102192 -0.1770638
1.564185 0.1102192 -0.1770638
1.564185 0.1102192 -0.1770638
1.849495 0.2007728 -0.1958747
1.849495 0.2007728 -0.1958747
1.849495 0.2007728 -0.1958747
1.849495 0.2007728 -0.1958747
1.849495 0.2007728 -0.1958747
1.849495 0.2007728 -0.1958747
1.849495 0.2007728 -0.1958747
1.849495 0.2007728 -0.1958747
1.794227 0.5480456 -0.5632553
1.794227 0.5480456 -0.5632553
1.794227 0.5480456 -0.5632553
1.794227 0.5480456 -0.5632553
1.794227 0.5480456 -0.5632553
1.794227 0.5480456 -0.5632553
1.794227 0.5480456 -0.5632553
1.794227 0.5480456 -0.5632553
1.794227 0.5480456 -0.5632553
1.794227 0.5480456 -0.5632553
1.794227 0.5480456 -0.5632553
1.794227 0.5480456 -0.5632553
1.794227 0.5480456 -0.5632553
1.794227 0.5480456 -0.5632553
1.794227 0.5480456 -0.5632553
1.794227 0.5480456 -0.5632553
1.794227 0.5480456 -0.5632553
1.794227 0.5480456 -0.5632553
1.794227 0.5480456 -0.5632553
1.794227 0.5480456 -0.5632553
1.794227 0.5480456 -0.5632553
1.794227 0.5480456 -0.5632553
1.669859 0.5638485 -0.4948929
1.669859 0.5638485 -0.4948929
1.669859 0.5638485 -0.4948929
1.669859 0.5638485 -0.4948929
1.669859 0.5638485 -0.4948929
1.669859 0.5638485 -0.4948929
1.669859 0.5638485 -0.4948929
1.669859 0.5638485 -0.4948929
1.669859 0.5638485 -0.4948929
1.669859 0.5638485 -0.4948929
1.669859 0.5638485 -0.4948929
1.669859 0.5638485 -0.4948929
1.669859 0.5638485 -0.4948929
1.669859 0.5638485 -0.4948929
1.669859 0.5638485 -0.4948929
1.669859 0.5638485 -0.4948929
1.669859 0.5638485 -0.4948929
1.669859 0.5638485 -0.4948929
1.669859 0.5638485 -0.4948929
1.669859 0.5638485 -0.4948929
1.669859 0.5638485 -0.4948929
1.669859 0.5638485 -0.4948929
1.669859 0.5638485 -0.4948929
1.669859 0.5638485 -0.4948929
1.669859 0.5638485 -0.4948929
1.669859 0.5638485 -0.4948929
1.669859 0.5638485 -0.4948929
1.669859 0.5638485 -0.4948929
1.669859 0.5638485 -0.4948929
1.669859 0.5638485 -0.4948929
2.085474 0.7395148 -0.5128173
1.502997 0.915824 -0.4635899
1.738071 0.3289636 0.2432205
1.738071 0.3289636 0.2432205
1.738071 0.3289636 0.2432205
1.738071 0.3289636 0.2432205
1.738071 0.3289636 0.2432205
1.738071 0.3289636 0.2432205
1.738071 0.3289636 0.2432205
1.738071 0.3289636 0.2432205
1.738071 0.3289636 0.2432205
1.738071 0.3289636 0.2432205
1.738071 0.3289636 0.2432205
1.738071 0.3289636 0.2432205
1.738071 0.3289636 0.2432205
1.738071 0.3289636 0.2432205
1.738071 0.3289636 0.2432205
1.738071 0.3289636 0.2432205
1.738071 0.3289636 0.2432205
1.738071 0.3289636 0.2432205
1.738071 0.3289636 0.2432205
1.738071 0.3289636 0.2432205
1.738071 0.3289636 0.2432205
1.738071 0.3289636 0.2432205
1.738071 0.3289636 0.2432205
1.738071 0.3289636 0.2432205
1.738071 0.3289636 0.2432205
1.738071 0.3289636 0.2432205
1.738071 0.3289636 0.2432205
1.738071 0.3289636 0.2432205
1.738071 0.3289636 0.2432205
1.738071 0.3289636 0.2432205
1.738071 0.3289636 0.2432205
1.738071 0.3289636 0.2432205
1.738071 0.3289636 0.2432205
1.738071 0.3289636 0.2432205
1.738071 0.3289636 0.2432205
1.738071 0.3289636 0.2432205
1.738071 0.3289636 0.2432205
1.738071 0.3289636 0.2432205
1.738071 0.3289636 0.2432205
1.738071 0.3289636 0.2432205
1.738071 0.3289636 0.2432205
1.738071 0.3289636 0.2432205
1.738071 0.3289636 0.2432205
1.738071 0.3289636 0.2432205
1.738071 0.3289636 0.2432205
1.738071 0.3289636 0.2432205
1.738071 0.3289636 0.2432205
1.738071 0.3289636 0.2432205
1.738071 0.3289636 0.2432205
1.738071 0.3289636 0.2432205
1.738071 0.3289636 0.2432205
1.738071 0.3289636 0.2432205
1.738071 0.3289636 0.2432205
1.738071 0.3289636 0.2432205
1.738071 0.3289636 0.2432205
1.653532 0.431016 0.4600761
1.653532 0.431016 0.4600761
1.653532 0.431016 0.4600761
1.956327 0.5627149 0.3660664
1.956327 0.5627149 0.3660664
1.54767 0.2250026 0.7252667
1.54767 0.2250026 0.7252667
1.54767 0.2250026 0.7252667
1.54767 0.2250026 0.7252667
1.719009 0.06751961 -0.835827
1.719009 0.06751961 -0.835827
1.719009 0.06751961 -0.835827
1.802589 0.7716442 0.6537573
1.802589 0.7716442 0.6537573
1.802589 0.7716442 0.6537573
1.802589 0.7716442 0.6537573
1.802589 0.7716442 0.6537573
1.802589 0.7716442 0.6537573
1.802589 0.7716442 0.6537573
1.802589 0.7716442 0.6537573
1.802589 0.7716442 0.6537573
1.802589 0.7716442 0.6537573
1.802589 0.7716442 0.6537573
1.802589 0.7716442 0.6537573
1.802589 0.7716442 0.6537573
1.802589 0.7716442 0.6537573
1.802589 0.7716442 0.6537573
1.802589 0.7716442 0.6537573
1.802589 0.7716442 0.6537573
1.802589 0.7716442 0.6537573
1.802589 0.7716442 0.6537573
1.802589 0.7716442 0.6537573
1.802589 0.7716442 0.6537573
1.802589 0.7716442 0.6537573
1.802589 0.7716442 0.6537573
1.802589 0.7716442 0.6537573
1.802589 0.7716442 0.6537573
1.802589 0.7716442 0.6537573
1.802589 0.7716442 0.6537573
1.802589 0.7716442 0.6537573
1.802589 0.7716442 0.6537573
1.802589 0.7716442 0.6537573
1.802589 0.7716442 0.6537573
1.802589 0.7716442 0.6537573
1.853278 1.509538 -0.2597597
1.853278 1.509538 -0.2597597
1.853278 1.509538 -0.2597597
1.853278 1.509538 -0.2597597
1.853278 1.509538 -0.2597597
1.853278 1.509538 -0.2597597
1.853278 1.509538 -0.2597597
1.853278 1.509538 -0.2597597
1.853278 1.509538 -0.2597597
1.853278 1.509538 -0.2597597
1.853278 1.509538 -0.2597597
1.853278 1.509538 -0.2597597
1.853278 1.509538 -0.2597597
1.853278 1.509538 -0.2597597
1.853278 1.509538 -0.2597597
1.853278 1.509538 -0.2597597
1.853278 1.509538 -0.2597597
1.853278 1.509538 -0.2597597
1.853278 1.509538 -0.2597597
2.061917 1.702319 -0.3182648
2.061917 1.702319 -0.3182648
2.061917 1.702319 -0.3182648
2.061917 1.702319 -0.3182648
2.061917 1.702319 -0.3182648
2.061917 1.702319 -0.3182648
2.061917 1.702319 -0.3182648
2.061917 1.702319 -0.3182648
2.061917 1.702319 -0.3182648
2.061917 1.702319 -0.3182648
2.061917 1.702319 -0.3182648
2.061917 1.702319 -0.3182648
2.061917 1.702319 -0.3182648
2.061917 1.702319 -0.3182648
2.061917 1.702319 -0.3182648
2.061917 1.702319 -0.3182648
2.061917 1.702319 -0.3182648
2.061917 1.702319 -0.3182648
2.061917 1.702319 -0.3182648
2.061917 1.702319 -0.3182648
2.061917 1.702319 -0.3182648
2.061917 1.702319 -0.3182648
2.061917 1.702319 -0.3182648
2.061917 1.702319 -0.3182648
2.061917 1.702319 -0.3182648
2.061917 1.702319 -0.3182648
2.061917 1.702319 -0.3182648
2.061917 1.702319 -0.3182648
2.061917 1.702319 -0.3182648
2.061917 1.702319 -0.3182648
2.061917 1.702319 -0.3182648
2.061917 1.702319 -0.3182648
2.061917 1.702319 -0.3182648
2.061917 1.702319 -0.3182648
2.061917 1.702319 -0.3182648
2.061917 1.702319 -0.3182648
2.061917 1.702319 -0.3182648
2.061917 1.702319 -0.3182648
2.061917 1.702319 -0.3182648
2.061917 1.702319 -0.3182648
2.061917 1.702319 -0.3182648
2.061917 1.702319 -0.3182648
2.061917 1.702319 -0.3182648
2.061917 1.702319 -0.3182648
2.061917 1.702319 -0.3182648
2.061917 1.702319 -0.3182648
2.061917 1.702319 -0.3182648
2.061917 1.702319 -0.3182648
2.061917 1.702319 -0.3182648
2.061917 1.702319 -0.3182648
2.061917 1.702319 -0.3182648
2.061917 1.702319 -0.3182648
2.061917 1.702319 -0.3182648
2.061917 1.702319 -0.3182648
2.061917 1.702319 -0.3182648
2.061917 1.702319 -0.3182648
2.061917 1.702319 -0.3182648
2.061917 1.702319 -0.3182648
2.061917 1.702319 -0.3182648
2.061917 1.702319 -0.3182648
2.210468 1.84977 -0.3842039
2.210468 1.84977 -0.3842039
2.210468 1.84977 -0.3842039
2.210468 1.84977 -0.3842039
2.210468 1.84977 -0.3842039
2.210468 1.84977 -0.3842039
2.210468 1.84977 -0.3842039
2.210468 1.84977 -0.3842039
2.210468 1.84977 -0.3842039
2.210468 1.84977 -0.3842039
2.210468 1.84977 -0.3842039
2.210468 1.84977 -0.3842039
2.210468 1.84977 -0.3842039
2.210468 1.84977 -0.3842039
2.210468 1.84977 -0.3842039
2.210468 1.84977 -0.3842039
2.210468 1.84977 -0.3842039
2.210468 1.84977 -0.3842039
2.210468 1.84977 -0.3842039
2.210468 1.84977 -0.3842039
2.210468 1.84977 -0.3842039
2.210468 1.84977 -0.3842039
2.210468 1.84977 -0.3842039
2.210468 1.84977 -0.3842039
2.210468 1.84977 -0.3842039
2.210468 1.84977 -0.3842039
2.210468 1.84977 -0.3842039
2.210468 1.84977 -0.3842039
2.210468 1.84977 -0.3842039
2.210468 1.84977 -0.3842039
2.210468 1.84977 -0.3842039
2.210468 1.84977 -0.3842039
2.210468 1.84977 -0.3842039
2.210468 1.84977 -0.3842039
2.210468 1.84977 -0.3842039
2.210468 1.84977 -0.3842039
2.210468 1.84977 -0.3842039
2.210468 1.84977 -0.3842039
2.210468 1.84977 -0.3842039
2.210468 1.84977 -0.3842039
2.210468 1.84977 -0.3842039
2.210468 1.84977 -0.3842039
2.210468 1.84977 -0.3842039
2.210468 1.84977 -0.3842039
2.210468 1.84977 -0.3842039
2.265912 1.931655 -0.8432705
2.265912 1.931655 -0.8432705
2.265912 1.931655 -0.8432705
2.265912 1.931655 -0.8432705
2.265912 1.931655 -0.8432705
2.265912 1.931655 -0.8432705
2.265912 1.931655 -0.8432705
2.265912 1.931655 -0.8432705
2.265912 1.931655 -0.8432705
2.265912 1.931655 -0.8432705
2.265912 1.931655 -0.8432705
2.265912 1.931655 -0.8432705
2.265912 1.931655 -0.8432705
2.265912 1.931655 -0.8432705
2.265912 1.931655 -0.8432705
2.372987 2.041718 -0.9061947
2.372987 2.041718 -0.9061947
2.372987 2.041718 -0.9061947
2.372987 2.041718 -0.9061947
2.249506 2.113227 -0.4099293
2.249506 2.113227 -0.4099293
2.249506 2.113227 -0.4099293
2.249506 2.113227 -0.4099293
2.249506 2.113227 -0.4099293
2.249506 2.113227 -0.4099293
2.249506 2.113227 -0.4099293
2.249506 2.113227 -0.4099293
2.249506 2.113227 -0.4099293
2.249506 2.113227 -0.4099293
2.249506 2.113227 -0.4099293
2.249506 2.113227 -0.4099293
2.249506 2.113227 -0.4099293
2.249506 2.113227 -0.4099293
2.249506 2.113227 -0.4099293
2.249506 2.113227 -0.4099293
2.249506 2.113227 -0.4099293
2.249506 2.113227 -0.4099293
2.249506 2.113227 -0.4099293
2.249506 2.113227 -0.4099293
2.249506 2.113227 -0.4099293
2.249506 2.113227 -0.4099293
2.249506 2.113227 -0.4099293
2.249506 2.113227 -0.4099293
2.249506 2.113227 -0.4099293
2.249506 2.113227 -0.4099293
2.249506 2.113227 -0.4099293
2.249506 2.113227 -0.4099293
2.249506 2.113227 -0.4099293
2.249506 2.113227 -0.4099293
2.249506 2.113227 -0.4099293
2.249506 2.113227 -0.4099293
2.249506 2.113227 -0.4099293
2.249506 2.113227 -0.4099293
2.249506 2.113227 -0.4099293
2.249506 2.113227 -0.4099293
2.249506 2.113227 -0.4099293
2.249506 2.113227 -0.4099293
2.249506 2.113227 -0.4099293
2.249506 2.113227 -0.4099293
2.249506 2.113227 -0.4099293
1.963021 1.599449 -0.6289206
1.963021 1.599449 -0.6289206
1.963021 1.599449 -0.6289206
1.963021 1.599449 -0.6289206
1.963021 1.599449 -0.6289206
1.963021 1.599449 -0.6289206
1.963021 1.599449 -0.6289206
1.963021 1.599449 -0.6289206
1.963021 1.599449 -0.6289206
1.963021 1.599449 -0.6289206
1.963021 1.599449 -0.6289206
1.963021 1.599449 -0.6289206
1.963021 1.599449 -0.6289206
1.963021 1.599449 -0.6289206
1.963021 1.599449 -0.6289206
2.052572 1.719874 -0.6997435
2.052572 1.719874 -0.6997435
2.052572 1.719874 -0.6997435
2.052572 1.719874 -0.6997435
2.052572 1.719874 -0.6997435
2.052572 1.719874 -0.6997435
2.052572 1.719874 -0.6997435
2.052572 1.719874 -0.6997435
2.052572 1.719874 -0.6997435
2.052572 1.719874 -0.6997435
2.052572 1.719874 -0.6997435
2.052572 1.719874 -0.6997435
2.052572 1.719874 -0.6997435
2.052572 1.719874 -0.6997435
2.052572 1.719874 -0.6997435
2.052572 1.719874 -0.6997435
2.052572 1.719874 -0.6997435
2.052572 1.719874 -0.6997435
2.052572 1.719874 -0.6997435
2.052572 1.719874 -0.6997435
2.052572 1.719874 -0.6997435
2.052572 1.719874 -0.6997435
2.052572 1.719874 -0.6997435
2.052572 1.719874 -0.6997435
2.052572 1.719874 -0.6997435
2.052572 1.719874 -0.6997435
2.052572 1.719874 -0.6997435
2.052572 1.719874 -0.6997435
2.052572 1.719874 -0.6997435
2.052572 1.719874 -0.6997435
2.052572 1.719874 -0.6997435
2.052572 1.719874 -0.6997435
2.052572 1.719874 -0.6997435
2.052572 1.719874 -0.6997435
2.052572 1.719874 -0.6997435
2.052572 1.719874 -0.6997435
2.052572 1.719874 -0.6997435
2.052572 1.719874 -0.6997435
2.052572 1.719874 -0.6997435
2.052572 1.719874 -0.6997435
2.052572 1.719874 -0.6997435
2.052572 1.719874 -0.6997435
2.052572 1.719874 -0.6997435
2.052572 1.719874 -0.6997435
2.052572 1.719874 -0.6997435
2.052572 1.719874 -0.6997435
2.052572 1.719874 -0.6997435
2.052572 1.719874 -0.6997435
2.052572 1.719874 -0.6997435
2.052572 1.719874 -0.6997435
2.052572 1.719874 -0.6997435
2.052572 1.719874 -0.6997435
2.052572 1.719874 -0.6997435
2.052572 1.719874 -0.6997435
2.052572 1.719874 -0.6997435
2.052572 1.719874 -0.6997435
2.151343 1.565447 -0.9943124
2.151343 1.565447 -0.9943124
2.151343 1.565447 -0.9943124
2.151343 1.565447 -0.9943124
2.233093 1.717401 -1.131126
2.233093 1.717401 -1.131126
2.233093 1.717401 -1.131126
2.233093 1.717401 -1.131126
2.233093 1.717401 -1.131126
2.233093 1.717401 -1.131126
2.233093 1.717401 -1.131126
2.233093 1.717401 -1.131126
2.233093 1.717401 -1.131126
2.233093 1.717401 -1.131126
2.233093 1.717401 -1.131126
2.233093 1.717401 -1.131126
2.233093 1.717401 -1.131126
2.233093 1.717401 -1.131126
2.233093 1.717401 -1.131126
2.233093 1.717401 -1.131126
2.233093 1.717401 -1.131126
2.233093 1.717401 -1.131126
2.233093 1.717401 -1.131126
2.233093 1.717401 -1.131126
2.233093 1.717401 -1.131126
2.312124 1.993753 -1.209951
2.312124 1.993753 -1.209951
2.312124 1.993753 -1.209951
2.312124 1.993753 -1.209951
2.192651 1.198367 -1.269217
2.192651 1.198367 -1.269217
2.192651 1.198367 -1.269217
2.192651 1.198367 -1.269217
2.192651 1.198367 -1.269217
2.192651 1.198367 -1.269217
2.192651 1.198367 -1.269217
2.192651 1.198367 -1.269217
2.192651 1.198367 -1.269217
2.192651 1.198367 -1.269217
2.192651 1.198367 -1.269217
2.192651 1.198367 -1.269217
2.192651 1.198367 -1.269217
2.192651 1.198367 -1.269217
2.192651 1.198367 -1.269217
2.192651 1.198367 -1.269217
2.192651 1.198367 -1.269217
2.192651 1.198367 -1.269217
2.192651 1.198367 -1.269217
2.192651 1.198367 -1.269217
2.192651 1.198367 -1.269217
2.192651 1.198367 -1.269217
2.192651 1.198367 -1.269217
2.192651 1.198367 -1.269217
2.192651 1.198367 -1.269217
2.192651 1.198367 -1.269217
2.192651 1.198367 -1.269217
2.192651 1.198367 -1.269217
2.192651 1.198367 -1.269217
2.192651 1.198367 -1.269217
2.192651 1.198367 -1.269217
2.192651 1.198367 -1.269217
2.192651 1.198367 -1.269217
2.192651 1.198367 -1.269217
2.192651 1.198367 -1.269217
2.240683 1.297862 -1.342701
2.240683 1.297862 -1.342701
2.240683 1.297862 -1.342701
2.240683 1.297862 -1.342701
2.240683 1.297862 -1.342701
2.240683 1.297862 -1.342701
2.240683 1.297862 -1.342701
2.240683 1.297862 -1.342701
2.240683 1.297862 -1.342701
2.240683 1.297862 -1.342701
2.240683 1.297862 -1.342701
2.240683 1.297862 -1.342701
2.240683 1.297862 -1.342701
2.240683 1.297862 -1.342701
2.240683 1.297862 -1.342701
2.240683 1.297862 -1.342701
2.240683 1.297862 -1.342701
2.240683 1.297862 -1.342701
2.240683 1.297862 -1.342701
2.240683 1.297862 -1.342701
2.240683 1.297862 -1.342701
2.240683 1.297862 -1.342701
2.240683 1.297862 -1.342701
2.240683 1.297862 -1.342701
2.240683 1.297862 -1.342701
2.240683 1.297862 -1.342701
2.240683 1.297862 -1.342701
2.240683 1.297862 -1.342701
2.240683 1.297862 -1.342701
2.242267 1.595948 -1.368823
2.242267 1.595948 -1.368823
2.242267 1.595948 -1.368823
2.242267 1.595948 -1.368823
2.242267 1.595948 -1.368823
2.242267 1.595948 -1.368823
2.242267 1.595948 -1.368823
2.242267 1.595948 -1.368823
2.242267 1.595948 -1.368823
2.242267 1.595948 -1.368823
2.242267 1.595948 -1.368823
2.242267 1.595948 -1.368823
2.242267 1.595948 -1.368823
2.242267 1.595948 -1.368823
2.242267 1.595948 -1.368823
2.242267 1.595948 -1.368823
2.242267 1.595948 -1.368823
2.242267 1.595948 -1.368823
2.242267 1.595948 -1.368823
2.242267 1.595948 -1.368823
2.242267 1.595948 -1.368823
2.242267 1.595948 -1.368823
2.242267 1.595948 -1.368823
2.242267 1.595948 -1.368823
2.242267 1.595948 -1.368823
2.242267 1.595948 -1.368823
2.242267 1.595948 -1.368823
2.242267 1.595948 -1.368823
2.242267 1.595948 -1.368823
2.242267 1.595948 -1.368823
2.242267 1.595948 -1.368823
2.287725 1.676642 -1.427703
2.287725 1.676642 -1.427703
2.287725 1.676642 -1.427703
2.287725 1.676642 -1.427703
2.287725 1.676642 -1.427703
2.287725 1.676642 -1.427703
2.287725 1.676642 -1.427703
2.287725 1.676642 -1.427703
2.287725 1.676642 -1.427703
2.287725 1.676642 -1.427703
2.287725 1.676642 -1.427703
2.287725 1.676642 -1.427703
2.287725 1.676642 -1.427703
2.287725 1.676642 -1.427703
2.287725 1.676642 -1.427703
2.287725 1.676642 -1.427703
2.287725 1.676642 -1.427703
2.287725 1.676642 -1.427703
2.287725 1.676642 -1.427703
2.287725 1.676642 -1.427703
2.287725 1.676642 -1.427703
2.287725 1.676642 -1.427703
2.287725 1.676642 -1.427703
2.287725 1.676642 -1.427703
2.287725 1.676642 -1.427703
2.287725 1.676642 -1.427703
2.287725 1.676642 -1.427703
2.287725 1.676642 -1.427703
2.287725 1.676642 -1.427703
2.287725 1.676642 -1.427703
2.287725 1.676642 -1.427703
2.287725 1.676642 -1.427703
2.287725 1.676642 -1.427703
2.287725 1.676642 -1.427703
2.287725 1.676642 -1.427703
2.287725 1.676642 -1.427703
2.326144 1.148912 -1.143211
2.326144 1.148912 -1.143211
2.326144 1.148912 -1.143211
2.326144 1.148912 -1.143211
2.326144 1.148912 -1.143211
2.326144 1.148912 -1.143211
2.326144 1.148912 -1.143211
2.326144 1.148912 -1.143211
2.326144 1.148912 -1.143211
2.326144 1.148912 -1.143211
2.326144 1.148912 -1.143211
2.326144 1.148912 -1.143211
2.313151 1.23421 -0.858719
2.313151 1.23421 -0.858719
1.929164 1.45978 -0.7975937
1.929164 1.45978 -0.7975937
1.929164 1.45978 -0.7975937
1.929164 1.45978 -0.7975937
1.929164 1.45978 -0.7975937
1.929164 1.45978 -0.7975937
1.929164 1.45978 -0.7975937
1.929164 1.45978 -0.7975937
1.929164 1.45978 -0.7975937
1.929164 1.45978 -0.7975937
1.984131 1.578715 -0.9102268
1.984131 1.578715 -0.9102268
1.984131 1.578715 -0.9102268
1.984131 1.578715 -0.9102268
1.984131 1.578715 -0.9102268
1.984131 1.578715 -0.9102268
1.984131 1.578715 -0.9102268
1.984131 1.578715 -0.9102268
2.07505 1.872875 -0.9192013
2.07505 1.872875 -0.9192013
2.07505 1.872875 -0.9192013
2.07505 1.872875 -0.9192013
2.07505 1.872875 -0.9192013
2.07505 1.872875 -0.9192013
2.07505 1.872875 -0.9192013
2.07505 1.872875 -0.9192013
2.07505 1.872875 -0.9192013
2.07505 1.872875 -0.9192013
2.07505 1.872875 -0.9192013
2.07505 1.872875 -0.9192013
2.07505 1.872875 -0.9192013
2.07505 1.872875 -0.9192013
2.07505 1.872875 -0.9192013
2.07505 1.872875 -0.9192013
2.07505 1.872875 -0.9192013
2.07505 1.872875 -0.9192013
2.07505 1.872875 -0.9192013
2.07505 1.872875 -0.9192013
2.07505 1.872875 -0.9192013
2.169857 1.888773 -0.521403
2.169857 1.888773 -0.521403
2.169857 1.888773 -0.521403
2.169857 1.888773 -0.521403
2.169857 1.888773 -0.521403
2.169857 1.888773 -0.521403
2.169857 1.888773 -0.521403
2.169857 1.888773 -0.521403
2.169857 1.888773 -0.521403
2.169857 1.888773 -0.521403
2.169857 1.888773 -0.521403
2.169857 1.888773 -0.521403
2.169857 1.888773 -0.521403
2.169857 1.888773 -0.521403
2.169857 1.888773 -0.521403
2.169857 1.888773 -0.521403
2.169857 1.888773 -0.521403
2.169857 1.888773 -0.521403
2.169857 1.888773 -0.521403
2.169857 1.888773 -0.521403
2.169857 1.888773 -0.521403
2.169857 1.888773 -0.521403
2.169857 1.888773 -0.521403
2.169857 1.888773 -0.521403
2.169857 1.888773 -0.521403
2.169857 1.888773 -0.521403
2.169857 1.888773 -0.521403
2.169857 1.888773 -0.521403
2.169857 1.888773 -0.521403
2.169857 1.888773 -0.521403
2.169857 1.888773 -0.521403
2.215928 1.992867 -0.6908514
2.215928 1.992867 -0.6908514
2.215928 1.992867 -0.6908514
2.215928 1.992867 -0.6908514
2.215928 1.992867 -0.6908514
2.215928 1.992867 -0.6908514
2.215928 1.992867 -0.6908514
2.215928 1.992867 -0.6908514
2.215928 1.992867 -0.6908514
2.215928 1.992867 -0.6908514
2.215928 1.992867 -0.6908514
2.215928 1.992867 -0.6908514
2.215928 1.992867 -0.6908514
2.215928 1.992867 -0.6908514
2.215928 1.992867 -0.6908514
2.215928 1.992867 -0.6908514
2.215928 1.992867 -0.6908514
2.215928 1.992867 -0.6908514
2.215928 1.992867 -0.6908514
2.215928 1.992867 -0.6908514
2.215928 1.992867 -0.6908514
2.215928 1.992867 -0.6908514
2.215928 1.992867 -0.6908514
2.215928 1.992867 -0.6908514
2.215928 1.992867 -0.6908514
2.215928 1.992867 -0.6908514
2.215928 1.992867 -0.6908514
2.215928 1.992867 -0.6908514
2.215928 1.992867 -0.6908514
2.353489 1.575786 -1.108469
2.353489 1.575786 -1.108469
2.353489 1.575786 -1.108469
2.353489 1.575786 -1.108469
2.353489 1.575786 -1.108469
2.353489 1.575786 -1.108469
2.353489 1.575786 -1.108469
2.353489 1.575786 -1.108469
2.353489 1.575786 -1.108469
2.353489 1.575786 -1.108469
2.353489 1.575786 -1.108469
2.353489 1.575786 -1.108469
2.353489 1.575786 -1.108469
2.353489 1.575786 -1.108469
2.353489 1.575786 -1.108469
2.353489 1.575786 -1.108469
2.353489 1.575786 -1.108469
2.353489 1.575786 -1.108469
2.353489 1.575786 -1.108469
2.353489 1.575786 -1.108469
2.353489 1.575786 -1.108469
2.353489 1.575786 -1.108469
2.353489 1.575786 -1.108469
2.353489 1.575786 -1.108469
2.353489 1.575786 -1.108469
2.353489 1.575786 -1.108469
2.353489 1.575786 -1.108469
2.353489 1.575786 -1.108469
2.353489 1.575786 -1.108469
2.353489 1.575786 -1.108469
2.353489 1.575786 -1.108469
2.380818 1.692762 -1.245009
2.380818 1.692762 -1.245009
2.380818 1.692762 -1.245009
2.380818 1.692762 -1.245009
2.380818 1.692762 -1.245009
2.380818 1.692762 -1.245009
2.380818 1.692762 -1.245009
2.380818 1.692762 -1.245009
2.380818 1.692762 -1.245009
2.380818 1.692762 -1.245009
2.380818 1.692762 -1.245009
2.380818 1.692762 -1.245009
2.380818 1.692762 -1.245009
2.380818 1.692762 -1.245009
2.380818 1.692762 -1.245009
2.380818 1.692762 -1.245009
2.380818 1.692762 -1.245009
2.380818 1.692762 -1.245009
2.380818 1.692762 -1.245009
2.380818 1.692762 -1.245009
2.380818 1.692762 -1.245009
2.380818 1.692762 -1.245009
2.380818 1.692762 -1.245009
2.380818 1.692762 -1.245009
2.380818 1.692762 -1.245009
2.380818 1.692762 -1.245009
2.380818 1.692762 -1.245009
2.380818 1.692762 -1.245009
2.380818 1.692762 -1.245009
2.380818 1.692762 -1.245009
2.380818 1.692762 -1.245009
2.380818 1.692762 -1.245009
2.380818 1.692762 -1.245009
2.380818 1.692762 -1.245009
2.380818 1.692762 -1.245009
2.380818 1.692762 -1.245009
2.380818 1.692762 -1.245009
2.380818 1.692762 -1.245009
2.380818 1.692762 -1.245009
2.380818 1.692762 -1.245009
2.380818 1.692762 -1.245009
2.380818 1.692762 -1.245009
2.380818 1.692762 -1.245009
2.380818 1.692762 -1.245009
2.380818 1.692762 -1.245009
2.380818 1.692762 -1.245009
2.380818 1.692762 -1.245009
2.380818 1.692762 -1.245009
2.380818 1.692762 -1.245009
2.380818 1.692762 -1.245009
2.380818 1.692762 -1.245009
2.380818 1.692762 -1.245009
2.380818 1.692762 -1.245009
2.380818 1.692762 -1.245009
2.380818 1.692762 -1.245009
2.380818 1.692762 -1.245009
2.380818 1.692762 -1.245009
2.380818 1.692762 -1.245009
2.380818 1.692762 -1.245009
2.380818 1.692762 -1.245009
2.394563 1.792687 -1.350852
2.394563 1.792687 -1.350852
2.394563 1.792687 -1.350852
2.394563 1.792687 -1.350852
2.394563 1.792687 -1.350852
2.394563 1.792687 -1.350852
2.394563 1.792687 -1.350852
2.394563 1.792687 -1.350852
2.394563 1.792687 -1.350852
2.394563 1.792687 -1.350852
2.394563 1.792687 -1.350852
2.394563 1.792687 -1.350852
2.394563 1.792687 -1.350852
2.394563 1.792687 -1.350852
2.394563 1.792687 -1.350852
2.394563 1.792687 -1.350852
2.394563 1.792687 -1.350852
2.394563 1.792687 -1.350852
2.394563 1.792687 -1.350852
2.394563 1.792687 -1.350852
2.394563 1.792687 -1.350852
2.394563 1.792687 -1.350852
2.394563 1.792687 -1.350852
2.394563 1.792687 -1.350852
2.394563 1.792687 -1.350852
2.394563 1.792687 -1.350852
2.394563 1.792687 -1.350852
2.394563 1.792687 -1.350852
2.394563 1.792687 -1.350852
2.394563 1.792687 -1.350852
2.394563 1.792687 -1.350852
2.394563 1.792687 -1.350852
2.394563 1.792687 -1.350852
2.394563 1.792687 -1.350852
2.394563 1.792687 -1.350852
2.394563 1.792687 -1.350852
2.394563 1.792687 -1.350852
2.394563 1.792687 -1.350852
2.394563 1.792687 -1.350852
2.394563 1.792687 -1.350852
2.394563 1.792687 -1.350852
2.394563 1.792687 -1.350852
2.394563 1.792687 -1.350852
2.394563 1.792687 -1.350852
2.394563 1.792687 -1.350852
2.394563 1.792687 -1.350852
2.394563 1.792687 -1.350852
2.394563 1.792687 -1.350852
2.394563 1.792687 -1.350852
2.394563 1.792687 -1.350852
2.394563 1.792687 -1.350852
2.394563 1.792687 -1.350852
2.394563 1.792687 -1.350852
2.394563 1.792687 -1.350852
2.394563 1.792687 -1.350852
2.394563 1.792687 -1.350852
2.394563 1.792687 -1.350852
2.394563 1.792687 -1.350852
2.394563 1.792687 -1.350852
2.394563 1.792687 -1.350852
2.408799 1.872862 -1.410769
2.408799 1.872862 -1.410769
2.408799 1.872862 -1.410769
2.408799 1.872862 -1.410769
2.408799 1.872862 -1.410769
2.408799 1.872862 -1.410769
2.408799 1.872862 -1.410769
2.408799 1.872862 -1.410769
2.408799 1.872862 -1.410769
2.408799 1.872862 -1.410769
2.408799 1.872862 -1.410769
2.408799 1.872862 -1.410769
2.408799 1.872862 -1.410769
2.408799 1.872862 -1.410769
2.408799 1.872862 -1.410769
2.408799 1.872862 -1.410769
2.408799 1.872862 -1.410769
2.408799 1.872862 -1.410769
2.408799 1.872862 -1.410769
2.408799 1.872862 -1.410769
2.408799 1.872862 -1.410769
2.408799 1.872862 -1.410769
2.408799 1.872862 -1.410769
2.408799 1.872862 -1.410769
2.408799 1.872862 -1.410769
2.408799 1.872862 -1.410769
2.408799 1.872862 -1.410769
2.408799 1.872862 -1.410769
2.565331 2.24841 -1.664552
2.565331 2.24841 -1.664552
2.565331 2.24841 -1.664552
2.565331 2.24841 -1.664552
2.565331 2.24841 -1.664552
2.565331 2.24841 -1.664552
2.565331 2.24841 -1.664552
2.565331 2.24841 -1.664552
2.565331 2.24841 -1.664552
2.565331 2.24841 -1.664552
2.565331 2.24841 -1.664552
2.565331 2.24841 -1.664552
2.565331 2.24841 -1.664552
2.565331 2.24841 -1.664552
2.565331 2.24841 -1.664552
2.565331 2.24841 -1.664552
2.565331 2.24841 -1.664552
2.565331 2.24841 -1.664552
2.565331 2.24841 -1.664552
2.565331 2.24841 -1.664552
2.565331 2.24841 -1.664552
2.565331 2.24841 -1.664552
2.565331 2.24841 -1.664552
2.565331 2.24841 -1.664552
2.565331 2.24841 -1.664552
2.565331 2.24841 -1.664552
2.565331 2.24841 -1.664552
2.565331 2.24841 -1.664552
2.565331 2.24841 -1.664552
2.565331 2.24841 -1.664552
2.565331 2.24841 -1.664552
2.565331 2.24841 -1.664552
2.579989 2.322906 -1.688751
2.579989 2.322906 -1.688751
2.579989 2.322906 -1.688751
2.579989 2.322906 -1.688751
2.579989 2.322906 -1.688751
2.579989 2.322906 -1.688751
2.579989 2.322906 -1.688751
2.579989 2.322906 -1.688751
2.579989 2.322906 -1.688751
2.579989 2.322906 -1.688751
2.579989 2.322906 -1.688751
2.579989 2.322906 -1.688751
2.579989 2.322906 -1.688751
2.579989 2.322906 -1.688751
2.579989 2.322906 -1.688751
2.579989 2.322906 -1.688751
2.579989 2.322906 -1.688751
2.579989 2.322906 -1.688751
2.579989 2.322906 -1.688751
2.579989 2.322906 -1.688751
