1.333632 0.6181471 0.6088312
1.333632 0.6181471 0.6088312
1.546768 1.401474 0.003571647
1.341547 1.017812 -0.5810795
1.341547 1.017812 -0.5810795
1.341547 1.017812 -0.5810795
1.445702 0.7678289 -0.9262224
1.445702 0.7678289 -0.9262224
1.445702 0.7678289 -0.9262224
1.777373 0.8920767 -1.005188
1.50254 1.378917 -0.769714
1.296447 1.167222 -0.3716657
1.514149 1.330008 -0.4035881
1.249793 0.7700415 -0.5713288
1.249793 0.7700415 -0.5713288
1.392615 0.9908201 -0.2542994
1.410245 0.6670803 -0.3969806
1.535533 0.7083249 -0.7383734
1.335844 0.7758019 -0.4766173
1.335844 0.7758019 -0.4766173
1.335844 0.7758019 -0.4766173
1.569839 1.213169 -0.2337055
1.451716 1.426091 -0.3575868
1.451716 1.426091 -0.3575868
1.719923 1.248561 -0.7248602
1.750165 1.609404 -0.8246501
1.750165 1.609404 -0.8246501
1.854303 1.709959 -0.9308312
1.854303 1.709959 -0.9308312
1.854303 1.709959 -0.9308312
1.934971 1.768138 -1.020753
1.934971 1.768138 -1.020753
1.934971 1.768138 -1.020753
2.036489 1.873043 -1.130643
2.036489 1.873043 -1.130643
1.894833 1.687591 -1.523595
1.998363 1.794351 -1.629809
2.258809 1.723635 -1.321167
1.953945 2.119109 -1.368676
2.021073 2.2055 -1.473188
2.131132 1.660008 -1.201217
1.969654 1.89441 -1.193235
2.138215 1.869488 -1.006324
2.186256 2.095342 -1.734343
2.186256 2.095342 -1.734343
2.265204 2.157826 -1.763852
2.265204 2.157826 -1.763852
2.265204 2.157826 -1.763852
2.341429 2.236154 -1.776804
