0.6938672 0.8004059 0.5314889
1.083824 1.136676 0.7641014
1.083824 1.136676 0.7641014
1.429044 1.558503 -0.5535658
1.429044 1.558503 -0.5535658
1.429044 1.558503 -0.5535658
1.429044 1.558503 -0.5535658
1.429044 1.558503 -0.5535658
1.429044 1.558503 -0.5535658
1.351511 1.457912 0.7361147
1.351511 1.457912 0.7361147
1.334844 0.7556124 -0.3624835
1.334844 0.7556124 -0.3624835
1.334844 0.7556124 -0.3624835
1.334844 0.7556124 -0.3624835
1.334844 0.7556124 -0.3624835
1.334844 0.7556124 -0.3624835
1.334844 0.7556124 -0.3624835
1.334844 0.7556124 -0.3624835
1.334844 0.7556124 -0.3624835
1.654799 0.6836504 -1.152679
1.654799 0.6836504 -1.152679
1.654799 0.6836504 -1.152679
1.654799 0.6836504 -1.152679
1.85249 1.038541 -0.8658181
1.85249 1.038541 -0.8658181
1.85249 1.038541 -0.8658181
1.85249 1.038541 -0.8658181
1.85249 1.038541 -0.8658181
1.85249 1.038541 -0.8658181
1.85249 1.038541 -0.8658181
1.85249 1.038541 -0.8658181
1.85249 1.038541 -0.8658181
1.85249 1.038541 -0.8658181
1.85249 1.038541 -0.8658181
1.85249 1.038541 -0.8658181
1.85249 1.038541 -0.8658181
1.85249 1.038541 -0.8658181
1.85249 1.038541 -0.8658181
1.85249 1.038541 -0.8658181
1.85249 1.038541 -0.8658181
1.85249 1.038541 -0.8658181
1.85249 1.038541 -0.8658181
1.85249 1.038541 -0.8658181
1.85249 1.038541 -0.8658181
1.85249 1.038541 -0.8658181
1.85249 1.038541 -0.8658181
1.85249 1.038541 -0.8658181
1.85249 1.038541 -0.8658181
1.85249 1.038541 -0.8658181
1.85249 1.038541 -0.8658181
1.85249 1.038541 -0.8658181
1.85249 1.038541 -0.8658181
1.85249 1.038541 -0.8658181
1.85249 1.038541 -0.8658181
1.85249 1.038541 -0.8658181
1.85249 1.038541 -0.8658181
1.85249 1.038541 -0.8658181
1.85249 1.038541 -0.8658181
1.85249 1.038541 -0.8658181
2.066037 1.114943 -0.8712753
2.066037 1.114943 -0.8712753
2.066037 1.114943 -0.8712753
2.066037 1.114943 -0.8712753
2.066037 1.114943 -0.8712753
2.066037 1.114943 -0.8712753
2.066037 1.114943 -0.8712753
2.066037 1.114943 -0.8712753
1.645738 0.5386826 0.7390681
1.645738 0.5386826 0.7390681
1.645738 0.5386826 0.7390681
1.645738 0.5386826 0.7390681
1.645738 0.5386826 0.7390681
1.645738 0.5386826 0.7390681
1.645738 0.5386826 0.7390681
1.645738 0.5386826 0.7390681
1.645738 0.5386826 0.7390681
1.645738 0.5386826 0.7390681
1.645738 0.5386826 0.7390681
1.645738 0.5386826 0.7390681
1.645738 0.5386826 0.7390681
1.645738 0.5386826 0.7390681
1.645738 0.5386826 0.7390681
1.645738 0.5386826 0.7390681
1.645738 0.5386826 0.7390681
1.645738 0.5386826 0.7390681
1.645738 0.5386826 0.7390681
1.645738 0.5386826 0.7390681
1.645738 0.5386826 0.7390681
1.645738 0.5386826 0.7390681
1.469588 -0.1024158 0.5236174
1.469588 -0.1024158 0.5236174
1.469588 -0.1024158 0.5236174
1.469588 -0.1024158 0.5236174
1.469588 -0.1024158 0.5236174
1.469588 -0.1024158 0.5236174
1.469588 -0.1024158 0.5236174
1.469588 -0.1024158 0.5236174
1.469588 -0.1024158 0.5236174
1.469588 -0.1024158 0.5236174
1.469588 -0.1024158 0.5236174
1.469588 -0.1024158 0.5236174
1.469588 -0.1024158 0.5236174
1.469588 -0.1024158 0.5236174
1.469588 -0.1024158 0.5236174
1.469588 -0.1024158 0.5236174
1.469588 -0.1024158 0.5236174
1.469588 -0.1024158 0.5236174
1.469588 -0.1024158 0.5236174
1.469588 -0.1024158 0.5236174
1.469588 -0.1024158 0.5236174
1.469588 -0.1024158 0.5236174
1.469588 -0.1024158 0.5236174
1.469588 -0.1024158 0.5236174
1.469588 -0.1024158 0.5236174
1.469588 -0.1024158 0.5236174
1.469588 -0.1024158 0.5236174
1.913733 0.9107049 -0.4495522
1.913733 0.9107049 -0.4495522
1.913733 0.9107049 -0.4495522
2.388284 1.11281 -0.4694534
2.388284 1.11281 -0.4694534
2.388284 1.11281 -0.4694534
2.388284 1.11281 -0.4694534
1.472388 0.7561375 -0.2724314
1.472388 0.7561375 -0.2724314
1.472388 0.7561375 -0.2724314
1.472388 0.7561375 -0.2724314
1.472388 0.7561375 -0.2724314
1.472388 0.7561375 -0.2724314
1.472388 0.7561375 -0.2724314
1.472388 0.7561375 -0.2724314
1.472388 0.7561375 -0.2724314
1.472388 0.7561375 -0.2724314
1.472388 0.7561375 -0.2724314
1.472388 0.7561375 -0.2724314
1.472388 0.7561375 -0.2724314
1.472388 0.7561375 -0.2724314
1.472388 0.7561375 -0.2724314
1.472388 0.7561375 -0.2724314
1.472388 0.7561375 -0.2724314
1.472388 0.7561375 -0.2724314
1.472388 0.7561375 -0.2724314
1.472388 0.7561375 -0.2724314
1.472388 0.7561375 -0.2724314
1.472388 0.7561375 -0.2724314
1.472388 0.7561375 -0.2724314
1.472388 0.7561375 -0.2724314
1.472388 0.7561375 -0.2724314
1.472388 0.7561375 -0.2724314
1.472388 0.7561375 -0.2724314
1.472388 0.7561375 -0.2724314
1.472388 0.7561375 -0.2724314
1.472388 0.7561375 -0.2724314
1.472388 0.7561375 -0.2724314
1.472388 0.7561375 -0.2724314
1.472388 0.7561375 -0.2724314
1.472388 0.7561375 -0.2724314
1.472388 0.7561375 -0.2724314
1.472388 0.7561375 -0.2724314
1.472388 0.7561375 -0.2724314
1.472388 0.7561375 -0.2724314
1.472388 0.7561375 -0.2724314
1.472388 0.7561375 -0.2724314
1.472388 0.7561375 -0.2724314
1.472388 0.7561375 -0.2724314
1.472388 0.7561375 -0.2724314
1.472388 0.7561375 -0.2724314
1.472388 0.7561375 -0.2724314
1.472388 0.7561375 -0.2724314
1.472388 0.7561375 -0.2724314
1.472388 0.7561375 -0.2724314
1.472388 0.7561375 -0.2724314
1.472388 0.7561375 -0.2724314
1.472388 0.7561375 -0.2724314
1.472388 0.7561375 -0.2724314
1.472388 0.7561375 -0.2724314
1.472388 0.7561375 -0.2724314
1.472388 0.7561375 -0.2724314
1.472388 0.7561375 -0.2724314
1.791126 0.8874748 -0.3805678
1.791126 0.8874748 -0.3805678
1.791126 0.8874748 -0.3805678
1.791126 0.8874748 -0.3805678
1.791126 0.8874748 -0.3805678
1.791126 0.8874748 -0.3805678
1.791126 0.8874748 -0.3805678
1.791126 0.8874748 -0.3805678
1.791126 0.8874748 -0.3805678
1.791126 0.8874748 -0.3805678
1.791126 0.8874748 -0.3805678
1.791126 0.8874748 -0.3805678
1.791126 0.8874748 -0.3805678
1.791126 0.8874748 -0.3805678
1.791126 0.8874748 -0.3805678
1.791126 0.8874748 -0.3805678
1.791126 0.8874748 -0.3805678
1.791126 0.8874748 -0.3805678
1.791126 0.8874748 -0.3805678
1.791126 0.8874748 -0.3805678
1.791126 0.8874748 -0.3805678
1.791126 0.8874748 -0.3805678
1.791126 0.8874748 -0.3805678
1.791126 0.8874748 -0.3805678
1.791126 0.8874748 -0.3805678
1.791126 0.8874748 -0.3805678
1.791126 0.8874748 -0.3805678
1.791126 0.8874748 -0.3805678
1.791126 0.8874748 -0.3805678
1.791126 0.8874748 -0.3805678
1.791126 0.8874748 -0.3805678
1.791126 0.8874748 -0.3805678
1.791126 0.8874748 -0.3805678
1.791126 0.8874748 -0.3805678
1.791126 0.8874748 -0.3805678
1.791126 0.8874748 -0.3805678
1.791126 0.8874748 -0.3805678
1.791126 0.8874748 -0.3805678
1.791126 0.8874748 -0.3805678
1.791126 0.8874748 -0.3805678
1.791126 0.8874748 -0.3805678
1.791126 0.8874748 -0.3805678
1.791126 0.8874748 -0.3805678
1.791126 0.8874748 -0.3805678
1.791126 0.8874748 -0.3805678
1.791126 0.8874748 -0.3805678
1.791126 0.8874748 -0.3805678
1.791126 0.8874748 -0.3805678
1.791126 0.8874748 -0.3805678
1.791126 0.8874748 -0.3805678
1.791126 0.8874748 -0.3805678
1.791126 0.8874748 -0.3805678
1.791126 0.8874748 -0.3805678
1.791126 0.8874748 -0.3805678
1.791126 0.8874748 -0.3805678
1.791126 0.8874748 -0.3805678
1.791126 0.8874748 -0.3805678
1.791126 0.8874748 -0.3805678
1.791126 0.8874748 -0.3805678
1.791126 0.8874748 -0.3805678
1.836012 1.121908 -0.617852
1.836012 1.121908 -0.617852
1.836012 1.121908 -0.617852
1.836012 1.121908 -0.617852
1.836012 1.121908 -0.617852
1.836012 1.121908 -0.617852
1.836012 1.121908 -0.617852
1.836012 1.121908 -0.617852
1.836012 1.121908 -0.617852
1.836012 1.121908 -0.617852
1.836012 1.121908 -0.617852
1.836012 1.121908 -0.617852
1.836012 1.121908 -0.617852
1.836012 1.121908 -0.617852
1.836012 1.121908 -0.617852
1.836012 1.121908 -0.617852
1.836012 1.121908 -0.617852
1.836012 1.121908 -0.617852
1.836012 1.121908 -0.617852
1.836012 1.121908 -0.617852
1.836012 1.121908 -0.617852
1.836012 1.121908 -0.617852
1.836012 1.121908 -0.617852
1.836012 1.121908 -0.617852
1.836012 1.121908 -0.617852
1.836012 1.121908 -0.617852
1.836012 1.121908 -0.617852
1.836012 1.121908 -0.617852
1.836012 1.121908 -0.617852
1.836012 1.121908 -0.617852
1.836012 1.121908 -0.617852
1.836012 1.121908 -0.617852
1.836012 1.121908 -0.617852
1.836012 1.121908 -0.617852
1.836012 1.121908 -0.617852
1.836012 1.121908 -0.617852
1.836012 1.121908 -0.617852
1.836012 1.121908 -0.617852
1.836012 1.121908 -0.617852
1.836012 1.121908 -0.617852
1.836012 1.121908 -0.617852
1.836012 1.121908 -0.617852
1.836012 1.121908 -0.617852
1.836012 1.121908 -0.617852
1.836012 1.121908 -0.617852
1.836012 1.121908 -0.617852
1.836012 1.121908 -0.617852
1.836012 1.121908 -0.617852
1.836012 1.121908 -0.617852
1.836012 1.121908 -0.617852
1.836012 1.121908 -0.617852
1.836012 1.121908 -0.617852
1.836012 1.121908 -0.617852
1.836012 1.121908 -0.617852
1.836012 1.121908 -0.617852
1.836012 1.121908 -0.617852
1.836012 1.121908 -0.617852
1.836012 1.121908 -0.617852
1.836012 1.121908 -0.617852
1.836012 1.121908 -0.617852
1.990375 1.277396 -0.6597056
1.990375 1.277396 -0.6597056
1.990375 1.277396 -0.6597056
1.990375 1.277396 -0.6597056
1.990375 1.277396 -0.6597056
1.990375 1.277396 -0.6597056
1.990375 1.277396 -0.6597056
1.990375 1.277396 -0.6597056
1.990375 1.277396 -0.6597056
1.990375 1.277396 -0.6597056
1.990375 1.277396 -0.6597056
1.990375 1.277396 -0.6597056
1.990375 1.277396 -0.6597056
1.990375 1.277396 -0.6597056
1.990375 1.277396 -0.6597056
1.990375 1.277396 -0.6597056
1.990375 1.277396 -0.6597056
1.990375 1.277396 -0.6597056
1.990375 1.277396 -0.6597056
1.990375 1.277396 -0.6597056
1.990375 1.277396 -0.6597056
1.990375 1.277396 -0.6597056
1.990375 1.277396 -0.6597056
1.990375 1.277396 -0.6597056
1.884277 1.201316 -0.8586965
1.884277 1.201316 -0.8586965
1.884277 1.201316 -0.8586965
1.884277 1.201316 -0.8586965
1.884277 1.201316 -0.8586965
1.884277 1.201316 -0.8586965
1.727694 1.259632 -0.1814495
1.727694 1.259632 -0.1814495
1.727694 1.259632 -0.1814495
1.727694 1.259632 -0.1814495
1.727694 1.259632 -0.1814495
1.903563 1.141401 -0.1731327
1.903563 1.141401 -0.1731327
1.903563 1.141401 -0.1731327
1.903563 1.141401 -0.1731327
1.903563 1.141401 -0.1731327
1.903563 1.141401 -0.1731327
1.903563 1.141401 -0.1731327
1.903563 1.141401 -0.1731327
1.903563 1.141401 -0.1731327
1.903563 1.141401 -0.1731327
1.903563 1.141401 -0.1731327
1.903563 1.141401 -0.1731327
1.903563 1.141401 -0.1731327
1.903563 1.141401 -0.1731327
1.903563 1.141401 -0.1731327
1.903563 1.141401 -0.1731327
1.903563 1.141401 -0.1731327
1.903563 1.141401 -0.1731327
1.903563 1.141401 -0.1731327
1.903563 1.141401 -0.1731327
1.903563 1.141401 -0.1731327
1.903563 1.141401 -0.1731327
1.903563 1.141401 -0.1731327
1.903563 1.141401 -0.1731327
1.903563 1.141401 -0.1731327
2.024309 1.29303 -0.2392136
2.024309 1.29303 -0.2392136
2.024309 1.29303 -0.2392136
2.024309 1.29303 -0.2392136
2.024309 1.29303 -0.2392136
2.024309 1.29303 -0.2392136
2.024309 1.29303 -0.2392136
2.024309 1.29303 -0.2392136
2.024309 1.29303 -0.2392136
2.024309 1.29303 -0.2392136
2.024309 1.29303 -0.2392136
2.024309 1.29303 -0.2392136
2.024309 1.29303 -0.2392136
2.024309 1.29303 -0.2392136
2.024309 1.29303 -0.2392136
2.024309 1.29303 -0.2392136
2.024309 1.29303 -0.2392136
2.024309 1.29303 -0.2392136
2.024309 1.29303 -0.2392136
2.024309 1.29303 -0.2392136
2.024309 1.29303 -0.2392136
2.024309 1.29303 -0.2392136
2.024309 1.29303 -0.2392136
2.024309 1.29303 -0.2392136
2.024309 1.29303 -0.2392136
2.024309 1.29303 -0.2392136
2.024309 1.29303 -0.2392136
2.024309 1.29303 -0.2392136
2.024309 1.29303 -0.2392136
2.024309 1.29303 -0.2392136
2.024309 1.29303 -0.2392136
2.024309 1.29303 -0.2392136
2.024309 1.29303 -0.2392136
2.024309 1.29303 -0.2392136
2.024309 1.29303 -0.2392136
2.024309 1.29303 -0.2392136
2.024309 1.29303 -0.2392136
2.024309 1.29303 -0.2392136
2.024309 1.29303 -0.2392136
2.024309 1.29303 -0.2392136
2.024309 1.29303 -0.2392136
2.024309 1.29303 -0.2392136
2.024309 1.29303 -0.2392136
2.024309 1.29303 -0.2392136
2.024309 1.29303 -0.2392136
2.024309 1.29303 -0.2392136
2.024309 1.29303 -0.2392136
2.024309 1.29303 -0.2392136
2.024309 1.29303 -0.2392136
2.024309 1.29303 -0.2392136
2.024309 1.29303 -0.2392136
2.024309 1.29303 -0.2392136
2.024309 1.29303 -0.2392136
2.024309 1.29303 -0.2392136
2.024309 1.29303 -0.2392136
2.024309 1.29303 -0.2392136
2.024309 1.29303 -0.2392136
2.024309 1.29303 -0.2392136
2.024309 1.29303 -0.2392136
2.024309 1.29303 -0.2392136
2.119573 1.437764 -0.3266499
2.119573 1.437764 -0.3266499
2.231048 1.484371 -1.34966
2.231048 1.484371 -1.34966
2.231048 1.484371 -1.34966
2.231048 1.484371 -1.34966
2.231048 1.484371 -1.34966
2.231048 1.484371 -1.34966
2.231048 1.484371 -1.34966
2.231048 1.484371 -1.34966
2.231048 1.484371 -1.34966
2.231048 1.484371 -1.34966
2.231048 1.484371 -1.34966
2.231048 1.484371 -1.34966
2.231048 1.484371 -1.34966
2.231048 1.484371 -1.34966
2.231048 1.484371 -1.34966
2.231048 1.484371 -1.34966
2.231048 1.484371 -1.34966
2.231048 1.484371 -1.34966
2.231048 1.484371 -1.34966
2.231048 1.484371 -1.34966
2.231048 1.484371 -1.34966
2.231048 1.484371 -1.34966
2.231048 1.484371 -1.34966
2.231048 1.484371 -1.34966
2.231048 1.484371 -1.34966
2.231048 1.484371 -1.34966
2.231048 1.484371 -1.34966
2.231048 1.484371 -1.34966
2.231048 1.484371 -1.34966
2.231048 1.484371 -1.34966
2.231048 1.484371 -1.34966
2.231048 1.484371 -1.34966
2.231048 1.484371 -1.34966
2.231048 1.484371 -1.34966
2.231048 1.484371 -1.34966
2.231048 1.484371 -1.34966
2.231048 1.484371 -1.34966
2.231048 1.484371 -1.34966
2.231048 1.484371 -1.34966
2.231048 1.484371 -1.34966
2.231048 1.484371 -1.34966
2.231048 1.484371 -1.34966
2.231048 1.484371 -1.34966
2.231048 1.484371 -1.34966
2.231048 1.484371 -1.34966
2.231048 1.484371 -1.34966
1.790588 1.222983 -0.750396
1.790588 1.222983 -0.750396
1.790588 1.222983 -0.750396
1.790588 1.222983 -0.750396
1.790588 1.222983 -0.750396
1.790588 1.222983 -0.750396
1.790588 1.222983 -0.750396
1.790588 1.222983 -0.750396
1.790588 1.222983 -0.750396
1.790588 1.222983 -0.750396
1.790588 1.222983 -0.750396
1.790588 1.222983 -0.750396
1.886028 1.398121 -0.8687081
1.886028 1.398121 -0.8687081
1.886028 1.398121 -0.8687081
1.886028 1.398121 -0.8687081
1.886028 1.398121 -0.8687081
1.886028 1.398121 -0.8687081
1.886028 1.398121 -0.8687081
1.886028 1.398121 -0.8687081
1.886028 1.398121 -0.8687081
1.886028 1.398121 -0.8687081
1.886028 1.398121 -0.8687081
1.886028 1.398121 -0.8687081
1.886028 1.398121 -0.8687081
1.886028 1.398121 -0.8687081
1.886028 1.398121 -0.8687081
1.886028 1.398121 -0.8687081
1.886028 1.398121 -0.8687081
1.886028 1.398121 -0.8687081
1.886028 1.398121 -0.8687081
1.886028 1.398121 -0.8687081
1.886028 1.398121 -0.8687081
1.886028 1.398121 -0.8687081
1.886028 1.398121 -0.8687081
1.886028 1.398121 -0.8687081
1.886028 1.398121 -0.8687081
1.886028 1.398121 -0.8687081
1.886028 1.398121 -0.8687081
1.886028 1.398121 -0.8687081
1.886028 1.398121 -0.8687081
1.886028 1.398121 -0.8687081
1.886028 1.398121 -0.8687081
1.886028 1.398121 -0.8687081
1.886028 1.398121 -0.8687081
1.886028 1.398121 -0.8687081
1.886028 1.398121 -0.8687081
1.886028 1.398121 -0.8687081
1.886028 1.398121 -0.8687081
1.886028 1.398121 -0.8687081
1.886028 1.398121 -0.8687081
1.886028 1.398121 -0.8687081
1.886028 1.398121 -0.8687081
1.886028 1.398121 -0.8687081
1.886028 1.398121 -0.8687081
1.886028 1.398121 -0.8687081
1.886028 1.398121 -0.8687081
1.886028 1.398121 -0.8687081
1.886028 1.398121 -0.8687081
1.886028 1.398121 -0.8687081
1.886028 1.398121 -0.8687081
1.886028 1.398121 -0.8687081
1.886028 1.398121 -0.8687081
1.886028 1.398121 -0.8687081
1.886028 1.398121 -0.8687081
1.886028 1.398121 -0.8687081
1.886028 1.398121 -0.8687081
1.886028 1.398121 -0.8687081
1.886028 1.398121 -0.8687081
1.886028 1.398121 -0.8687081
1.886028 1.398121 -0.8687081
1.886028 1.398121 -0.8687081
1.956807 1.501846 -0.9548366
1.956807 1.501846 -0.9548366
2.215804 1.865772 -0.8962533
2.215804 1.865772 -0.8962533
2.215804 1.865772 -0.8962533
2.215804 1.865772 -0.8962533
2.215804 1.865772 -0.8962533
2.215804 1.865772 -0.8962533
2.215804 1.865772 -0.8962533
2.215804 1.865772 -0.8962533
2.215804 1.865772 -0.8962533
2.215804 1.865772 -0.8962533
2.215804 1.865772 -0.8962533
2.215804 1.865772 -0.8962533
2.215804 1.865772 -0.8962533
2.215804 1.865772 -0.8962533
2.215804 1.865772 -0.8962533
2.215804 1.865772 -0.8962533
2.215804 1.865772 -0.8962533
2.215804 1.865772 -0.8962533
2.215804 1.865772 -0.8962533
2.215804 1.865772 -0.8962533
2.215804 1.865772 -0.8962533
2.215804 1.865772 -0.8962533
2.215804 1.865772 -0.8962533
2.215804 1.865772 -0.8962533
2.215804 1.865772 -0.8962533
2.215804 1.865772 -0.8962533
2.215804 1.865772 -0.8962533
2.215804 1.865772 -0.8962533
2.215804 1.865772 -0.8962533
2.215804 1.865772 -0.8962533
2.215804 1.865772 -0.8962533
2.215804 1.865772 -0.8962533
2.215804 1.865772 -0.8962533
2.215804 1.865772 -0.8962533
2.215804 1.865772 -0.8962533
2.215804 1.865772 -0.8962533
2.215804 1.865772 -0.8962533
2.215804 1.865772 -0.8962533
2.215804 1.865772 -0.8962533
2.215804 1.865772 -0.8962533
2.215804 1.865772 -0.8962533
2.215804 1.865772 -0.8962533
2.215804 1.865772 -0.8962533
2.215804 1.865772 -0.8962533
2.215804 1.865772 -0.8962533
2.215804 1.865772 -0.8962533
2.215804 1.865772 -0.8962533
2.215804 1.865772 -0.8962533
2.215804 1.865772 -0.8962533
2.215804 1.865772 -0.8962533
2.215804 1.865772 -0.8962533
2.215804 1.865772 -0.8962533
2.215804 1.865772 -0.8962533
2.215804 1.865772 -0.8962533
2.215804 1.865772 -0.8962533
2.215804 1.865772 -0.8962533
2.215804 1.865772 -0.8962533
2.215804 1.865772 -0.8962533
2.272571 1.930172 -0.9877014
2.272571 1.930172 -0.9877014
2.272571 1.930172 -0.9877014
2.272571 1.930172 -0.9877014
2.272571 1.930172 -0.9877014
2.272571 1.930172 -0.9877014
2.272571 1.930172 -0.9877014
2.272571 1.930172 -0.9877014
2.272571 1.930172 -0.9877014
2.272571 1.930172 -0.9877014
2.272571 1.930172 -0.9877014
2.272571 1.930172 -0.9877014
2.272571 1.930172 -0.9877014
2.272571 1.930172 -0.9877014
2.272571 1.930172 -0.9877014
2.272571 1.930172 -0.9877014
2.272571 1.930172 -0.9877014
2.272571 1.930172 -0.9877014
2.272571 1.930172 -0.9877014
2.272571 1.930172 -0.9877014
2.272571 1.930172 -0.9877014
2.272571 1.930172 -0.9877014
2.272571 1.930172 -0.9877014
2.243451 1.806506 -1.234105
2.243451 1.806506 -1.234105
2.243451 1.806506 -1.234105
2.243451 1.806506 -1.234105
2.243451 1.806506 -1.234105
2.243451 1.806506 -1.234105
2.243451 1.806506 -1.234105
2.243451 1.806506 -1.234105
2.243451 1.806506 -1.234105
2.243451 1.806506 -1.234105
2.243451 1.806506 -1.234105
2.243451 1.806506 -1.234105
2.243451 1.806506 -1.234105
2.243451 1.806506 -1.234105
2.243451 1.806506 -1.234105
2.243451 1.806506 -1.234105
2.243451 1.806506 -1.234105
2.243451 1.806506 -1.234105
2.243451 1.806506 -1.234105
2.243451 1.806506 -1.234105
2.243451 1.806506 -1.234105
2.243451 1.806506 -1.234105
2.243451 1.806506 -1.234105
2.243451 1.806506 -1.234105
2.243451 1.806506 -1.234105
2.243451 1.806506 -1.234105
2.243451 1.806506 -1.234105
2.243451 1.806506 -1.234105
2.243451 1.806506 -1.234105
2.243451 1.806506 -1.234105
2.243451 1.806506 -1.234105
2.243451 1.806506 -1.234105
2.243451 1.806506 -1.234105
2.243451 1.806506 -1.234105
2.243451 1.806506 -1.234105
2.243451 1.806506 -1.234105
2.243451 1.806506 -1.234105
2.30727 1.905579 -1.338778
2.30727 1.905579 -1.338778
2.30727 1.905579 -1.338778
2.30727 1.905579 -1.338778
2.30727 1.905579 -1.338778
2.30727 1.905579 -1.338778
2.30727 1.905579 -1.338778
2.30727 1.905579 -1.338778
2.30727 1.905579 -1.338778
2.30727 1.905579 -1.338778
2.30727 1.905579 -1.338778
2.30727 1.905579 -1.338778
2.30727 1.905579 -1.338778
2.30727 1.905579 -1.338778
2.30727 1.905579 -1.338778
2.30727 1.905579 -1.338778
2.30727 1.905579 -1.338778
2.30727 1.905579 -1.338778
2.30727 1.905579 -1.338778
2.30727 1.905579 -1.338778
2.30727 1.905579 -1.338778
2.30727 1.905579 -1.338778
2.30727 1.905579 -1.338778
2.30727 1.905579 -1.338778
2.30727 1.905579 -1.338778
2.30727 1.905579 -1.338778
2.30727 1.905579 -1.338778
2.30727 1.905579 -1.338778
2.30727 1.905579 -1.338778
2.30727 1.905579 -1.338778
2.30727 1.905579 -1.338778
2.30727 1.905579 -1.338778
2.30727 1.905579 -1.338778
2.30727 1.905579 -1.338778
2.30727 1.905579 -1.338778
2.30727 1.905579 -1.338778
2.30727 1.905579 -1.338778
2.30727 1.905579 -1.338778
2.30727 1.905579 -1.338778
2.30727 1.905579 -1.338778
2.30727 1.905579 -1.338778
2.30727 1.905579 -1.338778
2.30727 1.905579 -1.338778
2.30727 1.905579 -1.338778
2.30727 1.905579 -1.338778
2.30727 1.905579 -1.338778
2.30727 1.905579 -1.338778
2.30727 1.905579 -1.338778
2.30727 1.905579 -1.338778
2.30727 1.905579 -1.338778
2.30727 1.905579 -1.338778
2.30727 1.905579 -1.338778
2.30727 1.905579 -1.338778
2.30727 1.905579 -1.338778
2.30727 1.905579 -1.338778
2.30727 1.905579 -1.338778
2.30727 1.905579 -1.338778
2.30727 1.905579 -1.338778
2.30727 1.905579 -1.338778
2.30727 1.905579 -1.338778
2.363487 2.002399 -1.452138
2.363487 2.002399 -1.452138
2.363487 2.002399 -1.452138
2.363487 2.002399 -1.452138
2.363487 2.002399 -1.452138
2.363487 2.002399 -1.452138
2.363487 2.002399 -1.452138
2.363487 2.002399 -1.452138
2.363487 2.002399 -1.452138
2.363487 2.002399 -1.452138
2.363487 2.002399 -1.452138
2.363487 2.002399 -1.452138
2.363487 2.002399 -1.452138
2.363487 2.002399 -1.452138
2.228366 2.1964 -1.253883
2.228366 2.1964 -1.253883
2.228366 2.1964 -1.253883
2.228366 2.1964 -1.253883
2.228366 2.1964 -1.253883
2.228366 2.1964 -1.253883
2.228366 2.1964 -1.253883
2.228366 2.1964 -1.253883
2.228366 2.1964 -1.253883
2.228366 2.1964 -1.253883
2.228366 2.1964 -1.253883
2.228366 2.1964 -1.253883
2.228366 2.1964 -1.253883
2.228366 2.1964 -1.253883
2.228366 2.1964 -1.253883
2.228366 2.1964 -1.253883
2.228366 2.1964 -1.253883
2.228366 2.1964 -1.253883
2.228366 2.1964 -1.253883
2.228366 2.1964 -1.253883
2.228366 2.1964 -1.253883
2.228366 2.1964 -1.253883
2.228366 2.1964 -1.253883
2.228366 2.1964 -1.253883
2.228366 2.1964 -1.253883
2.228366 2.1964 -1.253883
2.228366 2.1964 -1.253883
2.228366 2.1964 -1.253883
2.228366 2.1964 -1.253883
2.228366 2.1964 -1.253883
2.228366 2.1964 -1.253883
2.228366 2.1964 -1.253883
2.228366 2.1964 -1.253883
2.228366 2.1964 -1.253883
2.228366 2.1964 -1.253883
2.228366 2.1964 -1.253883
2.228366 2.1964 -1.253883
2.228366 2.1964 -1.253883
2.228366 2.1964 -1.253883
2.228366 2.1964 -1.253883
2.228366 2.1964 -1.253883
2.228366 2.1964 -1.253883
2.228366 2.1964 -1.253883
2.228366 2.1964 -1.253883
2.228366 2.1964 -1.253883
2.228366 2.1964 -1.253883
2.257267 2.273989 -1.369139
2.257267 2.273989 -1.369139
2.257267 2.273989 -1.369139
2.257267 2.273989 -1.369139
2.257267 2.273989 -1.369139
2.257267 2.273989 -1.369139
2.257267 2.273989 -1.369139
2.257267 2.273989 -1.369139
2.257267 2.273989 -1.369139
2.257267 2.273989 -1.369139
2.257267 2.273989 -1.369139
2.257267 2.273989 -1.369139
2.257267 2.273989 -1.369139
2.257267 2.273989 -1.369139
2.257267 2.273989 -1.369139
2.257267 2.273989 -1.369139
2.257267 2.273989 -1.369139
2.257267 2.273989 -1.369139
2.257267 2.273989 -1.369139
2.257267 2.273989 -1.369139
2.257267 2.273989 -1.369139
2.257267 2.273989 -1.369139
2.257267 2.273989 -1.369139
2.257267 2.273989 -1.369139
2.257267 2.273989 -1.369139
2.257267 2.273989 -1.369139
2.257267 2.273989 -1.369139
2.257267 2.273989 -1.369139
2.257267 2.273989 -1.369139
2.257267 2.273989 -1.369139
2.257267 2.273989 -1.369139
2.257267 2.273989 -1.369139
2.257267 2.273989 -1.369139
2.257267 2.273989 -1.369139
2.257267 2.273989 -1.369139
2.257267 2.273989 -1.369139
2.257267 2.273989 -1.369139
2.257267 2.273989 -1.369139
2.257267 2.273989 -1.369139
2.257267 2.273989 -1.369139
2.257267 2.273989 -1.369139
2.257267 2.273989 -1.369139
2.257267 2.273989 -1.369139
2.257267 2.273989 -1.369139
2.257267 2.273989 -1.369139
2.257267 2.273989 -1.369139
2.257267 2.273989 -1.369139
2.257267 2.273989 -1.369139
2.257267 2.273989 -1.369139
2.257267 2.273989 -1.369139
2.257267 2.273989 -1.369139
2.257267 2.273989 -1.369139
2.257267 2.273989 -1.369139
2.257267 2.273989 -1.369139
2.257267 2.273989 -1.369139
2.257267 2.273989 -1.369139
2.257267 2.273989 -1.369139
2.257267 2.273989 -1.369139
2.257267 2.273989 -1.369139
2.257267 2.273989 -1.369139
2.297671 2.337391 -1.458287
2.297671 2.337391 -1.458287
2.297671 2.337391 -1.458287
2.297671 2.337391 -1.458287
2.297671 2.337391 -1.458287
2.297671 2.337391 -1.458287
2.297671 2.337391 -1.458287
2.297671 2.337391 -1.458287
2.297671 2.337391 -1.458287
2.297671 2.337391 -1.458287
2.297671 2.337391 -1.458287
2.297671 2.337391 -1.458287
2.297671 2.337391 -1.458287
2.297671 2.337391 -1.458287
2.297671 2.337391 -1.458287
2.297671 2.337391 -1.458287
2.297671 2.337391 -1.458287
2.297671 2.337391 -1.458287
2.297671 2.337391 -1.458287
2.297671 2.337391 -1.458287
2.297671 2.337391 -1.458287
2.297671 2.337391 -1.458287
2.297671 2.337391 -1.458287
2.297671 2.337391 -1.458287
2.297671 2.337391 -1.458287
2.297671 2.337391 -1.458287
2.297671 2.337391 -1.458287
2.297671 2.337391 -1.458287
2.297671 2.337391 -1.458287
2.297671 2.337391 -1.458287
2.297671 2.337391 -1.458287
2.297671 2.337391 -1.458287
2.297671 2.337391 -1.458287
2.297671 2.337391 -1.458287
2.297671 2.337391 -1.458287
2.297671 2.337391 -1.458287
2.297671 2.337391 -1.458287
2.297671 2.337391 -1.458287
2.297671 2.337391 -1.458287
2.297671 2.337391 -1.458287
2.297671 2.337391 -1.458287
2.297671 2.337391 -1.458287
2.297671 2.337391 -1.458287
2.297671 2.337391 -1.458287
2.297671 2.337391 -1.458287
2.433563 2.604105 -1.27892
2.433563 2.604105 -1.27892
2.433563 2.604105 -1.27892
2.433563 2.604105 -1.27892
2.433563 2.604105 -1.27892
2.433563 2.604105 -1.27892
2.433563 2.604105 -1.27892
2.433563 2.604105 -1.27892
2.561535 2.359348 -1.560891
2.561535 2.359348 -1.560891
2.561535 2.359348 -1.560891
2.561535 2.359348 -1.560891
2.561535 2.359348 -1.560891
2.561535 2.359348 -1.560891
2.561535 2.359348 -1.560891
2.601704 2.402942 -1.604132
2.601704 2.402942 -1.604132
2.601704 2.402942 -1.604132
2.601704 2.402942 -1.604132
2.601704 2.402942 -1.604132
2.601704 2.402942 -1.604132
2.601704 2.402942 -1.604132
2.601704 2.402942 -1.604132
2.601704 2.402942 -1.604132
2.601704 2.402942 -1.604132
2.601704 2.402942 -1.604132
2.601704 2.402942 -1.604132
2.601704 2.402942 -1.604132
2.403455 2.221518 -1.536699
2.403455 2.221518 -1.536699
2.403455 2.221518 -1.536699
2.403455 2.221518 -1.536699
2.403455 2.221518 -1.536699
2.403455 2.221518 -1.536699
2.403455 2.221518 -1.536699
2.403455 2.221518 -1.536699
2.403455 2.221518 -1.536699
2.403455 2.221518 -1.536699
2.403455 2.221518 -1.536699
2.403455 2.221518 -1.536699
2.403455 2.221518 -1.536699
2.403455 2.221518 -1.536699
2.403455 2.221518 -1.536699
2.403455 2.221518 -1.536699
2.403455 2.221518 -1.536699
2.403455 2.221518 -1.536699
2.403455 2.221518 -1.536699
2.403455 2.221518 -1.536699
2.403455 2.221518 -1.536699
2.403455 2.221518 -1.536699
2.403455 2.221518 -1.536699
2.403455 2.221518 -1.536699
2.403455 2.221518 -1.536699
2.403455 2.221518 -1.536699
2.403455 2.221518 -1.536699
2.403455 2.221518 -1.536699
2.403455 2.221518 -1.536699
2.403455 2.221518 -1.536699
2.403455 2.221518 -1.536699
2.403455 2.221518 -1.536699
2.403455 2.221518 -1.536699
2.403455 2.221518 -1.536699
2.403455 2.221518 -1.536699
2.403455 2.221518 -1.536699
2.403455 2.221518 -1.536699
2.403455 2.221518 -1.536699
2.403455 2.221518 -1.536699
2.403455 2.221518 -1.536699
2.403455 2.221518 -1.536699
2.403455 2.221518 -1.536699
2.403455 2.221518 -1.536699
2.403455 2.221518 -1.536699
2.403455 2.221518 -1.536699
2.403455 2.221518 -1.536699
2.403455 2.221518 -1.536699
2.449321 2.292302 -1.565617
2.449321 2.292302 -1.565617
2.449321 2.292302 -1.565617
2.449321 2.292302 -1.565617
2.449321 2.292302 -1.565617
2.449321 2.292302 -1.565617
2.449321 2.292302 -1.565617
2.449321 2.292302 -1.565617
2.449321 2.292302 -1.565617
2.449321 2.292302 -1.565617
2.449321 2.292302 -1.565617
2.449321 2.292302 -1.565617
2.449321 2.292302 -1.565617
2.449321 2.292302 -1.565617
2.449321 2.292302 -1.565617
2.449321 2.292302 -1.565617
2.449321 2.292302 -1.565617
2.449321 2.292302 -1.565617
2.449321 2.292302 -1.565617
2.449321 2.292302 -1.565617
