1.585326 1.898341 0.3677525
1.655259 0.5865316 -1.012033
1.61919 1.158554 0.04215639
1.61919 1.158554 0.04215639
1.428587 1.053757 -0.0971981
1.428587 1.053757 -0.0971981
1.394125 0.7063623 0.05966614
1.668898 1.190659 -0.4385706
1.668898 1.190659 -0.4385706
1.487392 1.368696 -0.5489454
1.324182 1.140508 -0.185218
1.760328 0.8635976 -0.1486603
2.028286 1.785379 -0.3646369
1.835374 1.557723 -1.299423
1.488682 1.294377 -0.2972074
1.650164 1.443991 -0.3017614
1.650164 1.443991 -0.3017614
1.590526 1.348769 -0.4339115
1.730594 1.498489 -0.5055889
1.645615 1.369709 -0.654539
1.645615 1.369709 -0.654539
1.982425 1.632701 -0.7414521
1.982425 1.632701 -0.7414521
1.703086 1.185282 -0.3030232
1.807298 1.287059 -0.4189669
1.807298 1.287059 -0.4189669
1.807298 1.287059 -0.4189669
1.898208 1.388913 -0.5479704
1.898208 1.388913 -0.5479704
1.898208 1.388913 -0.5479704
1.892785 1.675608 -0.9399008
1.892785 1.675608 -0.9399008
1.892785 1.675608 -0.9399008
1.990549 1.754139 -1.056794
1.990549 1.754139 -1.056794
1.990549 1.754139 -1.056794
2.086195 1.846062 -1.193209
2.19736 2.08336 -1.603596
2.19736 2.08336 -1.603596
2.252812 2.147854 -1.682467
2.051779 1.765322 -1.152346
2.051779 1.765322 -1.152346
2.128024 1.83759 -1.260008
2.128024 1.83759 -1.260008
2.128024 1.83759 -1.260008
2.207714 1.919292 -1.327854
2.207714 1.919292 -1.327854
2.207714 1.919292 -1.327854
2.286573 2.020807 -1.367294
