0.2354471 0.09474573 0.4505586
0.6722239 0.5476318 -0.7603325
1.226449 1.963399 -0.02349022
1.226449 1.963399 -0.02349022
1.226449 1.963399 -0.02349022
1.226449 1.963399 -0.02349022
1.226449 1.963399 -0.02349022
1.370735 1.179276 -1.139464
1.370735 1.179276 -1.139464
1.370735 1.179276 -1.139464
1.195864 -0.01807525 1.039519
1.168072 0.3161447 -0.153282
1.168072 0.3161447 -0.153282
1.168072 0.3161447 -0.153282
1.168072 0.3161447 -0.153282
1.168072 0.3161447 -0.153282
1.168072 0.3161447 -0.153282
1.168072 0.3161447 -0.153282
1.168072 0.3161447 -0.153282
1.168072 0.3161447 -0.153282
1.548636 1.323582 -0.2272259
1.548636 1.323582 -0.2272259
1.548636 1.323582 -0.2272259
1.548636 1.323582 -0.2272259
1.275639 0.2809154 -0.004720591
1.275639 0.2809154 -0.004720591
1.275639 0.2809154 -0.004720591
1.275639 0.2809154 -0.004720591
1.275639 0.2809154 -0.004720591
1.275639 0.2809154 -0.004720591
1.275639 0.2809154 -0.004720591
1.275639 0.2809154 -0.004720591
1.275639 0.2809154 -0.004720591
1.275639 0.2809154 -0.004720591
1.275639 0.2809154 -0.004720591
1.275639 0.2809154 -0.004720591
1.275639 0.2809154 -0.004720591
1.275639 0.2809154 -0.004720591
1.564608 1.016969 -0.8105031
1.703659 0.7650317 -0.228872
1.703659 0.7650317 -0.228872
1.703659 0.7650317 -0.228872
1.703659 0.7650317 -0.228872
1.703659 0.7650317 -0.228872
1.703659 0.7650317 -0.228872
1.703659 0.7650317 -0.228872
1.703659 0.7650317 -0.228872
1.703659 0.7650317 -0.228872
1.703659 0.7650317 -0.228872
1.703659 0.7650317 -0.228872
1.255035 0.03485608 -0.306624
1.255035 0.03485608 -0.306624
1.255035 0.03485608 -0.306624
1.255035 0.03485608 -0.306624
1.255035 0.03485608 -0.306624
1.255035 0.03485608 -0.306624
1.255035 0.03485608 -0.306624
1.255035 0.03485608 -0.306624
1.255035 0.03485608 -0.306624
1.255035 0.03485608 -0.306624
1.666207 0.166774 -0.3104783
1.666207 0.166774 -0.3104783
1.666207 0.166774 -0.3104783
1.666207 0.166774 -0.3104783
1.666207 0.166774 -0.3104783
1.666207 0.166774 -0.3104783
1.666207 0.166774 -0.3104783
1.666207 0.166774 -0.3104783
1.666207 0.166774 -0.3104783
1.335538 -0.04113727 0.2280522
1.466315 0.4528438 -0.8309214
1.466315 0.4528438 -0.8309214
1.466315 0.4528438 -0.8309214
1.466315 0.4528438 -0.8309214
1.466315 0.4528438 -0.8309214
1.466315 0.4528438 -0.8309214
1.466315 0.4528438 -0.8309214
1.466315 0.4528438 -0.8309214
1.466315 0.4528438 -0.8309214
1.466315 0.4528438 -0.8309214
1.466315 0.4528438 -0.8309214
1.466315 0.4528438 -0.8309214
1.466315 0.4528438 -0.8309214
1.466315 0.4528438 -0.8309214
1.603083 0.4182174 -0.4306125
1.603083 0.4182174 -0.4306125
1.626874 0.6623447 -0.569784
1.626874 0.6623447 -0.569784
1.626874 0.6623447 -0.569784
1.626874 0.6623447 -0.569784
1.626874 0.6623447 -0.569784
1.626874 0.6623447 -0.569784
1.626874 0.6623447 -0.569784
1.626874 0.6623447 -0.569784
1.626874 0.6623447 -0.569784
1.626874 0.6623447 -0.569784
1.626874 0.6623447 -0.569784
1.626874 0.6623447 -0.569784
1.626874 0.6623447 -0.569784
1.626874 0.6623447 -0.569784
1.626874 0.6623447 -0.569784
1.626874 0.6623447 -0.569784
1.626874 0.6623447 -0.569784
1.626874 0.6623447 -0.569784
1.626874 0.6623447 -0.569784
1.626874 0.6623447 -0.569784
1.626874 0.6623447 -0.569784
1.626874 0.6623447 -0.569784
1.626874 0.6623447 -0.569784
1.626874 0.6623447 -0.569784
1.626874 0.6623447 -0.569784
1.626874 0.6623447 -0.569784
1.280712 0.6600485 -0.2716969
1.280712 0.6600485 -0.2716969
1.280712 0.6600485 -0.2716969
1.280712 0.6600485 -0.2716969
1.280712 0.6600485 -0.2716969
1.280712 0.6600485 -0.2716969
1.280712 0.6600485 -0.2716969
1.280712 0.6600485 -0.2716969
1.631938 0.818279 -0.3223082
1.631938 0.818279 -0.3223082
1.631938 0.818279 -0.3223082
1.631938 0.818279 -0.3223082
1.631938 0.818279 -0.3223082
1.631938 0.818279 -0.3223082
1.631938 0.818279 -0.3223082
1.631938 0.818279 -0.3223082
1.631938 0.818279 -0.3223082
1.631938 0.818279 -0.3223082
1.631938 0.818279 -0.3223082
1.631938 0.818279 -0.3223082
1.631938 0.818279 -0.3223082
1.454677 0.6162451 -1.077032
1.454677 0.6162451 -1.077032
1.454677 0.6162451 -1.077032
1.454677 0.6162451 -1.077032
1.454677 0.6162451 -1.077032
1.904057 1.979786 -0.7034868
1.904057 1.979786 -0.7034868
1.904057 1.979786 -0.7034868
1.904057 1.979786 -0.7034868
1.904057 1.979786 -0.7034868
1.904057 1.979786 -0.7034868
1.904057 1.979786 -0.7034868
1.904057 1.979786 -0.7034868
1.904057 1.979786 -0.7034868
1.904057 1.979786 -0.7034868
1.904057 1.979786 -0.7034868
1.904057 1.979786 -0.7034868
1.904057 1.979786 -0.7034868
1.904057 1.979786 -0.7034868
1.904057 1.979786 -0.7034868
1.904057 1.979786 -0.7034868
1.904057 1.979786 -0.7034868
1.904057 1.979786 -0.7034868
1.904057 1.979786 -0.7034868
1.904057 1.979786 -0.7034868
1.904057 1.979786 -0.7034868
1.640836 1.236051 -1.210504
1.640836 1.236051 -1.210504
1.640836 1.236051 -1.210504
1.640836 1.236051 -1.210504
1.640836 1.236051 -1.210504
1.640836 1.236051 -1.210504
1.640836 1.236051 -1.210504
1.640836 1.236051 -1.210504
1.640836 1.236051 -1.210504
1.640836 1.236051 -1.210504
1.640836 1.236051 -1.210504
1.673705 1.70752 -0.7653474
1.673705 1.70752 -0.7653474
1.673705 1.70752 -0.7653474
1.673705 1.70752 -0.7653474
1.673705 1.70752 -0.7653474
1.673705 1.70752 -0.7653474
1.553676 1.04205 -0.4471383
1.553676 1.04205 -0.4471383
1.553676 1.04205 -0.4471383
1.553676 1.04205 -0.4471383
1.825079 1.183633 -0.515114
1.825079 1.183633 -0.515114
1.825079 1.183633 -0.515114
1.825079 1.183633 -0.515114
1.825079 1.183633 -0.515114
1.825079 1.183633 -0.515114
1.825079 1.183633 -0.515114
1.825079 1.183633 -0.515114
1.825079 1.183633 -0.515114
1.825079 1.183633 -0.515114
1.825079 1.183633 -0.515114
1.825079 1.183633 -0.515114
1.825079 1.183633 -0.515114
1.825079 1.183633 -0.515114
1.571415 1.43599 -0.4397401
1.571415 1.43599 -0.4397401
1.571415 1.43599 -0.4397401
1.571415 1.43599 -0.4397401
1.571415 1.43599 -0.4397401
1.571415 1.43599 -0.4397401
1.571415 1.43599 -0.4397401
1.571415 1.43599 -0.4397401
1.571415 1.43599 -0.4397401
1.571415 1.43599 -0.4397401
1.571415 1.43599 -0.4397401
1.571415 1.43599 -0.4397401
1.571415 1.43599 -0.4397401
1.762693 1.579987 -0.301401
1.762693 1.579987 -0.301401
1.762693 1.579987 -0.301401
1.762693 1.579987 -0.301401
1.762693 1.579987 -0.301401
1.657281 1.026233 -0.6294751
1.657281 1.026233 -0.6294751
1.657281 1.026233 -0.6294751
1.657281 1.026233 -0.6294751
1.657281 1.026233 -0.6294751
1.657281 1.026233 -0.6294751
1.657281 1.026233 -0.6294751
1.657281 1.026233 -0.6294751
1.657281 1.026233 -0.6294751
1.657281 1.026233 -0.6294751
1.657281 1.026233 -0.6294751
1.657281 1.026233 -0.6294751
1.657281 1.026233 -0.6294751
1.657281 1.026233 -0.6294751
1.657281 1.026233 -0.6294751
1.657281 1.026233 -0.6294751
1.990989 1.428549 -0.913701
1.990989 1.428549 -0.913701
1.990989 1.428549 -0.913701
1.990989 1.428549 -0.913701
1.990989 1.428549 -0.913701
1.990989 1.428549 -0.913701
1.990989 1.428549 -0.913701
1.990989 1.428549 -0.913701
1.990989 1.428549 -0.913701
1.990989 1.428549 -0.913701
1.990989 1.428549 -0.913701
1.990989 1.428549 -0.913701
2.167113 1.587876 -0.9221955
2.167113 1.587876 -0.9221955
2.167113 1.587876 -0.9221955
2.167113 1.587876 -0.9221955
2.167113 1.587876 -0.9221955
2.167113 1.587876 -0.9221955
2.167113 1.587876 -0.9221955
2.167113 1.587876 -0.9221955
2.167113 1.587876 -0.9221955
2.167113 1.587876 -0.9221955
2.167113 1.587876 -0.9221955
2.167113 1.587876 -0.9221955
2.167113 1.587876 -0.9221955
2.167113 1.587876 -0.9221955
2.167113 1.587876 -0.9221955
2.167113 1.587876 -0.9221955
2.167113 1.587876 -0.9221955
2.167113 1.587876 -0.9221955
2.167113 1.587876 -0.9221955
2.167113 1.587876 -0.9221955
2.167113 1.587876 -0.9221955
2.167113 1.587876 -0.9221955
2.167113 1.587876 -0.9221955
1.750389 0.6642572 -0.4315206
1.750389 0.6642572 -0.4315206
1.750389 0.6642572 -0.4315206
1.750389 0.6642572 -0.4315206
1.631485 0.3548744 -0.4217317
1.631485 0.3548744 -0.4217317
1.631485 0.3548744 -0.4217317
1.631485 0.3548744 -0.4217317
1.631485 0.3548744 -0.4217317
1.631485 0.3548744 -0.4217317
1.631485 0.3548744 -0.4217317
1.631485 0.3548744 -0.4217317
1.362467 1.311492 0.2509586
1.362467 1.311492 0.2509586
1.362467 1.311492 0.2509586
1.362467 1.311492 0.2509586
1.362467 1.311492 0.2509586
1.362467 1.311492 0.2509586
1.69118 1.391539 -0.9897873
1.69118 1.391539 -0.9897873
1.69118 1.391539 -0.9897873
1.69118 1.391539 -0.9897873
1.69118 1.391539 -0.9897873
1.69118 1.391539 -0.9897873
1.69118 1.391539 -0.9897873
1.69118 1.391539 -0.9897873
1.69118 1.391539 -0.9897873
1.69118 1.391539 -0.9897873
1.69118 1.391539 -0.9897873
2.090228 1.973801 -0.6963656
2.090228 1.973801 -0.6963656
2.090228 1.973801 -0.6963656
2.090228 1.973801 -0.6963656
2.090228 1.973801 -0.6963656
2.090228 1.973801 -0.6963656
2.090228 1.973801 -0.6963656
2.090228 1.973801 -0.6963656
2.244144 2.144954 -0.754424
2.244144 2.144954 -0.754424
2.244144 2.144954 -0.754424
2.244144 2.144954 -0.754424
2.244144 2.144954 -0.754424
2.244144 2.144954 -0.754424
2.244144 2.144954 -0.754424
2.244144 2.144954 -0.754424
2.244144 2.144954 -0.754424
2.244144 2.144954 -0.754424
2.112128 1.649944 -0.5106446
2.112128 1.649944 -0.5106446
2.112128 1.649944 -0.5106446
1.733589 1.517545 0.1323504
1.733589 1.517545 0.1323504
1.733589 1.517545 0.1323504
1.733589 1.517545 0.1323504
1.733589 1.517545 0.1323504
1.733589 1.517545 0.1323504
1.887163 1.814365 -0.948858
1.887163 1.814365 -0.948858
1.887163 1.814365 -0.948858
1.887163 1.814365 -0.948858
1.887163 1.814365 -0.948858
1.887163 1.814365 -0.948858
1.887163 1.814365 -0.948858
1.887163 1.814365 -0.948858
1.887163 1.814365 -0.948858
1.887163 1.814365 -0.948858
1.887163 1.814365 -0.948858
1.887163 1.814365 -0.948858
1.887163 1.814365 -0.948858
1.887163 1.814365 -0.948858
1.887163 1.814365 -0.948858
1.887163 1.814365 -0.948858
1.887163 1.814365 -0.948858
1.887163 1.814365 -0.948858
1.887163 1.814365 -0.948858
1.887163 1.814365 -0.948858
1.887163 1.814365 -0.948858
1.887163 1.814365 -0.948858
1.887163 1.814365 -0.948858
1.887163 1.814365 -0.948858
1.887163 1.814365 -0.948858
1.887163 1.814365 -0.948858
1.887163 1.814365 -0.948858
1.887163 1.814365 -0.948858
1.887163 1.814365 -0.948858
1.887163 1.814365 -0.948858
1.887163 1.814365 -0.948858
1.887163 1.814365 -0.948858
1.887163 1.814365 -0.948858
1.887163 1.814365 -0.948858
1.887163 1.814365 -0.948858
1.887163 1.814365 -0.948858
1.887163 1.814365 -0.948858
1.887163 1.814365 -0.948858
1.887163 1.814365 -0.948858
1.887163 1.814365 -0.948858
1.887163 1.814365 -0.948858
2.013428 1.939223 -1.019883
2.013428 1.939223 -1.019883
2.013428 1.939223 -1.019883
2.013428 1.939223 -1.019883
2.013428 1.939223 -1.019883
2.013428 1.939223 -1.019883
2.013428 1.939223 -1.019883
2.013428 1.939223 -1.019883
2.013428 1.939223 -1.019883
2.013428 1.939223 -1.019883
2.013428 1.939223 -1.019883
2.013428 1.939223 -1.019883
2.013428 1.939223 -1.019883
2.013428 1.939223 -1.019883
2.013428 1.939223 -1.019883
2.013428 1.939223 -1.019883
2.013428 1.939223 -1.019883
2.013428 1.939223 -1.019883
2.013428 1.939223 -1.019883
2.013428 1.939223 -1.019883
2.013428 1.939223 -1.019883
2.013428 1.939223 -1.019883
2.013428 1.939223 -1.019883
2.013428 1.939223 -1.019883
2.013428 1.939223 -1.019883
2.013428 1.939223 -1.019883
2.013428 1.939223 -1.019883
2.013428 1.939223 -1.019883
2.013428 1.939223 -1.019883
2.013428 1.939223 -1.019883
2.013428 1.939223 -1.019883
2.013428 1.939223 -1.019883
2.013428 1.939223 -1.019883
2.013428 1.939223 -1.019883
2.013428 1.939223 -1.019883
2.013428 1.939223 -1.019883
2.013428 1.939223 -1.019883
2.013428 1.939223 -1.019883
2.013428 1.939223 -1.019883
2.013428 1.939223 -1.019883
2.013428 1.939223 -1.019883
2.013428 1.939223 -1.019883
2.013428 1.939223 -1.019883
2.013428 1.939223 -1.019883
2.013428 1.939223 -1.019883
2.013428 1.939223 -1.019883
2.013428 1.939223 -1.019883
2.013428 1.939223 -1.019883
2.013428 1.939223 -1.019883
2.013428 1.939223 -1.019883
2.013428 1.939223 -1.019883
2.013428 1.939223 -1.019883
2.013428 1.939223 -1.019883
2.013428 1.939223 -1.019883
2.013428 1.939223 -1.019883
2.013428 1.939223 -1.019883
2.013428 1.939223 -1.019883
2.013428 1.939223 -1.019883
2.013428 1.939223 -1.019883
2.013428 1.939223 -1.019883
2.118811 2.042248 -1.10199
2.118811 2.042248 -1.10199
2.118811 2.042248 -1.10199
2.118811 2.042248 -1.10199
2.118811 2.042248 -1.10199
2.118811 2.042248 -1.10199
2.118811 2.042248 -1.10199
2.118811 2.042248 -1.10199
2.118811 2.042248 -1.10199
2.118811 2.042248 -1.10199
2.118811 2.042248 -1.10199
2.118811 2.042248 -1.10199
2.118811 2.042248 -1.10199
2.118811 2.042248 -1.10199
2.118811 2.042248 -1.10199
2.118811 2.042248 -1.10199
2.118811 2.042248 -1.10199
2.118811 2.042248 -1.10199
2.118811 2.042248 -1.10199
2.118811 2.042248 -1.10199
2.118811 2.042248 -1.10199
2.118811 2.042248 -1.10199
2.118811 2.042248 -1.10199
2.118811 2.042248 -1.10199
2.118811 2.042248 -1.10199
2.118811 2.042248 -1.10199
2.118811 2.042248 -1.10199
2.118811 2.042248 -1.10199
2.118811 2.042248 -1.10199
2.118811 2.042248 -1.10199
2.118811 2.042248 -1.10199
2.118811 2.042248 -1.10199
2.118811 2.042248 -1.10199
2.118811 2.042248 -1.10199
2.118811 2.042248 -1.10199
2.118811 2.042248 -1.10199
2.118811 2.042248 -1.10199
2.118811 2.042248 -1.10199
2.118811 2.042248 -1.10199
2.118811 2.042248 -1.10199
2.118811 2.042248 -1.10199
2.118811 2.042248 -1.10199
2.118811 2.042248 -1.10199
2.118811 2.042248 -1.10199
2.118811 2.042248 -1.10199
2.118811 2.042248 -1.10199
2.118811 2.042248 -1.10199
2.118811 2.042248 -1.10199
2.118811 2.042248 -1.10199
2.118811 2.042248 -1.10199
2.118811 2.042248 -1.10199
2.118811 2.042248 -1.10199
2.118811 2.042248 -1.10199
2.118811 2.042248 -1.10199
2.118811 2.042248 -1.10199
2.118811 2.042248 -1.10199
2.118811 2.042248 -1.10199
2.118811 2.042248 -1.10199
2.116496 1.903216 -1.049465
2.116496 1.903216 -1.049465
2.213223 2.028226 -1.144731
2.213223 2.028226 -1.144731
2.213223 2.028226 -1.144731
2.213223 2.028226 -1.144731
2.213223 2.028226 -1.144731
2.213223 2.028226 -1.144731
2.213223 2.028226 -1.144731
2.213223 2.028226 -1.144731
2.213223 2.028226 -1.144731
2.213223 2.028226 -1.144731
2.213223 2.028226 -1.144731
2.056526 1.387383 -1.249215
2.056526 1.387383 -1.249215
2.056526 1.387383 -1.249215
2.056526 1.387383 -1.249215
2.056526 1.387383 -1.249215
2.056526 1.387383 -1.249215
2.056526 1.387383 -1.249215
2.056526 1.387383 -1.249215
2.056526 1.387383 -1.249215
2.056526 1.387383 -1.249215
2.056526 1.387383 -1.249215
1.91562 1.61536 -0.4472526
1.91562 1.61536 -0.4472526
1.91562 1.61536 -0.4472526
1.91562 1.61536 -0.4472526
1.91562 1.61536 -0.4472526
1.91562 1.61536 -0.4472526
1.91562 1.61536 -0.4472526
1.91562 1.61536 -0.4472526
2.034955 2.219627 -0.9682008
2.034955 2.219627 -0.9682008
2.034955 2.219627 -0.9682008
2.034955 2.219627 -0.9682008
2.034955 2.219627 -0.9682008
2.034955 2.219627 -0.9682008
2.034955 2.219627 -0.9682008
2.034955 2.219627 -0.9682008
2.034955 2.219627 -0.9682008
2.034955 2.219627 -0.9682008
2.034955 2.219627 -0.9682008
2.034955 2.219627 -0.9682008
2.034955 2.219627 -0.9682008
2.034955 2.219627 -0.9682008
2.034955 2.219627 -0.9682008
2.034955 2.219627 -0.9682008
2.034955 2.219627 -0.9682008
2.034955 2.219627 -0.9682008
2.034955 2.219627 -0.9682008
2.034955 2.219627 -0.9682008
2.034955 2.219627 -0.9682008
2.034955 2.219627 -0.9682008
2.034955 2.219627 -0.9682008
2.034955 2.219627 -0.9682008
2.034955 2.219627 -0.9682008
2.034955 2.219627 -0.9682008
2.034955 2.219627 -0.9682008
2.034955 2.219627 -0.9682008
2.034955 2.219627 -0.9682008
2.034955 2.219627 -0.9682008
2.105146 2.277954 -1.000567
2.105146 2.277954 -1.000567
2.105146 2.277954 -1.000567
2.105146 2.277954 -1.000567
2.105146 2.277954 -1.000567
2.105146 2.277954 -1.000567
2.105146 2.277954 -1.000567
2.105146 2.277954 -1.000567
2.105146 2.277954 -1.000567
2.105146 2.277954 -1.000567
2.105146 2.277954 -1.000567
2.105146 2.277954 -1.000567
2.105146 2.277954 -1.000567
2.105146 2.277954 -1.000567
2.105146 2.277954 -1.000567
2.105146 2.277954 -1.000567
2.105146 2.277954 -1.000567
2.105146 2.277954 -1.000567
2.105146 2.277954 -1.000567
2.105146 2.277954 -1.000567
2.105146 2.277954 -1.000567
2.105146 2.277954 -1.000567
2.105146 2.277954 -1.000567
2.105146 2.277954 -1.000567
2.105146 2.277954 -1.000567
2.105146 2.277954 -1.000567
2.105146 2.277954 -1.000567
2.105146 2.277954 -1.000567
2.105146 2.277954 -1.000567
2.105146 2.277954 -1.000567
2.105146 2.277954 -1.000567
2.105146 2.277954 -1.000567
2.105146 2.277954 -1.000567
2.105146 2.277954 -1.000567
2.105146 2.277954 -1.000567
2.105146 2.277954 -1.000567
2.105146 2.277954 -1.000567
2.105146 2.277954 -1.000567
2.105146 2.277954 -1.000567
2.105146 2.277954 -1.000567
2.105146 2.277954 -1.000567
2.105146 2.277954 -1.000567
2.105146 2.277954 -1.000567
2.105146 2.277954 -1.000567
2.105146 2.277954 -1.000567
2.105146 2.277954 -1.000567
2.105146 2.277954 -1.000567
2.105146 2.277954 -1.000567
2.105146 2.277954 -1.000567
2.105146 2.277954 -1.000567
2.105146 2.277954 -1.000567
2.105146 2.277954 -1.000567
2.105146 2.277954 -1.000567
2.105146 2.277954 -1.000567
2.105146 2.277954 -1.000567
2.105146 2.277954 -1.000567
2.105146 2.277954 -1.000567
2.105146 2.277954 -1.000567
2.105146 2.277954 -1.000567
2.105146 2.277954 -1.000567
2.198505 2.325168 -1.058257
2.0894 2.012285 -1.225891
2.0894 2.012285 -1.225891
2.0894 2.012285 -1.225891
2.0894 2.012285 -1.225891
2.0894 2.012285 -1.225891
2.0894 2.012285 -1.225891
2.0894 2.012285 -1.225891
2.0894 2.012285 -1.225891
2.0894 2.012285 -1.225891
2.0894 2.012285 -1.225891
2.0894 2.012285 -1.225891
2.0894 2.012285 -1.225891
2.0894 2.012285 -1.225891
2.0894 2.012285 -1.225891
2.0894 2.012285 -1.225891
2.0894 2.012285 -1.225891
2.0894 2.012285 -1.225891
2.0894 2.012285 -1.225891
2.0894 2.012285 -1.225891
2.0894 2.012285 -1.225891
2.0894 2.012285 -1.225891
2.0894 2.012285 -1.225891
2.0894 2.012285 -1.225891
2.0894 2.012285 -1.225891
2.0894 2.012285 -1.225891
2.0894 2.012285 -1.225891
2.0894 2.012285 -1.225891
2.0894 2.012285 -1.225891
2.0894 2.012285 -1.225891
2.0894 2.012285 -1.225891
2.0894 2.012285 -1.225891
2.0894 2.012285 -1.225891
2.0894 2.012285 -1.225891
2.0894 2.012285 -1.225891
2.0894 2.012285 -1.225891
2.0894 2.012285 -1.225891
2.0894 2.012285 -1.225891
2.0894 2.012285 -1.225891
2.0894 2.012285 -1.225891
2.0894 2.012285 -1.225891
2.0894 2.012285 -1.225891
2.0894 2.012285 -1.225891
2.0894 2.012285 -1.225891
2.0894 2.012285 -1.225891
2.0894 2.012285 -1.225891
2.0894 2.012285 -1.225891
2.0894 2.012285 -1.225891
2.0894 2.012285 -1.225891
2.0894 2.012285 -1.225891
2.0894 2.012285 -1.225891
2.0894 2.012285 -1.225891
2.0894 2.012285 -1.225891
2.0894 2.012285 -1.225891
2.0894 2.012285 -1.225891
2.0894 2.012285 -1.225891
2.0894 2.012285 -1.225891
2.0894 2.012285 -1.225891
2.0894 2.012285 -1.225891
2.0894 2.012285 -1.225891
2.1777 2.082092 -1.266224
2.1777 2.082092 -1.266224
2.1777 2.082092 -1.266224
2.1777 2.082092 -1.266224
2.1777 2.082092 -1.266224
2.1777 2.082092 -1.266224
2.1777 2.082092 -1.266224
2.1777 2.082092 -1.266224
2.1777 2.082092 -1.266224
2.1777 2.082092 -1.266224
2.1777 2.082092 -1.266224
2.1777 2.082092 -1.266224
2.1777 2.082092 -1.266224
2.1777 2.082092 -1.266224
2.1777 2.082092 -1.266224
2.1777 2.082092 -1.266224
2.1777 2.082092 -1.266224
2.1777 2.082092 -1.266224
2.1777 2.082092 -1.266224
2.1777 2.082092 -1.266224
2.1777 2.082092 -1.266224
2.1777 2.082092 -1.266224
2.1777 2.082092 -1.266224
2.1777 2.082092 -1.266224
2.1777 2.082092 -1.266224
2.1777 2.082092 -1.266224
2.1777 2.082092 -1.266224
2.1777 2.082092 -1.266224
2.1777 2.082092 -1.266224
2.1777 2.082092 -1.266224
2.1777 2.082092 -1.266224
2.1777 2.082092 -1.266224
2.1777 2.082092 -1.266224
2.1777 2.082092 -1.266224
2.1777 2.082092 -1.266224
2.1777 2.082092 -1.266224
2.1777 2.082092 -1.266224
2.1777 2.082092 -1.266224
2.1777 2.082092 -1.266224
2.1777 2.082092 -1.266224
2.1777 2.082092 -1.266224
2.1777 2.082092 -1.266224
2.1777 2.082092 -1.266224
2.1777 2.082092 -1.266224
2.1777 2.082092 -1.266224
2.1777 2.082092 -1.266224
2.1777 2.082092 -1.266224
2.1777 2.082092 -1.266224
2.1777 2.082092 -1.266224
2.1777 2.082092 -1.266224
2.1777 2.082092 -1.266224
2.1777 2.082092 -1.266224
2.1777 2.082092 -1.266224
2.1777 2.082092 -1.266224
2.1777 2.082092 -1.266224
2.1777 2.082092 -1.266224
2.1777 2.082092 -1.266224
2.1777 2.082092 -1.266224
2.1777 2.082092 -1.266224
2.1777 2.082092 -1.266224
2.239003 2.14883 -1.29265
2.239003 2.14883 -1.29265
2.239003 2.14883 -1.29265
2.239003 2.14883 -1.29265
2.239003 2.14883 -1.29265
2.239003 2.14883 -1.29265
2.239003 2.14883 -1.29265
2.239003 2.14883 -1.29265
2.239003 2.14883 -1.29265
2.239003 2.14883 -1.29265
2.239003 2.14883 -1.29265
2.239003 2.14883 -1.29265
2.239003 2.14883 -1.29265
2.239003 2.14883 -1.29265
2.239003 2.14883 -1.29265
2.239003 2.14883 -1.29265
2.239003 2.14883 -1.29265
2.239003 2.14883 -1.29265
2.239003 2.14883 -1.29265
2.239003 2.14883 -1.29265
2.239003 2.14883 -1.29265
2.239003 2.14883 -1.29265
2.239003 2.14883 -1.29265
2.239003 2.14883 -1.29265
2.239003 2.14883 -1.29265
2.239003 2.14883 -1.29265
2.239003 2.14883 -1.29265
2.239003 2.14883 -1.29265
2.239003 2.14883 -1.29265
2.239003 2.14883 -1.29265
2.239003 2.14883 -1.29265
2.239003 2.14883 -1.29265
2.239003 2.14883 -1.29265
2.239003 2.14883 -1.29265
2.239003 2.14883 -1.29265
2.239003 2.14883 -1.29265
2.239003 2.14883 -1.29265
2.239003 2.14883 -1.29265
2.239003 2.14883 -1.29265
2.239003 2.14883 -1.29265
2.239003 2.14883 -1.29265
2.239003 2.14883 -1.29265
2.239003 2.14883 -1.29265
2.239003 2.14883 -1.29265
2.239003 2.14883 -1.29265
2.239003 2.14883 -1.29265
2.239003 2.14883 -1.29265
2.239003 2.14883 -1.29265
2.239003 2.14883 -1.29265
2.239003 2.14883 -1.29265
2.239003 2.14883 -1.29265
2.239003 2.14883 -1.29265
2.239003 2.14883 -1.29265
2.239003 2.14883 -1.29265
2.239003 2.14883 -1.29265
2.239003 2.14883 -1.29265
2.239003 2.14883 -1.29265
2.239003 2.14883 -1.29265
2.239003 2.14883 -1.29265
2.239003 2.14883 -1.29265
2.309665 2.198726 -1.313794
2.309665 2.198726 -1.313794
2.309665 2.198726 -1.313794
2.309665 2.198726 -1.313794
2.309665 2.198726 -1.313794
2.309665 2.198726 -1.313794
2.309665 2.198726 -1.313794
2.309665 2.198726 -1.313794
2.309665 2.198726 -1.313794
2.309665 2.198726 -1.313794
2.309665 2.198726 -1.313794
2.309665 2.198726 -1.313794
2.309665 2.198726 -1.313794
2.309665 2.198726 -1.313794
2.309665 2.198726 -1.313794
2.309665 2.198726 -1.313794
2.309665 2.198726 -1.313794
2.309665 2.198726 -1.313794
2.309665 2.198726 -1.313794
2.309665 2.198726 -1.313794
2.309665 2.198726 -1.313794
2.309665 2.198726 -1.313794
2.309665 2.198726 -1.313794
2.309665 2.198726 -1.313794
2.309665 2.198726 -1.313794
2.309665 2.198726 -1.313794
2.309665 2.198726 -1.313794
2.309665 2.198726 -1.313794
2.309665 2.198726 -1.313794
2.309665 2.198726 -1.313794
2.309665 2.198726 -1.313794
2.309665 2.198726 -1.313794
2.309665 2.198726 -1.313794
2.309665 2.198726 -1.313794
2.309665 2.198726 -1.313794
2.309665 2.198726 -1.313794
2.309665 2.198726 -1.313794
2.309665 2.198726 -1.313794
2.309665 2.198726 -1.313794
2.309665 2.198726 -1.313794
2.309665 2.198726 -1.313794
2.309665 2.198726 -1.313794
2.309665 2.198726 -1.313794
2.309665 2.198726 -1.313794
2.309665 2.198726 -1.313794
2.309665 2.198726 -1.313794
2.309665 2.198726 -1.313794
2.309665 2.198726 -1.313794
2.309665 2.198726 -1.313794
2.309665 2.198726 -1.313794
2.309665 2.198726 -1.313794
2.309665 2.198726 -1.313794
2.309665 2.198726 -1.313794
2.309665 2.198726 -1.313794
2.309665 2.198726 -1.313794
2.309665 2.198726 -1.313794
2.309665 2.198726 -1.313794
2.309665 2.198726 -1.313794
2.309665 2.198726 -1.313794
2.309665 2.198726 -1.313794
2.379538 2.227089 -1.330953
2.379538 2.227089 -1.330953
2.379538 2.227089 -1.330953
2.379538 2.227089 -1.330953
2.379538 2.227089 -1.330953
2.379538 2.227089 -1.330953
2.379538 2.227089 -1.330953
2.379538 2.227089 -1.330953
2.379538 2.227089 -1.330953
2.379538 2.227089 -1.330953
2.379538 2.227089 -1.330953
2.379538 2.227089 -1.330953
2.379538 2.227089 -1.330953
2.379538 2.227089 -1.330953
2.379538 2.227089 -1.330953
2.379538 2.227089 -1.330953
2.379538 2.227089 -1.330953
2.379538 2.227089 -1.330953
2.379538 2.227089 -1.330953
2.379538 2.227089 -1.330953
2.379538 2.227089 -1.330953
2.379538 2.227089 -1.330953
2.379538 2.227089 -1.330953
2.379538 2.227089 -1.330953
2.379538 2.227089 -1.330953
2.379538 2.227089 -1.330953
2.379538 2.227089 -1.330953
2.379538 2.227089 -1.330953
2.379538 2.227089 -1.330953
2.379538 2.227089 -1.330953
2.379538 2.227089 -1.330953
2.379538 2.227089 -1.330953
2.379538 2.227089 -1.330953
2.379538 2.227089 -1.330953
2.379538 2.227089 -1.330953
2.379538 2.227089 -1.330953
2.379538 2.227089 -1.330953
2.379538 2.227089 -1.330953
2.379538 2.227089 -1.330953
2.379538 2.227089 -1.330953
2.379538 2.227089 -1.330953
2.379538 2.227089 -1.330953
2.379538 2.227089 -1.330953
2.379538 2.227089 -1.330953
2.379538 2.227089 -1.330953
2.379538 2.227089 -1.330953
2.379538 2.227089 -1.330953
2.379538 2.227089 -1.330953
2.379538 2.227089 -1.330953
2.379538 2.227089 -1.330953
2.379538 2.227089 -1.330953
2.379538 2.227089 -1.330953
2.379538 2.227089 -1.330953
2.379538 2.227089 -1.330953
2.379538 2.227089 -1.330953
2.379538 2.227089 -1.330953
2.379538 2.227089 -1.330953
2.379538 2.227089 -1.330953
2.379538 2.227089 -1.330953
2.379538 2.227089 -1.330953
2.444133 2.227945 -1.341673
2.444133 2.227945 -1.341673
2.444133 2.227945 -1.341673
2.444133 2.227945 -1.341673
2.444133 2.227945 -1.341673
2.444133 2.227945 -1.341673
2.444133 2.227945 -1.341673
2.444133 2.227945 -1.341673
2.444133 2.227945 -1.341673
2.359057 2.228558 -1.354215
2.359057 2.228558 -1.354215
2.359057 2.228558 -1.354215
2.359057 2.228558 -1.354215
2.359057 2.228558 -1.354215
2.359057 2.228558 -1.354215
2.359057 2.228558 -1.354215
2.359057 2.228558 -1.354215
2.359057 2.228558 -1.354215
2.359057 2.228558 -1.354215
2.359057 2.228558 -1.354215
2.359057 2.228558 -1.354215
2.359057 2.228558 -1.354215
2.359057 2.228558 -1.354215
2.359057 2.228558 -1.354215
2.359057 2.228558 -1.354215
2.359057 2.228558 -1.354215
2.359057 2.228558 -1.354215
2.359057 2.228558 -1.354215
2.359057 2.228558 -1.354215
2.359057 2.228558 -1.354215
2.359057 2.228558 -1.354215
2.359057 2.228558 -1.354215
2.359057 2.228558 -1.354215
2.359057 2.228558 -1.354215
2.359057 2.228558 -1.354215
2.359057 2.228558 -1.354215
2.359057 2.228558 -1.354215
2.359057 2.228558 -1.354215
2.359057 2.228558 -1.354215
2.359057 2.228558 -1.354215
2.359057 2.228558 -1.354215
2.359057 2.228558 -1.354215
2.359057 2.228558 -1.354215
2.359057 2.228558 -1.354215
2.359057 2.228558 -1.354215
2.359057 2.228558 -1.354215
2.359057 2.228558 -1.354215
2.359057 2.228558 -1.354215
2.359057 2.228558 -1.354215
2.359057 2.228558 -1.354215
2.359057 2.228558 -1.354215
2.359057 2.228558 -1.354215
2.359057 2.228558 -1.354215
2.359057 2.228558 -1.354215
2.359057 2.228558 -1.354215
2.359057 2.228558 -1.354215
2.359057 2.228558 -1.354215
2.359057 2.228558 -1.354215
2.359057 2.228558 -1.354215
2.359057 2.228558 -1.354215
2.457163 2.234426 -1.370738
2.457163 2.234426 -1.370738
2.457163 2.234426 -1.370738
2.457163 2.234426 -1.370738
2.457163 2.234426 -1.370738
2.457163 2.234426 -1.370738
2.457163 2.234426 -1.370738
2.457163 2.234426 -1.370738
2.457163 2.234426 -1.370738
2.134163 2.362136 -1.501835
2.134163 2.362136 -1.501835
2.134163 2.362136 -1.501835
2.134163 2.362136 -1.501835
2.134163 2.362136 -1.501835
2.134163 2.362136 -1.501835
2.134163 2.362136 -1.501835
2.134163 2.362136 -1.501835
2.134163 2.362136 -1.501835
2.134163 2.362136 -1.501835
2.134163 2.362136 -1.501835
