1.168072 0.3161447 -0.153282
1.703659 0.7650317 -0.228872
1.255035 0.03485608 -0.306624
1.466315 0.4528438 -0.8309214
1.626874 0.6623447 -0.569784
1.280712 0.6600485 -0.2716969
1.904057 1.979786 -0.7034868
1.640836 1.236051 -1.210504
1.553676 1.04205 -0.4471383
1.571415 1.43599 -0.4397401
1.657281 1.026233 -0.6294751
1.990989 1.428549 -0.913701
2.167113 1.587876 -0.9221955
1.362467 1.311492 0.2509586
2.090228 1.973801 -0.6963656
1.887163 1.814365 -0.948858
1.887163 1.814365 -0.948858
1.887163 1.814365 -0.948858
2.013428 1.939223 -1.019883
2.013428 1.939223 -1.019883
2.013428 1.939223 -1.019883
2.118811 2.042248 -1.10199
2.118811 2.042248 -1.10199
2.116496 1.903216 -1.049465
2.056526 1.387383 -1.249215
2.034955 2.219627 -0.9682008
2.034955 2.219627 -0.9682008
2.105146 2.277954 -1.000567
2.105146 2.277954 -1.000567
2.105146 2.277954 -1.000567
2.0894 2.012285 -1.225891
2.0894 2.012285 -1.225891
2.0894 2.012285 -1.225891
2.1777 2.082092 -1.266224
2.1777 2.082092 -1.266224
2.1777 2.082092 -1.266224
2.239003 2.14883 -1.29265
2.239003 2.14883 -1.29265
2.239003 2.14883 -1.29265
2.309665 2.198726 -1.313794
2.309665 2.198726 -1.313794
2.309665 2.198726 -1.313794
2.379538 2.227089 -1.330953
2.379538 2.227089 -1.330953
2.379538 2.227089 -1.330953
2.359057 2.228558 -1.354215
2.359057 2.228558 -1.354215
2.359057 2.228558 -1.354215
2.134163 2.362136 -1.501835
