1.360656 0.01342537 -0.4021079
1.596447 0.4861555 0.1277957
1.322381 0.8269484 -0.04237726
1.385047 0.8658022 -0.04985885
1.428554 0.1921029 -0.4428002
1.623459 0.5252215 -0.6207505
1.373598 0.2582214 -0.2008969
1.373598 0.2582214 -0.2008969
1.65176 1.132928 -0.446833
1.410363 0.9408929 0.6864609
1.410363 0.9408929 0.6864609
1.410363 0.9408929 0.6864609
1.928101 1.2842 -1.148465
1.739556 0.7970384 -0.6612085
1.739556 0.7970384 -0.6612085
1.74344 0.7892404 -0.7505495
1.74344 0.7892404 -0.7505495
1.621806 1.125436 -0.7549899
1.759586 1.302968 -0.8062476
1.856147 1.139195 -0.5005577
1.673686 1.406205 -0.2224416
1.79453 1.553033 -0.6363948
1.79453 1.553033 -0.6363948
1.675915 1.502364 -0.1011883
1.793377 1.651222 -0.2219467
1.793377 1.651222 -0.2219467
1.793377 1.651222 -0.2219467
1.887905 1.744787 -0.3459268
1.967874 1.605932 -0.7900363
1.976089 2.226434 -0.7133578
2.046108 2.273924 -0.814103
2.046108 2.273924 -0.814103
2.129829 1.868377 -0.9115527
2.218367 1.96096 -1.032989
2.218367 1.96096 -1.032989
2.218367 1.96096 -1.032989
2.301174 2.057125 -1.175119
2.160873 2.298487 -0.8662991
2.126357 1.521728 -1.291178
2.18158 1.643306 -1.407244
2.261492 2.156603 -1.37441
2.261492 2.156603 -1.37441
2.326725 2.231606 -1.467399
2.402756 1.82394 -1.673901
2.402756 1.82394 -1.673901
2.462047 1.901577 -1.704993
2.462047 1.901577 -1.704993
2.462047 1.901577 -1.704993
2.519688 1.99882 -1.718719
