1.337763 0.5409828 0.1357416
1.337763 0.5409828 0.1357416
1.264517 0.5658765 0.1676702
1.535245 0.6651442 -0.538342
1.535245 0.6651442 -0.538342
1.535245 0.6651442 -0.538342
1.691368 1.349443 -0.08513358
1.691368 1.349443 -0.08513358
1.810695 1.098205 -0.6280513
1.196038 1.033863 0.3062344
1.196038 1.033863 0.3062344
1.346315 0.06493507 0.7396429
1.475765 0.7906108 0.5926619
1.990638 1.713643 -0.4030436
1.409131 1.408645 -0.07075547
1.58458 1.58024 -0.152687
2.008346 1.539662 -0.8271017
2.008346 1.539662 -0.8271017
1.912398 1.598823 -1.395286
1.943532 1.447421 -1.394882
1.943532 1.447421 -1.394882
2.054498 1.571679 -1.454602
2.054498 1.571679 -1.454602
2.054498 1.571679 -1.454602
1.83484 1.429435 -0.3656492
1.954881 2.256717 -0.473956
2.098745 1.451929 -1.373542
2.176212 1.536014 -1.447944
2.176212 1.536014 -1.447944
2.176212 1.536014 -1.447944
2.266566 1.60836 -1.526926
1.781582 1.505363 -0.4578133
1.781582 1.505363 -0.4578133
1.890577 1.6193 -0.5808837
1.970546 1.425035 -1.03156
1.970546 1.425035 -1.03156
2.044854 1.552321 -1.162582
2.044854 1.552321 -1.162582
2.044854 1.552321 -1.162582
2.128756 1.673816 -1.292339
2.128756 1.673816 -1.292339
2.128756 1.673816 -1.292339
2.21259 1.776397 -1.393475
2.21259 1.776397 -1.393475
2.21259 1.776397 -1.393475
2.29014 1.859159 -1.450057
2.390588 2.164154 -1.606002
2.390588 2.164154 -1.606002
2.199537 1.873607 -1.388524
