0.2476334 0.2067455 -0.2367507
0.9641731 1.473663 0.8365827
0.9641731 1.473663 0.8365827
0.9641731 1.473663 0.8365827
0.9641731 1.473663 0.8365827
0.9641731 1.473663 0.8365827
0.9641731 1.473663 0.8365827
0.9641731 1.473663 0.8365827
0.9641731 1.473663 0.8365827
0.9641731 1.473663 0.8365827
1.237884 0.5831933 1.717114
1.237884 0.5831933 1.717114
1.237884 0.5831933 1.717114
1.339094 0.337197 0.420948
1.337763 0.5409828 0.1357416
1.337763 0.5409828 0.1357416
1.337763 0.5409828 0.1357416
1.337763 0.5409828 0.1357416
1.337763 0.5409828 0.1357416
1.337763 0.5409828 0.1357416
1.337763 0.5409828 0.1357416
1.337763 0.5409828 0.1357416
1.337763 0.5409828 0.1357416
1.337763 0.5409828 0.1357416
1.337763 0.5409828 0.1357416
1.337763 0.5409828 0.1357416
1.337763 0.5409828 0.1357416
1.337763 0.5409828 0.1357416
1.337763 0.5409828 0.1357416
1.337763 0.5409828 0.1357416
1.337763 0.5409828 0.1357416
1.337763 0.5409828 0.1357416
1.337763 0.5409828 0.1357416
1.337763 0.5409828 0.1357416
1.337763 0.5409828 0.1357416
1.337763 0.5409828 0.1357416
1.337763 0.5409828 0.1357416
1.337763 0.5409828 0.1357416
1.337763 0.5409828 0.1357416
1.337763 0.5409828 0.1357416
1.337763 0.5409828 0.1357416
1.337763 0.5409828 0.1357416
1.337763 0.5409828 0.1357416
1.337763 0.5409828 0.1357416
1.337763 0.5409828 0.1357416
1.337763 0.5409828 0.1357416
1.337763 0.5409828 0.1357416
1.337763 0.5409828 0.1357416
1.337763 0.5409828 0.1357416
1.264517 0.5658765 0.1676702
1.264517 0.5658765 0.1676702
1.264517 0.5658765 0.1676702
1.264517 0.5658765 0.1676702
1.264517 0.5658765 0.1676702
1.264517 0.5658765 0.1676702
1.264517 0.5658765 0.1676702
1.264517 0.5658765 0.1676702
1.264517 0.5658765 0.1676702
1.264517 0.5658765 0.1676702
1.264517 0.5658765 0.1676702
1.603722 0.6920132 0.1619387
1.603722 0.6920132 0.1619387
1.603722 0.6920132 0.1619387
1.603722 0.6920132 0.1619387
1.603722 0.6920132 0.1619387
1.603722 0.6920132 0.1619387
1.603722 0.6920132 0.1619387
1.486888 0.3260428 0.2832016
1.486888 0.3260428 0.2832016
1.486888 0.3260428 0.2832016
1.535245 0.6651442 -0.538342
1.535245 0.6651442 -0.538342
1.535245 0.6651442 -0.538342
1.535245 0.6651442 -0.538342
1.535245 0.6651442 -0.538342
1.535245 0.6651442 -0.538342
1.535245 0.6651442 -0.538342
1.535245 0.6651442 -0.538342
1.535245 0.6651442 -0.538342
1.535245 0.6651442 -0.538342
1.535245 0.6651442 -0.538342
1.535245 0.6651442 -0.538342
1.535245 0.6651442 -0.538342
1.535245 0.6651442 -0.538342
1.535245 0.6651442 -0.538342
1.535245 0.6651442 -0.538342
1.535245 0.6651442 -0.538342
1.535245 0.6651442 -0.538342
1.535245 0.6651442 -0.538342
1.535245 0.6651442 -0.538342
1.535245 0.6651442 -0.538342
1.535245 0.6651442 -0.538342
1.535245 0.6651442 -0.538342
1.535245 0.6651442 -0.538342
1.535245 0.6651442 -0.538342
1.535245 0.6651442 -0.538342
1.535245 0.6651442 -0.538342
1.535245 0.6651442 -0.538342
1.535245 0.6651442 -0.538342
1.535245 0.6651442 -0.538342
1.535245 0.6651442 -0.538342
1.535245 0.6651442 -0.538342
1.535245 0.6651442 -0.538342
1.535245 0.6651442 -0.538342
1.535245 0.6651442 -0.538342
1.535245 0.6651442 -0.538342
1.535245 0.6651442 -0.538342
1.535245 0.6651442 -0.538342
1.535245 0.6651442 -0.538342
1.535245 0.6651442 -0.538342
1.535245 0.6651442 -0.538342
1.535245 0.6651442 -0.538342
1.535245 0.6651442 -0.538342
1.535245 0.6651442 -0.538342
1.535245 0.6651442 -0.538342
1.535245 0.6651442 -0.538342
1.535245 0.6651442 -0.538342
1.535245 0.6651442 -0.538342
1.535245 0.6651442 -0.538342
1.535245 0.6651442 -0.538342
1.923857 0.8310683 -0.5838632
1.923857 0.8310683 -0.5838632
1.923857 0.8310683 -0.5838632
1.409644 0.9503254 -0.9612495
1.409644 0.9503254 -0.9612495
1.409644 0.9503254 -0.9612495
1.409644 0.9503254 -0.9612495
1.409644 0.9503254 -0.9612495
1.409644 0.9503254 -0.9612495
1.409644 0.9503254 -0.9612495
1.691368 1.349443 -0.08513358
1.691368 1.349443 -0.08513358
1.691368 1.349443 -0.08513358
1.691368 1.349443 -0.08513358
1.691368 1.349443 -0.08513358
1.691368 1.349443 -0.08513358
1.691368 1.349443 -0.08513358
1.691368 1.349443 -0.08513358
1.691368 1.349443 -0.08513358
1.691368 1.349443 -0.08513358
1.691368 1.349443 -0.08513358
1.691368 1.349443 -0.08513358
1.691368 1.349443 -0.08513358
1.691368 1.349443 -0.08513358
1.691368 1.349443 -0.08513358
1.691368 1.349443 -0.08513358
1.691368 1.349443 -0.08513358
1.691368 1.349443 -0.08513358
1.691368 1.349443 -0.08513358
1.691368 1.349443 -0.08513358
1.691368 1.349443 -0.08513358
1.691368 1.349443 -0.08513358
1.691368 1.349443 -0.08513358
1.691368 1.349443 -0.08513358
1.691368 1.349443 -0.08513358
1.691368 1.349443 -0.08513358
1.691368 1.349443 -0.08513358
1.691368 1.349443 -0.08513358
1.691368 1.349443 -0.08513358
1.691368 1.349443 -0.08513358
1.691368 1.349443 -0.08513358
1.810695 1.098205 -0.6280513
1.810695 1.098205 -0.6280513
1.810695 1.098205 -0.6280513
1.810695 1.098205 -0.6280513
1.810695 1.098205 -0.6280513
1.810695 1.098205 -0.6280513
1.810695 1.098205 -0.6280513
1.810695 1.098205 -0.6280513
1.810695 1.098205 -0.6280513
1.810695 1.098205 -0.6280513
1.810695 1.098205 -0.6280513
1.810695 1.098205 -0.6280513
1.810695 1.098205 -0.6280513
1.810695 1.098205 -0.6280513
1.810695 1.098205 -0.6280513
1.810695 1.098205 -0.6280513
1.810695 1.098205 -0.6280513
1.810695 1.098205 -0.6280513
1.810695 1.098205 -0.6280513
2.098424 1.217008 -0.7039009
2.098424 1.217008 -0.7039009
2.098424 1.217008 -0.7039009
2.098424 1.217008 -0.7039009
2.098424 1.217008 -0.7039009
2.098424 1.217008 -0.7039009
2.098424 1.217008 -0.7039009
2.098424 1.217008 -0.7039009
1.672805 1.903873 0.5192957
1.672805 1.903873 0.5192957
1.672805 1.903873 0.5192957
1.672805 1.903873 0.5192957
1.672805 1.903873 0.5192957
1.672805 1.903873 0.5192957
1.672805 1.903873 0.5192957
1.672805 1.903873 0.5192957
1.672805 1.903873 0.5192957
1.196038 1.033863 0.3062344
1.196038 1.033863 0.3062344
1.196038 1.033863 0.3062344
1.196038 1.033863 0.3062344
1.196038 1.033863 0.3062344
1.196038 1.033863 0.3062344
1.196038 1.033863 0.3062344
1.196038 1.033863 0.3062344
1.196038 1.033863 0.3062344
1.196038 1.033863 0.3062344
1.196038 1.033863 0.3062344
1.196038 1.033863 0.3062344
1.196038 1.033863 0.3062344
1.196038 1.033863 0.3062344
1.196038 1.033863 0.3062344
1.196038 1.033863 0.3062344
1.196038 1.033863 0.3062344
1.196038 1.033863 0.3062344
1.196038 1.033863 0.3062344
1.196038 1.033863 0.3062344
1.196038 1.033863 0.3062344
1.196038 1.033863 0.3062344
1.196038 1.033863 0.3062344
1.196038 1.033863 0.3062344
1.196038 1.033863 0.3062344
1.196038 1.033863 0.3062344
1.196038 1.033863 0.3062344
1.196038 1.033863 0.3062344
1.196038 1.033863 0.3062344
1.196038 1.033863 0.3062344
1.196038 1.033863 0.3062344
1.196038 1.033863 0.3062344
1.196038 1.033863 0.3062344
1.196038 1.033863 0.3062344
1.196038 1.033863 0.3062344
1.196038 1.033863 0.3062344
1.196038 1.033863 0.3062344
1.196038 1.033863 0.3062344
1.346315 0.06493507 0.7396429
1.346315 0.06493507 0.7396429
1.346315 0.06493507 0.7396429
1.346315 0.06493507 0.7396429
1.346315 0.06493507 0.7396429
1.549143 0.228509 0.7172931
1.549143 0.228509 0.7172931
1.549143 0.228509 0.7172931
1.475765 0.7906108 0.5926619
1.475765 0.7906108 0.5926619
1.475765 0.7906108 0.5926619
1.475765 0.7906108 0.5926619
1.475765 0.7906108 0.5926619
1.475765 0.7906108 0.5926619
1.475765 0.7906108 0.5926619
1.475765 0.7906108 0.5926619
1.475765 0.7906108 0.5926619
1.475765 0.7906108 0.5926619
1.475765 0.7906108 0.5926619
1.475765 0.7906108 0.5926619
1.475765 0.7906108 0.5926619
1.475765 0.7906108 0.5926619
1.475765 0.7906108 0.5926619
1.475765 0.7906108 0.5926619
1.475765 0.7906108 0.5926619
1.475765 0.7906108 0.5926619
1.475765 0.7906108 0.5926619
1.475765 0.7906108 0.5926619
1.6998 0.9469834 0.3060361
1.6998 0.9469834 0.3060361
1.6998 0.9469834 0.3060361
1.6998 0.9469834 0.3060361
1.6998 0.9469834 0.3060361
1.476224 1.865593 -0.009127
1.476224 1.865593 -0.009127
1.476224 1.865593 -0.009127
1.476224 1.865593 -0.009127
1.476224 1.865593 -0.009127
1.476224 1.865593 -0.009127
1.476224 1.865593 -0.009127
1.476224 1.865593 -0.009127
1.476224 1.865593 -0.009127
1.476224 1.865593 -0.009127
1.476224 1.865593 -0.009127
1.990638 1.713643 -0.4030436
1.990638 1.713643 -0.4030436
1.990638 1.713643 -0.4030436
1.990638 1.713643 -0.4030436
1.990638 1.713643 -0.4030436
1.990638 1.713643 -0.4030436
1.990638 1.713643 -0.4030436
1.990638 1.713643 -0.4030436
1.990638 1.713643 -0.4030436
1.990638 1.713643 -0.4030436
1.990638 1.713643 -0.4030436
1.990638 1.713643 -0.4030436
1.990638 1.713643 -0.4030436
1.990638 1.713643 -0.4030436
1.990638 1.713643 -0.4030436
1.409131 1.408645 -0.07075547
1.409131 1.408645 -0.07075547
1.409131 1.408645 -0.07075547
1.409131 1.408645 -0.07075547
1.409131 1.408645 -0.07075547
1.409131 1.408645 -0.07075547
1.58458 1.58024 -0.152687
1.58458 1.58024 -0.152687
1.58458 1.58024 -0.152687
1.58458 1.58024 -0.152687
1.58458 1.58024 -0.152687
1.58458 1.58024 -0.152687
1.58458 1.58024 -0.152687
1.58458 1.58024 -0.152687
1.58458 1.58024 -0.152687
1.58458 1.58024 -0.152687
1.58458 1.58024 -0.152687
1.58458 1.58024 -0.152687
1.58458 1.58024 -0.152687
1.58458 1.58024 -0.152687
1.58458 1.58024 -0.152687
1.58458 1.58024 -0.152687
1.58458 1.58024 -0.152687
1.58458 1.58024 -0.152687
1.58458 1.58024 -0.152687
1.58458 1.58024 -0.152687
1.58458 1.58024 -0.152687
1.58458 1.58024 -0.152687
1.58458 1.58024 -0.152687
1.58458 1.58024 -0.152687
1.58458 1.58024 -0.152687
1.58458 1.58024 -0.152687
1.58458 1.58024 -0.152687
1.58458 1.58024 -0.152687
1.58458 1.58024 -0.152687
1.58458 1.58024 -0.152687
1.58458 1.58024 -0.152687
1.58458 1.58024 -0.152687
1.58458 1.58024 -0.152687
1.58458 1.58024 -0.152687
1.58458 1.58024 -0.152687
1.58458 1.58024 -0.152687
2.008346 1.539662 -0.8271017
2.008346 1.539662 -0.8271017
2.008346 1.539662 -0.8271017
2.008346 1.539662 -0.8271017
2.008346 1.539662 -0.8271017
2.008346 1.539662 -0.8271017
2.008346 1.539662 -0.8271017
2.008346 1.539662 -0.8271017
2.008346 1.539662 -0.8271017
2.008346 1.539662 -0.8271017
2.008346 1.539662 -0.8271017
2.008346 1.539662 -0.8271017
2.008346 1.539662 -0.8271017
2.008346 1.539662 -0.8271017
2.008346 1.539662 -0.8271017
2.008346 1.539662 -0.8271017
2.008346 1.539662 -0.8271017
2.008346 1.539662 -0.8271017
2.008346 1.539662 -0.8271017
2.008346 1.539662 -0.8271017
2.008346 1.539662 -0.8271017
2.008346 1.539662 -0.8271017
2.008346 1.539662 -0.8271017
2.008346 1.539662 -0.8271017
2.139191 1.666389 -0.910671
2.139191 1.666389 -0.910671
2.139191 1.666389 -0.910671
1.966144 2.192807 -0.6828962
1.966144 2.192807 -0.6828962
1.912398 1.598823 -1.395286
1.912398 1.598823 -1.395286
1.912398 1.598823 -1.395286
1.912398 1.598823 -1.395286
1.912398 1.598823 -1.395286
1.912398 1.598823 -1.395286
1.912398 1.598823 -1.395286
1.912398 1.598823 -1.395286
1.912398 1.598823 -1.395286
1.912398 1.598823 -1.395286
1.912398 1.598823 -1.395286
1.912398 1.598823 -1.395286
1.912398 1.598823 -1.395286
1.912398 1.598823 -1.395286
1.912398 1.598823 -1.395286
1.912398 1.598823 -1.395286
1.912398 1.598823 -1.395286
1.912398 1.598823 -1.395286
1.912398 1.598823 -1.395286
1.912398 1.598823 -1.395286
1.912398 1.598823 -1.395286
1.912398 1.598823 -1.395286
1.912398 1.598823 -1.395286
1.912398 1.598823 -1.395286
1.912398 1.598823 -1.395286
1.912398 1.598823 -1.395286
1.912398 1.598823 -1.395286
1.912398 1.598823 -1.395286
1.912398 1.598823 -1.395286
1.912398 1.598823 -1.395286
1.943532 1.447421 -1.394882
1.943532 1.447421 -1.394882
1.943532 1.447421 -1.394882
1.943532 1.447421 -1.394882
1.943532 1.447421 -1.394882
1.943532 1.447421 -1.394882
1.943532 1.447421 -1.394882
1.943532 1.447421 -1.394882
1.943532 1.447421 -1.394882
1.943532 1.447421 -1.394882
1.943532 1.447421 -1.394882
1.943532 1.447421 -1.394882
1.943532 1.447421 -1.394882
1.943532 1.447421 -1.394882
1.943532 1.447421 -1.394882
1.943532 1.447421 -1.394882
1.943532 1.447421 -1.394882
1.943532 1.447421 -1.394882
1.943532 1.447421 -1.394882
1.943532 1.447421 -1.394882
1.943532 1.447421 -1.394882
1.943532 1.447421 -1.394882
1.943532 1.447421 -1.394882
1.943532 1.447421 -1.394882
1.943532 1.447421 -1.394882
2.054498 1.571679 -1.454602
2.054498 1.571679 -1.454602
2.054498 1.571679 -1.454602
2.054498 1.571679 -1.454602
2.054498 1.571679 -1.454602
2.054498 1.571679 -1.454602
2.054498 1.571679 -1.454602
2.054498 1.571679 -1.454602
2.054498 1.571679 -1.454602
2.054498 1.571679 -1.454602
2.054498 1.571679 -1.454602
2.054498 1.571679 -1.454602
2.054498 1.571679 -1.454602
2.054498 1.571679 -1.454602
2.054498 1.571679 -1.454602
2.054498 1.571679 -1.454602
2.054498 1.571679 -1.454602
2.054498 1.571679 -1.454602
2.054498 1.571679 -1.454602
2.054498 1.571679 -1.454602
2.054498 1.571679 -1.454602
2.054498 1.571679 -1.454602
2.054498 1.571679 -1.454602
2.054498 1.571679 -1.454602
2.054498 1.571679 -1.454602
2.054498 1.571679 -1.454602
2.054498 1.571679 -1.454602
2.054498 1.571679 -1.454602
2.054498 1.571679 -1.454602
2.054498 1.571679 -1.454602
2.054498 1.571679 -1.454602
2.054498 1.571679 -1.454602
2.054498 1.571679 -1.454602
2.054498 1.571679 -1.454602
2.054498 1.571679 -1.454602
2.054498 1.571679 -1.454602
2.054498 1.571679 -1.454602
2.054498 1.571679 -1.454602
2.054498 1.571679 -1.454602
2.054498 1.571679 -1.454602
2.054498 1.571679 -1.454602
2.054498 1.571679 -1.454602
2.054498 1.571679 -1.454602
2.054498 1.571679 -1.454602
2.054498 1.571679 -1.454602
2.054498 1.571679 -1.454602
2.054498 1.571679 -1.454602
2.054498 1.571679 -1.454602
2.054498 1.571679 -1.454602
2.054498 1.571679 -1.454602
2.054498 1.571679 -1.454602
2.054498 1.571679 -1.454602
2.054498 1.571679 -1.454602
2.054498 1.571679 -1.454602
2.054498 1.571679 -1.454602
2.054498 1.571679 -1.454602
2.054498 1.571679 -1.454602
2.054498 1.571679 -1.454602
2.054498 1.571679 -1.454602
2.054498 1.571679 -1.454602
2.155594 1.718602 -1.559092
2.155594 1.718602 -1.559092
1.83484 1.429435 -0.3656492
1.83484 1.429435 -0.3656492
1.83484 1.429435 -0.3656492
1.83484 1.429435 -0.3656492
1.83484 1.429435 -0.3656492
1.83484 1.429435 -0.3656492
1.83484 1.429435 -0.3656492
1.83484 1.429435 -0.3656492
1.83484 1.429435 -0.3656492
1.83484 1.429435 -0.3656492
1.83484 1.429435 -0.3656492
1.83484 1.429435 -0.3656492
1.83484 1.429435 -0.3656492
1.83484 1.429435 -0.3656492
1.83484 1.429435 -0.3656492
1.83484 1.429435 -0.3656492
1.83484 1.429435 -0.3656492
1.83484 1.429435 -0.3656492
1.83484 1.429435 -0.3656492
1.83484 1.429435 -0.3656492
1.83484 1.429435 -0.3656492
1.83484 1.429435 -0.3656492
1.634159 1.507114 -0.4393395
1.634159 1.507114 -0.4393395
1.634159 1.507114 -0.4393395
1.634159 1.507114 -0.4393395
1.634159 1.507114 -0.4393395
1.634159 1.507114 -0.4393395
1.634159 1.507114 -0.4393395
1.634159 1.507114 -0.4393395
1.634159 1.507114 -0.4393395
1.634159 1.507114 -0.4393395
1.634159 1.507114 -0.4393395
1.634159 1.507114 -0.4393395
1.634159 1.507114 -0.4393395
1.634159 1.507114 -0.4393395
1.634159 1.507114 -0.4393395
1.954881 2.256717 -0.473956
1.954881 2.256717 -0.473956
1.954881 2.256717 -0.473956
1.954881 2.256717 -0.473956
1.954881 2.256717 -0.473956
1.954881 2.256717 -0.473956
1.954881 2.256717 -0.473956
1.954881 2.256717 -0.473956
1.954881 2.256717 -0.473956
1.954881 2.256717 -0.473956
1.954881 2.256717 -0.473956
1.954881 2.256717 -0.473956
1.954881 2.256717 -0.473956
1.954881 2.256717 -0.473956
1.954881 2.256717 -0.473956
1.954881 2.256717 -0.473956
2.098745 1.451929 -1.373542
2.098745 1.451929 -1.373542
2.098745 1.451929 -1.373542
2.098745 1.451929 -1.373542
2.098745 1.451929 -1.373542
2.176212 1.536014 -1.447944
2.176212 1.536014 -1.447944
2.176212 1.536014 -1.447944
2.176212 1.536014 -1.447944
2.176212 1.536014 -1.447944
2.176212 1.536014 -1.447944
2.176212 1.536014 -1.447944
2.176212 1.536014 -1.447944
2.176212 1.536014 -1.447944
2.176212 1.536014 -1.447944
2.176212 1.536014 -1.447944
2.176212 1.536014 -1.447944
2.176212 1.536014 -1.447944
2.176212 1.536014 -1.447944
2.176212 1.536014 -1.447944
2.176212 1.536014 -1.447944
2.176212 1.536014 -1.447944
2.176212 1.536014 -1.447944
2.176212 1.536014 -1.447944
2.176212 1.536014 -1.447944
2.176212 1.536014 -1.447944
2.176212 1.536014 -1.447944
2.176212 1.536014 -1.447944
2.176212 1.536014 -1.447944
2.176212 1.536014 -1.447944
2.176212 1.536014 -1.447944
2.176212 1.536014 -1.447944
2.176212 1.536014 -1.447944
2.176212 1.536014 -1.447944
2.176212 1.536014 -1.447944
2.176212 1.536014 -1.447944
2.176212 1.536014 -1.447944
2.176212 1.536014 -1.447944
2.176212 1.536014 -1.447944
2.176212 1.536014 -1.447944
2.176212 1.536014 -1.447944
2.176212 1.536014 -1.447944
2.176212 1.536014 -1.447944
2.176212 1.536014 -1.447944
2.176212 1.536014 -1.447944
2.176212 1.536014 -1.447944
2.176212 1.536014 -1.447944
2.176212 1.536014 -1.447944
2.176212 1.536014 -1.447944
2.176212 1.536014 -1.447944
2.176212 1.536014 -1.447944
2.176212 1.536014 -1.447944
2.176212 1.536014 -1.447944
2.176212 1.536014 -1.447944
2.176212 1.536014 -1.447944
2.176212 1.536014 -1.447944
2.176212 1.536014 -1.447944
2.176212 1.536014 -1.447944
2.176212 1.536014 -1.447944
2.176212 1.536014 -1.447944
2.176212 1.536014 -1.447944
2.176212 1.536014 -1.447944
2.176212 1.536014 -1.447944
2.176212 1.536014 -1.447944
2.176212 1.536014 -1.447944
2.266566 1.60836 -1.526926
2.266566 1.60836 -1.526926
2.266566 1.60836 -1.526926
2.266566 1.60836 -1.526926
2.266566 1.60836 -1.526926
2.266566 1.60836 -1.526926
2.266566 1.60836 -1.526926
2.266566 1.60836 -1.526926
2.266566 1.60836 -1.526926
2.266566 1.60836 -1.526926
2.266566 1.60836 -1.526926
2.266566 1.60836 -1.526926
2.266566 1.60836 -1.526926
2.266566 1.60836 -1.526926
2.266566 1.60836 -1.526926
2.266566 1.60836 -1.526926
2.266566 1.60836 -1.526926
2.266566 1.60836 -1.526926
2.266566 1.60836 -1.526926
2.266566 1.60836 -1.526926
2.266566 1.60836 -1.526926
1.781582 1.505363 -0.4578133
1.781582 1.505363 -0.4578133
1.781582 1.505363 -0.4578133
1.781582 1.505363 -0.4578133
1.781582 1.505363 -0.4578133
1.781582 1.505363 -0.4578133
1.781582 1.505363 -0.4578133
1.781582 1.505363 -0.4578133
1.781582 1.505363 -0.4578133
1.781582 1.505363 -0.4578133
1.781582 1.505363 -0.4578133
1.781582 1.505363 -0.4578133
1.781582 1.505363 -0.4578133
1.781582 1.505363 -0.4578133
1.781582 1.505363 -0.4578133
1.781582 1.505363 -0.4578133
1.781582 1.505363 -0.4578133
1.781582 1.505363 -0.4578133
1.781582 1.505363 -0.4578133
1.781582 1.505363 -0.4578133
1.781582 1.505363 -0.4578133
1.781582 1.505363 -0.4578133
1.781582 1.505363 -0.4578133
1.781582 1.505363 -0.4578133
1.781582 1.505363 -0.4578133
1.781582 1.505363 -0.4578133
1.781582 1.505363 -0.4578133
1.781582 1.505363 -0.4578133
1.781582 1.505363 -0.4578133
1.781582 1.505363 -0.4578133
1.781582 1.505363 -0.4578133
1.781582 1.505363 -0.4578133
1.781582 1.505363 -0.4578133
1.781582 1.505363 -0.4578133
1.781582 1.505363 -0.4578133
1.781582 1.505363 -0.4578133
1.781582 1.505363 -0.4578133
1.781582 1.505363 -0.4578133
1.781582 1.505363 -0.4578133
1.890577 1.6193 -0.5808837
1.890577 1.6193 -0.5808837
1.890577 1.6193 -0.5808837
1.890577 1.6193 -0.5808837
1.890577 1.6193 -0.5808837
1.890577 1.6193 -0.5808837
1.890577 1.6193 -0.5808837
1.890577 1.6193 -0.5808837
1.890577 1.6193 -0.5808837
1.890577 1.6193 -0.5808837
1.890577 1.6193 -0.5808837
1.890577 1.6193 -0.5808837
1.890577 1.6193 -0.5808837
1.890577 1.6193 -0.5808837
1.890577 1.6193 -0.5808837
1.890577 1.6193 -0.5808837
1.890577 1.6193 -0.5808837
1.890577 1.6193 -0.5808837
1.890577 1.6193 -0.5808837
1.890577 1.6193 -0.5808837
1.890577 1.6193 -0.5808837
1.890577 1.6193 -0.5808837
1.890577 1.6193 -0.5808837
1.970546 1.425035 -1.03156
1.970546 1.425035 -1.03156
1.970546 1.425035 -1.03156
1.970546 1.425035 -1.03156
1.970546 1.425035 -1.03156
1.970546 1.425035 -1.03156
1.970546 1.425035 -1.03156
1.970546 1.425035 -1.03156
1.970546 1.425035 -1.03156
1.970546 1.425035 -1.03156
1.970546 1.425035 -1.03156
1.970546 1.425035 -1.03156
1.970546 1.425035 -1.03156
1.970546 1.425035 -1.03156
1.970546 1.425035 -1.03156
1.970546 1.425035 -1.03156
1.970546 1.425035 -1.03156
1.970546 1.425035 -1.03156
1.970546 1.425035 -1.03156
1.970546 1.425035 -1.03156
1.970546 1.425035 -1.03156
1.970546 1.425035 -1.03156
1.970546 1.425035 -1.03156
1.970546 1.425035 -1.03156
1.970546 1.425035 -1.03156
1.970546 1.425035 -1.03156
1.970546 1.425035 -1.03156
1.970546 1.425035 -1.03156
1.970546 1.425035 -1.03156
1.970546 1.425035 -1.03156
1.970546 1.425035 -1.03156
1.970546 1.425035 -1.03156
1.970546 1.425035 -1.03156
1.970546 1.425035 -1.03156
1.970546 1.425035 -1.03156
1.970546 1.425035 -1.03156
1.970546 1.425035 -1.03156
2.044854 1.552321 -1.162582
2.044854 1.552321 -1.162582
2.044854 1.552321 -1.162582
2.044854 1.552321 -1.162582
2.044854 1.552321 -1.162582
2.044854 1.552321 -1.162582
2.044854 1.552321 -1.162582
2.044854 1.552321 -1.162582
2.044854 1.552321 -1.162582
2.044854 1.552321 -1.162582
2.044854 1.552321 -1.162582
2.044854 1.552321 -1.162582
2.044854 1.552321 -1.162582
2.044854 1.552321 -1.162582
2.044854 1.552321 -1.162582
2.044854 1.552321 -1.162582
2.044854 1.552321 -1.162582
2.044854 1.552321 -1.162582
2.044854 1.552321 -1.162582
2.044854 1.552321 -1.162582
2.044854 1.552321 -1.162582
2.044854 1.552321 -1.162582
2.044854 1.552321 -1.162582
2.044854 1.552321 -1.162582
2.044854 1.552321 -1.162582
2.044854 1.552321 -1.162582
2.044854 1.552321 -1.162582
2.044854 1.552321 -1.162582
2.044854 1.552321 -1.162582
2.044854 1.552321 -1.162582
2.044854 1.552321 -1.162582
2.044854 1.552321 -1.162582
2.044854 1.552321 -1.162582
2.044854 1.552321 -1.162582
2.044854 1.552321 -1.162582
2.044854 1.552321 -1.162582
2.044854 1.552321 -1.162582
2.044854 1.552321 -1.162582
2.044854 1.552321 -1.162582
2.044854 1.552321 -1.162582
2.044854 1.552321 -1.162582
2.044854 1.552321 -1.162582
2.044854 1.552321 -1.162582
2.044854 1.552321 -1.162582
2.044854 1.552321 -1.162582
2.044854 1.552321 -1.162582
2.044854 1.552321 -1.162582
2.044854 1.552321 -1.162582
2.044854 1.552321 -1.162582
2.044854 1.552321 -1.162582
2.044854 1.552321 -1.162582
2.044854 1.552321 -1.162582
2.044854 1.552321 -1.162582
2.044854 1.552321 -1.162582
2.044854 1.552321 -1.162582
2.044854 1.552321 -1.162582
2.044854 1.552321 -1.162582
2.044854 1.552321 -1.162582
2.044854 1.552321 -1.162582
2.044854 1.552321 -1.162582
2.128756 1.673816 -1.292339
2.128756 1.673816 -1.292339
2.128756 1.673816 -1.292339
2.128756 1.673816 -1.292339
2.128756 1.673816 -1.292339
2.128756 1.673816 -1.292339
2.128756 1.673816 -1.292339
2.128756 1.673816 -1.292339
2.128756 1.673816 -1.292339
2.128756 1.673816 -1.292339
2.128756 1.673816 -1.292339
2.128756 1.673816 -1.292339
2.128756 1.673816 -1.292339
2.128756 1.673816 -1.292339
2.128756 1.673816 -1.292339
2.128756 1.673816 -1.292339
2.128756 1.673816 -1.292339
2.128756 1.673816 -1.292339
2.128756 1.673816 -1.292339
2.128756 1.673816 -1.292339
2.128756 1.673816 -1.292339
2.128756 1.673816 -1.292339
2.128756 1.673816 -1.292339
2.128756 1.673816 -1.292339
2.128756 1.673816 -1.292339
2.128756 1.673816 -1.292339
2.128756 1.673816 -1.292339
2.128756 1.673816 -1.292339
2.128756 1.673816 -1.292339
2.128756 1.673816 -1.292339
2.128756 1.673816 -1.292339
2.128756 1.673816 -1.292339
2.128756 1.673816 -1.292339
2.128756 1.673816 -1.292339
2.128756 1.673816 -1.292339
2.128756 1.673816 -1.292339
2.128756 1.673816 -1.292339
2.128756 1.673816 -1.292339
2.128756 1.673816 -1.292339
2.128756 1.673816 -1.292339
2.128756 1.673816 -1.292339
2.128756 1.673816 -1.292339
2.128756 1.673816 -1.292339
2.128756 1.673816 -1.292339
2.128756 1.673816 -1.292339
2.128756 1.673816 -1.292339
2.128756 1.673816 -1.292339
2.128756 1.673816 -1.292339
2.128756 1.673816 -1.292339
2.128756 1.673816 -1.292339
2.128756 1.673816 -1.292339
2.128756 1.673816 -1.292339
2.128756 1.673816 -1.292339
2.128756 1.673816 -1.292339
2.128756 1.673816 -1.292339
2.128756 1.673816 -1.292339
2.128756 1.673816 -1.292339
2.128756 1.673816 -1.292339
2.128756 1.673816 -1.292339
2.128756 1.673816 -1.292339
2.21259 1.776397 -1.393475
2.21259 1.776397 -1.393475
2.21259 1.776397 -1.393475
2.21259 1.776397 -1.393475
2.21259 1.776397 -1.393475
2.21259 1.776397 -1.393475
2.21259 1.776397 -1.393475
2.21259 1.776397 -1.393475
2.21259 1.776397 -1.393475
2.21259 1.776397 -1.393475
2.21259 1.776397 -1.393475
2.21259 1.776397 -1.393475
2.21259 1.776397 -1.393475
2.21259 1.776397 -1.393475
2.21259 1.776397 -1.393475
2.21259 1.776397 -1.393475
2.21259 1.776397 -1.393475
2.21259 1.776397 -1.393475
2.21259 1.776397 -1.393475
2.21259 1.776397 -1.393475
2.21259 1.776397 -1.393475
2.21259 1.776397 -1.393475
2.21259 1.776397 -1.393475
2.21259 1.776397 -1.393475
2.21259 1.776397 -1.393475
2.21259 1.776397 -1.393475
2.21259 1.776397 -1.393475
2.21259 1.776397 -1.393475
2.21259 1.776397 -1.393475
2.21259 1.776397 -1.393475
2.21259 1.776397 -1.393475
2.21259 1.776397 -1.393475
2.21259 1.776397 -1.393475
2.21259 1.776397 -1.393475
2.21259 1.776397 -1.393475
2.21259 1.776397 -1.393475
2.21259 1.776397 -1.393475
2.21259 1.776397 -1.393475
2.21259 1.776397 -1.393475
2.21259 1.776397 -1.393475
2.21259 1.776397 -1.393475
2.21259 1.776397 -1.393475
2.21259 1.776397 -1.393475
2.21259 1.776397 -1.393475
2.21259 1.776397 -1.393475
2.21259 1.776397 -1.393475
2.21259 1.776397 -1.393475
2.21259 1.776397 -1.393475
2.21259 1.776397 -1.393475
2.21259 1.776397 -1.393475
2.21259 1.776397 -1.393475
2.21259 1.776397 -1.393475
2.21259 1.776397 -1.393475
2.21259 1.776397 -1.393475
2.21259 1.776397 -1.393475
2.21259 1.776397 -1.393475
2.21259 1.776397 -1.393475
2.21259 1.776397 -1.393475
2.21259 1.776397 -1.393475
2.21259 1.776397 -1.393475
2.29014 1.859159 -1.450057
2.29014 1.859159 -1.450057
2.29014 1.859159 -1.450057
2.29014 1.859159 -1.450057
2.29014 1.859159 -1.450057
2.29014 1.859159 -1.450057
2.29014 1.859159 -1.450057
2.29014 1.859159 -1.450057
2.29014 1.859159 -1.450057
2.29014 1.859159 -1.450057
2.29014 1.859159 -1.450057
2.29014 1.859159 -1.450057
2.29014 1.859159 -1.450057
2.29014 1.859159 -1.450057
2.29014 1.859159 -1.450057
2.29014 1.859159 -1.450057
2.29014 1.859159 -1.450057
2.29014 1.859159 -1.450057
2.29014 1.859159 -1.450057
2.29014 1.859159 -1.450057
2.29014 1.859159 -1.450057
2.29014 1.859159 -1.450057
2.29014 1.859159 -1.450057
2.29014 1.859159 -1.450057
2.29014 1.859159 -1.450057
2.29014 1.859159 -1.450057
2.29014 1.859159 -1.450057
2.498726 1.921498 -1.91323
2.498726 1.921498 -1.91323
2.498726 1.921498 -1.91323
2.498726 1.921498 -1.91323
2.498726 1.921498 -1.91323
2.498726 1.921498 -1.91323
2.498726 1.921498 -1.91323
2.498726 1.921498 -1.91323
2.498726 1.921498 -1.91323
2.390588 2.164154 -1.606002
2.390588 2.164154 -1.606002
2.390588 2.164154 -1.606002
2.390588 2.164154 -1.606002
2.390588 2.164154 -1.606002
2.390588 2.164154 -1.606002
2.390588 2.164154 -1.606002
2.390588 2.164154 -1.606002
2.390588 2.164154 -1.606002
2.390588 2.164154 -1.606002
2.390588 2.164154 -1.606002
2.390588 2.164154 -1.606002
2.390588 2.164154 -1.606002
2.390588 2.164154 -1.606002
2.390588 2.164154 -1.606002
2.390588 2.164154 -1.606002
2.390588 2.164154 -1.606002
2.390588 2.164154 -1.606002
2.390588 2.164154 -1.606002
2.390588 2.164154 -1.606002
2.390588 2.164154 -1.606002
2.390588 2.164154 -1.606002
2.390588 2.164154 -1.606002
2.390588 2.164154 -1.606002
2.487856 2.249203 -1.635135
2.487856 2.249203 -1.635135
2.487856 2.249203 -1.635135
2.487856 2.249203 -1.635135
2.487856 2.249203 -1.635135
2.487856 2.249203 -1.635135
2.487856 2.249203 -1.635135
2.487856 2.249203 -1.635135
2.487856 2.249203 -1.635135
2.487856 2.249203 -1.635135
2.199537 1.873607 -1.388524
2.199537 1.873607 -1.388524
2.199537 1.873607 -1.388524
2.199537 1.873607 -1.388524
2.199537 1.873607 -1.388524
2.199537 1.873607 -1.388524
2.199537 1.873607 -1.388524
2.199537 1.873607 -1.388524
2.199537 1.873607 -1.388524
2.199537 1.873607 -1.388524
