-0.01775556 -0.1365016 0.4397558
-0.01775556 -0.1365016 0.4397558
1.051103 -0.6844459 0.541204
1.051103 -0.6844459 0.541204
1.051103 -0.6844459 0.541204
1.090661 0.8944257 0.8142759
1.090661 0.8944257 0.8142759
1.090661 0.8944257 0.8142759
1.090661 0.8944257 0.8142759
1.090661 0.8944257 0.8142759
1.289855 1.110095 0.05137163
1.289855 1.110095 0.05137163
1.289855 1.110095 0.05137163
1.289855 1.110095 0.05137163
1.289855 1.110095 0.05137163
1.289855 1.110095 0.05137163
1.289855 1.110095 0.05137163
1.289855 1.110095 0.05137163
1.289855 1.110095 0.05137163
1.289855 1.110095 0.05137163
1.289855 1.110095 0.05137163
1.289855 1.110095 0.05137163
1.289855 1.110095 0.05137163
1.289855 1.110095 0.05137163
1.289855 1.110095 0.05137163
1.289855 1.110095 0.05137163
1.289855 1.110095 0.05137163
1.289855 1.110095 0.05137163
1.289855 1.110095 0.05137163
1.289855 1.110095 0.05137163
1.289855 1.110095 0.05137163
1.289855 1.110095 0.05137163
1.289855 1.110095 0.05137163
1.289855 1.110095 0.05137163
1.289855 1.110095 0.05137163
1.289855 1.110095 0.05137163
1.289855 1.110095 0.05137163
1.289855 1.110095 0.05137163
1.289855 1.110095 0.05137163
1.289855 1.110095 0.05137163
1.289855 1.110095 0.05137163
1.289855 1.110095 0.05137163
1.289855 1.110095 0.05137163
1.289855 1.110095 0.05137163
1.289855 1.110095 0.05137163
1.289855 1.110095 0.05137163
1.289855 1.110095 0.05137163
1.289855 1.110095 0.05137163
1.414827 0.9827868 -0.9413036
1.414827 0.9827868 -0.9413036
1.414827 0.9827868 -0.9413036
1.414827 0.9827868 -0.9413036
1.414827 0.9827868 -0.9413036
1.414827 0.9827868 -0.9413036
1.414827 0.9827868 -0.9413036
1.414827 0.9827868 -0.9413036
1.414827 0.9827868 -0.9413036
1.414827 0.9827868 -0.9413036
1.522319 0.9458892 -0.7282793
1.522319 0.9458892 -0.7282793
2.050957 1.144704 -0.7467272
1.784644 1.26371 -0.3808472
1.784644 1.26371 -0.3808472
1.784644 1.26371 -0.3808472
1.784644 1.26371 -0.3808472
1.784644 1.26371 -0.3808472
1.784644 1.26371 -0.3808472
1.784644 1.26371 -0.3808472
1.784644 1.26371 -0.3808472
1.784644 1.26371 -0.3808472
1.784644 1.26371 -0.3808472
1.784644 1.26371 -0.3808472
1.784644 1.26371 -0.3808472
1.784644 1.26371 -0.3808472
1.784644 1.26371 -0.3808472
1.784644 1.26371 -0.3808472
1.784644 1.26371 -0.3808472
1.784644 1.26371 -0.3808472
1.784644 1.26371 -0.3808472
1.784644 1.26371 -0.3808472
1.784644 1.26371 -0.3808472
1.784644 1.26371 -0.3808472
1.784644 1.26371 -0.3808472
1.784644 1.26371 -0.3808472
1.784644 1.26371 -0.3808472
1.784644 1.26371 -0.3808472
1.784644 1.26371 -0.3808472
1.784644 1.26371 -0.3808472
1.784644 1.26371 -0.3808472
1.784644 1.26371 -0.3808472
1.784644 1.26371 -0.3808472
1.784644 1.26371 -0.3808472
1.784644 1.26371 -0.3808472
1.784644 1.26371 -0.3808472
1.784644 1.26371 -0.3808472
1.784644 1.26371 -0.3808472
1.784644 1.26371 -0.3808472
1.784644 1.26371 -0.3808472
1.943261 1.466057 -0.5439542
1.943261 1.466057 -0.5439542
1.943261 1.466057 -0.5439542
1.943261 1.466057 -0.5439542
1.943261 1.466057 -0.5439542
1.943261 1.466057 -0.5439542
1.943261 1.466057 -0.5439542
1.943261 1.466057 -0.5439542
1.943261 1.466057 -0.5439542
1.943261 1.466057 -0.5439542
1.943261 1.466057 -0.5439542
1.943261 1.466057 -0.5439542
1.943261 1.466057 -0.5439542
1.943261 1.466057 -0.5439542
1.943261 1.466057 -0.5439542
1.943261 1.466057 -0.5439542
1.943261 1.466057 -0.5439542
1.943261 1.466057 -0.5439542
1.943261 1.466057 -0.5439542
1.943261 1.466057 -0.5439542
1.943261 1.466057 -0.5439542
1.943261 1.466057 -0.5439542
2.299791 1.606563 -0.6144106
2.299791 1.606563 -0.6144106
2.299791 1.606563 -0.6144106
2.299791 1.606563 -0.6144106
2.299791 1.606563 -0.6144106
2.299791 1.606563 -0.6144106
2.299791 1.606563 -0.6144106
1.607322 1.148768 -0.263758
1.607322 1.148768 -0.263758
1.607322 1.148768 -0.263758
1.607322 1.148768 -0.263758
1.607322 1.148768 -0.263758
1.607322 1.148768 -0.263758
1.607322 1.148768 -0.263758
1.607322 1.148768 -0.263758
1.607322 1.148768 -0.263758
1.607322 1.148768 -0.263758
1.607322 1.148768 -0.263758
1.607322 1.148768 -0.263758
1.607322 1.148768 -0.263758
1.607322 1.148768 -0.263758
1.607322 1.148768 -0.263758
1.607322 1.148768 -0.263758
1.607322 1.148768 -0.263758
1.607322 1.148768 -0.263758
1.607322 1.148768 -0.263758
1.607322 1.148768 -0.263758
1.607322 1.148768 -0.263758
1.607322 1.148768 -0.263758
1.607322 1.148768 -0.263758
1.607322 1.148768 -0.263758
1.607322 1.148768 -0.263758
1.607322 1.148768 -0.263758
1.607322 1.148768 -0.263758
1.607322 1.148768 -0.263758
1.607322 1.148768 -0.263758
1.607322 1.148768 -0.263758
1.607322 1.148768 -0.263758
1.607322 1.148768 -0.263758
1.607322 1.148768 -0.263758
1.607322 1.148768 -0.263758
1.607322 1.148768 -0.263758
1.607322 1.148768 -0.263758
1.607322 1.148768 -0.263758
1.607322 1.148768 -0.263758
1.607322 1.148768 -0.263758
1.607322 1.148768 -0.263758
1.607322 1.148768 -0.263758
1.607322 1.148768 -0.263758
1.607322 1.148768 -0.263758
1.607322 1.148768 -0.263758
1.607322 1.148768 -0.263758
1.607322 1.148768 -0.263758
1.607322 1.148768 -0.263758
1.607322 1.148768 -0.263758
1.607322 1.148768 -0.263758
1.607322 1.148768 -0.263758
1.607322 1.148768 -0.263758
1.607322 1.148768 -0.263758
1.607322 1.148768 -0.263758
1.849231 1.292687 -0.3381067
1.849231 1.292687 -0.3381067
1.849231 1.292687 -0.3381067
1.849231 1.292687 -0.3381067
1.849231 1.292687 -0.3381067
1.849231 1.292687 -0.3381067
1.849231 1.292687 -0.3381067
1.849231 1.292687 -0.3381067
1.849231 1.292687 -0.3381067
1.849231 1.292687 -0.3381067
1.849231 1.292687 -0.3381067
1.849231 1.292687 -0.3381067
1.849231 1.292687 -0.3381067
1.849231 1.292687 -0.3381067
1.849231 1.292687 -0.3381067
1.849231 1.292687 -0.3381067
1.849231 1.292687 -0.3381067
1.849231 1.292687 -0.3381067
1.849231 1.292687 -0.3381067
1.849231 1.292687 -0.3381067
1.849231 1.292687 -0.3381067
1.849231 1.292687 -0.3381067
1.849231 1.292687 -0.3381067
1.849231 1.292687 -0.3381067
1.849231 1.292687 -0.3381067
1.849231 1.292687 -0.3381067
1.849231 1.292687 -0.3381067
1.849231 1.292687 -0.3381067
1.849231 1.292687 -0.3381067
1.849231 1.292687 -0.3381067
1.849231 1.292687 -0.3381067
1.849231 1.292687 -0.3381067
1.849231 1.292687 -0.3381067
1.849231 1.292687 -0.3381067
1.849231 1.292687 -0.3381067
1.849231 1.292687 -0.3381067
1.849231 1.292687 -0.3381067
1.849231 1.292687 -0.3381067
1.849231 1.292687 -0.3381067
1.849231 1.292687 -0.3381067
1.849231 1.292687 -0.3381067
1.596845 1.045848 -0.8367036
1.538767 1.189229 -0.4770766
1.538767 1.189229 -0.4770766
1.538767 1.189229 -0.4770766
1.538767 1.189229 -0.4770766
1.538767 1.189229 -0.4770766
1.538767 1.189229 -0.4770766
1.538767 1.189229 -0.4770766
1.538767 1.189229 -0.4770766
1.538767 1.189229 -0.4770766
1.538767 1.189229 -0.4770766
1.538767 1.189229 -0.4770766
1.538767 1.189229 -0.4770766
1.538767 1.189229 -0.4770766
1.538767 1.189229 -0.4770766
1.538767 1.189229 -0.4770766
1.538767 1.189229 -0.4770766
1.538767 1.189229 -0.4770766
1.538767 1.189229 -0.4770766
1.715299 1.344478 -0.4890821
1.715299 1.344478 -0.4890821
1.715299 1.344478 -0.4890821
1.715299 1.344478 -0.4890821
1.715299 1.344478 -0.4890821
1.715299 1.344478 -0.4890821
1.715299 1.344478 -0.4890821
1.715299 1.344478 -0.4890821
1.715299 1.344478 -0.4890821
1.715299 1.344478 -0.4890821
1.715299 1.344478 -0.4890821
1.715299 1.344478 -0.4890821
1.715299 1.344478 -0.4890821
1.715299 1.344478 -0.4890821
1.715299 1.344478 -0.4890821
1.715299 1.344478 -0.4890821
1.715299 1.344478 -0.4890821
1.715299 1.344478 -0.4890821
1.715299 1.344478 -0.4890821
1.715299 1.344478 -0.4890821
1.715299 1.344478 -0.4890821
1.715299 1.344478 -0.4890821
1.715299 1.344478 -0.4890821
1.715299 1.344478 -0.4890821
1.715299 1.344478 -0.4890821
1.715299 1.344478 -0.4890821
1.715299 1.344478 -0.4890821
1.715299 1.344478 -0.4890821
1.715299 1.344478 -0.4890821
1.715299 1.344478 -0.4890821
1.732381 1.177461 -0.6471763
1.732381 1.177461 -0.6471763
1.732381 1.177461 -0.6471763
1.732381 1.177461 -0.6471763
1.732381 1.177461 -0.6471763
1.732381 1.177461 -0.6471763
1.732381 1.177461 -0.6471763
1.732381 1.177461 -0.6471763
1.732381 1.177461 -0.6471763
1.732381 1.177461 -0.6471763
1.732381 1.177461 -0.6471763
1.732381 1.177461 -0.6471763
1.732381 1.177461 -0.6471763
1.732381 1.177461 -0.6471763
1.732381 1.177461 -0.6471763
1.732381 1.177461 -0.6471763
1.732381 1.177461 -0.6471763
1.732381 1.177461 -0.6471763
1.732381 1.177461 -0.6471763
1.732381 1.177461 -0.6471763
1.732381 1.177461 -0.6471763
1.732381 1.177461 -0.6471763
1.732381 1.177461 -0.6471763
1.732381 1.177461 -0.6471763
1.732381 1.177461 -0.6471763
1.732381 1.177461 -0.6471763
1.732381 1.177461 -0.6471763
1.732381 1.177461 -0.6471763
1.732381 1.177461 -0.6471763
1.732381 1.177461 -0.6471763
1.892447 1.340452 -0.7175665
1.892447 1.340452 -0.7175665
1.892447 1.340452 -0.7175665
1.892447 1.340452 -0.7175665
1.892447 1.340452 -0.7175665
1.909234 1.344275 -0.7357544
1.909234 1.344275 -0.7357544
1.909234 1.344275 -0.7357544
1.909234 1.344275 -0.7357544
1.909234 1.344275 -0.7357544
1.909234 1.344275 -0.7357544
1.909234 1.344275 -0.7357544
1.909234 1.344275 -0.7357544
1.909234 1.344275 -0.7357544
1.909234 1.344275 -0.7357544
1.909234 1.344275 -0.7357544
1.909234 1.344275 -0.7357544
1.909234 1.344275 -0.7357544
1.909234 1.344275 -0.7357544
1.909234 1.344275 -0.7357544
1.909234 1.344275 -0.7357544
1.909234 1.344275 -0.7357544
1.909234 1.344275 -0.7357544
1.909234 1.344275 -0.7357544
1.909234 1.344275 -0.7357544
1.909234 1.344275 -0.7357544
1.909234 1.344275 -0.7357544
1.909234 1.344275 -0.7357544
1.909234 1.344275 -0.7357544
1.909234 1.344275 -0.7357544
1.909234 1.344275 -0.7357544
1.909234 1.344275 -0.7357544
1.909234 1.344275 -0.7357544
1.909234 1.344275 -0.7357544
1.909234 1.344275 -0.7357544
1.909234 1.344275 -0.7357544
1.909234 1.344275 -0.7357544
1.909234 1.344275 -0.7357544
1.909234 1.344275 -0.7357544
1.909234 1.344275 -0.7357544
1.909234 1.344275 -0.7357544
1.909234 1.344275 -0.7357544
1.909234 1.344275 -0.7357544
1.909234 1.344275 -0.7357544
1.909234 1.344275 -0.7357544
1.909234 1.344275 -0.7357544
1.909234 1.344275 -0.7357544
1.909234 1.344275 -0.7357544
1.909234 1.344275 -0.7357544
1.909234 1.344275 -0.7357544
1.909234 1.344275 -0.7357544
1.909234 1.344275 -0.7357544
1.909234 1.344275 -0.7357544
1.909234 1.344275 -0.7357544
1.909234 1.344275 -0.7357544
1.909234 1.344275 -0.7357544
1.909234 1.344275 -0.7357544
1.909234 1.344275 -0.7357544
1.909234 1.344275 -0.7357544
1.909234 1.344275 -0.7357544
2.036788 1.481574 -0.8173621
2.036788 1.481574 -0.8173621
2.036788 1.481574 -0.8173621
2.036788 1.481574 -0.8173621
2.036788 1.481574 -0.8173621
1.961906 1.845458 -0.8775967
1.961906 1.845458 -0.8775967
1.961906 1.845458 -0.8775967
1.961906 1.845458 -0.8775967
1.961906 1.845458 -0.8775967
1.961906 1.845458 -0.8775967
1.961906 1.845458 -0.8775967
1.961906 1.845458 -0.8775967
1.961906 1.845458 -0.8775967
1.961906 1.845458 -0.8775967
1.961906 1.845458 -0.8775967
1.961906 1.845458 -0.8775967
1.961906 1.845458 -0.8775967
1.961906 1.845458 -0.8775967
1.961906 1.845458 -0.8775967
1.961906 1.845458 -0.8775967
1.961906 1.845458 -0.8775967
1.961906 1.845458 -0.8775967
1.961906 1.845458 -0.8775967
1.961906 1.845458 -0.8775967
1.961906 1.845458 -0.8775967
1.961906 1.845458 -0.8775967
1.961906 1.845458 -0.8775967
1.961906 1.845458 -0.8775967
1.961906 1.845458 -0.8775967
1.961906 1.845458 -0.8775967
1.961906 1.845458 -0.8775967
1.961906 1.845458 -0.8775967
1.961906 1.845458 -0.8775967
1.961906 1.845458 -0.8775967
1.961906 1.845458 -0.8775967
1.961906 1.845458 -0.8775967
1.961906 1.845458 -0.8775967
1.961906 1.845458 -0.8775967
1.961906 1.845458 -0.8775967
1.961906 1.845458 -0.8775967
1.961906 1.845458 -0.8775967
1.961906 1.845458 -0.8775967
1.961906 1.845458 -0.8775967
1.961906 1.845458 -0.8775967
1.961906 1.845458 -0.8775967
1.961906 1.845458 -0.8775967
1.961906 1.845458 -0.8775967
1.961906 1.845458 -0.8775967
1.961906 1.845458 -0.8775967
1.961906 1.845458 -0.8775967
1.961906 1.845458 -0.8775967
1.961906 1.845458 -0.8775967
1.961906 1.845458 -0.8775967
1.961906 1.845458 -0.8775967
1.961906 1.845458 -0.8775967
1.961906 1.845458 -0.8775967
1.961906 1.845458 -0.8775967
1.961906 1.845458 -0.8775967
1.961906 1.845458 -0.8775967
2.068766 1.956518 -0.9793234
2.068766 1.956518 -0.9793234
2.068766 1.956518 -0.9793234
2.068766 1.956518 -0.9793234
2.068766 1.956518 -0.9793234
2.068766 1.956518 -0.9793234
2.068766 1.956518 -0.9793234
2.068766 1.956518 -0.9793234
2.068766 1.956518 -0.9793234
2.068766 1.956518 -0.9793234
2.068766 1.956518 -0.9793234
2.068766 1.956518 -0.9793234
2.068766 1.956518 -0.9793234
2.068766 1.956518 -0.9793234
2.068766 1.956518 -0.9793234
2.068766 1.956518 -0.9793234
1.906456 1.670708 -0.5214686
1.906456 1.670708 -0.5214686
1.906456 1.670708 -0.5214686
1.906456 1.670708 -0.5214686
1.906456 1.670708 -0.5214686
1.906456 1.670708 -0.5214686
1.906456 1.670708 -0.5214686
1.89365 1.710322 -0.4825586
1.89365 1.710322 -0.4825586
1.89365 1.710322 -0.4825586
1.89365 1.710322 -0.4825586
1.89365 1.710322 -0.4825586
1.89365 1.710322 -0.4825586
1.89365 1.710322 -0.4825586
1.89365 1.710322 -0.4825586
1.89365 1.710322 -0.4825586
1.89365 1.710322 -0.4825586
1.89365 1.710322 -0.4825586
1.89365 1.710322 -0.4825586
1.89365 1.710322 -0.4825586
1.89365 1.710322 -0.4825586
1.89365 1.710322 -0.4825586
1.89365 1.710322 -0.4825586
1.89365 1.710322 -0.4825586
1.89365 1.710322 -0.4825586
1.89365 1.710322 -0.4825586
1.89365 1.710322 -0.4825586
1.89365 1.710322 -0.4825586
1.89365 1.710322 -0.4825586
1.89365 1.710322 -0.4825586
1.89365 1.710322 -0.4825586
1.89365 1.710322 -0.4825586
1.89365 1.710322 -0.4825586
1.89365 1.710322 -0.4825586
1.89365 1.710322 -0.4825586
1.89365 1.710322 -0.4825586
1.89365 1.710322 -0.4825586
1.89365 1.710322 -0.4825586
1.89365 1.710322 -0.4825586
1.89365 1.710322 -0.4825586
1.89365 1.710322 -0.4825586
1.89365 1.710322 -0.4825586
1.753235 1.432032 -0.9430804
1.753235 1.432032 -0.9430804
1.864898 1.565689 -1.069709
1.864898 1.565689 -1.069709
1.864898 1.565689 -1.069709
1.864898 1.565689 -1.069709
1.864898 1.565689 -1.069709
1.864898 1.565689 -1.069709
1.864898 1.565689 -1.069709
1.864898 1.565689 -1.069709
1.864898 1.565689 -1.069709
1.864898 1.565689 -1.069709
1.864898 1.565689 -1.069709
1.864898 1.565689 -1.069709
1.864898 1.565689 -1.069709
1.864898 1.565689 -1.069709
1.864898 1.565689 -1.069709
1.864898 1.565689 -1.069709
1.864898 1.565689 -1.069709
1.864898 1.565689 -1.069709
1.864898 1.565689 -1.069709
1.864898 1.565689 -1.069709
1.864898 1.565689 -1.069709
1.864898 1.565689 -1.069709
1.864898 1.565689 -1.069709
1.864898 1.565689 -1.069709
1.864898 1.565689 -1.069709
1.864898 1.565689 -1.069709
1.864898 1.565689 -1.069709
1.864898 1.565689 -1.069709
1.864898 1.565689 -1.069709
1.864898 1.565689 -1.069709
1.864898 1.565689 -1.069709
1.864898 1.565689 -1.069709
1.864898 1.565689 -1.069709
1.864898 1.565689 -1.069709
1.864898 1.565689 -1.069709
1.864898 1.565689 -1.069709
1.864898 1.565689 -1.069709
1.864898 1.565689 -1.069709
1.864898 1.565689 -1.069709
1.864898 1.565689 -1.069709
1.864898 1.565689 -1.069709
1.864898 1.565689 -1.069709
1.864898 1.565689 -1.069709
1.864898 1.565689 -1.069709
1.864898 1.565689 -1.069709
1.864898 1.565689 -1.069709
1.864898 1.565689 -1.069709
1.864898 1.565689 -1.069709
1.864898 1.565689 -1.069709
1.864898 1.565689 -1.069709
1.864898 1.565689 -1.069709
1.864898 1.565689 -1.069709
1.864898 1.565689 -1.069709
1.864898 1.565689 -1.069709
1.864898 1.565689 -1.069709
1.864898 1.565689 -1.069709
1.864898 1.565689 -1.069709
1.864898 1.565689 -1.069709
1.864898 1.565689 -1.069709
1.864898 1.565689 -1.069709
1.942284 1.629068 -1.138703
1.942284 1.629068 -1.138703
1.942284 1.629068 -1.138703
1.942284 1.629068 -1.138703
1.942284 1.629068 -1.138703
1.942284 1.629068 -1.138703
1.942284 1.629068 -1.138703
1.942284 1.629068 -1.138703
1.942284 1.629068 -1.138703
1.942284 1.629068 -1.138703
1.942284 1.629068 -1.138703
1.942284 1.629068 -1.138703
1.942284 1.629068 -1.138703
1.942284 1.629068 -1.138703
1.942284 1.629068 -1.138703
1.942284 1.629068 -1.138703
1.942284 1.629068 -1.138703
1.942284 1.629068 -1.138703
1.942284 1.629068 -1.138703
1.942284 1.629068 -1.138703
1.942284 1.629068 -1.138703
1.942284 1.629068 -1.138703
1.942284 1.629068 -1.138703
1.942284 1.629068 -1.138703
1.942284 1.629068 -1.138703
1.942284 1.629068 -1.138703
1.942284 1.629068 -1.138703
1.942284 1.629068 -1.138703
1.942284 1.629068 -1.138703
1.942284 1.629068 -1.138703
1.942284 1.629068 -1.138703
1.942284 1.629068 -1.138703
1.942284 1.629068 -1.138703
1.942284 1.629068 -1.138703
1.942284 1.629068 -1.138703
1.942284 1.629068 -1.138703
1.942284 1.629068 -1.138703
1.942284 1.629068 -1.138703
1.942284 1.629068 -1.138703
1.942284 1.629068 -1.138703
1.942284 1.629068 -1.138703
1.851857 1.860856 -0.8350494
1.851857 1.860856 -0.8350494
1.851857 1.860856 -0.8350494
1.851857 1.860856 -0.8350494
1.851857 1.860856 -0.8350494
1.851857 1.860856 -0.8350494
1.851857 1.860856 -0.8350494
1.851857 1.860856 -0.8350494
1.851857 1.860856 -0.8350494
1.851857 1.860856 -0.8350494
1.851857 1.860856 -0.8350494
1.851857 1.860856 -0.8350494
1.851857 1.860856 -0.8350494
1.851857 1.860856 -0.8350494
1.851857 1.860856 -0.8350494
2.189612 1.716313 -1.200607
2.189612 1.716313 -1.200607
2.189612 1.716313 -1.200607
2.189612 1.716313 -1.200607
2.283695 1.790265 -1.292322
2.283695 1.790265 -1.292322
2.283695 1.790265 -1.292322
2.283695 1.790265 -1.292322
2.283695 1.790265 -1.292322
2.283695 1.790265 -1.292322
2.283695 1.790265 -1.292322
2.283695 1.790265 -1.292322
2.283695 1.790265 -1.292322
2.283695 1.790265 -1.292322
2.283695 1.790265 -1.292322
2.283695 1.790265 -1.292322
2.283695 1.790265 -1.292322
2.283695 1.790265 -1.292322
2.283695 1.790265 -1.292322
2.283695 1.790265 -1.292322
2.283695 1.790265 -1.292322
2.283695 1.790265 -1.292322
2.283695 1.790265 -1.292322
2.283695 1.790265 -1.292322
2.283695 1.790265 -1.292322
2.283695 1.790265 -1.292322
2.283695 1.790265 -1.292322
2.283695 1.790265 -1.292322
2.283695 1.790265 -1.292322
2.283695 1.790265 -1.292322
2.283695 1.790265 -1.292322
2.283695 1.790265 -1.292322
2.283695 1.790265 -1.292322
2.283695 1.790265 -1.292322
2.283695 1.790265 -1.292322
2.283695 1.790265 -1.292322
2.393217 2.452107 -1.06978
2.393217 2.452107 -1.06978
2.393217 2.452107 -1.06978
2.393217 2.452107 -1.06978
2.393217 2.452107 -1.06978
2.393217 2.452107 -1.06978
2.393217 2.452107 -1.06978
2.393217 2.452107 -1.06978
2.393217 2.452107 -1.06978
2.393217 2.452107 -1.06978
2.393217 2.452107 -1.06978
2.393217 2.452107 -1.06978
2.393217 2.452107 -1.06978
2.393217 2.452107 -1.06978
2.393217 2.452107 -1.06978
2.393217 2.452107 -1.06978
2.393217 2.452107 -1.06978
2.393217 2.452107 -1.06978
2.393217 2.452107 -1.06978
2.393217 2.452107 -1.06978
2.393217 2.452107 -1.06978
2.393217 2.452107 -1.06978
2.393217 2.452107 -1.06978
2.393217 2.452107 -1.06978
2.393217 2.452107 -1.06978
2.393217 2.452107 -1.06978
2.393217 2.452107 -1.06978
2.393217 2.452107 -1.06978
1.98349 2.263665 -1.129161
1.98349 2.263665 -1.129161
2.144855 1.85359 -0.998175
2.144855 1.85359 -0.998175
2.144855 1.85359 -0.998175
2.144855 1.85359 -0.998175
2.144855 1.85359 -0.998175
2.144855 1.85359 -0.998175
2.144855 1.85359 -0.998175
2.144855 1.85359 -0.998175
2.144855 1.85359 -0.998175
2.144855 1.85359 -0.998175
2.144855 1.85359 -0.998175
2.144855 1.85359 -0.998175
2.144855 1.85359 -0.998175
2.144855 1.85359 -0.998175
2.144855 1.85359 -0.998175
2.144855 1.85359 -0.998175
2.144855 1.85359 -0.998175
2.144855 1.85359 -0.998175
2.144855 1.85359 -0.998175
2.144855 1.85359 -0.998175
2.144855 1.85359 -0.998175
2.144855 1.85359 -0.998175
2.144855 1.85359 -0.998175
2.144855 1.85359 -0.998175
2.144855 1.85359 -0.998175
2.144855 1.85359 -0.998175
2.144855 1.85359 -0.998175
2.144855 1.85359 -0.998175
2.144855 1.85359 -0.998175
2.144855 1.85359 -0.998175
2.144855 1.85359 -0.998175
2.144855 1.85359 -0.998175
2.144855 1.85359 -0.998175
2.144855 1.85359 -0.998175
2.144855 1.85359 -0.998175
2.144855 1.85359 -0.998175
2.144855 1.85359 -0.998175
2.144855 1.85359 -0.998175
2.144855 1.85359 -0.998175
2.144855 1.85359 -0.998175
2.144855 1.85359 -0.998175
2.144855 1.85359 -0.998175
2.144855 1.85359 -0.998175
2.144855 1.85359 -0.998175
2.144855 1.85359 -0.998175
2.144855 1.85359 -0.998175
2.144855 1.85359 -0.998175
2.144855 1.85359 -0.998175
2.144855 1.85359 -0.998175
2.144855 1.85359 -0.998175
2.144855 1.85359 -0.998175
2.144855 1.85359 -0.998175
2.144855 1.85359 -0.998175
2.144855 1.85359 -0.998175
2.144855 1.85359 -0.998175
2.144855 1.85359 -0.998175
2.144855 1.85359 -0.998175
2.144855 1.85359 -0.998175
2.203417 1.938355 -1.138341
2.203417 1.938355 -1.138341
2.203417 1.938355 -1.138341
2.203417 1.938355 -1.138341
2.203417 1.938355 -1.138341
2.203417 1.938355 -1.138341
2.203417 1.938355 -1.138341
2.203417 1.938355 -1.138341
2.203417 1.938355 -1.138341
2.203417 1.938355 -1.138341
2.203417 1.938355 -1.138341
2.203417 1.938355 -1.138341
2.203417 1.938355 -1.138341
2.203417 1.938355 -1.138341
2.203417 1.938355 -1.138341
2.203417 1.938355 -1.138341
2.203417 1.938355 -1.138341
2.203417 1.938355 -1.138341
2.203417 1.938355 -1.138341
2.203417 1.938355 -1.138341
2.203417 1.938355 -1.138341
2.203417 1.938355 -1.138341
2.203417 1.938355 -1.138341
2.203417 1.938355 -1.138341
2.203417 1.938355 -1.138341
2.203417 1.938355 -1.138341
2.203417 1.938355 -1.138341
2.203417 1.938355 -1.138341
2.203417 1.938355 -1.138341
2.203417 1.938355 -1.138341
2.203417 1.938355 -1.138341
2.203417 1.938355 -1.138341
2.203417 1.938355 -1.138341
2.203417 1.938355 -1.138341
2.203417 1.938355 -1.138341
2.203417 1.938355 -1.138341
2.203417 1.938355 -1.138341
2.203417 1.938355 -1.138341
2.203417 1.938355 -1.138341
2.203417 1.938355 -1.138341
2.203417 1.938355 -1.138341
2.203417 1.938355 -1.138341
2.203417 1.938355 -1.138341
2.203417 1.938355 -1.138341
2.203417 1.938355 -1.138341
2.203417 1.938355 -1.138341
2.203417 1.938355 -1.138341
2.203417 1.938355 -1.138341
2.203417 1.938355 -1.138341
2.203417 1.938355 -1.138341
2.203417 1.938355 -1.138341
2.203417 1.938355 -1.138341
2.203417 1.938355 -1.138341
2.203417 1.938355 -1.138341
2.203417 1.938355 -1.138341
2.203417 1.938355 -1.138341
2.203417 1.938355 -1.138341
2.203417 1.938355 -1.138341
2.203417 1.938355 -1.138341
2.203417 1.938355 -1.138341
2.276822 2.031354 -1.257999
2.276822 2.031354 -1.257999
2.276822 2.031354 -1.257999
2.276822 2.031354 -1.257999
2.276822 2.031354 -1.257999
2.276822 2.031354 -1.257999
2.276822 2.031354 -1.257999
2.276822 2.031354 -1.257999
2.276822 2.031354 -1.257999
2.276822 2.031354 -1.257999
2.276822 2.031354 -1.257999
2.276822 2.031354 -1.257999
2.276822 2.031354 -1.257999
2.276822 2.031354 -1.257999
2.276822 2.031354 -1.257999
2.276822 2.031354 -1.257999
2.276822 2.031354 -1.257999
2.276822 2.031354 -1.257999
2.276822 2.031354 -1.257999
2.276822 2.031354 -1.257999
2.276822 2.031354 -1.257999
2.276822 2.031354 -1.257999
2.276822 2.031354 -1.257999
2.276822 2.031354 -1.257999
2.276822 2.031354 -1.257999
2.276822 2.031354 -1.257999
2.276822 2.031354 -1.257999
2.276822 2.031354 -1.257999
2.276822 2.031354 -1.257999
2.276822 2.031354 -1.257999
2.276822 2.031354 -1.257999
2.276822 2.031354 -1.257999
2.276822 2.031354 -1.257999
2.276822 2.031354 -1.257999
2.276822 2.031354 -1.257999
2.276822 2.031354 -1.257999
2.276822 2.031354 -1.257999
2.276822 2.031354 -1.257999
2.276822 2.031354 -1.257999
2.276822 2.031354 -1.257999
2.276822 2.031354 -1.257999
2.276822 2.031354 -1.257999
2.276822 2.031354 -1.257999
2.276822 2.031354 -1.257999
2.276822 2.031354 -1.257999
2.276822 2.031354 -1.257999
2.276822 2.031354 -1.257999
2.276822 2.031354 -1.257999
2.276822 2.031354 -1.257999
2.276822 2.031354 -1.257999
2.276822 2.031354 -1.257999
2.276822 2.031354 -1.257999
2.276822 2.031354 -1.257999
2.276822 2.031354 -1.257999
2.276822 2.031354 -1.257999
2.276822 2.031354 -1.257999
2.276822 2.031354 -1.257999
2.276822 2.031354 -1.257999
2.276822 2.031354 -1.257999
2.276822 2.031354 -1.257999
2.349365 2.116804 -1.332233
2.349365 2.116804 -1.332233
2.349365 2.116804 -1.332233
2.349365 2.116804 -1.332233
2.349365 2.116804 -1.332233
2.349365 2.116804 -1.332233
2.349365 2.116804 -1.332233
2.349365 2.116804 -1.332233
2.349365 2.116804 -1.332233
2.349365 2.116804 -1.332233
2.349365 2.116804 -1.332233
2.349365 2.116804 -1.332233
2.349365 2.116804 -1.332233
2.349365 2.116804 -1.332233
2.349365 2.116804 -1.332233
2.349365 2.116804 -1.332233
2.349365 2.116804 -1.332233
2.349365 2.116804 -1.332233
2.349365 2.116804 -1.332233
2.349365 2.116804 -1.332233
2.349365 2.116804 -1.332233
2.349365 2.116804 -1.332233
2.349365 2.116804 -1.332233
2.349365 2.116804 -1.332233
2.349365 2.116804 -1.332233
2.349365 2.116804 -1.332233
2.349365 2.116804 -1.332233
2.349365 2.116804 -1.332233
2.349365 2.116804 -1.332233
2.349365 2.116804 -1.332233
2.349365 2.116804 -1.332233
2.349365 2.116804 -1.332233
2.349365 2.116804 -1.332233
2.349365 2.116804 -1.332233
2.349365 2.116804 -1.332233
2.349365 2.116804 -1.332233
2.349365 2.116804 -1.332233
2.349365 2.116804 -1.332233
2.349365 2.116804 -1.332233
2.349365 2.116804 -1.332233
2.349365 2.116804 -1.332233
2.408157 2.633073 -1.461025
2.408157 2.633073 -1.461025
2.408157 2.633073 -1.461025
2.408157 2.633073 -1.461025
2.408157 2.633073 -1.461025
2.408157 2.633073 -1.461025
2.408157 2.633073 -1.461025
2.408157 2.633073 -1.461025
2.408157 2.633073 -1.461025
2.408157 2.633073 -1.461025
2.408157 2.633073 -1.461025
2.408157 2.633073 -1.461025
2.408157 2.633073 -1.461025
2.408157 2.633073 -1.461025
2.408157 2.633073 -1.461025
2.408157 2.633073 -1.461025
2.273783 2.411573 -1.328143
2.273783 2.411573 -1.328143
2.273783 2.411573 -1.328143
2.345061 2.469248 -1.366742
2.345061 2.469248 -1.366742
2.345061 2.469248 -1.366742
2.345061 2.469248 -1.366742
2.345061 2.469248 -1.366742
2.345061 2.469248 -1.366742
2.345061 2.469248 -1.366742
2.345061 2.469248 -1.366742
2.345061 2.469248 -1.366742
2.345061 2.469248 -1.366742
2.345061 2.469248 -1.366742
2.345061 2.469248 -1.366742
2.345061 2.469248 -1.366742
2.345061 2.469248 -1.366742
2.345061 2.469248 -1.366742
2.345061 2.469248 -1.366742
2.345061 2.469248 -1.366742
2.345061 2.469248 -1.366742
2.345061 2.469248 -1.366742
2.345061 2.469248 -1.366742
2.345061 2.469248 -1.366742
2.345061 2.469248 -1.366742
2.345061 2.469248 -1.366742
2.345061 2.469248 -1.366742
2.345061 2.469248 -1.366742
2.345061 2.469248 -1.366742
2.345061 2.469248 -1.366742
2.345061 2.469248 -1.366742
2.345061 2.469248 -1.366742
2.345061 2.469248 -1.366742
2.345061 2.469248 -1.366742
2.345061 2.469248 -1.366742
2.345061 2.469248 -1.366742
2.345061 2.469248 -1.366742
2.345061 2.469248 -1.366742
2.345061 2.469248 -1.366742
2.345061 2.469248 -1.366742
2.345061 2.469248 -1.366742
2.345061 2.469248 -1.366742
2.345061 2.469248 -1.366742
2.345061 2.469248 -1.366742
2.345061 2.469248 -1.366742
2.345061 2.469248 -1.366742
2.345061 2.469248 -1.366742
2.345061 2.469248 -1.366742
2.345061 2.469248 -1.366742
2.345061 2.469248 -1.366742
2.345061 2.469248 -1.366742
2.345061 2.469248 -1.366742
2.345061 2.469248 -1.366742
2.345061 2.469248 -1.366742
2.345061 2.469248 -1.366742
2.345061 2.469248 -1.366742
2.345061 2.469248 -1.366742
2.345061 2.469248 -1.366742
2.345061 2.469248 -1.366742
2.345061 2.469248 -1.366742
2.345061 2.469248 -1.366742
2.345061 2.469248 -1.366742
2.345061 2.469248 -1.366742
2.443629 2.526899 -1.401314
2.443629 2.526899 -1.401314
2.443629 2.526899 -1.401314
2.443629 2.526899 -1.401314
2.443629 2.526899 -1.401314
2.443629 2.526899 -1.401314
2.443629 2.526899 -1.401314
2.443629 2.526899 -1.401314
2.443629 2.526899 -1.401314
2.443629 2.526899 -1.401314
2.443629 2.526899 -1.401314
2.443629 2.526899 -1.401314
2.443629 2.526899 -1.401314
2.443629 2.526899 -1.401314
2.443629 2.526899 -1.401314
2.443629 2.526899 -1.401314
2.443629 2.526899 -1.401314
2.443629 2.526899 -1.401314
2.443629 2.526899 -1.401314
2.443629 2.526899 -1.401314
