1.289855 1.110095 0.05137163
1.289855 1.110095 0.05137163
1.522319 0.9458892 -0.7282793
1.784644 1.26371 -0.3808472
1.943261 1.466057 -0.5439542
1.943261 1.466057 -0.5439542
1.607322 1.148768 -0.263758
1.607322 1.148768 -0.263758
1.607322 1.148768 -0.263758
1.849231 1.292687 -0.3381067
1.849231 1.292687 -0.3381067
1.538767 1.189229 -0.4770766
1.715299 1.344478 -0.4890821
1.732381 1.177461 -0.6471763
1.732381 1.177461 -0.6471763
1.909234 1.344275 -0.7357544
1.909234 1.344275 -0.7357544
1.909234 1.344275 -0.7357544
1.961906 1.845458 -0.8775967
1.961906 1.845458 -0.8775967
1.961906 1.845458 -0.8775967
1.906456 1.670708 -0.5214686
1.89365 1.710322 -0.4825586
1.753235 1.432032 -0.9430804
1.864898 1.565689 -1.069709
1.864898 1.565689 -1.069709
1.864898 1.565689 -1.069709
1.942284 1.629068 -1.138703
1.942284 1.629068 -1.138703
2.189612 1.716313 -1.200607
2.283695 1.790265 -1.292322
2.393217 2.452107 -1.06978
2.393217 2.452107 -1.06978
2.144855 1.85359 -0.998175
2.144855 1.85359 -0.998175
2.144855 1.85359 -0.998175
2.203417 1.938355 -1.138341
2.203417 1.938355 -1.138341
2.203417 1.938355 -1.138341
2.276822 2.031354 -1.257999
2.276822 2.031354 -1.257999
2.276822 2.031354 -1.257999
2.349365 2.116804 -1.332233
2.349365 2.116804 -1.332233
2.273783 2.411573 -1.328143
2.345061 2.469248 -1.366742
2.345061 2.469248 -1.366742
2.345061 2.469248 -1.366742
2.443629 2.526899 -1.401314
