-1109983923
691325589
-943023119
1975292003
-773971951
-1760131328
-1753759819
1849195785
1798016599
2026410093
1632297163
1069836388
-2043504811
-823356540
1918485994
-1515392053
-1728415920
-1158474380
-891554930
1756206828
-1286873314
-806839684
1559253902
802776564
-1823412163
-915590942
895319473
-814755448
241819487
415968348
-446481449
5616025
-2006013928
-711388275
-1687663237
733098660
-58822465
-1439533103
431248733
1761694920
-45409062
-2121161368
382970494
2116426116
892290573
-1214273904
1375271121
-1419407506
1307288024
380080459
868461087
1281990201
-1217033160
-1312453968
-162676929
-919603171
1655528877
-1630936803
-491433331
1494458464
-1399209522
-1183024204
2066236464
678618091
-1377335422
1136084128
-1895677102
-1471214588
-1872584112
-692537714
628642869
-2138501698
-1865882643
1215423123
-1300585560
-642303200
1392946556
-1777056678
1429394532
-1066210299
-981744235
-646522804
1505069757
-829140503
238507610
1397661344
-571572810
1201308578
-1695844260
1415969462
1163524761
-1049728857
-1338430433
-1343667894
1469407666
-1792475607
-922557330
199377891
25
