-1939691801
512819543
1547984530
-1363383829
402551562
-1951185221
-257588221
1982562274
228526083
1092162560
623651571
-781798994
-1439621940
-799992391
-327306268
-1089645654
1859728437
-1874244131
1407489907
-1413963306
1692126553
2048857356
1595026732
602930731
1972860932
151959797
-1741305580
-266748908
1016380556
-574623871
88203505
-1776501363
929861778
-1186503049
1917145836
-236883217
-829878799
-24943233
632342485
2114568526
-1369192068
186247072
210874921
1283088789
1380383697
1168643976
-653377400
1705806455
1119002791
49960995
510799460
-995540765
1055647663
-285225427
931261358
-664769430
955149150
233560843
490243910
590364524
1472440228
1798015437
-1689251183
-347942822
-294893881
1933288297
1245788553
229427509
56875299
2089151320
-1347452201
565952162
1275582624
-776983237
-2104555021
-211010042
461615181
-177579689
-1716317205
-843908888
-869374700
-1977372911
-1785712455
1798423373
936860811
1516231136
607767729
-279074098
-65187519
-258118492
-836958674
-1177677770
-1493732725
-1182922748
560646091
-973080449
-1681240659
323256821
95
