-893194946
-800653439
823813868
-153442615
1403287892
1159045822
1995906299
1561351773
-17048395
245901975
568026093
269949884
484204187
-20659687
1278159833
-2024774370
-75516206
-1133515407
-303515587
-1302147370
1342491182
78343815
1242556470
-1254970198
-1749736366
-1679850548
-1272728918
-965677409
-700711560
678414191
1500489504
-673512211
1033252150
-1951668546
312324757
-1931055637
320662198
1153797069
767753042
1431222973
383519470
455360059
1278504104
-80486102
-1291870737
-1491990078
-236295497
-1639786430
1461017734
1797335665
-1965766375
-1589331346
-76730669
1288073791
1349107075
495713759
-2114311771
-621810899
-552596940
2120792132
-209915901
-331568433
914883756
-1702330270
-1660269974
2047970503
-2074318227
-663431696
-1827884515
-337569606
1801241860
-1422212899
-1231103553
-337740477
-1868580819
1721275069
-1863842489
-716177025
728143263
2112556565
-912040884
-730713956
-633736949
573149844
-2022502443
885705256
399068630
368676326
-573778671
1340170527
-1586643104
807511227
-307813224
-1630543417
-1167075998
-1721606061
1585800606
685439971
75
