-1036162841
-933852348
-1534969049
-1355388668
1440887811
-1617469299
1766602712
-255777157
-1473924964
-1473120321
1131849717
-230943906
1098837286
-1159721751
687899649
991098689
764132434
-1768641354
760383084
-2102724953
-855655262
1939598946
-423816927
-514618290
836067504
423011439
1564175501
-1820712119
1018671104
-1578392404
-1564162613
-959284033
1436135955
337458966
906560801
1451075808
150430639
73042456
703430487
-49151204
-1760416462
-225902199
-1456276171
-1923627735
970534311
-1238465059
1708910470
-50587752
1685360018
973407958
1229818499
1005996485
1741037970
-529068304
1465920978
-713137533
-1257010150
-1916039588
-909772726
-1075540280
-793105084
281563711
1285101661
1714218566
-1041362605
139107056
719790758
-1946888335
1979033914
2113416178
-78555957
700074456
-1127108370
1274983430
-297072674
-31701461
-777924419
1050950931
-11678395
-276585522
-362489657
-1919918003
850518906
-1137533738
250088696
-1307585337
-1528698906
1442265426
-1246774983
-588275831
350165888
-1964769563
-2103872155
1441793944
-2052587968
-63490439
-454271086
804405801
21
