1 44.75919 0.008951838 2.654907 1.204132 3.648231 0.4077196 0.8021276 1.409862 0.8021276 2.925818 2.558047 1.409862 2.558047 11.15252
2 97.66405 0.01953281 2.256654 0.5747105 2.324751 0.03175855 0.07447886 -0.0524719 0.07447886 1.362445 -0.6836765 -0.0524719 -0.6836765 7.184032
3 196.1032 0.03922064 2.292609 0.4178628 2.783546 0.018944 0.05307188 -0.03444671 0.05307188 1.0357 0.1348065 -0.03444671 0.1348065 4.063059
4 278.5603 0.05571207 2.291709 0.4765752 2.918498 0.01411515 0.042963 -0.0595798 0.042963 1.049943 -0.2942285 -0.0595798 -0.2942285 4.775439
5 260.4323 0.05208646 2.283231 0.4570541 3.022645 0.01201246 0.03614139 -0.0457536 0.03614139 1.085007 -0.2136982 -0.0457536 -0.2136982 4.061715
6 270.3953 0.05407906 2.278039 0.3910497 3.158189 0.0104495 0.03263553 -0.0406195 0.03263553 1.154394 -0.1872445 -0.0406195 -0.1872445 3.776613
7 278.1054 0.05562109 2.270129 0.3725237 3.292616 0.010149 0.03382596 -0.04994606 0.03382596 1.242148 -0.1757116 -0.04994606 -0.1757116 4.066032
8 284.3169 0.05686338 2.281545 0.4760162 3.360049 0.009812304 0.03289423 -0.04163464 0.03289423 1.446872 -0.3365699 -0.04163464 -0.3365699 4.288358
9 265.8021 0.05316043 2.282232 0.4823456 3.368025 0.008683461 0.03390201 -0.04295526 0.03390201 1.397044 -0.1100017 -0.04295526 -0.1100017 4.287308
10 272.0658 0.05441315 2.283006 0.444669 3.383796 0.008136272 0.03064228 -0.04185775 0.03064228 1.554833 -0.3207545 -0.04185775 -0.3207545 4.376672
11 279.3798 0.05587596 2.282382 0.5096555 3.461502 0.007549549 0.03041572 -0.04396699 0.03041572 1.651019 -0.3147242 -0.04396699 -0.3147242 4.261959
12 290.4138 0.05808276 2.275966 0.5706517 3.498918 0.008934976 0.03284789 -0.05735507 0.03284789 1.569306 -0.3147591 -0.05735507 -0.3147591 4.393607
13 285.1009 0.05702019 2.269136 0.5429615 3.626496 0.009593363 0.05159381 -0.05729063 0.05159381 1.927303 -0.4034741 -0.05729063 -0.4034741 4.707194
14 270.1818 0.05403637 2.278258 0.6323233 3.711448 0.009290301 0.05159185 -0.0536424 0.05159185 2.02681 -0.285502 -0.0536424 -0.285502 4.087571
15 275.1781 0.05503561 2.281246 0.7313783 3.564521 0.009349664 0.0518482 -0.05383016 0.0518482 2.200238 -0.3329057 -0.05383016 -0.3329057 4.000887
16 260.4581 0.05209162 2.280537 0.5579615 3.672889 0.0090422 0.05087155 -0.0651628 0.05087155 2.355887 -0.3376994 -0.0651628 -0.3376994 4.151174
17 280.705 0.05614099 2.279069 0.5893824 3.685567 0.008389473 0.04584 -0.05993107 0.04584 2.56116 -0.3636001 -0.05993107 -0.3636001 4.52842
18 266.1338 0.05322677 2.279343 0.6950034 3.920424 0.008485364 0.04967607 -0.06813374 0.04967607 2.838758 -0.4357959 -0.06813374 -0.4357959 4.330086
19 263.1814 0.05263628 2.277167 0.6643099 3.930617 0.008065904 0.04464832 -0.055981 0.04464832 2.905281 -0.2756902 -0.055981 -0.2756902 4.568563
20 278.3504 0.05567008 2.288541 0.8750217 3.975832 0.007832483 0.04688737 -0.05695484 0.04688737 3.02156 -0.2969594 -0.05695484 -0.2969594 4.501113
21 270.1151 0.05402303 2.292839 0.8946702 3.999974 0.008349737 0.04811441 -0.06060977 0.04811441 3.493272 -0.6683973 -0.06060977 -0.6683973 4.666215
22 256.4976 0.05129952 2.288083 0.8986584 3.944874 0.008804401 0.04552086 -0.05833782 0.04552086 4.130358 -0.5934537 -0.05833782 -0.5934537 4.678344
23 254.1468 0.05082937 2.292186 0.6267336 4.013053 0.00821106 0.05023278 -0.04736746 0.05023278 4.491667 -0.3408515 -0.04736746 -0.3408515 4.265053
24 287.8109 0.05756217 2.294128 0.7202036 4.107486 0.007889446 0.05545842 -0.05783099 0.05545842 4.589442 -0.71719 -0.05783099 -0.71719 4.185826
25 263.5099 0.05270199 2.290612 0.7661237 4.205504 0.00762207 0.05785896 -0.05148339 0.05785896 5.143799 -0.575411 -0.05148339 -0.575411 4.492454
26 269.2595 0.0538519 2.293043 0.9457191 4.056286 0.007690179 0.06031335 -0.05099253 0.06031335 5.541073 -0.6777003 -0.05099253 -0.6777003 4.518443
27 260.5606 0.05211213 2.285213 1.064125 4.174467 0.008362721 0.0561402 -0.05980489 0.0561402 6.032259 -0.4010626 -0.05980489 -0.4010626 4.217303
28 265.5933 0.05311866 2.289596 1.114733 4.14938 0.00801088 0.05900358 -0.06024918 0.05900358 6.325345 -0.546209 -0.06024918 -0.546209 3.940167
29 277.4384 0.05548768 2.294056 1.234844 4.0974 0.008420876 0.07234438 -0.05420068 0.07234438 6.599622 -0.5294052 -0.05420068 -0.5294052 3.648953
30 278.7224 0.05574449 2.293011 1.39126 4.193718 0.008942369 0.08687891 -0.0584834 0.08687891 7.786403 -0.1948365 -0.0584834 -0.1948365 4.232957
31 271.8002 0.05436003 2.292078 1.297218 4.178062 0.009253725 0.08993033 -0.06242738 0.08993033 7.40276 -0.5082417 -0.06242738 -0.5082417 3.931462
32 259.4737 0.05189474 2.295464 1.531143 4.151072 0.009181966 0.08659516 -0.05812899 0.08659516 8.4405 -0.5841299 -0.05812899 -0.5841299 3.542362
33 268.8838 0.05377677 2.28617 1.432526 4.313416 0.01054669 0.09701987 -0.06655276 0.09701987 9.490598 -0.6413153 -0.06655276 -0.6413153 4.215015
34 259.0122 0.05180244 2.288009 1.442928 4.301633 0.01001064 0.08023866 -0.06003069 0.08023866 9.614637 -0.5814743 -0.06003069 -0.5814743 3.672368
35 281.2855 0.05625709 2.291055 1.643647 4.479328 0.008727553 0.05915266 -0.05326957 0.05915266 8.372275 -0.500167 -0.05326957 -0.500167 3.429609
36 286.4959 0.05729918 2.286789 1.471347 4.363846 0.009216872 0.08166883 -0.05169636 0.08166883 10.12773 -0.1255514 -0.05169636 -0.1255514 4.41184
37 275.7288 0.05514576 2.278746 1.549422 4.540593 0.008485659 0.07328812 -0.04879908 0.07328812 10.31337 -0.7374029 -0.04879908 -0.7374029 4.188872
38 261.7755 0.0523551 2.281745 1.289086 4.62261 0.007802325 0.05656564 -0.04005946 0.05656564 9.81305 -0.7018496 -0.04005946 -0.7018496 3.667016
39 295.8185 0.0591637 2.278158 1.137815 4.615147 0.007299402 0.05191072 -0.0409033 0.05191072 10.15776 -0.7440147 -0.0409033 -0.7440147 3.621709
40 285.4692 0.05709384 2.28194 1.190815 4.500718 0.007300198 0.04893745 -0.03953226 0.04893745 11.21038 -0.8783581 -0.03953226 -0.8783581 4.059583
41 272.9156 0.05458311 2.276075 1.02697 4.670772 0.007640545 0.03917835 -0.04176978 0.03917835 10.88273 -0.9047426 -0.04176978 -0.9047426 4.252671
42 272.1634 0.05443269 2.278523 1.097738 4.502054 0.008056287 0.05819638 -0.0440037 0.05819638 12.32544 -1.361649 -0.0440037 -1.361649 5.142762
43 267.4594 0.05349188 2.281991 1.087872 4.721508 0.008328634 0.07698987 -0.04316556 0.07698987 12.92843 -1.687218 -0.04316556 -1.687218 4.314101
44 268.7196 0.05374393 2.288536 0.7393709 4.836092 0.008239017 0.0799913 -0.03334712 0.0799913 12.72996 -1.013538 -0.03334712 -1.013538 4.03114
45 291.3244 0.05826487 2.281074 0.8397208 4.98226 0.007713481 0.08142193 -0.04495207 0.08142193 13.34131 -1.959483 -0.04495207 -1.959483 4.738554
46 275.5295 0.05510589 2.282887 0.8149621 5.08488 0.007995029 0.07824103 -0.05482635 0.07824103 16.34603 -2.258142 -0.05482635 -2.258142 5.104108
47 276.9493 0.05538986 2.287292 0.7430098 5.013615 0.007333586 0.09648261 -0.05094928 0.09648261 16.25898 -1.966839 -0.05094928 -1.966839 4.623608
48 268.8122 0.05376243 2.285599 0.6018905 5.12086 0.008071175 0.119829 -0.05855173 0.119829 16.47923 -2.10794 -0.05855173 -2.10794 4.7533
49 280.132 0.0560264 2.283717 0.5877101 5.18013 0.008449807 0.1308894 -0.06425774 0.1308894 16.89992 -2.370292 -0.06425774 -2.370292 4.686251
50 262.8617 0.05257235 2.282519 0.6445998 5.0918 0.007290332 0.0980763 -0.05030514 0.0980763 16.04039 -1.684456 -0.05030514 -1.684456 4.553869
51 282.1363 0.05642726 2.276302 0.6992513 5.028763 0.007037164 0.07964448 -0.04497872 0.07964448 15.79143 -1.811483 -0.04497872 -1.811483 4.347917
52 272.0053 0.05440107 2.283937 0.79834 4.862355 0.007071616 0.07137107 -0.03132219 0.07137107 15.69792 -1.599679 -0.03132219 -1.599679 4.385599
53 285.926 0.05718521 2.285903 0.9041921 4.907959 0.007899341 0.07200188 -0.03175228 0.07200188 15.79666 -1.90992 -0.03175228 -1.90992 5.02673
54 281.8012 0.05636025 2.286556 1.027765 4.93129 0.007015545 0.06064888 -0.02839149 0.06064888 15.98888 -1.60123 -0.02839149 -1.60123 4.28642
55 288.9926 0.05779853 2.282669 0.7824753 4.881586 0.006768529 0.06014453 -0.02403836 0.06014453 15.56971 -1.426797 -0.02403836 -1.426797 4.411031
56 286.1591 0.05723181 2.287099 0.9702518 4.786985 0.006852294 0.07563321 -0.02701629 0.07563321 16.40129 -1.598317 -0.02701629 -1.598317 4.502184
57 281.7783 0.05635567 2.280407 0.7415828 5.005007 0.007443806 0.08398286 -0.04317774 0.08398286 14.91874 -1.120808 -0.04317774 -1.120808 4.554876
58 268.6431 0.05372862 2.276653 0.9610698 4.952874 0.007683643 0.1022438 -0.04707228 0.1022438 17.52545 -1.955628 -0.04707228 -1.955628 5.101317
59 257.3379 0.05146759 2.276057 0.8664203 4.995895 0.00775743 0.1090695 -0.04346051 0.1090695 18.3025 -1.775815 -0.04346051 -1.775815 5.043032
60 276.4717 0.05529434 2.277383 0.7940935 5.113406 0.007684998 0.1044578 -0.03852761 0.1044578 17.47382 -1.72091 -0.03852761 -1.72091 4.688245
61 269.0766 0.05381531 2.280349 0.5759752 5.055452 0.007403483 0.09013878 -0.03773051 0.09013878 15.22335 -1.275893 -0.03773051 -1.275893 4.812502
62 266.5082 0.05330164 2.284926 0.5797673 5.102037 0.006961623 0.09264821 -0.03721385 0.09264821 16.86373 -2.413605 -0.03721385 -2.413605 4.78933
63 274.1711 0.05483422 2.286997 0.4150018 5.134128 0.007052407 0.07994356 -0.04642468 0.07994356 16.82404 -2.031394 -0.04642468 -2.031394 4.977507
64 269.9874 0.05399748 2.283737 0.589232 5.283328 0.007405797 0.07726149 -0.06501166 0.07726149 16.38832 -2.040747 -0.06501166 -2.040747 5.306046
65 275.7122 0.05514244 2.28012 0.7809971 5.132338 0.007307558 0.07079839 -0.04856122 0.07079839 15.63303 -1.762318 -0.04856122 -1.762318 5.206589
66 279.9425 0.05598849 2.278796 0.7273443 5.174554 0.00719026 0.07041382 -0.04817722 0.07041382 14.73291 -2.229419 -0.04817722 -2.229419 5.579398
67 256.5628 0.05131256 2.276924 0.6870362 5.297643 0.007135395 0.08592349 -0.02697035 0.08592349 16.53575 -1.886585 -0.02697035 -1.886585 5.329369
68 286.9144 0.05738288 2.28193 0.7355276 5.314634 0.0075433 0.1031705 -0.03726601 0.1031705 16.69415 -1.356437 -0.03726601 -1.356437 4.878934
69 271.4624 0.05429249 2.275387 1.002717 5.00088 0.00688507 0.08697776 -0.0272554 0.08697776 16.5537 -1.762548 -0.0272554 -1.762548 5.511689
70 283.4445 0.05668889 2.275844 1.141948 5.098804 0.00686057 0.09041046 -0.02742909 0.09041046 16.93811 -1.32558 -0.02742909 -1.32558 4.501731
71 285.2736 0.05705471 2.274977 0.9368108 5.205214 0.006866744 0.07607018 -0.03614022 0.07607018 16.31868 -1.718548 -0.03614022 -1.718548 4.562079
72 290.5778 0.05811556 2.274341 1.072444 5.163926 0.007056892 0.05580168 -0.03798234 0.05580168 15.11016 -1.915677 -0.03798234 -1.915677 4.739132
73 261.007 0.05220141 2.278262 1.007317 5.124372 0.007264006 0.0695813 -0.04176367 0.0695813 15.87707 -1.602065 -0.04176367 -1.602065 4.652466
74 286.3413 0.05726825 2.273483 0.6178254 5.046234 0.007079138 0.08407206 -0.04314903 0.08407206 15.87213 -1.5759 -0.04314903 -1.5759 4.660814
75 294.9597 0.05899194 2.275923 0.7137715 5.041711 0.006863832 0.07952123 -0.04637865 0.07952123 15.69581 -1.596646 -0.04637865 -1.596646 4.979544
76 271.6493 0.05432986 2.2767 0.5957747 5.062647 0.007636836 0.09334412 -0.05070366 0.09334412 17.47726 -2.815137 -0.05070366 -2.815137 5.474835
77 276.2426 0.05524852 2.276533 0.4261921 5.235241 0.007645541 0.08291399 -0.03053591 0.08291399 15.11024 -1.964804 -0.03053591 -1.964804 4.588168
78 296.962 0.05939241 2.282143 0.7262059 5.00856 0.007651929 0.09482159 -0.04125031 0.09482159 17.35872 -2.565569 -0.04125031 -2.565569 4.884596
79 274.1202 0.05482403 2.279747 0.4528195 5.193409 0.007492336 0.1077839 -0.04375576 0.1077839 16.52737 -1.422628 -0.04375576 -1.422628 4.745921
80 277.3705 0.05547409 2.283771 0.477698 5.260056 0.00754275 0.1193229 -0.06280054 0.1193229 17.29914 -2.664722 -0.06280054 -2.664722 5.000878
81 268.0901 0.05361803 2.287864 0.5851456 5.178712 0.007530408 0.1155831 -0.06337113 0.1155831 18.70192 -2.573545 -0.06337113 -2.573545 5.520649
82 271.0008 0.05420016 2.287629 0.605586 5.218355 0.007088278 0.1123442 -0.05546631 0.1123442 18.20521 -2.145681 -0.05546631 -2.145681 4.921131
83 266.0877 0.05321753 2.286372 0.779455 5.252098 0.00664255 0.1140577 -0.03891386 0.1140577 18.8626 -2.165837 -0.03891386 -2.165837 5.142087
84 257.5793 0.05151586 2.283274 0.751398 5.267124 0.00716205 0.1092829 -0.03878007 0.1092829 19.86594 -1.842185 -0.03878007 -1.842185 5.207075
85 274.9835 0.05499671 2.282298 0.5296678 5.506292 0.007745421 0.1120216 -0.04956087 0.1120216 22.16814 -2.775648 -0.04956087 -2.775648 5.201572
86 267.2291 0.05344581 2.279017 0.3327902 5.555376 0.007696899 0.1051825 -0.05296506 0.1051825 20.99613 -2.868229 -0.05296506 -2.868229 5.491652
87 265.1325 0.05302651 2.286592 0.748458 5.558632 0.007726749 0.09312777 -0.05127655 0.09312777 19.75419 -1.932799 -0.05127655 -1.932799 5.16562
88 262.3905 0.0524781 2.285623 1.002168 5.357634 0.007408783 0.08688623 -0.05035278 0.08688623 18.89164 -1.841483 -0.05035278 -1.841483 5.189846
89 275.5638 0.05511277 2.272275 0.8290709 5.541171 0.00792435 0.0831139 -0.04690555 0.0831139 20.24914 -2.023603 -0.04690555 -2.023603 5.396671
90 270.36 0.05407199 2.279317 0.8820105 5.355919 0.007807473 0.09203644 -0.04719921 0.09203644 19.4151 -1.982023 -0.04719921 -1.982023 5.122291
91 263.4927 0.05269854 2.279659 0.7420777 5.513921 0.006965258 0.07809874 -0.05102617 0.07809874 17.65967 -1.578531 -0.05102617 -1.578531 4.887737
92 289.5721 0.05791442 2.278703 1.063249 5.459077 0.007927226 0.07694571 -0.04920646 0.07694571 20.03129 -2.357272 -0.04920646 -2.357272 5.243285
93 273.1038 0.05462077 2.282986 0.8907516 5.484328 0.007516227 0.07758928 -0.04456508 0.07758928 21.06271 -2.266059 -0.04456508 -2.266059 4.925854
94 285.3347 0.05706694 2.280481 0.8084402 5.573835 0.007519248 0.101047 -0.03572689 0.101047 20.60459 -1.934265 -0.03572689 -1.934265 5.056287
95 284.8471 0.05696942 2.284984 0.9558193 5.570538 0.008219102 0.06851408 -0.02061 0.06851408 20.87904 -2.122474 -0.02061 -2.122474 5.212322
96 285.2363 0.05704725 2.283027 1.106648 5.35936 0.00722078 0.06169643 -0.03035609 0.06169643 20.25576 -2.46883 -0.03035609 -2.46883 5.506946
97 271.3377 0.05426754 2.289665 1.363758 5.300751 0.008195483 0.09053384 -0.05042139 0.09053384 19.93802 -1.802893 -0.05042139 -1.802893 5.20977
98 260.9667 0.05219334 2.28016 1.173387 5.3412 0.009678988 0.09969605 -0.06310809 0.09969605 20.27405 -2.210413 -0.06310809 -2.210413 5.669923
99 263.5586 0.05271173 2.280356 0.9119084 5.554718 0.009602125 0.1127345 -0.08226859 0.1127345 20.45979 -2.471449 -0.08226859 -2.471449 5.483869
100 273.9273 0.05478547 2.277298 0.8961798 5.513217 0.01026047 0.1227553 -0.07175876 0.1227553 22.28409 -2.525567 -0.07175876 -2.525567 6.026586
