0 1 : 00000010000000000111011010001001000010001100
0 1 : 00000010000000000111011011001001000010001100
0 2 : 00000010000100000111011010001001000010001100
0 2 : 00000010100000000111011010001001000010001100
0 1 : 01000010000001001100111110001110001000000011
0 2 : 01000010001001001100111110001110000000000001
0 3 : 01000010001001001100111110001110000001000001
0 2 : 10000101000000000000000000000000010000010000
0 1 : 10000101000010000000000000000000010100010000
0 1 : 10000101010000000000000000000000110000110000
0 1 : 10001101000000100000000000000000010000010000
0 2 : 10010101000010000000000000010000010100010000
0 1 : 10100101000000110000000000100000010000010000
