0 1 : 0010000101110000010100010110010100100000000100
0 3 : 0010000101110000010100010110010100100100000100
0 1 : 0010000101110000010100010110010100100101001100
0 2 : 0010000101110000010100010111010100100100000100
0 1 : 0010000101110000010110010110010100100100100100
0 2 : 0010000101110001010100010110110100100000010100
0 1 : 0010000101110001010100110110110100100000000100
0 1 : 0010000111110000010100010110010100110100000110
0 1 : 0010001100001000011000011110000000101000000000
0 1 : 0010100101110000010100010110010100100100000100
0 2 : 0011010101110000010100010110010101100000000100
0 3 : 1100000000000110100001000000001000000010000001
0 1 : 1100000000000110100001000000001010000010000001
