0 2 : 0000000000001000001000001000000001
0 1 : 0000000001000110000000100010101010
0 1 : 0000000001000110000000100110101010
0 1 : 0000000001000110000000100110101110
0 3 : 0000000001000110000000110011101010
0 1 : 0000000001000110000100100110101010
0 1 : 0000000001000110100000100010101010
0 1 : 0000000001000111000000100110101110
0 2 : 0000000111010110000000100010101010
0 1 : 0000011000000000001000000000000001
0 1 : 0000100001000110000000100010101010
0 1 : 0001000001000110000000100110101010
0 2 : 0010000001000110000001100110111010
0 1 : 1100000001100110000010100010101010
0 1 : 1100000001100110010010100010101010
