0 3 : 00000010010101110000100000010010001000100000
0 1 : 00000010010101111000010110010000001000000000
0 1 : 00000010010101111100000110010000001000000000
0 1 : 00000011010101111000000110010000001000000000
0 3 : 00101100001000000001000001101100000011011110
0 1 : 00111100001000000001000001101100000011011110
0 2 : 01000000000101010010000000010000111000000000
0 1 : 01000000000101010010000000010000111000000001
0 1 : 01000000000101010010000000010001011000000000
0 2 : 01000000000101010010001000010000011000000000
0 2 : 01000000100101010010001000010000011000000000
0 2 : 11000000000111010010000000010000001100000000
