0 4 : 0010110101001000101110100101010100000011101010010101001000000000001010010000000111101010
0 2 : 0010110101001000101110100101010100000011101010010101001000000000001011010000000111101010
0 2 : 0010110101001000101110100101110100000011101010010101001000000000001010010001000111101010
0 1 : 0010110101001000101110100111010100000011101010010101001000000000001010010000000111101010
0 2 : 0100000000000011000000010000000011000100010101100010010100110111010100001110111000010001
0 1 : 0100000010000011000000000000001011000100010101100010000100110111010000001110110000000101
0 3 : 1101001000110111010001000000000011110100010101101000000111110110010000101010110000000001
0 2 : 1101001000110111010001000000000011110100010101101000000111111110110000101010110000000001
0 1 : 1101001000110111010001000000000011110100010101101000100111110110010000101010110000000001
0 1 : 1101001000110111010001000000000011111100010101101000000111110110010000101010110000000001
0 1 : 1101001000110111010001001000000011110100010101101000000111110110010000101010110000000001
