0 1 : 0000000000000000100000000100100000
0 1 : 0000000000000000100000000100101000
0 1 : 0000000000000000100000001100000000
0 1 : 0000000000000000100000011100000000
0 3 : 0000000000000000100001001100000000
0 1 : 0000000000000000101000001100000010
0 1 : 0010010100101011000000000000010000
0 1 : 0010010100101111010100100001010000
0 2 : 0010010100111011000010000000010000
0 1 : 0010010101101011010100000010010000
0 2 : 0010011111101011010100000010010000
0 1 : 0011010100101011010100000000010000
0 2 : 0011110100101011010100000000010000
0 1 : 0100000000000000100000000100000101
0 1 : 1000000000000000100000000100100000
