-1884257600
1105123660
-718047235
92326350
1007173471
-805129805
-526543129
1368677755
828622452
-284890093
755643811
-1244542580
-1373768886
-883979034
1851138595
816745112
-410549098
848309028
-1913976087
270934620
17835525
34423597
217434706
-1699215023
1088230351
-364041939
1665870680
1466499577
474884206
-270173423
-1228108913
2130188197
1309460760
33987219
-1397049328
923266980
1468113557
1168010180
-275353556
389411775
248404992
1218494233
-1438816047
-1492065078
2095083190
-793397110
-1797098114
-150292375
-412829817
-961492088
1269664457
1485664788
-401377143
-1681196891
-888466239
-115742131
1050955840
562394990
435333396
-384978017
-1917114629
-1435232708
45123886
2077434004
1442108401
1846789461
-1995868859
-434476681
-2034829938
-1076409769
1328599570
-114706722
1198315778
-1827413538
-184755497
2001487480
537968915
-1435334097
579482381
808860499
284112598
-1238543871
-1204897477
1851039074
-1362263600
1084671657
1384568552
-1876701945
-1197756638
-490069444
-1585408114
1934086442
-694329937
1246624361
-1219778117
-1124649668
-1126774888
149315345
81
