1552148397
-5991023
422101094
374004702
-1938455334
-685682999
-1541000984
-2143977970
-281198719
-908152626
-1587386041
449129773
1503925924
124370245
-1751233218
-138918225
-318114658
-19489836
1609959462
-283931344
1334460843
-179640006
877166130
-512654831
797954711
-865997323
-818750026
-413865222
-525168955
-103266959
1574727452
-1694022639
765011825
-82025019
2040738301
-25886544
-1248943652
492245570
637548239
853239911
-1768157827
56075294
1860972738
567197817
1848505837
-539216951
-2078400946
1537362578
1531575555
358199220
147820090
1830922345
-627587057
-1352808936
1245522977
-671433855
-1473423291
730836380
-1047277687
1608749016
-1449090228
-1343118832
-587676768
1693325942
-1458457959
-638785065
2047019140
-118459030
391096721
-629235622
-215591736
102905102
-1374843754
-1850603222
1285480009
1610071674
-1535293612
1813851782
9959640
-1689305306
1574679326
-2118109871
-1482037334
-1544726928
-1553582122
-791826366
1088914297
1192119584
-903594353
1898738486
-432634739
-566475892
1671532871
-1609969854
-1880599892
575428970
-63621932
-53031406
79
