1399587467
-1449448126
-1059599234
397735203
-197110741
-1659321859
-57173290
-1113573010
-456333781
-1860848025
1129173949
589698118
-1333387769
1506462589
-1159298115
275755800
-486533258
-1969635235
-150626857
-1141329054
305411402
1985659445
-674770492
21594001
1195760247
730207148
2047679885
2104078696
-2088454525
-1645234193
-399414675
369447127
-1777517696
331686923
-2070115658
-540983249
-1792111811
-1136144022
1928331296
-795909149
1550635403
496797421
-897426429
1397429168
-1468894838
-212868368
1608594263
1532958090
1869762521
-704173402
1993726266
1683167263
-75978836
2079491783
-1050165394
1568401404
-468424288
1335014546
988040201
109160834
960876624
187401115
-938243011
768963712
-2033762208
1397056670
847761469
-146298790
-1858963376
1334510995
-1566045581
-2135628312
591035015
-581406131
1318424651
-1909212722
108143492
1451114758
1767534354
1303282915
1161882296
-1994405913
-1924054485
-218291318
1670845349
1835207797
-871014062
139190693
-417979694
1185119950
-621707286
-286097088
1372571194
-589592257
1183307366
-1002448085
-2110823142
-190499078
33
