616122840
-1206288859
381265760
727876617
-1979834656
-1330168298
-47256270
-1114873260
-669877630
1337936087
287031729
-1563442499
-2103285975
182959505
-564583106
-1480023381
-120376463
-2032424359
-182886851
228932575
336369834
-2012248684
1902680579
-1840202206
300548582
1026727465
292657721
49740422
316822878
910120219
-714654348
1678577412
1370238249
-1524128857
-2049365999
1979167775
-1754907061
1057731024
1006466472
125595365
-120895331
-576110116
-1812284796
1445450755
206114963
920323212
-1209631804
-473378627
-819686254
863422612
-565579062
-914359900
-1889256764
-75312355
-364465361
-483482303
-1785163671
-729949266
893275992
-875416618
1626198072
-1194406855
651976658
1211682782
-452350614
-800190007
422658804
1774424124
-2044685598
2105759791
394004753
-454159122
-1583159609
-1153902546
-2025222639
-1542542688
-17312066
1367670765
1581561569
-260389840
376805540
-791986238
-436920193
1192653008
237748569
-1515741121
1763112321
-348264598
-331305240
459661682
1416576232
-1195580550
2131349327
-67079181
-2034280674
-951393331
2104132972
311339711
95
