-850862324
-1834578944
-615069767
206023565
87817501
1724415172
1403416589
-135164236
167270891
2081737026
209087478
1980828740
2034179079
-1496320832
1947750059
2005670333
-2079142340
-170827193
1484486119
402965836
952918500
1676758640
-164000847
155396597
559570338
1607385456
-2036846938
-475485540
-1553292448
-1352740903
2053236913
1208391423
-841602115
1336453651
-1336743558
1459822367
-900626262
-2089505033
2132373870
-1540702566
1607112878
153936631
1686076033
-792571246
1024328663
-590853970
-1757474050
-1910339773
940082029
839644161
-371494765
-289171463
1927606207
-1598034486
955628725
-1073687018
1429352401
157603980
-1064857115
997482564
961340330
482128491
-964048401
28060525
-1786920622
1104075421
1101847849
558261811
924532658
1839569834
-3945238
-639462967
-141445035
411478740
562019026
-551116228
-510167867
955344068
-826405557
1291139242
-459458602
-1474790203
-1264662911
-714692381
1905373880
143224843
1171655043
480628942
419819553
-911996810
-1782829771
1618412266
1487654609
-253641365
-327754156
-782952389
1837336692
-614615126
77
