109219245
-67833658
1605468509
-2060357435
-899801197
2126971687
1960388808
-210830
831071339
123074274
-414535297
-376110779
-418939989
-1724977598
1249157189
-101219845
2141524270
-571748884
-274259645
783952826
284787658
1215223611
-585678422
-662255711
842603672
978998526
1165613316
-342584772
-189758648
1282271834
-1381074140
-30920915
-1524104957
-2023576798
-1508997834
-1502051303
788350882
-1060666428
-1494012793
2029364683
-817843572
1485582937
-594761247
71959798
1183641143
-795316748
1652895946
2132535625
-435489244
385763646
2116810252
-1944651427
-292226300
-1219422193
2016037650
310957988
139890209
434979996
-234312994
1153512275
255900508
-1885493014
-1541064877
625314523
796522660
80500824
-1282844910
-1533500002
753506282
1195369341
222257246
-994626327
1593351149
1494062391
1829311732
1740388493
1977530433
554946425
-1367800554
765324358
-527635824
353321712
-1503479122
-921046020
883448674
1512696015
-1137029512
1892054525
-106012658
1534603738
744254650
-205822679
-676684234
-262246553
-550759238
1474309445
-1990878842
-702511123
33
