132298888
523463323
-435257732
-708066880
635294148
2006331346
1399063771
-172903586
1907880594
-1526167466
-1104680183
-254903437
1967125689
-1787548030
-365803488
-2109369272
-1091589042
-528704838
-1920964281
-1087379959
-381471496
-98124238
1671533504
1077270354
1069591785
1597228358
1254376758
573641743
1460164011
766641422
-2104361969
-1730748383
773377143
-848469858
1934030703
1280094861
1735661074
764923134
1298177703
1427742672
-453727658
-1836134141
571354077
1721508606
1808433920
-743149517
-129388679
-143240680
-248038704
626706398
1561218828
-1176040551
1425757954
-54587351
-241952582
-2054556773
-133783147
-1924477240
-1389966075
-2145691776
864074523
641182445
795423805
-1450998338
1281918976
-119416049
-209156057
-1665040059
-1057972008
-1824023011
901591685
775340261
-1242074896
-733964766
398847072
148672760
1469948247
-1667864358
-605023582
1289008087
177664149
-1360239979
1340105617
120630597
1350477241
-1484925319
-249904209
-1158460343
1914043249
951817395
733614844
-2075272750
-556758462
-142268692
-567613445
-510088786
1842506246
-895159331
7
