0.04829523 -0.1888625 0.05117506 -1.503463 -0.03350585 0.01587485 -0.03350585 -1.318604 -0.04844293 0.01587485 -0.04844293 -1.499296
0.06917505 -0.3253543 0.08265196 -1.522212 -0.04437973 0.02110961 -0.04437973 -1.204957 -0.07977934 0.02110961 -0.07977934 -1.512789
0.08229933 -0.4400682 0.1059667 -1.545774 -0.04941405 0.0241355 -0.04941405 -1.134151 -0.0993724 0.0241355 -0.0993724 -1.532889
0.09313095 -0.5496616 0.1257649 -1.57179 -0.05212359 0.02660564 -0.05212359 -1.088307 -0.1123896 0.02660564 -0.1123896 -1.556904
0.1029946 -0.6624102 0.1463437 -1.599614 -0.0531039 0.02860115 -0.0531039 -1.057914 -0.1231142 0.02860115 -0.1231142 -1.583247
0.1120627 -0.7883691 0.1695421 -1.629491 -0.05319714 0.03031643 -0.05319714 -1.039503 -0.1320797 0.03031643 -0.1320797 -1.611819
0.1246489 -0.938152 0.1971576 -1.660566 -0.05297709 0.03192471 -0.05297709 -1.031904 -0.1393687 0.03192471 -0.1393687 -1.642651
0.1462624 -1.122389 0.2328541 -1.69142 -0.05202583 0.0328891 -0.05202583 -1.034927 -0.1452189 0.0328891 -0.1452189 -1.675572
0.1750099 -1.355368 0.2818161 -1.722975 -0.05021187 0.03327013 -0.05021187 -1.048997 -0.1492654 0.03327013 -0.1492654 -1.710737
0.1990517 -1.654533 0.3488669 -1.756568 -0.04857072 0.03362097 -0.04857072 -1.075454 -0.1508912 0.03362097 -0.1508912 -1.748578
0.2169635 -2.032788 0.4378307 -1.792337 -0.04750906 0.03412986 -0.04750906 -1.115337 -0.1496361 0.03412986 -0.1496361 -1.789389
0.2381369 -2.500856 0.5573205 -1.82974 -0.04607255 0.03476811 -0.04607255 -1.169348 -0.1445541 0.03476811 -0.1445541 -1.833728
0.277616 -3.055719 0.7101818 -1.867123 -0.04196508 0.03542476 -0.04196508 -1.236283 -0.1351937 0.03542476 -0.1351937 -1.882101
0.3338998 -3.681672 0.8911638 -1.902573 -0.03473499 0.03524725 -0.03473499 -1.313537 -0.1225216 0.03524725 -0.1225216 -1.935008
0.4170201 -4.353489 1.090374 -1.940057 -0.02435082 0.03402336 -0.02435082 -1.397723 -0.1078789 0.03402336 -0.1078789 -1.99215
0.4883745 -5.04776 1.302895 -1.979248 -0.01537769 0.03319149 -0.01537769 -1.48574 -0.09209248 0.03319149 -0.09209248 -2.05245
0.51871 -5.832305 1.554395 -2.01815 -0.01095796 0.03620145 -0.01095796 -1.586843 -0.07099793 0.03620145 -0.07099793 -2.116653
0.5422915 -6.838673 1.909547 -2.060251 -0.00755075 0.03979626 -0.00755075 -1.716666 -0.03743538 0.03979626 -0.03743538 -2.189708
0.6119643 -7.644107 2.177152 -2.10351 0.001870174 0.04129141 0.001870174 -1.821278 -0.01555761 0.04129141 -0.01555761 -2.261166
0.7029785 -7.958777 2.218471 -2.149634 0.01390162 0.04153173 0.01390162 -1.863483 -0.0233803 0.04153173 -0.0233803 -2.322528
0.7884053 -8.184723 2.197137 -2.199237 0.02502888 0.04323832 0.02502888 -1.895686 -0.03939962 0.04323832 -0.03939962 -2.380772
0.8812004 -8.41539 2.16617 -2.252668 0.03686638 0.04548299 0.03686638 -1.929592 -0.05709942 0.04548299 -0.05709942 -2.439883
0.9846581 -8.678287 2.140578 -2.310147 0.04984029 0.0478419 0.04984029 -1.968708 -0.07470378 0.0478419 -0.07470378 -2.501404
1.086557 -8.981604 2.126176 -2.371348 0.06248789 0.0496672 0.06248789 -2.014134 -0.09167322 0.0496672 -0.09167322 -2.566378
1.164125 -9.391703 2.137596 -2.432576 0.07288456 0.05265635 0.07288456 -2.074653 -0.10594 0.05265635 -0.10594 -2.636421
1.205293 -9.909779 2.165274 -2.493094 0.07973834 0.05774957 0.07973834 -2.15063 -0.1186235 0.05774957 -0.1186235 -2.711696
1.211869 -10.51719 2.205087 -2.554944 0.08283903 0.06460563 0.08283903 -2.239676 -0.1304378 0.06460563 -0.1304378 -2.792429
1.194725 -11.18794 2.258104 -2.621094 0.08287525 0.07215943 0.08287525 -2.338316 -0.1416699 0.07215943 -0.1416699 -2.879157
1.158958 -11.90135 2.32063 -2.692099 0.08044881 0.08033865 0.08044881 -2.44378 -0.152907 0.08033865 -0.152907 -2.972186
1.107262 -12.6431 2.388527 -2.768404 0.07587767 0.08913505 0.07587767 -2.55419 -0.1647916 0.08913505 -0.1647916 -3.071813
1.055746 -13.17879 2.445733 -2.850391 0.07135757 0.09833747 0.07135757 -2.635964 -0.1797913 0.09833747 -0.1797913 -3.178417
1.049828 -13.70986 2.560779 -2.93367 0.07403948 0.1085305 0.07403948 -2.715409 -0.1882175 0.1085305 -0.1882175 -3.291823
1.0849 -14.26872 2.666476 -3.020595 0.08241153 0.1174134 0.08241153 -2.799349 -0.1994225 0.1174134 -0.1994225 -3.411791
