0.05934269 -0.229791 0.06968487 -1.495894 -0.04212467 0.02206409 -0.04212467 -1.255694 -0.06999831 0.02206409 -0.06999831 -1.48543
0.08037502 -0.3824133 0.1013005 -1.514319 -0.05634593 0.02698 -0.05634593 -1.109813 -0.1046229 0.02698 -0.1046229 -1.499554
0.09075363 -0.4933778 0.1225935 -1.537698 -0.06052499 0.02882657 -0.06052499 -1.023027 -0.1261238 0.02882657 -0.1261238 -1.519096
0.0977416 -0.5858553 0.137517 -1.562701 -0.0614397 0.03012457 -0.0614397 -0.9697286 -0.1377682 0.03012457 -0.1377682 -1.542535
0.1039611 -0.669006 0.1514407 -1.58843 -0.06114295 0.03137441 -0.06114295 -0.9343149 -0.1469528 0.03137441 -0.1469528 -1.567354
0.1091626 -0.7478933 0.1651986 -1.615188 -0.05982032 0.03236359 -0.05982032 -0.9097683 -0.1551787 0.03236359 -0.1551787 -1.593149
0.11476 -0.8260414 0.1791107 -1.642694 -0.05860611 0.03332935 -0.05860611 -0.893621 -0.1624578 0.03332935 -0.1624578 -1.619946
0.1232545 -0.9057031 0.1937381 -1.669631 -0.05844779 0.03428153 -0.05844779 -0.8845488 -0.1690336 0.03428153 -0.1690336 -1.647708
0.1334052 -0.9871308 0.2096526 -1.696091 -0.05853125 0.03496804 -0.05853125 -0.8804207 -0.1755317 0.03496804 -0.1755317 -1.676202
0.1424288 -1.070115 0.2266831 -1.723302 -0.05823654 0.03543113 -0.05823654 -0.8798038 -0.1819668 0.03543113 -0.1819668 -1.705421
0.1500776 -1.154171 0.2443264 -1.751493 -0.05768392 0.03576448 -0.05768392 -0.8818691 -0.1882615 0.03576448 -0.1882615 -1.735437
0.1572742 -1.238652 0.2624048 -1.78045 -0.05714755 0.03611964 -0.05714755 -0.8860319 -0.1944622 0.03611964 -0.1944622 -1.766221
0.1656317 -1.323003 0.2809414 -1.809295 -0.05673649 0.03686679 -0.05673649 -0.8917674 -0.200554 0.03686679 -0.200554 -1.797684
0.1744613 -1.406927 0.2992901 -1.836167 -0.05529945 0.03782315 -0.05529945 -0.8982643 -0.206527 0.03782315 -0.206527 -1.829919
0.1845487 -1.490374 0.3170753 -1.862678 -0.05378934 0.03889902 -0.05378934 -0.9057382 -0.2123569 0.03889902 -0.2123569 -1.862963
0.1946634 -1.573198 0.3343992 -1.890437 -0.05252497 0.03989967 -0.05252497 -0.9140568 -0.2183306 0.03989967 -0.2183306 -1.896543
0.2039414 -1.655414 0.3513929 -1.918551 -0.05098537 0.04110398 -0.05098537 -0.9231333 -0.2241654 0.04110398 -0.2241654 -1.93074
0.2131898 -1.736792 0.3682429 -1.947506 -0.0495196 0.04250719 -0.0495196 -0.9327942 -0.2300149 0.04250719 -0.2300149 -1.965609
0.2233217 -1.817508 0.3847981 -1.976774 -0.0481344 0.04403797 -0.0481344 -0.9429129 -0.235921 0.04403797 -0.235921 -2.001155
0.2353989 -1.896954 0.3992559 -2.006368 -0.04664657 0.04533469 -0.04664657 -0.9534747 -0.2418592 0.04533469 -0.2418592 -2.03728
0.2490255 -1.975313 0.4114595 -2.036871 -0.04532047 0.04653948 -0.04532047 -0.9644454 -0.2479806 0.04653948 -0.2479806 -2.073408
0.263456 -2.053221 0.4223987 -2.06839 -0.04418759 0.04774478 -0.04418759 -0.9757162 -0.2542911 0.04774478 -0.2542911 -2.109478
0.278491 -2.131184 0.4336307 -2.100831 -0.0432402 0.04897131 -0.0432402 -0.9872358 -0.2607163 0.04897131 -0.2607163 -2.145745
0.2931378 -2.20918 0.4453807 -2.134115 -0.04240369 0.05005188 -0.04240369 -0.9989768 -0.267248 0.05005188 -0.267248 -2.182268
0.3056493 -2.287483 0.4583676 -2.167813 -0.04142822 0.05112598 -0.04142822 -1.010791 -0.2738504 0.05112598 -0.2738504 -2.219362
0.3151214 -2.366297 0.4714925 -2.200817 -0.03987849 0.0523691 -0.03987849 -1.022527 -0.2804818 0.0523691 -0.2804818 -2.257269
0.3222101 -2.445439 0.4845377 -2.23323 -0.03788907 0.05377703 -0.03788907 -1.034262 -0.2871471 0.05377703 -0.2871471 -2.29594
0.327971 -2.524678 0.4977657 -2.265898 -0.03580605 0.05519773 -0.03580605 -1.046112 -0.2939213 0.05519773 -0.2939213 -2.335286
0.3329139 -2.603913 0.5112542 -2.299151 -0.03377561 0.05657626 -0.03377561 -1.058125 -0.300823 0.05657626 -0.300823 -2.375266
0.3372013 -2.683117 0.5249484 -2.333023 -0.03183088 0.05792017 -0.03183088 -1.070306 -0.3078407 0.05792017 -0.3078407 -2.415859
0.3409344 -2.762024 0.5388707 -2.367545 -0.03001236 0.05922593 -0.03001236 -1.082657 -0.3149744 0.05922593 -0.3149744 -2.457051
0.3452716 -2.840096 0.5542142 -2.402341 -0.02818403 0.06072446 -0.02818403 -1.095099 -0.3221463 0.06072446 -0.3221463 -2.49852
0.349883 -2.917876 0.5696076 -2.437149 -0.02621716 0.06218642 -0.02621716 -1.107529 -0.3294779 0.06218642 -0.3294779 -2.540467
