0  3 : 41 39 38 37 34 32 28 26 24 14 13  8  7  2  0
0  2 : 27 23 41 39 38 37 34 32 28 26 24 14 13  8  7  2  0
0 10 : 40 36 35 33 31 29 25 22 21 20 19 17 16 15 11 10  6  5  4  3  1  0
0  1 : 18 40 36 35 33 31 29 25 22 21 20 19 17 16 15 11 10  6  5  4  3  1  0
0  2 : 30 12 40 36 35 33 31 29 25 22 21 20 19 17 16 15 11 10  6  5  4  3  1  0
0  2 :  9 40 36 35 33 31 29 25 22 21 20 19 17 16 15 11 10  6  5  4  3  1  0

1 i1 3 
2 i1 7 
3 1 4 
4 3 5 
5 4 6 
6 5 10 
7 2 8 
8 7 13 
9 c f 
10 6 11 
11 10 15 
12 c 30 
13 8 14 
14 13 24 
15 11 16 
16 15 17 
17 16 19 
18 c d 
19 17 20 
20 19 21 
21 20 22 
22 21 25 
23 a 27 
24 14 26 
25 22 29 
26 24 28 
27 23 b 
28 26 32 
29 25 31 
30 12 e 
31 29 33 
32 28 34 
33 31 35 
34 32 37 
35 33 36 
36 35 40 
37 34 38 
38 37 39 
39 38 41 
40 36 c 
41 39 a 
a 41 23 
b 27 
c 40 18 12 9 
d 18 
e 30 
f 9 
i1 1 2 
