976263068
1280639511
847178626
-846632959
1268321952
-2020214160
170437533
1443530458
259915443
1506267408
1015986712
139840785
1931561503
-1020756701
-1964536778
-2040823462
-1231374248
1598702447
260103072
1506412487
516380551
-242385850
-1522426593
-161531315
102658295
-607653877
-1223605327
-1929432191
719860305
-640014756
-528938615
1182428477
-957935
1913218176
-670275698
-608884541
-1672172494
2034376440
825655338
-2015155524
-1245858646
-38401488
-1381746240
-289206124
-492164822
763389226
546419288
-877388083
201308755
1257440880
-1481651377
-453345894
1979815606
1109467933
-307252505
-1621488230
671133477
1796487537
2117522233
561524457
1741766528
84122043
1405917978
-1581287707
1053501953
-1953344552
740391960
-804110602
694923249
415668207
1753051405
-60483802
-1321307001
1746042754
267421134
1996728056
1414594820
-1555147959
-2147342458
869982373
-104204463
-689902090
-1641082490
455045710
-1191412597
-101167956
-805787488
-1415020549
-1741606111
-756278458
-273369193
-914976654
-126917672
-1484906157
-307747691
-1788772561
-632669032
-1557114325
73
