1 42.83015 0.008566029 2.950583 1.616084 6.241168 0.4014594 0.7563044 1.832737 0.7563044 2.818105 2.912337 1.832737 2.912337 16.5151
2 82.86871 0.01657374 2.267473 0.4404868 2.708424 0.03047617 0.08834373 -0.1003643 0.08834373 2.36337 -2.049061 -0.1003643 -2.049061 13.98707
3 182.5494 0.03650987 2.277388 0.210862 3.77903 0.01807269 0.04576378 -0.0503276 0.04576378 1.655459 0.1725869 -0.0503276 0.1725869 6.155893
4 264.0004 0.05280009 2.287045 0.3989975 3.935887 0.01234253 0.03796911 -0.05122176 0.03796911 1.608817 -0.258575 -0.05122176 -0.258575 5.471711
5 273.3744 0.05467488 2.290697 0.4467261 3.816355 0.01079835 0.03665598 -0.05958883 0.03665598 1.863091 -0.2590618 -0.05958883 -0.2590618 5.435834
6 264.6991 0.05293983 2.286089 0.5070708 3.935517 0.01033364 0.0484574 -0.06547362 0.0484574 2.223093 -0.3259089 -0.06547362 -0.3259089 5.064091
7 258.9281 0.05178562 2.292115 0.6034784 3.918127 0.009970544 0.04919328 -0.05969487 0.04919328 2.565496 -0.6515831 -0.05969487 -0.6515831 5.696676
8 243.267 0.0486534 2.280964 0.586866 3.918615 0.008967343 0.04683882 -0.05644525 0.04683882 3.111734 -0.5884046 -0.05644525 -0.5884046 5.203741
9 264.7724 0.05295447 2.277642 0.614408 3.802708 0.008736587 0.04059686 -0.05164574 0.04059686 3.116592 -0.2507652 -0.05164574 -0.2507652 4.503032
10 265.906 0.05318119 2.282222 0.6447515 3.869559 0.008585426 0.04822501 -0.04881433 0.04822501 3.28772 -0.4265196 -0.04881433 -0.4265196 4.043163
11 280.8265 0.0561653 2.289642 0.7514941 4.005452 0.008427038 0.06046071 -0.04854589 0.06046071 3.829749 -0.6567237 -0.04854589 -0.6567237 4.5243
12 260.0328 0.05200657 2.285849 0.7750882 3.988073 0.008125743 0.06261921 -0.0533328 0.06261921 4.283191 -0.7854077 -0.0533328 -0.7854077 4.518287
13 265.0808 0.05301615 2.27804 0.8368026 4.028484 0.008323058 0.05903621 -0.03747168 0.05903621 4.506763 -0.7644295 -0.03747168 -0.7644295 4.574671
14 290.2065 0.0580413 2.278184 0.785326 4.191222 0.008452434 0.06147547 -0.04439988 0.06147547 5.140562 -0.7780271 -0.04439988 -0.7780271 4.200546
15 275.2934 0.05505868 2.274403 0.664205 4.331558 0.008390432 0.05677637 -0.0444775 0.05677637 5.382716 -0.4901395 -0.0444775 -0.4901395 4.733356
16 287.8504 0.05757008 2.280547 0.7226806 4.160463 0.00827678 0.06445847 -0.0380182 0.06445847 5.624571 -0.8762569 -0.0380182 -0.8762569 4.651302
17 284.1648 0.05683295 2.28187 0.7513615 4.337611 0.008108366 0.07338558 -0.03200798 0.07338558 5.982645 -0.7278797 -0.03200798 -0.7278797 4.469344
18 255.951 0.0511902 2.282041 0.5915866 4.282463 0.008241741 0.08085118 -0.04525804 0.08085118 6.722906 -1.038215 -0.04525804 -1.038215 5.043522
19 250.805 0.050161 2.275004 0.5146661 4.479805 0.008220803 0.06661192 -0.05950245 0.06661192 6.969979 -1.502821 -0.05950245 -1.502821 4.893335
20 245.8877 0.04917755 2.277593 0.5045038 4.555457 0.008466927 0.05324969 -0.04727813 0.05324969 7.05817 -1.122879 -0.04727813 -1.122879 4.629703
21 273.1791 0.05463583 2.28205 0.6232004 4.573307 0.007411129 0.05069673 -0.04117515 0.05069673 7.390955 -0.9518187 -0.04117515 -0.9518187 4.295927
22 270.209 0.05404181 2.279142 0.6467092 4.472841 0.007924417 0.07299067 -0.03817908 0.07299067 10.0331 -1.675253 -0.03817908 -1.675253 4.926144
23 265.6161 0.05312321 2.278446 0.3475675 4.550408 0.008000979 0.07228252 -0.03482894 0.07228252 9.679428 -1.339782 -0.03482894 -1.339782 4.156486
24 291.107 0.0582214 2.279476 0.4707193 4.529885 0.007494081 0.0479693 -0.0322367 0.0479693 9.524291 -1.287261 -0.0322367 -1.287261 3.580712
25 318.2389 0.06364778 2.280599 0.2999439 4.554649 0.007884686 0.04587704 -0.02511287 0.04587704 11.0572 -1.273874 -0.02511287 -1.273874 3.855451
26 281.5921 0.05631842 2.286902 0.2607428 4.590172 0.007559363 0.055039 -0.02131187 0.055039 11.3332 -2.014089 -0.02131187 -2.014089 4.145344
27 273.3816 0.05467631 2.287893 0.3699237 4.603224 0.008084995 0.04873863 -0.02715403 0.04873863 13.4809 -2.221049 -0.02715403 -2.221049 4.739583
28 265.4158 0.05308315 2.283805 0.531213 4.732336 0.007962554 0.07306287 -0.04098611 0.07306287 13.59684 -2.247512 -0.04098611 -2.247512 4.285954
29 276.1281 0.05522563 2.287186 0.5410445 4.709529 0.00791574 0.07337668 -0.0397449 0.07337668 13.23022 -1.954405 -0.0397449 -1.954405 4.063614
30 271.3512 0.05427024 2.281462 0.6294276 4.544146 0.007428049 0.0986345 -0.03541935 0.0986345 14.16516 -2.091096 -0.03541935 -2.091096 3.908401
31 268.5731 0.05371461 2.27867 0.6435752 4.688512 0.007786621 0.08980455 -0.02121367 0.08980455 15.40517 -2.431216 -0.02121367 -2.431216 4.083739
32 275.6326 0.05512653 2.284123 0.7958212 4.690176 0.007568445 0.08683077 -0.02055502 0.08683077 15.9229 -1.604546 -0.02055502 -1.604546 3.696916
33 290.3382 0.05806764 2.284701 1.040673 4.717235 0.008165037 0.1140445 -0.03691576 0.1140445 17.56548 -2.544778 -0.03691576 -2.544778 4.423923
34 271.6593 0.05433186 2.279521 0.5604472 4.989865 0.007440595 0.1264529 -0.03651019 0.1264529 16.59651 -1.800411 -0.03651019 -1.800411 3.740947
35 271.8607 0.05437214 2.277701 0.1791008 5.100812 0.007136673 0.1253431 -0.02489998 0.1253431 16.86067 -1.970132 -0.02489998 -1.970132 3.878123
36 273.8608 0.05477216 2.276291 0.3051752 5.038469 0.007694585 0.1154517 -0.04266277 0.1154517 17.70414 -2.685292 -0.04266277 -2.685292 4.506936
37 264.0981 0.05281962 2.279313 0.3485816 5.003492 0.007847763 0.1077253 -0.06150166 0.1077253 18.78098 -2.615764 -0.06150166 -2.615764 4.759409
38 258.8693 0.05177385 2.284158 0.6591727 5.094054 0.007737973 0.1039531 -0.04070891 0.1039531 19.81796 -1.973989 -0.04070891 -1.973989 4.299579
39 282.6323 0.05652646 2.28286 0.6086063 5.050744 0.007962672 0.122376 -0.04650143 0.122376 21.51969 -2.869537 -0.04650143 -2.869537 4.708219
40 277.0225 0.05540451 2.279266 0.5327955 5.114371 0.007167916 0.1098552 -0.0369358 0.1098552 21.31203 -2.072516 -0.0369358 -2.072516 4.251493
41 288.9645 0.05779291 2.279859 0.4920401 5.17357 0.006979491 0.08739773 -0.03525129 0.08739773 19.69443 -1.931639 -0.03525129 -1.931639 4.178505
42 286.1979 0.05723958 2.286113 0.855227 5.154945 0.006143901 0.06183783 -0.03118185 0.06183783 19.82606 -1.687918 -0.03118185 -1.687918 4.419763
43 289.2467 0.05784935 2.290094 0.7150855 5.260531 0.006522384 0.08701191 -0.04785847 0.08701191 20.73879 -2.115282 -0.04785847 -2.115282 4.602394
44 267.3006 0.05346012 2.28099 0.4030663 5.235106 0.006706957 0.1044598 -0.04404352 0.1044598 21.45578 -1.672804 -0.04404352 -1.672804 4.700279
45 283.0633 0.05661266 2.276235 1.008313 5.165288 0.00713243 0.1081224 -0.04578921 0.1081224 23.15061 -2.825353 -0.04578921 -2.825353 4.760803
46 279.5811 0.05591622 2.283827 0.7596158 5.150068 0.006680644 0.1091262 -0.04502247 0.1091262 22.48095 -2.421922 -0.04502247 -2.421922 4.278524
47 268.4431 0.05368861 2.283014 1.0863 5.194813 0.006637629 0.1080383 -0.04412104 0.1080383 23.70877 -2.397006 -0.04412104 -2.397006 4.50425
48 278.454 0.05569079 2.284689 1.033943 5.16655 0.006647431 0.1063103 -0.03676888 0.1063103 21.93606 -2.313517 -0.03676888 -2.313517 4.439166
49 290.7529 0.05815058 2.280239 1.330672 5.020171 0.008297269 0.1016633 -0.06023926 0.1016633 26.07138 -3.596435 -0.06023926 -3.596435 6.037728
50 271.1024 0.05422048 2.279705 0.7788109 5.277954 0.008069474 0.1059089 -0.04326967 0.1059089 21.84361 -2.28004 -0.04326967 -2.28004 4.563054
