-2143639084
-516521225
-1931485144
-2091931785
1457313395
-1416301090
-2030635719
-893193416
1037008260
1093049989
-1903274321
1134951204
525270543
-1251285668
-86204278
-718582133
2115584242
725303686
-1100641099
1744818801
198402060
1648023881
1573081968
-601925597
824420148
-1132992653
-1899866667
-1347160743
-1839527049
1893257121
-2098657406
1579590693
-2110542826
659242301
-492595624
-962109365
-544108231
449028241
-168389017
-1005283610
2053635475
-449333671
-272038461
2070221977
2092208956
-700811393
-2063697920
347201008
1684841372
-344995936
2073661111
-318966244
-182772189
-1693928559
-532904632
1588636836
-1337963291
82947817
639247647
-1385600966
-1332205476
-1168483516
-1629143740
-1851459308
16199404
1589936514
-2057434453
-275625638
-1434491494
1885876261
773836388
-217466689
-1717542795
-18276360
-1399745994
1030063524
-4078151
-1599781480
-453540890
282785979
-129030361
1209899837
-1935057553
187511078
-2041648008
1943306941
22769587
476009729
665349673
1069896642
-1272991935
863478272
897171975
298354084
2010930517
-284548750
-142234967
-1012938905
79
