971632415
1729843578
1337736046
1556792250
-1526434663
1196865662
251423160
-443378366
1386845641
342318275
1895000844
201870212
733089532
-312604871
-622878520
-152521053
-980689683
-1977651022
-370302353
-397752837
-1533589392
875668914
1248532585
-161703127
-469316834
-1881907682
738144081
-2051132945
1983140256
-1960595620
-165501432
892292183
-2026827087
1536671725
-876482185
-2140166149
947445235
737529054
1363738987
727399383
695613298
-1071450048
-277067867
202949211
-598465684
1337004528
1210471038
-117644793
-581682717
-1528859117
-651056329
-1847076358
1421764854
882052845
1727370030
1078801210
-2120400753
-1636503714
1890541122
838349044
-1458344341
-195786786
-1173142673
755089869
-1762386773
-676062015
-3806427
-1162535198
15968443
1789725617
-608285261
2113666697
1505470652
-1584030808
1765250625
-33071876
309293074
-1013231081
76354829
1521333548
1179468896
1110235223
-1520745757
1196171893
-1001211553
1848878777
2058926514
1357741000
138195545
36127644
-1501778161
-485771675
1720862495
717213315
1967057005
-1852176052
-489416179
821087080
19
