1923172073
-1056115501
1983399928
1422065195
-254396263
-258723413
1305775894
409039171
-852045580
1931130144
971822894
1699284645
-825563250
440607789
1354757861
-2051591208
-1869007973
-1739079608
1186027103
239329948
2048922876
412263281
1341450397
-394600321
563299602
-1017518345
1116765533
-1502893292
70905930
-713145650
109090614
429291923
-1656634516
814705461
-176857020
-901109930
1494154988
-1040749125
-1708840548
-694583213
1497155483
-818926680
-1845943446
-982779465
-1855839311
-1781702618
1659317042
2011847052
600875938
-1939741648
-663466985
1027914358
1377906232
-1074678787
-1416318058
-828111610
-1535214710
1603942903
-1689142137
-1783800501
65178800
249363316
-188949099
-545165122
649025668
1435279739
-319388650
-2604555
1728563429
-285854655
1535947000
-1435540437
913020045
1146292879
-1225321205
-1320149999
-1459686820
318041867
-281943601
1370758229
-1991485160
-1775759461
1199481520
517493900
1332557098
-139272358
1486080739
-960853732
-510625111
1578581026
1296032509
-1306385201
739126141
560807397
-829106055
2008691723
1508990483
-50358692
1
