-1942114008
-555316453
-305146389
-1262919912
-385551283
3167785
186864538
-498687505
1246422412
787126280
-1592933998
525129955
1309760797
-1983534348
1470279758
-175297947
-1057070787
665351534
2083752367
-1596490074
-1910176823
426619956
-815204896
-1604912136
654965094
203779577
1238020581
-203700346
120021348
23622081
195904927
1390245220
646705015
144690891
-334337462
1177592519
-1858552324
-816307023
867466686
1604431981
-128842376
-2031080312
-210519145
1785969912
27113416
-376535380
-1532962488
1414049154
501339393
-1280322417
1837468863
-825873956
547827124
-227204423
922097357
-1301148565
-1995537407
-2142436282
532555820
-733236609
-922455812
419095307
1377808229
-321685699
-1047161605
-574674788
-1708853475
-1131798585
-577727763
-618409939
-241284611
384439323
1084837309
846547926
-125348188
-145662084
1125570937
1587142775
-117338142
1412070781
1874196103
59542106
-1065610758
1630103094
-867041608
1579943499
-1022154412
-1495089455
-1121672625
257600753
-1458414158
-1438224355
-1207413482
-1668618912
220815609
-1563437182
-863999415
1451457267
23
