2075475623
804396229
-1383551418
-262553170
474612826
1710582913
1959260793
-1347757661
1590888672
1654337420
744371766
1676646684
1384524088
-15271950
141100597
-556975653
-1490385843
1080877783
1171591778
-713223146
1625057476
186059112
1304955233
-717328160
1556793907
-905305851
-886910993
1370798079
770035188
275389679
1692742753
2144291528
-114963892
1529749402
-1907529592
652092037
1606351025
1040008996
-81030014
1811033283
-1875938873
935136854
779542358
1032285758
1671807982
290352938
-1078486579
-1909251512
1065067670
1411939322
1197930020
-143752630
2145012197
-1554508462
-263639973
1925939584
704440557
868114798
424492829
-147851528
-1915588694
-741549492
47580378
-2033119358
-46896600
-369243867
1305882312
1064872186
-2087245180
-813544244
-922583642
727300431
-371890019
-438873779
-365296335
1978362667
-2087291282
-957789821
-1242276408
303267192
-180744245
-661884373
1056270632
1572073244
2116777003
-1737334044
1949377575
2093971541
1666168060
-1400147192
1902272640
-554238594
925247969
-374835964
-1424914055
611437910
-379583903
-1854893380
19
