0 0 0 -3 -3 -3
0.2552865 -0.0002357377 0.09387697 -2.466433 -2.993752 -2.900259
0.4112894 -0.02598605 0.1628615 -2.217432 -3.015899 -2.757845
0.5294323 -0.05365511 0.2049365 -2.068198 -3.047169 -2.669555
0.6292322 -0.07173514 0.2638552 -1.969906 -3.085265 -2.572357
0.7203628 -0.09608055 0.3019419 -1.907942 -3.123567 -2.513931
0.8077917 -0.1309536 0.3452783 -1.867328 -3.158817 -2.479322
0.8941389 -0.1780223 0.4029177 -1.841702 -3.181927 -2.427907
0.9808068 -0.2088624 0.4718698 -1.827174 -3.207025 -2.355295
1.068263 -0.2144538 0.5390183 -1.819933 -3.226691 -2.294149
1.156667 -0.2063952 0.6048741 -1.81858 -3.23497 -2.245311
1.245897 -0.2029506 0.6717714 -1.822545 -3.229999 -2.192997
1.33561 -0.1973008 0.7374236 -1.830546 -3.227695 -2.140283
1.425449 -0.1962268 0.7997881 -1.842242 -3.230505 -2.098309
1.515187 -0.1963204 0.8583587 -1.857049 -3.233746 -2.064892
1.604799 -0.1944703 0.9110245 -1.874185 -3.240808 -2.032514
1.694163 -0.1910751 0.9608869 -1.893285 -3.25124 -2.00678
1.783207 -0.1841532 1.006752 -1.914086 -3.265199 -1.990124
1.871797 -0.1769967 1.047212 -1.936347 -3.283031 -1.980281
1.959899 -0.1750902 1.087913 -1.959769 -3.303052 -1.971687
2.0474 -0.1759247 1.129351 -1.984201 -3.320045 -1.962467
2.134477 -0.1654287 1.171188 -2.009391 -3.324363 -1.953645
2.221095 -0.1562065 1.210298 -2.035246 -3.326371 -1.940785
2.307428 -0.1466151 1.249407 -2.061646 -3.331406 -1.930647
2.393157 -0.1396515 1.287094 -2.088535 -3.336149 -1.922763
2.478178 -0.1360969 1.323002 -2.11585 -3.334582 -1.914379
2.562595 -0.1401977 1.356687 -2.14352 -3.322629 -1.905057
2.646497 -0.1475419 1.390453 -2.171491 -3.313593 -1.898691
2.729864 -0.1527305 1.422798 -2.199734 -3.309207 -1.892379
2.812935 -0.1557364 1.45346 -2.228225 -3.30759 -1.886446
2.895828 -0.1566531 1.483333 -2.256936 -3.308362 -1.881814
2.978362 -0.1523668 1.513002 -2.285852 -3.309612 -1.878631
3.060459 -0.1451838 1.542685 -2.314948 -3.312322 -1.877888
3.142617 -0.1381829 1.571382 -2.344215 -3.311906 -1.878629
0 0 0 0 0 0
