0 0 0 -3 -3 -3
0.2080861 -0.01853134 0.1022461 -2.608505 -3.000003 -2.914582
0.3550729 -0.0386166 0.1328646 -2.400354 -3.025357 -2.813495
0.4784235 -0.06058934 0.18314 -2.269797 -3.05801 -2.725039
0.5948516 -0.08062824 0.2341988 -2.185587 -3.0981 -2.652345
0.7143182 -0.1081385 0.272206 -2.133211 -3.139638 -2.605289
0.8440994 -0.1495479 0.3210714 -2.104099 -3.177856 -2.571885
0.9910107 -0.1970264 0.3830966 -2.094673 -3.209615 -2.53107
1.162207 -0.2210334 0.4568171 -2.103534 -3.2366 -2.487407
1.367223 -0.2189014 0.5358352 -2.130504 -3.254918 -2.458396
1.614278 -0.2128129 0.6259607 -2.176888 -3.253742 -2.436444
1.909578 -0.2089089 0.7324457 -2.243658 -3.251226 -2.422421
2.258495 -0.2039886 0.8569267 -2.331414 -3.255787 -2.415786
2.641563 -0.2036843 0.9951079 -2.433886 -3.261836 -2.421627
3.056083 -0.2020317 1.164468 -2.549672 -3.267602 -2.441439
3.502774 -0.2009675 1.359492 -2.678459 -3.274795 -2.469098
3.953808 -0.1955703 1.62883 -2.811356 -3.286497 -2.523668
4.409742 -0.1870999 1.758681 -2.948344 -3.303079 -2.536291
4.85357 -0.1790743 1.840846 -3.083871 -3.324806 -2.536257
5.272194 -0.1798084 1.941337 -3.21341 -3.347789 -2.543458
5.66887 -0.1761342 2.083825 -3.337954 -3.363735 -2.565293
6.052203 -0.1632371 2.27368 -3.45987 -3.368971 -2.603966
6.422967 -0.1538574 2.524336 -3.579398 -3.37448 -2.662417
6.78889 -0.1438273 2.863349 -3.698905 -3.384722 -2.751832
7.123747 -0.1369951 3.066024 -3.80981 -3.391898 -2.796766
7.452001 -0.134978 3.359325 -3.920122 -3.391612 -2.867745
7.771066 -0.1380486 3.735972 -4.028929 -3.392227 -2.96324
8.074372 -0.1418261 3.972672 -4.133811 -3.395477 -3.01735
8.382624 -0.1450229 4.340706 -4.241765 -3.402207 -3.108548
8.698458 -0.1468669 4.919248 -4.353601 -3.41151 -3.25962
9.016385 -0.1463662 5.466272 -4.467315 -3.423697 -3.400928
9.33399 -0.1401072 5.677501 -4.582257 -3.438632 -3.446383
9.653438 -0.1321634 5.821336 -4.699073 -3.45538 -3.474033
10.00265 -0.1263149 5.839084 -4.827173 -3.463676 -3.465086
0 0 0 0 0 0
