0 0 0 -3 -3 -3
0.4161723 -0.03706269 0.2044921 -2.217011 -3.000005 -2.829163
0.6490466 -0.0787871 0.1941018 -1.98405 -3.076065 -2.611322
0.848475 -0.1265076 0.333966 -1.878127 -3.155971 -2.459671
1.060564 -0.1607838 0.4384342 -1.848747 -3.25846 -2.361567
1.311651 -0.2456897 0.462242 -1.871332 -3.347325 -2.370011
1.622787 -0.3980046 0.6142637 -1.929423 -3.407164 -2.371457
2.01939 -0.5293756 0.8172734 -2.028698 -3.431931 -2.245365
2.531777 -0.4130899 1.046581 -2.174416 -3.452478 -2.138105
3.212372 -0.199713 1.246997 -2.373233 -3.419781 -2.197295
4.084819 -0.151928 1.527217 -2.640736 -3.241977 -2.216928
5.157882 -0.1659645 1.90378 -2.978128 -3.223559 -2.268168
6.445505 -0.144945 2.350699 -3.384476 -3.310513 -2.336168
7.621448 -0.1997282 2.791464 -3.766029 -3.340471 -2.497552
8.85936 -0.1788966 3.535502 -4.170675 -3.348321 -2.718815
10.20314 -0.185004 4.284866 -4.610271 -3.382697 -2.883982
11.17034 -0.1092152 5.938228 -4.937706 -3.473732 -3.396785
12.16062 -0.04310295 3.966143 -5.277133 -3.584969 -2.75088
12.84248 -0.03461331 3.319834 -5.523352 -3.715894 -2.535656
13.22603 -0.1937569 3.850666 -5.674654 -3.784457 -2.680276
13.60241 -0.1026499 4.933567 -5.828841 -3.682653 -3.001981
14.10218 0.1076021 6.260652 -6.020108 -3.478931 -3.416105
14.57978 0.05249512 8.038762 -6.209019 -3.495675 -3.948341
15.20511 0.08686496 10.66066 -6.447564 -3.620289 -4.808371
15.16032 0.02697941 7.93021 -6.471533 -3.564117 -3.875182
15.65836 -0.08455234 10.69184 -6.677912 -3.384464 -4.642231
16.06674 -0.2178835 13.52879 -6.857914 -3.408237 -5.446096
16.26365 -0.2438174 10.36359 -6.96563 -3.483216 -4.478315
17.01367 -0.2345329 14.64564 -7.264462 -3.590656 -5.662118
17.85766 -0.2003449 21.69698 -7.596845 -3.681282 -7.6407
18.55417 -0.1313445 21.87697 -7.878744 -3.789301 -7.640159
19.17975 0.05392215 12.22561 -8.145459 -3.901633 -4.855477
19.87579 0.1220378 10.42406 -8.437167 -3.99131 -4.358852
21.5268 0.0666844 6.424789 -9.054503 -3.737454 -3.169823
0 0 0 0 0 0
