1.020043 -0.4682078 -0.2497195
1.868153 -0.2073167 -0.03472853
2.197008 0.08872761 0.7035727
2.31461 -0.375154 0.911918
2.265663 -0.1071291 -0.8533942
2.265663 -0.1071291 -0.8533942
2.265663 -0.1071291 -0.8533942
2.273789 -0.339609 1.448759
2.273789 -0.339609 1.448759
2.254327 -0.01969054 1.848629
2.390968 -0.02438634 1.934514
2.390968 -0.02438634 1.934514
2.166159 -0.4708527 0.8129724
2.260245 -0.4685835 0.8031428
2.260245 -0.4685835 0.8031428
2.260245 -0.4685835 0.8031428
2.326864 -0.4684006 0.7918991
2.326864 -0.4684006 0.7918991
2.171333 -1.083101 2.11187
2.226956 -1.076232 2.099664
2.19013 -0.8535636 3.074634
2.21362 0.2363567 1.927228
2.213283 0.477747 1.910011
2.348857 0.6479494 2.123177
2.348857 0.6479494 2.123177
2.400861 0.6275901 2.186411
2.312739 0.4793516 1.621033
2.312739 0.4793516 1.621033
2.361742 0.4758892 1.711883
2.361742 0.4758892 1.711883
2.315783 0.5568754 2.096148
2.369401 0.5931015 2.096738
2.369401 0.5931015 2.096738
2.369401 0.5931015 2.096738
2.416078 0.5954455 2.156511
2.414146 0.4751979 2.634155
2.15457 -0.02298828 1.389107
2.196268 -0.05802661 1.441772
2.196268 -0.05802661 1.441772
2.137016 -1.088878 2.720949
2.197004 0.1015404 3.300456
2.287184 0.1509663 2.416384
2.386337 0.5656916 2.927307
2.216401 -0.06417118 3.975146
2.358892 -0.471676 2.624517
2.327905 -0.3304844 1.896619
2.226473 -0.05356811 3.184722
2.226473 -0.05356811 3.184722
2.257974 0.5175741 2.807069
2.303007 0.204935 1.114349
2.276115 -0.03351885 0.6403619
2.276115 -0.03351885 0.6403619
2.289957 -0.02328211 0.6410225
2.289957 -0.02328211 0.6410225
2.204418 -0.1475081 1.622967
2.213551 -0.1365803 1.612664
2.213551 -0.1365803 1.612664
2.213551 -0.1365803 1.612664
2.235552 0.1254014 2.057244
2.235552 0.1254014 2.057244
2.235552 0.1254014 2.057244
2.242657 0.08858162 2.089616
2.242657 0.08858162 2.089616
2.21406 -0.5352749 2.073034
2.214726 -0.5331091 2.101776
2.342803 -0.3574139 2.899544
2.259102 0.1891179 2.427379
2.267721 0.2546489 2.446531
2.267721 0.2546489 2.446531
2.267721 0.2546489 2.446531
2.387627 -1.068014 2.024065
2.185598 -0.1455593 2.39729
2.185598 -0.1455593 2.39729
2.239668 0.856178 3.371897
2.34643 0.02170419 3.535263
2.34643 0.02170419 3.535263
2.305011 0.1207825 3.687203
2.210258 -0.09770776 2.686791
2.332818 -0.3841866 2.369999
2.295228 -0.6602441 2.936207
2.179152 0.2012554 1.841567
2.179152 0.2012554 1.841567
2.296657 -0.200742 3.436003
2.296657 -0.200742 3.436003
2.296657 -0.200742 3.436003
2.296388 -0.2067294 3.4372
2.296388 -0.2067294 3.4372
2.296388 -0.2067294 3.4372
2.29329 -0.1975321 3.441551
2.29329 -0.1975321 3.441551
2.268804 0.2248692 2.137453
2.26807 0.2427284 2.132571
2.26807 0.2427284 2.132571
2.26807 0.2427284 2.132571
2.270992 0.2568652 2.132522
2.270992 0.2568652 2.132522
2.272891 -0.9281061 2.504138
2.308082 -1.301893 3.090891
2.405687 0.2324321 1.065082
2.405687 0.2324321 1.065082
2.405257 0.2379698 1.046706
2.140279 0.363118 1.979427
0 0 0
