0.2715854 -0.1545027 -0.05786067
2.353114 -0.2408215 1.286837
2.353114 -0.2408215 1.286837
2.284499 -0.8798872 1.372291
2.426945 0.6581262 1.458301
2.171098 -0.2627396 -0.2538526
2.193124 -0.4215254 -0.01565711
2.322456 -0.4268972 -0.03982688
2.468867 0.17253 -0.1544068
2.468867 0.17253 -0.1544068
2.241428 -0.1222471 -0.1544427
2.241428 -0.1222471 -0.1544427
2.272567 -0.2500219 0.04746005
2.33588 0.007911023 -0.2111129
2.33588 0.007911023 -0.2111129
2.239963 -0.3521266 0.8196821
2.300111 -0.3723029 0.8438903
2.300111 -0.3723029 0.8438903
2.300111 -0.3723029 0.8438903
2.360478 -0.3989745 0.8797302
2.310117 -0.5103196 1.596068
2.319894 -0.05751388 2.20445
2.224803 -0.1735704 2.169402
2.224803 -0.1735704 2.169402
2.358843 0.4361828 0.6367981
2.426114 0.4714962 0.7029936
2.426114 0.4714962 0.7029936
2.426114 0.4714962 0.7029936
2.45152 0.6603609 1.362327
2.209758 -1.395656 2.476601
2.199603 -1.518414 2.403614
2.24291 -0.7655854 2.206352
2.24291 -0.7655854 2.206352
2.279773 0.06248173 2.117551
2.233719 -0.458073 2.379972
2.370632 -0.3595653 2.540349
2.264832 -0.6559044 1.603086
2.358427 -0.6278284 1.711414
2.299043 0.2842417 1.183471
2.299043 0.2842417 1.183471
2.304286 0.2069518 1.396685
2.304286 0.2069518 1.396685
2.304286 0.2069518 1.396685
2.364422 0.2008078 1.558442
2.364422 0.2008078 1.558442
2.364422 0.2008078 1.558442
2.419502 0.1873607 1.728596
2.305694 0.1621921 1.252997
2.305694 0.1621921 1.252997
2.33638 0.1732675 1.534522
2.33638 0.1732675 1.534522
2.166642 0.2739511 0.8139596
2.274552 -0.07047021 1.330442
2.274552 -0.07047021 1.330442
2.368963 0.1225588 2.142553
2.394346 -0.5620658 2.47036
2.29375 -0.8080596 2.366741
2.29375 -0.8080596 2.366741
2.121559 -0.9236137 3.194829
2.300517 0.9567898 2.430507
2.394838 1.228525 2.182698
2.396789 1.224822 2.314333
2.396789 1.224822 2.314333
2.271296 -0.3626242 3.993732
2.272353 -0.3600487 4.008524
2.355975 0.4940196 2.610172
2.355975 0.4940196 2.610172
2.353404 -0.2423753 1.877121
2.353404 -0.2423753 1.877121
2.221685 -0.7743931 1.642132
2.210357 0.4752693 2.96995
2.210357 0.4752693 2.96995
2.210357 0.4752693 2.96995
2.319225 -0.8080829 2.329149
2.171477 -1.756526 2.799449
2.171477 -1.756526 2.799449
2.180842 -1.730562 2.981227
2.108053 -0.5998275 2.589089
2.317648 -0.6723268 2.006841
2.321722 -0.6676503 2.207202
2.226849 0.2194249 2.938345
2.226849 0.2194249 2.938345
2.21985 0.2175407 2.813681
2.21985 0.2175407 2.813681
2.21985 0.2175407 2.813681
2.296496 0.6444751 1.46177
2.20526 0.1721338 2.062356
2.356054 0.5239057 2.389816
2.358626 0.1330211 2.444438
2.302956 0.5968953 3.353422
2.302956 0.5968953 3.353422
2.305207 0.591709 3.377109
2.226872 0.7610973 2.80459
2.226872 0.7610973 2.80459
2.215449 0.02900377 1.532502
2.426284 0.4395714 1.838161
2.426284 0.4395714 1.838161
2.365329 0.6372685 1.88051
2.365329 0.6372685 1.88051
2.343568 1.242504 2.197921
2.361985 1.244369 1.808435
2.371403 0.116428 1.408059
0 0 0
