1721237929
-908101211
1173820788
-832620271
1581836695
1232352744
1593035612
-1770392212
-361595117
1873683351
-654636825
1986683485
-1717478027
-341456911
524530843
-1487898924
-1241386814
1644470431
1284556370
2096902782
-1449290483
-795569218
-1744837268
-60444519
1933489351
483590206
-193986493
1127741988
167459301
55183132
1541131387
-1732214464
-274487206
-415709885
702608177
1063280017
223235287
1799654053
-1299350823
546970436
1183538940
-1415436483
-1867572895
-1597119758
336936706
549840141
1813123635
1440665842
1166087055
-180183764
-832648769
-101680149
1372324720
1205570207
-1058557860
-1172837098
112875501
2070683220
-19637310
-1453028561
1331071388
-1446265601
-417009774
-749904038
-822179823
1980161979
-2049213812
2112611688
-1452121541
-1977099465
2111142966
357592790
-192248886
1448966484
883799656
-840542742
-1213587611
1103581454
-1406240656
598738905
1770042193
233261419
85693415
-991170489
-1481580026
-2096583545
460986305
1701227866
-2076147632
2033641808
2075257522
-1928517242
1203022561
102899168
-209208647
1115226426
-107480159
156233173
1
