0.2734181 0.217718 -0.1172959 -1.242461 0.2655921 -0.1914831 0.2655921 -1.29356 -0.1669033 -0.1914831 -0.1669033 -1.337748
0.3684545 0.3137534 -0.1762372 -1.229985 0.3393398 -0.2393168 0.3393398 -1.244143 -0.2023364 -0.2393168 -0.2023364 -1.343321
0.4587222 0.3875252 -0.2472545 -1.250532 0.3712178 -0.2770351 0.3712178 -1.269021 -0.2282988 -0.2770351 -0.2282988 -1.353719
0.5674946 0.4833543 -0.3217451 -1.28371 0.3983727 -0.3036406 0.3983727 -1.304168 -0.2484591 -0.3036406 -0.2484591 -1.385055
0.7276458 0.6177277 -0.4391503 -1.326903 0.4181021 -0.326825 0.4181021 -1.352003 -0.2625586 -0.326825 -0.2625586 -1.422139
0.983621 0.8338733 -0.6331636 -1.382165 0.4326004 -0.3436882 0.4326004 -1.408707 -0.2720611 -0.3436882 -0.2720611 -1.470887
1.431104 1.28231 -0.8952326 -1.454537 0.4351647 -0.3540008 0.4351647 -1.463305 -0.2502138 -0.3540008 -0.2502138 -1.497056
2.311774 2.125927 -1.406325 -1.560684 0.4141782 -0.3449494 0.4141782 -1.557408 -0.2250588 -0.3449494 -0.2250588 -1.554067
4.273434 3.873094 -2.580652 -1.740487 0.3322964 -0.2891628 0.3322964 -1.705605 -0.1590652 -0.2891628 -0.1590652 -1.635285
8.491536 7.710953 -5.20963 -2.069661 0.1111766 -0.1498231 0.1111766 -1.959739 -0.007569637 -0.1498231 -0.007569637 -1.794985
12.13614 10.82216 -7.299306 -2.375873 -0.05874369 -0.03115049 -0.05874369 -2.195455 0.1041263 -0.03115049 0.1041263 -1.925401
15.40484 13.45577 -9.717095 -2.652468 -0.1905421 0.09172921 -0.1905421 -2.387318 0.2201234 0.09172921 0.2201234 -2.094527
25.68557 22.11837 -17.54037 -3.367001 -0.6942722 0.5373899 -0.6942722 -2.897779 0.6316829 0.5373899 0.6316829 -2.505294
20.94702 19.11473 -14.26049 -3.11406 -0.433277 0.2633021 -0.433277 -2.82945 0.4729807 0.2633021 0.4729807 -2.404595
20.6873 19.46297 -13.93843 -3.169713 -0.3930988 0.1908918 -0.3930988 -2.939218 0.4557529 0.1908918 0.4557529 -2.450297
26.44608 25.14898 -17.95075 -3.607512 -0.6795805 0.3859465 -0.6795805 -3.350454 0.6773539 0.3859465 0.6773539 -2.690044
36.42145 34.06104 -25.97345 -4.304887 -1.153368 0.8187655 -1.153368 -3.913033 1.087253 0.8187655 1.087253 -3.153868
40.51836 37.27305 -29.35358 -4.668914 -1.290666 0.9775121 -1.290666 -4.167813 1.224684 0.9775121 1.224684 -3.432549
43.23096 39.18891 -31.66439 -4.959694 -1.344099 1.070037 -1.344099 -4.363483 1.295335 1.070037 1.295335 -3.675646
40.1548 36.26068 -31.34103 -4.853728 -1.049867 0.959979 -1.049867 -4.289164 1.189195 0.959979 1.189195 -3.862145
29.14613 25.02061 -25.14001 -4.28875 -0.2975689 0.4850115 -0.2975689 -3.688339 0.7514851 0.4850115 0.7514851 -3.797195
27.19829 23.33089 -22.82551 -4.312654 -0.1717743 0.2510724 -0.1717743 -3.609192 0.6996534 0.2510724 0.6996534 -3.736232
26.52541 23.43594 -21.08564 -4.424689 -0.1092677 0.06126695 -0.1092677 -3.74478 0.632859 0.06126695 0.632859 -3.74414
27.48532 25.00002 -20.71863 -4.650576 -0.1045624 -0.04222279 -0.1045624 -4.029888 0.5870201 -0.04222279 0.5870201 -3.870903
27.0852 22.83639 -19.92657 -4.840184 0.05124479 -0.1643524 0.05124479 -3.974124 0.4778911 -0.1643524 0.4778911 -4.019842
26.9259 23.67113 -18.77581 -5.009307 0.125051 -0.3168433 0.125051 -4.241408 0.4033264 -0.3168433 0.4033264 -4.083985
27.48239 22.19894 -17.46071 -5.281774 0.2057114 -0.46339 0.2057114 -4.271389 0.2173956 -0.46339 0.2173956 -4.27369
24.91878 20.06166 -15.83233 -5.327904 0.4630304 -0.6863265 0.4630304 -4.303012 0.1413937 -0.6863265 0.1413937 -4.323294
20.1493 19.71518 -11.12129 -5.191151 0.672382 -1.159551 0.672382 -4.644076 -0.07644669 -1.159551 -0.07644669 -4.295601
23.25501 21.4631 -12.94683 -5.640427 0.6773033 -1.158326 0.6773033 -4.997856 -0.1739298 -1.158326 -0.1739298 -4.743089
32.01229 28.36922 -24.26363 -6.351008 0.5672309 -0.5614976 0.5672309 -5.448196 0.436472 -0.5614976 0.436472 -5.210535
39.95056 36.57008 -36.32509 -6.967798 0.3544602 -0.1003449 0.3544602 -5.936576 1.087621 -0.1003449 1.087621 -6.000407
32.034 38.05015 -26.892 -6.679362 0.5099903 -0.9668245 0.5099903 -6.370497 1.079194 -0.9668245 1.079194 -5.343879
30.80669 45.65728 -16.00656 -6.924245 0.3134235 -1.74833 0.3134235 -7.431438 0.9100424 -1.74833 0.9100424 -4.507856
43.59533 66.96228 -21.50378 -7.897156 -0.5732234 -1.713602 -0.5732234 -9.023483 1.646949 -1.713602 1.646949 -4.605048
33.45726 48.76504 -15.84522 -7.79299 0.430525 -2.196333 0.430525 -7.840846 1.129571 -2.196333 1.129571 -4.760126
31.1759 49.36864 -11.38514 -8.081287 0.659687 -2.696215 0.659687 -8.596374 0.703694 -2.696215 0.703694 -5.000942
27.18425 37.00484 -5.084106 -8.486993 1.25238 -3.217665 1.25238 -7.922621 0.0714513 -3.217665 0.0714513 -5.211496
30.03475 39.87405 0.788245 -9.251088 1.17715 -3.782092 1.17715 -8.912783 -0.6582294 -3.782092 -0.6582294 -5.647452
29.65702 31.09088 -5.158857 -9.819343 1.64926 -3.92741 1.64926 -7.354464 0.1074963 -3.92741 0.1074963 -5.971085
30.67933 25.73594 -8.197425 -10.60339 1.846888 -4.437792 1.846888 -6.949018 -0.05566735 -4.437792 -0.05566735 -7.133382
33.00531 24.67209 -2.734827 -11.6251 1.936348 -5.156909 1.936348 -6.68801 0.08121144 -5.156909 0.08121144 -7.058461
35.97521 24.80232 -2.515833 -12.69007 2.222312 -5.611816 2.222312 -6.588261 0.5004722 -5.611816 0.5004722 -7.226736
45.7793 35.41819 -1.045298 -14.23417 1.794101 -6.269548 1.794101 -7.567736 0.6277583 -6.269548 0.6277583 -7.706517
53.65965 44.75594 -2.335455 -15.67796 1.544847 -6.925051 1.544847 -8.525036 0.8177678 -6.925051 0.8177678 -8.527388
57.66193 50.19845 -7.279912 -17.02977 1.610096 -7.781588 1.610096 -9.210409 1.010844 -7.781588 1.010844 -10.12328
59.56342 52.05388 -7.547883 -18.64075 1.782157 -9.174374 1.782157 -9.768646 0.8727681 -9.174374 0.8727681 -11.93106
62.56413 49.02871 4.700512 -21.2335 1.549061 -11.80108 1.549061 -10.32047 -0.4258238 -11.80108 -0.4258238 -14.13294
77.43433 58.06894 20.99652 -25.14564 0.7754016 -14.86398 0.7754016 -11.41839 -1.207586 -14.86398 -1.207586 -16.12389
92.40262 61.92949 33.59475 -27.2764 0.8125838 -14.97376 0.8125838 -11.96083 -1.151299 -14.97376 -1.151299 -14.43703
66.37331 46.56485 13.64029 -25.98528 3.467111 -14.29179 3.467111 -10.77623 0.6587303 -14.29179 0.6587303 -14.55524
62.8964 25.14758 9.632782 -29.41938 5.297875 -16.52532 5.297875 -8.957465 1.400515 -16.52532 1.400515 -16.70729
88.50543 31.91365 29.81439 -31.88623 4.228487 -16.84608 4.228487 -9.990498 0.1101793 -16.84608 0.1101793 -15.48512
80.70528 26.96011 28.10434 -32.54288 5.765814 -17.60233 5.765814 -10.22809 0.6910784 -17.60233 0.6910784 -16.44871
79.12872 20.79752 26.66211 -33.86335 7.026661 -17.7804 7.026661 -10.38279 1.092914 -17.7804 1.092914 -16.33018
80.05161 19.92008 18.21646 -37.2628 8.972417 -19.05904 8.972417 -10.7647 2.720498 -19.05904 2.720498 -17.25061
69.11448 20.61751 9.052216 -38.44929 10.92894 -19.91438 10.92894 -11.73295 3.950201 -19.91438 3.950201 -18.4652
65.42022 20.51836 5.596705 -41.22822 12.95164 -21.47732 12.95164 -12.88143 4.966651 -21.47732 4.966651 -19.89009
64.79202 20.83022 1.999921 -43.93216 14.89228 -22.66472 14.89228 -14.18887 5.840189 -22.66472 5.840189 -21.14798
64.72017 22.14207 -2.344943 -46.94154 16.9692 -23.9605 16.9692 -15.78612 6.745181 -23.9605 6.745181 -22.63633
81.07689 13.17777 14.07102 -53.76054 18.19964 -28.12409 18.19964 -15.75734 6.677774 -28.12409 6.677774 -25.10542
111.0531 1.919727 40.68074 -64.4939 18.84667 -35.34291 18.84667 -15.1331 6.15478 -35.34291 6.15478 -30.02256
123.2226 -7.279522 30.88334 -67.95827 21.4393 -32.89066 21.4393 -15.3992 7.424435 -32.89066 7.424435 -25.89461
147.0067 -14.02859 25.78312 -78.83915 24.52137 -36.72414 24.52137 -16.4409 8.726757 -36.72414 8.726757 -28.45241
174.6625 -16.949 33.30697 -87.36633 27.19673 -39.31381 27.19673 -17.97339 9.654516 -39.31381 9.654516 -29.47726
205.762 -25.00266 48.29611 -100.7293 30.4795 -44.97696 30.4795 -19.4633 10.47787 -44.97696 10.47787 -32.10906
