0.136709 0.108859 -0.05864793 -1.371231 0.132796 -0.09574154 0.132796 -1.39678 -0.08345165 -0.09574154 -0.08345165 -1.418874
0.2139575 0.1771571 -0.09784436 -1.324149 0.201644 -0.1436 0.201644 -1.345901 -0.1230799 -0.1436 -0.1230799 -1.39369
0.2751487 0.2297492 -0.1351969 -1.305745 0.2440374 -0.1769587 0.2440374 -1.326681 -0.1493846 -0.1769587 -0.1493846 -1.383697
0.3336179 0.2804702 -0.1725065 -1.301338 0.2749045 -0.2022951 0.2749045 -1.322178 -0.1691995 -0.2022951 -0.1691995 -1.383969
0.3992892 0.3366798 -0.2169472 -1.305599 0.2987707 -0.2230501 0.2987707 -1.327149 -0.1847594 -0.2230501 -0.1847594 -1.39033
0.4827652 0.4077074 -0.2764067 -1.316537 0.3178893 -0.2402841 0.3178893 -1.3388 -0.197231 -0.2402841 -0.197231 -1.401838
0.6013076 0.5170328 -0.3537599 -1.333787 0.3325487 -0.2544987 0.3325487 -1.354363 -0.2038539 -0.2544987 -0.2038539 -1.413741
0.7913594 0.6957988 -0.4707115 -1.358997 0.3416186 -0.2645488 0.3416186 -1.376924 -0.20621 -0.2645488 -0.20621 -1.429333
1.139567 1.013528 -0.6817056 -1.397146 0.3406864 -0.2670102 0.3406864 -1.409792 -0.2014955 -0.2670102 -0.2014955 -1.449928
1.807928 1.622385 -1.093335 -1.458284 0.3198219 -0.2563568 0.3198219 -1.459787 -0.1838659 -0.2563568 -0.1838659 -1.481297
2.668612 2.389033 -1.610499 -1.53475 0.2882748 -0.2375896 0.2882748 -1.521093 -0.1598665 -0.2375896 -0.1598665 -1.518305
3.648322 3.24032 -2.234084 -1.620728 0.2514427 -0.2122574 0.2514427 -1.587726 -0.1306365 -0.2122574 -0.1306365 -1.56263
5.222411 4.588752 -3.32739 -1.745462 0.1838916 -0.1587112 0.1838916 -1.681301 -0.07618514 -0.1587112 -0.07618514 -1.629963
6.270719 5.557151 -4.056263 -1.836702 0.142747 -0.130577 0.142747 -1.757844 -0.03957409 -0.130577 -0.03957409 -1.681605
7.171755 6.426265 -4.673898 -1.920015 0.1092567 -0.1104852 0.1092567 -1.83168 -0.008616147 -0.1104852 -0.008616147 -1.729649
8.305539 7.527601 -5.45489 -2.01928 0.06285449 -0.0812833 0.06285449 -1.92102 0.03173503 -0.0812833 0.03173503 -1.786142
9.867534 9.00168 -6.59481 -2.146258 -0.004713408 -0.03128058 -0.004713408 -2.031687 0.09037492 -0.03128058 0.09037492 -1.862127
11.48074 10.48965 -7.79264 -2.279029 -0.07239511 0.02181377 -0.07239511 -2.144115 0.1500754 0.02181377 0.1500754 -1.944781
13.06825 11.92461 -8.986227 -2.413062 -0.1359803 0.07422495 -0.1359803 -2.255083 0.2073384 0.07422495 0.2073384 -2.031324
14.35808 13.08347 -10.05074 -2.529285 -0.1794987 0.1164037 -0.1794987 -2.351944 0.2540934 0.1164037 0.2540934 -2.118506
15.03027 13.62607 -10.73662 -2.60926 -0.1848655 0.1331586 -0.1848655 -2.412689 0.2767022 0.1331586 0.2767022 -2.19481
15.55931 14.04802 -11.26222 -2.683321 -0.1842963 0.1382853 -0.1842963 -2.464711 0.2950913 0.1382853 0.2950913 -2.261829
16.01623 14.43918 -11.67153 -2.755878 -0.1811701 0.1350762 -0.1811701 -2.518047 0.309165 0.1350762 0.309165 -2.323592
16.475 14.86161 -12.03341 -2.831666 -0.1781058 0.1279842 -0.1781058 -2.578521 0.3202792 0.1279842 0.3202792 -2.385484
16.88308 15.16834 -12.337 -2.908917 -0.1692847 0.1167405 -0.1692847 -2.632198 0.3263412 0.1167405 0.3263412 -2.448344
17.25504 15.48325 -12.57547 -2.986709 -0.1583833 0.1006819 -0.1583833 -2.691798 0.3291925 0.1006819 0.3291925 -2.508923
17.6203 15.7231 -12.74994 -3.068675 -0.14538 0.08053645 -0.14538 -2.748212 0.3251997 0.08053645 0.3251997 -2.571951
17.87197 15.87271 -12.85623 -3.14658 -0.1244003 0.0540929 -0.1244003 -2.801826 0.3188616 0.0540929 0.3188616 -2.632342
17.94788 16.00079 -12.7984 -3.214732 -0.09784088 0.01363808 -0.09784088 -2.863234 0.3056847 0.01363808 0.3056847 -2.687784
18.11908 16.17699 -12.80319 -3.29298 -0.07283622 -0.02416721 -0.07283622 -2.932093 0.2902132 -0.02416721 0.2902132 -2.754084
18.55324 16.558 -13.16133 -3.388544 -0.05283413 -0.04095878 -0.05283413 -3.010721 0.2947838 -0.04095878 0.2947838 -2.830848
19.20165 17.16443 -13.86326 -3.497006 -0.04049187 -0.04275836 -0.04049187 -3.099384 0.3188092 -0.04275836 0.3188092 -2.926895
19.57907 17.77871 -14.24646 -3.590605 -0.02430122 -0.06993677 -0.02430122 -3.195593 0.3411734 -0.06993677 0.3411734 -2.997983
19.89986 18.57524 -14.29675 -3.685852 -0.01465194 -0.1178909 -0.01465194 -3.316617 0.3574268 -0.1178909 0.3574268 -3.041122
20.55806 19.91933 -14.49694 -3.802832 -0.03016782 -0.1622162 -0.03016782 -3.475141 0.3932469 -0.1622162 0.3932469 -3.084565
20.90669 20.69894 -14.53338 -3.910674 -0.01771666 -0.2171923 -0.01771666 -3.593133 0.4131475 -0.2171923 0.4131475 -3.12985
21.17693 21.45341 -14.45053 -4.020427 0.000109755 -0.2824297 0.000109755 -3.724797 0.4207935 -0.2824297 0.4207935 -3.179089
21.33097 21.85216 -14.21037 -4.134955 0.03221926 -0.3576922 0.03221926 -3.832434 0.411836 -0.3576922 0.411836 -3.231202
21.54856 22.30271 -13.8354 -4.262858 0.06084253 -0.4433022 0.06084253 -3.959443 0.3850844 -0.4433022 0.3850844 -3.291609
21.74633 22.51705 -13.62378 -4.398382 0.09958441 -0.5282804 0.09958441 -4.042248 0.3783139 -0.5282804 0.3783139 -3.356962
21.95902 22.59369 -13.49458 -4.54612 0.1411869 -0.621364 0.1411869 -4.111457 0.367981 -0.621364 0.367981 -3.446876
22.21591 22.64203 -13.24436 -4.710748 0.1829348 -0.7268418 0.1829348 -4.171377 0.361312 -0.7268418 0.361312 -3.530867
22.52862 22.69113 -13.00053 -4.892096 0.2292843 -0.8378639 0.2292843 -4.226306 0.3644747 -0.8378639 0.3644747 -3.614864
23.0453 22.97395 -12.73485 -5.099698 0.264058 -0.958568 0.264058 -4.30056 0.3703255 -0.958568 0.3703255 -3.705789
23.71083 23.44747 -12.50878 -5.32966 0.2919012 -1.088274 0.2919012 -4.392396 0.3800525 -1.088274 0.3800525 -3.810607
24.4332 24.01664 -12.39753 -5.578598 0.3199479 -1.230685 0.3199479 -4.494907 0.3934736 -1.230685 0.3934736 -3.944919
25.16508 24.60075 -12.29649 -5.850726 0.3504106 -1.396179 0.3504106 -4.604777 0.4034589 -1.396179 0.4034589 -4.111297
25.92832 25.09928 -11.94962 -6.164661 0.3748728 -1.608523 0.3748728 -4.721423 0.3865347 -1.608523 0.3865347 -4.31582
26.95844 25.75867 -11.29069 -6.54428 0.3828834 -1.873633 0.3828834 -4.855363 0.3546523 -1.873633 0.3546523 -4.551982
28.24166 26.4679 -10.41059 -6.950792 0.3913089 -2.130498 0.3913089 -4.994686 0.3251239 -2.130498 0.3251239 -4.745806
28.97496 26.85438 -9.948069 -7.31684 0.450459 -2.364369 0.450459 -5.105869 0.3315394 -2.364369 0.3315394 -4.934449
29.61499 26.82218 -9.578619 -7.733869 0.5419196 -2.631557 0.5419196 -5.178541 0.3517087 -2.631557 0.3517087 -5.156578
30.70555 26.91647 -8.849119 -8.181135 0.6101894 -2.894788 0.6101894 -5.267651 0.347236 -2.894788 0.347236 -5.347847
31.61464 26.91726 -8.177238 -8.624076 0.703928 -3.162198 0.703928 -5.357841 0.3534877 -3.162198 0.3534877 -5.549681
32.4631 26.80798 -7.555107 -9.074778 0.816834 -3.423238 0.816834 -5.447572 0.3666917 -3.423238 0.3666917 -5.74219
33.29799 26.68714 -7.102974 -9.569304 0.9599144 -3.69755 0.9599144 -5.540855 0.4079865 -3.69755 0.4079865 -5.944092
33.91552 26.58249 -6.824436 -10.06724 1.131794 -3.97715 1.131794 -5.647616 0.4690592 -3.97715 0.4690592 -6.159973
34.44949 26.47971 -6.613909 -10.59539 1.332131 -4.273764 1.332131 -5.770223 0.5452896 -4.273764 0.5452896 -6.392687
34.9552 26.38555 -6.470345 -11.151 1.558133 -4.58028 1.558133 -5.910533 0.6335379 -4.58028 0.6335379 -6.638609
35.44315 26.31599 -6.402715 -11.73773 1.810773 -4.897988 1.810773 -6.072428 0.7337288 -4.897988 0.7337288 -6.900867
36.17918 26.10408 -6.072494 -12.41552 2.07511 -5.272602 2.07511 -6.228636 0.8296005 -5.272602 0.8296005 -7.194488
37.36766 25.7202 -5.330379 -13.24216 2.341325 -5.749909 2.341325 -6.369977 0.9141271 -5.749909 0.9141271 -7.556839
38.70914 25.20458 -4.764539 -14.0971 2.639731 -6.173983 2.639731 -6.511059 1.015851 -6.173983 1.015851 -7.843366
40.37526 24.60099 -4.294575 -15.09313 2.976372 -6.643986 2.976372 -6.663825 1.13448 -6.643986 1.13448 -8.160428
42.40991 23.97145 -3.724855 -16.18818 3.343347 -7.138983 3.343347 -6.835182 1.263571 -7.138983 1.263571 -8.483411
44.848 23.24049 -2.948423 -17.44999 3.748364 -7.703729 3.748364 -7.023662 1.401098 -7.703729 1.401098 -8.836032
