0.1854561 0.1459884 -0.0737168 -1.310118 0.1834811 -0.12557 0.1834811 -1.348275 -0.1099724 -0.12557 -0.1099724 -1.385521
0.2659389 0.2245327 -0.1193627 -1.247798 0.2723522 -0.1859141 0.2723522 -1.272606 -0.1655701 -0.1859141 -0.1655701 -1.354214
0.3170583 0.2682648 -0.155193 -1.230417 0.3114667 -0.2222999 0.3114667 -1.256093 -0.1928684 -0.2222999 -0.1928684 -1.339949
0.3582134 0.3040835 -0.1838893 -1.229318 0.3372889 -0.2465586 0.3372889 -1.254946 -0.2117928 -0.2465586 -0.2117928 -1.338929
0.3974094 0.3374651 -0.211291 -1.235411 0.3562126 -0.2660316 0.3562126 -1.262959 -0.2258124 -0.2660316 -0.2258124 -1.343198
0.4379169 0.3716332 -0.2399079 -1.246065 0.3714488 -0.2823051 0.3714488 -1.275916 -0.2370304 -0.2823051 -0.2370304 -1.351556
0.4809418 0.4094291 -0.268944 -1.25975 0.3846979 -0.296589 0.3846979 -1.290608 -0.2452667 -0.296589 -0.2452667 -1.361047
0.5273257 0.4524102 -0.2970193 -1.275641 0.3970507 -0.3089946 0.3970507 -1.305842 -0.2508066 -0.3089946 -0.2508066 -1.371225
0.5771514 0.498307 -0.3267744 -1.293063 0.4086535 -0.3200407 0.4086535 -1.322406 -0.2547507 -0.3200407 -0.2547507 -1.382156
0.6283991 0.5452676 -0.3575167 -1.311728 0.4199887 -0.3298492 0.4199887 -1.33835 -0.2580774 -0.3298492 -0.2580774 -1.395707
0.6801873 0.5921749 -0.3890611 -1.331475 0.4309969 -0.3391284 0.4309969 -1.355196 -0.2611043 -0.3391284 -0.2611043 -1.411063
0.7323121 0.6387968 -0.4206877 -1.352191 0.4417981 -0.3481206 0.4417981 -1.373274 -0.2640722 -0.3481206 -0.2640722 -1.427659
0.783366 0.6841222 -0.4536544 -1.373755 0.4522829 -0.3576092 0.4522829 -1.392099 -0.2670135 -0.3576092 -0.2670135 -1.444257
0.8337472 0.7290735 -0.4872718 -1.396099 0.4625816 -0.3675037 0.4625816 -1.411627 -0.269588 -0.3675037 -0.269588 -1.460696
0.8835462 0.7749387 -0.520387 -1.419213 0.4730841 -0.3773093 0.4730841 -1.431464 -0.2722381 -0.3773093 -0.2722381 -1.478212
0.9330338 0.8210466 -0.5531036 -1.442925 0.483862 -0.3871125 0.483862 -1.451822 -0.2750375 -0.3871125 -0.2750375 -1.496396
0.9820113 0.8668344 -0.586033 -1.467231 0.4948054 -0.397099 0.4948054 -1.472922 -0.2779908 -0.397099 -0.2779908 -1.514511
1.030784 0.9126065 -0.6192633 -1.492051 0.5059514 -0.4072264 0.5059514 -1.494771 -0.2812969 -0.4072264 -0.2812969 -1.533641
1.079427 0.9585241 -0.652705 -1.517355 0.5173152 -0.4174856 0.5173152 -1.517329 -0.2849801 -0.4174856 -0.2849801 -1.553947
1.127788 1.004553 -0.6863411 -1.543171 0.528887 -0.4278722 0.528887 -1.540554 -0.2889794 -0.4278722 -0.2889794 -1.57501
1.175972 1.049442 -0.7216709 -1.569468 0.5406214 -0.4383948 0.5406214 -1.564175 -0.2929315 -0.4383948 -0.2929315 -1.596593
1.224242 1.093139 -0.7580307 -1.596098 0.5522464 -0.4493103 0.5522464 -1.587153 -0.2962443 -0.4493103 -0.2962443 -1.618475
1.272366 1.137797 -0.7931942 -1.622972 0.5636649 -0.4607062 0.5636649 -1.609196 -0.2989279 -0.4607062 -0.2989279 -1.64079
1.320469 1.183172 -0.827253 -1.650211 0.5753478 -0.4722885 0.5753478 -1.631709 -0.3019523 -0.4722885 -0.3019523 -1.664081
1.368929 1.227886 -0.8612783 -1.677818 0.5872705 -0.4840668 0.5872705 -1.654794 -0.3052581 -0.4840668 -0.3052581 -1.688156
1.417447 1.272689 -0.8947809 -1.705761 0.5993634 -0.4959788 0.5993634 -1.678345 -0.3088098 -0.4959788 -0.3088098 -1.71273
1.466395 1.317869 -0.9266446 -1.73398 0.6115488 -0.5080604 0.6115488 -1.702163 -0.3124843 -0.5080604 -0.3124843 -1.737767
1.515706 1.362146 -0.9585075 -1.762529 0.6239207 -0.5202786 0.6239207 -1.726408 -0.3162959 -0.5202786 -0.3162959 -1.763152
1.564055 1.407631 -0.9892832 -1.791468 0.6365032 -0.5326736 0.6365032 -1.751136 -0.3203095 -0.5326736 -0.3203095 -1.78897
1.612011 1.453779 -1.019636 -1.820709 0.6491922 -0.5452815 0.6491922 -1.776221 -0.3245639 -0.5452815 -0.3245639 -1.81533
1.659898 1.499168 -1.050918 -1.85027 0.6620824 -0.5580125 0.6620824 -1.801514 -0.3285794 -0.5580125 -0.3285794 -1.840728
1.707334 1.544738 -1.082371 -1.880145 0.6750739 -0.5708418 0.6750739 -1.826463 -0.3319685 -0.5708418 -0.3319685 -1.864667
1.754396 1.590967 -1.113273 -1.910321 0.6882007 -0.5838351 0.6882007 -1.851488 -0.3348925 -0.5838351 -0.3348925 -1.887669
1.801253 1.639267 -1.140919 -1.940798 0.7013317 -0.5971952 0.7013317 -1.876318 -0.3375226 -0.5971952 -0.3375226 -1.910666
1.848385 1.689684 -1.163893 -1.971582 0.7144488 -0.6109427 0.7144488 -1.90022 -0.3390568 -0.6109427 -0.3390568 -1.932564
1.89532 1.739339 -1.187511 -2.00264 0.7277544 -0.6248381 0.7277544 -1.924535 -0.3406561 -0.6248381 -0.3406561 -1.95463
1.941832 1.788946 -1.210381 -2.033958 0.7412212 -0.6389417 0.7412212 -1.949819 -0.3428274 -0.6389417 -0.3428274 -1.977309
1.988354 1.838062 -1.232576 -2.065578 0.7548808 -0.6532247 0.7548808 -1.975775 -0.345412 -0.6532247 -0.345412 -2.000487
2.03507 1.888138 -1.251925 -2.097512 0.7687179 -0.6676998 0.7687179 -2.002138 -0.3480939 -0.6676998 -0.3480939 -2.023676
2.082203 1.936723 -1.272172 -2.129708 0.7826014 -0.682382 0.7826014 -2.028312 -0.3506563 -0.682382 -0.3506563 -2.046871
2.129874 1.983072 -1.293875 -2.162052 0.7962204 -0.6974147 0.7962204 -2.053566 -0.3528508 -0.6974147 -0.3528508 -2.070151
2.178096 2.028745 -1.315208 -2.194596 0.8097853 -0.7126743 0.8097853 -2.078685 -0.3550399 -0.7126743 -0.3550399 -2.093808
2.226875 2.074115 -1.336359 -2.227384 0.8233963 -0.7281066 0.8233963 -2.103392 -0.3569969 -0.7281066 -0.3569969 -2.117724
2.275658 2.120308 -1.357566 -2.260416 0.8370827 -0.7436815 0.8370827 -2.127812 -0.3587919 -0.7436815 -0.3587919 -2.141911
2.324269 2.167116 -1.379164 -2.293678 0.8508672 -0.7593768 0.8508672 -2.152152 -0.3605708 -0.7593768 -0.3605708 -2.166437
2.372849 2.213057 -1.401799 -2.327156 0.8648125 -0.7751649 0.8648125 -2.177027 -0.3628176 -0.7751649 -0.3628176 -2.191586
2.421475 2.25855 -1.424874 -2.360863 0.878928 -0.7910153 0.878928 -2.202401 -0.3654956 -0.7910153 -0.3654956 -2.21739
2.470055 2.304145 -1.44784 -2.394791 0.8932014 -0.8069457 0.8932014 -2.228646 -0.3686509 -0.8069457 -0.3686509 -2.243846
2.518551 2.350287 -1.470364 -2.428917 0.9075541 -0.8230009 0.9075541 -2.255327 -0.3720273 -0.8230009 -0.3720273 -2.270817
2.567108 2.397245 -1.491698 -2.463232 0.921985 -0.8391641 0.921985 -2.281762 -0.3749722 -0.8391641 -0.3749722 -2.297519
2.615342 2.444427 -1.512539 -2.497597 0.9363265 -0.8553886 0.9363265 -2.30732 -0.3772833 -0.8553886 -0.3772833 -2.323528
2.664584 2.487454 -1.535366 -2.53209 0.950584 -0.8716487 0.950584 -2.332791 -0.3801724 -0.8716487 -0.3801724 -2.350261
2.714891 2.530905 -1.555546 -2.566785 0.9651477 -0.8877877 0.9651477 -2.35902 -0.3832567 -0.8877877 -0.3832567 -2.376723
2.765545 2.574807 -1.57415 -2.601631 0.9799582 -0.9038088 0.9799582 -2.385066 -0.3859675 -0.9038088 -0.3859675 -2.402597
2.816271 2.617759 -1.592597 -2.636631 0.9949104 -0.9198455 0.9949104 -2.411377 -0.3889461 -0.9198455 -0.3889461 -2.428747
2.86691 2.660351 -1.612527 -2.671763 1.009869 -0.9359795 1.009869 -2.437364 -0.3916624 -0.9359795 -0.3916624 -2.454936
2.917006 2.702657 -1.634152 -2.706985 1.024801 -0.9522381 1.024801 -2.462779 -0.3940589 -0.9522381 -0.3940589 -2.481289
2.966572 2.745063 -1.65632 -2.742288 1.039746 -0.9685942 1.039746 -2.487705 -0.3961192 -0.9685942 -0.3961192 -2.507668
3.015952 2.787393 -1.67882 -2.777701 1.054749 -0.9850213 1.054749 -2.512158 -0.397806 -0.9850213 -0.397806 -2.533984
3.065256 2.829468 -1.70171 -2.813229 1.069835 -1.001497 1.069835 -2.536151 -0.3991159 -1.001497 -0.3991159 -2.560209
3.114782 2.871262 -1.724002 -2.84889 1.084993 -1.018042 1.084993 -2.559912 -0.400224 -1.018042 -0.400224 -2.586381
3.165624 2.910945 -1.744373 -2.8847 1.100208 -1.034596 1.100208 -2.584294 -0.401976 -1.034596 -0.401976 -2.612917
3.217522 2.94752 -1.766659 -2.920592 1.11548 -1.051044 1.11548 -2.608985 -0.4041576 -1.051044 -0.4041576 -2.639812
3.270201 2.980387 -1.792732 -2.95654 1.130862 -1.0673 1.130862 -2.633711 -0.4063887 -1.0673 -0.4063887 -2.666595
3.323176 3.013259 -1.819571 -2.99257 1.146281 -1.083565 1.146281 -2.658351 -0.4085387 -1.083565 -0.4085387 -2.693408
3.376476 3.044915 -1.845866 -3.028669 1.161721 -1.099843 1.161721 -2.683137 -0.4108974 -1.099843 -0.4108974 -2.720367
