2.891424 2.695578 -2.231533
2.891424 2.695578 -2.231533
2.891424 2.695578 -2.231533
2.891424 2.695578 -2.231533
2.891424 2.695578 -2.231533
2.891424 2.695578 -2.231533
2.891424 2.695578 -2.231533
2.891424 2.695578 -2.231533
2.891424 2.695578 -2.231533
2.891424 2.695578 -2.231533
2.891424 2.695578 -2.231533
2.891424 2.695578 -2.231533
2.893721 2.541816 -2.307957
2.893721 2.541816 -2.307957
2.893721 2.541816 -2.307957
2.893721 2.541816 -2.307957
2.893721 2.541816 -2.307957
2.719176 2.477834 -2.155705
2.719176 2.477834 -2.155705
2.537899 2.651411 -1.452434
2.537899 2.651411 -1.452434
2.379272 2.296328 -1.574489
2.379272 2.296328 -1.574489
2.379272 2.296328 -1.574489
2.766128 2.527966 -1.674042
2.604341 2.316674 -1.631557
2.604341 2.316674 -1.631557
3.004912 3.319141 -2.175773
2.800431 2.212126 -2.136329
2.602367 2.174976 -2.200067
2.4511 2.331939 -1.497464
2.4511 2.331939 -1.497464
2.4511 2.331939 -1.497464
2.7143 2.222414 -2.104279
2.871021 2.671932 -1.991057
2.962846 2.577255 -2.460614
2.962846 2.577255 -2.460614
2.962846 2.577255 -2.460614
2.962846 2.577255 -2.460614
2.962846 2.577255 -2.460614
2.962846 2.577255 -2.460614
3.0115 2.906897 -2.312974
3.0115 2.906897 -2.312974
3.0115 2.906897 -2.312974
3.0115 2.906897 -2.312974
3.0115 2.906897 -2.312974
3.0115 2.906897 -2.312974
3.0115 2.906897 -2.312974
3.0115 2.906897 -2.312974
3.0115 2.906897 -2.312974
3.0115 2.906897 -2.312974
3.0115 2.906897 -2.312974
3.0115 2.906897 -2.312974
3.0115 2.906897 -2.312974
3.0115 2.906897 -2.312974
3.0115 2.906897 -2.312974
3.0115 2.906897 -2.312974
3.0115 2.906897 -2.312974
3.0115 2.906897 -2.312974
3.0115 2.906897 -2.312974
3.178637 3.38161 -2.33155
2.791311 2.303239 -2.32894
2.791311 2.303239 -2.32894
2.791311 2.303239 -2.32894
2.782698 3.647662 -1.719592
3.040941 2.543017 -2.49701
2.827847 3.349075 -1.951801
3.128277 2.959889 -2.356008
3.128277 2.959889 -2.356008
3.128277 2.959889 -2.356008
3.128277 2.959889 -2.356008
3.128277 2.959889 -2.356008
2.774268 2.357412 -2.218036
2.774268 2.357412 -2.218036
2.846788 2.443225 -2.066139
2.981174 2.886439 -2.502573
2.981174 2.886439 -2.502573
2.825445 2.449765 -1.987929
2.825445 2.449765 -1.987929
2.825445 2.449765 -1.987929
2.825445 2.449765 -1.987929
2.818445 2.347646 -2.452699
2.77258 2.628666 -2.167098
2.77258 2.628666 -2.167098
2.77258 2.628666 -2.167098
2.840327 2.945492 -2.17453
2.840327 2.945492 -2.17453
2.996217 2.850071 -2.191975
2.774375 2.631709 -2.001889
3.100171 3.085476 -2.518872
3.133317 2.775711 -2.842449
3.133317 2.775711 -2.842449
3.133317 2.775711 -2.842449
3.133317 2.775711 -2.842449
3.133317 2.775711 -2.842449
3.133317 2.775711 -2.842449
3.133317 2.775711 -2.842449
3.133317 2.775711 -2.842449
3.235203 3.103392 -2.615119
3.235203 3.103392 -2.615119
3.235203 3.103392 -2.615119
3.235203 3.103392 -2.615119
3.235203 3.103392 -2.615119
3.235203 3.103392 -2.615119
3.235203 3.103392 -2.615119
2.898387 2.454898 -2.440252
2.809847 2.972246 -2.078147
2.809847 2.972246 -2.078147
2.809847 2.972246 -2.078147
2.809847 2.972246 -2.078147
2.809847 2.972246 -2.078147
2.735986 2.514319 -2.183564
2.688059 2.819567 -1.756213
2.688059 2.819567 -1.756213
2.688059 2.819567 -1.756213
2.688059 2.819567 -1.756213
3.009688 2.670385 -2.463247
3.009688 2.670385 -2.463247
2.966652 2.376753 -2.618332
2.876255 2.541266 -2.244374
2.876255 2.541266 -2.244374
2.876255 2.541266 -2.244374
2.876255 2.541266 -2.244374
2.876255 2.541266 -2.244374
2.876255 2.541266 -2.244374
2.876255 2.541266 -2.244374
2.876255 2.541266 -2.244374
2.876255 2.541266 -2.244374
2.876255 2.541266 -2.244374
3.04018 2.974929 -2.316318
3.04018 2.974929 -2.316318
3.04018 2.974929 -2.316318
3.04018 2.974929 -2.316318
3.04018 2.974929 -2.316318
3.04018 2.974929 -2.316318
3.04018 2.974929 -2.316318
3.04018 2.974929 -2.316318
3.04018 2.974929 -2.316318
3.04018 2.974929 -2.316318
3.04018 2.974929 -2.316318
3.04018 2.974929 -2.316318
3.04018 2.974929 -2.316318
3.04018 2.974929 -2.316318
3.04018 2.974929 -2.316318
3.04018 2.974929 -2.316318
3.04018 2.974929 -2.316318
3.04018 2.974929 -2.316318
3.04018 2.974929 -2.316318
3.04018 2.974929 -2.316318
3.29559 3.069844 -2.848472
2.774292 2.937115 -2.126556
2.774292 2.937115 -2.126556
2.86519 2.563014 -2.247659
2.86519 2.563014 -2.247659
2.86519 2.563014 -2.247659
2.687978 2.701498 -1.806116
2.687978 2.701498 -1.806116
3.286297 3.13283 -2.924067
2.745767 2.636313 -1.96974
2.745767 2.636313 -1.96974
2.745767 2.636313 -1.96974
2.745767 2.636313 -1.96974
2.745767 2.636313 -1.96974
2.900272 2.663137 -2.26666
2.900272 2.663137 -2.26666
2.900272 2.663137 -2.26666
2.900272 2.663137 -2.26666
2.900272 2.663137 -2.26666
2.745839 2.649079 -2.160781
2.745839 2.649079 -2.160781
2.745839 2.649079 -2.160781
2.745839 2.649079 -2.160781
2.745839 2.649079 -2.160781
2.745839 2.649079 -2.160781
2.745839 2.649079 -2.160781
2.745839 2.649079 -2.160781
2.745839 2.649079 -2.160781
2.745839 2.649079 -2.160781
2.745839 2.649079 -2.160781
2.745839 2.649079 -2.160781
2.745839 2.649079 -2.160781
2.783751 2.779413 -1.939854
2.783751 2.779413 -1.939854
2.783751 2.779413 -1.939854
2.783751 2.779413 -1.939854
2.921752 2.933411 -2.105667
2.921752 2.933411 -2.105667
2.959231 2.626022 -2.524402
2.959231 2.626022 -2.524402
2.959231 2.626022 -2.524402
2.959231 2.626022 -2.524402
2.959231 2.626022 -2.524402
2.959231 2.626022 -2.524402
2.959231 2.626022 -2.524402
2.959231 2.626022 -2.524402
2.959231 2.626022 -2.524402
2.959231 2.626022 -2.524402
2.959231 2.626022 -2.524402
3.124449 2.519734 -2.886997
