0 2 : 00000100000000100000000000000010001001111100000110000100000001100
0 1 : 00000100000000100000000000000010001001111101000110000100010001100
0 1 : 00000100000000100000000000000010001101111000000110000100000001100
0 3 : 00000100000000101000000000000010001001111000000110000100000001100
0 1 : 00000100100000110000010100101010000001100000011111100100000101100
0 1 : 00000101100000110000010100101010000001100000011111100100000101100
0 1 : 00000110000000100000000000010010000001110000000110010100000001100
0 1 : 00010100000001100000000001000010000001100000100110000100000001100
0 1 : 00010100000001100000000011000011000001100000100110000100000001100
0 5 : 00100100000100100000000000000010000001110000000110000100000001100
0 1 : 01001000011010000111101000000000110010000000000000001011101010011
0 1 : 10000100000000100000000000010010000001110000000110000100000001100
0 1 : 10000100000000100000000000010110000001110010000110000100000001100
