-616580603
-256651139
-115548445
830573814
-1553091833
1919506062
-1824136403
-2128035898
-2146501353
1243143635
-902351872
1875701164
1557225998
500553936
1288366276
1452049993
1112121221
1951812090
-1349017216
729098272
1075639365
1033202677
-1007985705
1911060695
-1897756422
1942005136
-2040680479
34102713
1691534511
-1011710548
1282277628
-361082973
1403109257
275197015
2063633497
-896708695
1242948835
2042344228
1575109625
-1191092152
-543832792
1135952222
-185676310
272978085
-115452335
-1751662759
-800538639
1634509684
1407824814
483705864
-1896987686
-427621304
-1969667580
-818819537
-1416747071
1261760414
-28988354
1911755930
-213999052
-150713325
-2068882119
7551516
-1048580771
996210443
107755486
1503451901
2057405067
-1759238924
-1723448989
-491025142
-192227356
124377416
332370498
1519872817
8352135
1757962641
-582004440
-1388734806
1766140451
815012293
-514678455
702346314
-1463494532
-1223838170
-276392736
-1668777862
-1021292156
-1867938800
712415251
-1511167176
70704230
941976734
-800388832
1830947233
-628631477
-385116164
1562573730
77151384
77
