759997151
-1177127231
-839809534
1563841123
806212010
-1967360985
-1628694489
-484105067
-187066422
-1741398676
1628592412
-539169034
-125289778
1634505200
47489656
-135927745
-1230529749
-487632163
-1238965961
759207268
1845132989
137703147
-1604072149
421528916
1710343755
359216200
714385628
2068050380
1186699871
-1329207794
-498043400
-1094970506
-381367918
-641429806
1897847787
719594343
1999674077
673024269
508708930
-1609282162
-997329676
-2067154962
2076179907
1253824400
1925509108
-1559967531
-1627676401
1131703895
-1650334221
-1339507522
-479804355
-850118530
966135806
761520221
492239462
439671921
860336957
2110680808
-331897254
232640333
1414378778
540169739
329476229
-1242875440
752226078
-1086538287
1500404435
-1839819974
-1795114124
1416790124
-1019868476
1551918714
167610642
773919361
512498040
-558527703
-2078101462
155694593
-1017689686
-1050353083
-1951258225
1591901448
-910941901
-929584124
1455918539
-1367970434
-1791128241
1206902277
850195512
46975397
-185772350
-1626179572
1550999369
-1148387741
163811509
1040993795
-1456318112
641909000
1
