543026364
-719721361
1420644103
211222745
-484367648
1945472040
1192018949
-2014855870
100901750
1617610005
-100382386
-1857424214
718736039
-937351381
-901110444
-2022147747
-442994820
-786037703
-327519579
1447311930
-277614400
-526423447
993554714
991321986
-975283346
-393477372
-566790134
-287110186
1851631093
303044679
-919978261
-1178978866
1568156900
-1711568158
794821125
1534113836
-20750430
-1274112710
221617767
-1448203677
-135895891
1324223198
-943733610
730366842
-386535424
2137087437
282207853
-1015474112
1584521388
-1946598264
-2132115563
-986994956
1095719389
-1139141218
111233377
2008545424
-724416637
1621795449
1573557146
-1146421817
915509616
1648608886
-434224020
-1317935748
682815524
2070705824
648839096
-1366431134
-306082865
-1845275953
1752129631
-1620211912
-251292129
-663109162
340760332
926691670
1135569030
-1406784085
994449870
-1706098873
-111649897
136389418
-1505491394
-1541712181
-625504039
-400762128
1387137969
-582136853
-309320540
-1955904548
-716728420
1761826361
1463103105
1042982855
2028391058
-601436007
325339103
106241592
67
