495487327
-1468711853
-83114335
1973378665
-1174379065
1830252904
176151354
1091668208
-763273463
-782300121
1388020584
1221284543
-1618397684
-1627807271
-240797994
1190347341
-953401999
-1272592957
-1504669158
-583893721
-320099243
332345550
-811766486
-442908708
1501007553
29530971
1399915877
-127231439
-206406570
1293816354
309844786
218677041
800501412
501565802
-104700502
-1562682613
-651536318
396476647
-304329403
-1132887581
-718831819
-1525037013
1423956570
1913344260
-1924583021
660786045
-594173271
-541157510
-1345647154
-949707827
-1614154432
-1533966469
-1798914799
-1702110831
768037561
1261166463
906595025
-432705634
1956531675
-1421952828
-2106884105
-1142793132
1800401655
-1601722977
1678908186
-7710087
-115747622
-919948822
-357001991
-460223068
-547917413
-1869229869
-762113759
-406200444
-301009835
-1842096120
1599554652
1447771028
-260753549
1361711520
391910146
1227545488
1431772000
-2076032089
-385051955
-474161001
-107739510
-1491449106
1528647776
1385930591
2019870146
2072314625
-310469440
-432086564
699106425
-203558444
1628534029
1346928083
41
