341562109
-516952400
795258063
1552382519
-1890689553
1787537973
-531074158
2014801395
-1485009455
-1737976245
903058421
579158424
-154641973
-2021843319
1274958098
-2075800593
-947646041
-1828572526
1822078509
-843795072
-475196361
-723453389
443157869
1640050122
186675232
847393346
635600998
-1485864237
1885771083
-601732709
1258259751
-1090664061
-86090898
129736532
816850954
-1546117352
2057495361
1342844289
-1436721316
1700314321
544590654
-1591497116
-1146958470
920345580
919482071
766382581
-1795196251
-258596129
-1629492012
2049331838
1844068622
-1131495550
-535285200
-1736472990
1494362897
268047833
-143227375
-1071774552
-1028046633
-1145450799
-671592276
-494469862
521271137
-43535186
1557482563
1845827826
-1763555737
-1260838068
-1382745603
-1992061578
-1191864879
248948284
-1344028375
809703769
-1014210330
-556229301
796815304
655706147
-377636089
-1914538353
-432322641
-352484192
365183651
-1546973598
-928978487
-40017069
-64531059
1101522327
554474690
-629857515
-577344952
-1860542564
917824453
-1387670376
60660972
2125408207
805362174
2075562305
91
