1715115973
1322598623
-1961536638
-1376043976
-48695116
1662003299
-345576358
-69916901
-1281623411
-1982058037
-169011407
1722323214
-1845466933
42012007
2059084434
572185808
1681959582
-1256778528
-634686664
1657183028
-634603923
677441423
-1396219601
259947903
-873664926
825094601
-275244845
-372221501
-184809814
-1898085841
427386218
-1853669330
1902623655
1710479242
-856549187
1203424642
-1774233578
-45921599
-418141566
-1212201947
-1009990470
1966998291
-2051765671
-1319369565
1932661187
-1609988083
-530092419
-1710941447
111755433
-1520039109
469371765
1549632625
2034582338
-887859465
-1243739407
1601246405
1813828542
502457004
-159125648
947407334
-256072905
1523080968
-926614179
-395643570
1421552143
-2006947708
614612887
-356261350
-1435886848
372852857
-1599760450
2122950986
-297703638
-1880966475
918493902
-1212165516
1118052705
-1409593090
18992814
-1991995915
-750028606
2046485563
549722433
-2137117415
-1413700817
-1740519628
-1213478671
-328299877
1159527849
-1145913698
-640957809
997057212
-385642828
-229044480
1278265325
-1555049194
422597750
1170149970
1
