912058307
106744124
573550595
-1020037550
949461492
-1612240879
616472237
1125311159
1938431726
-249467940
517631190
577381297
-912060774
1235240447
-1543928178
-2063624125
-1510362863
278808475
2051427442
-92630524
-543519793
1136279465
46887130
-1929812620
-1204049803
-1282807579
174877779
-1209070853
-17477663
-1184465255
1685315947
-2125512230
1240571201
25321924
561772156
-387307069
-2136973724
95088778
1875120141
877862903
-763790129
511539863
-835779185
-1065055750
-1877297458
-822698237
-647677645
1316352594
-1186505674
-1977913102
260595842
-1006619155
-1716119366
1838612581
1075135847
1498629522
-564466982
2136468842
-703214498
21298936
1351172710
822191272
436778812
-175582527
-1903164215
-82211320
-1076252953
-371266253
-516611073
-770756701
1195126841
251221454
-1589372635
-134279747
901975016
-672609767
1189280824
1879931104
1877150131
-1752199884
-1042858145
-50971562
924344873
-1173950365
-1826737973
-1752774133
-1783869201
934146680
-1151320194
-100024930
613876397
410551869
-1246816874
824156656
2014373188
385521171
-854615009
-235583408
63
