1801732784
578899500
1084670151
2107402935
-451876747
-951024683
464661052
869885150
-1984019343
67216573
2087868606
-1363637447
-1840603916
-1130738474
-1447345297
770050685
72144507
1704412658
-1639884602
876220833
-949107667
-1797457957
781081910
1727640199
-406714870
-200787731
188344044
-627954683
2066943390
-159674978
1977684599
-527214923
-1186390521
691965313
341181621
-1190996976
2098814995
-785420276
-132744221
-1495773979
598799604
-1726455029
1683398780
999409167
1636806248
2063454870
1793914760
1156425068
1920221790
51231839
-1739369120
1794908449
1771816151
112298177
2088991505
808987039
1331990852
-180597932
-2100181727
1617026574
-505151451
-1193611531
1339941496
-1823894414
1208412624
-1261860333
-2104979982
-1065639913
-151061484
-1496905669
-48106583
-689838098
-171155254
-840016334
-1485761929
-1646606844
-873353234
1276306324
-628371874
1953993144
1770358221
317243809
1407841837
-916921124
-1558841392
1541688122
-788279580
-449402869
1578785804
-1234529052
579190890
-1658953232
-1745237521
-290794820
1146536302
1560896512
-1421342990
146168979
45
