826864122
-1520988912
-1020557498
708387388
288711985
-1312295303
-541941190
463475088
1668860270
203660562
1449832598
1007411724
-1269940258
691469944
-1882982881
-1034262968
-497652779
-930727727
-1010462057
-1036960381
-2073753335
-627548753
-790422045
-1107845762
650695699
82082619
-1787813749
703546586
2014739177
1742162044
1287109503
-1227281214
548773339
1162418029
835455746
-960677500
813764760
-1962426696
186712320
-1557425737
-635221197
-1106706527
886077843
437365877
-2104366408
1189883236
670786024
-130244680
438405546
1700525315
-1907922026
1644475868
1453799133
1283012475
-750993021
1784764030
81705301
-1117367336
594949344
-292593238
1738287356
1454967066
2000696924
2033456816
1324548641
524668288
-403850890
-643918402
2091426005
1287965231
-133371480
1283581371
-1560686355
1055980747
937644283
-239196860
854513016
-1809285209
782091783
-1934901731
-945185996
-1406363387
-947344460
-1950103830
61825884
1950707153
-597151949
-415098051
2120871734
-874048464
566915377
1508911261
1503993771
1642347390
522344623
-1543263923
-531384174
268600030
5
