1123636321
-70899674
1587205620
472537936
1497110824
752315728
198667746
-856083094
1938536392
-412432961
1994711243
-926008371
716466059
1970419988
-285844385
-961039962
-864099735
-1770673707
1744054169
647264631
-547184891
-564978742
-14778684
726716145
1765100329
384542708
629041685
1994155828
860911861
-358855567
-233468115
-2093683761
1874205425
-462169029
-1401552811
2012972206
-2118222245
1846403973
-1419865881
1385443381
-937372024
-579766434
1162890418
2068329382
-986406641
-1203016801
-1300340070
1143209618
738674510
-2075105695
787057665
-843868474
-1564968771
20821113
-178238994
1452403449
-1257810958
-721409720
2072466160
-1458472753
1030798487
1177918161
1305909954
-1301224282
-1609819384
-1011918775
-1671773464
-1031927197
-804312723
1323225480
2055299976
-2017276326
-1195040260
-1307788014
-792344133
-1380336607
37306900
1592595335
-649219049
-1055116238
-778949805
1361568996
1666719566
958378499
-558605715
1013294132
1506627844
-1481612715
271693798
1008958471
-1838245720
-885972346
492420152
-891031733
1934949023
-510018372
-1844966424
2097564640
1
